 1.0000   680960 0.0000       -1      1       -1       -1       -1  0 2.09700e+11 1.90700e+11 117.748000 5.943000 98.580000  1 0.5900 119.660000 42.52660 56.63199 18.72393 299.360 -372.490 -207.220 -2.479e+09 7.072e+10 -1.994e+10 0.03169 496600 496600 680960 6475 88 496599 496641 5.94348 190660000000 200190000000 190660000000 171590000000 85797000000 3.02971 0 0.02775 0.80851 0.5372 9.25994 14.2554 -2.9244 0.77957 0.10367 7.55604 14.0902 -7.40457 0.5048 368800000000 57200000000
 0.9900   672844 1.0000   680960      1       -1       -1       -1  0 2.09700e+11 1.90700e+11 118.244000 5.389000 96.900000  1 0.5900 123.570000 42.49707 56.66883 18.74251 295.070 -367.120 -211.400 -2.370e+09 7.011e+10 -1.978e+10 0.03187 496601 496601 680960 6374 87 496599 496641 5.38861 190660000000 200190000000 190660000000 171590000000 76264000000 5.34457 0 0.02759 0.74857 0.4891 4.93518 11.8106 5.11773 0.61096 0.18262 5.28287 9.31749 3.43158 0.4896 392000000000 57200000000
 0.9800   664412 0.9900   672844      1       -1       -1       -1  0 2.09700e+11 1.90700e+11 118.740000 4.902000 96.700000  1 0.5900 127.580000 42.46820 56.70658 18.76522 290.750 -361.770 -215.630 -2.454e+09 6.957e+10 -1.953e+10 0.03195 496602 496602 680960 6374 86 496599 496641 4.90246 190660000000 200190000000 190660000000 171590000000 76264000000 6.02868 0 0.02745 0.8714 0.52545 9.42541 11.3447 6.22623 0.67911 0.35527 12.5242 9.78483 4.85529 0.4838 396800000000 57200000000
 0.9700   656022 0.9800   664412      1       -1       -1       -1  0 2.09700e+11 1.90700e+11 119.235000 5.321000 100.460000  1 0.5900 125.080000 42.43655 56.73992 18.78769 285.360 -363.540 -217.310 5.406e+10 7.366e+10 2.677e+10 0.04267 496603 496603 680960 5485 85 496599 496641 5.32127 190660000000 200190000000 190660000000 162060000000 123930000000 5.70323 0 0.03626 0.8623 0.56776 14.3821 8.84367 -1.04199 0.77289 0.49206 15.2125 7.59142 1.02441 0.4949 362900000000 66730000000
 0.9600   647682 0.9700   656022      1       -1       -1       -1  0 2.09700e+11 1.90700e+11 119.729000 4.578000 105.040000  1 0.5900 131.360000 42.40435 56.77461 18.81462 281.240 -359.020 -221.270 5.354e+10 7.554e+10 2.557e+10 0.04318 496604 496604 680960 6542 84 496599 496641 4.57781 190660000000 200190000000 190660000000 171590000000 95330000000 6.85752 0 0.03669 0.62046 0.50016 11.638 4.77163 -4.23382 0.55469 0.47583 11.1972 2.58188 -5.07885 0.5167 347500000000 85800000000
 0.9500   639356 0.9600   647682      1       -1       -1       -1  0 2.09700e+11 1.90700e+11 120.223000 4.938000 102.690000  1 0.5900 128.980000 42.36791 56.81605 18.84211 277.390 -346.200 -224.200 -1.175e+10 8.440e+10 -2.833e+10 0.03942 496605 496605 680960 6097 83 496599 496641 4.93767 190660000000 228790000000 190660000000 171590000000 85797000000 4.34856 0 0.03441 0.42279 0.26644 17.7238 2.86584 -11.7658 0.33507 0.14089 18.0526 3.30349 -11.6688 0.5172 331500000000 85800000000
 0.9400   631041 0.9500   639356      1       -1       -1       -1  0 2.09700e+11 1.90700e+11 120.715000 7.452000 95.680000  1 0.5900 115.330000 42.33601 56.85493 18.86498 272.390 -341.900 -227.260 -1.116e+10 8.393e+10 -2.682e+10 0.03835 496606 496606 680960 6106 82 496599 496641 7.45189 190660000000 238320000000 190660000000 171590000000 85797000000 5.70977 0 0.03415 0.54149 0.27173 18.9282 2.14095 -8.99343 0.7491 0.35631 27.1238 14.7251 -0.97872 0.4918 302000000000 76260000000
 0.9300   622713 0.9400   631041      1       -1       -1       -1  0 2.09700e+11 1.90700e+11 121.207000 7.724000 88.470000  1 0.5900 114.740000 42.30386 56.89851 18.89322 268.070 -337.780 -229.990 -9.693e+09 8.399e+10 -2.462e+10 0.03793 496607 496607 680960 6659 81 496599 496641 7.72367 209730000000 219260000000 190660000000 181130000000 19066000000 3.51533 0 0.03397 0.78938 0.36727 21.6781 -2.70039 -9.26841 0.49302 0.22754 18.9544 -9.53842 -9.01133 0.4554 317900000000 57200000000
 0.9200   614367 0.9300   622713      1       -1       -1       -1  0 2.09700e+11 1.90700e+11 121.698000 7.952000 82.250000  1 0.5900 114.380000 42.27454 56.94021 18.92283 264.280 -333.940 -232.110 -8.443e+09 8.388e+10 -2.384e+10 0.03842 496608 496608 680960 6720 80 496599 496641 7.95162 219260000000 228790000000 200190000000 181130000000 19066000000 0.00108 0 0.03391 0.93409 0.38893 -8.49748 17.6875 13.5963 0.8459 0.21534 -7.92568 21.1465 12.2871 0.4118 306600000000 57200000000
 0.9100   605997 0.9200   614367      1       -1       -1       -1  0 2.09700e+11 1.90700e+11 122.187000 8.316000 76.360000  1 0.5900 113.560000 42.24382 56.97866 18.94876 260.060 -329.810 -233.910 -8.879e+09 8.338e+10 -2.309e+10 0.03878 496609 496609 680960 6721 79 496599 496641 8.31555 209730000000 228790000000 181130000000 171590000000 47665000000 4.87363 0 0.03378 0.77246 0.44298 8.68758 17.8395 16.9703 0.02143 0.01416 24.2009 32.4862 26.1188 0.3693 304300000000 57200000000
 0.9000   597620 0.9100   605997      1       -1       -1       -1  0 2.09700e+11 2.00200e+11 124.687000 10.894000 71.420000  1 0.5900 108.880000 42.21273 57.02158 18.98059 255.700 -325.480 -235.860 -2.490e+10 6.886e+10 -1.647e+10 0.03100 496610 496610 680960 6785 78 496599 496641 10.8942 200190000000 209730000000 181130000000 171590000000 28599000000 6.87502 2.04 0.02697 0.6147 0.45812 11.1304 14.8443 19.1861 0.48948 0.09563 7.51959 14.3878 19.1056 0.3287 282000000000 85800000000
 0.8900   589207 0.9000   597620      1       -1       -1       -1  0 2.09700e+11 2.00200e+11 125.182000 12.154000 70.730000  1 0.5900 106.650000 42.17455 57.07208 19.01608 251.600 -320.760 -235.610 -2.522e+10 6.691e+10 -1.532e+10 0.03001 496611 496611 680960 6794 77 496599 496641 12.1538 200190000000 200190000000 181130000000 162060000000 47665000000 7.88168 0 0.02637 0.70475 0.56256 4.88318 9.8465 13.2838 0.81499 0.2962 -1.07855 18.0958 -6.09609 0.3264 267600000000 95330000000
 0.8800   580820 0.8900   589207      1       -1       -1       -1  0 2.09700e+11 2.00200e+11 125.675000 11.363000 70.250000  1 0.5900 108.800000 42.14094 57.11310 19.05081 246.810 -317.080 -240.080 -2.777e+10 6.437e+10 -1.394e+10 0.02984 496612 496612 680960 6811 76 496599 496641 11.3628 200190000000 200190000000 181130000000 142990000000 76264000000 5.56238 2.72 0.02587 0.85442 0.22812 8.91194 13.6149 19.8958 0.99334 0.30662 1.93737 -13.71 15.0259 0.3154 260300000000 85800000000
 0.8700   572347 0.8800   580820      1       -1       -1       -1  0 2.09700e+11 2.00200e+11 126.167000 14.640000 68.510000  1 0.5900 103.380000 42.10495 57.15774 19.09241 242.710 -313.220 -239.940 -2.573e+10 6.414e+10 -1.316e+10 0.02935 496613 496613 680960 5241 75 496599 496641 14.6402 209730000000 209730000000 190660000000 142990000000 38132000000 11.4156 0.89 0.02556 0.79941 0.59246 5.50074 10.2427 20.6089 0.78095 0.29741 4.73512 11.584 17.1259 0.3039 236700000000 114400000000
 0.8600   563889 0.8700   572347      1       -1       -1       -1  0 2.09700e+11 1.90700e+11 124.614000 10.194000 70.240000  1 0.5900 110.460000 42.07487 57.20318 19.12009 238.790 -308.790 -241.780 -1.999e+10 6.323e+10 -1.569e+10 0.03201 496614 496614 680960 6482 74 496599 496641 10.1939 200190000000 209730000000 200190000000 142990000000 38132000000 4.04119 0 0.02696 0.83444 0.71171 3.59246 -1.52161 14.5776 0.78639 0.56683 -3.07261 1.68831 14.1238 0.3034 244100000000 76260000000
 0.8500   555453 0.8600   563889      1       -1       -1       -1  0 2.09700e+11 1.90700e+11 125.094000 12.747000 72.240000  1 0.5900 105.390000 42.04386 57.23580 19.15000 235.630 -304.080 -246.070 -4.831e+10 4.910e+10 -2.849e+10 0.03466 496615 496615 680960 6246 73 496599 496641 12.7474 200190000000 200190000000 190660000000 123930000000 57198000000 9.23049 0 0.02961 0.46955 0.188 -10.2545 11.3918 9.092 0.70178 0.30558 13.224 -7.73931 -10.3705 0.3171 249500000000 104900000000
 0.8400   546953 0.8500   555453      1       -1       -1       -1  0 2.09700e+11 1.90700e+11 125.573000 11.217000 75.620000  1 0.5900 109.030000 42.00062 57.29380 19.19915 231.050 -300.250 -247.000 -4.829e+10 4.845e+10 -2.692e+10 0.03513 496616 496616 680960 6316 72 496599 496641 11.2168 190660000000 200190000000 181130000000 162060000000 57198000000 10.7385 0 0.02931 0.4132 0.31955 16.0443 -5.52405 -9.51518 0.36112 0.18678 20.3197 -4.97124 -7.89718 0.3253 259400000000 85800000000
 0.8300   538434 0.8400   546953      1       -1       -1       -1  0 2.09700e+11 1.90700e+11 126.050000 9.882000 76.630000  1 0.5900 112.960000 41.96731 57.32955 19.23563 227.800 -294.620 -246.910 -4.899e+10 4.883e+10 -2.581e+10 0.03490 496617 496617 680960 6304 71 496599 496641 9.88212 190660000000 190660000000 181130000000 162060000000 47665000000 2.92206 2.53 0.02956 0.90463 0.2061 11.6061 17.0329 13.8615 0.81373 0.12747 22.5876 9.79603 1.22572 0.3366 260300000000 85800000000
 0.8200   529841 0.8300   538434      1       -1       -1       -1  0 2.09700e+11 1.81100e+11 124.379000 8.982000 79.250000  1 0.5900 113.830000 41.93421 57.37590 19.27473 220.010 -294.790 -247.680 -5.009e+10 6.793e+10 1.680e+09 0.04461 496618 496618 680960 5310 70 496599 496641 8.98205 181130000000 190660000000 181130000000 171590000000 66731000000 2.21873 0 0.03697 0.83466 0.3039 18.545 14.5343 10.6944 0.48252 0.21513 17.7118 17.9382 13.4754 0.3471 269200000000 76260000000
 0.8100   521193 0.8200   529841      1       -1       -1       -1  0 2.09700e+11 1.81100e+11 124.843000 6.820000 78.260000  1 0.5900 123.100000 41.89281 57.42395 19.31514 219.120 -285.710 -250.300 -2.777e+10 3.109e+10 7.364e+09 0.02279 496619 496619 680960 6562 69 496599 496641 6.82026 190660000000 200190000000 181130000000 181130000000 57198000000 3.39501 0 0.01862 0.57782 0.32911 14.3425 16.9823 15.6752 0.50155 0.33956 12.6273 18.0138 14.7464 0.3324 283400000000 47660000000
 0.8000   512510 0.8100   521193      1       -1       -1       -1  0 2.09700e+11 1.81100e+11 125.305000 6.488000 80.530000  1 0.5900 125.500000 41.86617 57.47485 19.36446 210.790 -284.560 -254.910 -2.146e+10 3.379e+10 -3.198e+10 0.02855 496620 496620 680960 5382 68 496599 496641 6.4884 190660000000 190660000000 190660000000 171590000000 114400000000 5.96915 0 0.02263 0.52244 0.33235 8.32736 14.5352 9.86983 0.21424 0.0183 5.32851 13.8475 2.31584 0.3311 290900000000 28600000000
 0.7900   503869 0.8000   512510      1       -1       -1       -1  0 2.09700e+11 1.81100e+11 125.765000 4.751000 83.680000  1 0.5900 138.210000 41.82541 57.52695 19.40456 203.860 -281.500 -256.480 -2.231e+10 3.539e+10 -3.158e+10 0.02996 496621 496621 680960 6386 67 496599 496641 4.751 190660000000 228790000000 190660000000 162060000000 114400000000 1.39651 0 0.02326 0.62719 0.53305 15.0824 11.1925 13.166 0.44572 0.26874 12.7116 13.3441 14.911 0.3382 348400000000 28600000000
 0.7800   495234 0.7900   503869      1       -1       -1       -1  0 2.09700e+11 1.81100e+11 126.222000 4.906000 85.600000  1 0.5900 137.650000 41.79190 57.57542 19.45823 195.670 -278.690 -257.580 -2.168e+10 3.583e+10 -3.029e+10 0.03019 496622 496622 680960 5359 66 496599 496641 4.90627 228790000000 285990000000 200190000000 162060000000 114400000000 7.10804 0 0.02304 0.70467 0.51591 17.6605 2.88689 -0.09014 0.78668 0.53682 12.8848 5.23933 3.96256 0.3403 331500000000 57200000000
 0.7700   486552 0.7800   495234      1       -1       -1       -1  0 2.09700e+11 1.81100e+11 126.676000 7.255000 82.730000  1 0.5900 123.720000 41.75438 57.63241 19.49210 184.710 -278.130 -255.810 -2.598e+10 3.121e+10 3.922e+09 0.02189 496623 496623 680960 6714 65 496599 496641 7.25543 219260000000 285990000000 209730000000 190660000000 114400000000 9.65738 0 0.01827 0.82869 0.4416 21.9321 -4.96319 7.48872 0.80319 0.41517 22.7747 -5.53384 4.42292 0.3648 272100000000 38130000000
 0.7600   477850 0.7700   486552      1       -1       -1       -1  0 2.09700e+11 1.90700e+11 129.320000 8.500000 75.990000  1 0.5900 121.890000 41.71616 57.67589 19.55839 174.260 -278.400 -255.390 -4.460e+10 4.575e+10 -1.948e+10 0.03477 496624 496624 680960 6770 64 496599 496641 8.50018 238320000000 238320000000 228790000000 142990000000 76264000000 14.6409 0 0.02759 0.35177 0.13408 19.911 -3.02485 -12.1143 0.12672 0.0217 20.071 -2.26212 -11.4715 0.2972 274300000000 66730000000
 0.7500   469130 0.7600   477850      1       -1       -1       -1  0 2.09700e+11 2.00200e+11 131.904000 11.017000 72.530000  1 0.5900 117.220000 41.68524 57.73643 19.59514 163.390 -275.420 -247.610 -4.812e+10 4.260e+10 -1.710e+10 0.03023 496625 496625 680960 6779 63 496599 496641 11.0172 219260000000 228790000000 190660000000 171590000000 47665000000 5.67333 0 0.02545 0.84864 0.6228 0.71536 -11.2925 23.3853 0.60497 0.05566 -2.06474 -16.1724 16.9289 0.2923 246900000000 95330000000
 0.7400   460330 0.7500   469130      1       -1       -1       -1  0 2.09700e+11 2.00200e+11 132.365000 11.943000 73.200000  1 0.5900 115.670000 41.65440 57.79997 19.64174 159.060 -269.610 -243.760 -8.597e+09 3.951e+10 -2.483e+10 0.02061 496626 496626 680960 6803 62 496599 496641 11.9426 200190000000 209730000000 200190000000 162060000000 0 4.29444 0 0.01825 0.23891 0.19255 4.05182 33.2454 -13.2172 0.64343 0.39198 6.6015 29.2386 -13.3813 0.3171 244600000000 85800000000
 0.7300   451508 0.7400   460330      1       -1       -1       -1  0 2.09700e+11 2.00200e+11 132.822000 14.409000 70.130000  1 0.5900 111.570000 41.62888 57.84205 19.71175 148.380 -266.860 -234.400 -9.997e+09 6.995e+10 -1.128e+10 0.03230 496627 496627 680960 5433 61 496599 496641 14.4086 209730000000 209730000000 190660000000 162060000000 0 15.4531 0 0.02766 0.45693 0.21548 17.9306 25.7663 6.64626 0.0529 0 17.5179 31.261 -5.14796 0.2806 235600000000 114400000000
 0.7200   442664 0.7300   451508      1       -1       -1       -1  0 2.09700e+11 2.00200e+11 133.276000 12.605000 64.890000  1 0.5900 115.600000 41.59599 57.90094 19.75586 142.200 -267.830 -229.610 -6.027e+09 6.874e+10 -1.542e+10 0.03281 496628 496628 680960 6531 60 496599 496641 12.6045 209730000000 209730000000 190660000000 152530000000 0 10.2537 4.57 0.02747 0.76756 0.63887 18.8424 24.8589 8.49142 0.66318 0.08085 12.9532 27.1761 -3.55388 0.2414 244500000000 95330000000
 0.7100   433762 0.7200   442664      1       -1       -1       -1  0 2.09700e+11 2.00200e+11 133.727000 14.227000 65.500000  1 0.5900 113.220000 41.55820 57.96029 19.80217 138.360 -259.690 -222.340 -1.040e+10 6.694e+10 -1.140e+10 0.03205 496629 496629 680960 6157 59 496599 496641 14.227 200190000000 200190000000 190660000000 142990000000 0 5.80931 0 0.02684 0.83213 0.7386 14.2597 22.2129 15.7545 0.70847 0.09279 27.687 6.56366 0.26165 0.2418 243100000000 114400000000
 0.7000   424793 0.7100   433762      1       -1       -1       -1  0 2.09700e+11 2.09700e+11 136.270000 13.104000 64.810000  1 0.5900 118.230000 41.52358 58.02795 19.84281 135.360 -255.380 -217.730 -1.587e+10 3.866e+10 -2.313e+10 0.02021 496630 496630 680960 7419 58 496599 496641 13.1037 209730000000 209730000000 190660000000 162060000000 0 6.27538 0 0.01736 0.89253 0.5952 7.81418 -10.4447 26.8884 0.21068 0.01391 -6.61117 29.936 -2.11933 0.2413 241700000000 85800000000
 0.6900   415795 0.7000   424793      1       -1       -1       -1  0 2.09700e+11 1.90700e+11 132.445000 12.271000 68.570000  1 0.5900 116.150000 41.49541 58.08333 19.92598 130.870 -251.310 -211.510 -1.388e+10 5.247e+10 -2.091e+10 0.02906 496631 496631 680960 7443 57 496599 496641 12.2712 190660000000 190660000000 190660000000 142990000000 0 20.575 0 0.02492 0.74107 0.26909 4.65968 16.8567 25.4161 0.86918 0.03062 14.4261 -4.48728 -17.7166 0.2704 211700000000 95330000000
 0.6800   406794 0.6900   415795      1       -1       -1       -1  0 2.09700e+11 2.09700e+11 137.166000 15.719000 69.960000  1 0.5900 115.090000 41.46046 58.14799 19.94564 126.230 -245.570 -207.800 1.190e+10 6.171e+10 -8.062e+09 0.02703 496632 496632 680960 7459 56 496599 496641 15.719 209730000000 209730000000 200190000000 171590000000 57198000000 6.25883 0 0.02329 0.34935 0.18475 -16.0414 -5.84709 21.7316 0.35124 0.06307 -12.7248 -7.36478 19.6274 0.2652 238100000000 123900000000
 0.6700   397792 0.6800   406794      1       -1       -1       -1  0 2.09700e+11 2.00200e+11 135.490000 9.064000 71.810000  1 0.5900 129.360000 41.42785 58.21019 20.02882 121.910 -243.300 -200.040 -1.677e+10 6.301e+10 -1.286e+10 0.03203 496633 496633 680960 7436 55 496599 496641 9.06443 200190000000 209730000000 181130000000 133460000000 85797000000 25.4702 0 0.02655 0.46816 0.33514 6.36871 10.0246 13.6355 0.48108 0.08405 4.34795 9.24226 10.9572 0.2677 205500000000 76260000000
 0.6600   388873 0.6700   397792      1       -1       -1       -1  0 2.09700e+11 2.09700e+11 138.045000 15.343000 70.590000  1 0.5900 117.200000 41.39742 58.27144 20.05023 118.960 -237.110 -198.200 1.185e+10 6.204e+10 -7.537e+09 0.02658 496634 496634 680960 7479 54 496599 496641 15.3427 209730000000 209730000000 190660000000 152530000000 19066000000 6.33297 0 0.02366 0.33255 0.05552 0.0761 9.29316 17.6053 0.02911 0 1.22619 6.52909 11.1592 0.2809 244000000000 95330000000
 0.6500   379848 0.6600   388873      1       -1       -1       -1  0 2.09700e+11 2.09700e+11 138.477000 17.652000 67.540000  1 0.5900 114.660000 41.36589 58.33446 20.10322 115.560 -232.890 -193.500 1.222e+10 6.285e+10 -7.182e+09 0.02695 496635 496635 680960 6420 53 496599 496641 17.6516 209730000000 209730000000 190660000000 162060000000 0 6.28145 0 0.02411 0.44695 0.23905 -15.838 18.8026 33.0527 0.145 0.05866 -6.62482 26.1531 25.1936 0.265 225900000000 123900000000
 0.6400   370782 0.6500   379848      1       -1       -1       -1  0 2.03367e+11 2.09700e+11 138.905000 16.009000 64.210000  1 0.5900 117.750000 41.33434 58.39836 20.15668 113.460 -226.320 -194.880 1.980e+10 7.149e+10 -8.373e+08 0.03148 496636 496636 680960 6408 52 496599 496641 16.0089 209730000000 209730000000 181130000000 152530000000 9533000000 6.58592 2.82 0.02793 0.59332 0.33531 -12.818 18.3612 31.155 0.57273 0.29208 -6.86916 21.2315 26.5163 0.2404 221600000000 104900000000
 0.6300   361679 0.6400   370782      1       -1       -1       -1  0 1.93833e+11 1.90700e+11 134.971000 13.117000 61.820000  1 0.5900 119.110000 41.30276 58.46314 20.21061 110.250 -224.940 -188.250 1.033e+10 6.962e+10 2.700e+10 0.03906 496637 496637 680960 7539 51 496599 496641 13.1169 190660000000 209730000000 171590000000 152530000000 19066000000 16.5008 0 0.03348 0.67896 0.37958 -18.676 11.7104 18.0614 0.64296 0.45195 -28.6249 17.2496 23.7228 0.2184 222300000000 76260000000
 0.6200   352583 0.6300   361679      1       -1       -1       -1  0 1.84300e+11 1.81100e+11 133.081000 10.761000 60.760000  1 0.5900 123.040000 41.27114 58.52880 20.26499 108.080 -221.040 -181.280 1.322e+10 9.118e+10 3.313e+10 0.05647 496638 496638 680960 7528 50 496599 496641 10.761 181130000000 181130000000 171590000000 142990000000 0 14.5457 0 0.04768 0.77926 0.39994 -21.0302 21.404 24.0663 0.88006 0.45901 -5.02932 20.2106 25.8754 0.2127 233500000000 47660000000
 0.6100   343451 0.6200   352583      1       -1       -1       -1  0 1.81100e+11 1.81100e+11 133.474000 11.430000 59.210000  1 0.5900 122.170000 41.23950 58.59535 20.31983 105.170 -216.470 -176.370 1.260e+10 8.907e+10 3.177e+10 0.05491 496639 496639 680960 7547 49 496599 496641 11.43 181130000000 181130000000 181130000000 142990000000 0 14.9004 0 0.04676 0.86124 0.24687 -5.26513 25.5662 26.6623 0.70004 0.02161 -22.3679 31.9851 13.3345 0.2059 221300000000 57200000000
 0.6000   334320 0.6100   343451      1       -1       -1       -1  0 1.81100e+11 1.81100e+11 133.862000 15.241000 59.590000  1 0.5900 115.410000 41.20828 58.67109 20.37408 100.190 -210.290 -175.500 3.010e+10 4.667e+10 2.439e+10 0.03521 496640 496640 680960 7625 48 496599 496641 15.2408 181130000000 181130000000 181130000000 133460000000 0 19.579 0 0.02993 0.80159 0.22599 10.3639 10.6901 29.7815 0.25228 0.00909 6.09503 11.8172 35.1972 0.2036 193800000000 104900000000
 0.5900   325158 0.6000   334320      0       -1       -1       -1  0 1.81100e+11 1.81100e+11 134.244000 14.366000 59.290000  1 0.5900 117.760000 41.17632 58.74003 20.42929 96.280 -205.100 -165.400 -2.043e+10 4.055e+10 3.611e+10 0.03447 496641 496641 680960 7655 47 496599 496641 14.3662 181130000000 181130000000 181130000000 104860000000 57198000000 17.0574 0 0.02883 0.23468 0.09747 14.2161 3.95293 18.7057 0.63187 0.24558 7.74031 6.8867 18.5408 0.194 184000000000 95330000000
