 1.0000   677637 0.0000       -1      1       -1       -1       -1  0 2.66933e+11 2.28800e+11 125.126000 6.276000 99.400000  1 0.4400 127.390000 19.06940 35.30487 43.73147 59.580 -111.920 -293.330 5.656e+10 -7.233e+10 1.320e+10 0.02589 448683 448683 677637 3152 88 448682 448739 6.27567 257390000000 285990000000 190660000000 152530000000 123930000000 13.1831 7.41 0.02584 0.6473 0.29605 -9.996 -1.93681 16.893 0.72097 0.25887 7.09188 4.04576 13.4174 0.5495 384800000000 47660000000
 0.9900   669487 1.0000   677637      1       -1       -1       -1  0 2.66933e+11 2.38300e+11 127.375000 7.582000 92.280000  1 0.4400 123.520000 19.06591 35.31391 43.75322 56.720 -109.320 -287.310 -1.967e+10 3.804e+10 1.345e+11 0.03779 448684 448684 677637 3117 87 448682 448739 7.58168 257390000000 295520000000 200190000000 142990000000 114400000000 16.9973 9.38 0.03683 0.61506 0.40466 -10.1478 0.42214 21.6081 0.61292 0.41905 7.61491 10.1857 12.9571 0.4937 358200000000 85800000000
 0.9800   661104 0.9900   669487      1       -1       -1       -1  0 2.66933e+11 2.47900e+11 129.592000 8.684000 93.410000  1 0.4400 121.640000 19.06020 35.32568 43.78572 49.620 -98.260 -282.980 1.264e+11 2.291e+10 -1.176e+11 0.04271 448685 448685 677637 3154 86 448682 448739 8.6836 247860000000 295520000000 200190000000 142990000000 104860000000 21.1675 0 0.04271 0.77438 0.5627 -10.1323 1.88473 19.4314 0.6831 0.44619 8.01243 7.2983 14.4252 0.5014 343900000000 104900000000
 0.9700   652766 0.9800   661104      1       -1       -1       -1  0 2.66933e+11 2.47900e+11 130.132000 9.577000 93.860000  1 0.4400 119.120000 19.06378 35.33459 43.81831 43.760 -91.310 -276.090 1.286e+11 2.596e+10 -1.138e+11 0.04252 448686 448686 677637 3633 85 448682 448739 9.57737 247860000000 285990000000 171590000000 142990000000 95330000000 20.2662 0 0.04271 0.57187 0.39191 -6.02655 -3.49935 18.2915 0.42505 0.08488 3.1763 5.06569 13.1953 0.5051 311800000000 95330000000
 0.9600   644447 0.9700   652766      1       -1       -1       -1  0 2.66933e+11 2.28800e+11 127.231000 8.770000 90.150000  1 0.4400 118.300000 19.05865 35.34801 43.85078 38.170 -87.520 -267.680 1.739e+11 -7.714e+10 5.385e+10 0.05940 448687 448687 677637 3676 84 448682 448739 8.76961 238320000000 305060000000 190660000000 142990000000 95330000000 17.7963 0 0.05575 0.61248 0.31847 -6.23986 -3.14359 20.1271 0.74927 0.41181 0.55212 0.50114 16.1812 0.4613 299700000000 95330000000
 0.9500   636138 0.9600   644447      1       -1       -1       -1  0 2.66933e+11 2.86000e+11 137.620000 17.418000 91.150000  1 0.4400 111.260000 19.04119 35.33451 43.86950 36.350 -87.560 -260.810 -3.510e+10 2.538e+10 1.189e+11 0.02080 448688 448688 677637 3646 83 448682 448739 17.4183 285990000000 285990000000 171590000000 152530000000 0 26.8664 0 0.02468 0.74445 0.25423 23.5383 13.8442 -22.7477 0.74974 0.24385 20.7915 21.2669 4.07819 0.5491 292400000000 152500000000
 0.9400   627844 0.9500   636138      1       -1       -1       -1  0 2.63767e+11 2.86000e+11 138.184000 17.252000 90.820000  1 0.4400 111.920000 19.03639 35.34475 43.89743 29.330 -81.890 -255.760 -9.135e+10 -8.564e+08 1.487e+11 0.02936 448689 448689 677637 3644 82 448682 448739 17.2524 285990000000 285990000000 171590000000 152530000000 28599000000 22.8535 0 0.03413 0.65107 0.13438 -1.65538 18.2025 27.2555 0.69325 0.06441 26.0777 18.8666 -3.93098 0.5334 292900000000 152500000000
 0.9300   619535 0.9400   627844      1       -1       -1       -1  0 2.60567e+11 2.19300e+11 126.987000 7.101000 95.360000  1 0.4400 124.530000 19.05277 35.37230 43.93233 22.550 -69.180 -252.940 9.269e+10 -2.538e+10 5.526e+10 0.03667 448690 448690 677637 2718 81 448682 448739 7.10066 219260000000 295520000000 190660000000 162060000000 114400000000 11.7064 0 0.03388 0.39551 0.14294 -18.3946 -1.61827 20.3065 0.34737 0.06683 -17.5751 -2.70078 18.4834 0.4815 333000000000 76260000000
 0.9200   611195 0.9300   619535      1       -1       -1       -1  0 2.60567e+11 2.38300e+11 131.095000 8.896000 93.090000  1 0.4400 122.000000 19.05555 35.38759 43.95517 20.880 -65.700 -245.480 7.438e+10 -3.968e+10 2.088e+10 0.02496 448691 448691 677637 3181 80 448682 448739 8.89558 238320000000 295520000000 200190000000 181130000000 85797000000 9.26136 0 0.02317 0.4215 0.29457 -14.3681 2.80329 18.3142 0.3724 0.10333 -7.28173 4.16357 17.0471 0.458 340600000000 104900000000
 0.9100   602840 0.9200   611195      1       -1       -1       -1  0 2.60567e+11 2.38300e+11 131.622000 8.464000 91.660000  1 0.4400 124.150000 19.05289 35.39692 43.98782 17.980 -60.840 -239.040 7.365e+10 -3.678e+10 2.365e+10 0.02523 448692 448692 677637 3714 79 448682 448739 8.464 238320000000 276460000000 200190000000 181130000000 38132000000 9.83651 0 0.02293 0.46022 0.42553 -9.2573 6.54734 12.2099 0.19431 0.03919 -4.95711 3.90114 8.13827 0.4392 354800000000 76260000000
 0.9000   594481 0.9100   602840      1       -1       -1       -1  0 2.60567e+11 2.57400e+11 135.582000 10.579000 91.670000  1 0.4400 121.670000 19.03768 35.39365 43.99777 17.060 -65.520 -232.720 -7.904e+10 4.096e+10 1.313e+11 0.03815 448693 448693 677637 3571 78 448682 448739 10.5793 257390000000 295520000000 200190000000 181130000000 9533000000 6.03669 0 0.0375 0.6815 0.37485 -5.07015 15.2699 21.4627 0.34562 0.22192 -11.3146 14.2527 16.0401 0.4598 345500000000 95330000000
 0.8900   586079 0.9000   594481      1       -1       -1       -1  0 2.60567e+11 2.38300e+11 132.673000 7.842000 94.310000  1 0.4400 127.890000 19.05400 35.41208 44.04514 15.060 -56.010 -226.830 7.556e+09 1.768e+10 1.456e+10 0.00739 448694 448694 677637 3221 77 448682 448739 7.84162 238320000000 285990000000 200190000000 181130000000 76264000000 13.7995 0 0.0065 0.70116 0.43151 9.12919 8.88825 19.5753 0.71316 0.41042 9.9271 7.87103 17.906 0.4301 384800000000 76260000000
 0.8800   577703 0.8900   586079      1       -1       -1       -1  0 2.60567e+11 2.66900e+11 138.323000 11.257000 93.010000  1 0.4400 122.790000 19.03241 35.40377 44.06253 11.660 -60.230 -222.630 -6.013e+10 2.199e+08 2.015e+11 0.04835 448695 448695 677637 4632 76 448682 448739 11.2566 266920000000 266920000000 219260000000 181130000000 28599000000 7.28365 0 0.04713 0.58507 0.39653 18.457 11.8325 14.8409 0.64689 0.20424 20.9838 11.7937 12.3733 0.4553 350700000000 104900000000
 0.8700   569245 0.8800   577703      1       -1       -1       -1  0 2.60567e+11 2.66900e+11 138.865000 11.471000 90.910000  1 0.4400 122.800000 19.03750 35.42139 44.08599 6.360 -55.530 -214.440 -7.692e+10 4.756e+10 1.273e+11 0.03832 448696 448696 677637 7698 75 448682 448739 11.4715 266920000000 266920000000 209730000000 209730000000 28599000000 4.43709 3.44 0.03513 0.73065 0.56151 10.8303 4.91673 8.81262 0.75226 0.11828 -5.16979 11.535 6.0146 0.4136 352900000000 114400000000
 0.8600   560787 0.8700   569245      1       -1       -1       -1  0 2.57400e+11 2.47900e+11 136.003000 8.506000 91.770000  1 0.4400 129.070000 19.03894 35.43488 44.11375 5.770 -48.990 -209.150 -6.296e+10 2.982e+10 5.724e+10 0.02619 448697 448697 677637 3668 74 448682 448739 8.50596 247860000000 266920000000 219260000000 209730000000 38132000000 9.60898 0 0.02304 0.81436 0.56448 13.4627 10.4922 7.35737 0.71476 0.19001 3.33231 14.2402 5.23261 0.405 371500000000 47660000000
 0.8500   552349 0.8600   560787      1       -1       -1       -1  0 2.57400e+11 2.57400e+11 138.256000 7.782000 96.210000  1 0.4400 135.010000 19.03932 35.43972 44.14792 1.940 -47.720 -204.570 -1.181e+11 5.826e+10 1.059e+11 0.04706 448698 448698 677637 3651 73 448682 448739 7.78171 257390000000 266920000000 238320000000 209730000000 95330000000 3.49107 0 0.04071 0.67244 0.54243 18.6761 15.2566 -0.94105 0.62919 0.19239 17.5864 14.0699 1.23384 0.4137 412900000000 66730000000
 0.8400   543840 0.8500   552349      1       -1       -1       -1  0 2.57400e+11 2.57400e+11 138.784000 6.803000 102.900000  1 0.4400 140.890000 19.03469 35.44525 44.17444 1.260 -44.910 -199.720 -5.361e+10 1.387e+09 1.348e+11 0.04007 448699 448699 677637 3865 72 448682 448739 6.80332 257390000000 257390000000 238320000000 181130000000 162060000000 8.28271 0 0.03508 0.56544 0.39371 24.2829 6.94965 -6.10233 0.62977 0.43699 19.4048 5.96412 -3.96913 0.4513 424600000000 47660000000
 0.8300   535330 0.8400   543840      1       -1       -1       -1  0 2.57400e+11 2.57400e+11 139.311000 6.577000 105.860000  1 0.4400 143.000000 19.03851 35.45565 44.20188 -1.700 -40.360 -194.920 -1.143e+11 5.151e+10 1.022e+11 0.04582 448700 448700 677637 1744 71 448682 448739 6.57685 257390000000 257390000000 238320000000 181130000000 162060000000 7.86859 0 0.03928 0.45822 0.38686 -14.7201 -3.89208 17.2139 0.44451 0.39664 -13.4756 -3.60622 16.3001 0.4558 440100000000 95330000000
 0.8200   526747 0.8300   535330      1       -1       -1       -1  0 2.57400e+11 2.57400e+11 139.836000 6.944000 97.440000  1 0.4400 141.540000 19.05112 35.45959 44.22921 -3.210 -36.860 -190.140 -1.130e+11 4.934e+10 1.008e+11 0.04594 448701 448701 677637 7842 70 448682 448739 6.94368 257390000000 257390000000 219260000000 181130000000 152530000000 13.4689 0 0.03884 0.80383 0.39581 -12.0161 -0.66606 16.9535 0.76935 0.4194 -6.92371 3.06834 16.7492 0.4092 417500000000 66730000000
 0.8100   518100 0.8200   526747      1       -1       -1       -1  0 2.57400e+11 2.57400e+11 140.357000 8.265000 89.560000  1 0.4400 135.590000 19.04989 35.46959 44.25924 -7.380 -39.180 -184.880 -7.008e+10 1.899e+10 1.677e+11 0.05179 448702 448702 677637 3743 69 448682 448739 8.26454 257390000000 257390000000 219260000000 190660000000 114400000000 13.7416 0 0.04475 0.84164 0.42277 18.0559 2.33796 -4.73471 0.80535 0.3699 8.84477 10.392 9.17025 0.3773 343800000000 114400000000
 0.8000   509424 0.8100   518100      1       -1       -1       -1  0 2.51033e+11 2.57400e+11 140.877000 13.081000 84.380000  1 0.4400 121.460000 19.03847 35.46953 44.28675 -7.570 -38.320 -180.750 -7.449e+10 1.368e+10 1.693e+11 0.05115 448703 448703 677637 7936 68 448682 448739 13.0815 257390000000 257390000000 228790000000 162060000000 95330000000 14.0865 3.13 0.04562 0.84097 0.50643 4.95054 13.7524 16.3307 0.46871 0.0948 5.92108 13.9862 13.9595 0.3642 277300000000 123900000000
 0.7900   500787 0.8000   509424      1       -1       -1       -1  0 2.44667e+11 2.38300e+11 137.812000 12.304000 81.220000  1 0.4400 120.000000 19.04468 35.48352 44.31920 -7.060 -33.810 -174.420 -9.288e+08 -1.017e+10 1.654e+11 0.05340 448704 448704 677637 3761 67 448682 448739 12.3042 238320000000 257390000000 228790000000 162060000000 76264000000 13.1322 0 0.04654 0.545 0.43113 12.144 15.7908 22.0514 0.29061 0.05165 14.1197 24.0636 19.3417 0.3443 282400000000 104900000000
 0.7800   492147 0.7900   500787      1       -1       -1       -1  0 2.38300e+11 2.38300e+11 138.313000 13.098000 78.070000  1 0.4400 118.920000 19.04416 35.49103 44.34570 -8.790 -30.480 -169.700 3.014e+08 -1.072e+10 1.627e+11 0.05263 448705 448705 677637 7898 66 448682 448739 13.0984 238320000000 238320000000 228790000000 162060000000 0 17.2996 0 0.04599 0.63335 0.38667 8.21103 20.837 20.8393 0.28131 0.11437 21.2754 29.1649 14.2117 0.3269 280300000000 123900000000
 0.7700   483466 0.7800   492147      1       -1       -1       -1  0 2.35133e+11 2.38300e+11 138.811000 11.581000 77.590000  1 0.4400 123.070000 19.04089 35.49817 44.37468 -13.210 -30.040 -166.970 -3.196e+10 1.789e+10 2.122e+11 0.06919 448706 448706 677637 3759 65 448682 448739 11.581 238320000000 238320000000 190660000000 171590000000 0 18.7735 0 0.06103 0.81084 0.46993 -1.04914 18.2457 22.3157 0.28025 0.03849 24.6541 29.7809 8.07705 0.3251 296400000000 114400000000
 0.7600   474767 0.7700   483466      1       -1       -1       -1  0 2.31967e+11 2.28800e+11 137.423000 10.933000 78.770000  1 0.4400 123.410000 19.04578 35.50797 44.40435 -12.710 -25.390 -159.930 -3.029e+10 -2.061e+09 2.119e+11 0.07362 448707 448707 677637 3764 64 448682 448739 10.9327 228790000000 238320000000 190660000000 171590000000 0 13.6433 2.05 0.06527 0.76911 0.42235 -14.1036 0.45173 25.0664 0.58714 0.13415 20.1955 20.9074 -0.81652 0.3369 294100000000 85800000000
 0.7500   466037 0.7600   474767      1       -1       -1       -1  0 2.31967e+11 1.90700e+11 129.776000 8.281000 78.690000  1 0.4400 123.440000 19.04092 35.50638 44.43750 0.070 -22.910 -148.690 -3.514e+10 -2.533e+10 1.065e+11 0.05946 448708 448708 677637 3791 63 448682 448739 8.28087 190660000000 238320000000 190660000000 171590000000 66731000000 6.0176 6.69 0.04773 0.48287 0.16075 -14.3066 -1.46218 25.6438 0.32407 0.14308 -15.0851 -2.27196 26.3603 0.3132 290400000000 66730000000
 0.7400   457245 0.7500   466037      1       -1       -1       -1  0 2.31967e+11 1.90700e+11 130.230000 8.524000 76.630000  1 0.4400 123.230000 19.03559 35.50174 44.47802 -7.910 -21.710 -144.890 -1.094e+10 -2.849e+10 8.777e+10 0.04832 448709 448709 677637 3779 62 448682 448739 8.52376 190660000000 200190000000 190660000000 162060000000 85797000000 13.1683 0 0.03877 0.53371 0.2437 -16.1734 -11.3857 23.3343 0.45958 0.20939 -14.8179 -14.0915 23.0545 0.2986 274000000000 85800000000
 0.7300   448413 0.7400   457245      1       -1       -1       -1  0 2.31967e+11 1.90700e+11 130.680000 14.427000 80.020000  1 0.4400 109.360000 19.05603 35.49564 44.52987 -16.430 -19.010 -143.450 -3.825e+10 -4.487e+10 1.304e+11 0.06009 448710 448710 677637 7992 61 448682 448739 14.4269 190660000000 219260000000 190660000000 142990000000 0 34.3905 0 0.06002 0.67001 0.386 11.3745 -14.9772 34.3115 0.63715 0.06532 -0.6537 1.1691 30.6701 0.4188 236000000000 95330000000
 0.7200   439561 0.7300   448413      1       -1       -1       -1  1 2.31967e+11 2.00200e+11 133.319000 13.914000 79.390000  1 0.4400 113.450000 19.05860 35.49861 44.55232 -16.430 -19.010 -143.450 -6.410e+10 -6.971e+10 1.158e+11 0.06383 448711 448711 677637 8757 60 448682 448739 13.9514 200193300000 219260000000 184303300000 142990000000 25421330000 27.2293 2.29333 0.0611133 0.73765 0.45517 11.9347 -9.69123 19.8982 0.722157 0.21013 0.91962 5.33687 20.2729 0.389267 236533300000 101686700000
 0.7100   430644 0.7200   439561      1       -1       -1       -1  2 2.31967e+11 2.09800e+11 135.858000 13.402000 78.740000  1 0.4400 117.270000 19.06121 35.50164 44.57515 -16.430 -19.010 -143.450 -8.995e+10 -9.456e+10 1.013e+11 0.06757 448712 448712 677637 8743 59 448682 448739 13.4412 209726700000 219260000000 177946700000 142990000000 50842670000 20.0681 4.58667 0.0622067 0.80529 0.52434 12.4949 -4.40529 5.48496 0.807163 0.35494 2.49294 9.50464 9.87563 0.359733 237066700000 108043300000
 0.7000   421676 0.7100   430644      1       -1       -1       -1  0 2.31967e+11 2.19300e+11 138.305000 12.889000 78.090000  1 0.4400 120.850000 19.04882 35.53228 44.60249 -23.190 -5.490 -127.320 -1.158e+11 -1.194e+11 8.669e+10 0.07131 448713 448713 677637 3935 58 448682 448739 12.8889 219260000000 219260000000 171590000000 142990000000 76264000000 12.9069 6.88 0.0633 0.87293 0.59351 13.0551 0.88065 -8.92832 0.89217 0.49975 4.06626 13.6724 -0.52162 0.3302 237600000000 114400000000
 0.6900   412682 0.7000   421676      1       -1       -1       -1  0 2.31967e+11 2.19300e+11 138.761000 11.838000 77.090000  1 0.4400 124.060000 19.05805 35.53354 44.63332 -18.790 -5.570 -130.410 -9.450e+10 -4.387e+10 3.527e+10 0.04141 448714 448714 677637 3926 57 448682 448739 11.838 219260000000 228790000000 181130000000 142990000000 57198000000 17.5561 6.42 0.03733 0.76698 0.3163 -7.99253 21.9679 16.7958 0.54574 0.03577 -0.4248 24.4527 10.1487 0.3249 257500000000 114400000000
 0.6800   403672 0.6900   412682      1       -1       -1       -1  0 2.31967e+11 2.38300e+11 143.137000 13.908000 89.780000  1 0.4400 124.470000 19.06145 35.53049 44.65854 -20.030 -2.310 -129.540 -4.154e+10 4.629e+10 -2.751e+09 0.01866 448715 448715 677637 3940 56 448682 448739 13.9084 238320000000 247860000000 181130000000 171590000000 0 23.6028 23.17 0.01849 0.7013 0.24731 -11.7157 27.8524 15.5023 0.53441 0.05064 -15.3567 27.818 13.5248 0.4271 267700000000 133500000000
 0.6700   394697 0.6800   403672      1       -1       -1       -1  0 2.31967e+11 2.28800e+11 141.657000 9.696000 91.850000  1 0.4400 134.450000 19.05797 35.52872 44.68338 -20.150 -5.220 -124.990 -3.768e+09 2.771e+10 -3.290e+10 0.01441 448716 448716 677637 1777 55 448682 448739 9.69606 228790000000 238320000000 219260000000 171590000000 0 17.1222 19.76 0.01381 0.65661 0.47922 -19.4461 17.4504 23.9634 0.35667 0.26834 -15.6008 23.5665 25.5814 0.4251 314100000000 28600000000
 0.6600   385750 0.6700   394697      1       -1       -1       -1  0 2.31967e+11 2.28800e+11 142.107000 11.493000 92.990000  1 0.4400 129.700000 19.06451 35.52905 44.71221 -23.180 5.790 -122.920 -5.988e+08 2.470e+10 -4.154e+10 0.01574 448717 448717 677637 3954 54 448682 448739 11.4928 228790000000 247860000000 209730000000 171590000000 0 10.7248 27.72 0.01555 0.86189 0.48752 23.8585 -1.28184 -21.2275 0.79596 0.39493 9.02463 28.4806 7.28258 0.4587 287900000000 85800000000
 0.6500   376704 0.6600   385750      1       -1       -1       -1  0 2.31967e+11 2.38300e+11 144.506000 17.548000 86.630000  1 0.4400 120.810000 19.09996 35.53599 44.74518 -20.960 -10.290 -125.050 -4.013e+10 2.550e+10 -1.091e+11 0.03715 448718 448718 677637 8239 53 448682 448739 17.5484 238320000000 238320000000 200190000000 171590000000 9533000000 9.90639 3.72 0.03598 0.70084 0.3499 28.5365 2.82444 -25.6292 0.40859 0.03893 -18.6108 4.47278 26.5213 0.3869 257200000000 133500000000
 0.6400   367625 0.6500   376704      1       -1       -1       -1  0 2.28800e+11 2.28800e+11 142.993000 17.459000 85.760000  1 0.4400 119.790000 19.10771 35.53701 44.77681 -20.070 -5.690 -120.390 -4.000e+10 -1.100e+10 -1.113e+11 0.03908 448719 448719 677637 8215 52 448682 448739 17.4593 228790000000 238320000000 209730000000 171590000000 0 12.228 7.76 0.03869 0.58935 0.46095 31.5798 20.4382 -12.6065 0.57129 0.33743 33.1931 15.6424 -10.3073 0.4017 263300000000 133500000000
 0.6300   358513 0.6400   367625      1       -1       -1       -1  0 2.28800e+11 2.00200e+11 137.184000 12.799000 79.770000  1 0.4400 122.190000 19.10536 35.52426 44.81029 -32.450 12.250 -108.990 -1.763e+11 -2.980e+10 -1.028e+11 0.09531 448720 448720 677637 3975 51 448682 448739 12.7986 200190000000 219260000000 200190000000 152530000000 57198000000 10.3681 18.7 0.08442 0.43429 0.17795 26.3516 9.1856 -8.72365 0.33114 0.05515 24.0217 6.55481 -1.52356 0.343 248600000000 104900000000
 0.6200   349421 0.6300   358513      1       -1       -1       -1  0 2.28800e+11 1.90700e+11 135.376000 11.960000 76.690000  1 0.4400 122.540000 19.09412 35.50846 44.86589 -29.580 6.810 -106.100 7.883e+10 8.373e+07 4.127e+10 0.04436 448721 448721 677637 3977 50 448682 448739 11.9597 190660000000 190660000000 162060000000 123930000000 66731000000 14.0028 0 0.03978 0.32723 0.18646 -8.91075 -9.83676 27.643 0.06148 0 -13.0347 -10.8645 29.7909 0.3211 240100000000 95330000000
 0.6100   340301 0.6200   349421      1       -1       -1       -1  0 2.28800e+11 1.81100e+11 133.474000 13.953000 70.970000  1 0.4400 116.740000 19.14785 35.52430 44.86177 -32.860 14.940 -98.200 -1.051e+11 -3.635e+10 -3.327e+09 0.05942 448722 448722 677637 4007 49 448682 448739 13.9526 181130000000 200190000000 152530000000 142990000000 38132000000 22.2316 7 0.05453 0.32672 0.10572 31.2663 6.85248 -7.59499 0.1641 0.01105 28.3251 7.62626 -5.77754 0.3058 206800000000 85800000000
 0.6000   331156 0.6100   340301      1       -1       -1       -1  0 2.28800e+11 1.52500e+11 126.409000 10.193000 59.410000  1 0.4400 117.850000 19.14601 35.50758 44.88325 -30.420 14.110 -91.350 -5.369e+10 -2.806e+10 1.454e+09 0.04880 448723 448723 677637 5067 48 448682 448739 10.1935 152530000000 190660000000 152530000000 133460000000 38132000000 19.6835 0 0.03983 0.7913 0.35581 21.1349 13.0802 -1.46733 0.36515 0.25485 21.568 21.2017 2.41776 0.2062 197800000000 57200000000
 0.5900   321986 0.6000   331156      1       -1       -1       -1  0 2.28800e+11 1.62100e+11 129.358000 10.491000 57.200000  1 0.4400 120.930000 19.13622 35.50850 44.93623 -30.900 13.870 -92.310 -3.659e+10 -4.156e+10 4.000e+09 0.04052 448724 448724 677637 4101 47 448682 448739 10.4907 162060000000 162060000000 162060000000 152530000000 0 8.78794 0 0.03321 0.92708 0.34927 2.47105 14.7153 26.248 0.55704 0.17216 0.15818 6.16119 33.2635 0.1885 219300000000 38130000000
 0.5800   312742 0.5900   321986      1       -1       -1       -1  0 2.28800e+11 1.81100e+11 134.621000 10.780000 62.710000  1 0.4400 126.790000 19.14515 35.50309 44.97472 -30.840 10.370 -84.570 -5.177e+10 -3.476e+10 -2.294e+10 0.03864 448725 448725 677637 4256 46 448682 448739 10.7801 181130000000 181130000000 162060000000 152530000000 0 15.1354 0 0.03326 0.66675 0.14373 -7.83268 4.04073 42.7017 0.07096 0.04524 -11.4819 3.84867 50.2411 0.2162 236900000000 0
 0.5700   303513 0.5800   312742      1       -1       -1       -1  0 2.28800e+11 2.00200e+11 139.571000 15.435000 61.380000  1 0.4400 122.660000 19.17338 35.47138 44.99078 -26.600 7.800 -78.610 -6.588e+10 -8.161e+10 -1.580e+10 0.05074 448726 448726 677637 4270 45 448682 448739 15.4353 200190000000 219260000000 200190000000 162060000000 0 21.7962 0 0.04526 0.69893 0.63042 -1.25751 40.6288 19.4243 0.36758 0.01978 2.2768 54.9729 24.5803 0.2068 220100000000 66730000000
 0.5600   294252 0.5700   303513      1       -1       -1       -1  0 2.28800e+11 2.19300e+11 144.257000 17.581000 58.260000  1 0.4400 124.860000 19.17742 35.47707 45.02143 -26.500 3.800 -76.870 -6.235e+10 -8.060e+10 -3.317e+10 0.04611 448727 448727 677637 4289 44 448682 448739 17.5806 219260000000 219260000000 200190000000 152530000000 0 9.77678 0 0.0396 0.90577 0.6415 -10.6205 14.5381 33.8038 0.44875 0.27434 11.069 36.2433 24.1789 0.166 214200000000 133500000000
 0.5500   285002 0.5600   294252      1       -1       -1       -1  0 2.28800e+11 2.19300e+11 144.640000 19.950000 64.010000  1 0.4400 122.850000 19.19484 35.46788 45.04950 -26.520 3.430 -74.460 -6.144e+10 -7.859e+10 -3.327e+10 0.04571 448728 448728 677637 4259 43 448682 448739 19.95 219260000000 219260000000 219260000000 133460000000 0 12.1557 0 0.03915 0.71801 0.58228 -11.6119 -15.5842 32.9382 0.90602 0.11091 20.0835 3.14409 17.8559 0.1928 233300000000 133500000000
 0.5400   275795 0.5500   285002      1       -1       -1       -1  0 2.28800e+11 2.28800e+11 147.087000 18.315000 66.500000  1 0.4400 128.080000 19.21080 35.46463 45.07202 -26.660 4.610 -74.830 -8.479e+10 -5.035e+10 -1.812e+10 0.04137 448729 448729 677637 4288 42 448682 448739 18.3146 228790000000 238320000000 228790000000 181130000000 66731000000 15.6279 0 0.03505 0.75608 0.66807 4.45781 23.3858 -19.9774 0.24069 0.10101 -4.63075 37.4918 -26.8705 0.197 238400000000 133500000000
 0.5300   266556 0.5400   275795      1       -1       -1       -1  0 2.28800e+11 2.28800e+11 147.461000 12.396000 69.300000  1 0.4400 140.760000 19.21976 35.46697 45.10193 -28.990 0.860 -70.830 -1.140e+11 -2.396e+10 -1.972e+09 0.05180 448730 448730 677637 4275 41 448682 448739 12.3963 228790000000 228790000000 228790000000 190660000000 85797000000 9.49498 0 0.04107 0.71466 0.47665 1.38939 18.3112 -13.7195 0.41336 0.28367 1.51293 16.9348 -7.06569 0.186 244700000000 95330000000
 0.5200   257319 0.5300   266556      1       -1       -1       -1  0 2.28800e+11 2.28800e+11 147.828000 10.874000 71.610000  1 0.4400 146.670000 19.23460 35.46078 45.13068 -31.790 3.360 -67.150 -8.215e+10 -6.524e+09 2.217e+09 0.03821 448731 448731 677637 3179 40 448682 448739 10.8742 228790000000 228790000000 228790000000 152530000000 76264000000 11.7841 0 0.02929 0.84337 0.66154 8.69664 12.3338 0.6819 0.34358 0.14281 3.5755 14.0369 -4.88183 0.1844 241200000000 85800000000
 0.5100   248046 0.5200   257319      1       -1       -1       -1  0 2.22433e+11 2.28800e+11 148.188000 15.288000 69.960000  1 0.4400 136.570000 19.26763 35.46789 45.14480 -32.010 3.230 -66.250 -9.530e+10 -6.083e+09 1.288e+09 0.04211 448732 448732 677637 3116 39 448682 448739 15.2876 228790000000 228790000000 209730000000 171590000000 85797000000 23.7324 0 0.03423 0.90525 0.67866 4.53771 12.9884 10.0596 0.72346 0.5952 2.51553 12.9736 5.52677 0.1959 221700000000 114400000000
 0.5000   238873 0.5100   248046      1       -1       -1       -1  0 2.09733e+11 2.09700e+11 144.293000 10.991000 68.840000  1 0.4400 143.690000 19.28315 35.46391 45.18581 -32.170 2.650 -62.400 -8.002e+10 -2.791e+09 8.519e+09 0.04299 448733 448733 677637 3185 38 448682 448739 10.9909 209730000000 209730000000 209730000000 162060000000 85797000000 22.2102 0 0.03365 0.85571 0.57861 10.6737 -2.64599 21.2436 0.57533 0.3839 13.4718 -1.68773 22.8931 0.1865 256800000000 85800000000
 0.4900   229695 0.5000   238873      1       -1       -1       -1  0 1.93833e+11 1.90700e+11 140.104000 7.362000 70.250000  1 0.4400 154.950000 19.29493 35.46539 45.19814 -33.740 3.250 -56.720 -3.788e+10 3.055e+10 3.097e+10 0.03865 448734 448734 677637 4269 37 448682 448739 7.36194 190660000000 200190000000 181130000000 142990000000 114400000000 7.99499 0 0.02851 0.4855 0.38317 4.34925 -2.28617 26.5786 0.43884 0.42344 5.09569 0.0715 24.4148 0.1816 275700000000 38130000000
 0.4800   220546 0.4900   229695      1       -1       -1       -1  0 1.81133e+11 1.81100e+11 138.040000 11.055000 61.690000  1 0.4400 137.630000 19.31286 35.46422 45.22417 -31.270 4.590 -55.150 -3.834e+10 2.947e+10 2.424e+10 0.03765 448735 448735 677637 4278 36 448682 448739 11.055 181130000000 181130000000 162060000000 133460000000 76264000000 15.9597 1.26 0.02939 0.63587 0.52578 4.89038 -0.78997 16.9402 0.47069 0.36098 3.81617 -2.51849 16.7566 0.1669 203100000000 76260000000
 0.4700   211408 0.4800   220546      1       -1       -1       -1  0 1.62067e+11 1.71600e+11 135.872000 20.048000 57.080000  1 0.4400 119.810000 19.30128 35.46349 45.27642 -30.760 2.710 -54.590 -4.858e+10 2.368e+10 2.606e+10 0.03891 448736 448736 677637 4278 35 448682 448739 20.0485 171590000000 171590000000 162060000000 114400000000 0 21.7661 2.46 0.03601 0.28105 0.15129 -33.6413 2.20608 34.8367 0.58313 0.27277 28.1409 13.005 -21.1785 0.2041 155800000000 114400000000
 0.4600   202296 0.4700   211408      1       -1       -1       -1  0 1.49367e+11 1.33500e+11 125.220000 8.652000 50.190000  1 0.4400 131.490000 19.33983 35.45192 45.26213 -30.240 3.980 -43.700 -9.392e+09 -1.039e+10 2.206e+09 0.01635 448737 448737 677637 8474 34 448682 448739 8.65224 133460000000 133460000000 133460000000 85797000000 57198000000 10.5813 0 0.01307 0.79223 0.55605 4.63621 14.7705 11.6772 0.9318 0.40878 2.57887 -8.85859 11.3458 0.1408 145800000000 57200000000
 0.4500   193262 0.4600   202296      1       -1       -1       -1  0 1.36667e+11 1.43000e+11 128.398000 25.426000 42.900000  1 0.4400 109.730000 19.35464 35.43711 45.30846 -30.160 4.620 -42.640 3.134e+09 -1.092e+09 -1.565e+10 0.01443 448738 448738 677637 8454 33 448682 448739 25.4257 142990000000 142990000000 123930000000 85797000000 19066000000 23.2665 2.16 0.01327 0.61946 0.25739 -5.54649 16.4548 19.2702 0.15474 0.04205 21.7009 -8.54015 27.8525 0.1296 120300000000 104900000000
 0.4400   184220 0.4500   193262      0       -1       -1       -1  0 1.33500e+11 1.33500e+11 125.731000 17.572000 39.300000  1 0.4400 114.650000 19.36525 35.41985 45.31432 -30.340 4.070 -40.240 2.555e+09 3.936e+08 -1.080e+10 0.01146 448739 448739 677637 4322 32 448682 448739 17.5717 133460000000 133460000000 114400000000 85797000000 0 15.8771 0 0.01044 0.77811 0.31195 -12.556 37.1982 3.56498 0.7839 0.53376 4.69859 -25.2609 27.5642 0.1095 116700000000 85800000000
