 1.0000   675359 0.0000       -1      1       -1       -1       -1  0 1.77933e+11 1.71600e+11 113.685000 11.615000 79.440000  1 0.4900 96.640000 13.50439 26.30250 21.06685 -142.580 198.230 -7.020 -4.177e+10 -1.177e+10 -1.429e+11 0.06223 509341 509341 675359 874 88 509340 509392 11.6153 171590000000 190660000000 152530000000 114400000000 38132000000 17.5641 4.61 0.06719 0.42422 0.30052 -8.30681 -15.0828 23.1533 0.36964 0.33302 -9.6428 -7.29189 18.4353 0.5259 209300000000 85800000000
 0.9900   667188 1.0000   675359      1       -1       -1       -1  0 1.77933e+11 1.71600e+11 114.164000 12.415000 75.390000  1 0.4900 95.620000 13.51464 26.28907 21.04199 -138.800 198.660 -10.270 -4.032e+10 -2.159e+09 -1.352e+11 0.06036 509342 509342 675359 867 87 509340 509392 12.4154 171590000000 190660000000 152530000000 104860000000 19066000000 13.1211 0 0.06368 0.67124 0.44147 -3.63362 -15.3861 17.8619 0.6909 0.34629 -2.27864 16.3153 -9.75715 0.4871 225100000000 85800000000
 0.9800   658848 0.9900   667188      1       -1       -1       -1  0 1.77933e+11 1.71600e+11 114.642000 13.560000 73.610000  1 0.4900 94.240000 13.52376 26.27354 21.04288 -137.850 197.020 -10.550 -3.938e+10 -1.573e+09 -1.342e+11 0.05749 509343 509343 675359 873 86 509340 509392 13.5602 171590000000 190660000000 152530000000 104860000000 9533000000 13.3884 0 0.06328 0.72222 0.28126 -3.67703 14.3421 -15.0592 0.30214 0.0537 5.26697 12.6944 -1.55971 0.495 216500000000 95330000000
 0.9700   650535 0.9800   658848      1       -1       -1       -1  0 1.77933e+11 1.81100e+11 117.213000 13.576000 72.700000  1 0.4900 96.660000 13.53924 26.25258 21.04339 -146.100 192.370 -10.170 -3.768e+10 3.126e+10 -1.143e+11 0.04543 509344 509344 675359 1891 85 509340 509392 13.5764 181130000000 190660000000 152530000000 123930000000 9533000000 13.2071 10.95 0.0516 0.55407 0.25648 1.4629 -19.3604 24.8618 0.2631 0.00716 8.30528 17.3073 -5.17939 0.5028 214900000000 85800000000
 0.9600   642237 0.9700   650535      1       -1       -1       -1  0 1.77933e+11 1.62100e+11 113.416000 10.730000 74.160000  1 0.4900 97.640000 13.56175 26.22797 21.04537 -144.840 190.310 -10.850 -1.360e+10 2.644e+10 -9.544e+10 0.04565 509345 509345 675359 2832 84 509340 509392 10.7299 162060000000 181130000000 142990000000 114400000000 0 9.20149 7.38 0.05006 0.60437 0.1455 4.47229 -16.7608 30.7461 0.78403 0.37979 18.8548 -10.029 25.2113 0.5024 211300000000 38130000000
 0.9500   633947 0.9600   642237      1       -1       -1       -1  0 1.77933e+11 1.62100e+11 113.883000 13.345000 71.340000  1 0.4900 93.500000 13.57728 26.20871 21.04265 -137.730 191.370 -12.350 -3.155e+10 1.014e+09 2.730e+10 0.01954 509346 509346 675359 874 83 509340 509392 13.345 162060000000 181130000000 142990000000 95330000000 9533000000 17.6924 0 0.02097 0.52819 0.12802 7.16233 -20.3569 34.9251 0.46851 0.00223 -9.6161 -4.68297 21.5528 0.4624 195000000000 95330000000
 0.9400   625663 0.9500   633947      1       -1       -1       -1  0 1.77933e+11 1.62100e+11 114.350000 9.833000 70.370000  1 0.4900 100.480000 13.59926 26.18136 21.05567 -136.000 189.390 -12.980 -3.085e+10 4.608e+08 2.731e+10 0.02136 509347 509347 675359 1859 82 509340 509392 9.83292 162060000000 171590000000 152530000000 104860000000 0 4.75022 0 0.02077 0.67504 0.21799 9.43599 -16.3095 26.6122 0.90207 0.50587 26.7806 -0.49508 4.98717 0.4055 193200000000 76260000000
 0.9300   617352 0.9400   625663      1       -1       -1       -1  0 1.77933e+11 1.62100e+11 114.815000 9.347000 70.390000  1 0.4900 102.140000 13.61614 26.15938 21.05715 -135.230 187.860 -16.420 -3.047e+10 -1.291e+09 2.705e+10 0.02169 509348 509348 675359 875 81 509340 509392 9.34697 162060000000 162060000000 142990000000 95330000000 0 4.05801 3.01 0.02062 0.49315 0.15153 3.69905 -19.5479 29.4515 0.51617 0.03991 -2.79982 -13.2479 26.5864 0.3935 207800000000 76260000000
 0.9200   609019 0.9300   617352      1       -1       -1       -1  0 1.77933e+11 1.52500e+11 112.974000 6.674000 73.570000  1 0.4900 109.070000 13.63340 26.13701 21.05872 -133.240 185.730 -16.640 -4.360e+10 -2.697e+09 3.088e+10 0.03233 509349 509349 675359 1922 80 509340 509392 6.67385 152530000000 162060000000 142990000000 104860000000 0 9.54177 0 0.03003 0.45247 0.21314 -0.86226 -20.2746 25.348 0.47318 0.07172 -3.2132 -14.3336 19.7424 0.4079 237800000000 19070000000
 0.9100   600673 0.9200   609019      1       -1       -1       -1  0 1.77933e+11 1.52500e+11 113.428000 6.962000 78.410000  1 0.4900 108.320000 13.65149 26.11247 21.06176 -131.280 183.630 -16.850 -4.145e+10 -3.582e+09 2.946e+10 0.03095 509350 509350 675359 1936 79 509340 509392 6.96247 152530000000 152530000000 142990000000 114400000000 57198000000 7.37921 0 0.02872 0.42127 0.30181 -1.81293 19.1512 -18.8143 0.69141 0.1562 5.20633 -4.05298 16.8401 0.4373 229100000000 47660000000
 0.9000   592326 0.9100   600673      1       -1       -1       -1  0 1.77933e+11 1.43000e+11 111.458000 9.325000 86.190000  1 0.4900 98.340000 13.65479 26.08698 21.07776 -131.280 180.450 -15.800 -3.612e+10 9.128e+09 4.424e+10 0.03356 509351 509351 675359 860 78 509340 509392 9.32491 142990000000 171590000000 142990000000 114400000000 38132000000 18.2988 0 0.03641 0.91078 0.35169 -6.31734 -9.36056 17.5148 0.24872 0.07242 -15.3968 1.25744 17.2021 0.5718 197900000000 57200000000
 0.8900   583931 0.9000   592326      1       -1       -1       -1  0 1.77933e+11 1.43000e+11 111.900000 7.210000 87.210000  1 0.4900 105.410000 13.67914 26.07168 21.05375 -128.370 175.880 -16.810 -1.250e+10 -1.034e+10 2.996e+10 0.02132 509352 509352 675359 891 77 509340 509392 7.21049 142990000000 152530000000 133460000000 114400000000 66731000000 18.2172 0 0.02153 0.557 0.43886 -13.4177 14.7072 -16.8702 0.72572 0.21784 16.0311 -8.22678 6.11806 0.5391 211900000000 57200000000
 0.8800   575556 0.8900   583931      1       -1       -1       -1  0 1.77933e+11 1.52500e+11 114.784000 4.808000 83.530000  1 0.4900 121.960000 13.70559 26.04252 21.06638 -126.240 174.690 -16.220 4.816e+08 -6.765e+09 2.622e+10 0.01764 509353 509353 675359 1916 76 509340 509392 4.8081 152530000000 152530000000 133460000000 123930000000 85797000000 4.74256 0 0.01542 0.7277 0.56902 -1.27527 9.18899 -8.79534 0.9134 0.71968 -0.71943 -6.96546 8.88767 0.437 252500000000 66730000000
 0.8700   567102 0.8800   575556      1       -1       -1       -1  0 1.77933e+11 1.52500e+11 115.234000 5.806000 81.960000  1 0.4900 116.050000 13.72064 26.01607 21.07028 -121.270 172.010 -22.490 5.190e+09 -5.942e+09 2.854e+10 0.01915 509354 509354 675359 890 75 509340 509392 5.80552 152530000000 152530000000 133460000000 133460000000 66731000000 7.57741 6.43 0.01693 0.75604 0.36849 6.84501 -6.28647 11.7895 0.41362 0.05528 11.4738 1.27568 9.73418 0.435 223000000000 57200000000
 0.8600   558639 0.8700   567102      1       -1       -1       -1  0 1.77933e+11 1.33500e+11 110.645000 5.777000 76.720000  1 0.4900 110.310000 13.74933 25.99557 21.07395 -130.320 173.410 -18.720 -1.345e+10 -3.407e+10 -1.302e+10 0.03333 509355 509355 675359 894 74 509340 509392 5.77748 133460000000 152530000000 133460000000 123930000000 66731000000 1.49717 0 0.02787 0.87319 0.46141 14.1281 -7.8685 8.47737 0.58203 0.39915 18.6021 -1.13445 0.85565 0.3904 204400000000 47660000000
 0.8500   550205 0.8600   558639      1       -1       -1       -1  0 1.77933e+11 1.33500e+11 111.072000 6.917000 72.070000  1 0.4900 105.540000 13.76891 25.97020 21.07795 -127.750 171.720 -19.160 -1.272e+10 -3.351e+10 -1.298e+10 0.03198 509356 509356 675359 1935 73 509340 509392 6.91697 133460000000 152530000000 123930000000 114400000000 28599000000 2.70171 0 0.02743 0.69158 0.37296 -8.23417 -9.96109 17.513 0.42379 0.24354 -14.2419 -4.711 15.0278 0.3723 211500000000 38130000000
 0.8400   541687 0.8500   550205      1       -1       -1       -1  0 1.77933e+11 1.43000e+11 114.091000 8.830000 72.040000  1 0.4900 102.540000 13.77617 25.94641 21.07370 -118.520 166.980 -18.740 -7.489e+09 -1.145e+10 2.673e+10 0.02039 509357 509357 675359 877 72 509340 509392 8.83027 142990000000 142990000000 123930000000 123930000000 28599000000 7.4649 0 0.01934 0.37238 0.23214 -2.71154 -14.1952 26.3914 0.57972 0.32936 -3.61773 -12.0959 20.8485 0.4143 198100000000 47660000000
 0.8300   533160 0.8400   541687      1       -1       -1       -1  0 1.77933e+11 1.33500e+11 111.920000 8.037000 66.380000  1 0.4900 102.530000 13.80253 25.92075 21.07521 -122.940 168.050 -19.940 -1.186e+10 -3.356e+10 -1.308e+10 0.03060 509358 509358 675359 2911 71 509340 509392 8.03679 133460000000 142990000000 123930000000 123930000000 28599000000 7.95334 0 0.02751 0.37728 0.10194 -4.59129 -14.4792 21.2036 0.32503 0.0758 14.4971 17.4854 -13.1547 0.3543 201500000000 38130000000
 0.8200   524581 0.8300   533160      1       -1       -1       -1  0 1.77933e+11 1.33500e+11 112.341000 8.554000 64.800000  1 0.4900 101.450000 13.82217 25.89376 21.07860 -120.640 166.120 -20.310 -1.165e+10 -3.403e+10 -1.320e+10 0.03051 509359 509359 675359 895 70 509340 509392 8.55406 133460000000 133460000000 123930000000 114400000000 19066000000 7.73248 0 0.02791 0.34338 0.12327 -5.50962 -7.21231 15.001 0.43117 0.03353 -4.3784 -5.14366 9.45208 0.3499 194900000000 38130000000
 0.8100   515943 0.8200   524581      1       -1       -1       -1  0 1.77933e+11 1.33500e+11 112.761000 9.108000 62.170000  1 0.4900 100.410000 13.84691 25.86569 21.08177 -118.380 164.150 -20.640 -1.141e+10 -3.465e+10 -1.341e+10 0.03055 509360 509360 675359 1960 69 509340 509392 9.10794 133460000000 142990000000 123930000000 123930000000 19066000000 7.32548 0 0.02844 0.32092 0.10903 13.5846 11.1128 -13.8349 0.28207 0.09309 11.972 8.3421 -11.352 0.3382 188600000000 28600000000
 0.8000   507274 0.8100   515943      1       -1       -1       -1  0 1.77933e+11 1.33500e+11 113.178000 9.541000 59.630000  1 0.4900 99.820000 13.86599 25.83405 21.08831 -116.160 162.130 -20.920 -1.095e+10 -3.532e+10 -1.373e+10 0.03102 509361 509361 675359 935 68 509340 509392 9.54139 133460000000 142990000000 123930000000 114400000000 9533000000 4.42957 0 0.02899 0.37418 0.30293 -15.0718 -5.46773 26.3384 0.68061 0.47163 -7.45136 -18.1008 31.7127 0.32 184000000000 38130000000
 0.7900   498643 0.8000   507274      1       -1       -1       -1  0 1.77933e+11 1.43000e+11 116.235000 12.745000 57.390000  1 0.4900 96.670000 13.87227 25.80019 21.09749 -113.950 160.090 -21.090 -8.018e+09 -2.755e+10 -1.103e+10 0.02124 509362 509362 675359 925 67 509340 509392 12.7454 142990000000 152530000000 133460000000 95330000000 0 15.9757 3.3 0.02023 0.5451 0.34373 -14.6396 -13.6063 27.6071 0.61475 0.01905 -12.4202 -9.66141 19.1122 0.2988 161400000000 57200000000
 0.7800   490004 0.7900   498643      1       -1       -1       -1  0 1.77933e+11 1.43000e+11 116.658000 16.071000 57.120000  1 0.4900 92.780000 13.89396 25.76858 21.10379 -113.720 159.450 -24.260 -6.493e+09 -3.119e+10 -1.404e+10 0.02388 509363 509363 675359 924 66 509340 509392 16.0711 142990000000 152530000000 133460000000 85797000000 0 18.1058 0 0.02301 0.31318 0.13419 -22.2598 -6.44534 27.3508 0.6206 0 -10.4435 1.93112 20.8583 0.2994 161500000000 85800000000
 0.7700   481314 0.7800   490004      1       -1       -1       -1  0 1.77933e+11 1.43000e+11 117.078000 15.910000 55.470000  1 0.4900 93.450000 13.91955 25.74242 21.11086 -111.820 157.400 -24.850 -6.699e+09 -3.073e+10 -1.394e+10 0.02413 509364 509364 675359 951 65 509340 509392 15.9096 142990000000 162060000000 142990000000 85797000000 19066000000 15.6785 0 0.02284 0.29028 0.21091 -21.4193 -9.46154 32.7659 0.58087 0.23372 8.2074 26.6813 -25.9185 0.2777 163500000000 85800000000
 0.7600   472613 0.7700   481314      1       -1       -1       -1  0 1.77933e+11 1.52500e+11 120.050000 13.228000 58.880000  1 0.4900 100.060000 13.94694 25.72266 21.10377 -106.610 152.090 -16.740 3.162e+10 -6.791e+10 -2.727e+10 0.05064 509365 509365 675359 961 64 509340 509392 13.2281 152530000000 162060000000 142990000000 114400000000 0 4.60331 4.25 0.04777 0.23994 0.0854 -7.68588 -5.67003 27.3687 0.18592 0.00014 -9.25624 -13.4549 57.1831 0.2888 175700000000 76260000000
 0.7500   463877 0.7600   472613      1       -1       -1       -1  0 1.77933e+11 1.52500e+11 120.474000 12.742000 62.100000  1 0.4900 101.430000 13.96684 25.69126 21.10886 -107.200 151.450 -19.780 3.125e+10 -6.776e+10 -2.846e+10 0.05108 509366 509366 675359 999 63 509340 509392 12.742 152530000000 162060000000 133460000000 114400000000 19066000000 5.89283 0 0.04809 0.3751 0.2415 -6.69842 -14.4661 25.5796 0.16558 0.03579 -4.28556 -16.1447 20.475 0.307 178200000000 76260000000
 0.7400   455087 0.7500   463877      1       -1       -1       -1  0 1.77933e+11 1.71600e+11 125.735000 22.026000 62.970000  1 0.4900 96.450000 13.96772 25.65297 21.13826 -109.340 151.270 -24.690 3.665e+10 -6.705e+10 -3.146e+10 0.04030 509367 509367 675359 2131 62 509340 509392 22.026 171590000000 171590000000 152530000000 66731000000 47665000000 29.301 5.78 0.04109 0.39854 0.25174 -17.8653 -11.8681 37.5139 0.74964 0.09064 -3.21147 1.91282 23.9318 0.3294 165500000000 104900000000
 0.7300   446264 0.7400   455087      1       -1       -1       -1  1 1.77933e+11 1.66900e+11 124.978000 19.070000 63.510000  1 0.4900 98.660000 13.98454 25.62970 21.14206 -109.340 151.270 -24.690 -3.750e+08 -4.044e+10 -3.188e+10 0.03444 509368 509368 675359 8471 61 509340 509392 19.5175 166825000000 176360000000 142995000000 90565500000 23832500000 28.1707 2.89 0.03472 0.54061 0.155825 7.69878 -9.10699 25.4139 0.693395 0.070435 10.1648 -5.87896 24.4359 0.32565 167300000000 100115000000
 0.7200   437390 0.7300   446264      1       -1       -1       -1  0 1.77933e+11 1.62100e+11 124.212000 16.114000 64.050000  1 0.4900 100.780000 13.99718 25.59875 21.13762 -108.620 146.720 -23.100 -3.740e+10 -1.383e+10 -3.229e+10 0.02858 509369 509369 675359 1030 60 509340 509392 16.1136 162060000000 181130000000 133460000000 114400000000 0 27.0404 0 0.02835 0.68268 0.05991 33.2629 -6.34585 13.3139 0.63715 0.05023 23.5411 -13.6707 24.9399 0.3219 169100000000 95330000000
 0.7100   428455 0.7200   437390      1       -1       -1       -1  1 1.77933e+11 1.62100e+11 124.631000 13.449000 65.640000  1 0.4900 106.280000 14.01446 25.57541 21.14129 -108.620 146.720 -23.100 -3.754e+10 -1.477e+10 -3.393e+10 0.03192 509370 509370 675359 8590 59 509340 509392 13.9574 162060000000 176360000000 138225000000 123930000000 14299500000 17.9838 0.805 0.0293 0.633555 0.21429 18.3329 -11.7391 16.8396 0.65326 0.069435 11.2471 -13.5371 20.6066 0.3004 184000000000 90565000000
 0.7000   419483 0.7100   428455      1       -1       -1       -1  0 1.77933e+11 1.62100e+11 125.048000 10.784000 67.150000  1 0.4900 111.260000 14.06371 25.52139 21.14135 -105.070 140.310 -23.850 -3.768e+10 -1.571e+10 -3.557e+10 0.03526 509371 509371 675359 1058 58 509340 509392 10.7842 162060000000 171590000000 142990000000 133460000000 28599000000 8.92733 1.61 0.03025 0.58443 0.36867 3.40281 -17.1323 20.3652 0.66937 0.08864 -1.04693 -13.4035 16.2734 0.2789 198900000000 85800000000
 0.6900   410488 0.7000   419483      1       -1       -1       -1  0 1.77933e+11 1.52500e+11 122.951000 8.862000 68.270000  1 0.4900 114.580000 14.09732 25.48370 21.14714 -104.260 137.690 -23.550 -4.678e+10 -1.712e+10 -4.786e+10 0.05026 509372 509372 675359 1076 57 509340 509392 8.86217 152530000000 171590000000 142990000000 133460000000 0 10.7916 0 0.04293 0.78143 0.09725 -8.9474 -12.7628 21.9247 0.3978 0.00197 -12.2519 -10.2649 22.219 0.2898 209200000000 57200000000
 0.6800   401478 0.6900   410488      1       -1       -1       -1  0 1.77933e+11 1.52500e+11 123.352000 7.340000 67.800000  1 0.4900 121.170000 14.11080 25.45645 21.15104 -103.350 135.180 -23.230 -4.543e+10 -1.678e+10 -4.703e+10 0.05111 509373 509373 675359 1076 56 509340 509392 7.34004 152530000000 162060000000 142990000000 133460000000 0 3.28549 0 0.04219 0.52121 0.22172 1.21398 30.9225 -20.0702 0.90566 0.49051 17.6724 -17.1113 17.0675 0.2731 230500000000 9533000000
 0.6700   392491 0.6800   401478      1       -1       -1       -1  0 1.77933e+11 1.52500e+11 123.749000 8.058000 65.840000  1 0.4900 118.980000 14.14774 25.41691 21.15478 -102.350 132.760 -22.920 -4.413e+10 -1.651e+10 -4.650e+10 0.04945 509374 509374 675359 3299 55 509340 509392 8.05829 152530000000 171590000000 152530000000 142990000000 28599000000 9.68978 0 0.04161 0.91354 0.54083 -9.29692 20.1255 -14.328 0.91354 0.54083 -9.29692 20.1255 -14.328 0.2688 235900000000 28600000000
 0.6600   383527 0.6700   392491      1       -1       -1       -1  0 1.77933e+11 1.62100e+11 126.676000 10.261000 64.650000  1 0.4900 115.570000 14.15915 25.39165 21.15861 -100.460 132.160 -22.840 -3.286e+10 -1.960e+10 -3.697e+10 0.03736 509375 509375 675359 2143 54 509340 509392 10.2606 162060000000 162060000000 152530000000 133460000000 47665000000 11.7842 0 0.03041 0.44835 0.1093 -1.6972 19.034 -15.7489 0.50954 0.08553 -0.71468 15.6593 -15.3604 0.241 189600000000 57200000000
 0.6500   374469 0.6600   383527      1       -1       -1       -1  0 1.77933e+11 1.62100e+11 127.073000 11.545000 63.800000  1 0.4900 113.150000 14.18084 25.35461 21.17481 -101.000 127.880 -18.650 -4.548e+10 2.142e+10 -4.359e+10 0.04407 509376 509376 675359 1064 53 509340 509392 11.5454 162060000000 171590000000 162060000000 123930000000 9533000000 7.88467 0 0.03826 0.45631 0.34059 1.28046 -23.3012 24.7736 0.45628 0.26935 4.17048 -19.416 21.4108 0.2596 180800000000 76260000000
 0.6400   365386 0.6500   374469      1       -1       -1       -1  0 1.77933e+11 1.71600e+11 129.918000 13.748000 60.850000  1 0.4900 112.140000 14.22097 25.32025 21.17210 -98.600 127.710 -19.440 -3.425e+10 1.936e+10 -3.210e+10 0.03037 509377 509377 675359 1022 52 509340 509392 13.7479 171590000000 181130000000 162060000000 133460000000 9533000000 3.15304 0 0.02671 0.32726 0.08893 -4.15246 33.6437 -23.3615 0.08606 0.06358 -5.43014 27.4428 -21.9782 0.2381 191100000000 95330000000
 0.6300   356264 0.6400   365386      1       -1       -1       -1  0 1.77933e+11 1.81100e+11 132.683000 18.702000 58.830000  1 0.4900 108.490000 14.24458 25.28163 21.18335 -96.690 124.590 -17.800 -3.099e+10 1.349e+10 -3.611e+10 0.02667 509378 509378 675359 1088 51 509340 509392 18.7023 181130000000 181130000000 162060000000 123930000000 9533000000 6.86651 0 0.02393 0.12175 0.0351 -7.34743 30.3404 -16.4767 0.15435 0.04385 -4.30083 21.3101 -11.4378 0.2245 179300000000 123900000000
 0.6200   347158 0.6300   356264      1       -1       -1       -1  0 1.77933e+11 1.81100e+11 133.081000 18.706000 61.160000  1 0.4900 109.250000 14.28685 25.24037 21.18339 -95.010 116.580 -13.600 -3.681e+10 -2.526e+10 -8.879e+10 0.05358 509379 509379 675359 1036 50 509340 509392 18.7058 181130000000 181130000000 171590000000 95330000000 38132000000 8.37105 0 0.04839 0.83774 0.41005 28.6744 -12.3671 11.4766 0.22498 0.0013 -20.4207 -2.74021 27.9523 0.2345 195200000000 95330000000
 0.6100   338025 0.6200   347158      1       -1       -1       -1  0 1.74767e+11 1.71600e+11 131.090000 11.381000 62.770000  1 0.4900 119.600000 14.30017 25.20454 21.19238 -94.330 118.230 -15.320 -2.290e+10 -1.043e+10 -5.757e+10 0.04018 509380 509380 675359 976 49 509340 509392 11.3812 171590000000 181130000000 171590000000 85797000000 76264000000 4.96919 0 0.0337 0.64184 0.51451 20.7712 -12.995 13.9625 0.45383 0.19329 -16.708 6.79483 16.8733 0.2209 190000000000 85800000000
 0.6000   328859 0.6100   338025      1       -1       -1       -1  0 1.71600e+11 1.71600e+11 131.471000 11.588000 63.560000  1 0.4900 119.980000 14.34472 25.16767 21.19311 -93.280 115.660 -15.110 -2.202e+10 -8.729e+09 -5.594e+10 0.03840 509381 509381 675359 2030 48 509340 509392 11.5881 171590000000 181130000000 162060000000 104860000000 76264000000 10.7772 0 0.03281 0.2321 0.06558 22.0967 -2.01333 16.0751 0.31331 0.01557 13.5143 2.29281 11.7635 0.2314 185100000000 76260000000
 0.5900   319662 0.6000   328859      1       -1       -1       -1  0 1.71600e+11 1.62100e+11 129.358000 10.245000 63.700000  1 0.4900 121.630000 14.37437 25.13067 21.19807 -90.940 112.110 -14.380 -1.706e+10 -4.879e+09 -5.843e+10 0.04257 509382 509382 675359 1043 47 509340 509392 10.2448 162060000000 162060000000 162060000000 114400000000 38132000000 15.6601 0 0.03653 0.71084 0.29926 -1.53192 18.5682 -16.5167 0.62095 0.23142 6.79287 15.7282 -12.7043 0.2388 189700000000 66730000000
 0.5800   310409 0.5900   319662      1       -1       -1       -1  0 1.71600e+11 1.62100e+11 129.721000 12.497000 60.330000  1 0.4900 116.970000 14.40449 25.09324 21.20310 -89.910 109.430 -14.230 -1.522e+10 -5.061e+09 -5.890e+10 0.04213 509383 509383 675359 1043 46 509340 509392 12.4975 162060000000 162060000000 162060000000 114400000000 0 15.2118 0 0.03678 0.37219 0.24402 -0.37147 -23.7946 25.9227 0.65255 0.46848 12.4307 26.4705 -23.5921 0.2261 163000000000 76260000000
 0.5700   301180 0.5800   310409      1       -1       -1       -1  0 1.71600e+11 1.71600e+11 132.581000 21.948000 55.330000  1 0.4900 107.990000 14.43510 25.05540 21.20821 -88.540 107.340 -14.060 -1.799e+10 -5.086e+09 -5.273e+10 0.03379 509384 509384 675359 1030 45 509340 509392 21.9477 171590000000 171590000000 171590000000 95330000000 28599000000 8.62568 0 0.03087 0.17895 0.04711 0.93243 24.458 -20.9141 0.32219 0.19728 -0.19488 19.5601 -16.2671 0.2083 164400000000 123900000000
 0.5600   291925 0.5700   301180      1       -1       -1       -1  0 1.71600e+11 1.71600e+11 132.939000 21.693000 53.950000  1 0.4900 109.060000 14.46620 25.01713 21.21340 -90.360 105.870 -17.200 -1.725e+10 -1.739e+10 -6.184e+10 0.03892 509385 509385 675359 1041 44 509340 509392 21.6928 171590000000 171590000000 171590000000 76264000000 9533000000 18.3194 0 0.03698 0.25175 0.17196 -4.89502 28.7379 -18.0647 0.80978 0.59979 -9.85321 27.147 -19.3394 0.209 172700000000 104900000000
 0.5500   282669 0.5600   291925      1       -1       -1       -1  0 1.65233e+11 1.71600e+11 133.292000 36.561000 47.700000  1 0.4900 102.780000 14.51926 24.95166 21.23096 -89.860 106.060 -16.290 -2.499e+10 2.118e+10 -6.564e+08 0.01845 509386 509386 675359 1035 43 509340 509392 36.5614 171590000000 171590000000 133460000000 47665000000 0 28.095 0 0.01836 0.12946 0 0.56315 -38.6612 45.1785 0.42997 0 -15.5445 8.51312 29.3394 0.1812 153600000000 181100000000
 0.5400   273446 0.5500   282669      1       -1       -1       -1  0 1.62067e+11 1.52500e+11 128.493000 22.218000 45.870000  1 0.4900 105.520000 14.52986 24.93937 21.22401 -95.370 103.600 -17.470 -2.630e+10 -2.421e+10 -2.799e+10 0.03355 509387 509387 675359 1028 42 509340 509392 22.2183 152530000000 162060000000 152530000000 95330000000 0 9.17956 0 0.0312 0.57263 0.02766 33.2936 -7.61767 -23.3805 0.43415 0.00508 -15.6995 0.24833 31.8918 0.1592 148300000000 114400000000
 0.5300   264197 0.5400   273446      1       -1       -1       -1  0 1.55700e+11 1.62100e+11 131.449000 29.734000 45.690000  1 0.4900 104.560000 14.56243 24.89988 21.22944 -89.980 101.800 -17.080 -2.997e+10 -1.387e+10 -1.472e+10 0.02440 509388 509388 675359 1047 41 509340 509392 29.7344 162060000000 162060000000 133460000000 95330000000 0 10.3054 1.14 0.02264 0.67951 0.07618 -20.8719 -3.40906 32.3926 0.41069 0 -7.31568 -9.3559 28.2942 0.1493 140300000000 152500000000
 0.5200   254951 0.5300   264197      1       -1       -1       -1  0 1.55700e+11 1.52500e+11 129.140000 21.915000 46.750000  1 0.4900 107.580000 14.59566 24.84928 21.24047 -89.360 101.220 -16.340 -2.899e+10 2.440e+10 -6.062e+09 0.02952 509389 509389 675359 1061 40 509340 509392 21.9147 152530000000 152530000000 152530000000 95330000000 0 14.3857 0 0.0268 0.29467 0.00746 33.1043 -3.73184 -17.312 0.10998 0 33.2109 -4.44444 -14.6384 0.1453 149100000000 114400000000
 0.5100   245702 0.5200   254951      1       -1       -1       -1  0 1.52500e+11 1.52500e+11 129.454000 21.119000 47.920000  1 0.4900 109.190000 14.62976 24.80836 21.24623 -88.180 97.050 -12.680 -1.457e+10 3.325e+09 -1.486e+10 0.01655 509390 509390 675359 1057 39 509340 509392 21.1191 152530000000 152530000000 152530000000 85797000000 0 19.6905 0 0.01484 0.39347 0.09469 30.3839 0.1819 -28.3744 0.33046 0.1204 29.9788 1.55112 -28.4362 0.1453 147800000000 114400000000
 0.5000   236519 0.5100   245702      1       -1       -1       -1  0 1.49333e+11 1.52500e+11 129.761000 17.079000 51.550000  1 0.4900 114.460000 14.66439 24.76709 21.25208 -86.470 94.300 -12.270 -1.379e+10 3.807e+09 -1.504e+10 0.01685 509391 509391 675359 1050 38 509340 509392 17.0786 152530000000 152530000000 142990000000 104860000000 0 24.3494 0 0.01475 0.39245 0.35263 -17.7812 -20.574 32.7592 0.59197 0.40694 3.64906 35.5119 -23.8683 0.1577 141500000000 76260000000
 0.4900   227344 0.5000   236519      0       -1       -1       -1  0 1.43000e+11 1.43000e+11 127.293000 13.313000 54.740000  1 0.4900 118.490000 14.69956 24.72547 21.25801 -82.940 89.670 -10.430 -1.076e+10 2.420e+09 -1.843e+10 0.02016 509392 509392 675359 1034 37 509340 509392 13.3126 142990000000 142990000000 133460000000 95330000000 28599000000 22.4196 0 0.01715 0.74449 0.28317 3.96856 22.8692 -18.087 0.30598 0.0134 -4.96792 25.1342 -3.45451 0.1688 149500000000 66730000000
