 1.0000   678484 0.0000       -1      1   678488   678488       -1  0 4.29000e+11 4.29000e+11 154.294000 14.192000 123.000000  1 0.3000 134.310000 47.37976 34.27898 1.74443 130.830 324.130 -209.480 -6.106e+11 3.687e+11 -5.617e+11 0.08125 319997 319997 678484 3999 88 319996 320067 14.1915 1144000000000 1144000000000 524310000000 352720000000 9533000000 11.175 4.25 0.08869 0.58577 0.39786 1.34462 30.1102 6.77465 0.64602 0.09375 -9.26033 28.8694 4.82043 0.5961 562200000000 209700000000
 0.9900   670338 1.0000   678484      1   670342   670342   678488  0 4.35333e+11 4.38500e+11 156.083000 14.445000 118.300000  1 0.3000 135.500000 47.35406 34.24286 1.75183 97.880 297.900 -213.190 -6.722e+11 4.515e+11 -4.288e+11 0.08582 319998 319998 678484 3971 87 319996 320067 14.4447 896100000000 924700000000 476650000000 333650000000 104860000000 11.183 0 0.08654 0.46414 0.34028 -10.3371 33.4686 0.5948 0.4849 0.18814 -11.7144 28.2821 0.7615 0.5332 588000000000 209700000000
 0.9800   661944 0.9900   670338      1   661948   661948   670342  0 4.38500e+11 4.38500e+11 156.737000 16.749000 119.440000  1 0.3000 131.610000 47.34874 34.20220 1.77232 70.680 278.540 -218.010 -7.374e+11 4.341e+11 -2.580e+11 0.08285 319999 319999 678484 4008 86 319996 320067 16.7494 686380000000 819840000000 457580000000 305060000000 104860000000 17.4241 0 0.08467 0.43505 0.28049 -8.64432 29.1601 -1.65817 0.49882 0.20549 -5.48566 23.2069 -2.79073 0.5428 535400000000 257400000000
 0.9700   653590 0.9800   661944      1   653593   653593   661948  0 4.41700e+11 4.38500e+11 157.391000 16.892000 119.830000  1 0.3000 131.890000 47.34083 34.16970 1.80439 46.350 253.630 -222.680 -7.219e+11 4.195e+11 -2.438e+11 0.08214 320000 320000 678484 6951 85 319996 320067 16.8919 619640000000 762640000000 457580000000 295520000000 95330000000 16.882 0 0.08265 0.27851 0.12501 -9.17873 30.6957 -1.83794 0.30763 0.1505 -4.76666 22.1915 1.44162 0.536 537500000000 247900000000
 0.9600   645262 0.9700   653590      1   645265   645265   653593  0 4.48067e+11 4.48100e+11 159.180000 19.438000 118.380000  1 0.3000 129.730000 47.32212 34.17384 1.82905 27.320 228.400 -225.490 -6.516e+11 3.375e+11 -2.251e+11 0.06975 320001 320001 678484 4011 84 319996 320067 19.4383 629180000000 743570000000 495720000000 285990000000 114400000000 21.4392 3.56 0.07059 0.3171 0.22659 -13.7169 32.2265 -1.19443 0.32696 0.19248 -6.30015 21.8163 -5.85779 0.5292 527800000000 266900000000
 0.9500   636947 0.9600   645262      1   636950   636950   645265  0 4.22667e+11 4.57600e+11 160.962000 15.557000 113.720000  1 0.3000 137.770000 47.33178 34.13498 1.86101 8.260 203.050 -228.720 -6.464e+11 3.898e+11 -3.486e+11 0.08000 320002 320002 678484 4039 83 319996 320067 15.5571 610110000000 695910000000 524310000000 324120000000 152530000000 7.77312 0 0.07406 0.43667 0.31799 -9.52891 22.7991 1.76103 0.62389 0.45525 -2.88808 18.0491 2.32065 0.4595 576100000000 181100000000
 0.9400   628648 0.9500   636947      1       -1       -1   636950  0 4.25833e+11 3.62300e+11 149.513000 36.947000 111.360000  1 0.3000 108.970000 47.37713 34.04673 1.87168 -11.880 176.770 -230.200 -5.578e+11 2.740e+11 -4.038e+10 0.05147 320003 320003 678484 4049 82 319996 320067 36.9474 533850000000 619640000000 343190000000 133460000000 9533000000 63.6564 0 0.08215 0.46647 0.30811 -36.0298 67.0297 22.7633 0.72314 0 -0.5417 -4.89616 9.75383 0.7371 384300000000 362300000000
 0.9300   620327 0.9400   628648      1   620330   620330       -1  0 4.29000e+11 4.57600e+11 162.280000 20.415000 105.260000  1 0.3000 131.140000 47.32030 34.11055 1.92047 -16.930 154.910 -238.580 -3.555e+11 3.621e+11 -3.414e+11 0.06075 320004 320004 678484 4050 81 319996 320067 20.4151 600580000000 762640000000 543380000000 305060000000 123930000000 19.3641 0 0.05484 0.53669 0.44067 -12.5296 16.9357 2.70414 0.68276 0.59556 -5.11295 12.5596 0.03286 0.4061 533200000000 257400000000
 0.9200   611979 0.9300   620327      1   611982   611982   620330  0 4.67133e+11 4.67100e+11 164.061000 19.645000 107.790000  1 0.3000 133.810000 47.35101 34.07097 1.94283 -28.140 127.400 -238.570 -5.385e+11 3.806e+11 -3.179e+11 0.06734 320005 320005 678484 4051 80 319996 320067 19.6449 629180000000 667310000000 591050000000 362250000000 47665000000 13.2781 0 0.06363 0.52803 0.305 -10.9351 15.3891 8.9793 0.245 0.03404 -4.85922 12.8835 13.0431 0.4338 572800000000 257400000000
 0.9100   603616 0.9200   611979      1       -1       -1   611982  0 5.56100e+11 4.76700e+11 165.833000 21.358000 108.380000  1 0.3000 133.230000 47.34866 34.05936 1.98444 -36.730 100.650 -239.520 -4.722e+11 3.039e+11 -3.377e+11 0.06003 320006 320006 678484 4065 79 319996 320067 21.3582 619640000000 667310000000 524310000000 295520000000 95330000000 10.0449 0 0.05527 0.55677 0.33782 -10.8188 24.3094 9.77444 0.51485 0.22044 -6.10152 20.3937 10.6623 0.4178 532200000000 295500000000
 0.9000   595243 0.9100   603616      1       -1       -1       -1  0 5.56100e+11 4.67100e+11 165.379000 17.904000 107.660000  1 0.3000 137.610000 47.35889 34.05068 2.01033 -47.000 77.340 -245.840 -2.919e+11 2.638e+11 -1.482e+10 0.03764 320007 320007 678484 4070 78 319996 320067 17.9036 533850000000 638710000000 457580000000 343190000000 9533000000 8.18875 2.38 0.03446 0.46833 0.36191 -14.5944 29.2012 20.1116 0.1906 0.0555 -10.6254 25.7721 24.111 0.4121 542800000000 276500000000
 0.8900   586835 0.9000   595243      1       -1       -1       -1  0 5.56100e+11 4.67100e+11 166.035000 16.510000 111.250000  1 0.3000 140.700000 47.34740 34.06491 2.04969 -51.260 51.970 -243.910 -2.768e+11 2.460e+11 -1.628e+10 0.03592 320008 320008 678484 4108 77 319996 320067 16.5099 543380000000 610110000000 448050000000 276460000000 162060000000 23.6662 2.22 0.03256 0.56643 0.39688 -7.79358 22.9347 12.2427 0.762 0.48231 0.49338 11.7515 14.3879 0.4219 525100000000 238300000000
 0.8800   578453 0.8900   586835      1       -1       -1       -1  0 5.56100e+11 4.95700e+11 170.024000 16.366000 119.050000  1 0.3000 145.100000 47.37680 34.03226 2.06491 -52.080 24.250 -240.180 -4.821e+11 1.807e+11 -5.199e+10 0.04163 320009 320009 678484 42 76 319996 320067 16.3657 552910000000 619640000000 486180000000 362250000000 0 13.1752 0 0.04133 0.338 0.25817 -16.9388 29.2705 30.7602 0.08226 0.00164 -14.7276 25.8491 34.7007 0.4897 613800000000 238300000000
 0.8700   569997 0.8800   578453      1       -1       -1       -1  0 5.56100e+11 4.76700e+11 168.473000 15.986000 121.800000  1 0.3000 144.220000 47.36673 34.05268 2.13467 -57.180 10.920 -241.340 -3.166e+11 2.229e+11 -4.112e+10 0.03731 320010 320010 678484 3105 75 319996 320067 15.9859 543380000000 610110000000 476650000000 314590000000 162060000000 25.5462 0 0.03332 0.55208 0.30779 -4.09997 15.6228 9.40064 0.74054 0.32437 -2.00306 11.2754 7.93794 0.4521 561000000000 228800000000
 0.8600   561538 0.8700   569997      1       -1       -1       -1  0 5.56100e+11 4.95700e+11 171.353000 16.202000 121.460000  1 0.3000 146.800000 47.37412 34.05009 2.17146 -59.640 -8.680 -239.010 -4.320e+11 1.802e+11 1.467e+11 0.04371 320011 320011 678484 4150 74 319996 320067 16.2023 533850000000 600580000000 448050000000 390850000000 152530000000 28.8156 3.73 0.03947 0.61277 0.48925 -8.35405 15.9298 10.3839 0.64219 0.33211 -4.39138 11.9492 9.45708 0.4488 587200000000 238300000000
 0.8500   553100 0.8600   561538      1       -1       -1       -1  0 5.56100e+11 4.67100e+11 168.640000 14.417000 121.960000  1 0.3000 147.920000 47.37931 34.05146 2.20494 -65.480 -33.280 -236.800 -2.778e+11 2.012e+11 1.696e+11 0.03862 320012 320012 678484 4138 73 319996 320067 14.4169 524310000000 591050000000 438520000000 371790000000 162060000000 25.9563 0 0.03413 0.68576 0.42961 -10.0029 16.6203 12.5895 0.67346 0.45266 -1.25425 13.8257 12.8642 0.4467 583800000000 238300000000
 0.8400   544587 0.8500   553100      1       -1       -1       -1  0 5.56100e+11 4.57600e+11 168.125000 12.628000 119.040000  1 0.3000 152.230000 47.39403 34.04584 2.23471 -67.230 -57.880 -236.300 -2.118e+11 2.603e+11 2.014e+11 0.04376 320013 320013 678484 4174 72 319996 320067 12.6282 524310000000 667310000000 476650000000 381320000000 181130000000 18.4947 0 0.03628 0.84171 0.65226 14.0957 -14.9477 -4.05319 0.7791 0.66198 -10.8184 15.5594 1.41187 0.4064 631200000000 219300000000
 0.8300   536071 0.8400   544587      1       -1       -1       -1  0 5.56100e+11 4.95700e+11 173.327000 11.373000 119.670000  1 0.3000 162.520000 47.40318 34.05981 2.27135 -63.470 -74.880 -232.120 -2.052e+11 2.710e+11 6.190e+10 0.03318 320014 320014 678484 4175 71 319996 320067 11.3732 591050000000 648240000000 438520000000 371790000000 219260000000 22.7915 0 0.02814 0.88709 0.59314 -6.24625 14.1123 8.13151 0.90663 0.59068 -6.47438 13.67 2.68425 0.4076 625900000000 209700000000
 0.8200   527474 0.8300   536071      1       -1       -1       -1  0 5.56100e+11 5.62500e+11 181.460000 13.159000 125.510000  1 0.3000 165.890000 47.41553 34.06945 2.29411 -56.680 -95.710 -229.360 -1.248e+11 8.838e+10 2.737e+11 0.02391 320015 320015 678484 3144 70 319996 320067 13.1593 600580000000 657780000000 476650000000 381320000000 228790000000 20.0675 0 0.02077 0.87559 0.52096 -4.33045 12.8913 12.0993 0.95304 0.54145 -8.1896 10.9981 -5.78519 0.4178 722500000000 247900000000
 0.8100   518831 0.8200   527474      1       -1       -1       -1  0 5.56100e+11 5.52900e+11 181.102000 14.532000 125.490000  1 0.3000 161.530000 47.42741 34.08073 2.32455 -55.030 -114.690 -228.640 -2.988e+11 1.677e+11 3.448e+11 0.03901 320016 320016 678484 4199 69 319996 320067 14.5321 571980000000 695910000000 486180000000 409920000000 209730000000 10.1931 0 0.03328 0.87784 0.51983 -6.78638 8.66015 13.2402 0.87783 0.44828 -4.46869 4.70243 13.4899 0.4111 644700000000 228800000000
 0.8000   510155 0.8100   518831      1       -1       -1       -1  0 5.52900e+11 5.52900e+11 181.772000 13.091000 121.990000  1 0.3000 166.670000 47.44210 34.09698 2.35728 -46.870 -130.250 -225.050 -1.292e+11 6.654e+10 1.613e+11 0.01766 320017 320017 678484 3211 68 319996 320067 13.0911 676840000000 714970000000 562450000000 400390000000 181130000000 6.52966 3.77 0.01493 0.84071 0.56891 11.5163 -10.4817 -9.54503 0.68066 0.41316 11.7057 -9.36916 -9.5079 0.3903 629400000000 190700000000
 0.7900   501516 0.8000   510155      1       -1       -1       -1  0 5.43367e+11 5.52900e+11 182.439000 18.726000 116.480000  1 0.3000 153.910000 47.45486 34.11440 2.39320 -46.290 -145.790 -221.720 -2.257e+11 6.419e+10 8.400e+10 0.01955 320018 320018 678484 4237 67 319996 320067 18.7256 667310000000 686380000000 600580000000 457580000000 200190000000 12.8209 3.07 0.01722 0.79191 0.52587 17.1638 -16.9477 -4.50763 0.70403 0.44923 14.7083 -14.4047 -10.1508 0.3879 611400000000 247900000000
 0.7800   492870 0.7900   501516      1       -1       -1       -1  0 5.33833e+11 5.24300e+11 179.889000 18.847000 111.490000  1 0.3000 151.220000 47.45308 34.15137 2.44820 -38.700 -162.050 -223.190 -2.900e+11 5.149e+10 1.779e+11 0.03052 320019 320019 678484 3230 66 319996 320067 18.8471 619640000000 676840000000 600580000000 495720000000 257390000000 12.1335 0 0.02608 0.50009 0.32343 -15.573 21.5968 10.608 0.4406 0.1266 -14.5978 22.052 9.21037 0.3568 608000000000 276500000000
 0.7700   484193 0.7800   492870      1       -1       -1       -1  0 5.27467e+11 5.24300e+11 180.536000 19.319000 116.310000  1 0.3000 151.230000 47.47058 34.15538 2.48060 -30.550 -179.920 -222.740 -3.465e+11 6.226e+10 2.930e+11 0.04052 320020 320020 678484 4269 65 319996 320067 19.3188 638710000000 676840000000 581510000000 419450000000 152530000000 29.0359 0 0.03488 0.59856 0.30702 -8.60199 22.1304 5.2799 0.46248 0.24451 -1.03413 18.5751 -0.49826 0.379 579000000000 286000000000
 0.7600   475493 0.7700   484193      1       -1       -1       -1  0 5.27467e+11 5.33800e+11 182.271000 18.046000 115.660000  1 0.3000 155.500000 47.45735 34.22057 2.52328 -20.660 -193.030 -215.940 -2.959e+11 9.086e+09 1.890e+11 0.03037 320021 320021 678484 5226 64 319996 320067 18.0461 657780000000 676840000000 591050000000 409920000000 171590000000 8.2311 0 0.02609 0.61042 0.4715 -16.8364 21.7655 9.40954 0.57297 0.3434 -14.9383 16.8549 13.9873 0.3719 590200000000 276500000000
 0.7500   466761 0.7600   475493      1       -1       -1       -1  0 5.21100e+11 5.24300e+11 181.819000 15.004000 116.450000  1 0.3000 162.040000 47.46019 34.25632 2.56174 -13.170 -205.680 -208.060 -3.984e+11 -5.169e+10 2.280e+11 0.04175 320022 320022 678484 5242 63 319996 320067 15.0036 600580000000 629180000000 524310000000 400390000000 181130000000 8.70754 0 0.03553 0.5905 0.51304 -17.0564 25.2805 9.1796 0.55782 0.47636 -10.0414 20.797 15.5852 0.3725 612500000000 257400000000
 0.7400   457960 0.7500   466761      1       -1       -1       -1  0 5.08400e+11 5.05200e+11 180.215000 15.123000 116.430000  1 0.3000 160.200000 47.46006 34.29667 2.59631 -8.070 -216.860 -200.550 -4.077e+11 1.368e+10 2.203e+11 0.04592 320023 320023 678484 5250 62 319996 320067 15.1232 610110000000 629180000000 514780000000 390850000000 181130000000 14.9171 0 0.03811 0.62437 0.46488 -14.8713 19.1208 8.64471 0.64651 0.46056 -8.64865 16.1567 12.5688 0.3641 587000000000 247900000000
 0.7300   449129 0.7400   457960      1       -1       -1       -1  0 4.98867e+11 4.95700e+11 179.694000 15.680000 113.190000  1 0.3000 158.520000 47.45874 34.33518 2.63215 -0.860 -228.320 -193.240 -3.644e+11 3.012e+10 2.205e+11 0.04485 320024 320024 678484 4223 61 319996 320067 15.6804 581510000000 638710000000 543380000000 371790000000 181130000000 15.4542 0 0.03642 0.53588 0.42254 -13.7292 21.5115 8.27004 0.52057 0.29268 16.0822 -13.888 -3.41059 0.3422 556500000000 238300000000
 0.7200   440285 0.7300   449129      1       -1       -1       -1  0 4.92533e+11 4.95700e+11 180.308000 17.877000 104.260000  1 0.3000 154.740000 47.46423 34.39020 2.66721 8.060 -238.810 -185.860 -3.366e+11 5.423e+10 1.895e+11 0.04057 320025 320025 678484 4324 60 319996 320067 17.8768 610110000000 676840000000 591050000000 371790000000 171590000000 10.9855 3.06 0.03344 0.62082 0.47979 -2.01744 23.2614 12.4475 0.61843 0.36764 0.80009 23.6016 7.72174 0.311 542000000000 276500000000
 0.7100   431372 0.7200   440285      1       -1       -1       -1  0 4.89367e+11 4.86200e+11 179.750000 19.489000 98.210000  1 0.3000 151.560000 47.47881 34.44301 2.70501 16.410 -250.760 -181.990 -2.361e+11 1.082e+11 1.584e+11 0.03218 320026 320026 678484 4276 59 319996 320067 19.4885 638710000000 667310000000 552910000000 352720000000 123930000000 13.4482 0 0.02709 0.71355 0.64816 24.9676 -18.1641 -3.65034 0.63759 0.50933 -6.57466 24.5806 7.61778 0.2952 509300000000 286000000000
 0.7000   422400 0.7100   431372      1       -1       -1       -1  0 4.89367e+11 4.76700e+11 179.164000 19.222000 95.690000  1 0.3000 151.730000 47.46629 34.51049 2.74450 27.550 -260.660 -176.670 -2.331e+11 1.337e+11 1.070e+11 0.03298 320027 320027 678484 4371 58 319996 320067 19.2215 629180000000 714970000000 562450000000 362250000000 181130000000 14.8063 0 0.02676 0.72171 0.44571 -18.9319 20.0216 0.42955 0.7701 0.33728 -11.9169 21.3899 2.47305 0.2692 493400000000 247900000000
 0.6900   413403 0.7000   422400      1       -1       -1       -1  0 4.89367e+11 4.86200e+11 180.946000 17.901000 98.760000  1 0.3000 156.340000 47.46205 34.58318 2.79467 34.250 -273.000 -169.450 -2.665e+11 2.463e+11 2.728e+11 0.04894 320028 320028 678484 5386 57 319996 320067 17.901 667310000000 705440000000 571980000000 381320000000 200190000000 17.3932 1.9 0.04087 0.50612 0.25652 -15.2833 25.2978 9.55831 0.43122 0.18816 -11.5152 25.3353 11.2556 0.2888 471900000000 238300000000
 0.6800   404398 0.6900   413403      1       -1       -1       -1  0 4.79833e+11 5.05200e+11 183.879000 22.917000 104.920000  1 0.3000 151.670000 47.44982 34.66226 2.83521 42.990 -275.690 -158.590 -3.417e+11 -4.200e+10 7.294e+11 0.07734 320029 320029 678484 5409 56 319996 320067 22.9175 791240000000 810300000000 562450000000 343190000000 171590000000 24.5401 3.39 0.06847 0.42549 0.30007 -16.9349 22.7105 11.1706 0.37958 0.19925 -16.8034 20.13 9.06106 0.3315 454500000000 286000000000
 0.6700   395417 0.6800   404398      1       -1       -1       -1  0 4.73467e+11 4.48100e+11 177.229000 13.613000 102.510000  1 0.3000 163.370000 47.45758 34.70628 2.86752 57.890 -285.180 -152.540 -2.847e+11 3.993e+11 2.847e+11 0.07449 320030 320030 678484 4413 55 319996 320067 13.613 638710000000 667310000000 457580000000 343190000000 209730000000 16.9279 0 0.05916 0.74273 0.4258 20.8677 -16.6386 -5.41595 0.53636 0.32816 -14.8064 19.975 7.75947 0.2873 505300000000 209700000000
 0.6600   386478 0.6700   395417      1       -1       -1       -1  0 4.73467e+11 4.48100e+11 177.792000 14.481000 107.890000  1 0.3000 161.990000 47.42471 34.77930 2.90050 70.710 -288.720 -138.050 -2.531e+11 3.096e+11 3.649e+11 0.07141 320031 320031 678484 6645 54 319996 320067 14.4812 734040000000 734040000000 467120000000 362250000000 181130000000 8.28109 3.47 0.05682 0.81395 0.28058 20.4084 5.52079 12.0311 0.76531 0.25727 17.9722 9.38743 11.9149 0.3092 619700000000 228800000000
 0.6500   377446 0.6600   386478      1       -1       -1       -1  0 4.73467e+11 4.86200e+11 183.271000 13.622000 120.830000  1 0.3000 171.300000 47.41776 34.85995 2.94909 78.300 -296.040 -136.620 -2.355e+11 5.175e+11 8.874e+11 0.11270 320032 320032 678484 5575 53 319996 320067 13.6224 610110000000 724510000000 486180000000 305060000000 238320000000 8.73151 22.18 0.09711 0.84513 0.43275 18.5792 -10.1604 4.33843 0.74388 0.4536 -10.1959 14.3428 4.84765 0.3866 646900000000 219300000000
 0.6400   368364 0.6500   377446      1       -1       -1       -1  0 4.73467e+11 4.09900e+11 173.674000 12.582000 95.320000  1 0.3000 163.900000 47.39320 34.94804 2.99405 83.130 -297.260 -119.460 -4.035e+10 3.437e+11 -6.288e+10 0.05579 320033 320033 678484 5576 52 319996 320067 12.5816 714970000000 714970000000 467120000000 295520000000 200190000000 25.3383 3.59 0.04335 0.64994 0.43374 -9.28986 21.733 17.1887 0.44107 0.35679 -13.6926 19.6192 17.4448 0.258 462700000000 181100000000
 0.6300   359250 0.6400   368364      1       -1       -1       -1  0 4.73467e+11 4.09900e+11 174.202000 18.230000 87.230000  1 0.3000 151.230000 47.35868 35.01915 3.01909 80.730 -292.790 -109.130 2.074e+10 2.927e+11 -9.445e+10 0.04757 320034 320034 678484 6684 51 319996 320067 18.2302 667310000000 667310000000 457580000000 285990000000 114400000000 20.0133 0 0.03823 0.8249 0.40146 -23.4017 24.1783 9.18663 0.48295 0.22269 -19.6746 27.1585 12.7934 0.2356 430500000000 238300000000
 0.6200   350152 0.6300   359250      1       -1       -1       -1  0 4.73467e+11 4.00400e+11 173.360000 20.863000 80.600000  1 0.3000 146.650000 47.33556 35.11688 3.06169 79.580 -286.660 -103.050 4.329e+10 2.447e+11 -1.294e+11 0.04428 320035 320035 678484 6691 50 319996 320067 20.863 533850000000 619640000000 390850000000 285990000000 66731000000 22.9682 0 0.03637 0.44078 0.19272 -14.5084 30.874 13.3671 0.06652 0.00347 -13.809 19.5489 7.06618 0.2173 393200000000 238300000000
 0.6100   341026 0.6200   350152      1       -1       -1       -1  0 4.73467e+11 3.90800e+11 172.480000 24.244000 77.900000  1 0.3000 142.120000 47.30189 35.20359 3.08881 83.280 -280.920 -103.360 8.810e+10 2.185e+11 -1.344e+11 0.04550 320036 320036 678484 6707 49 319996 320067 24.2443 400390000000 438520000000 400390000000 305060000000 95330000000 17.193 6.91 0.03689 0.28557 0.22627 -10.2827 26.8269 14.9125 0.27094 0.14781 -8.98188 17.5641 16.3654 0.2015 394400000000 247900000000
 0.6000   331879 0.6100   341026      1       -1       -1       -1  0 4.73467e+11 4.19400e+11 177.102000 26.832000 77.800000  1 0.3000 144.540000 47.27274 35.27860 3.10695 78.770 -268.020 -89.630 9.704e+10 2.433e+11 -1.509e+11 0.04473 320037 320037 678484 6748 48 319996 320067 26.832 428980000000 438520000000 381320000000 257390000000 85797000000 11.7828 0 0.03681 0.50469 0.20804 -8.33402 24.8567 14.5316 0.44215 0.04448 -7.76105 18.4424 16.4345 0.1941 391100000000 257400000000
 0.5900   322708 0.6000   331879      1       -1       -1       -1  0 4.73467e+11 4.29000e+11 178.943000 21.974000 80.570000  1 0.3000 152.540000 47.23258 35.36386 3.13473 76.540 -261.320 -84.420 7.409e+10 3.094e+11 -1.404e+11 0.05053 320038 320038 678484 7047 47 319996 320067 21.9742 428980000000 448050000000 371790000000 238320000000 142990000000 14.9024 0 0.04107 0.33302 0.2071 1.06347 29.1781 21.6234 0.32538 0.20365 -2.37537 22.8977 16.3525 0.197 398300000000 228800000000
 0.5800   313468 0.5900   322708      1       -1       -1       -1  0 4.73467e+11 4.29000e+11 179.445000 19.267000 83.300000  1 0.3000 157.980000 47.21381 35.47413 3.18237 82.850 -256.720 -81.690 5.688e+10 1.899e+11 -3.154e+10 0.02871 320039 320039 678484 7036 46 319996 320067 19.2668 428980000000 438520000000 362250000000 266920000000 152530000000 22.2426 0 0.02388 0.32212 0.20504 9.42774 32.7884 25.1631 0.03867 0.00099 12.7876 31.6628 23.9412 0.209 406000000000 200200000000
 0.5700   304240 0.5800   313468      1       -1       -1       -1  0 4.73467e+11 4.67100e+11 185.120000 32.238000 79.470000  1 0.3000 149.570000 47.18854 35.56140 3.19896 81.950 -246.220 -73.930 1.280e+11 1.195e+11 -2.519e+10 0.02194 320040 320040 678484 7050 45 319996 320067 32.2384 467120000000 467120000000 381320000000 295520000000 95330000000 13.8141 0 0.01839 0.49433 0.27761 3.32406 28.142 22.6964 0.52674 0.13059 8.43002 26.0589 11.5741 0.1855 412100000000 324100000000
 0.5600   294983 0.5700   304240      1       -1       -1       -1  0 4.73467e+11 4.38500e+11 181.753000 27.450000 77.300000  1 0.3000 151.090000 47.15472 35.65265 3.22450 83.670 -238.470 -69.500 8.990e+10 5.296e+10 4.624e+10 0.01619 320041 320041 678484 7049 44 319996 320067 27.4498 438520000000 457580000000 400390000000 324120000000 19066000000 13.1263 0 0.01328 0.56605 0.34344 8.14299 27.7017 33.5978 0.36313 0.27901 9.09623 25.0057 32.2607 0.1739 417700000000 324100000000
 0.5500   285726 0.5600   294983      1       -1       -1       -1  0 4.73467e+11 4.38500e+11 182.235000 23.151000 78.620000  1 0.3000 157.230000 47.11637 35.74973 3.25597 83.090 -230.580 -66.170 8.887e+10 4.867e+10 4.758e+10 0.01593 320042 320042 678484 7188 43 319996 320067 23.1506 448050000000 448050000000 419450000000 314590000000 28599000000 25.3334 0 0.01313 0.68781 0.4101 4.59543 25.5544 30.0921 0.75659 0.18336 -2.09634 26.5112 22.3277 0.179 418300000000 276500000000
 0.5400   276507 0.5500   285726      1       -1       -1       -1  0 4.73467e+11 4.38500e+11 182.708000 22.126000 79.670000  1 0.3000 159.990000 47.08772 35.85175 3.28832 82.150 -226.060 -62.100 8.036e+10 -3.181e+09 -5.423e+09 0.01140 320043 320043 678484 7148 42 319996 320067 22.1259 438520000000 438520000000 400390000000 305060000000 19066000000 33.8401 1.46 0.00953 0.37796 0.33799 -1.20517 36.6203 29.8966 0.26812 0.04422 -5.48065 33.9872 15.669 0.1846 418200000000 266900000000
 0.5300   267268 0.5400   276507      1       -1       -1       -1  0 4.73467e+11 4.86200e+11 189.582000 28.269000 78.460000  1 0.3000 160.480000 47.07804 35.90546 3.29193 81.020 -217.360 -60.560 1.270e+11 3.473e+10 3.793e+09 0.01613 320044 320044 678484 7176 41 319996 320067 28.2686 486180000000 486180000000 448050000000 333650000000 0 6.6444 0 0.01321 0.95914 0.57069 -4.03039 21.8212 32.226 0.87463 0.487 29.1904 -5.62151 13.0648 0.1617 455500000000 333700000000
 0.5200   258039 0.5300   267268      1       -1       -1       -1  0 4.73467e+11 4.67100e+11 187.536000 26.028000 80.580000  1 0.3000 161.760000 47.03645 36.00143 3.30796 80.970 -208.730 -58.500 9.403e+10 5.522e+10 4.358e+10 0.01607 320045 320045 678484 6019 40 319996 320067 26.0284 467120000000 467120000000 457580000000 324120000000 85797000000 3.96998 0 0.0127 0.75738 0.62637 -14.4163 17.6904 24.5686 0.80343 0.47793 -16.3662 13.1243 15.5194 0.1609 488100000000 314600000000
 0.5100   248757 0.5200   258039      1       -1       -1       -1  0 4.67100e+11 4.67100e+11 187.992000 23.339000 82.820000  1 0.3000 166.680000 47.00689 36.10574 3.36071 78.740 -201.900 -55.700 9.943e+10 8.123e+10 1.324e+10 0.01785 320046 320046 678484 5982 39 319996 320067 23.3389 467120000000 467120000000 457580000000 314590000000 133460000000 28.1776 0 0.01408 0.64129 0.35383 -6.2961 27.4996 27.3118 0.30853 0.21738 19.9806 23.6664 21.1224 0.1664 433700000000 276500000000
 0.5000   239588 0.5100   248757      1       -1       -1       -1  0 4.54400e+11 4.67100e+11 188.438000 15.964000 87.430000  1 0.3000 182.850000 46.96796 36.18061 3.37647 77.720 -194.820 -53.580 9.942e+10 7.710e+10 8.183e+09 0.01843 320047 320047 678484 5970 38 319996 320067 15.9636 467120000000 467120000000 457580000000 314590000000 181130000000 13.7413 0 0.01387 0.68423 0.35771 -1.70065 16.4668 26.7841 0.94366 0.42866 5.70559 10.5148 19.6003 0.1683 469500000000 209700000000
 0.4900   230406 0.5000   239588      1       -1       -1       -1  0 4.32167e+11 4.29000e+11 183.589000 21.816000 85.550000  1 0.3000 166.360000 46.92910 36.29362 3.40468 73.250 -188.200 -50.540 1.053e+11 5.063e+10 -3.672e+10 0.01979 320048 320048 678484 6993 37 319996 320067 21.816 428980000000 428980000000 419450000000 305060000000 47665000000 30.6958 0 0.01567 0.66264 0.38491 -15.0017 34.996 20.1554 0.73035 0.35801 -14.0113 31.3698 9.76377 0.1836 424600000000 257400000000
 0.4800   221249 0.4900   230406      1       -1       -1       -1  0 4.09933e+11 4.00400e+11 179.819000 37.537000 81.190000  1 0.3000 149.160000 46.96146 36.36942 3.45044 67.850 -181.840 -48.930 6.244e+10 1.594e+11 -9.212e+10 0.03180 320049 320049 678484 7009 36 319996 320067 37.5373 400390000000 400390000000 362250000000 200190000000 19066000000 54.0078 0 0.02816 0.46249 0.36092 35.8318 12.7864 28.2279 0.55455 0.04428 25.8732 1.87133 10.2031 0.2102 362100000000 362300000000
 0.4700   212114 0.4800   221249      1       -1       -1       -1  0 4.00400e+11 4.00400e+11 180.214000 24.771000 78.530000  1 0.3000 160.980000 46.88601 36.44924 3.43011 69.530 -173.760 -44.390 7.259e+10 5.305e+10 -2.417e+10 0.01701 320050 320050 678484 6968 35 319996 320067 24.7712 400390000000 400390000000 381320000000 219260000000 95330000000 19.2055 0 0.01361 0.40257 0.21431 9.0455 20.0354 24.4317 0.56805 0.17027 7.78213 10.0202 21.6849 0.1688 376800000000 219300000000
 0.4600   203002 0.4700   212114      1       -1       -1       -1  0 3.78167e+11 4.00400e+11 180.598000 29.018000 71.740000  1 0.3000 158.110000 46.85544 36.53711 3.45862 63.460 -167.670 -41.490 2.395e+10 6.298e+10 -4.186e+10 0.01419 320051 320051 678484 5794 34 319996 320067 29.0182 400390000000 400390000000 333650000000 238320000000 104860000000 9.34968 0 0.01171 0.40922 0.19953 6.3126 28.8504 31.119 0.60499 0.26203 6.73923 20.5618 23.2457 0.1507 339300000000 266900000000
 0.4500   193957 0.4600   203002      1       -1       -1       -1  0 3.52733e+11 3.33700e+11 170.302000 20.732000 66.840000  1 0.3000 158.180000 46.81456 36.63268 3.47804 59.970 -161.890 -46.180 3.495e+10 3.743e+10 -1.427e+10 0.01371 320052 320052 678484 5804 33 319996 320067 20.7321 333650000000 333650000000 333650000000 200190000000 104860000000 19.2671 0 0.01074 0.46402 0.30278 -3.36291 18.9138 30.5908 0.68335 0.26589 -1.04971 13.8281 22.383 0.1286 301400000000 181100000000
 0.4400   184899 0.4500   193957      1       -1       -1       -1  0 3.14600e+11 3.24100e+11 169.003000 14.812000 64.190000  1 0.3000 170.070000 46.78881 36.71230 3.51908 58.050 -152.770 -45.910 4.884e+09 1.256e+10 -1.405e+10 0.00531 320053 320053 678484 6888 32 319996 320067 14.8119 324120000000 324120000000 295520000000 209730000000 114400000000 8.74098 0 0.00417 0.6082 0.37759 1.21446 9.13534 37.7617 0.56796 0.1632 5.57123 4.95589 32.3321 0.119 336400000000 171600000000
 0.4300   175882 0.4400   184899      1       -1       -1       -1  0 3.01867e+11 2.86000e+11 162.412000 13.058000 61.080000  1 0.3000 168.290000 46.75492 36.80068 3.53260 55.280 -144.880 -41.190 -1.982e+10 -1.064e+10 2.005e+10 0.01077 320054 320054 678484 5740 31 319996 320067 13.0585 285990000000 285990000000 285990000000 209730000000 85797000000 7.87602 0 0.00804 0.77332 0.46471 12.5199 7.91379 28.2373 0.79499 0.31061 14.8867 3.4551 23.5543 0.1036 333400000000 85800000000
 0.4200   166923 0.4300   175882      1       -1       -1       -1  0 2.92333e+11 2.95500e+11 164.506000 17.925000 61.340000  1 0.3000 160.430000 46.71833 36.88432 3.57532 53.750 -138.680 -40.380 -1.645e+10 -1.568e+10 8.900e+09 0.00800 320055 320055 678484 5754 30 319996 320067 17.9246 295520000000 295520000000 276460000000 257390000000 19066000000 15.6607 0 0.00623 0.8266 0.6019 23.6073 -3.78664 24.4417 0.93036 0.4202 25.9499 11.6058 11.4585 0.1091 318500000000 162100000000
 0.4100   158044 0.4200   166923      1       -1       -1       -1  0 2.92333e+11 2.86000e+11 163.013000 20.032000 63.720000  1 0.3000 156.520000 46.67887 36.97500 3.56064 52.390 -133.810 -39.570 -1.052e+10 -2.498e+10 8.053e+09 0.00949 320056 320056 678484 5702 29 319996 320067 20.0323 285990000000 285990000000 285990000000 209730000000 0 24.1152 0 0.00771 0.27341 0.24336 34.9784 17.3209 20.6305 0.0602 0.04062 41.954 19.1889 21.1081 0.1282 284800000000 171600000000
 0.4000   149268 0.4100   158044      1       -1       -1       -1  0 2.92333e+11 2.86000e+11 163.298000 24.730000 54.450000  1 0.3000 152.240000 46.65716 37.05976 3.60129 50.440 -126.860 -37.040 -7.358e+09 -1.075e+10 1.545e+10 0.00695 320057 320057 678484 6723 28 319996 320067 24.7295 285990000000 285990000000 276460000000 200190000000 38132000000 12.7639 0 0.00557 0.53464 0.43367 14.3747 16.7275 22.6574 0.63355 0.48299 15.5244 13.3605 5.21097 0.0943 274400000000 190700000000
 0.3900   140593 0.4000   149268      1       -1       -1       -1  0 2.92333e+11 2.95500e+11 165.371000 25.261000 51.170000  1 0.3000 155.510000 46.61137 37.14314 3.63694 49.370 -121.290 -34.660 -2.228e+10 -5.519e+09 5.054e+09 0.00735 320058 320058 678484 6650 27 319996 320067 25.2608 295520000000 295520000000 266920000000 171590000000 28599000000 8.92347 0 0.00621 0.68949 0.30033 8.27312 -0.19328 39.9171 0 0 -11.3487 -35.9459 43.6826 0.0904 278100000000 181100000000
 0.3800   132114 0.3900   140593      1       -1       -1       -1  0 2.82800e+11 2.95500e+11 165.639000 47.512000 48.860000  1 0.3000 145.010000 46.58645 37.22684 3.65044 46.650 -117.280 -34.490 -3.075e+09 3.582e+09 1.233e+10 0.00412 320059 320059 678484 6560 26 319996 320067 47.5124 295520000000 285990000000 276460000000 133460000000 38132000000 7.44478 0 0.00353 0.39782 0.16133 12.0287 2.06473 19.4621 0.51007 0.13776 8.93501 1.78876 13.6262 0.0847 247600000000 305100000000
 0.3700   123622 0.3800   132114      1       -1       -1       -1  0 2.79633e+11 2.57400e+11 158.430000 26.727000 46.410000  1 0.3000 149.720000 46.55312 37.31144 3.68407 46.200 -111.640 -33.200 -2.028e+10 3.200e+10 1.055e+10 0.01609 320060 320060 678484 5452 25 319996 320067 26.7272 257390000000 257390000000 257390000000 152530000000 0 11.3145 0 0.01341 0.44745 0.26036 37.413 -2.36884 43.2143 0.24391 0.0223 54.806 -13.4636 9.62595 0.0702 250400000000 200200000000
 0.3600   115166 0.3700   123622      1       -1       -1       -1  0 2.79633e+11 2.76500e+11 162.491000 23.547000 50.790000  1 0.3000 159.410000 46.50991 37.39648 3.70472 42.420 -105.860 -34.020 -1.623e+10 5.668e+10 2.440e+10 0.02404 320061 320061 678484 6331 24 319996 320067 23.5466 276460000000 276460000000 276460000000 219260000000 9533000000 3.57038 3.01 0.01957 0.48916 0.39037 30.1926 -13.4906 39.6542 0.24119 0.06993 43.5848 -3.80762 3.7852 0.072 283500000000 181100000000
 0.3500   106859 0.3600   115166      1       -1       -1       -1  0 2.79633e+11 2.66900e+11 160.830000 21.785000 59.170000  1 0.3000 161.680000 46.50427 37.46772 3.77070 45.670 -102.190 -30.460 -1.118e+10 5.442e+10 1.220e+10 0.02366 320062 320062 678484 6188 23 319996 320067 21.7854 266920000000 266920000000 266920000000 200190000000 76264000000 40.3899 0 0.01874 0.81349 0.61757 8.5303 23.9208 -19.5527 0.521 0.09118 12.94 23.4347 -14.6117 0.0909 269800000000 143000000000
 0.3400    98736 0.3500   106859      1       -1       -1       -1  0 2.79633e+11 2.86000e+11 164.794000 14.508000 66.270000  1 0.3000 183.840000 46.42002 37.57343 3.75562 41.980 -97.650 -29.500 -1.434e+10 8.250e+10 2.587e+10 0.03599 320063 320063 678484 6012 22 319996 320067 14.5079 285990000000 285990000000 285990000000 219260000000 123930000000 22.5945 0 0.0261 0.4915 0.31265 19.5102 3.36167 25.8665 0.43917 0.18532 17.78 4.24217 23.6412 0.0935 298800000000 133500000000
 0.3300    90858 0.3400    98736      1       -1       -1       -1  0 2.73300e+11 2.86000e+11 165.007000 16.662000 59.290000  1 0.3000 180.740000 46.40080 37.64453 3.79322 40.320 -93.570 -27.700 -1.452e+10 8.043e+10 2.537e+10 0.03379 320064 320064 678484 5840 21 319996 320067 16.662 285990000000 285990000000 285990000000 228790000000 76264000000 12.1571 0 0.02585 0.83539 0.4566 16.4729 5.23962 32.4304 0.55718 0.17066 8.84382 35.4134 1.83287 0.0879 304600000000 143000000000
 0.3200    83107 0.3300    90858      1       -1       -1       -1  0 2.25633e+11 2.47900e+11 157.514000 21.611000 53.290000  1 0.3000 164.250000 46.36876 37.73800 3.81525 38.700 -90.790 -27.740 -3.177e+10 4.386e+10 9.509e+09 0.02640 320065 320065 678484 5676 20 319996 320067 21.6105 247860000000 247860000000 238320000000 190660000000 38132000000 8.23454 0 0.0214 0.33496 0.16964 19.7461 21.3893 38.6232 0.12035 0 25.3359 25.1522 43.0388 0.0871 236300000000 143000000000
 0.3100    75605 0.3200    83107      1       -1       -1       -1  0 1.65267e+11 1.43000e+11 131.279000 28.752000 37.840000  1 0.3000 129.020000 46.38428 37.81602 3.91788 34.520 -77.780 -42.880 -2.239e+10 -8.896e+09 1.230e+09 0.02681 320066 320066 678484 5376 19 319996 320067 28.7515 142990000000 133460000000 133460000000 85797000000 19066000000 28.1622 1.21 0.02384 0.28321 0.08076 8.76131 33.3763 -0.11185 0.3697 0 7.88098 25.5072 2.52758 0.0734 155600000000 133500000000
 0.3000    68334 0.3100    75605      0       -1       -1       -1  0 1.04900e+11 1.04900e+11 118.515000 15.730000 32.700000  1 0.3000 128.000000 46.34652 37.90581 3.94938 28.000 -74.620 -37.540 -1.446e+10 -1.027e+10 1.059e+10 0.03955 320067 320067 678484 4284 18 319996 320067 15.7297 104860000000 104860000000 104860000000 85797000000 0 8.18697 0 0.03478 0.63161 0.22847 21.8398 22.684 29.9997 0.66122 0.23688 25.6806 6.62454 22.7327 0.0588 134200000000 66730000000
