 1.0000   678049 0.0000       -1      1       -1       -1       -1  0 3.78133e+11 3.62300e+11 145.839000 16.819000 100.540000  1 0.3700 120.800000 9.89336 46.48494 54.10387 -73.340 -25.700 -269.740 -1.006e+11 1.650e+11 -1.801e+11 0.03276 350548 350548 678049 3564 88 350547 350611 16.819 362250000000 381320000000 295520000000 152530000000 19066000000 20.0344 0 0.03421 0.43528 0.31483 1.20901 24.5666 14.57 0.31028 0.13933 -1.97378 21.6757 6.51592 0.504 417900000000 162100000000
 0.9900   669903 1.0000   678049      1       -1       -1       -1  0 3.78133e+11 3.62300e+11 146.453000 17.362000 98.280000  1 0.3700 120.470000 9.89932 46.49911 54.13977 -75.220 -25.730 -268.830 -1.217e+11 3.088e+11 -1.252e+11 0.04638 350549 350549 678049 3534 87 350547 350611 17.3616 362250000000 381320000000 314590000000 190660000000 95330000000 19.2583 0 0.04607 0.86039 0.6901 -1.50978 16.1998 11.5834 0.71808 0.62116 -3.61427 13.8079 4.42035 0.4654 414400000000 190700000000
 0.9800   661516 0.9900   669903      1       -1       -1       -1  0 3.78133e+11 3.62300e+11 147.067000 21.876000 96.750000  1 0.3700 115.710000 9.90493 46.49545 54.17050 -71.160 -23.860 -264.700 -4.965e+10 1.927e+11 -2.271e+11 0.03999 350550 350550 678049 3590 86 350547 350611 21.8757 362250000000 381320000000 314590000000 200190000000 85797000000 18.5483 0 0.03934 0.95813 0.66902 18.6385 0.43036 -14.8903 0.83682 0.58701 -8.90695 -8.2976 13.1127 0.4512 408100000000 247900000000
 0.9700   653175 0.9800   661516      1       -1       -1       -1  0 3.78133e+11 3.43200e+11 145.042000 16.583000 98.310000  1 0.3700 119.930000 9.91540 46.49678 54.20480 -73.090 -22.250 -260.010 -1.611e+10 2.212e+11 -1.281e+11 0.03832 350551 350551 678049 3610 85 350547 350611 16.5833 343190000000 390850000000 314590000000 209730000000 85797000000 15.9118 0 0.03662 0.83798 0.67984 18.6201 -0.06686 -16.4669 0.87958 0.51437 3.72853 12.767 -11.08 0.449 437200000000 171600000000
 0.9600   644850 0.9700   653175      1       -1       -1       -1  0 3.78133e+11 3.43200e+11 145.643000 15.372000 102.680000  1 0.3700 122.370000 9.92625 46.50323 54.22887 -73.170 -22.970 -256.280 -1.871e+10 2.208e+11 -1.270e+11 0.03884 350552 350552 678049 3600 84 350547 350611 15.3719 343190000000 390850000000 314590000000 219260000000 104860000000 13.2403 0 0.03664 0.82564 0.67447 15.6759 -1.83708 -13.1591 0.69605 0.49422 16.2009 6.23891 -0.71725 0.4627 450500000000 171600000000
 0.9500   636542 0.9600   644850      1       -1       -1       -1  0 3.78133e+11 3.52700e+11 147.585000 13.456000 106.580000  1 0.3700 128.020000 9.93819 46.51088 54.26474 -73.200 -23.650 -252.530 -6.085e+10 2.591e+11 -1.838e+11 0.04751 350553 350553 678049 3602 83 350547 350611 13.4563 352720000000 400390000000 324120000000 247860000000 114400000000 13.2025 2.26 0.04446 0.60188 0.52731 -7.78418 1.59709 14.2224 0.5744 0.31731 -6.82221 -0.50791 11.7137 0.4729 417400000000 143000000000
 0.9400   628249 0.9500   636542      1       -1       -1       -1  0 3.78133e+11 3.52700e+11 148.190000 7.838000 109.000000  1 0.3700 147.680000 9.94191 46.51120 54.29563 -73.220 -25.960 -249.910 -5.887e+10 2.502e+11 -1.730e+11 0.04639 350554 350554 678049 3599 82 350547 350611 7.83837 352720000000 419450000000 314590000000 257390000000 123930000000 17.6686 0 0.04273 0.5333 0.47877 -6.12232 1.95748 10.6216 0.47893 0.15064 -4.91966 -0.93518 6.75195 0.4753 433500000000 104900000000
 0.9300   619937 0.9400   628249      1       -1       -1       -1  0 3.78133e+11 3.52700e+11 148.794000 11.675000 109.840000  1 0.3700 133.570000 9.95197 46.51862 54.32278 -71.060 -22.590 -244.540 1.267e+10 1.742e+11 -8.488e+10 0.02925 350555 350555 678049 2675 81 350547 350611 11.6754 352720000000 419450000000 305060000000 257390000000 123930000000 17.9094 0 0.02687 0.68945 0.36218 -6.43047 7.38095 14.8339 0.63637 0.12666 -6.74798 10.1638 7.03861 0.4752 436500000000 143000000000
 0.9200   611596 0.9300   619937      1       -1       -1       -1  0 3.78133e+11 3.62300e+11 150.730000 12.209000 110.570000  1 0.3700 134.170000 9.96205 46.52316 54.35104 -72.660 -24.140 -243.550 2.856e+10 1.851e+11 -1.042e+11 0.03025 350556 350556 678049 3602 80 350547 350611 12.2089 362250000000 419450000000 305060000000 247860000000 123930000000 17.8924 0 0.02846 0.84983 0.59462 -7.78145 7.63751 16.7369 0.8865 0.55861 -4.77568 12.1495 10.7982 0.4836 481800000000 162100000000
 0.9100   603236 0.9200   611596      1       -1       -1       -1  0 3.78133e+11 3.81300e+11 153.946000 12.574000 109.480000  1 0.3700 136.680000 9.96888 46.52640 54.37893 -76.940 -24.710 -243.950 4.419e+10 3.763e+11 -2.096e+11 0.05585 350557 350557 678049 3620 79 350547 350611 12.5742 381320000000 409920000000 314590000000 247860000000 104860000000 15.909 0 0.05297 0.79198 0.56918 20.7839 -10.1186 -4.87385 0.72096 0.66401 -13.4255 15.4965 -1.84733 0.4708 473000000000 190700000000
 0.9000   594873 0.9100   603236      1       -1       -1       -1  0 3.78133e+11 3.62300e+11 151.941000 11.633000 112.620000  1 0.3700 137.000000 9.97985 46.52022 54.40995 -74.890 -24.620 -238.000 1.681e+10 2.570e+11 -1.154e+11 0.04085 350558 350558 678049 3623 78 350547 350611 11.6328 362250000000 400390000000 333650000000 247860000000 133460000000 9.19868 0 0.03774 0.72831 0.50344 22.2421 -0.82408 0.41389 0.50844 0.18743 18.1185 3.38924 6.68116 0.479 450600000000 171600000000
 0.8900   586474 0.9000   594873      1       -1       -1       -1  0 3.78133e+11 3.62300e+11 152.544000 10.795000 112.870000  1 0.3700 140.240000 9.99499 46.52398 54.43953 -74.760 -24.810 -234.140 1.767e+10 2.555e+11 -1.177e+11 0.04148 350559 350559 678049 3667 77 350547 350611 10.7949 362250000000 400390000000 324120000000 285990000000 162060000000 4.20654 0 0.03782 0.81311 0.54961 18.0473 0.67814 -1.93811 0.64921 0.40712 15.7878 1.20076 4.79351 0.4732 479200000000 171600000000
 0.8800   578099 0.8900   586474      1       -1       -1       -1  0 3.78133e+11 3.62300e+11 153.145000 10.994000 112.720000  1 0.3700 140.250000 10.01205 46.52297 54.47112 -77.210 -23.860 -233.920 2.297e+10 2.875e+11 -1.993e+11 0.05347 350560 350560 678049 4676 76 350547 350611 10.9941 362250000000 390850000000 343190000000 295520000000 123930000000 2.8442 0 0.04723 0.898 0.58292 12.6557 -1.01214 -5.57003 0.61683 0.3893 10.7582 -1.57569 -0.42892 0.4551 510400000000 133500000000
 0.8700   569643 0.8800   578099      1       -1       -1       -1  0 3.78133e+11 3.71800e+11 155.082000 12.117000 113.670000  1 0.3700 139.020000 10.02811 46.53065 54.49487 -76.560 -25.410 -229.070 5.945e+10 3.381e+11 -1.695e+11 0.05422 350561 350561 678049 7733 75 350547 350611 12.117 371790000000 390850000000 333650000000 257390000000 114400000000 10.5791 0 0.04958 0.64246 0.43458 -4.7223 2.71786 17.4767 0.62301 0.19811 -2.90608 6.53162 15.3729 0.4724 467900000000 181100000000
 0.8600   561189 0.8700   569643      1       -1       -1       -1  0 3.78133e+11 3.62300e+11 154.342000 11.037000 114.720000  1 0.3700 141.460000 10.03948 46.52277 54.52628 -76.310 -24.940 -227.190 1.608e+10 2.855e+11 -1.991e+11 0.05180 350562 350562 678049 3716 74 350547 350611 11.0371 362250000000 390850000000 333650000000 257390000000 152530000000 10.8662 0 0.0473 0.37301 0.35542 -5.0506 5.28149 17.2407 0.42053 0.36087 -3.00358 4.73916 14.3737 0.4799 433900000000 162100000000
 0.8500   552753 0.8600   561189      1       -1       -1       -1  0 3.78133e+11 3.81300e+11 157.609000 17.634000 107.320000  1 0.3700 130.140000 10.06104 46.53674 54.55629 -75.810 -24.870 -221.770 -2.780e+10 3.220e+11 -2.346e+11 0.05065 350563 350563 678049 3693 73 350547 350611 17.6338 381320000000 390850000000 333650000000 238320000000 123930000000 21.2482 0 0.04996 0.64513 0.33953 -13.9946 -2.51873 24.1225 0.8522 0.28437 10.2483 12.7713 -9.68295 0.4758 418800000000 228800000000
 0.8400   544243 0.8500   552753      1       -1       -1       -1  0 3.78133e+11 3.81300e+11 158.212000 19.536000 101.490000  1 0.3700 128.050000 10.06093 46.53004 54.59305 -78.030 -25.580 -215.710 -4.489e+10 2.549e+11 -2.366e+11 0.04595 350564 350564 678049 3749 72 350547 350611 19.5359 381320000000 390850000000 343190000000 266920000000 85797000000 13.2494 1.84 0.04404 0.54004 0.39695 -12.4356 1.32236 23.0665 0.7614 0.53215 -3.61887 0.98364 14.7223 0.4334 431600000000 219300000000
 0.8300   535731 0.8400   544243      1       -1       -1       -1  0 3.74967e+11 3.71800e+11 157.478000 25.668000 97.830000  1 0.3700 121.180000 10.08574 46.52531 54.61176 -77.670 -26.340 -212.010 -4.005e+10 2.409e+11 -1.539e+11 0.03704 350565 350565 678049 1615 71 350547 350611 25.6685 371790000000 381320000000 343190000000 152530000000 38132000000 33.4808 0 0.03797 0.32159 0.06782 -26.6751 -1.1512 37.8518 0.58735 0.12915 -15.086 -0.57938 24.0601 0.4521 402100000000 247900000000
 0.8200   527145 0.8300   535731      1       -1       -1       -1  0 3.74967e+11 3.71800e+11 158.071000 21.684000 94.820000  1 0.3700 125.450000 10.09138 46.55378 54.66637 -74.770 -29.000 -210.270 -9.236e+10 1.810e+11 -2.410e+11 0.04233 350566 350566 678049 7870 70 350547 350611 21.684 371790000000 390850000000 362250000000 181130000000 0 13.0139 0 0.04165 0.69873 0.40341 28.646 9.09731 -22.7958 0.0686 0 -8.69251 29.5927 -3.69431 0.4132 422100000000 228800000000
 0.8100   518503 0.8200   527145      1       -1       -1       -1  0 3.74967e+11 3.81300e+11 160.005000 27.499000 91.870000  1 0.3700 122.190000 10.11475 46.52720 54.69111 -76.780 -28.200 -206.500 -2.773e+10 1.894e+11 -2.600e+11 0.04189 350567 350567 678049 3777 69 350547 350611 27.4986 381320000000 381320000000 333650000000 181130000000 104860000000 34.4421 3.11 0.04106 0.47755 0.11173 -12.912 -1.31503 13.6246 0.43939 0.14336 -5.71323 -2.0548 10.1692 0.3932 374700000000 257400000000
 0.8000   509830 0.8100   518503      1       -1       -1       -1  0 3.71800e+11 3.71800e+11 159.248000 29.439000 87.910000  1 0.3700 120.340000 10.13189 46.54413 54.72392 -72.810 -27.600 -199.420 -2.659e+10 1.504e+11 -2.323e+11 0.03857 350568 350568 678049 7967 68 350547 350611 29.4391 371790000000 381320000000 276460000000 219260000000 57198000000 29.8428 1.82 0.03705 0.62208 0.41354 33.1632 2.73279 -16.4171 0.66346 0.35105 21.75 7.72986 -13.0116 0.3641 355700000000 266900000000
 0.7900   501195 0.8000   509830      1       -1       -1       -1  0 3.52733e+11 3.62300e+11 158.454000 24.863000 86.520000  1 0.3700 123.010000 10.13673 46.54435 54.76101 -73.850 -24.120 -190.850 -3.835e+10 1.799e+11 -2.308e+11 0.04389 350569 350569 678049 3811 67 350547 350611 24.8626 362250000000 381320000000 285990000000 219260000000 85797000000 22.3378 3.31 0.04126 0.57658 0.30256 20.857 -5.55682 4.57668 0.62857 0.35314 14.2382 -6.17033 5.38296 0.3482 361700000000 257400000000
 0.7800   492554 0.7900   501195      1       -1       -1       -1  0 3.30500e+11 3.24100e+11 153.241000 19.550000 88.450000  1 0.3700 123.680000 10.14598 46.54926 54.80174 -75.420 -25.150 -184.740 -9.960e+10 2.308e+11 -2.493e+11 0.06541 350570 350570 678049 7955 66 350547 350611 19.5499 324120000000 381320000000 285990000000 219260000000 47665000000 14.6882 0 0.05983 0.55428 0.31011 31.7942 -6.39187 3.70908 0.54265 0.42657 24.1448 -7.22889 -0.94858 0.3543 371400000000 190700000000
 0.7700   483880 0.7800   492554      1       -1       -1       -1  0 3.20967e+11 3.05100e+11 150.716000 14.624000 93.880000  1 0.3700 129.010000 10.17954 46.54664 54.83575 -74.690 -28.210 -181.470 -3.810e+10 2.052e+11 -2.073e+11 0.06211 350571 350571 678049 3851 65 350547 350611 14.624 305060000000 333650000000 285990000000 190660000000 104860000000 30.7166 0 0.05525 0.57625 0.50732 19.7806 -13.8695 3.52601 0.79886 0.59444 -3.96956 14.9407 -7.6754 0.3746 333400000000 152500000000
 0.7600   475183 0.7700   483880      1       -1       -1       -1  0 3.17800e+11 3.33700e+11 155.840000 15.088000 94.860000  1 0.3700 133.620000 10.16545 46.58552 54.86273 -72.250 -28.060 -175.370 -5.167e+10 3.050e+11 -2.186e+11 0.06532 350572 350572 678049 3870 64 350547 350611 15.0885 333650000000 371790000000 285990000000 257390000000 9533000000 3.27182 2.79 0.06157 0.40971 0.13534 -17.1951 20.3351 -0.23047 0.21013 0.01585 -24.8189 27.0845 -0.4822 0.3911 397600000000 123900000000
 0.7500   466454 0.7600   475183      1       -1       -1       -1  0 3.17800e+11 3.05100e+11 151.787000 12.355000 95.640000  1 0.3700 135.730000 10.21637 46.56070 54.90349 -71.650 -28.500 -174.520 -3.835e+10 2.027e+11 -2.030e+11 0.06272 350573 350573 678049 3883 63 350547 350611 12.3546 305060000000 314590000000 257390000000 171590000000 123930000000 33.7769 0 0.05489 0.49428 0.33908 12.7701 -7.06674 9.40337 0.63851 0.23255 7.69864 -4.38275 8.50329 0.3752 358300000000 133500000000
 0.7400   457664 0.7500   466454      1       -1       -1       -1  0 3.05067e+11 3.14600e+11 153.888000 12.804000 94.690000  1 0.3700 137.080000 10.20661 46.58957 54.92665 -78.270 -24.420 -171.560 -9.284e+10 2.698e+11 -1.217e+11 0.06387 350574 350574 678049 3886 62 350547 350611 12.8042 314590000000 314590000000 295520000000 247860000000 95330000000 9.63239 0 0.05618 0.5019 0.36127 23.4336 -16.599 25.4311 0.2184 0.02347 17.607 -9.36127 26.7339 0.3608 410100000000 123900000000
 0.7300   448835 0.7400   457664      1       -1       -1       -1  0 3.01867e+11 2.95500e+11 151.235000 16.062000 91.260000  1 0.3700 127.610000 10.24512 46.58270 54.98473 -73.130 -26.590 -165.600 -5.128e+10 1.839e+11 -1.749e+11 0.05808 350575 350575 678049 8037 61 350547 350611 16.0621 295520000000 333650000000 276460000000 200190000000 66731000000 37.9638 0 0.05229 0.69497 0.52896 15.0488 -10.1486 19.4008 0.71749 0.31576 -3.58857 -5.30034 19.3774 0.3655 303500000000 152500000000
 0.7200   439992 0.7300   448835      1       -1       -1       -1  0 3.01867e+11 2.95500e+11 151.752000 17.900000 89.820000  1 0.3700 125.480000 10.25699 46.59314 55.01954 -71.930 -23.770 -164.020 -1.290e+10 1.714e+11 -1.684e+11 0.05442 350576 350576 678049 3930 60 350547 350611 17.9 295520000000 314590000000 276460000000 219260000000 57198000000 36.2324 0 0.04886 0.56024 0.40812 17.0022 -13.5875 25.4872 0.6714 0.36461 0.34343 -5.82301 22.4631 0.3533 332100000000 162100000000
 0.7100   431078 0.7200   439992      1       -1       -1       -1  0 3.01867e+11 2.95500e+11 152.265000 12.229000 90.260000  1 0.3700 137.530000 10.24313 46.60276 55.05140 -71.160 -23.710 -160.800 -1.217e+10 1.696e+11 -1.667e+11 0.05691 350577 350577 678049 8154 59 350547 350611 12.2286 295520000000 295520000000 285990000000 276460000000 66731000000 15.2202 0 0.04861 0.72688 0.5357 -14.7287 -14.0468 18.7914 0.49178 0.14593 15.2124 19.4918 -9.4827 0.3323 416100000000 85800000000
 0.7000   422106 0.7100   431078      1       -1       -1       -1  0 3.01867e+11 2.95500e+11 152.774000 14.452000 91.640000  1 0.3700 133.040000 10.27584 46.60889 55.09036 -74.180 -21.720 -160.540 -5.966e+10 2.541e+11 -9.344e+10 0.06387 350578 350578 678049 3951 58 350547 350611 14.4517 295520000000 305060000000 285990000000 257390000000 0 18.9668 0 0.0569 0.57707 0.2857 11.3283 -23.3284 32.6311 0.72148 0.15168 22.3642 -18.6503 5.9877 0.3567 374900000000 143000000000
 0.6900   413108 0.7000   422106      1       -1       -1       -1  0 3.01867e+11 2.95500e+11 153.278000 18.885000 86.960000  1 0.3700 126.420000 10.25651 46.61086 55.11517 -71.320 -23.170 -154.070 -1.133e+10 1.676e+11 -1.672e+11 0.05327 350579 350579 678049 3956 57 350547 350611 18.8854 295520000000 305060000000 285990000000 200190000000 9533000000 21.2828 1.81 0.04891 0.4084 0.25843 20.6049 31.1806 -17.3441 0.37435 0.12244 11.39 28.0063 -8.88686 0.3481 337700000000 181100000000
 0.6800   404104 0.6900   413108      1       -1       -1       -1  0 2.98700e+11 3.14600e+11 157.016000 31.698000 81.800000  1 0.3700 119.410000 10.27468 46.65477 55.13467 -69.390 -20.270 -153.530 -4.501e+10 2.450e+11 -1.152e+11 0.05202 350580 350580 678049 3958 56 350547 350611 31.6976 314590000000 314590000000 247860000000 152530000000 28599000000 33.6974 1.28 0.05133 0.14951 0.06119 38.8903 -29.0627 20.556 0.7727 0.40033 31.2715 -22.3297 10.8197 0.3452 281500000000 247900000000
 0.6700   395130 0.6800   404104      1       -1       -1       -1  0 2.86000e+11 2.86000e+11 152.596000 25.513000 76.810000  1 0.3700 119.670000 10.29778 46.62679 55.18983 -68.930 -22.670 -147.830 1.897e+09 1.920e+11 -1.509e+11 0.05829 350581 350581 678049 1844 55 350547 350611 25.5135 285990000000 314590000000 257390000000 171590000000 47665000000 17.1395 0 0.05384 0.95366 0.4044 29.2406 -9.7588 8.44387 0.48178 0.29387 7.32522 24.1779 -19.7122 0.3023 276800000000 209700000000
 0.6600   386191 0.6700   395130      1       -1       -1       -1  0 2.70100e+11 2.57400e+11 147.797000 25.820000 70.610000  1 0.3700 115.420000 10.31184 46.60871 55.21239 -72.170 -17.800 -139.570 -1.386e+10 2.100e+11 -1.135e+11 0.06711 350582 350582 678049 4011 54 350547 350611 25.8202 257390000000 276460000000 228790000000 133460000000 0 24.9016 0 0.06321 0.44624 0.14673 4.05855 40.5358 -14.9245 0.41057 0.18866 1.66009 38.7547 -12.0764 0.2833 259800000000 200200000000
 0.6500   377156 0.6600   386191      1       -1       -1       -1  0 2.63733e+11 2.66900e+11 150.069000 34.385000 70.940000  1 0.3700 113.240000 10.34008 46.61820 55.24574 -71.260 -19.480 -137.560 1.717e+10 2.079e+11 -1.236e+11 0.06384 350583 350583 678049 8321 53 350547 350611 34.3852 266920000000 276460000000 200190000000 142990000000 0 19.0896 0 0.0607 0.43001 0.11428 -8.89188 44.8859 -9.16121 0.46071 0.16971 -6.91598 33.6502 -10.2483 0.2838 248400000000 247900000000
 0.6400   368076 0.6500   377156      1       -1       -1       -1  0 2.60567e+11 2.66900e+11 150.532000 27.632000 67.430000  1 0.3700 117.380000 10.35696 46.64747 55.28043 -70.120 -18.190 -131.130 -5.971e+09 1.525e+11 -1.246e+11 0.05478 350584 350584 678049 8272 52 350547 350611 27.6323 266920000000 295520000000 200190000000 123930000000 76264000000 15.1605 0 0.04963 0.5281 0.18135 10.6433 -10.0496 6.97398 0.48865 0.02483 14.9359 -8.39824 -1.14393 0.2393 248200000000 171600000000
 0.6300   358961 0.6400   368076      1       -1       -1       -1  0 2.31967e+11 2.47900e+11 147.307000 18.358000 67.130000  1 0.3700 123.310000 10.37147 46.65557 55.31182 -69.170 -17.810 -122.700 -1.072e+10 6.619e+10 -9.965e+10 0.03898 350585 350585 678049 4001 51 350547 350611 18.3578 247860000000 276460000000 171590000000 123930000000 85797000000 17.2744 0 0.03445 0.53811 0.17919 16.9445 -11.8406 9.38338 0.49731 0.10073 18.0205 -10.1134 11.1009 0.2328 236200000000 123900000000
 0.6200   349870 0.6300   358961      1       -1       -1       -1  0 2.25633e+11 1.81100e+11 133.081000 10.888000 64.310000  1 0.3700 122.690000 10.38799 46.66234 55.34620 -61.820 -19.290 -120.590 1.599e+10 1.092e+10 -4.014e+10 0.02734 350586 350586 678049 3988 50 350547 350611 10.8882 181130000000 238320000000 181130000000 114400000000 66731000000 7.27432 0 0.0217 0.57907 0.28188 -6.44487 24.3061 -3.84101 0.42524 0.04115 5.18254 20.6643 -1.2352 0.2058 229700000000 85800000000
 0.6100   340751 0.6200   349870      1       -1       -1       -1  0 2.25633e+11 1.81100e+11 133.474000 10.054000 66.720000  1 0.3700 126.050000 10.40961 46.66590 55.39023 -62.730 -20.380 -115.740 1.566e+10 -3.184e+10 -5.769e+10 0.04080 350587 350587 678049 4036 49 350547 350611 10.0543 181130000000 228790000000 181130000000 123930000000 47665000000 8.71172 0 0.0332 0.45844 0.16608 4.00847 26.5098 -17.1066 0.0036 0 5.69213 35.5115 -22.5218 0.2249 220900000000 76260000000
 0.6000   331609 0.6100   340751      1       -1       -1       -1  0 2.25633e+11 1.81100e+11 133.862000 8.352000 69.500000  1 0.3700 133.240000 10.43233 46.67504 55.42080 -64.390 -18.700 -112.820 1.887e+10 -1.308e+10 -5.334e+10 0.03667 350588 350588 678049 5092 48 350547 350611 8.35151 181130000000 200190000000 181130000000 142990000000 85797000000 4.74841 0 0.02866 0.81847 0.55389 0.30187 18.8186 -15.3732 0.59446 0.30951 -8.00942 8.92127 19.1036 0.2229 223400000000 76260000000
 0.5900   322442 0.6000   331609      1       -1       -1       -1  0 2.25633e+11 1.90700e+11 136.559000 12.703000 64.980000  1 0.3700 123.590000 10.43741 46.68866 55.45676 -65.620 -15.060 -109.060 -1.324e+10 -5.427e+10 -8.666e+10 0.05815 350589 350589 678049 4081 47 350547 350611 12.7031 190660000000 190660000000 190660000000 152530000000 76264000000 10.2 0 0.04704 0.76331 0.48998 26.3401 -6.08175 -0.58512 0.49569 0.29873 20.5893 -6.44737 -12.767 0.2057 204800000000 85800000000
 0.5800   313196 0.5900   322442      1       -1       -1       -1  0 2.25633e+11 2.28800e+11 145.523000 17.096000 62.330000  1 0.3700 125.720000 10.48343 46.67745 55.50018 -65.360 -15.880 -109.150 3.704e+10 -3.694e+10 -1.206e+11 0.05308 350590 350590 678049 4052 46 350547 350611 17.0958 228790000000 228790000000 171590000000 142990000000 57198000000 7.67241 1.56 0.04459 0.78419 0.20725 14.2812 -10.1684 9.89238 0.65653 0.21798 14.9834 -7.09528 7.41837 0.1859 199100000000 114400000000
 0.5700   303973 0.5800   313196      1       -1       -1       -1  0 2.25633e+11 2.09700e+11 141.752000 14.137000 61.970000  1 0.3700 127.410000 10.50296 46.68239 55.53262 -67.240 -15.450 -104.370 1.355e+10 -3.448e+10 -1.389e+11 0.06894 350591 350591 678049 4072 45 350547 350611 14.1372 209730000000 228790000000 200190000000 142990000000 66731000000 9.80825 0 0.05677 0.44472 0.24639 24.6716 -18.8836 6.30396 0.48859 0.24502 19.8476 -3.94583 1.65593 0.1823 199400000000 95330000000
 0.5600   294721 0.5700   303973      1       -1       -1       -1  0 2.25633e+11 2.09700e+11 142.135000 14.675000 58.820000  1 0.3700 127.390000 10.51533 46.70163 55.55721 -64.550 -9.110 -100.780 -4.817e+09 -5.517e+10 -1.146e+11 0.06138 350592 350592 678049 4057 44 350547 350611 14.6754 209730000000 209730000000 171590000000 152530000000 47665000000 10.9364 3.21 0.05065 0.56068 0.42717 26.6771 -18.6202 6.79187 0.54823 0.51785 24.3483 -14.0723 5.59401 0.1685 213800000000 114400000000
 0.5500   285469 0.5600   294721      1       -1       -1       -1  0 2.25633e+11 2.09700e+11 142.512000 13.594000 60.810000  1 0.3700 130.660000 10.54821 46.70573 55.59905 -64.790 -12.650 -100.330 1.400e+10 -3.298e+10 -1.381e+11 0.07043 350593 350593 678049 4028 43 350547 350611 13.5943 209730000000 219260000000 181130000000 142990000000 76264000000 13.2001 0 0.0572 0.5678 0.36379 27.302 -15.1533 1.19048 0.86696 0.44638 15.1623 -5.02256 -12.081 0.1708 206700000000 104900000000
 0.5400   276250 0.5500   285469      1       -1       -1       -1  0 2.25633e+11 2.09700e+11 142.883000 13.102000 68.320000  1 0.3700 132.890000 10.56983 46.71073 55.64111 -62.520 -17.680 -99.570 1.104e+11 -2.486e+10 -1.219e+11 0.08203 350594 350594 678049 4090 42 350547 350611 13.1017 209730000000 209730000000 181130000000 133460000000 66731000000 17.6182 0 0.06722 0.7848 0.31977 22.521 -10.1012 -2.79085 0.18738 0.10797 23.7054 -4.47195 -9.57865 0.2046 213900000000 104900000000
 0.5300   267011 0.5400   276250      1       -1       -1       -1  0 2.25633e+11 2.09700e+11 143.246000 15.850000 68.980000  1 0.3700 128.510000 10.59582 46.71559 55.67910 -58.550 -19.620 -96.910 1.137e+11 -2.722e+10 -1.406e+11 0.09020 350595 350595 678049 4070 41 350547 350611 15.8496 209730000000 209730000000 200190000000 133460000000 66731000000 14.1461 0 0.07448 0.53813 0.3814 16.0849 -4.49191 4.26189 0.88085 0.57436 13.4378 -2.12132 -2.67751 0.2092 203600000000 114400000000
 0.5200   257781 0.5300   267011      1       -1       -1       -1  0 2.25633e+11 2.28800e+11 147.828000 16.717000 66.260000  1 0.3700 132.780000 10.62436 46.71877 55.71212 -59.380 -13.490 -92.640 1.166e+11 3.877e+09 -1.263e+11 0.07250 350596 350596 678049 3050 40 350547 350611 16.7167 228790000000 238320000000 190660000000 133460000000 76264000000 11.1003 5.77 0.0611 0.38112 0.05617 18.8202 -0.61345 3.56646 0.3484 0.01858 17.4663 -1.08027 2.76853 0.1957 200500000000 114400000000
 0.5100   248509 0.5200   257781      1       -1       -1       -1  0 2.25633e+11 2.28800e+11 148.188000 27.091000 58.280000  1 0.3700 122.770000 10.65137 46.72610 55.75450 -59.560 -10.490 -91.850 4.156e+10 -2.812e+10 -1.502e+11 0.06660 350597 350597 678049 2972 39 350547 350611 27.0913 228790000000 228790000000 219260000000 142990000000 66731000000 6.22447 0 0.05677 0.57946 0.26881 34.2593 2.77286 13.9725 0.62144 0.33426 13.5399 12.6234 20.1875 0.1567 206500000000 162100000000
 0.5000   239339 0.5100   248509      1       -1       -1       -1  0 2.25633e+11 2.19300e+11 146.447000 28.795000 52.950000  1 0.3700 120.820000 10.66557 46.72834 55.78522 -60.010 -10.260 -89.240 2.985e+10 -3.794e+10 -1.323e+11 0.06373 350598 350598 678049 2921 38 350547 350611 28.7949 219260000000 219260000000 219260000000 123930000000 9533000000 18.1495 0 0.05464 0.5855 0.33693 16.5502 3.18337 14.448 0.41136 0.08773 25.451 -13.8337 -10.8385 0.1319 206200000000 181100000000
 0.4900   230158 0.5000   239339      1       -1       -1       -1  0 2.16100e+11 2.28800e+11 148.883000 22.924000 55.960000  1 0.3700 128.470000 10.70846 46.73812 55.84575 -59.130 -9.180 -87.250 1.430e+09 -3.327e+10 -1.400e+11 0.06143 350599 350599 678049 4057 37 350547 350611 22.9236 228790000000 228790000000 209730000000 171590000000 0 10.403 2.71 0.05248 0.44105 0.18943 35.7424 -5.53328 20.7276 0.74699 0.66735 43.1014 -6.01008 14.3351 0.1385 213800000000 171600000000
 0.4800   221005 0.4900   230158      1       -1       -1       -1  0 2.09733e+11 2.00200e+11 142.723000 12.117000 60.320000  1 0.3700 140.310000 10.73250 46.74162 55.89252 -58.260 -8.950 -84.580 7.055e+09 -5.627e+09 -1.185e+11 0.06808 350600 350600 678049 4224 36 350547 350611 12.1174 200190000000 200190000000 200190000000 181130000000 9533000000 5.08969 0 0.05464 0.31769 0.15512 27.9732 -9.146 13.541 0.52762 0.33745 33.398 0.20369 12.4082 0.1451 245000000000 76260000000
 0.4700   211872 0.4800   221005      1       -1       -1       -1  0 2.03367e+11 2.00200e+11 143.036000 8.891000 65.810000  1 0.3700 153.260000 10.75441 46.73278 55.93081 -57.450 -7.560 -82.100 6.639e+09 -5.236e+09 -1.158e+11 0.07270 350601 350601 678049 4224 35 350547 350611 8.8906 200190000000 200190000000 200190000000 181130000000 104860000000 12.8192 0 0.05388 0.78743 0.37073 18.6609 22.8148 4.74085 0.6486 0.27201 16.7767 21.6844 9.75294 0.1479 247600000000 57200000000
 0.4600   202763 0.4700   211872      1       -1       -1       -1  0 2.00200e+11 2.09700e+11 145.581000 8.769000 67.650000  1 0.3700 158.490000 10.79934 46.72881 55.97338 -60.760 -6.670 -79.850 6.831e+09 -4.021e+09 -1.211e+11 0.06991 350602 350602 678049 8321 34 350547 350611 8.76927 209730000000 209730000000 200190000000 181130000000 133460000000 18.6724 3.63 0.05263 0.72882 0.47098 -3.44226 24.5079 3.62173 0.53488 0.37992 -5.44351 24.7951 3.92484 0.1583 280900000000 47660000000
 0.4500   193726 0.4600   202763      1       -1       -1       -1  0 2.00200e+11 1.90700e+11 141.321000 10.706000 64.940000  1 0.3700 146.120000 10.80564 46.76075 56.01770 -59.590 -5.980 -77.770 -8.692e+08 9.385e+09 -8.296e+10 0.05695 350603 350603 678049 8215 33 350547 350611 10.7058 190660000000 190660000000 190660000000 171590000000 85797000000 21.8688 0 0.04288 0.63254 0.44008 17.5483 -8.47691 8.11414 0.49138 0.35318 16.3426 -12.6387 9.12461 0.1553 215500000000 85800000000
 0.4400   184676 0.4500   193726      1       -1       -1       -1  0 1.90667e+11 2.00200e+11 143.926000 33.224000 59.790000  1 0.3700 121.600000 10.80851 46.76178 56.03946 -52.530 -3.450 -72.890 -1.927e+10 -1.743e+10 -7.789e+10 0.04188 350604 350604 678049 4070 32 350547 350611 33.2244 200190000000 171590000000 162060000000 66731000000 47665000000 43.8441 2.47 0.03928 0.18659 0.12533 26.106 -11.9398 8.9842 0.0725 0 13.6108 -9.43092 0.43597 0.1922 167600000000 171600000000
 0.4300   175670 0.4400   184676      1       -1       -1       -1  0 1.87467e+11 1.81100e+11 139.475000 35.041000 55.480000  1 0.3700 117.750000 10.85616 46.74951 56.08100 -53.670 -7.170 -69.350 -2.236e+10 -1.832e+10 -4.710e+10 0.03406 350605 350605 678049 8122 31 350547 350611 35.0408 181130000000 181130000000 162060000000 85797000000 19066000000 31.4669 0 0.03156 0.334 0.12727 36.8355 -3.06181 18.2665 0.53541 0.16443 22.0979 -2.80512 13.5028 0.1737 170700000000 181100000000
 0.4200   166711 0.4300   175670      1       -1       -1       -1  0 1.81100e+11 1.81100e+11 139.737000 25.879000 47.050000  1 0.3700 123.720000 10.92778 46.74215 56.14117 -51.200 -1.210 -66.070 5.396e+09 -4.585e+09 -4.660e+10 0.02969 350606 350606 678049 8063 30 350547 350611 25.8792 181130000000 181130000000 181130000000 66731000000 19066000000 6.15568 0 0.02721 0.46278 0.01134 18.1531 4.31601 10.3875 0.68715 0.01148 21.4362 -4.17505 -7.28962 0.1262 173000000000 143000000000
 0.4100   157839 0.4200   166711      1       -1       -1       -1  0 1.77933e+11 1.81100e+11 139.991000 36.233000 47.450000  1 0.3700 120.000000 10.96655 46.74012 56.18704 -51.880 -5.600 -65.640 2.021e+09 -1.660e+09 -5.098e+10 0.03076 350607 350607 678049 7957 29 350547 350611 36.2331 181130000000 181130000000 171590000000 28599000000 9533000000 6.26951 0 0.0298 0.15344 0.00478 49.0019 12.9098 5.89678 0.10494 0 6.77591 13.9117 -1.34008 0.1427 158900000000 181100000000
 0.4000   149069 0.4100   157839      1       -1       -1       -1  0 1.58867e+11 1.71600e+11 137.731000 58.407000 42.670000  1 0.3700 115.820000 10.98424 46.75743 56.23332 -52.000 1.810 -61.240 3.764e+10 1.373e+10 -7.336e+10 0.05314 350608 350608 678049 3935 28 350547 350611 58.407 171590000000 162060000000 104860000000 19066000000 0 31.743 4.03 0.05402 0 0 53.5297 57.0679 29.2511 0 0 0 0 0 0.1273 148600000000 200200000000
 0.3900   140397 0.4000   149069      1       -1       -1       -1  0 1.36633e+11 1.23900e+11 123.781000 22.764000 40.890000  1 0.3700 112.950000 11.09383 46.76735 56.27935 -54.170 -11.830 -59.240 1.474e+10 1.471e+10 3.061e+09 0.02580 350609 350609 678049 4027 27 350547 350611 22.7638 123930000000 123930000000 123930000000 66731000000 0 6.22254 5.72 0.02368 0.32547 0.10048 49.0169 3.69782 3.6434 0.69569 0.37259 35.5702 9.94344 3.09216 0.11 115600000000 95330000000
 0.3800   131925 0.3900   140397      1       -1       -1       -1  0 1.11210e+11 1.14400e+11 120.717000 37.313000 40.750000  1 0.3700 105.080000 11.06044 46.76078 56.32286 -46.280 -15.810 -59.950 2.151e+10 4.998e+09 -2.302e+10 0.03935 350610 350610 678049 3837 26 350547 350611 37.3132 114400000000 114400000000 66731000000 19066000000 0 22.9426 1.4 0.0415 0.3364 0.00862 52.4254 38.8769 2.54929 0 0 0 0 0 0.1428 126700000000 143000000000
 0.3700   123441 0.3800   131925      0       -1       -1       -1  0 9.53300e+10 9.53300e+10 113.776000 29.308000 44.750000  1 0.3700 101.700000 11.07650 46.75676 56.36902 -49.400 -13.650 -57.850 1.471e+10 3.861e+09 -9.113e+09 0.02562 350611 350611 678049 7587 25 350547 350611 29.308 95330000000 95330000000 95330000000 0 0 30.7606 0 0.03165 0.11336 0 58.004 35.4581 16.7888 0 0 0 0 0 0.2438 114800000000 95330000000
