 1.0000   679634 0.0000       -1      1       -1       -1       -1  0 2.38300e+11 1.52500e+11 109.308000 2.838000 96.470000  1 0.2300 136.000000 28.78745 27.33875 52.68593 -211.950 -170.110 -71.360 6.648e+10 -4.036e+09 7.389e+09 0.05400 531676 531676 679634 5149 88 531675 531753 2.83847 162060000000 171590000000 162060000000 142990000000 133460000000 0.00128 0 0.03668 0.82106 0.33831 11.7104 0.36891 -2.95216 0.8354 0.28983 11.5507 0.74944 -2.96193 0.4019 414900000000 76260000000
 0.9900   671497 1.0000   679634      1       -1       -1       -1  0 2.38300e+11 1.52500e+11 109.768000 2.776000 92.930000  1 0.2300 137.580000 28.80857 27.35502 52.69442 -205.120 -151.110 -96.030 6.659e+10 -4.780e+09 7.163e+09 0.05383 531677 531677 679634 5041 87 531675 531753 2.77603 162060000000 181130000000 152530000000 142990000000 123930000000 0.00189 0 0.03687 0.92398 0.56435 9.98711 -2.20728 1.51724 0.86222 0.37826 8.79677 -2.54051 4.36556 0.3872 432600000000 95330000000
 0.9800   663078 0.9900   671497      1       -1       -1       -1  0 2.38300e+11 1.52500e+11 110.228000 3.056000 88.060000  1 0.2300 133.940000 28.82953 27.36972 52.70565 -198.240 -131.820 -119.880 6.624e+10 -5.198e+09 6.848e+09 0.05365 531678 531678 679634 5063 86 531675 531753 3.05633 152530000000 190660000000 142990000000 142990000000 133460000000 0.00125 0 0.03678 0.63367 0.41904 -3.27171 0.17089 13.4127 0.61434 0.22303 -3.14928 1.40029 14.0425 0.3614 394400000000 66730000000
 0.9700   654710 0.9800   663078      1       -1       -1       -1  0 2.38300e+11 1.62100e+11 112.947000 3.472000 90.550000  1 0.2300 132.680000 28.85031 27.38275 52.71968 -191.430 -112.510 -142.900 1.182e+11 -1.097e+11 1.223e+09 0.10930 531679 531679 679634 4126 85 531675 531753 3.47151 171590000000 181130000000 142990000000 142990000000 114400000000 6.72392 9.4 0.08051 0.79875 0.52628 -5.32396 -0.63028 14.9565 0.79623 0.52825 -5.81249 -1.04601 14.7791 0.397 394300000000 57200000000
 0.9600   646380 0.9700   654710      1       -1       -1       -1  0 2.38300e+11 1.52500e+11 111.147000 2.746000 85.820000  1 0.2300 139.910000 28.87159 27.39561 52.74039 -184.640 -93.000 -165.040 6.408e+10 -6.365e+09 5.860e+09 0.05360 531680 531680 679634 5127 84 531675 531753 2.74564 152530000000 171590000000 142990000000 142990000000 123930000000 4.22229 0 0.03583 0.82201 0.65185 -5.76437 -1.90168 13.7096 0.82201 0.65185 -5.76437 -1.90168 13.7096 0.3349 433900000000 66730000000
 0.9500   638051 0.9600   646380      1       -1       -1       -1  0 2.38300e+11 1.52500e+11 111.605000 2.779000 87.480000  1 0.2300 139.990000 28.89126 27.40334 52.75631 -177.780 -73.330 -186.230 6.276e+10 -7.018e+09 5.600e+09 0.05174 531681 531681 679634 5089 83 531675 531753 2.77912 152530000000 171590000000 152530000000 142990000000 123930000000 0.00082 0 0.03524 0.63514 0.41978 -0.63549 8.05018 13.7426 0.63514 0.41978 -0.63549 8.05018 13.7426 0.3504 441500000000 66730000000
 0.9400   629738 0.9500   638051      1       -1       -1       -1  0 2.38300e+11 1.52500e+11 112.062000 2.999000 89.800000  1 0.2300 137.200000 28.91019 27.41011 52.77831 -170.850 -53.560 -206.720 6.183e+10 -7.576e+09 5.670e+09 0.05110 531682 531682 679634 5092 82 531675 531753 2.99852 152530000000 181130000000 152530000000 142990000000 133460000000 1.4654 0 0.03488 0.74983 0.59301 -1.88576 9.18117 10.1614 0.74983 0.59301 -1.88576 9.18117 10.1614 0.3622 419600000000 76260000000
 0.9300   621411 0.9400   629738      1       -1       -1       -1  0 2.38300e+11 1.52500e+11 112.519000 3.325000 91.390000  1 0.2300 133.360000 28.93292 27.41560 52.80314 -163.890 -33.590 -226.800 6.157e+10 -7.878e+09 5.895e+09 0.05109 531683 531683 679634 5098 81 531675 531753 3.32462 152530000000 171590000000 152530000000 133460000000 133460000000 2.3135 0 0.03488 0.63852 0.49105 -5.23956 10.66 8.36602 0.66877 0.54423 -7.77582 8.27298 7.896 0.3695 402000000000 76260000000
 0.9200   613060 0.9300   621411      1       -1       -1       -1  0 2.38300e+11 1.52500e+11 112.974000 3.624000 90.020000  1 0.2300 130.400000 28.95409 27.41708 52.83141 -156.920 -13.220 -246.670 6.208e+10 -7.903e+09 6.056e+09 0.05059 531684 531684 679634 5124 80 531675 531753 3.6235 152530000000 162060000000 152530000000 133460000000 114400000000 4.26866 0 0.0353 0.67607 0.54279 -9.18299 10.5342 3.3314 0.72411 0.4647 9.90469 -9.15058 -2.13259 0.372 361200000000 76260000000
 0.9100   604689 0.9200   613060      1       -1       -1       -1  0 2.38300e+11 1.52500e+11 113.428000 3.419000 84.260000  1 0.2300 133.440000 28.97086 27.41900 52.86469 -149.980 7.690 -266.520 6.339e+10 -7.754e+09 6.211e+09 0.05322 531685 531685 679634 5137 79 531675 531753 3.41857 152530000000 162060000000 152530000000 133460000000 123930000000 1.30678 0 0.03615 0.82652 0.58726 -3.11629 10.0756 0.58851 0.88797 0.60333 -4.58156 8.86664 -0.09194 0.3293 344700000000 66730000000
 0.9000   596317 0.9100   604689      1       -1       -1       -1  0 2.38300e+11 1.43000e+11 111.458000 3.704000 76.950000  1 0.2300 127.100000 28.98606 27.41504 52.90112 -143.190 29.300 -286.450 4.452e+10 -1.468e+10 1.860e+10 0.04650 531686 531686 679634 5149 78 531675 531753 3.70445 152530000000 152530000000 152530000000 133460000000 114400000000 7.23565 2.87 0.03175 0.82311 0.68294 -7.18789 -5.29016 9.29359 0.82944 0.43224 -8.62133 -3.50033 7.89761 0.3 335700000000 57200000000
 0.8900   587904 0.9000   596317      1       -1       -1       -1  0 2.38300e+11 1.43000e+11 111.900000 3.509000 70.620000  1 0.2300 129.890000 29.00720 27.41129 52.94026 -136.720 51.790 -306.530 4.384e+10 -1.376e+10 1.995e+10 0.04628 531687 531687 679634 5164 77 531675 531753 3.50949 181130000000 190660000000 162060000000 133460000000 104860000000 5.31024 3.2 0.03165 0.86925 0.74337 -0.81116 -7.46219 9.02934 0.86925 0.74337 -0.81116 -7.46219 9.02934 0.2642 336800000000 38130000000
 0.8800   579513 0.8900   587904      1       -1       -1       -1  0 2.38300e+11 1.71600e+11 119.381000 18.753000 90.180000  1 0.2300 92.400000 29.01099 27.46139 52.96577 -123.170 87.420 -345.310 -1.514e+11 -1.902e+11 -1.354e+10 0.06928 531688 531688 679634 5147 76 531675 531753 18.7534 209730000000 238320000000 142990000000 9533000000 9533000000 30.5621 0 0.11394 0.16934 0.0295 -19.6677 53.312 -8.36424 0 0 0 0 0 0.7416 195000000000 123900000000
 0.8700   571037 0.8800   579513      1       -1       -1       -1  0 2.38300e+11 2.09700e+11 128.139000 20.029000 87.680000  1 0.2300 99.250000 29.02775 27.44607 53.01752 -117.870 124.770 -379.090 -2.692e+11 -2.043e+11 -3.142e+10 0.08611 531689 531689 679634 4173 75 531675 531753 20.0295 219260000000 266920000000 142990000000 123930000000 9533000000 15.8627 8.5 0.11412 0.2456 0.08295 -13.7477 41.3207 -3.8679 0.39555 0 -6.08003 20.7709 0.14524 0.6061 205800000000 133500000000
 0.8600   562572 0.8700   571037      1       -1       -1       -1  0 2.38300e+11 2.09700e+11 128.636000 16.141000 87.940000  1 0.2300 103.750000 29.04430 27.42672 53.07327 -113.270 144.530 -392.730 -2.489e+11 -1.920e+11 -7.651e+09 0.08538 531690 531690 679634 5197 74 531675 531753 16.1406 228790000000 305060000000 171590000000 123930000000 0 15.3821 2.82 0.10611 0.32225 0.1884 -19.2756 38.4641 3.12848 0.29274 0.03804 -18.7493 32.7034 3.889 0.5755 219500000000 123900000000
 0.8500   554136 0.8600   562572      1       -1       -1       -1  0 2.38300e+11 1.71600e+11 120.777000 4.742000 95.060000  1 0.2300 130.810000 29.07803 27.35395 53.13585 -108.180 163.720 -388.570 1.127e+11 -5.819e+09 2.665e+10 0.07174 531691 531691 679634 5210 73 531675 531753 4.74204 219260000000 295520000000 200190000000 162060000000 104860000000 3.57298 9.98 0.0549 0.65443 0.37447 -3.40372 12.403 -10.0844 0.84996 0.49318 -0.02636 -3.81773 12.428 0.4081 304500000000 76260000000
 0.8400   545632 0.8500   554136      1       -1       -1       -1  0 2.38300e+11 1.71600e+11 121.239000 5.247000 97.510000  1 0.2300 127.590000 29.09418 27.32703 53.19684 -103.080 171.920 -399.390 1.079e+11 -2.490e+09 3.032e+10 0.06985 531692 531692 679634 5233 72 531675 531753 5.24698 228790000000 305060000000 200190000000 171590000000 133460000000 2.45158 15.56 0.05331 0.48383 0.38 0.03113 11.5561 -11.3655 0.50481 0.463 -0.65069 -9.32864 10.032 0.4233 315500000000 66730000000
 0.8300   537113 0.8400   545632      1       -1       -1       -1  0 2.38300e+11 2.19300e+11 132.061000 5.676000 101.290000  1 0.2300 139.310000 29.10667 27.30257 53.25457 -103.450 214.480 -435.210 -9.106e+10 -1.622e+11 -1.278e+11 0.08453 531693 531693 679634 5207 71 531675 531753 5.67583 276460000000 343190000000 200190000000 171590000000 133460000000 20.8592 21.8 0.07158 0.43536 0.40381 -4.23509 -9.624 13.6009 0.4321 0.25762 -7.01054 -8.49709 10.0938 0.457 374800000000 85800000000
 0.8200   528511 0.8300   537113      1       -1       -1       -1  0 2.38300e+11 2.38300e+11 136.294000 4.598000 103.870000  1 0.2300 154.740000 29.12222 27.26286 53.31882 -96.520 253.250 -449.400 -2.051e+11 -1.912e+11 -1.039e+11 0.09991 531694 531694 679634 4203 70 531675 531753 4.5979 333650000000 381320000000 238320000000 171590000000 142990000000 30.7461 23.38 0.08289 0.46663 0.37326 -1.32181 -7.53966 11.4338 0.71059 0.57481 -1.51981 -3.95467 9.84819 0.4461 453400000000 114400000000
 0.8100   519865 0.8200   528511      1       -1       -1       -1  0 2.38300e+11 2.38300e+11 136.803000 5.950000 104.380000  1 0.2300 143.950000 29.13810 27.21687 53.39716 -91.130 294.120 -462.800 -1.875e+11 -1.901e+11 -8.769e+10 0.08946 531695 531695 679634 5254 69 531675 531753 5.95022 409920000000 419450000000 343190000000 171590000000 133460000000 29.6275 21.38 0.07823 0.97022 0.65911 -5.8873 11.7617 -4.06534 0.81226 0.57479 6.27675 -4.57883 8.56298 0.4737 357400000000 95330000000
 0.8000   511183 0.8100   519865      1   511190   511190       -1  0 2.63733e+11 2.38300e+11 137.309000 6.423000 101.940000  1 0.2300 141.550000 29.15180 27.16125 53.47745 -84.610 339.510 -476.360 -2.209e+11 -2.135e+11 -7.189e+09 0.09543 531696 531696 679634 4275 68 531675 531753 6.42333 505250000000 505250000000 371790000000 162060000000 123930000000 29.5087 21.07 0.08592 0.66166 0.30691 -8.66402 18.7928 6.51863 0.67285 0.39623 -0.22426 11.0835 -9.40413 0.4752 343000000000 85800000000
 0.7900   502541 0.8000   511183      1   502548   502548   511190  0 2.79633e+11 3.14600e+11 151.175000 11.998000 126.040000  1 0.2300 135.400000 29.15772 27.10085 53.57219 -74.300 349.580 -457.120 -5.222e+11 -1.878e+11 -1.202e+11 0.07345 531697 531697 679634 5278 67 531675 531753 11.9985 657780000000 657780000000 409920000000 285990000000 114400000000 13.0244 43.34 0.10039 0.4841 0.28852 -11.0196 22.5143 16.2049 0.65878 0.30018 -11.8973 12.1774 14.9762 0.7404 353400000000 143000000000
 0.7800   493903 0.7900   502541      1   493910   493910   502548  0 2.98700e+11 2.86000e+11 146.980000 10.971000 108.850000  1 0.2300 133.790000 29.17495 27.01943 53.65744 -59.750 455.990 -512.470 -2.745e+11 -7.978e+10 1.735e+10 0.05994 531698 531698 679634 4253 66 531675 531753 10.9707 781710000000 781710000000 657780000000 276460000000 133460000000 17.5349 17.66 0.05963 0.47085 0.34587 -5.992 8.45428 12.1287 0.49477 0.38228 -5.93516 2.51835 10.7505 0.5183 331100000000 123900000000
 0.7700   485218 0.7800   493903      1   485225   485225   493910  0 2.92333e+11 2.95500e+11 149.130000 13.135000 111.480000  1 0.2300 130.530000 29.18278 26.94432 53.76757 -62.460 538.610 -504.850 -3.763e+11 -7.835e+10 -8.523e+09 0.07907 531699 531699 679634 5288 65 531675 531753 13.1349 924700000000 924700000000 924700000000 352720000000 114400000000 11.5233 12.6 0.07615 0.49638 0.31863 -6.70616 18.2046 18.7907 0.63408 0.34311 -1.47509 17.1119 11.4537 0.5004 325000000000 133500000000
 0.7600   476518 0.7700   485218      1   476525   476525   485225  0 3.01867e+11 2.95500e+11 149.661000 10.290000 110.980000  1 0.2300 139.420000 29.19654 26.83184 53.86148 -47.680 610.480 -487.800 -1.388e+11 -5.883e+10 -1.736e+11 0.05046 531700 531700 679634 5322 64 531675 531753 10.2901 1248800000000 1248800000000 1248800000000 419450000000 142990000000 8.53002 4.86 0.04575 0.60109 0.44255 3.45914 11.8488 10.3109 0.59293 0.42023 6.08239 9.98232 4.98545 0.4635 330300000000 123900000000
 0.7500   467781 0.7600   476518      1   467789   467789   476525  0 3.11400e+11 3.14600e+11 153.352000 11.370000 112.490000  1 0.2300 140.330000 29.20363 26.70606 53.95668 -20.690 702.060 -443.710 -1.443e+11 -7.870e+10 -2.648e+11 0.05932 531701 531701 679634 5336 63 531675 531753 11.3695 1458500000000 1458500000000 1458500000000 591050000000 152530000000 12.1388 16.86 0.05616 0.60388 0.52934 5.31956 17.1999 8.63061 0.44649 0.22258 7.0645 17.9696 11.4147 0.4877 359000000000 133500000000
 0.7400   458972 0.7500   467781      1   458980   458980   467789  0 3.24133e+11 3.24100e+11 155.427000 13.288000 104.310000  1 0.2300 137.550000 29.20670 26.55173 54.04140 10.750 779.220 -385.630 -2.191e+11 -4.186e+10 -1.786e+11 0.05602 531702 531702 679634 5353 62 531675 531753 13.2882 1782700000000 1782700000000 1782700000000 867500000000 171590000000 6.74986 4.34 0.04924 0.75223 0.69784 16.546 8.93747 0.98756 0.56449 0.37826 16.9039 8.96669 5.36636 0.4004 369700000000 162100000000
 0.7300   450145 0.7400   458972      1   450153   450153   458980  0 3.43200e+11 3.33700e+11 157.478000 12.003000 106.460000  1 0.2300 143.560000 29.19914 26.37979 54.10927 47.240 842.580 -276.770 -2.811e+11 1.617e+10 1.076e+11 0.05815 531703 531703 679634 4318 61 531675 531753 12.0028 1811300000000 1811300000000 1811300000000 514780000000 200190000000 6.67474 4.03 0.04974 0.72246 0.54027 17.2177 0.08782 4.06446 0.575 0.36868 18.0546 3.12152 1.85979 0.3843 387000000000 143000000000
 0.7200   441297 0.7300   450145      1   441305   441305   450153  0 3.65433e+11 3.71800e+11 163.821000 12.928000 125.330000  1 0.2300 148.320000 29.18069 26.19737 54.15880 83.880 869.710 -129.880 2.255e+10 1.644e+11 -1.191e+10 0.02527 531704 531704 679634 5403 60 531675 531753 12.9276 2202100000000 2202100000000 2202100000000 1391800000000 247860000000 3.38652 10.53 0.02304 0.81567 0.67093 -12.3264 15.8576 -13.9795 0.76958 0.66659 17.4988 11.729 3.96281 0.4794 449100000000 181100000000
 0.7100   432378 0.7200   441297      1   432372   432387   441305  0 4.03567e+11 3.90800e+11 167.137000 11.203000 132.950000  1 0.2300 158.010000 29.15678 26.00143 54.17782 129.070 857.720 3.580 4.191e+11 9.279e+10 8.354e+10 0.06204 531705 531705 679634 4349 59 531675 531753 11.2025 2793200000000 2793200000000 2793200000000 2793200000000 295520000000 3.51415 18.13 0.05602 0.77721 0.61102 -10.6106 16.2657 -13.5044 0.82923 0.74803 17.1377 3.53734 5.6204 0.4996 494100000000 171600000000
 0.7000   423393 0.7100   432378      1   423399   423402   432372  0 4.35333e+11 4.48100e+11 175.507000 8.312000 143.640000  1 0.2300 182.870000 29.12395 25.81147 54.16388 158.730 760.770 143.850 5.812e+11 4.600e+11 -2.879e+11 0.09398 531706 531706 679634 5439 58 531675 531753 8.3122 2297500000000 2297500000000 2297500000000 714970000000 276460000000 8.4699 7.25 0.08155 0.6221 0.54959 8.142 -12.5368 13.1392 0.96111 0.76083 -6.37269 7.36656 -8.28017 0.4894 640800000000 190700000000
 0.6900   414393 0.7000   423393      1   414399   414401   423399  0 4.57600e+11 4.67100e+11 178.549000 12.737000 138.740000  1 0.2300 166.840000 29.08033 25.63829 54.12656 200.820 651.900 209.310 3.851e+11 -7.457e+10 -1.106e+11 0.04461 531707 531707 679634 5445 57 531675 531753 12.7367 2106800000000 2106800000000 2106800000000 934230000000 228790000000 10.7302 17.77 0.03921 0.91645 0.45299 17.4835 2.13447 5.34421 0.42515 0.30072 16.788 6.25294 1.88691 0.4735 541400000000 209700000000
 0.6800   405381 0.6900   414393      1   405387   405389   414399  0 4.60767e+11 4.57600e+11 177.904000 17.659000 120.520000  1 0.2300 153.970000 29.01902 25.48425 54.07634 224.770 535.170 237.750 1.591e+11 1.790e+11 -1.741e+11 0.03497 531708 531708 679634 5481 56 531675 531753 17.6592 1144000000000 1144000000000 1144000000000 419450000000 200190000000 9.89241 12.13 0.02965 0.76464 0.59032 22.0059 11.5772 0.75009 0.61539 0.47475 22.4037 7.19351 1.18926 0.3874 522300000000 257400000000
 0.6700   396395 0.6800   405381      1   396403   396403   405387  0 4.60767e+11 4.57600e+11 178.477000 16.364000 115.090000  1 0.2300 157.680000 28.96352 25.35890 54.01039 228.410 442.920 253.340 1.118e+11 1.413e+11 -1.159e+11 0.02539 531709 531709 679634 5442 55 531675 531753 16.3638 781710000000 781710000000 581510000000 409920000000 209730000000 7.89601 2.07 0.02158 0.62975 0.50222 20.4097 4.91243 8.58519 0.38387 0.30953 13.4661 4.75184 11.4736 0.3636 500100000000 238300000000
 0.6600   387460 0.6700   396395      1   387469   387469   396403  0 4.70300e+11 4.67100e+11 180.279000 16.870000 112.420000  1 0.2300 158.960000 28.91119 25.24967 53.94518 220.260 364.550 259.160 5.042e+10 2.078e+11 -8.043e+10 0.02675 531710 531710 679634 5455 54 531675 531753 16.8704 648240000000 695910000000 571980000000 352720000000 209730000000 2.8073 1.33 0.02237 0.9464 0.74667 15.5071 16.2172 0.71546 0.66987 0.52918 5.18709 20.4504 -0.33083 0.3425 465200000000 228800000000
 0.6500   378421 0.6600   387460      1       -1       -1   387469  0 5.75167e+11 4.86200e+11 183.271000 18.602000 107.230000  1 0.2300 159.140000 28.85975 25.14958 53.87461 206.890 297.140 256.050 2.615e+11 1.971e+11 -1.687e+11 0.03922 531711 531711 679634 4379 53 531675 531753 18.6021 762640000000 762640000000 514780000000 324120000000 142990000000 9.04097 0 0.03394 0.89942 0.58853 3.37788 17.0091 -9.01754 0.79268 0.44669 7.25416 12.4611 -3.19224 0.3292 468700000000 228800000000
 0.6400   369345 0.6500   378421      1       -1       -1       -1  0 5.75167e+11 4.86200e+11 183.838000 33.464000 102.950000  1 0.2300 143.530000 28.80510 25.07152 53.78736 198.260 243.260 248.890 2.660e+11 1.757e+11 -1.201e+11 0.03422 531712 531712 679634 4362 52 531675 531753 33.4644 762640000000 762640000000 571980000000 285990000000 85797000000 21.3495 4.17 0.03159 0.77446 0.26892 14.0628 7.8394 10.3976 0.46529 0.09897 11.392 7.80941 11.7332 0.3406 479900000000 371800000000
 0.6300   360232 0.6400   369345      1       -1       -1       -1  0 5.75167e+11 4.67100e+11 181.955000 35.393000 97.510000  1 0.2300 141.150000 28.76631 25.00145 53.74267 176.520 196.620 236.580 1.426e+11 1.164e+11 7.625e+10 0.02194 531713 531713 679634 5476 51 531675 531753 35.3926 648240000000 657780000000 514780000000 343190000000 104860000000 26.2474 3.73 0.01987 0.9059 0.82891 -11.8788 18.9043 -17.1012 0.16702 0.08358 2.02818 24.9744 -8.10019 0.3092 440000000000 400400000000
 0.6200   351130 0.6300   360232      1       -1       -1       -1  0 5.75167e+11 4.57600e+11 181.250000 28.549000 92.540000  1 0.2300 145.820000 28.72921 24.95327 53.66279 159.730 164.420 229.870 9.506e+10 1.179e+11 1.709e+11 0.02602 531714 531714 679634 5472 50 531675 531753 28.5486 533850000000 638710000000 476650000000 209730000000 114400000000 42.017 2.8 0.02372 0.74981 0.66005 26.9829 -4.36038 -15.6382 0.7105 0.41905 18.3439 -6.52895 -2.58886 0.2881 435800000000 286000000000
 0.6100   342001 0.6200   351130      1       -1       -1       -1  0 5.75167e+11 4.67100e+11 183.039000 33.343000 92.650000  1 0.2300 144.400000 28.68571 24.90997 53.60190 144.710 133.010 221.750 -1.691e+10 3.982e+10 2.337e+11 0.02648 531715 531715 679634 5477 49 531675 531753 33.3426 581510000000 610110000000 486180000000 171590000000 104860000000 36.6022 1.73 0.02402 0.80286 0.67921 20.5879 -5.22249 -10.753 0.66052 0.43209 17.2372 8.04113 -1.58705 0.2825 438400000000 362300000000
 0.6000   332853 0.6100   342001      1       -1       -1       -1  0 5.75167e+11 4.09900e+11 175.750000 17.758000 85.480000  1 0.2300 155.470000 28.61964 24.87014 53.52329 139.230 106.210 211.890 -8.015e+10 2.271e+11 1.070e+11 0.03987 531716 531716 679634 2098 48 531675 531753 17.7581 600580000000 600580000000 476650000000 190660000000 114400000000 27.8932 0 0.03334 0.84592 0.55186 19.3071 -13.6943 4.43349 0.63026 0.29724 15.024 -0.7816 11.4723 0.2325 388500000000 152500000000
 0.5900   323683 0.6000   332853      1       -1       -1       -1  0 5.75167e+11 4.09900e+11 176.251000 26.296000 84.950000  1 0.2300 144.830000 28.56539 24.84475 53.45832 123.200 82.140 203.420 -6.437e+10 1.690e+11 1.453e+11 0.03441 531717 531717 679634 2223 47 531675 531753 26.2959 533850000000 543380000000 514780000000 314590000000 47665000000 17.591 0 0.02955 0.38696 0.27301 33.1546 -12.4989 6.87962 0.39315 0.11426 34.3125 -6.68817 7.75297 0.2376 382400000000 276500000000
 0.5800   314437 0.5900   323683      1       -1       -1       -1  0 5.75167e+11 4.19400e+11 178.106000 25.265000 83.550000  1 0.2300 148.330000 28.54871 24.81362 53.40279 105.140 64.550 193.510 -1.535e+11 7.589e+10 9.519e+10 0.02870 531718 531718 679634 2257 46 531675 531753 25.2649 667310000000 667310000000 629180000000 257390000000 123930000000 29.7414 2.15 0.0242 0.48731 0.38185 28.8643 -13.6611 4.02669 0.56142 0.41341 19.3383 -11.0183 -6.72856 0.2237 362800000000 238300000000
 0.5700   305200 0.5800   314437      1       -1       -1       -1  0 5.75167e+11 3.81300e+11 173.012000 19.080000 79.830000  1 0.2300 152.140000 28.50169 24.79196 53.34209 93.980 43.910 177.680 -2.113e+11 1.174e+11 1.401e+11 0.04985 531719 531719 679634 1095 45 531675 531753 19.08 629180000000 629180000000 457580000000 305060000000 123930000000 18.1729 0 0.04074 0.78592 0.4151 19.2417 -3.24644 5.33009 0.94592 0.45412 10.7331 8.02105 5.51858 0.2033 375300000000 162100000000
 0.5600   295950 0.5700   305200      1       -1       -1       -1  0 5.75167e+11 4.29000e+11 180.426000 33.824000 82.600000  1 0.2300 144.850000 28.43991 24.80066 53.27584 83.210 29.450 168.590 -5.914e+10 3.892e+11 2.062e+11 0.06258 531720 531720 679634 2262 44 531675 531753 33.8237 476650000000 486180000000 419450000000 257390000000 66731000000 4.9649 1.96 0.05365 0.54448 0.21676 20.6449 -17.7259 7.76243 0.14796 0.02161 -15.2539 16.0275 -3.18168 0.2142 370200000000 333700000000
 0.5500   286699 0.5600   295950      1       -1       -1       -1  0 5.75167e+11 4.00400e+11 176.792000 20.139000 81.760000  1 0.2300 155.940000 28.41597 24.78275 53.21918 71.930 16.810 155.980 -6.373e+10 2.390e+11 1.794e+11 0.05197 531721 531721 679634 1097 43 531675 531753 20.1393 428980000000 448050000000 409920000000 238320000000 123930000000 9.00793 0 0.0417 0.77681 0.65281 20.8957 -1.97047 6.84679 0.68992 0.51516 15.9359 -9.63014 3.50586 0.1949 370500000000 200200000000
 0.5400   277476 0.5500   286699      1       -1       -1       -1  0 5.75167e+11 4.48100e+11 184.023000 27.327000 94.250000  1 0.2300 155.030000 28.38606 24.78527 53.16155 64.300 16.430 144.230 -1.865e+11 2.132e+11 1.036e+11 0.03962 531722 531722 679634 1562 42 531675 531753 27.327 448050000000 448050000000 428980000000 247860000000 133460000000 9.57458 0 0.0344 0.91874 0.53304 24.7975 -8.71068 2.05323 0.66879 0.30965 22.2737 -9.35699 1.42693 0.2509 474400000000 257400000000
 0.5300   268228 0.5400   277476      1       -1       -1       -1  0 5.75167e+11 4.76700e+11 188.335000 42.119000 98.890000  1 0.2300 150.020000 28.34427 24.78734 53.10300 52.470 7.590 138.710 -5.315e+10 3.008e+11 3.188e+11 0.05097 531723 531723 679634 1576 41 531675 531753 42.1188 476650000000 562450000000 419450000000 276460000000 123930000000 18.7519 0 0.04579 0.59825 0.47332 -17.3809 29.4919 11.3684 0.44536 0.32058 23.249 -19.4188 3.26956 0.2731 519800000000 419500000000
 0.5200   258997 0.5300   268228      1       -1       -1       -1  0 5.75167e+11 6.10100e+11 204.997000 74.725000 111.660000  1 0.2300 157.700000 28.31181 24.82010 53.05257 37.310 14.510 132.480 3.483e+11 4.930e+11 1.123e+12 0.09039 531724 531724 679634 1453 40 531675 531753 74.725 629180000000 638710000000 514780000000 257390000000 104860000000 27.1186 3.51 0.08834 0.3603 0.20985 -10.4376 24.913 5.07848 0.32432 0.15335 -8.76658 16.4913 1.08455 0.3217 534200000000 819800000000
 0.5100   249713 0.5200   258997      1       -1       -1       -1  0 5.75167e+11 6.00600e+11 204.419000 55.429000 120.980000  1 0.2300 161.420000 28.28977 24.83124 52.99269 25.510 22.300 122.410 4.296e+11 3.237e+11 9.343e+11 0.07762 531725 531725 679634 8064 39 531675 531753 55.4292 600580000000 600580000000 514780000000 228790000000 104860000000 32.9439 0 0.07734 0.52761 0.25972 -14.1018 15.4468 3.99379 0.37604 0.223 -5.54128 13.6592 1.67581 0.3699 571300000000 676800000000
 0.5000   240534 0.5100   249713      1       -1       -1       -1  0 5.56100e+11 5.14800e+11 194.642000 40.354000 112.140000  1 0.2300 159.420000 28.27393 24.85126 52.93127 22.500 6.700 121.650 1.569e+11 3.286e+11 7.324e+11 0.08206 531726 531726 679634 1414 38 531675 531753 40.3538 514780000000 514780000000 448050000000 247860000000 114400000000 34.9536 0 0.07654 0.48225 0.38373 27.0978 -24.6712 2.11299 0.5532 0.25989 -8.98327 18.0315 -8.83549 0.324 525800000000 429000000000
 0.4900   231347 0.5000   240534      1       -1       -1       -1  0 4.97300e+11 5.52900e+11 199.795000 83.940000 107.350000  1 0.2300 155.990000 28.29744 24.80429 52.84346 21.670 3.050 118.040 3.277e+11 3.105e+11 5.521e+11 0.05776 531727 531727 679634 2630 37 531675 531753 83.94 552910000000 552910000000 438520000000 257390000000 0 22.0973 7.93 0.05978 0.07664 0.03176 -44.1349 65.7433 18.2084 0.06706 0.03264 -39.0466 54.2073 13.5861 0.3491 487000000000 810300000000
 0.4800   222198 0.4900   231347      1       -1       -1       -1  1 4.24200e+11 4.24200e+11 183.191000 59.688000 92.490000  1 0.2300 146.400000 28.29475 24.80378 52.81809 1.940 1.600 99.540 1.373e+11 2.342e+11 3.619e+11 0.05929 531728 531728 679634 8758 36 531675 531753 68.2538 424215000000 424215000000 367020000000 200190000000 0 26.1929 6.235 0.05891 0.04531 0.01588 17.3931 28.539 3.01511 0.093735 0.01632 9.80445 22.9252 5.13009 0.28285 397050000000 538600000000
 0.4700   213064 0.4800   222198      1       -1       -1       -1  0 3.55900e+11 2.95500e+11 162.864000 35.436000 70.150000  1 0.2300 135.350000 28.31995 24.89367 52.72638 3.180 -25.720 125.000 -5.302e+10 1.578e+11 1.718e+11 0.06082 531729 531729 679634 2480 35 531675 531753 35.4357 295520000000 295520000000 295520000000 142990000000 0 30.2885 4.54 0.05804 0.01398 0 78.921 -8.66531 -12.1782 0.12041 0 58.6555 -8.35691 -3.3259 0.2166 307100000000 266900000000
 0.4600   203941 0.4700   213064      1       -1       -1       -1  0 3.55900e+11 2.47900e+11 153.918000 21.035000 58.910000  1 0.2300 138.690000 28.27371 24.89205 52.67571 -1.890 -19.300 124.190 7.500e+09 7.956e+10 3.339e+10 0.03401 531730 531730 679634 1423 34 531675 531753 21.0349 247860000000 247860000000 219260000000 171590000000 19066000000 3.1557 0 0.02844 0.63462 0.32745 -17.7039 26.8883 -13.0194 0.07697 0 -15.7834 27.7352 -6.5161 0.1409 301900000000 171600000000
 0.4500   194885 0.4600   203941      1       -1       -1       -1  0 3.55900e+11 2.19300e+11 148.060000 18.033000 56.190000  1 0.2300 137.510000 28.27446 24.92547 52.58566 -11.530 -11.240 125.450 -9.171e+10 1.043e+11 2.514e+10 0.06866 531731 531731 679634 367 33 531675 531753 18.0331 228790000000 228790000000 200190000000 162060000000 38132000000 20.6021 3.61 0.05741 0.45813 0.06158 -19.2803 -22.2338 26.1752 0.67924 0.05576 -17.4342 -12.4656 14.5796 0.1369 247800000000 133500000000
 0.4400   185825 0.4500   194885      1       -1       -1       -1  0 3.55900e+11 2.19300e+11 148.358000 17.047000 56.580000  1 0.2300 140.590000 28.31222 24.90020 52.54082 -17.680 -3.350 121.900 -5.564e+10 7.589e+10 4.448e+10 0.05070 531732 531732 679634 361 32 531675 531753 17.0467 228790000000 228790000000 219260000000 162060000000 0 14.9625 4.15 0.04278 0.424 0.05409 53.7365 -13.341 7.09503 0.76773 0.55392 40.8856 7.45274 11.5933 0.1354 239400000000 123900000000
 0.4300   176810 0.4400   185825      1       -1       -1       -1  1 3.55900e+11 2.24100e+11 149.718000 20.289000 57.920000  1 0.2300 139.060000 28.31871 24.89988 52.51217 -32.320 5.520 103.560 -4.663e+10 7.870e+10 5.619e+10 0.05241 531733 531733 679634 8579 31 531675 531753 20.7946 228790000000 224025000000 219260000000 166825000000 23832500000 13.357 3.815 0.043405 0.286345 0.043395 49.0551 -10.541 14.9416 0.6073 0.408075 30.4455 -1.28682 14.4297 0.1305 231550000000 147750000000
 0.4200   167837 0.4300   176810      1       -1       -1       -1  0 3.55900e+11 2.28800e+11 151.054000 23.531000 59.210000  1 0.2300 137.490000 28.33691 24.88917 52.40242 -25.850 3.290 113.820 -3.763e+10 8.151e+10 6.790e+10 0.05412 531734 531734 679634 1366 30 531675 531753 23.5315 228790000000 219260000000 219260000000 171590000000 47665000000 11.7514 3.48 0.04403 0.14869 0.0327 44.3737 -7.74098 22.7881 0.44687 0.26223 20.0053 -10.0264 17.2661 0.1256 223700000000 171600000000
 0.4100   158961 0.4200   167837      1       -1       -1       -1  0 3.55900e+11 2.47900e+11 155.420000 12.625000 61.010000  1 0.2300 163.600000 28.35288 24.87562 52.32310 -32.100 4.100 104.490 -6.491e+10 6.530e+10 1.123e+11 0.06433 531735 531735 679634 1343 29 531675 531753 12.6255 276460000000 257390000000 247860000000 142990000000 95330000000 19.0842 0 0.05026 0.64039 0.27544 20.9014 6.5876 11.3766 0.48572 0.27589 20.3289 11.1316 2.55107 0.1183 238400000000 114400000000
 0.4000   150168 0.4100   158961      1       -1       -1       -1  1 3.55900e+11 2.66900e+11 159.601000 16.713000 69.860000  1 0.2300 161.400000 28.36266 24.87316 52.29762 -40.080 13.720 86.030 -5.210e+09 1.417e+11 1.147e+11 0.07348 531736 531736 679634 8310 28 531675 531753 17.6585 285990000000 238325000000 233560000000 162060000000 85797000000 17.4706 10.665 0.060495 0.68366 0.41463 22.1119 0.234105 12.7797 0.551925 0.408785 22.064 6.90894 2.16642 0.1548 256600000000 128700000000
 0.3900   141478 0.4000   150168      1       -1       -1       -1  0 3.55900e+11 2.86000e+11 163.574000 20.801000 76.900000  1 0.2300 159.130000 28.40967 24.84382 52.19267 -37.750 20.120 84.210 5.449e+10 2.180e+11 1.172e+11 0.08262 531737 531737 679634 1285 27 531675 531753 20.8009 295520000000 219260000000 219260000000 181130000000 76264000000 15.857 21.33 0.07073 0.72693 0.55382 23.3224 -6.11939 14.1828 0.61813 0.54168 23.7991 2.68633 1.78177 0.1913 274800000000 143000000000
 0.3800   133001 0.3900   141478      1       -1       -1       -1  0 3.55900e+11 3.52700e+11 175.702000 14.202000 75.860000  1 0.2300 190.900000 28.23871 24.44728 52.41335 76.740 22.040 28.630 -5.024e+09 -4.304e+10 -1.071e+11 0.03165 531738 531738 679634 2281 26 531675 531753 14.2017 352720000000 352720000000 352720000000 333650000000 123930000000 11.4956 0 0.02301 0.48124 0.30288 27.9101 29.4395 13.347 0.35991 0.12823 23.7958 27.0303 14.2705 0.1184 432100000000 143000000000
 0.3700   124505 0.3800   133001      1       -1       -1       -1  0 3.55900e+11 3.71800e+11 179.090000 21.999000 70.470000  1 0.2300 179.240000 28.19471 24.45243 52.40064 74.160 21.780 24.880 3.273e+10 -6.674e+10 -8.361e+10 0.02631 531739 531739 679634 1495 25 531675 531753 21.9991 371790000000 371790000000 362250000000 266920000000 28599000000 19.2489 0 0.02067 0.47573 0.25564 39.1476 16.1907 8.79428 0.41378 0.05742 34.9431 13.2013 10.1732 0.1161 347100000000 219300000000
 0.3600   116028 0.3700   124505      1       -1       -1       -1  0 3.40033e+11 3.43200e+11 174.635000 33.268000 59.920000  1 0.2300 163.860000 28.15642 24.44521 52.38114 68.290 21.090 22.760 1.123e+10 -1.390e+10 -1.024e+11 0.02714 531740 531740 679634 1542 24 531675 531753 33.2681 343190000000 333650000000 314590000000 209730000000 47665000000 29.3548 1.98 0.02223 0.4296 0.23724 39.2096 18.6582 -0.97162 0.37508 0.13007 36.6069 8.44169 -5.63221 0.0968 296000000000 276500000000
 0.3500   107697 0.3600   116028      1       -1       -1       -1  0 3.08267e+11 3.05100e+11 168.150000 20.438000 59.510000  1 0.2300 172.650000 28.10147 24.43505 52.35540 66.690 17.720 19.490 2.935e+10 -3.395e+10 -4.913e+10 0.02248 531741 531741 679634 1400 23 531675 531753 20.4382 305060000000 276460000000 276460000000 181130000000 66731000000 15.8341 0 0.01755 0.73174 0.26868 22.7629 -1.63624 7.59218 0.12258 0.03508 34.2817 -15.7502 8.52736 0.0917 270500000000 162100000000
 0.3400    99543 0.3500   107697      1       -1       -1       -1  0 2.57433e+11 2.76500e+11 162.943000 14.978000 56.570000  1 0.2300 179.960000 28.01240 24.41491 52.32919 62.610 19.140 17.010 1.934e+10 -2.348e+10 -3.860e+10 0.02020 531742 531742 679634 574 22 531675 531753 14.9781 276460000000 266920000000 219260000000 200190000000 66731000000 4.03185 0 0.01549 0.58506 0.37733 23.974 14.2479 0.43923 0.48358 0.28905 21.7296 2.53948 1.73548 0.0826 275700000000 95330000000
 0.3300    91641 0.3400    99543      1       -1       -1       -1  0 2.25633e+11 1.90700e+11 144.147000 38.854000 50.940000  1 0.2300 134.720000 27.88442 24.39581 52.29584 63.170 15.280 20.310 1.824e+10 -1.376e+10 -4.829e+10 0.03318 531743 531743 679634 1309 21 531675 531753 38.8545 190660000000 190660000000 162060000000 38132000000 0 58.8647 0 0.03172 0.27241 0.00405 89.4206 6.66757 16.5162 0.65932 0.00265 27.5186 36.0864 -4.71527 0.1218 196700000000 200200000000
 0.3200    83868 0.3300    91641      1       -1       -1       -1  0 2.03367e+11 2.09700e+11 148.983000 26.907000 44.960000  1 0.2300 148.270000 27.92330 24.36900 52.29792 54.560 14.950 19.140 9.256e+09 -1.122e+10 -2.876e+10 0.01944 531744 531744 679634 1359 20 531675 531753 26.9074 209730000000 200190000000 200190000000 123930000000 0 24.1983 1.48 0.01657 0.70483 0.50087 33.7841 -25.6713 0.16827 0.56845 0.21398 -25.5245 -2.59062 29.2377 0.0761 201400000000 123900000000
 0.3100    76339 0.3200    83868      1       -1       -1       -1  0 1.93833e+11 2.09700e+11 149.156000 45.992000 46.200000  1 0.2300 141.740000 27.84715 24.33405 52.28859 50.350 16.960 15.610 -2.470e+09 -7.291e+09 -3.334e+10 0.01986 531745 531745 679634 624 19 531675 531753 45.9923 209730000000 190660000000 190660000000 95330000000 0 27.3671 0 0.01787 0.27337 0.15607 39.3564 10.2735 -29.7494 0.32512 0.05222 27.2491 -1.52373 -25.8986 0.0842 173600000000 238300000000
 0.3000    69044 0.3100    76339      1       -1       -1       -1  0 1.74767e+11 1.62100e+11 137.023000 10.645000 47.210000  1 0.2300 166.520000 27.83668 24.32345 52.24850 43.750 15.380 14.930 -1.482e+10 4.667e+09 -4.458e+09 0.01713 531746 531746 679634 1275 18 531675 531753 10.6455 162060000000 162060000000 162060000000 123930000000 76264000000 11.7218 0 0.01317 0.36471 0.22931 26.4181 31.3418 -6.1516 0.4601 0.30166 21.3835 26.7486 -4.50205 0.0695 167800000000 76260000000
 0.2900    62003 0.3000    69044      1       -1       -1       -1  0 1.52533e+11 1.52500e+11 134.420000 22.538000 47.760000  1 0.2300 141.470000 27.75894 24.33056 52.27339 46.090 17.780 14.470 -5.109e+09 5.983e+09 -7.872e+09 0.01098 531747 531747 679634 1215 17 531675 531753 22.5377 152530000000 152530000000 142990000000 76264000000 0 53.7955 0 0.0102 0.34863 0.18464 -15.7654 44.9834 27.2876 0.17876 0 -14.7923 33.2023 31.5614 0.1021 150900000000 95330000000
 0.2800    55242 0.2900    62003      1       -1       -1       -1  0 1.52500e+11 1.43000e+11 131.688000 20.737000 39.620000  1 0.2300 142.320000 27.69494 24.31989 52.22629 41.530 12.710 13.580 -7.674e+09 -2.052e+09 -1.025e+10 0.01465 531748 531748 679634 1293 16 531675 531753 20.7374 142990000000 142990000000 133460000000 104860000000 0 33.4674 0 0.01347 0.56412 0.19919 39.9445 -37.2152 4.11801 0.14583 0.07943 -41.0928 49.01 -7.50734 0.0748 151200000000 104900000000
 0.2700    48827 0.2800    55242      1       -1       -1       -1  0 1.52500e+11 1.52500e+11 134.674000 26.140000 32.060000  1 0.2300 143.260000 27.68714 24.26226 52.21851 44.160 12.020 10.820 -4.700e+09 -2.697e+09 -7.207e+09 0.00919 531749 531749 679634 1863 15 531675 531753 26.1404 152530000000 152530000000 152530000000 57198000000 0 32.3588 0 0.00856 0.72627 0.24887 11.3962 34.7025 -15.8989 0.42703 0.25624 -9.45825 43.8054 -9.26523 0.0498 140800000000 95330000000
 0.2600    42735 0.2700    48827      1       -1       -1       -1  0 1.52500e+11 1.43000e+11 131.920000 26.446000 34.890000  1 0.2300 142.170000 27.57953 24.28377 52.20434 39.700 17.410 9.980 -8.325e+09 -7.911e+09 -2.251e+09 0.01431 531750 531750 679634 600 14 531675 531753 26.4459 142990000000 142990000000 142990000000 66731000000 0 16.5101 0 0.0126 0.3859 0.02658 35.6303 -15.3804 16.0864 0.90059 0.4005 -3.39136 21.2906 2.63584 0.0467 130700000000 123900000000
 0.2500    37006 0.2600    42735      1       -1       -1       -1  0 1.52500e+11 1.33500e+11 129.024000 13.065000 40.200000  1 0.2300 160.320000 27.56583 24.23435 52.19230 33.670 16.300 10.820 -5.503e+08 1.538e+09 -1.118e+10 0.01750 531751 531751 679634 1673 13 531675 531753 13.0648 133460000000 133460000000 133460000000 123930000000 19066000000 6.86242 0 0.01391 0.19804 0.10925 39.6884 -0.288 -11.1057 0.05129 0 36.2666 -4.03969 -10.7978 0.0498 152400000000 57200000000
 0.2400    31606 0.2500    37006      1       -1       -1       -1  0 1.52500e+11 1.62100e+11 137.751000 22.383000 37.820000  1 0.2300 159.160000 27.47088 24.24376 52.18776 32.660 13.330 6.240 -2.853e+09 -2.711e+09 -1.298e+10 0.01401 531752 531752 679634 565 12 531675 531753 22.3834 162060000000 162060000000 162060000000 57198000000 0 19.6854 0 0.01233 0.0351 0 84.0207 -23.0679 7.31913 0.79321 0.00119 0.27457 5.09247 29.5153 0.0463 151200000000 85800000000
 0.2300    26618 0.2400    31606      0       -1       -1       -1  0 1.52500e+11 1.52500e+11 135.088000 17.537000 37.170000  1 0.2300 165.850000 27.42266 24.22373 52.17756 29.120 11.250 5.380 -1.956e+09 -1.865e+09 -7.519e+09 0.00999 531753 531753 679634 939 11 531675 531753 17.537 152530000000 152530000000 152530000000 123930000000 0 10.2144 0 0.0082 0.28823 0.10237 39.9231 -31.6894 -3.57726 0.55609 0.01696 31.4534 3.86559 -9.55208 0.0401 150000000000 85800000000
