 1.0000   678295 0.0000       -1      1       -1       -1       -1  0 2.57400e+11 2.19300e+11 123.364000 7.291000 89.680000  1 0.3100 120.010000 3.52196 34.17028 49.34791 -129.340 237.810 -58.270 1.369e+11 -2.348e+11 -2.319e+11 0.11662 459508 459508 678295 3810 88 459507 459577 7.29122 219260000000 238320000000 181130000000 162060000000 85797000000 4.03831 4.04 0.10683 0.66007 0.50916 20.8484 -6.11468 12.9189 0.57628 0.40028 18.1643 -13.3314 -4.57731 0.4611 373500000000 85800000000
 0.9900   670149 1.0000   678295      1       -1       -1       -1  0 2.57400e+11 2.28800e+11 125.653000 7.692000 87.590000  1 0.3100 120.930000 3.53465 34.14644 49.35480 -132.080 234.790 -58.860 1.381e+11 -2.373e+11 -2.815e+11 0.11799 459509 459509 678295 3771 87 459507 459577 7.69222 228790000000 238320000000 181130000000 162060000000 95330000000 4.98683 0 0.10985 0.68722 0.54028 18.7661 -4.15715 12.9336 0.77299 0.61486 -11.0392 14.7148 -0.69142 0.4484 368000000000 57200000000
 0.9800   661758 0.9900   670149      1       -1       -1       -1  0 2.57400e+11 2.28800e+11 126.180000 8.339000 88.860000  1 0.3100 118.870000 3.54343 34.11996 49.36397 -135.350 236.050 -58.570 1.352e+11 -2.318e+11 -2.042e+11 0.10064 459510 459510 678295 3818 86 459507 459577 8.33855 228790000000 238320000000 190660000000 162060000000 47665000000 5.51838 0 0.09446 0.73783 0.48575 13.5493 -4.86229 6.06003 0.51508 0.18834 -8.28537 9.14463 -1.12948 0.4566 336600000000 76260000000
 0.9700   653414 0.9800   661758      1       -1       -1       -1  0 2.57400e+11 2.28800e+11 126.706000 8.403000 90.160000  1 0.3100 119.120000 3.55335 34.09209 49.37041 -136.490 234.220 -58.540 1.348e+11 -2.352e+11 -2.037e+11 0.10253 459511 459511 678295 3829 85 459507 459577 8.40287 228790000000 247860000000 181130000000 142990000000 47665000000 9.17951 1.61 0.09529 0.83425 0.58863 16.7013 -2.19625 6.19834 0.72919 0.61698 -9.25828 12.4059 -0.13817 0.4578 334700000000 85800000000
 0.9600   645088 0.9700   653414      1       -1       -1       -1  0 2.57400e+11 2.38300e+11 128.974000 7.662000 90.540000  1 0.3100 124.720000 3.57216 34.06770 49.37621 -133.460 230.990 -57.540 1.363e+11 -2.361e+11 -2.559e+11 0.10686 459512 459512 678295 3806 84 459507 459577 7.66157 238320000000 247860000000 200190000000 142990000000 104860000000 8.34016 0 0.09847 0.74649 0.6111 17.4921 -6.33421 0.65216 0.64705 0.50842 -9.95458 12.9689 3.25751 0.4474 363000000000 85800000000
 0.9500   636776 0.9600   645088      1       -1       -1       -1  0 2.57400e+11 2.28800e+11 127.756000 7.514000 94.260000  1 0.3100 123.760000 3.58366 34.03952 49.38625 -134.300 230.530 -56.760 1.375e+11 -2.430e+11 -2.194e+11 0.11173 459513 459513 678295 3837 83 459507 459577 7.51431 228790000000 247860000000 190660000000 152530000000 104860000000 9.37827 0 0.10042 0.62753 0.4425 10.6 -9.65037 -8.118 0.48626 0.3535 -8.58917 10.1749 8.96641 0.4597 345100000000 85800000000
 0.9400   628479 0.9500   636776      1       -1       -1       -1  0 2.57400e+11 2.38300e+11 130.037000 6.879000 97.470000  1 0.3100 129.590000 3.59610 34.01670 49.39559 -134.020 228.550 -55.980 1.611e+11 -3.217e+11 -1.587e+11 0.11174 459514 459514 678295 3824 82 459507 459577 6.87925 238320000000 247860000000 181130000000 162060000000 123930000000 16.4042 4.77 0.10424 0.75717 0.62496 18.9672 1.02963 -3.71908 0.76105 0.52077 -4.1945 4.34798 14.164 0.4871 374300000000 76260000000
 0.9300   620165 0.9400   628479      1       -1       -1       -1  0 2.57400e+11 2.28800e+11 128.802000 6.974000 98.060000  1 0.3100 127.430000 3.61417 33.98715 49.40260 -130.230 232.980 -55.710 1.187e+11 -2.506e+11 -1.143e+11 0.09441 459515 459515 678295 2907 81 459507 459577 6.97426 228790000000 247860000000 181130000000 162060000000 123930000000 11.794 0 0.08537 0.63508 0.52913 18.9121 0.8374 -3.82223 0.91092 0.6797 -9.5538 1.49081 10.5718 0.4788 358100000000 85800000000
 0.9200   611824 0.9300   620165      1       -1       -1       -1  0 2.57400e+11 2.28800e+11 129.323000 7.205000 95.800000  1 0.3100 126.860000 3.63151 33.95757 49.40802 -129.650 230.550 -55.010 1.176e+11 -2.495e+11 -1.179e+11 0.09250 459516 459516 678295 3857 80 459507 459577 7.20478 228790000000 247860000000 171590000000 162060000000 123930000000 10.1033 0 0.08569 0.6932 0.49957 15.6422 1.40803 -5.37684 0.92799 0.53789 1.98985 -3.12953 12.2084 0.479 351100000000 76260000000
 0.9100   603462 0.9200   611824      1       -1       -1       -1  0 2.57400e+11 2.38300e+11 131.622000 25.379000 91.730000  1 0.3100 98.760000 3.66701 33.97174 49.37474 -129.290 221.220 -51.690 1.129e+09 -3.211e+11 -8.242e+10 0.05946 459517 459517 678295 3754 79 459507 459577 25.3788 238320000000 247860000000 209730000000 9533000000 0 42.671 0 0.08877 0.54269 0.29015 -23.6839 -32.538 33.3698 0 0 0 0 0 0.6801 250800000000 200200000000
 0.9000   595094 0.9100   603462      1       -1       -1       -1  0 2.57400e+11 2.47900e+11 133.887000 13.094000 87.940000  1 0.3100 113.920000 3.67565 33.91768 49.42212 -129.250 221.820 -52.100 4.974e+10 -3.231e+11 -1.175e+11 0.08748 459518 459518 678295 3758 78 459507 459577 13.0943 247860000000 247860000000 190660000000 152530000000 9533000000 7.97088 0 0.08745 0.4758 0.30905 28.9121 9.10321 -12.5862 0.21831 0.04085 27.4512 3.19256 -8.69794 0.4596 296600000000 123900000000
 0.8900   586691 0.9000   595094      1       -1       -1       -1  0 2.57400e+11 2.47900e+11 134.418000 12.192000 85.780000  1 0.3100 116.310000 3.68180 33.88530 49.43132 -128.690 222.870 -55.070 5.861e+10 -2.801e+11 -1.000e+11 0.07882 459519 459519 678295 3812 77 459507 459577 12.1925 247860000000 257390000000 190660000000 162060000000 0 10.5864 0 0.07658 0.49493 0.21977 30.4271 -0.91199 -16.0658 0.31201 0.03288 30.4181 -7.48951 -11.4791 0.4323 299500000000 114400000000
 0.8800   578313 0.8900   586691      1       -1       -1       -1  0 2.57400e+11 2.47900e+11 134.948000 15.935000 81.630000  1 0.3100 110.200000 3.70087 33.85456 49.44167 -126.270 217.930 -52.150 9.943e+10 -2.273e+11 -8.986e+10 0.06960 459520 459520 678295 4800 76 459507 459577 15.9351 257390000000 266920000000 190660000000 162060000000 0 11.9459 4.74 0.06691 0.45325 0.21694 23.247 -6.70118 -13.6992 0.5677 0.21879 22.337 -0.61102 -14.7567 0.4022 283400000000 143000000000
 0.8700   569856 0.8800   578313      1       -1       -1       -1  0 2.57400e+11 2.28800e+11 131.910000 22.010000 78.810000  1 0.3100 101.060000 3.74641 33.85547 49.43419 -129.590 243.170 -55.020 2.299e+10 -1.838e+11 9.181e+10 0.05400 459521 459521 678295 7806 75 459507 459577 22.0098 247860000000 257390000000 238320000000 85797000000 0 32.3061 28.12 0.06011 0.38073 0.07413 11.2548 31.4891 -8.17883 0.57776 0.07553 4.01341 23.0487 -2.52144 0.4925 255500000000 181100000000
 0.8600   561400 0.8700   569856      1       -1       -1       -1  0 2.57400e+11 2.28800e+11 132.422000 13.912000 75.590000  1 0.3100 110.820000 3.73205 33.78274 49.45821 -131.350 243.020 -57.780 -1.545e+10 -1.587e+11 -7.052e+10 0.05424 459522 459522 678295 3762 74 459507 459577 13.9118 247860000000 266920000000 219260000000 162060000000 9533000000 16.5061 28.59 0.05091 0.6593 0.45051 19.8648 -1.8919 -18.6039 0.56345 0.07049 -11.6811 2.80752 14.7244 0.394 259900000000 123900000000
 0.8500   552963 0.8600   561400      1       -1       -1       -1  0 2.57400e+11 2.28800e+11 132.933000 11.379000 75.140000  1 0.3100 116.560000 3.75407 33.75110 49.46724 -131.490 240.520 -55.850 -2.293e+10 -1.488e+11 -5.427e+10 0.05023 459523 459523 678295 3767 73 459507 459577 11.379 247860000000 257390000000 228790000000 162060000000 9533000000 16.7238 28.77 0.0469 0.60159 0.39808 15.877 -8.56887 -11.6546 0.15218 0.00568 12.5828 -5.89529 -8.83521 0.3871 287300000000 85800000000
 0.8400   544451 0.8500   552963      1       -1       -1       -1  0 2.57400e+11 2.28800e+11 133.441000 12.919000 74.330000  1 0.3100 113.740000 3.77405 33.72243 49.46992 -131.660 223.760 -53.700 2.075e+10 -1.423e+11 -4.865e+10 0.04946 459524 459524 678295 3845 72 459507 459577 12.9195 257390000000 276460000000 219260000000 162060000000 9533000000 10.8864 14.05 0.04468 0.85333 0.52425 -10.7674 5.02581 23.646 0.08993 0 -8.62307 9.74042 46.5998 0.3401 264100000000 114400000000
 0.8300   535935 0.8400   544451      1       -1       -1       -1  0 2.57400e+11 2.28800e+11 133.948000 14.649000 74.010000  1 0.3100 111.190000 3.78999 33.69150 49.47955 -125.810 201.830 -45.390 7.103e+10 -1.330e+11 -2.952e+10 0.05114 459525 459525 678295 1748 71 459507 459577 14.6486 247860000000 257390000000 228790000000 162060000000 66731000000 4.25675 11.78 0.0454 0.90316 0.53289 -5.71678 13.2368 15.3974 0.38361 0.0937 -5.56063 5.65826 26.7901 0.3225 261700000000 133500000000
 0.8200   527342 0.8300   535935      1       -1       -1       -1  0 2.57400e+11 2.28800e+11 134.452000 12.737000 76.920000  1 0.3100 115.250000 3.80974 33.66377 49.48345 -128.630 220.220 -50.870 6.532e+10 -1.359e+11 -4.288e+10 0.05454 459526 459526 678295 7984 70 459507 459577 12.737 238320000000 257390000000 209730000000 181130000000 57198000000 6.78237 14.16 0.04651 0.86028 0.51743 -5.7187 10.8168 9.93376 0.65418 0.20657 -3.26675 6.93795 12.924 0.3214 271100000000 85800000000
 0.8100   518699 0.8200   527342      1       -1       -1       -1  0 2.57400e+11 2.19300e+11 133.053000 11.656000 80.730000  1 0.3100 116.200000 3.83303 33.62937 49.49297 -127.470 198.010 -38.960 7.042e+10 -1.366e+11 -4.592e+10 0.06028 459527 459527 678295 3116 69 459507 459577 11.6562 228790000000 247860000000 209730000000 181130000000 66731000000 4.28399 8.78 0.05131 0.8226 0.59951 -8.78029 -0.5553 13.612 0.15383 0.10781 15.1418 -2.59201 -12.7375 0.34 283600000000 104900000000
 0.8000   510023 0.8100   518699      1       -1       -1       -1  0 2.57400e+11 2.09700e+11 131.581000 7.293000 85.870000  1 0.3100 129.310000 3.85482 33.60194 49.49514 -127.120 202.930 -41.770 4.344e+10 -1.237e+11 -3.490e+10 0.05699 459528 459528 678295 8169 68 459507 459577 7.29303 228790000000 247860000000 200190000000 181130000000 104860000000 5.37795 0 0.04695 0.90997 0.65144 4.04829 14.0197 -12.1104 0.74397 0.31853 -13.6368 -2.92263 16.2683 0.3569 300100000000 47660000000
 0.7900   501387 0.8000   510023      1       -1       -1       -1  0 2.57400e+11 2.19300e+11 134.035000 8.630000 88.760000  1 0.3100 126.610000 3.87720 33.56821 49.50082 -127.600 198.520 -39.200 6.383e+10 -1.294e+11 -3.466e+10 0.05971 459529 459529 678295 4176 67 459507 459577 8.63001 219260000000 238320000000 200190000000 162060000000 104860000000 11.8587 0 0.04789 0.79941 0.63883 3.84438 15.4026 -8.84435 0.76869 0.63349 10.4459 7.68071 -9.34461 0.3518 299500000000 95330000000
 0.7800   492745 0.7900   501387      1       -1       -1       -1  0 2.57400e+11 2.28800e+11 136.444000 11.701000 88.890000  1 0.3100 120.060000 3.91653 33.51810 49.48786 -125.810 196.760 -35.640 6.894e+10 -1.505e+11 -4.566e+10 0.05509 459530 459530 678295 1925 66 459507 459577 11.7007 228790000000 238320000000 219260000000 142990000000 76264000000 27.8109 0 0.05187 0.79862 0.44372 5.56018 19.2538 -9.23895 0.73685 0.35857 -5.32575 18.0144 5.30758 0.4212 259600000000 114400000000
 0.7700   484070 0.7800   492745      1       -1       -1       -1  0 2.57400e+11 2.19300e+11 135.006000 6.791000 85.320000  1 0.3100 136.700000 3.93354 33.50039 49.50182 -126.660 196.460 -29.180 5.940e+10 -1.135e+11 -7.523e+10 0.05924 459531 459531 678295 1933 65 459507 459577 6.79056 219260000000 228790000000 219260000000 142990000000 104860000000 17.8016 0 0.04839 0.75056 0.51931 -4.37084 -13.8197 16.7752 0.93655 0.69541 14.3061 -4.48971 1.53116 0.3395 312700000000 85800000000
 0.7600   475371 0.7700   484070      1       -1       -1       -1  0 2.57400e+11 2.28800e+11 137.423000 14.382000 80.860000  1 0.3100 115.810000 3.95572 33.46117 49.49770 -126.150 193.600 -25.020 7.406e+10 -1.416e+11 -3.775e+10 0.05711 459532 459532 678295 1901 64 459507 459577 14.3821 228790000000 228790000000 209730000000 142990000000 85797000000 25.8576 3.2 0.05006 0.63095 0.44852 -3.88817 -11.9853 20.7431 0.09131 0.04699 -2.00209 6.68192 19.9295 0.3428 255100000000 123900000000
 0.7500   466642 0.7600   475371      1       -1       -1       -1  0 2.57400e+11 2.19300e+11 135.965000 16.561000 75.310000  1 0.3100 111.150000 3.99206 33.42757 49.48834 -124.960 194.030 -18.360 1.201e+10 -1.125e+11 -6.406e+10 0.04551 459533 459533 678295 1751 63 459507 459577 16.561 219260000000 247860000000 200190000000 123930000000 66731000000 30.3809 0 0.04277 0.42445 0.15048 -16.438 -9.22939 23.4307 0.42243 0.28269 -11.8133 -0.57712 14.2394 0.3461 225300000000 123900000000
 0.7400   457847 0.7500   466642      1       -1       -1       -1  0 2.57400e+11 2.09700e+11 134.434000 20.743000 74.180000  1 0.3100 105.300000 3.99966 33.35038 49.48367 -125.330 186.270 -48.650 1.065e+11 -1.023e+11 -6.281e+10 0.05373 459534 459534 678295 678 62 459507 459577 20.7426 228790000000 238320000000 219260000000 104860000000 0 46.2916 34.59 0.05712 0.52577 0.05691 -2.06412 27.6305 30.6089 0.48243 0.05695 12.7496 30.0121 9.24668 0.4397 228300000000 133500000000
 0.7300   449017 0.7400   457847      1       -1       -1       -1  0 2.57400e+11 2.19300e+11 136.912000 14.044000 72.060000  1 0.3100 116.410000 4.02102 33.34220 49.53127 -124.880 180.130 -43.470 2.841e+10 -1.354e+11 -6.109e+10 0.05844 459535 459535 678295 1790 61 459507 459577 14.0441 247860000000 247860000000 228790000000 181130000000 66731000000 9.23104 34.43 0.05023 0.5348 0.29518 -17.2146 -4.2324 31.6468 0.12189 0 26.9217 -12.7206 -23.3291 0.3284 254600000000 95330000000
 0.7200   440170 0.7300   449017      1       -1       -1       -1  0 2.57400e+11 2.09700e+11 135.359000 14.086000 71.400000  1 0.3100 114.930000 4.04515 33.29939 49.53170 -121.810 181.120 -7.130 9.771e+10 -7.373e+10 -1.006e+11 0.06600 459536 459536 678295 1825 60 459507 459577 14.0857 257390000000 276460000000 247860000000 162060000000 19066000000 5.86246 2.34 0.05696 0.59903 0.28582 -7.72278 -8.67269 22.5964 0.30112 0.06244 2.22989 -11.0158 14.6156 0.285 236500000000 104900000000
 0.7100   431255 0.7200   440170      1       -1       -1       -1  0 2.57400e+11 2.09700e+11 135.817000 15.003000 72.240000  1 0.3100 114.060000 4.07902 33.26541 49.53588 -118.380 173.490 -1.320 9.558e+10 -7.378e+10 -1.013e+11 0.06594 459537 459537 678295 1825 59 459507 459577 15.003 228790000000 257390000000 219260000000 152530000000 57198000000 6.30222 4.93 0.05698 0.44931 0.10044 11.311 -10.0673 26.4058 0.2492 0.0474 10.8909 -13.3031 27.4371 0.2901 238600000000 114400000000
 0.7000   422281 0.7100   431255      1       -1       -1       -1  0 2.57400e+11 2.00200e+11 134.174000 12.489000 68.180000  1 0.3100 117.270000 4.10914 33.22293 49.53248 -120.000 172.210 1.100 8.811e+10 -6.718e+10 -7.513e+10 0.06196 459538 459538 678295 1795 58 459507 459577 12.4891 228790000000 247860000000 190660000000 171590000000 57198000000 7.21987 1.87 0.05258 0.64037 0.6157 -2.07599 -4.44228 24.6919 0.24696 0.06033 10.4747 -13.1428 14.1611 0.2633 250800000000 95330000000
 0.6900   413281 0.7000   422281      1       -1       -1       -1  0 2.57400e+11 2.19300e+11 138.761000 20.905000 64.000000  1 0.3100 110.200000 4.13721 33.17962 49.52047 -117.430 166.610 7.480 8.474e+10 -7.568e+10 -1.022e+11 0.06042 459539 459539 678295 1265 57 459507 459577 20.9048 228790000000 238320000000 190660000000 133460000000 57198000000 11.8862 0 0.05186 0.38218 0.06107 -9.0645 -8.44509 10.7774 0.24492 0.01291 -6.10734 -6.12941 6.77094 0.2312 225500000000 152500000000
 0.6800   404276 0.6900   413281      1       -1       -1       -1  0 2.57400e+11 2.19300e+11 139.214000 17.293000 63.490000  1 0.3100 114.910000 4.16628 33.13625 49.51571 -113.480 164.380 12.580 1.051e+11 -6.249e+10 -5.734e+10 0.05268 459540 459540 678295 1262 56 459507 459577 17.2933 228790000000 228790000000 209730000000 123930000000 47665000000 10.4355 0 0.04609 0.55838 0.22483 -5.65024 -14.1352 17.1321 0.78169 0.08001 -1.62954 -3.22973 18.331 0.2313 215500000000 114400000000
 0.6700   395299 0.6800   404276      1       -1       -1       -1  0 2.57400e+11 2.19300e+11 139.662000 21.891000 62.840000  1 0.3100 110.710000 4.19505 33.10176 49.52543 -111.700 160.070 17.940 1.057e+11 -5.489e+10 -4.903e+10 0.05065 459541 459541 678295 120 55 459507 459577 21.8909 228790000000 247860000000 219260000000 114400000000 47665000000 5.98837 0 0.04421 0.46225 0.31806 -13.5414 -20.5993 23.9894 0.67625 0.57235 1.0083 -3.86056 18.0495 0.2248 221400000000 152500000000
 0.6600   386359 0.6700   395299      1       -1       -1       -1  0 2.57400e+11 2.19300e+11 140.105000 19.788000 63.390000  1 0.3100 113.440000 4.22411 33.06070 49.51953 -108.080 153.240 19.990 1.057e+11 -4.769e+10 -4.127e+10 0.04860 459542 459542 678295 126 54 459507 459577 19.7882 228790000000 247860000000 219260000000 104860000000 57198000000 5.48664 4.21 0.04251 0.51646 0.26484 -13.3826 -26.0729 26.2539 0.63929 0.43121 8.39613 -4.0967 21.167 0.2278 219300000000 123900000000
 0.6500   377324 0.6600   386359      1       -1       -1       -1  0 2.57400e+11 2.28800e+11 142.552000 21.705000 60.770000  1 0.3100 114.220000 4.24437 33.00859 49.52332 -109.700 154.480 19.420 6.590e+10 -8.181e+10 -6.723e+10 0.04612 459543 459543 678295 1267 53 459507 459577 21.7045 238320000000 238320000000 190660000000 152530000000 47665000000 14.2604 9.48 0.04037 0.40349 0.19236 -4.48346 -18.657 22.4114 0.39062 0.03446 -4.49157 -11.4481 20.0741 0.2087 210900000000 143000000000
 0.6400   368241 0.6500   377324      1       -1       -1       -1  0 2.57400e+11 2.09700e+11 138.905000 13.766000 62.700000  1 0.3100 121.640000 4.27613 32.96260 49.51682 -103.780 149.850 21.980 5.238e+10 -6.778e+10 -9.418e+10 0.05679 459544 459544 678295 2225 52 459507 459577 13.7657 219260000000 219260000000 200190000000 152530000000 0 14.0047 10.63 0.04793 0.45033 0.30385 -7.37396 -23.9481 34.4109 0.50906 0.39082 5.13469 -21.4148 24.9971 0.2132 224600000000 104900000000
 0.6300   359126 0.6400   368241      1       -1       -1       -1  0 2.57400e+11 2.09700e+11 139.328000 13.003000 65.710000  1 0.3100 124.090000 4.30640 32.92278 49.50089 -97.270 140.130 29.320 5.299e+10 -5.513e+10 -8.424e+10 0.05131 459545 459545 678295 3308 51 459507 459577 13.003 219260000000 219260000000 209730000000 152530000000 38132000000 7.78751 5.97 0.04311 0.36916 0.21594 -0.9348 -16.8675 36.4977 0.66992 0.5302 1.70619 -16.9271 33.1983 0.2217 235800000000 95330000000
 0.6200   350032 0.6300   359126      1       -1       -1       -1  0 2.57400e+11 2.00200e+11 137.596000 30.144000 70.210000  1 0.3100 105.430000 4.37966 32.93214 49.44485 -93.240 134.470 39.990 8.835e+10 -5.305e+10 -8.727e+09 0.03712 459546 459546 678295 1110 50 459507 459577 30.1437 200190000000 209730000000 190660000000 28599000000 0 51.4565 0 0.04262 0.33666 0.185 -31.8188 -40.9245 47.0791 0.33538 0.12085 35.9202 5.83782 6.11738 0.3875 191800000000 190700000000
 0.6100   340911 0.6200   350032      1       -1       -1       -1  0 2.57400e+11 2.09700e+11 140.158000 32.854000 65.120000  1 0.3100 106.930000 4.40708 32.89050 49.43499 -91.440 128.870 43.470 8.013e+10 -4.856e+10 -2.627e+10 0.03420 459547 459547 678295 2226 49 459507 459577 32.8543 228790000000 238320000000 209730000000 28599000000 0 50.7426 0 0.03736 0.34295 0.01706 28.6286 21.7731 -13.0204 0.19175 0.00447 26.2883 8.0121 2.97747 0.3243 196500000000 209700000000
 0.6000   331763 0.6100   340911      1       -1       -1       -1  0 2.57400e+11 2.38300e+11 146.685000 27.324000 65.900000  1 0.3100 115.790000 4.42448 32.83622 49.43408 -91.830 121.610 45.140 4.481e+10 -7.270e+10 -5.121e+09 0.02708 459548 459548 678295 3232 48 459507 459577 27.3243 247860000000 247860000000 247860000000 57198000000 19066000000 34.1612 0 0.02672 0.1806 0.06416 -29.8283 -27.8325 37.1565 0.85915 0.05132 12.3051 -0.29484 -3.11837 0.2607 234000000000 171600000000
 0.5900   322593 0.6000   331763      1       -1       -1       -1  0 2.57400e+11 2.09700e+11 140.967000 12.622000 70.990000  1 0.3100 128.710000 4.41581 32.76937 49.46709 -90.000 111.840 40.450 -5.334e+10 -9.033e+10 -3.822e+10 0.05390 459549 459549 678295 2932 47 459507 459577 12.6219 219260000000 228790000000 219260000000 190660000000 38132000000 14.8573 5 0.04346 0.544 0.18334 -14.5964 -11.9322 25.7351 0.29435 0.05398 -17.3132 -14.2921 24.5156 0.2237 248900000000 85800000000
 0.5800   313343 0.5900   322593      1       -1       -1       -1  0 2.57400e+11 2.09700e+11 141.363000 7.784000 77.820000  1 0.3100 146.790000 4.45000 32.73960 49.42950 -83.090 107.030 41.490 -4.846e+10 -6.190e+10 -4.507e+10 0.04670 459550 459550 678295 1866 46 459507 459577 7.78391 219260000000 228790000000 209730000000 142990000000 114400000000 11.2558 3.02 0.03552 0.70893 0.41833 16.6273 -1.47773 15.3475 0.59335 0.24054 16.3229 -0.29939 14.4078 0.233 288600000000 66730000000
 0.5700   304116 0.5800   313343      1       -1       -1       -1  0 2.57400e+11 2.19300e+11 143.868000 15.105000 77.200000  1 0.3100 127.860000 4.47389 32.67710 49.43202 -78.960 106.170 42.140 -7.875e+10 -1.107e+10 1.772e+10 0.03497 459551 459551 678295 1954 45 459507 459577 15.1047 219260000000 219260000000 219260000000 171590000000 47665000000 12.0256 0 0.02988 0.49014 0.03561 10.9021 24.2568 -18.4379 0.50394 0.01722 -2.822 -20.4894 29.637 0.2695 242100000000 114400000000
 0.5600   294861 0.5700   304116      1       -1       -1       -1  0 2.57400e+11 2.19300e+11 144.257000 16.846000 71.930000  1 0.3100 125.950000 4.51336 32.64611 49.42299 -75.860 100.740 42.880 -7.860e+10 -8.154e+09 1.835e+10 0.03392 459552 459552 678295 1994 44 459507 459577 16.8455 219260000000 228790000000 219260000000 171590000000 9533000000 10.9374 0 0.02997 0.32846 0.20402 -1.28673 -22.583 35.4876 0.34527 0.06989 -0.66106 -15.6283 24.9723 0.2572 234800000000 114400000000
 0.5500   285609 0.5600   294861      1       -1       -1       -1  0 2.57400e+11 2.19300e+11 144.640000 18.320000 68.070000  1 0.3100 124.870000 4.53993 32.60023 49.38269 -64.630 94.270 48.350 -8.106e+10 -1.027e+10 1.453e+09 0.03464 459553 459553 678295 1958 43 459507 459577 18.3201 219260000000 219260000000 200190000000 142990000000 47665000000 19.4703 5.37 0.03043 0.48694 0.27151 2.76122 21.6988 -15.1381 0.53824 0.21552 3.86624 18.1848 -7.50836 0.2372 213000000000 114400000000
 0.5400   276388 0.5500   285609      1       -1       -1       -1  0 2.57400e+11 2.09700e+11 142.883000 26.978000 57.570000  1 0.3100 115.780000 4.55890 32.58008 49.38404 -61.570 90.280 47.760 -4.724e+10 2.792e+09 -1.989e+10 0.02308 459554 459554 678295 1892 42 459507 459577 26.978 209730000000 209730000000 181130000000 123930000000 0 18.3099 0 0.02075 0.5353 0.09353 -4.40323 37.201 -17.2932 0.38663 0.0104 -9.14692 33.2627 -10.1424 0.1917 188600000000 171600000000
 0.5300   267145 0.5400   276388      1       -1       -1       -1  0 2.57400e+11 1.90700e+11 138.767000 23.405000 50.420000  1 0.3100 115.040000 4.59583 32.55284 49.33073 -61.990 87.220 43.510 -1.150e+10 -3.775e+10 -4.364e+10 0.03059 459555 459555 678295 1909 41 459507 459577 23.4046 190660000000 190660000000 190660000000 76264000000 0 22.0109 0 0.0281 0.76052 0.10234 -1.0524 -27.1586 34.1618 0 0 25.0077 -0.38147 30.3307 0.1662 184800000000 143000000000
 0.5200   257915 0.5300   267145      1       -1       -1       -1  0 2.57400e+11 1.71600e+11 134.311000 20.473000 47.740000  1 0.3100 113.910000 4.63370 32.51486 49.32346 -58.340 85.900 39.650 -7.045e+09 -1.383e+10 -4.225e+10 0.02777 459556 459556 678295 1911 40 459507 459577 20.4733 171590000000 171590000000 162060000000 76264000000 0 35.3372 0 0.02583 0.59782 0.0336 2.78143 0.75711 41.3154 0.91811 0.20576 27.0186 20.2694 20.7201 0.1567 175000000000 95330000000
 0.5100   248636 0.5200   257915      1       -1       -1       -1  0 2.57400e+11 1.52500e+11 129.454000 14.275000 48.790000  1 0.3100 117.600000 4.63703 32.46477 49.31570 -53.590 84.010 41.420 -2.141e+10 -8.616e+09 -3.626e+10 0.03446 459557 459557 678295 8414 39 459507 459577 14.2754 152530000000 152530000000 152530000000 114400000000 0 12.9705 0 0.03028 0.50626 0.13045 41.612 -10.8785 -9.69228 0.49201 0.04872 29.4038 -7.47634 -5.98087 0.1494 179300000000 47660000000
 0.5000   239465 0.5100   248636      1       -1       -1       -1  1 2.57400e+11 1.28700e+11 122.561000 20.633000 48.560000  1 0.3100 106.790000 4.64917 32.44574 49.30632 -53.590 84.010 41.420 -1.526e+10 -1.008e+10 -1.644e+10 0.02562 459558 459558 678295 8904 38 459507 459577 22.4321 128695000000 128695000000 128695000000 57200000000 0 33.5415 0 0.02524 0.29313 0.065225 54.2294 13.4542 -5.76949 0.246005 0.02436 14.7019 -3.73817 -2.99044 0.2195 177300000000 76280000000
 0.4900   230279 0.5000   239465      1       -1       -1       -1  0 2.57400e+11 1.04900e+11 114.790000 26.992000 48.320000  1 0.3100 93.180000 4.73878 32.41862 49.26117 -51.240 68.980 41.080 -9.110e+09 -1.154e+10 3.377e+09 0.01678 459559 459559 678295 2869 37 459507 459577 26.9924 104860000000 104860000000 104860000000 0 0 54.1126 0 0.0202 0.08 0 66.8467 37.7867 -1.8467 0 0 0 0 0 0.2896 175300000000 104900000000
 0.4800   221120 0.4900   230279      1       -1       -1       -1  0 2.57400e+11 1.43000e+11 127.580000 41.087000 44.590000  1 0.3100 101.400000 4.74166 32.36845 49.20871 -48.900 70.030 36.280 -4.890e+09 -2.759e+10 1.226e+10 0.02307 459560 459560 678295 1796 36 459507 459577 41.0873 142990000000 142990000000 76264000000 38132000000 0 47.8601 0 0.02464 0.30485 0.05276 51.1797 9.5558 -16.1288 0.61011 0.49411 25.8238 -18.4191 0.65874 0.1769 174200000000 171600000000
 0.4700   211982 0.4800   221120      1       -1       -1       -1  0 2.57400e+11 1.04900e+11 115.302000 34.798000 40.280000  1 0.3100 92.720000 4.78911 32.33979 49.20088 -41.970 64.150 32.480 -4.333e+09 -2.605e+10 3.196e+10 0.04747 459561 459561 678295 2916 35 459507 459577 34.7977 104860000000 104860000000 0 0 0 48.9758 0 0.05654 0.36885 0.18473 62.5447 20.0016 11.7854 0 0 0 0 0 0.2105 173100000000 143000000000
 0.4600   202864 0.4700   211982      1       -1       -1       -1  0 2.57400e+11 1.43000e+11 128.133000 26.678000 52.150000  1 0.3100 107.900000 4.78734 32.29640 49.20399 -40.710 65.170 33.080 -3.003e+10 -1.706e+10 -5.468e+09 0.02748 459562 459562 678295 1841 34 459507 459577 26.6784 142990000000 142990000000 142990000000 0 0 51.8241 0 0.02872 0.88489 0.26331 53.8038 12.7402 17.5444 0 0 0 0 0 0.2171 172800000000 123900000000
 0.4500   193820 0.4600   202864      1       -1       -1       -1  0 2.57400e+11 1.62100e+11 133.869000 20.122000 48.000000  1 0.3100 119.490000 4.78818 32.25779 49.21466 -42.370 62.100 33.720 -3.378e+10 -2.742e+10 -2.093e+10 0.03384 459563 459563 678295 972 33 459507 459577 20.1225 162060000000 162060000000 162060000000 0 0 35.0601 0 0.0325 0.46086 0.3674 31.695 -8.93537 59.781 0 0 0 0 0 0.1546 156300000000 76260000000
 0.4400   184766 0.4500   193820      1       -1       -1       -1  0 2.57400e+11 1.62100e+11 134.138000 28.390000 47.080000  1 0.3100 114.550000 4.81800 32.21428 49.16789 -38.090 58.260 31.480 -3.263e+10 -2.906e+10 -2.521e+10 0.03465 459564 459564 678295 809 32 459507 459577 28.3895 162060000000 152530000000 152530000000 0 0 35.233 3.3 0.03432 0.38487 0.00087 58.596 6.84298 25.1575 0 0 0 0 0 0.1579 163300000000 143000000000
 0.4300   175753 0.4400   184766      1       -1       -1       -1  0 2.57400e+11 2.19300e+11 148.646000 41.060000 47.740000  1 0.3100 124.350000 4.85745 32.16742 49.16294 -40.910 63.700 38.800 -6.835e+10 -7.315e+10 1.779e+10 0.04241 459565 459565 678295 1909 31 459507 459577 41.0598 219260000000 219260000000 209730000000 0 0 23.7347 0 0.04224 0.07928 0.0086 63.8695 -22.2884 47.5108 0 0 0 0 0 0.1294 187400000000 228800000000
 0.4200   166791 0.4300   175753      1       -1       -1       -1  0 2.57400e+11 2.28800e+11 151.054000 39.360000 52.240000  1 0.3100 128.200000 4.87683 32.12632 49.13450 -33.730 61.540 38.050 -7.941e+10 -5.411e+10 -1.497e+10 0.03842 459566 459566 678295 1890 30 459507 459577 39.3604 228790000000 228790000000 200190000000 0 0 9.1421 0 0.03804 0.35643 0.21298 56.3005 -27.1513 47.5672 0 0 0 0 0 0.1395 200800000000 238300000000
 0.4100   157914 0.4200   166791      1       -1       -1       -1  0 2.57400e+11 2.09700e+11 147.002000 34.578000 51.540000  1 0.3100 127.300000 4.88961 32.09006 49.11337 -31.500 58.470 40.380 -5.331e+10 -2.747e+10 -1.806e+10 0.02953 459567 459567 678295 1872 29 459507 459577 34.5779 209730000000 209730000000 209730000000 9533000000 9533000000 15.6709 0 0.02864 0.21359 0.04128 33.8354 -26.2668 21.9904 0 0 0 0 0 0.1359 195200000000 209700000000
 0.4000   149141 0.4100   157914      1       -1       -1       -1  0 2.57400e+11 2.28800e+11 151.593000 54.244000 49.990000  1 0.3100 128.150000 4.91109 32.05172 49.09123 -28.570 55.000 37.890 -4.321e+10 -2.694e+10 -1.104e+10 0.02197 459568 459568 678295 1848 28 459507 459577 54.2443 228790000000 219260000000 181130000000 9533000000 0 14.7085 1.08 0.02085 0.12594 0 49.5126 -24.8123 -24.3168 0 0 0 0 0 0.1203 201300000000 276500000000
 0.3900   140463 0.4000   149141      1       -1       -1       -1  0 2.57400e+11 2.57400e+11 157.929000 51.326000 49.310000  1 0.3100 135.570000 4.93028 32.01949 49.07571 -26.930 53.230 33.820 -4.823e+10 -4.512e+10 7.570e+09 0.02337 459569 459569 678295 1790 27 459507 459577 51.3262 257390000000 257390000000 219260000000 85797000000 0 22.5486 0 0.02212 0.48233 0.01283 55.9044 -13.2794 -34.1361 0.55585 0.20516 -7.52603 4.33985 47.8595 0.106 217400000000 276500000000
 0.3800   131987 0.3900   140463      1       -1       -1       -1  0 2.57400e+11 2.66900e+11 160.114000 41.284000 49.540000  1 0.3100 141.540000 4.95217 31.98097 49.05289 -27.370 51.690 30.090 -5.815e+10 -2.883e+10 3.793e+10 0.02562 459570 459570 678295 2771 26 459507 459577 41.2842 266920000000 266920000000 266920000000 76264000000 0 16.1198 0 0.02383 0.22215 0.00251 49.5476 -19.8489 2.73661 0.63636 0.21688 -0.1545 29.3379 38.6228 0.0995 233200000000 266900000000
 0.3700   123497 0.3800   131987      1       -1       -1       -1  0 2.41500e+11 2.47900e+11 156.450000 39.588000 53.470000  1 0.3100 140.100000 4.97389 31.94254 49.02982 -26.340 50.360 27.850 -1.995e+10 -8.811e+09 2.445e+10 0.01313 459571 459571 678295 1745 25 459507 459577 39.5881 247860000000 247860000000 238320000000 142990000000 0 14.3558 0 0.0119 0.83794 0.09527 32.8683 -29.4127 7.02231 0.2835 0.07446 39.7956 -28.7474 9.9323 0.1117 209900000000 247900000000
 0.3600   115040 0.3700   123497      1       -1       -1       -1  0 2.19267e+11 2.09700e+11 148.196000 29.510000 55.180000  1 0.3100 138.190000 4.99498 31.90520 48.99849 -30.540 48.900 21.540 -8.829e+09 1.345e+10 6.051e+10 0.03470 459572 459572 678295 1696 24 459507 459577 29.5102 209730000000 190660000000 171590000000 123930000000 9533000000 26.0436 2.33 0.03043 0.38761 0.07236 46.9535 26.1086 -0.1031 0.52978 0.15917 35.7826 28.1609 0.01339 0.1193 201400000000 171600000000
 0.3500   106734 0.3600   115040      1       -1       -1       -1  0 1.97000e+11 2.00200e+11 146.123000 37.183000 53.050000  1 0.3100 133.880000 5.01598 31.86773 48.97457 -29.940 46.480 20.400 -1.698e+10 -4.429e+09 4.529e+10 0.02811 459573 459573 678295 1642 23 459507 459577 37.1827 200190000000 200190000000 200190000000 104860000000 9533000000 25.4256 0 0.02585 0.15728 0.08064 46.8045 5.78078 6.00207 0.21928 0.11128 41.9838 4.15798 6.66349 0.1292 182200000000 200200000000
 0.3400    98608 0.3500   106734      1       -1       -1       -1  0 1.74767e+11 1.81100e+11 141.521000 37.072000 46.300000  1 0.3100 130.910000 5.03847 31.82803 48.95902 -34.460 49.740 20.450 -2.083e+10 6.250e+09 4.501e+10 0.03377 459574 459574 678295 718 22 459507 459577 37.0716 181130000000 171590000000 171590000000 28599000000 19066000000 32.3889 4.38 0.03187 0.65164 0.18746 36.429 7.60873 17.8891 0.1214 0.10069 30.4829 22.5768 -10.79 0.1093 163000000000 190700000000
 0.3300    90729 0.3400    98608      1       -1       -1       -1  0 1.62067e+11 1.43000e+11 130.966000 23.602000 45.760000  1 0.3100 128.630000 5.05996 31.79016 48.93488 -30.980 50.980 25.840 -9.509e+09 -3.269e+09 3.163e+10 0.03161 459575 459575 678295 1523 21 459507 459577 23.6024 142990000000 142990000000 142990000000 0 0 38.237 0 0.03184 0.79338 0.01305 43.4248 12.2991 27.8168 0 0 0 0 0 0.134 147200000000 85800000000
 0.3200    82983 0.3300    90729      1       -1       -1       -1  0 1.30300e+11 1.62100e+11 136.713000 49.868000 43.300000  1 0.3100 126.870000 5.07505 31.72409 48.96169 -32.220 52.730 25.770 3.010e+09 1.736e+10 3.922e+10 0.03245 459576 459576 678295 1605 20 459507 459577 49.8685 162060000000 114400000000 76264000000 9533000000 0 23.531 7.04 0.03397 0.64128 0.00035 -25.8672 24.3868 -19.0301 0 0 0 0 0 0.1316 138000000000 190700000000
 0.3100    75486 0.3200    82983      0       -1       -1       -1  0 8.58000e+10 8.58000e+10 110.725000 35.729000 39.400000  1 0.3100 104.900000 5.11170 31.68478 48.94396 -41.620 46.880 11.700 1.139e+10 1.010e+10 7.338e+09 0.03230 459577 459577 678295 783 19 459507 459577 35.729 85797000000 76264000000 76264000000 9533000000 0 50.3669 7.43 0.03914 0.48293 0.12387 -36.6987 47.2054 56.3914 0 0 0 0 0 0.1918 122300000000 123900000000
