 1.0000   676751 0.0000       -1      1       -1       -1       -1  0 1.83000e+12 1.83000e+12 250.253000 17.751000 207.270000  1 0.3500 215.390000 17.47909 41.46844 21.23065 136.190 137.120 106.190 1.148e+12 -2.675e+11 -3.887e+12 0.03479 168431 168431 676751 2266 88 168430 168528 24.1833 1925700000000 2249800000000 1515700000000 1163000000000 571980000000 5.67705 12.82 0.03535 0.90047 0.63209 8.41612 18.0705 2.27531 0.77596 0.57745 -6.60655 13.0188 7.01425 0.5891 2067000000000 743600000000
 0.9900   668591 1.0000   676751      1       -1       -1       -1  0 1.80800e+12 1.83000e+12 251.307000 25.970000 204.880000  1 0.3500 215.340000 17.46176 41.45521 21.21796 131.850 138.090 98.380 8.294e+11 3.296e+10 -3.308e+12 0.02927 168432 168432 676751 2247 87 168430 168528 24.6278 1878000000000 2116300000000 1477600000000 1096300000000 543380000000 6.78285 18.17 0.02978 0.91054 0.66042 12.1375 14.9204 -0.87423 0.79885 0.63808 -7.11996 10.0876 9.60867 0.5837 1998000000000 972400000000
 0.9800   660225 0.9900   668591      1       -1       -1       -1  0 1.77300e+12 1.76400e+12 249.255000 29.260000 203.020000  1 0.3500 227.630000 17.44468 41.44582 21.21507 126.820 134.670 89.820 2.151e+11 -2.025e+11 -2.332e+12 0.02260 168433 168433 676751 2250 86 168430 168528 18.5942 1820800000000 2068700000000 1439500000000 1115400000000 629180000000 6.48443 21.33 0.02189 0.92804 0.66913 20.315 7.81632 -5.94479 0.75933 0.65407 13.5517 -7.75189 -10.854 0.5599 1940000000000 1058000000000
 0.9700   651898 0.9800   660225      1       -1       -1       -1  0 1.72233e+12 1.72500e+12 248.477000 31.789000 204.380000  1 0.3500 233.760000 17.43182 41.43118 21.20741 119.100 139.150 89.810 1.798e+11 -2.342e+11 -2.481e+12 0.02566 168434 168434 676751 2275 85 168430 168528 16.435 1754100000000 2049600000000 1439500000000 1134400000000 629180000000 5.35333 19.44 0.02421 0.90845 0.64237 -4.11942 15.3 7.70869 0.67169 0.62304 -6.66122 11.6682 6.42848 0.5514 1898000000000 1125000000000
 0.9600   643584 0.9700   651898      1       -1       -1       -1  0 1.67767e+12 1.67800e+12 247.188000 23.203000 199.090000  1 0.3500 218.450000 17.41742 41.42067 21.20238 116.760 134.790 89.420 -1.903e+11 -8.528e+11 -2.281e+12 0.02663 168435 168435 676751 1243 84 168430 168528 20.903 1706400000000 2001900000000 1458500000000 1058200000000 619640000000 10.5691 17.85 0.02487 0.86524 0.63741 2.07984 18.1634 4.93986 0.75833 0.53877 -2.14192 13.892 6.13757 0.5359 1880000000000 838900000000
 0.9500   635288 0.9600   643584      1       -1       -1       -1  0 1.64600e+12 1.63000e+12 245.834000 21.348000 188.430000  1 0.3500 216.740000 17.40478 41.40639 21.18869 111.620 138.720 91.180 2.029e+11 -1.508e+12 -2.180e+12 0.03101 168436 168436 676751 2272 83 168430 168528 20.9123 1668300000000 1973300000000 1468100000000 1048600000000 629180000000 9.66507 16.69 0.02849 0.98214 0.67626 17.7539 7.03074 -13.2886 0.84442 0.68129 -11.0055 -0.17454 15.1595 0.5035 1796000000000 762600000000
 0.9400   627003 0.9500   635288      1       -1       -1       -1  0 1.62700e+12 1.63000e+12 246.841000 21.579000 190.630000  1 0.3500 218.530000 17.39026 41.39265 21.17747 104.450 134.830 88.190 4.619e+11 -1.527e+12 -1.673e+12 0.02694 168437 168437 676751 226 82 168430 168528 20.5692 1658700000000 1906600000000 1420400000000 1058200000000 581510000000 11.5394 14.59 0.02486 0.97111 0.61419 -3.73799 19.9515 14.9014 0.7929 0.64551 13.1061 -7.60974 -14.559 0.5091 1865000000000 810300000000
 0.9300   618695 0.9400   627003      1       -1       -1       -1  0 1.61400e+12 1.62100e+12 247.362000 21.129000 193.380000  1 0.3500 229.490000 17.38181 41.37537 21.16350 95.890 131.460 90.220 3.389e+11 -1.373e+12 -1.566e+12 0.02529 168438 168438 676751 3278 81 168430 168528 17.0315 1649200000000 1858900000000 1410900000000 1077200000000 581510000000 8.47079 9.66 0.02299 0.72005 0.52461 1.04501 20.6576 12.2654 0.66663 0.57355 -3.3299 14.9152 10.9558 0.5076 1858000000000 772200000000
 0.9200   610361 0.9300   618695      1       -1       -1       -1  0 1.61400e+12 1.53500e+12 243.901000 25.440000 198.500000  1 0.3500 237.430000 17.37388 41.36143 21.14770 92.290 136.500 87.670 -2.705e+11 -6.668e+11 -2.106e+12 0.03086 168439 168439 676751 2285 80 168430 168528 13.9741 1601500000000 1849400000000 1363200000000 1124900000000 610110000000 16.2351 11.23 0.02664 0.78238 0.51643 -0.02965 15.5135 10.3979 0.67159 0.50749 -3.5838 12.1547 10.0043 0.5008 1828000000000 877000000000
 0.9100   602011 0.9200   610361      1       -1       -1       -1  0 1.61400e+12 1.54400e+12 245.388000 25.695000 191.730000  1 0.3500 225.190000 17.36316 41.34529 21.13390 84.610 137.860 89.930 1.582e+09 -5.257e+11 -1.663e+12 0.02380 168440 168440 676751 2284 79 168430 168528 17.5454 1563400000000 1792200000000 1353700000000 1134400000000 581510000000 16.5275 10.68 0.02074 0.93412 0.63288 -0.31132 18.4685 11.5745 0.77801 0.65362 -6.18843 13.5029 11.885 0.4859 1839000000000 877000000000
 0.9000   593661 0.9100   602011      1       -1       -1       -1  0 1.61400e+12 1.52500e+12 245.351000 15.134000 184.060000  1 0.3500 227.490000 17.34783 41.31808 21.12190 71.170 136.630 91.010 -1.680e+10 -5.792e+11 -1.401e+12 0.02132 168441 168441 676751 2285 78 168430 168528 16.8216 1534800000000 1744500000000 1372800000000 1067700000000 591050000000 10.2711 11.95 0.01847 0.83146 0.55128 9.18726 23.5374 1.49071 0.78876 0.5478 6.16498 20.618 0.98828 0.4634 1906000000000 581500000000
 0.8900   585260 0.9000   593661      1       -1       -1       -1  0 1.61400e+12 1.47800e+12 243.732000 15.934000 184.660000  1 0.3500 218.810000 17.33455 41.30122 21.10378 70.910 132.360 91.980 -1.132e+11 -8.717e+11 -1.052e+12 0.02083 168442 168442 676751 2304 77 168430 168528 18.9621 1477600000000 1706400000000 1334600000000 1124900000000 600580000000 15.7049 7.4 0.01767 0.83555 0.65554 10.6979 22.3799 0.24818 0.75128 0.67155 5.97682 20.0249 1.24339 0.4567 1792000000000 600600000000
 0.8800   576876 0.8900   585260      1       -1       -1       -1  0 1.61400e+12 1.43900e+12 242.569000 13.747000 186.570000  1 0.3500 227.270000 17.32553 41.28075 21.09289 68.670 131.320 92.780 -7.629e+11 9.366e+10 -1.048e+12 0.02161 168443 168443 676751 3314 76 168430 168528 15.9387 1468100000000 1658700000000 1325100000000 1086800000000 667310000000 10.6869 7.55 0.01756 0.86094 0.57689 3.2253 22.1456 3.64592 0.69285 0.49907 -3.17797 19.3032 6.50962 0.4432 1863000000000 533800000000
 0.8700   568417 0.8800   576876      1       -1       -1       -1  0 1.61400e+12 1.47800e+12 245.650000 15.243000 189.160000  1 0.3500 235.790000 17.31598 41.26493 21.08151 64.610 134.780 93.730 -5.414e+11 5.140e+10 -1.160e+12 0.02062 168444 168444 676751 2303 75 168430 168528 14.728 1496700000000 1649200000000 1315600000000 1058200000000 638710000000 11.7442 11.62 0.01664 0.8881 0.53083 2.05937 18.2869 1.00841 0.73669 0.4133 -3.97345 14.8286 4.62824 0.4409 1851000000000 610100000000
 0.8600   559957 0.8700   568417      1       -1       -1       -1  0 1.61400e+12 1.47800e+12 246.604000 13.876000 184.040000  1 0.3500 232.230000 17.30757 41.24683 21.07127 62.820 129.080 94.990 -4.919e+11 -1.401e+11 -1.345e+12 0.02316 168445 168445 676751 2319 74 168430 168528 15.8826 1496700000000 1639700000000 1306000000000 1029600000000 705440000000 6.7395 6.78 0.01876 0.82401 0.55027 13.5479 11.4077 -8.70348 0.92167 0.63632 10.1036 -6.77255 -10.2186 0.4278 1889000000000 533800000000
 0.8500   551532 0.8600   559957      1       -1       -1       -1  0 1.61400e+12 1.48700e+12 248.086000 15.274000 177.220000  1 0.3500 233.760000 17.29983 41.22396 21.06084 56.630 126.480 95.560 -4.222e+11 -2.576e+11 -1.228e+12 0.02089 168446 168446 676751 2300 73 168430 168528 15.9467 1487100000000 1592000000000 1315600000000 1001000000000 619640000000 4.47429 7.15 0.01714 0.82333 0.5665 13.1972 20.1023 -7.99881 0.95559 0.67129 4.24603 19.4686 -1.15045 0.4133 1762000000000 610100000000
 0.8400   543017 0.8500   551532      1       -1       -1       -1  0 1.61400e+12 1.46800e+12 247.967000 20.807000 173.120000  1 0.3500 224.530000 17.29432 41.21278 21.04691 50.830 127.730 94.840 -4.884e+11 -4.503e+10 -1.419e+12 0.02416 168447 168447 676751 2331 72 168430 168528 18.623 1468100000000 1630100000000 1325100000000 1010500000000 591050000000 3.90889 9.78 0.01994 0.81288 0.5265 4.16425 24.1603 -3.96825 0.83998 0.55647 -1.43917 20.1681 2.99673 0.406 1644000000000 724500000000
 0.8300   534505 0.8400   543017      1       -1       -1       -1  0 1.61400e+12 1.45900e+12 248.368000 19.636000 168.310000  1 0.3500 220.270000 17.28533 41.18521 21.02547 46.160 130.870 94.800 -6.313e+11 6.495e+10 -1.116e+12 0.02099 168448 168448 676751 214 71 168430 168528 20.3216 1458500000000 1620600000000 1296500000000 924700000000 562450000000 10.3252 13.93 0.01731 0.74697 0.55989 2.18825 20.8016 4.70953 0.5996 0.53225 -2.34251 16.4255 5.56845 0.3927 1557000000000 648200000000
 0.8200   525922 0.8300   534505      1       -1       -1       -1  0 1.61400e+12 1.44900e+12 248.758000 24.230000 162.520000  1 0.3500 214.370000 17.27472 41.16103 21.01354 44.330 120.960 91.260 -3.977e+11 1.249e+10 -1.306e+12 0.02265 168449 168449 676751 2324 70 168430 168528 23.0226 1449000000000 1658700000000 1267900000000 962830000000 543380000000 11.6233 8.66 0.01869 0.65789 0.58142 8.8517 26.2018 5.05148 0.67111 0.48189 2.79854 21.2684 5.21722 0.3746 1498000000000 715000000000
 0.8100   517280 0.8200   525922      1       -1       -1       -1  0 1.61400e+12 1.43000e+12 248.587000 25.115000 155.240000  1 0.3500 210.950000 17.26731 41.13879 20.99555 44.910 119.280 92.170 -2.690e+11 2.864e+11 -8.918e+11 0.01678 168450 168450 676751 2332 69 168430 168528 24.6865 1429900000000 1687300000000 1248800000000 896100000000 486180000000 11.8304 2.44 0.01369 0.66749 0.57739 10.4778 23.9643 1.55834 0.63259 0.59181 7.78916 19.4905 -0.64161 0.3473 1478000000000 743600000000
 0.8000   508603 0.8100   517280      1       -1       -1       -1  0 1.61400e+12 1.44900e+12 250.611000 29.722000 155.630000  1 0.3500 217.510000 17.26173 41.12053 20.97850 41.010 118.420 92.020 -6.854e+11 1.561e+09 -8.103e+11 0.01793 168451 168451 676751 2484 68 168430 168528 22.6114 1449000000000 1677800000000 1229800000000 924700000000 486180000000 11.3278 6.48 0.01465 0.82762 0.66286 4.04757 22.7349 -2.01018 0.87157 0.53986 -5.73901 16.7071 -2.8511 0.3441 1457000000000 829400000000
 0.7900   499968 0.8000   508603      1       -1       -1       -1  0 1.61400e+12 1.39200e+12 248.176000 34.073000 160.390000  1 0.3500 228.200000 17.24834 41.09172 20.95937 38.840 118.830 93.300 -4.623e+11 -1.886e+11 -7.444e+10 0.00944 168452 168452 676751 2491 67 168430 168528 17.731 1391800000000 1649200000000 1210700000000 877040000000 524310000000 16.7944 7.77 0.00749 0.76643 0.62179 4.4376 20.6229 2.65244 0.78462 0.57428 -3.69275 16.9766 2.74153 0.3471 1432000000000 877000000000
 0.7800   491328 0.7900   499968      1       -1       -1       -1  0 1.61400e+12 1.45900e+12 252.996000 32.857000 159.100000  1 0.3500 220.630000 17.23657 41.06695 20.94008 37.050 117.150 93.700 -1.263e+12 -1.439e+11 -7.755e+11 0.02511 168453 168453 676751 2484 66 168430 168528 22.5301 1458500000000 1696900000000 1248800000000 886570000000 543380000000 29.7869 4.57 0.02052 0.67038 0.46175 9.7698 20.2954 9.6086 0.67838 0.39765 6.97086 16.9173 8.92192 0.3463 1444000000000 877000000000
 0.7700   482641 0.7800   491328      1       -1       -1       -1  0 1.61400e+12 1.54400e+12 258.791000 35.339000 158.510000  1 0.3500 223.180000 17.23983 41.04535 20.93006 35.060 111.660 92.040 -2.445e+12 -4.353e+11 -1.372e+12 0.04268 168454 168454 676751 2515 65 168430 168528 24.2977 1544300000000 1706400000000 1201200000000 877040000000 514780000000 34.0281 8.8 0.03571 0.91171 0.56918 -2.16237 21.895 7.03491 0.64923 0.51481 2.32984 19.0715 -0.16947 0.344 1424000000000 934200000000
 0.7600   473943 0.7700   482641      1       -1       -1       -1  0 1.61400e+12 1.56300e+12 260.778000 43.299000 159.000000  1 0.3500 226.870000 17.23114 41.02579 20.92198 32.490 108.520 89.690 -2.039e+12 -3.123e+11 -9.391e+11 0.03410 168455 168455 676751 2508 64 168430 168528 23.6965 1563400000000 1687300000000 1306000000000 867500000000 533850000000 27.0471 10.01 0.02808 0.86634 0.66854 -11.8887 3.81727 16.3212 0.86823 0.815 4.36166 13.9093 -4.17434 0.3346 1455000000000 1125000000000
 0.7500   465220 0.7600   473943      1       -1       -1       -1  0 1.61400e+12 1.55400e+12 261.165000 42.323000 158.990000  1 0.3500 225.520000 17.22193 41.01638 20.90748 25.790 121.070 89.520 -1.958e+12 -3.454e+11 -7.638e+11 0.03330 168456 168456 676751 2375 63 168430 168528 24.6508 1553900000000 1677800000000 1334600000000 953300000000 543380000000 18.5258 5.18 0.02679 0.74212 0.56814 -15.3393 1.10531 20.2603 0.82536 0.65923 -12.3811 0.52426 14.8272 0.3226 1470000000000 1096000000000
 0.7400   456423 0.7500   465220      1       -1       -1       -1  0 1.61400e+12 1.59200e+12 264.204000 29.021000 161.030000  1 0.3500 227.980000 17.21023 40.98319 20.89109 17.140 119.850 89.510 -1.663e+12 -2.501e+11 -6.311e+11 0.02647 168457 168457 676751 2549 62 168430 168528 25.184 1592000000000 1649200000000 1334600000000 1001000000000 610110000000 18.995 11.29 0.0218 0.81478 0.58433 12.17 25.4421 -4.0056 0.50245 0.46303 11.662 21.8014 1.30117 0.3333 1599000000000 867500000000
 0.7300   447592 0.7400   456423      1       -1       -1       -1  0 1.61400e+12 1.60100e+12 265.645000 34.757000 159.660000  1 0.3500 217.490000 17.22658 40.98775 20.87815 13.780 116.560 90.190 -2.855e+12 1.701e+11 -9.733e+11 0.04387 168458 168458 676751 2553 61 168430 168528 32.6116 1601500000000 1715900000000 1401400000000 1010500000000 505250000000 25.545 10.92 0.0365 0.63085 0.54334 9.44312 27.6747 -2.71308 0.51614 0.48328 10.7493 22.7553 -2.17672 0.3306 1507000000000 981900000000
 0.7200   438730 0.7300   447592      1       -1       -1       -1  0 1.61400e+12 1.60100e+12 266.553000 34.228000 161.940000  1 0.3500 224.780000 17.22016 40.95763 20.85646 16.440 111.420 88.460 -2.780e+12 -2.257e+10 -8.453e+11 0.04342 168459 168459 676751 2584 60 168430 168528 28.625 1601500000000 1677800000000 1372800000000 1039100000000 591050000000 25.0027 5.06 0.03529 0.76023 0.60591 7.48511 25.5218 0.67311 0.75558 0.56936 10.4056 19.1545 -2.29843 0.3251 1541000000000 1001000000000
 0.7100   429805 0.7200   438730      1       -1       -1       -1  0 1.61400e+12 1.57300e+12 265.852000 24.311000 162.070000  1 0.3500 233.980000 17.20186 40.92211 20.84465 19.270 107.300 84.390 -1.934e+12 -6.130e+11 -7.987e+11 0.03484 168460 168460 676751 2611 59 168430 168528 23.8019 1572900000000 1658700000000 1391800000000 1020000000000 610110000000 15.4708 4.61 0.02742 0.6389 0.5459 0.61637 23.8613 1.40454 0.62744 0.46004 0.94293 19.1828 -1.00377 0.3122 1545000000000 743600000000
 0.7000   420834 0.7100   429805      1       -1       -1       -1  0 1.61400e+12 1.59200e+12 267.814000 26.537000 161.770000  1 0.3500 235.090000 17.18526 40.89671 20.82516 27.740 99.650 77.350 -1.754e+12 -6.871e+11 -5.884e+11 0.03103 168461 168461 676751 2545 58 168430 168528 24.467 1592000000000 1696900000000 1391800000000 1086800000000 600580000000 13.2368 17.35 0.02446 0.76593 0.62964 9.41479 24.2904 5.70051 0.57738 0.51872 14.5974 17.9362 1.71177 0.309 1551000000000 791200000000
 0.6900   411839 0.7000   420834      1       -1       -1       -1  0 1.61400e+12 1.64900e+12 271.878000 22.457000 164.510000  1 0.3500 249.050000 17.17556 40.87100 20.80704 25.650 95.460 79.450 -1.603e+12 -7.738e+11 -4.949e+11 0.02727 168462 168462 676751 2599 57 168430 168528 20.991 1649200000000 1687300000000 1382300000000 1058200000000 657780000000 16.3379 14.37 0.02172 0.75486 0.58518 12.9917 23.9582 1.37904 0.6972 0.56828 14.2521 18.5414 -1.73224 0.3129 1599000000000 762600000000
 0.6800   402824 0.6900   411839      1       -1       -1       -1  0 1.59167e+12 1.60100e+12 270.111000 25.574000 167.100000  1 0.3500 246.990000 17.16845 40.85242 20.79010 27.560 94.990 76.750 -1.207e+12 -6.318e+11 1.251e+11 0.02197 168463 168463 676751 2557 56 168430 168528 21.2107 1601500000000 1658700000000 1382300000000 1039100000000 619640000000 18.8613 14.55 0.01699 0.70519 0.54655 11.8026 17.9929 -1.68741 0.69476 0.43805 10.5622 16.5245 -1.34259 0.3087 1672000000000 819800000000
 0.6700   393837 0.6800   402824      1       -1       -1       -1  0 1.53467e+12 1.52500e+12 266.609000 20.430000 161.460000  1 0.3500 238.900000 17.16790 40.84115 20.77569 27.960 94.610 77.640 -1.068e+12 -7.568e+11 1.879e+11 0.02330 168464 168464 676751 3689 55 168430 168528 23.013 1525300000000 1582500000000 1420400000000 1039100000000 657780000000 12.7032 11.62 0.01791 0.83931 0.68518 0.34904 26.2182 0.65226 0.80771 0.61077 -0.38184 22.0775 -4.0064 0.2966 1633000000000 705400000000
 0.6600   384891 0.6700   393837      1       -1       -1       -1  0 1.50300e+12 1.47800e+12 264.640000 15.669000 163.820000  1 0.3500 248.370000 17.15301 40.82397 20.76329 23.750 86.560 75.880 -9.565e+11 -2.537e+11 2.530e+11 0.01960 168465 168465 676751 2582 54 168430 168528 19.1306 1477600000000 1601500000000 1382300000000 1039100000000 657780000000 15.9904 10.97 0.01467 0.80121 0.69055 4.6111 20.7926 8.24473 0.72763 0.653 3.31898 15.9409 8.92624 0.2939 1616000000000 581500000000
 0.6500   375845 0.6600   384891      1       -1       -1       -1  0 1.50300e+12 1.48700e+12 266.039000 21.726000 161.610000  1 0.3500 250.290000 17.14896 40.80481 20.73877 17.420 85.230 74.820 -5.828e+11 -9.370e+11 1.169e+11 0.02120 168466 168466 676751 2613 53 168430 168528 19.2692 1487100000000 1592000000000 1353700000000 1067700000000 619640000000 8.63186 11.3 0.01586 0.70602 0.55491 10.6682 17.3251 -6.05945 0.60459 0.51414 9.34009 15.3126 -3.28116 0.2864 1534000000000 657800000000
 0.6400   366763 0.6500   375845      1       -1       -1       -1  0 1.50300e+12 1.53500e+12 269.682000 22.875000 153.100000  1 0.3500 239.530000 17.13669 40.78862 20.70372 14.100 84.050 78.990 -1.003e+12 -1.010e+12 -1.055e+11 0.02478 168467 168467 676751 2603 52 168430 168528 25.1057 1534800000000 1563400000000 1258400000000 1001000000000 505250000000 15.1863 14.42 0.01948 0.71267 0.61824 14.0702 21.1857 -11.2195 0.77433 0.65875 8.78372 16.9016 -12.2277 0.2795 1513000000000 705400000000
 0.6300   357650 0.6400   366763      1       -1       -1       -1  0 1.49033e+12 1.48700e+12 267.674000 38.335000 143.700000  1 0.3500 223.960000 17.13444 40.75703 20.67812 6.370 85.580 79.710 -8.836e+11 -1.173e+12 1.565e+11 0.02660 168468 168468 676751 1461 51 168430 168528 33.4432 1487100000000 1525300000000 1267900000000 962830000000 514780000000 15.5519 18.06 0.02138 0.72283 0.55283 9.01974 25.0538 -0.82419 0.70909 0.61625 2.64021 22.0254 3.60597 0.2648 1385000000000 962800000000
 0.6200   348561 0.6300   357650      1       -1       -1       -1  0 1.44567e+12 1.44900e+12 266.162000 38.441000 135.490000  1 0.3500 219.240000 17.12124 40.74897 20.67480 7.490 81.740 77.740 -4.299e+11 -9.373e+11 3.389e+11 0.02002 168469 168469 676751 2578 50 168430 168528 36.7338 1449000000000 1506200000000 1201200000000 924700000000 409920000000 21.1242 17.3 0.01652 0.64882 0.49067 -4.27924 34.1049 7.84728 0.57364 0.37056 -4.47519 28.0125 5.91149 0.255 1295000000000 924700000000
 0.6100   339433 0.6200   348561      1       -1       -1       -1  0 1.38533e+12 1.40100e+12 263.988000 51.204000 131.160000  1 0.3500 213.000000 17.13594 40.71833 20.64746 7.650 84.980 74.530 -6.869e+11 -6.233e+11 -9.155e+10 0.01840 168470 168470 676751 2582 49 168430 168528 41.7878 1401400000000 1429900000000 1210700000000 829370000000 400390000000 10.7132 9.18 0.0151 0.69707 0.58296 -8.61945 26.3835 21.0708 0.73686 0.57274 -6.92425 21.4201 14.4756 0.2417 1259000000000 1096000000000
 0.6000   330288 0.6100   339433      1       -1       -1       -1  0 1.30600e+12 1.30600e+12 258.610000 38.486000 130.380000  1 0.3500 215.140000 17.13037 40.71177 20.62305 3.000 79.460 68.040 -9.511e+11 -5.120e+11 -1.376e+11 0.02480 168471 168471 676751 3607 48 168430 168528 35.258 1306000000000 1353700000000 1163000000000 800770000000 409920000000 17.9329 10.03 0.01997 0.66675 0.62098 17.775 19.5374 3.95445 0.58234 0.32804 13.7548 16.0271 1.02176 0.237 1197000000000 838900000000
 0.5900   321107 0.6000   330288      1       -1       -1       -1  0 1.22667e+12 1.21100e+12 252.878000 24.617000 132.980000  1 0.3500 229.760000 17.11805 40.68334 20.59710 4.340 79.890 61.830 -6.316e+11 -3.941e+11 1.702e+10 0.02081 168472 168472 676751 1489 47 168430 168528 23.1251 1210700000000 1248800000000 1096300000000 753110000000 486180000000 18.139 6.8 0.0156 0.75888 0.62703 4.20943 25.9273 -0.45026 0.61695 0.57709 -2.47017 22.441 2.84743 0.2239 1159000000000 619600000000
 0.5800   311861 0.5900   321107      1       -1       -1       -1  0 1.17567e+12 1.16300e+12 250.215000 13.974000 135.800000  1 0.3500 248.780000 17.12566 40.65204 20.57442 1.890 82.400 60.690 -4.499e+11 -2.530e+11 -4.630e+10 0.01584 168473 168473 676751 2659 46 168430 168528 16.1841 1163000000000 1182100000000 1067700000000 791240000000 552910000000 10.3154 3.43 0.01169 0.5154 0.38072 -1.39518 31.3312 3.5611 0.50277 0.39945 -3.30842 28.086 4.87546 0.2263 1393000000000 409900000000
 0.5700   302638 0.5800   311861      1       -1       -1       -1  0 1.17567e+12 1.13400e+12 248.831000 20.852000 131.090000  1 0.3500 237.370000 17.12652 40.63315 20.56392 1.530 84.560 60.720 -4.356e+11 1.292e+11 -1.245e+11 0.01533 168474 168474 676751 2624 45 168430 168528 19.2706 1134400000000 1144000000000 1048600000000 762640000000 533850000000 15.2525 7.21 0.01116 0.62976 0.39453 4.1427 26.1339 -1.35699 0.7156 0.46492 -2.53429 20.7919 1.77524 0.2103 1206000000000 543400000000
 0.5600   293382 0.5700   302638      1       -1       -1       -1  0 1.17567e+12 1.09600e+12 246.676000 23.421000 121.550000  1 0.3500 225.260000 17.12507 40.60736 20.52937 -2.260 80.340 58.360 -6.946e+11 2.784e+11 -1.534e+11 0.02568 168475 168475 676751 2624 44 168430 168528 23.4214 1096300000000 1115400000000 1048600000000 724510000000 476650000000 20.4924 3.49 0.01931 0.7237 0.51035 10.3715 25.394 -0.26103 0.70765 0.58604 7.97915 19.7487 2.76967 0.1984 1076000000000 572000000000
 0.5500   284132 0.5600   293382      1       -1       -1       -1  0 1.17567e+12 1.17300e+12 252.938000 39.724000 115.490000  1 0.3500 216.620000 17.12431 40.56693 20.51809 -1.590 77.620 56.470 -8.668e+11 2.809e+11 -5.499e+10 0.02654 168476 168476 676751 2596 43 168430 168528 33.3857 1172600000000 1191600000000 1058200000000 762640000000 419450000000 15.8053 6.4 0.02078 0.7051 0.48811 8.99993 36.2173 0.9418 0.59734 0.40636 2.77537 30.9892 4.07635 0.1864 1019000000000 819800000000
 0.5400   274907 0.5500   284132      1       -1       -1       -1  0 1.17567e+12 1.14400e+12 251.516000 40.068000 110.050000  1 0.3500 209.320000 17.14589 40.52383 20.48665 -1.400 78.350 56.510 -7.026e+11 4.725e+11 1.474e+11 0.02623 168477 168477 676751 2599 42 168430 168528 40.0683 1144000000000 1172600000000 991430000000 791240000000 333650000000 19.3556 3.15 0.02055 0.79933 0.49615 2.58861 29.8635 -1.88631 0.73459 0.46919 -3.35284 24.8646 -0.63759 0.169 1029000000000 838900000000
 0.5300   265663 0.5400   274907      1       -1       -1       -1  0 1.17567e+12 1.15400e+12 252.854000 45.423000 116.240000  1 0.3500 212.900000 17.14860 40.48928 20.46978 0.120 77.610 53.590 -5.000e+11 5.116e+11 2.279e+11 0.02308 168478 168478 676751 2611 41 168430 168528 38.8664 1153500000000 1163000000000 1029600000000 781710000000 362250000000 27.4874 1.76 0.01785 0.69187 0.40234 0.03172 27.7097 -3.86675 0.5826 0.40202 -8.19312 22.2288 -5.92936 0.1756 1027000000000 877000000000
 0.5200   256431 0.5300   265663      1       -1       -1       -1  0 1.17567e+12 1.14400e+12 252.783000 38.425000 123.140000  1 0.3500 236.810000 17.12482 40.46219 20.43522 1.710 74.740 51.450 -3.743e+11 5.909e+11 3.314e+11 0.02587 168479 168479 676751 7992 40 168430 168528 23.597 1144000000000 1144000000000 1115400000000 781710000000 419450000000 15.3584 2.45 0.01881 0.62115 0.29637 7.58143 30.5036 2.63041 0.46845 0.27485 5.64847 27.1127 3.75727 0.174 1105000000000 791200000000
 0.5100   247166 0.5200   256431      1       -1       -1       -1  0 1.17567e+12 1.10600e+12 250.550000 21.330000 124.170000  1 0.3500 230.660000 17.10329 40.45756 20.42301 2.570 72.850 49.070 -1.684e+11 6.223e+11 5.759e+11 0.03103 168480 168480 676751 1459 39 168430 168528 25.9776 1105800000000 1105800000000 1067700000000 915170000000 409920000000 24.5613 1.65 0.02242 0.59798 0.50699 16.0421 29.6557 -9.4827 0.62375 0.39754 10.2828 27.316 -8.19218 0.1759 1198000000000 514800000000
 0.5000   237993 0.5100   247166      1       -1       -1       -1  0 1.17567e+12 1.14400e+12 253.999000 22.824000 125.090000  1 0.3500 253.030000 17.10611 40.40737 20.41806 3.610 72.130 46.100 -4.169e+10 8.639e+11 7.555e+11 0.04039 168481 168481 676751 7951 38 168430 168528 19.318 1144000000000 1144000000000 1115400000000 905630000000 533850000000 14.5974 3.39 0.0284 0.62775 0.47398 18.3737 28.6724 -12.85 0.71397 0.44647 9.76266 28.0116 -9.34112 0.165 1349000000000 648200000000
 0.4900   228813 0.5000   237993      1       -1       -1       -1  0 1.17567e+12 1.14400e+12 254.586000 22.391000 125.220000  1 0.3500 248.170000 17.09872 40.37307 20.39122 1.590 70.760 46.450 -1.563e+10 7.921e+11 7.952e+11 0.03948 168482 168482 676751 1427 37 168430 168528 21.753 1144000000000 1144000000000 1124900000000 915170000000 524310000000 11.9118 2.74 0.02801 0.55325 0.47733 21.5426 34.9854 -4.40785 0.5268 0.41094 19.1233 31.8908 -1.86925 0.1682 1263000000000 610100000000
 0.4800   219664 0.4900   228813      1       -1       -1       -1  0 1.17567e+12 1.18200e+12 257.965000 21.179000 116.080000  1 0.3500 243.260000 17.08508 40.32501 20.38204 2.380 67.660 45.740 -1.227e+11 6.290e+11 7.805e+11 0.03241 168483 168483 676751 2558 36 168430 168528 26.2514 1182100000000 1182100000000 1086800000000 877040000000 514780000000 18.9587 2.68 0.02408 0.59541 0.36732 23.9565 30.893 -6.63321 0.59856 0.31755 24.5773 24.1447 -5.97442 0.1571 1112000000000 543400000000
 0.4700   210521 0.4800   219664      1       -1       -1       -1  0 1.17233e+12 1.20100e+12 259.913000 42.341000 111.060000  1 0.3500 238.040000 17.09354 40.28765 20.35363 3.240 66.480 44.990 -1.897e+11 6.312e+11 9.232e+11 0.03498 168484 168484 676751 1413 35 168430 168528 31.4232 1201200000000 1201200000000 1163000000000 714970000000 419450000000 11.5736 5.5 0.02658 0.73847 0.36024 7.00556 33.8647 -0.1632 0.77148 0.32637 -5.26341 26.4405 5.9453 0.149 1059000000000 829400000000
 0.4600   201416 0.4700   210521      1       -1       -1       -1  0 1.13433e+12 1.13400e+12 255.552000 72.353000 102.990000  1 0.3500 218.510000 17.07121 40.23072 20.33046 6.430 55.690 46.340 -1.980e+11 3.263e+11 8.917e+11 0.03247 168485 168485 676751 2546 34 168430 168528 47.7082 1134400000000 1134400000000 1067700000000 676840000000 343190000000 18.5357 3.1 0.02524 0.47794 0.31413 25.2256 38.8997 -7.75307 0.55151 0.35702 21.7197 29.5033 -0.85247 0.1368 996200000000 1239000000000
 0.4500   192385 0.4600   201416      1       -1       -1       -1  0 1.04540e+12 1.06800e+12 250.959000 47.322000 102.770000  1 0.3500 229.980000 17.05252 40.19014 20.29762 9.750 50.800 46.160 -2.675e+11 1.088e+11 7.550e+11 0.03088 168486 168486 676751 2524 33 168430 168528 32.7076 1067700000000 1067700000000 943770000000 667310000000 390850000000 33.9467 3.73 0.02351 0.39262 0.31188 24.9842 28.4319 -3.56322 0.38857 0.31895 22.0679 22.0918 -6.31454 0.1329 909800000000 819800000000
 0.4400   183344 0.4500   192385      1       -1       -1       -1  0 1.00413e+12 9.34200e+11 240.515000 31.743000 103.480000  1 0.3500 221.700000 17.02012 40.13234 20.28406 10.230 49.460 46.080 -2.556e+11 -3.211e+10 5.834e+11 0.03059 168487 168487 676751 2491 32 168430 168528 31.7426 943770000000 934230000000 867500000000 600580000000 257390000000 57.4441 0 0.02341 0.46333 0.36622 16.7624 42.3787 -0.29983 0.49356 0.42716 11.4448 34.5729 1.77278 0.1416 828700000000 572000000000
 0.4300   174332 0.4400   183344      1       -1       -1       -1  0 1.00413e+12 9.43800e+11 241.800000 29.973000 99.780000  1 0.3500 227.570000 17.01637 40.11286 20.26059 9.600 46.950 44.460 -3.566e+11 -1.049e+11 4.054e+11 0.02667 168488 168488 676751 2509 31 168430 168528 29.973 943770000000 934230000000 896100000000 619640000000 324120000000 50.2031 0.39 0.02006 0.63017 0.3775 8.17187 38.4868 13.5563 0.6374 0.39072 -1.79885 30.4505 16.5815 0.1271 838300000000 543400000000
 0.4200   165382 0.4300   174332      1       -1       -1       -1  0 1.00413e+12 8.10300e+11 230.250000 30.105000 100.210000  1 0.3500 216.370000 16.98137 40.06687 20.24401 9.970 45.840 41.350 -4.464e+11 -4.834e+10 2.118e+11 0.03105 168489 168489 676751 2514 30 168430 168528 30.1053 810300000000 791240000000 753110000000 581510000000 247860000000 59.1253 0 0.0236 0.688 0.32904 33.2071 25.4855 -8.21232 0.58837 0.28819 31.1176 23.2263 -7.06921 0.1407 754200000000 533800000000
 0.4100   156521 0.4200   165382      1       -1       -1       -1  0 1.00413e+12 1.03000e+12 249.837000 60.574000 95.070000  1 0.3500 225.560000 17.08204 40.11613 20.18781 9.260 44.350 42.510 -1.459e+11 -4.080e+10 6.070e+11 0.02428 168490 168490 676751 2456 29 168430 168528 43.2836 1029600000000 1020000000000 991430000000 734040000000 57198000000 29.4809 1.86 0.02018 0.29048 0.12835 54.8236 39.746 -22.3692 0.16488 0.05347 34.4531 14.4181 -27.3313 0.1297 906300000000 1001000000000
 0.4000   147757 0.4100   156521      1       -1       -1       -1  0 1.00413e+12 8.67500e+11 236.386000 30.308000 94.550000  1 0.3500 227.270000 16.98889 40.04090 20.19730 13.190 44.250 41.300 -1.079e+11 -4.184e+10 3.615e+11 0.02219 168491 168491 676751 2435 28 168430 168528 30.3082 867500000000 848440000000 819840000000 591050000000 276460000000 47.5065 0 0.01647 0.51969 0.38183 40.3115 3.7195 -23.0967 0.67512 0.4572 31.0567 2.8489 -16.1504 0.1113 772100000000 524300000000
 0.3900   139093 0.4000   147757      1       -1       -1       -1  0 1.00413e+12 8.10300e+11 231.462000 24.177000 96.150000  1 0.3500 234.530000 17.01741 40.02471 20.18360 10.730 38.430 37.970 -7.532e+10 -9.428e+10 4.319e+11 0.03028 168492 168492 676751 2395 27 168430 168528 24.1768 829370000000 810300000000 781710000000 714970000000 200190000000 34.8719 0.58 0.02206 0.61385 0.31642 -19.2953 6.69677 36.613 0.35995 0.13622 -19.5232 -1.33108 38.008 0.1135 891900000000 409900000000
 0.3800   130627 0.3900   139093      1       -1       -1       -1  0 1.00413e+12 8.29400e+11 233.641000 29.259000 92.250000  1 0.3500 230.400000 17.03060 40.02592 20.13151 7.170 38.810 38.150 -6.003e+10 -2.027e+11 5.408e+11 0.03629 168493 168493 676751 286 26 168430 168528 29.2586 848440000000 848440000000 810300000000 705440000000 0 28.3228 0 0.02782 0.42777 0.18119 25.1635 52.6367 29.99 0.23816 0.02162 20.9165 46.5346 41.5426 0.1139 837700000000 514800000000
 0.3700   122142 0.3800   130627      1       -1       -1       -1  0 1.00413e+12 8.77000e+11 238.404000 39.795000 82.850000  1 0.3500 225.680000 17.02773 39.98603 20.10347 7.760 38.140 35.680 9.057e+10 -2.036e+11 6.374e+11 0.03698 168494 168494 676751 2336 25 168430 168528 39.7948 877040000000 877040000000 857970000000 657780000000 9533000000 18.0801 0 0.02984 0.38999 0.21375 64.4289 26.284 -0.42219 0.13645 0.0438 63.0633 19.9825 -3.90552 0.0988 784200000000 676800000000
 0.3600   113724 0.3700   122142      2       -1       -1       -1  0 1.00413e+12 8.86600e+11 239.620000 57.340000 78.660000  1 0.3500 218.360000 17.01040 39.93330 20.05299 5.760 35.780 33.830 1.276e+11 -1.707e+11 6.190e+11 0.03404 168495 168495 676751 2274 24 168430 168528 57.3402 886570000000 886570000000 857970000000 400390000000 0 12.2797 0 0.02879 0.1348 0.07274 95.069 29.4357 -15.4634 0.45865 0.44365 69.1656 26.6689 -5.45045 0.0979 748500000000 858000000000
 0.3500   105450 0.3600   113724      1       -1       -1       -1  0 7.18133e+11 6.48200e+11 216.180000 41.061000 77.640000  1 0.1800 205.370000 17.07344 39.93158 19.99585 -7.700 38.720 39.700 -4.521e+10 -6.014e+10 2.756e+11 0.02798 168496 168496 676751 2228 23 168514 168513 41.0609 648240000000 629180000000 610110000000 428980000000 104860000000 16.7688 0 0.02146 0.60154 0.46679 11.9731 14.3486 22.3476 0.57196 0.50229 9.79673 9.45094 18.4287 0.0871 576000000000 552900000000
 0.3500   105451 0.3600   113724      1       -1       -1       -1  0 2.86000e+11 2.28800e+11 152.774000 29.674000 40.330000  0 0.2100 144.670000 16.86897 39.90070 20.11131 45.470 18.710 -3.550 -1.382e+10 1.075e+10 3.614e+10 0.01988 168497 168514 676751 2227 23 168430 168528 29.6735 266920000000 266920000000 266920000000 190660000000 9533000000 14.2842 0 0.01711 0.73011 0.41796 35.6099 -17.0397 -13.6274 0.25399 0.07413 40.4139 -3.52491 -1.0325 0.0649 210100000000 181100000000
 0.3400    97360 0.3500   105450      1       -1       -1       -1  0 6.06900e+11 6.19600e+11 213.242000 26.185000 79.760000  1 0.1800 221.240000 17.09472 39.89882 19.95605 -6.650 39.230 38.740 -1.177e+11 -2.176e+10 2.377e+11 0.02928 168498 168497 676751 2164 22 168430 168513 26.1846 619640000000 619640000000 552910000000 476650000000 152530000000 18.9525 0 0.02185 0.89888 0.54416 12.6402 8.95748 31.1775 0.84122 0.60732 -3.65423 7.6317 30.6258 0.0889 600400000000 390900000000
 0.3400    97361 0.3500   105451      1       -1       -1       -1  0 2.86000e+11 2.57400e+11 159.107000 39.637000 42.240000  1 0.2100 147.930000 16.81823 39.87563 20.10664 38.610 16.900 0.350 -4.544e+10 -1.221e+10 -1.679e+10 0.02036 168499 168515 676751 2163 22 168430 168528 39.6374 276460000000 276460000000 247860000000 171590000000 0 4.19951 0 0.01774 0.49834 0.24819 -25.1326 -30.6262 37.0902 0.64096 0.2972 -19.9084 -24.4051 29.9727 0.0647 214300000000 257400000000
 0.3300    89519 0.3400    97360      1       -1       -1       -1  0 5.59233e+11 5.52900e+11 205.560000 21.201000 77.690000  1 0.1800 224.110000 17.11666 39.86226 19.92107 -8.510 39.340 39.250 -1.886e+11 4.012e+10 6.057e+10 0.02829 168500 168498 676751 2104 21 168430 168513 21.2006 552910000000 552910000000 543380000000 457580000000 181130000000 9.23848 0 0.02035 0.79543 0.64383 -18.3417 2.80774 25.7324 0.72439 0.52578 -11.4491 0.53674 27.7017 0.0847 566900000000 295500000000
 0.3300    89520 0.3400    97361      1       -1       -1       -1  0 2.86000e+11 2.47900e+11 157.321000 30.893000 43.120000  1 0.2100 152.580000 16.80273 39.85892 20.11381 33.100 9.770 4.270 -5.929e+09 -2.568e+10 -1.036e+10 0.01252 168501 168516 676751 2103 21 168430 168528 30.893 266920000000 266920000000 247860000000 114400000000 0 12.1678 0 0.01086 0.48434 0.12243 37.9111 32.1945 -4.33268 0.08553 0 32.66 23.8621 2.11582 0.0628 226600000000 200200000000
 0.3200    81806 0.3300    89519      1       -1       -1       -1  0 5.11600e+11 5.05200e+11 199.719000 28.548000 69.460000  1 0.1800 206.690000 17.13515 39.84770 19.89237 -7.400 41.560 36.440 -2.024e+11 7.217e+10 4.184e+10 0.03442 168502 168499 676751 2007 20 168430 168513 28.5475 505250000000 495720000000 495720000000 390850000000 114400000000 27.3341 0 0.026 0.58706 0.53012 20.6528 31.1252 -10.0928 0.65005 0.53033 10.2231 24.4605 -14.7221 0.0795 468300000000 343200000000
 0.3200    81807 0.3300    89520      1       -1       -1       -1  0 2.86000e+11 2.57400e+11 159.508000 32.606000 44.160000  1 0.2100 155.950000 16.77254 39.84914 20.09106 29.600 10.240 7.520 -7.299e+09 -2.245e+10 -5.707e+09 0.01050 168503 168517 676751 2006 20 168430 168528 32.6056 257390000000 247860000000 247860000000 171590000000 0 9.80181 0.48 0.00888 0.65834 0.13617 30.0603 37.7273 -18.5614 0.545 0.1883 15.5254 41.6798 -8.10528 0.0589 226600000000 200200000000
 0.3100    74344 0.3200    81806      1       -1       -1       -1  0 4.51233e+11 4.76700e+11 196.105000 36.409000 59.100000  1 0.1800 197.120000 17.12604 39.76698 19.86274 -6.240 40.360 32.910 -1.600e+11 6.133e+10 2.097e+10 0.02790 168504 168500 676751 1939 19 168430 168513 36.4094 476650000000 476650000000 457580000000 333650000000 0 14.2796 0 0.02294 0.51265 0.24636 18.271 50.0043 32.9062 0.24877 0.12132 -1.07864 37.2507 40.0781 0.073 431800000000 400400000000
 0.3100    74345 0.3200    81807      1       -1       -1       -1  0 2.86000e+11 2.38300e+11 155.649000 19.499000 45.870000  1 0.2100 167.520000 16.75175 39.83118 20.06597 27.670 9.400 10.840 -1.044e+10 7.620e+09 -8.865e+09 0.00833 168505 168518 676751 1938 19 168430 168528 19.4994 238320000000 238320000000 238320000000 181130000000 0 20.9044 0 0.00661 0.91409 0.42602 -13.6105 35.0833 -0.64787 0.59169 0.09451 -29.6098 29.5484 14.7546 0.0551 226900000000 152500000000
 0.3000    67114 0.3100    74344      1       -1       -1       -1  0 4.03600e+11 3.71800e+11 180.716000 23.508000 55.720000  1 0.1800 195.940000 17.15584 39.78355 19.86904 -7.310 35.330 20.260 -2.585e+10 3.151e+10 -1.444e+09 0.01071 168506 168501 676751 1940 18 168430 168513 23.5077 371790000000 324120000000 324120000000 276460000000 57198000000 15.6569 0 0.00833 0.89026 0.41794 38.4253 -0.37156 -0.14484 0.75206 0.34471 24.2067 -10.3074 -25.4213 0.0631 333700000000 219300000000
 0.3000    67115 0.3100    74345      1       -1       -1       -1  0 2.86000e+11 2.38300e+11 155.820000 10.608000 50.950000  1 0.2100 195.800000 16.73692 39.81946 20.06879 23.930 8.400 11.080 -1.051e+10 6.117e+09 -7.809e+09 0.00830 168507 168519 676751 2140 18 168430 168528 10.6081 238320000000 238320000000 238320000000 181130000000 57198000000 15.1642 0 0.00619 0.83865 0.56015 9.66964 -9.50682 0.16403 0.85813 0.46273 -6.78577 8.01454 -1.65666 0.0607 226500000000 57200000000
 0.2900    60133 0.3000    67114      1       -1       -1       -1  0 3.62267e+11 3.62300e+11 179.344000 32.826000 54.540000  1 0.1800 186.190000 17.16662 39.74015 19.85582 -9.270 31.700 18.620 -3.401e+10 2.604e+10 1.497e+10 0.01240 168508 168502 676751 1763 17 168430 168513 32.8259 362250000000 343190000000 333650000000 238320000000 47665000000 13.419 0 0.00984 0.34438 0.15867 55.9644 10.4777 5.73375 0.28539 0.08816 40.0618 -8.78992 -10.8017 0.0609 303000000000 286000000000
 0.2900    60134 0.3000    67115      1       -1       -1       -1  0 2.86000e+11 2.76500e+11 163.892000 30.880000 48.520000  1 0.2100 169.420000 16.71653 39.82428 20.06358 20.750 8.600 10.820 -1.878e+10 -1.377e+09 -1.244e+10 0.00954 168509 168520 676751 1762 17 168430 168528 30.8799 276460000000 266920000000 266920000000 171590000000 76264000000 9.11699 0 0.00768 0.45746 0.1972 10.9635 39.1146 1.31164 0.57185 0.22957 6.82029 32.0727 2.18285 0.0564 233200000000 209700000000
 0.2800    53479 0.2900    60133      1       -1       -1       -1  0 3.52733e+11 3.52700e+11 177.930000 47.440000 51.100000  1 0.1800 179.230000 17.17338 39.68637 19.85738 -5.200 29.190 17.550 -2.576e+10 9.268e+09 4.285e+09 0.00775 168510 168503 676751 1710 16 168430 168513 47.4396 352720000000 352720000000 343190000000 181130000000 9533000000 31.9877 0 0.00639 0.26495 0.21733 21.3278 -13.8471 48.6469 0.22729 0.17298 5.98765 -0.67167 31.507 0.0564 299500000000 362300000000
 0.2800    53480 0.2900    60134      1       -1       -1       -1  0 2.86000e+11 2.76500e+11 164.052000 18.050000 54.390000  1 0.2100 189.910000 16.69404 39.81528 20.05052 17.960 7.720 7.640 -2.581e+10 -2.368e+10 9.799e+09 0.01619 168511 168521 676751 1895 16 168430 168528 18.0496 276460000000 276460000000 276460000000 228790000000 19066000000 8.65685 0 0.01259 0.54731 0.27883 18.4759 28.8044 -8.40223 0.69685 0.12536 18.8471 10.3956 -9.6798 0.0598 276400000000 152500000000
 0.2700    47146 0.2800    53479      1       -1       -1       -1  0 3.46367e+11 3.43200e+11 176.473000 31.650000 49.450000  1 0.1800 189.920000 17.14904 39.63791 19.82210 -5.800 28.610 17.710 -3.147e+10 4.821e+10 1.829e+10 0.01834 168512 168504 676751 306 15 168430 168513 31.6504 343190000000 343190000000 333650000000 209730000000 0 16.207 0 0.01484 0.26602 0.02601 33.9807 -8.31183 41.1662 0.49985 0.1948 32.3025 -11.0244 35.5573 0.0513 299400000000 266900000000
 0.2700    47147 0.2800    53480      1       -1       -1       -1  0 2.86000e+11 2.95500e+11 167.893000 18.995000 53.390000  1 0.2100 196.490000 16.66683 39.80764 20.04125 15.500 8.290 8.090 -1.688e+10 -2.409e+10 1.265e+09 0.01194 168513 168522 676751 418 15 168430 168528 18.9953 295520000000 295520000000 285990000000 238320000000 9533000000 8.71976 0 0.00928 0.11841 0.01616 46.2463 42.7701 -31.3263 0.75016 0.40958 -42.3308 -5.44666 40.7848 0.0578 294600000000 162100000000
 0.2600    41152 0.2700    47146      1       -1       -1       -1  0 3.33667e+11 3.43200e+11 176.624000 42.249000 46.220000  1 0.1800 186.210000 17.12567 39.59603 19.79335 -5.760 28.460 16.410 -5.049e+10 7.930e+10 3.917e+10 0.03055 168514 168505 676751 934 14 168430 168513 42.2493 343190000000 343190000000 343190000000 209730000000 0 26.7431 2.11 0.02549 0.67034 0.272 27.6303 1.53496 44.0452 0.39414 0.06444 -24.7703 3.3483 39.5418 0.0442 300200000000 343200000000
 0.2600    41153 0.2700    47147      1       -1       -1       -1  0 2.79633e+11 2.86000e+11 166.209000 23.013000 48.440000  1 0.2100 190.220000 16.65453 39.78447 20.03027 12.790 6.370 7.810 -1.139e+10 -2.726e+10 2.236e+10 0.01561 168515 168523 676751 1085 14 168430 168528 23.0128 285990000000 276460000000 266920000000 228790000000 0 7.44236 0 0.01256 0.77768 0.20223 -18.3057 -25.6035 33.688 0.09872 0.00419 0.334 -36.2564 42.9614 0.0554 273900000000 181100000000
 0.2500    35524 0.2600    41152      1       -1       -1       -1  0 3.20967e+11 3.14600e+11 171.711000 17.701000 49.340000  1 0.1800 212.520000 17.14948 39.56809 19.75895 -3.540 26.080 15.210 -4.232e+10 3.742e+10 5.015e+10 0.03000 168516 168506 676751 798 13 168430 168513 17.7014 314590000000 314590000000 314590000000 247860000000 57198000000 6.72 0 0.02228 0.80976 0.65899 10.8956 -15.2492 20.2588 0.85364 0.45811 2.95922 18.6468 -14.1227 0.0368 319100000000 133500000000
 0.2500    35525 0.2600    41153      1       -1       -1       -1  0 2.47867e+11 2.57400e+11 160.601000 27.072000 44.180000  1 0.2100 180.930000 16.62741 39.77567 20.02337 12.740 4.400 7.480 -1.192e+10 -2.185e+10 1.486e+10 0.01457 168517 168524 676751 866 13 168430 168528 27.0719 257390000000 247860000000 247860000000 162060000000 28599000000 13.0808 0 0.01194 0.88799 0.44571 -14.2126 29.3775 -9.35932 0.69611 0.2299 23.0013 -12.7898 11.7025 0.0514 216200000000 162100000000
 0.2400    30235 0.2500    35524      1       -1       -1       -1  0 3.05067e+11 3.05100e+11 170.084000 12.765000 58.030000  1 0.1800 231.240000 17.13818 39.53347 19.72791 -2.730 23.690 14.870 -3.593e+10 3.049e+10 3.591e+10 0.02771 168518 168507 676751 865 12 168430 168513 12.7648 305060000000 305060000000 295520000000 285990000000 152530000000 17.1834 0 0.01876 0.57477 0.38981 31.5806 -7.50342 16.3479 0.56737 0.38601 30.1064 -5.13821 14.6779 0.0455 378500000000 114400000000
 0.2400    30236 0.2500    35525      1       -1       -1       -1  0 2.12900e+11 2.00200e+11 147.804000 22.783000 39.460000  1 0.2100 172.310000 16.61397 39.76586 20.00225 11.790 6.260 10.010 -8.275e+09 -1.973e+10 4.087e+09 0.01645 168519 168525 676751 935 12 168430 168528 22.783 200190000000 200190000000 200190000000 114400000000 0 5.18373 0 0.01392 0.20176 0.07956 -36.1908 -3.2608 43.9928 0.27352 0.08687 -22.8734 -5.73043 31.2595 0.048 191800000000 123900000000
 0.2300    25343 0.2400    30235      1       -1       -1       -1  0 2.63767e+11 2.95500e+11 168.408000 28.918000 47.550000  1 0.1800 196.800000 17.17798 39.49448 19.74065 -4.570 21.770 12.990 -2.968e+10 1.767e+10 2.407e+10 0.01772 168520 168508 676751 1750 11 168430 168513 28.9181 295520000000 295520000000 295520000000 162060000000 19066000000 35.2137 0 0.01436 0.55728 0.13911 28.585 -14.0656 32.1144 0.22429 0.13628 -2.7638 0.67661 27.9098 0.0512 272800000000 219300000000
 0.2300    25344 0.2400    30236      1       -1       -1       -1  0 1.74767e+11 1.81100e+11 143.052000 23.903000 34.760000  1 0.2100 167.900000 16.58736 39.74266 19.98757 12.970 8.960 9.950 -9.437e+09 -1.220e+10 -4.265e+08 0.01345 168521 168526 676751 1854 11 168430 168528 23.9031 181130000000 181130000000 171590000000 76264000000 0 9.51533 0 0.0119 0.48059 0.31106 -38.4432 -0.07937 43.7421 0.28099 0 -1.0828 10.1487 32.6083 0.0421 161300000000 143000000000
 0.2200    20843 0.2300    25343      1       -1       -1       -1  0 1.90667e+11 1.90700e+11 145.610000 44.855000 34.680000  1 0.1800 162.370000 17.19099 39.44891 19.71565 -7.450 18.710 9.140 5.514e+09 7.424e+09 -9.208e+09 0.01031 168522 168509 676751 1081 10 168430 168513 44.8548 190660000000 171590000000 171590000000 0 0 30.7696 1.99 0.00944 0.464 0.10686 11.6903 -32.81 65.4403 0 0 0 0 0 0.0489 214600000000 266900000000
 0.2200    20844 0.2300    25344      1       -1       -1       -1  0 1.49333e+11 1.43000e+11 132.296000 18.537000 33.280000  1 0.2100 163.540000 16.56659 39.72301 19.96684 11.200 9.390 8.920 2.299e+09 -1.675e+10 8.670e+09 0.02522 168523 168527 676751 1238 10 168430 168528 18.5372 142990000000 142990000000 142990000000 85797000000 0 21.2517 0 0.0222 0.52865 0.42304 -7.40728 -27.3466 34.5015 0.84877 0.4523 13.9115 26.6067 11.2678 0.0416 121600000000 76260000000
 0.2100    16770 0.2200    20843      1       -1       -1       -1  0 1.09647e+11 8.58000e+10 111.647000 45.753000 29.050000  1 0.1800 125.620000 17.18160 39.41733 19.68061 -5.800 22.350 19.790 -6.883e+09 -4.382e+09 -1.086e+09 0.02222 168524 168510 676751 936 9 168430 168513 45.7532 85797000000 76264000000 66731000000 38132000000 0 41.2307 8.29 0.02306 0.08609 0 -13.6031 54.471 -9.03018 0.7824 0.38857 8.27325 37.8909 -0.8181 0.0666 158400000000 209700000000
 0.2100    16771 0.2200    20844      0       -1       -1       -1  0 1.23900e+11 1.23900e+11 126.206000 44.771000 30.800000  1 0.2100 142.720000 16.54985 39.71591 19.95127 18.310 6.680 7.930 5.601e+09 -8.655e+09 7.464e+09 0.01973 168525 168528 676751 1085 9 168430 168528 44.7706 123930000000 76264000000 76264000000 47665000000 0 19.2818 8.45 0.01932 0.53422 0.24233 29.9398 9.29682 -23.7683 0.48914 0 -5.97544 27.7029 -0.53704 0.0568 114200000000 152500000000
 0.2000    13174 0.2100    16770      1       -1       -1       -1  1 5.24367e+10 5.24400e+10 94.762000 27.511000 23.060000  1 0.1800 110.750000 17.18394 39.40833 19.67265 -5.800 22.350 19.790 -3.441e+09 -2.191e+09 -5.430e+08 0.01111 168526 168511 676751 2734 8 168430 168513 36.4147 52431500000 47665000000 42898500000 19066000000 0 42.8762 4.145 0.01153 0.043045 0 -6.80154 27.2355 -4.51509 0.3912 0.194285 4.13663 18.9454 -0.40905 0.0333 136300000000 104850000000
 0.1900    10067 0.2000    13174      1       -1       -1       -1  0 3.33700e+10 1.90700e+10 67.693000 9.269000 0.000000  1 0.1800 90.220000 17.22171 39.34183 19.64430 -9.740 29.270 16.430 0.000e+00 0.000e+00 0.000e+00 0.00000 168527 168512 676751 660 7 168430 168513 9.26868 19066000000 19066000000 19066000000 0 0 44.5218 0 0 0 0 0 0 0 0 0 0 0 0 0 114200000000 0
 0.1800     7373 0.1900    10067      0       -1       -1       -1  0 2.86000e+10 2.86000e+10 77.523000 14.352000 7.040000  1 0.1800 100.830000 17.24130 39.30158 19.63110 -3.480 22.630 11.270 3.872e+08 7.583e+08 1.053e+08 0.00844 168528 168513 676751 539 6 168430 168513 14.3521 28599000000 28599000000 28599000000 0 0 39.5231 0 0.01619 0 0 0 0 0 0 0 0 0 0 0.0312 105400000000 9533000000
