 1.0000   677105 0.0000       -1      1       -1       -1       -1  0 4.95700e+11 4.00400e+11 150.786000 18.076000 119.910000  1 0.6800 123.920000 21.02566 46.18414 23.22588 -90.230 -138.980 155.860 -3.573e+11 -8.203e+11 2.998e+11 0.08311 332359 332359 677105 2620 88 332358 332427 18.0755 400390000000 419450000000 362250000000 190660000000 47665000000 38.7312 0 0.10342 0.42985 0.13688 11.8653 -3.78764 41.1132 0.23388 0.03932 -9.58132 14.906 14.4375 0.6591 466600000000 190700000000
 0.9900   668952 1.0000   677105      1       -1       -1       -1  0 4.95700e+11 4.19400e+11 153.788000 13.969000 115.370000  1 0.6800 134.080000 21.03553 46.21336 23.17459 -90.800 -137.660 157.180 -3.435e+11 -6.843e+11 2.328e+11 0.07637 332360 332360 677105 2565 87 332358 332427 13.969 419450000000 428980000000 381320000000 314590000000 38132000000 13.9111 0 0.08141 0.44977 0.35586 14.3368 -2.11955 19.6632 0.14543 0.00034 15.1712 -5.61221 17.7866 0.5587 575800000000 181100000000
 0.9800   660584 0.9900   668952      1       -1       -1       -1  0 4.95700e+11 4.19400e+11 154.432000 15.820000 109.720000  1 0.6800 130.880000 21.04588 46.21795 23.16500 -88.850 -134.850 157.140 -3.506e+11 -6.909e+11 2.405e+11 0.08143 332361 332361 677105 2578 86 332358 332427 15.8196 419450000000 428980000000 381320000000 314590000000 0 16.8809 2.2 0.08276 0.44997 0.33172 21.011 -12.9537 32.23 0.36072 0.10887 -10.6933 22.3461 -16.8084 0.5094 553800000000 190700000000
 0.9700   652255 0.9800   660584      1       -1       -1       -1  0 4.95700e+11 4.19400e+11 155.076000 17.073000 105.140000  1 0.6800 129.250000 21.05299 46.23236 23.15180 -87.090 -136.250 153.950 -3.978e+11 -7.331e+11 2.404e+11 0.08973 332362 332362 677105 2544 85 332358 332427 17.0735 419450000000 428980000000 381320000000 295520000000 47665000000 19.5947 0 0.08883 0.45686 0.32378 21.2439 -14.9824 29.6606 0.35817 0.23907 15.9993 -14.426 24.4236 0.4731 534600000000 209700000000
 0.9600   643940 0.9700   652255      1       -1       -1       -1  0 4.95700e+11 4.09900e+11 154.530000 15.422000 101.510000  1 0.6800 131.440000 21.06176 46.24615 23.12317 -85.540 -133.230 154.790 -3.234e+11 -6.308e+11 1.349e+11 0.08206 332363 332363 677105 1571 84 332358 332427 15.4217 409920000000 428980000000 381320000000 285990000000 85797000000 7.94408 0 0.07697 0.59076 0.36847 21.6293 -15.6063 18.4233 0.43448 0.16538 17.9406 -17.6483 14.2488 0.4311 547100000000 190700000000
 0.9500   635643 0.9600   643940      1       -1       -1       -1  0 4.95700e+11 4.29000e+11 157.536000 20.572000 101.590000  1 0.6800 126.580000 21.05816 46.26704 23.10327 -85.860 -133.910 151.660 -3.682e+11 -6.495e+11 2.310e+11 0.08222 332364 332364 677105 2643 83 332358 332427 20.5721 428980000000 428980000000 390850000000 276460000000 66731000000 4.90909 0 0.07752 0.5885 0.34229 18.8686 -10.8586 13.0745 0.30874 0.11138 14.5598 -7.33679 9.95225 0.4243 511600000000 276500000000
 0.9400   627355 0.9500   635643      1       -1       -1       -1  0 4.95700e+11 4.29000e+11 158.182000 24.615000 104.670000  1 0.6800 123.000000 21.04967 46.29049 23.08665 -84.620 -132.890 150.210 -3.637e+11 -6.435e+11 2.275e+11 0.07531 332365 332365 677105 565 82 332358 332427 24.6152 428980000000 428980000000 381320000000 238320000000 47665000000 22.5277 0 0.07696 0.35516 0.28503 29.525 -17.2274 1.11255 0.21696 0.04984 24.2321 -14.816 -2.6153 0.4771 482100000000 295500000000
 0.9300   619045 0.9400   627355      1       -1       -1       -1  0 4.95700e+11 4.29000e+11 158.826000 24.111000 106.720000  1 0.6800 123.940000 21.06050 46.30598 23.06398 -83.370 -131.860 148.710 -3.595e+11 -6.377e+11 2.241e+11 0.07462 332366 332366 677105 3610 81 332358 332427 24.1107 428980000000 428980000000 400390000000 247860000000 85797000000 21.1005 0 0.07644 0.235 0.1938 24.3062 -10.0779 4.7317 0.13458 0.09325 17.7134 -4.89553 2.59707 0.4866 489100000000 295500000000
 0.9200   610712 0.9300   619045      1       -1       -1       -1  0 4.95700e+11 4.29000e+11 159.469000 27.570000 106.460000  1 0.6800 121.700000 21.05709 46.32193 23.03453 -83.370 -131.080 146.790 -3.803e+11 -6.831e+11 3.040e+11 0.07551 332367 332367 677105 2641 80 332358 332427 27.5696 428980000000 428980000000 352720000000 200190000000 0 34.1336 0 0.08404 0.11098 0.0694 42.7179 -21.3877 9.69756 0.05613 0 30.2542 -15.1959 6.83218 0.5256 448100000000 333700000000
 0.9100   602361 0.9200   610712      1       -1       -1       -1  0 4.95700e+11 4.00400e+11 156.470000 20.441000 102.580000  1 0.6800 125.370000 21.13279 46.31856 23.03572 -77.310 -128.500 148.620 -3.203e+11 -6.022e+11 1.232e+11 0.07832 332368 332368 677105 2679 79 332358 332427 20.4414 400390000000 419450000000 343190000000 266920000000 28599000000 30.1277 0 0.07817 0.47573 0.24086 27.3953 -8.91744 16.4302 0.51563 0.02921 17.917 -3.75875 14.9055 0.4633 438000000000 266900000000
 0.9000   594009 0.9100   602361      1       -1       -1       -1  0 4.95700e+11 4.19400e+11 159.551000 21.800000 100.040000  1 0.6800 126.690000 21.11267 46.34693 23.02030 -79.680 -128.180 144.070 -3.606e+11 -6.248e+11 2.162e+11 0.07993 332369 332369 677105 2658 78 332358 332427 21.7999 419450000000 438520000000 390850000000 219260000000 19066000000 14.7315 0 0.07888 0.55279 0.14943 29.1773 -16.2696 10.7774 0.27226 0.00493 -19.1102 13.5741 28.8724 0.4353 494400000000 238300000000
 0.8900   585610 0.9000   594009      1       -1       -1       -1  0 4.95700e+11 4.29000e+11 161.388000 23.368000 97.360000  1 0.6800 126.740000 21.11561 46.36915 23.00611 -78.170 -127.650 142.250 -3.399e+11 -6.137e+11 2.139e+11 0.07296 332370 332370 677105 2667 77 332358 332427 23.3684 428980000000 438520000000 400390000000 133460000000 0 18.1826 0 0.07425 0.79971 0.19294 36.6455 -24.5998 6.09748 0.14014 0.00091 -7.5086 13.014 46.4533 0.4325 494800000000 305100000000
 0.8800   577233 0.8900   585610      1       -1       -1       -1  0 4.95700e+11 4.29000e+11 162.024000 25.453000 96.480000  1 0.6800 125.400000 21.11717 46.39799 22.98101 -76.800 -126.610 140.500 -3.306e+11 -6.066e+11 2.125e+11 0.07037 332371 332371 677105 3678 76 332358 332427 25.4531 428980000000 457580000000 400390000000 171590000000 0 25.3761 0 0.07345 0.18507 0.11267 -15.936 20.1026 44.1649 0.07257 0.00522 -18.1017 19.1304 40.2689 0.439 485200000000 295500000000
 0.8700   568776 0.8800   577233      1       -1       -1       -1  0 4.95700e+11 4.00400e+11 158.960000 19.582000 96.220000  1 0.6800 128.680000 21.16355 46.37842 22.93962 -73.990 -122.740 140.210 -3.730e+11 -5.446e+11 1.326e+11 0.08232 332372 332372 677105 2721 75 332358 332427 19.5818 400390000000 409920000000 343190000000 266920000000 57198000000 23.5104 0 0.07705 0.47413 0.39468 18.3823 -15.3362 19.1308 0.33499 0.1244 -19.5581 22.2183 -15.2411 0.393 441200000000 257400000000
 0.8600   560316 0.8700   568776      1       -1       -1       -1  0 4.95700e+11 3.90800e+11 158.301000 17.487000 96.510000  1 0.6800 131.050000 21.15971 46.39098 22.90771 -72.450 -122.230 137.880 -3.564e+11 -5.390e+11 1.349e+11 0.08638 332373 332373 677105 2687 74 332358 332427 17.4868 390850000000 428980000000 314590000000 266920000000 95330000000 21.0275 0 0.07895 0.88854 0.58498 20.9602 -15.6226 -0.79898 0.80868 0.38357 4.07409 -13.6594 19.155 0.3851 446900000000 228800000000
 0.8500   551883 0.8600   560316      1       -1       -1       -1  0 4.95700e+11 4.00400e+11 160.193000 17.621000 96.110000  1 0.6800 132.750000 21.16954 46.41059 22.88617 -71.200 -121.070 135.180 -3.648e+11 -5.466e+11 1.381e+11 0.08450 332374 332374 677105 2675 73 332358 332427 17.621 400390000000 438520000000 295520000000 266920000000 114400000000 23.7748 0 0.07745 0.67233 0.54254 23.1822 -15.3266 -11.2384 0.67757 0.58709 21.9635 -7.20281 -9.15969 0.3794 437400000000 219300000000
 0.8400   543372 0.8500   551883      1       -1       -1       -1  0 4.95700e+11 4.09900e+11 162.072000 16.093000 98.260000  1 0.6800 137.360000 21.18139 46.42928 22.86388 -72.080 -120.370 135.600 -4.182e+11 -5.388e+11 9.417e+10 0.08218 332375 332375 677105 2760 72 332358 332427 16.0934 409920000000 448050000000 305060000000 276460000000 28599000000 26.6549 0 0.07665 0.61852 0.5205 27.0897 -17.6723 -7.68724 0.42089 0.38558 27.6998 -15.1077 -6.65747 0.391 461100000000 228800000000
 0.8300   534862 0.8400   543372      1       -1       -1       -1  0 4.95700e+11 4.95700e+11 173.327000 28.873000 102.220000  1 0.6800 132.900000 21.17584 46.46600 22.88728 -76.190 -109.830 144.200 -9.115e+11 -5.137e+11 -2.280e+11 0.08337 332376 332376 677105 629 71 332358 332427 28.8734 495720000000 495720000000 409920000000 257390000000 0 4.58053 0 0.08722 0.34042 0.18035 -28.4408 27.7707 46.5151 0.79876 0.11078 22.285 -19.3602 16.5889 0.4287 502600000000 343200000000
 0.8200   526284 0.8300   534862      1       -1       -1       -1  0 4.95700e+11 4.95700e+11 173.979000 28.428000 102.140000  1 0.6800 133.880000 21.18842 46.48372 22.86427 -75.300 -108.600 142.670 -9.046e+11 -5.140e+11 -2.178e+11 0.08473 332377 332377 677105 2734 70 332358 332427 28.428 495720000000 505250000000 419450000000 285990000000 0 4.43793 0 0.08694 0.42008 0.16223 -19.1522 32.7232 49.6661 0.08662 0 -22.827 34.7441 32.3661 0.4179 498500000000 362300000000
 0.8100   517639 0.8200   526284      1       -1       -1       -1  0 4.70300e+11 4.95700e+11 174.629000 24.492000 102.940000  1 0.6800 138.090000 21.20121 46.50173 22.84078 -74.380 -107.330 141.160 -8.958e+11 -5.126e+11 -2.102e+11 0.08529 332378 332378 677105 2741 69 332358 332427 24.4923 495720000000 505250000000 438520000000 324120000000 0 4.28832 0 0.08652 0.49103 0.1762 -9.79736 27.5402 52.3858 0.03496 0.00598 -10.5504 38.2936 21.1338 0.4151 504700000000 333700000000
 0.8000   508966 0.8100   517639      1       -1       -1       -1  0 4.70300e+11 3.90800e+11 161.925000 20.953000 108.140000  1 0.6800 130.100000 21.23870 46.49224 22.76237 -71.310 -109.820 143.030 -5.633e+11 -4.307e+11 -1.635e+11 0.08824 332379 332379 677105 2691 68 332358 332427 20.9525 390850000000 448050000000 314590000000 219260000000 104860000000 41.2467 0 0.08922 0.80044 0.4456 18.9479 -15.5854 5.31876 0.52436 0.22368 17.0827 -14.7968 12.4561 0.4738 405700000000 219300000000
 0.7900   500332 0.8000   508966      1       -1       -1       -1  0 4.70300e+11 4.67100e+11 172.467000 20.953000 105.140000  1 0.6800 140.420000 21.21961 46.54605 22.78582 -70.370 -103.550 139.040 -7.502e+11 -4.842e+11 -2.025e+11 0.08534 332380 332380 677105 2703 67 332358 332427 20.9531 467120000000 495720000000 457580000000 333650000000 0 9.32025 3.5 0.08377 0.44218 0.16869 2.08117 24.357 43.5818 0.10136 0.01225 3.84897 23.6313 38.4574 0.4135 511700000000 295500000000
 0.7800   491690 0.7900   500332      1       -1       -1       -1  0 4.70300e+11 4.76700e+11 174.264000 20.568000 106.130000  1 0.6800 142.850000 21.24355 46.55923 22.77084 -69.610 -101.860 137.640 -7.158e+11 -4.354e+11 -1.813e+11 0.07754 332381 332381 677105 2774 66 332358 332427 20.5684 476650000000 495720000000 438520000000 295520000000 0 10.2447 2.87 0.07618 0.12904 0.07582 1.17351 27.7504 49.635 0.07007 0.00687 1.5086 27.4353 48.9692 0.4148 549000000000 238300000000
 0.7700   483005 0.7800   491690      1       -1       -1       -1  0 4.70300e+11 4.67100e+11 173.717000 21.160000 110.410000  1 0.6800 141.650000 21.25702 46.57823 22.74545 -70.450 -101.690 138.830 -7.202e+11 -4.743e+11 -1.902e+11 0.08221 332382 332382 677105 2781 65 332358 332427 21.1598 467120000000 486180000000 438520000000 324120000000 0 13.1321 0 0.08154 0.29054 0.13142 6.89083 23.8865 45.396 0.15955 0.01651 5.55962 29.3664 34.8934 0.4412 541600000000 266900000000
 0.7600   474307 0.7700   483005      1       -1       -1       -1  0 4.57567e+11 4.67100e+11 174.336000 22.112000 108.720000  1 0.6800 141.180000 21.27621 46.60191 22.71278 -69.070 -99.360 136.320 -5.356e+11 -4.763e+11 -1.073e+11 0.06834 332383 332383 677105 2779 64 332358 332427 22.1122 467120000000 476650000000 428980000000 324120000000 0 14.7643 2.23 0.06724 0.50702 0.17996 14.0361 20.7935 44.5351 0.06468 0 11.0461 33.7087 33.3621 0.429 513700000000 295500000000
 0.7500   465582 0.7600   474307      1       -1       -1       -1  0 4.51233e+11 4.38500e+11 171.306000 20.029000 105.830000  1 0.6800 141.210000 21.25788 46.62166 22.67658 -66.530 -95.430 132.640 -5.235e+11 -5.427e+11 -7.914e+10 0.08170 332384 332384 677105 2783 63 332358 332427 20.0286 438520000000 467120000000 428980000000 343190000000 38132000000 16.6493 0 0.07853 0.97235 0.37141 -0.74251 18.881 15.4075 0.78522 0.30364 -2.91525 16.7705 7.47403 0.4123 498200000000 238300000000
 0.7400   456784 0.7500   465582      1       -1       -1       -1  0 4.41700e+11 4.48100e+11 173.141000 20.708000 99.080000  1 0.6800 142.270000 21.27740 46.64373 22.66272 -66.570 -94.800 129.670 -5.528e+11 -6.059e+11 -2.180e+10 0.08721 332385 332385 677105 2771 62 332358 332427 20.7076 448050000000 457580000000 428980000000 343190000000 0 7.38121 0 0.0824 0.92776 0.37814 -28.6845 23.4837 -9.05334 0.07287 0.04601 28.6825 -11.6904 20.5273 0.3699 494100000000 238300000000
 0.7300   447953 0.7400   456784      1       -1       -1       -1  0 4.38533e+11 4.38500e+11 172.498000 24.133000 96.070000  1 0.6800 137.720000 21.29263 46.66155 22.63779 -65.420 -92.430 129.380 -5.130e+11 -5.261e+11 -8.249e+10 0.08201 332386 332386 677105 2779 61 332358 332427 24.1331 438520000000 457580000000 428980000000 285990000000 0 10.2983 0 0.07737 0.46224 0.3409 35.9305 -22.3421 15.4528 0.30971 0.01886 24.8168 -11.3636 19.7828 0.3577 469300000000 286000000000
 0.7200   439093 0.7300   447953      1       -1       -1       -1  0 4.38533e+11 4.29000e+11 171.824000 39.548000 91.690000  1 0.6800 127.400000 21.27549 46.70322 22.61529 -60.280 -86.430 115.360 -4.503e+11 -6.388e+11 3.244e+10 0.08667 332387 332387 677105 2809 60 332358 332427 39.548 428980000000 448050000000 381320000000 123930000000 85797000000 37.9795 8.5 0.08534 0.47621 0.27011 28.2077 -24.6079 4.69624 0.51948 0.2104 8.19187 5.70275 17.0644 0.3602 403100000000 400400000000
 0.7100   430173 0.7200   439093      1       -1       -1       -1  0 4.35367e+11 4.48100e+11 174.922000 29.015000 90.140000  1 0.6800 136.080000 21.32504 46.69355 22.59051 -57.740 -86.340 118.970 -4.211e+11 -4.274e+11 -6.119e+10 0.06551 332388 332388 677105 2823 59 332358 332427 29.015 448050000000 467120000000 352720000000 247860000000 0 6.96174 6.42 0.06152 0.34518 0.16382 42.3832 -38.6896 -8.38017 0.0773 0.01825 47.5251 -35.6726 6.65188 0.3219 413500000000 314600000000
 0.7000   421205 0.7100   430173      1       -1       -1       -1  0 4.09933e+11 4.29000e+11 172.981000 28.028000 86.870000  1 0.6800 135.370000 21.33497 46.72105 22.57240 -54.680 -83.660 117.750 -2.742e+11 -3.965e+11 9.779e+10 0.05819 332389 332389 677105 2868 58 332358 332427 28.028 428980000000 438520000000 371790000000 247860000000 0 7.3721 0 0.05424 0.2653 0.10562 -38.3103 41.9745 17.5634 0.05763 0.01195 -36.3622 46.5241 16.8435 0.3015 389400000000 295500000000
 0.6900   412214 0.7000   421205      2       -1       -1       -1  0 3.81333e+11 3.52700e+11 162.590000 20.407000 84.480000  1 0.6800 133.600000 21.29915 46.78721 22.58037 -70.950 -93.980 87.110 -2.725e+11 -5.539e+11 2.238e+11 0.10107 332390 332390 677105 2865 57 332358 332427 20.4068 352720000000 371790000000 219260000000 142990000000 66731000000 56.9748 21.02 0.1009 0.32313 0.2875 -15.2396 16.656 16.72 0.7418 0.09489 -7.40625 2.52932 9.39229 0.354 329600000000 143000000000
 0.6800   403197 0.6900   412214      0       -1       -1       -1  0 3.62300e+11 3.62300e+11 164.576000 34.863000 84.860000  1 0.6800 124.360000 21.32846 46.78468 22.54912 -57.970 -83.600 104.200 -1.463e+11 -2.981e+11 8.902e+10 0.05404 332391 332391 677105 2843 56 332392 332391 34.8628 362250000000 381320000000 333650000000 171590000000 28599000000 31.8831 0 0.05082 0.414 0.15238 -15.3381 23.2916 21.7669 0.60647 0.36483 -1.27225 16.1739 4.41559 0.3098 346300000000 324100000000
 0.6800   403198 0.6900   412214      1   403197   403197       -1  0 1.52500e+11 1.52500e+11 123.352000 19.337000 49.600000  0 0.3300 97.530000 21.39668 46.69254 22.45504 -31.890 -69.850 172.410 -5.817e+10 3.343e+10 -2.963e+10 0.04987 332392 332392 677105 2842 56 332358 332427 19.3366 247860000000 247860000000 228790000000 123930000000 38132000000 17.0683 0 0.04583 0.74549 0.3446 -4.10196 27.075 8.06946 0.51035 0.01623 15.4621 -21.2386 14.8109 0.2021 142000000000 95330000000
 0.6700   394211 0.6800   403198      1       -1       -1   403197  0 3.24133e+11 3.52700e+11 163.645000 28.382000 86.020000  1 0.3300 127.590000 21.35613 46.80973 22.52158 -58.870 -79.240 102.660 -7.276e+10 -2.607e+11 8.447e+10 0.04830 332393 332393 677105 3972 55 332358 332427 28.3817 352720000000 371790000000 314590000000 209730000000 57198000000 21.3354 0 0.04407 0.2839 0.10527 -0.23845 29.5025 18.9974 0.15964 0.02526 1.48381 30.7278 20.047 0.3052 327800000000 266900000000
 0.6600   385264 0.6700   394211      1       -1       -1       -1  0 3.24133e+11 3.05100e+11 156.409000 20.187000 83.770000  1 0.3300 128.820000 21.38507 46.84612 22.52836 -66.230 -80.180 94.660 -5.700e+10 -1.228e+11 4.624e+10 0.03313 332394 332394 677105 2865 54 332358 332427 20.1865 305060000000 305060000000 266920000000 209730000000 85797000000 37.2333 0 0.0285 0.68722 0.33852 -1.64974 17.9759 3.52895 0.53851 0.18093 -3.79952 14.8185 5.99685 0.2822 301200000000 181100000000
 0.6500   376221 0.6600   385264      1       -1       -1       -1  0 2.98733e+11 3.14600e+11 158.517000 16.361000 86.980000  1 0.3300 137.140000 21.39786 46.85985 22.48246 -65.980 -77.030 96.030 -1.036e+11 -1.832e+11 7.008e+10 0.05042 332395 332395 677105 2927 53 332358 332427 16.3613 314590000000 314590000000 285990000000 219260000000 114400000000 23.9176 3.19 0.04223 0.53084 0.36968 5.3994 14.1045 29.168 0.57843 0.50078 4.83501 7.54946 23.1853 0.2819 327400000000 171600000000
 0.6400   367145 0.6500   376221      1       -1       -1       -1  0 2.86000e+11 2.76500e+11 152.304000 8.264000 89.070000  1 0.3300 155.190000 21.43159 46.88617 22.48122 -69.460 -75.030 89.820 4.660e+10 -1.146e+11 -1.766e+10 0.03910 332396 332396 677105 2910 52 332358 332427 8.26404 276460000000 285990000000 266920000000 209730000000 133460000000 29.2555 0 0.0297 0.60466 0.50513 2.63625 14.2416 20.2134 0.71488 0.57746 2.42112 15.6687 11.3828 0.2659 349600000000 95330000000
 0.6300   358029 0.6400   367145      1       -1       -1       -1  0 2.76467e+11 2.66900e+11 150.991000 10.588000 91.400000  1 0.3300 144.160000 21.45428 46.89811 22.44401 -71.090 -70.900 88.210 6.420e+10 -6.923e+10 -1.627e+10 0.03187 332397 332397 677105 1781 51 332358 332427 10.588 266920000000 295520000000 257390000000 238320000000 133460000000 13.0174 0 0.02429 0.63409 0.52543 -5.62996 6.44171 22.5956 0.50282 0.19879 -6.07515 2.80327 23.0349 0.2805 342100000000 114400000000
 0.6200   348939 0.6300   358029      1       -1       -1       -1  0 2.76467e+11 2.57400e+11 149.619000 9.805000 86.700000  1 0.3300 145.880000 21.47902 46.91397 22.41646 -70.730 -67.920 89.740 6.502e+10 -5.380e+10 -2.416e+10 0.03099 332398 332398 677105 2897 50 332358 332427 9.80496 257390000000 257390000000 257390000000 209730000000 114400000000 9.66063 0 0.0238 0.94021 0.35551 -2.4687 -14.9661 19.2365 0.67906 0.17938 -2.95647 23.362 -12.1253 0.2681 342200000000 95330000000
 0.6100   339813 0.6200   348939      1       -1       -1       -1  0 2.76467e+11 2.57400e+11 150.061000 11.762000 73.730000  1 0.3300 140.320000 21.49382 46.93026 22.38544 -68.120 -62.700 86.860 5.551e+10 -9.421e+10 -5.037e+10 0.04249 332399 332399 677105 2896 49 332358 332427 11.7621 257390000000 257390000000 257390000000 228790000000 57198000000 3.55806 0 0.03285 0.71854 0.42075 -6.35807 20.1202 -7.44129 0.36506 0.21704 -6.14796 20.4042 -7.24261 0.211 311500000000 104900000000
 0.6000   330670 0.6100   339813      1       -1       -1       -1  0 2.76467e+11 2.47900e+11 148.615000 13.475000 69.460000  1 0.3300 134.740000 21.51275 46.95040 22.36094 -67.520 -63.490 88.760 2.495e+10 -6.932e+10 -2.384e+10 0.02899 332400 332400 677105 3922 48 332358 332427 13.4754 247860000000 247860000000 247860000000 219260000000 66731000000 4.08439 0 0.02266 0.58676 0.30335 -12.7261 29.0126 -6.92347 0.63891 0.17586 -8.64779 22.2683 -9.26901 0.1973 296400000000 133500000000
 0.5900   321494 0.6000   330670      1       -1       -1       -1  0 2.76467e+11 2.47900e+11 149.039000 16.737000 66.470000  1 0.3300 129.400000 21.54527 46.96179 22.33315 -65.950 -61.300 88.860 2.440e+10 -6.681e+10 -2.284e+10 0.02762 332401 332401 677105 1805 47 332358 332427 16.7375 247860000000 247860000000 228790000000 190660000000 47665000000 11.2765 0 0.02201 0.72857 0.48331 -8.91878 29.2448 2.98272 0.74628 0.37229 -5.48341 23.6171 9.21113 0.1889 263000000000 143000000000
 0.5800   312250 0.5900   321494      1       -1       -1       -1  0 2.76467e+11 2.47900e+11 149.458000 15.797000 66.060000  1 0.3300 132.030000 21.56226 46.98363 22.30614 -64.410 -59.160 88.590 2.389e+10 -6.461e+10 -2.104e+10 0.02680 332402 332402 677105 2971 46 332358 332427 15.7971 247860000000 247860000000 238320000000 181130000000 95330000000 9.26365 0 0.02138 0.67235 0.40991 -6.76446 17.2644 18.8219 0.52469 0.29121 -2.52758 17.9048 17.8682 0.1859 261800000000 133500000000
 0.5700   303027 0.5800   312250      1       -1       -1       -1  0 2.76467e+11 2.28800e+11 145.924000 11.587000 66.520000  1 0.3300 138.350000 21.57939 47.00166 22.27691 -61.850 -53.430 85.660 -4.911e+09 -7.278e+10 -3.132e+10 0.03479 332403 332403 677105 2963 45 332358 332427 11.5873 228790000000 228790000000 209730000000 181130000000 95330000000 7.30519 0 0.02712 0.55411 0.19318 -15.8802 12.1127 19.6926 0.24191 0.01668 -11.065 14.4286 29.1418 0.184 270200000000 104900000000
 0.5600   293773 0.5700   303027      1       -1       -1       -1  0 2.76467e+11 2.28800e+11 146.318000 10.917000 63.450000  1 0.3300 141.560000 21.60403 47.02693 22.24168 -63.190 -51.900 85.120 8.097e+09 -6.161e+10 -4.180e+10 0.03273 332404 332404 677105 2924 44 332358 332427 10.9172 228790000000 228790000000 200190000000 162060000000 114400000000 4.85048 0 0.02578 0.61236 0.27487 -8.2405 10.4353 23.1901 0.69816 0.04099 -1.08166 15.6709 20.4598 0.1717 261300000000 104900000000
 0.5500   284521 0.5600   293773      1       -1       -1       -1  0 2.76467e+11 2.19300e+11 144.640000 12.240000 58.040000  1 0.3300 136.370000 21.62830 47.03508 22.20313 -62.680 -49.400 82.660 -1.223e+10 -5.358e+10 -2.569e+10 0.02862 332405 332405 677105 2896 43 332358 332427 12.2401 219260000000 219260000000 200190000000 152530000000 38132000000 10.8679 0 0.02259 0.70979 0.4594 -7.2649 22.9317 -2.59167 0.82698 0.56836 -0.2207 20.8613 7.5442 0.15 254400000000 104900000000
 0.5400   275296 0.5500   284521      1       -1       -1       -1  0 2.76467e+11 2.28800e+11 147.087000 14.424000 58.250000  1 0.3300 134.730000 21.65179 47.06205 22.18157 -61.620 -47.840 80.180 -1.064e+10 -5.581e+10 -2.356e+10 0.02616 332406 332406 677105 2878 42 332358 332427 14.4242 228790000000 228790000000 200190000000 142990000000 47665000000 5.23723 4.9 0.0215 0.66508 0.39557 -1.30487 13.7261 5.98341 0.29886 0.2213 -7.04737 14.7902 2.07506 0.1535 204500000000 95330000000
 0.5300   266051 0.5400   275296      1       -1       -1       -1  0 2.76467e+11 2.38300e+11 149.482000 26.688000 57.310000  1 0.3300 122.820000 21.68019 47.07075 22.15808 -59.490 -46.940 84.250 -3.636e+10 -4.799e+09 -1.125e+10 0.01438 332407 332407 677105 2914 41 332358 332427 26.6875 238320000000 238320000000 228790000000 114400000000 0 6.39655 0 0.01263 0.50893 0.1551 -10.572 35.7506 6.67884 0.90254 0.02622 12.375 18.7884 -12.7086 0.1614 220600000000 190700000000
 0.5200   256817 0.5300   266051      1       -1       -1       -1  0 2.76467e+11 2.57400e+11 153.748000 44.365000 56.050000  1 0.3300 120.020000 21.70440 47.10804 22.11066 -54.740 -46.480 80.060 -1.094e+10 1.503e+10 -1.483e+10 0.00789 332408 332408 677105 8299 40 332358 332427 44.3647 257390000000 257390000000 219260000000 114400000000 0 19.1958 0 0.00694 0.6522 0.32138 14.1635 25.9156 24.405 0.32676 0.24369 -13.7061 27.3804 16.1315 0.1447 223800000000 276500000000
 0.5100   247551 0.5200   256817      1       -1       -1       -1  0 2.76467e+11 2.57400e+11 154.121000 37.284000 54.050000  1 0.3300 123.110000 21.73494 47.13938 22.08000 -54.240 -44.660 77.090 3.875e+10 -3.653e+10 -3.514e+10 0.02153 332409 332409 677105 1914 39 332358 332427 37.2844 257390000000 257390000000 200190000000 114400000000 47665000000 22.4351 0 0.01879 0.72902 0.6454 9.23188 7.28191 20.5907 0.535 0.04022 -4.12982 11.7956 13.8834 0.1329 225700000000 257400000000
 0.5000   238375 0.5100   247551      1       -1       -1       -1  0 2.76467e+11 2.76500e+11 158.211000 34.592000 57.170000  1 0.3300 128.700000 21.75005 47.12810 22.05122 -51.740 -43.430 77.560 -5.760e+09 1.802e+10 -3.234e+10 0.01124 332410 332410 677105 8237 38 332358 332427 34.5924 276460000000 276460000000 257390000000 162060000000 0 7.17056 1.36 0.00988 0.83223 0.37426 -6.1675 -26.9471 32.8984 0.85165 0.10682 3.38212 -18.7469 33.8444 0.1393 242600000000 247900000000
 0.4900   229197 0.5000   238375      1       -1       -1       -1  0 2.73300e+11 2.95500e+11 162.142000 26.520000 60.810000  1 0.3300 138.500000 21.77848 47.14901 22.01952 -49.500 -43.660 78.550 -9.760e+09 -3.102e+09 -2.268e+10 0.00684 332411 332411 677105 1707 37 332358 332427 26.52 295520000000 295520000000 266920000000 152530000000 0 5.5647 0 0.00592 0.5264 0.21274 -0.97076 38.4399 -16.3346 0.90043 0.06948 14.4763 20.7404 -16.5689 0.1428 255600000000 171600000000
 0.4800   220047 0.4900   229197      1       -1       -1       -1  0 2.73300e+11 2.47900e+11 153.254000 26.808000 67.200000  1 0.3300 130.400000 21.81884 47.18437 22.00146 -46.590 -41.170 74.660 -1.129e+10 -1.727e+10 -3.399e+10 0.01500 332412 332412 677105 2835 36 332358 332427 26.8084 247860000000 247860000000 238320000000 152530000000 0 21.7495 0 0.01281 0.4859 0.27006 6.10875 -8.55853 37.9834 0.17551 0.00924 17.7555 -9.39203 33.6041 0.1777 234500000000 181100000000
 0.4700   210905 0.4800   220047      1       -1       -1       -1  0 2.73300e+11 2.66900e+11 157.431000 19.330000 61.470000  1 0.3300 143.740000 21.83069 47.20182 21.94839 -46.110 -39.700 73.050 -4.148e+09 -1.954e+10 -4.099e+10 0.01618 332413 332413 677105 1691 35 332358 332427 19.3297 266920000000 266920000000 266920000000 152530000000 95330000000 15.17 0 0.01311 0.6947 0.32009 -15.8737 7.30588 25.931 0.88125 0.20837 -12.5076 -4.95241 23.5214 0.1333 258100000000 133500000000
 0.4600   201800 0.4700   210905      1       -1       -1       -1  0 2.73300e+11 2.76500e+11 159.623000 22.494000 62.780000  1 0.3300 143.010000 21.84905 47.21314 21.91501 -43.970 -36.020 71.030 2.135e+10 -3.052e+10 -6.162e+10 0.02448 332414 332414 677105 2994 34 332358 332427 22.4942 276460000000 276460000000 266920000000 171590000000 95330000000 9.90375 0 0.01971 0.66623 0.38668 9.6656 -4.1521 18.98 0.50096 0.22859 -8.2396 -6.14465 20.639 0.1337 258500000000 171600000000
 0.4500   192767 0.4600   201800      1       -1       -1       -1  0 2.73300e+11 2.76500e+11 159.954000 23.737000 61.510000  1 0.3300 143.100000 21.88419 47.22673 21.85326 -43.580 -37.000 67.760 2.160e+10 -9.313e+10 -1.649e+10 0.03283 332415 332415 677105 2935 33 332358 332427 23.7369 276460000000 276460000000 257390000000 200190000000 38132000000 23.4097 0 0.02682 0.79047 0.28164 4.96081 -12.4021 32.1279 0.50026 0.20553 6.49536 -15.9094 25.4684 0.1277 261900000000 200200000000
 0.4400   183718 0.4500   192767      1       -1       -1       -1  0 2.70100e+11 2.66900e+11 158.411000 19.389000 61.640000  1 0.3300 148.190000 21.90450 47.25177 21.81484 -40.740 -34.390 66.180 4.250e+09 -8.064e+10 -2.679e+10 0.03097 332416 332416 677105 2927 32 332358 332427 19.3889 266920000000 266920000000 266920000000 219260000000 19066000000 21.8267 0 0.02519 0.58731 0.22766 11.3142 -18.1172 31.269 0.21777 0.11336 9.51938 -30.9523 33.6226 0.129 277100000000 143000000000
 0.4300   174703 0.4400   183718      1       -1       -1       -1  0 2.60567e+11 2.66900e+11 158.720000 17.842000 60.360000  1 0.3300 152.400000 21.93259 47.27091 21.78867 -38.870 -32.710 63.840 3.156e+10 -9.976e+10 -1.879e+10 0.03976 332417 332417 677105 2908 31 332358 332427 17.8417 266920000000 266920000000 247860000000 238320000000 38132000000 17.3258 0 0.03181 0.83161 0.59049 -7.11336 22.0829 -21.8015 0.32898 0.01932 4.8161 -16.6765 29.2815 0.1195 294500000000 133500000000
 0.4200   165753 0.4300   174703      1       -1       -1       -1  0 2.54233e+11 2.47900e+11 155.138000 16.573000 62.110000  1 0.3300 151.930000 21.93576 47.28318 21.77313 -36.840 -31.510 61.040 6.086e+09 -8.596e+10 -2.672e+10 0.03886 332418 332418 677105 2904 30 332358 332427 16.5729 247860000000 247860000000 247860000000 228790000000 9533000000 14.0812 0 0.03088 0.75801 0.27949 31.785 -23.9634 -2.27358 0.41161 0.1982 35.5132 -16.3757 4.27161 0.1287 274700000000 114400000000
 0.4100   156886 0.4200   165753      1       -1       -1       -1  0 2.41533e+11 2.47900e+11 155.420000 18.325000 59.680000  1 0.3300 150.480000 21.96334 47.29881 21.71484 -33.690 -31.350 60.790 1.457e+10 -8.524e+10 -3.879e+10 0.04090 332419 332419 677105 2901 29 332358 332427 18.3247 247860000000 247860000000 238320000000 181130000000 66731000000 11.3378 0 0.03281 0.59039 0.23864 22.8652 -11.2336 17.4719 0.18829 0.06021 18.6004 -13.5249 16.2185 0.1222 246300000000 133500000000
 0.4000   148121 0.4100   156886      1       -1       -1       -1  0 2.38333e+11 2.28800e+11 151.593000 25.455000 56.910000  1 0.3300 138.890000 21.98684 47.31799 21.67254 -33.050 -31.100 58.760 -4.590e+09 -6.665e+10 -2.263e+10 0.03413 332420 332420 677105 2879 28 332358 332427 25.4548 228790000000 228790000000 228790000000 142990000000 57198000000 12.7495 0 0.02822 0.97006 0.49382 14.5349 -12.6662 20.055 0.55042 0.13337 21.8665 -5.73492 -7.58742 0.1239 216200000000 152500000000
 0.3900   139459 0.4000   148121      1       -1       -1       -1  0 2.06533e+11 2.38300e+11 153.929000 40.814000 50.600000  1 0.3300 134.280000 22.02146 47.34681 21.64448 -35.970 -29.860 56.800 1.030e+10 -7.435e+10 -1.306e+10 0.03261 332421 332421 677105 2871 27 332358 332427 40.8142 238320000000 209730000000 200190000000 133460000000 19066000000 3.3287 3.91 0.02881 0.52132 0.40005 28.1411 -18.0745 -20.8302 0.62747 0.16462 -9.01449 22.903 15.2144 0.1148 196600000000 238300000000
 0.3800   130993 0.3900   139459      1       -1       -1       -1  0 1.81100e+11 1.52500e+11 132.867000 16.861000 46.960000  1 0.3300 130.680000 22.03546 47.36498 21.60757 -32.980 -24.200 57.520 -3.977e+10 -6.779e+09 -1.148e+10 0.03717 332422 332422 677105 765 26 332358 332427 16.8605 152530000000 152530000000 152530000000 85797000000 9533000000 16.4012 0 0.03379 0.71348 0.07954 20.1636 -18.5312 -17.1528 0.79667 0.03494 -7.94418 8.44975 20.6289 0.1283 173200000000 76260000000
 0.3700   122504 0.3800   130993      1       -1       -1       -1  0 1.39800e+11 1.52500e+11 133.073000 33.933000 39.050000  1 0.3300 119.070000 22.06928 47.38693 21.55912 -30.850 -24.660 51.640 -3.859e+10 -1.373e+10 -2.034e+10 0.03917 332423 332423 677105 2799 25 332358 332427 33.9328 152530000000 152530000000 152530000000 47665000000 0 17.5111 4.27 0.03731 0.1976 0.0557 8.61513 4.19416 40.1258 0.13605 0.08366 9.21654 2.78779 29.5125 0.1061 155300000000 152500000000
 0.3600   114078 0.3700   122504      1       -1       -1       -1  0 1.30267e+11 1.14400e+11 121.085000 33.510000 28.370000  1 0.3300 108.750000 22.07541 47.42131 21.53402 -25.050 -32.230 49.900 -5.325e+09 -7.240e+08 -1.956e+10 0.02706 332424 332424 677105 2721 24 332358 332427 33.5097 114400000000 114400000000 104860000000 9533000000 0 26.7137 0 0.02707 0.47323 0.05959 31.0304 -7.8171 -26.0539 0 0 0 0 0 0.0701 137900000000 133500000000
 0.3500   105803 0.3600   114078      1       -1       -1       -1  0 1.04900e+11 1.23900e+11 124.536000 53.509000 32.270000  1 0.3300 110.640000 22.11444 47.43183 21.45217 -24.420 -33.260 47.300 7.019e+09 -7.720e+09 -7.701e+09 0.01535 332425 332425 677105 2705 23 332358 332427 53.5086 123930000000 95330000000 76264000000 19066000000 0 17.5826 7.39 0.01535 0.21048 0 18.4223 24.1509 20.918 0 0 0 0 0 0.0821 118700000000 200200000000
 0.3400    97702 0.3500   105803      1       -1       -1       -1  0 1.04900e+11 7.62600e+10 106.071000 24.947000 40.010000  1 0.3300 99.240000 22.14428 47.44137 21.42164 -25.980 -30.050 47.090 1.749e+09 2.037e+09 -9.833e+09 0.02576 332426 332426 677105 2694 22 332358 332427 24.9474 76264000000 76264000000 76264000000 38132000000 0 43.4394 0 0.02748 0.4158 0.1932 20.0508 43.6876 7.72008 0.35117 0.03177 21.5215 31.6251 -12.9565 0.1568 97720000000 66730000000
 0.3300    89848 0.3400    97702      0       -1       -1       -1  0 1.04900e+11 1.04900e+11 118.103000 22.776000 29.380000  1 0.3300 114.840000 22.11585 47.48966 21.38323 -17.900 -27.040 48.400 -5.908e+09 1.122e+09 -3.235e+09 0.01068 332427 332427 677105 2592 21 332358 332427 22.7757 104860000000 104860000000 104860000000 0 0 29.6154 0 0.01098 0.29235 0.0666 74.1126 16.0628 -16.1526 0 0 0 0 0 0.0717 97610000000 76260000000
