 1.0000   677685 0.0000       -1      1       -1       -1       -1  0 4.00367e+11 3.52700e+11 144.548000 6.628000 123.130000  1 0.4000 150.980000 1.75223 42.83280 45.75488 354.170 -119.890 -92.860 -7.020e+10 5.191e+10 -4.344e+10 0.01525 355711 355711 677685 3200 88 355710 355771 6.62815 381320000000 419450000000 324120000000 305060000000 190660000000 16.1404 0 0.0132 0.59671 0.47494 21.5172 -3.41548 0.69425 0.31198 0.21264 26.6072 -2.26423 -0.64886 0.5156 712000000000 95330000000
 0.9900   669539 1.0000   677685      1       -1       -1       -1  0 4.00367e+11 3.62300e+11 146.453000 6.748000 122.210000  1 0.4000 152.560000 1.72052 42.84344 45.76299 348.820 -111.270 -92.430 -7.670e+10 -1.121e+10 -3.801e+10 0.01324 355712 355712 677685 3172 87 355710 355771 6.74816 381320000000 419450000000 314590000000 305060000000 190660000000 15.2801 0 0.01121 0.68168 0.60598 18.2304 -3.02289 -5.17098 0.814 0.61067 14.3245 -5.90236 -5.39265 0.4956 697200000000 104900000000
 0.9800   661156 0.9900   669539      1       -1       -1       -1  0 4.00367e+11 3.52700e+11 145.765000 6.476000 125.020000  1 0.4000 153.280000 1.70004 42.85226 45.77416 340.410 -106.190 -85.450 -6.834e+10 4.266e+10 -4.833e+10 0.01452 355713 355713 677685 3444 86 355710 355771 6.47582 371790000000 428980000000 324120000000 285990000000 228790000000 5.39458 10.1 0.01279 0.76183 0.7454 16.6032 -2.23767 4.29502 0.78012 0.56081 12.6994 -0.80723 9.86776 0.5311 945700000000 133500000000
 0.9700   652817 0.9800   661156      1       -1       -1       -1  0 4.00367e+11 3.62300e+11 147.680000 7.160000 124.860000  1 0.4000 151.260000 1.66589 42.85719 45.78202 332.390 -95.200 -79.740 -1.135e+11 -1.725e+10 -4.926e+10 0.01834 355714 355714 677685 3487 85 355710 355771 7.15987 400390000000 448050000000 343190000000 276460000000 181130000000 8.54296 15.63 0.01632 0.59849 0.51302 14.6894 -9.48543 8.55645 0.59435 0.52053 15.1391 -6.16164 7.80773 0.5325 593800000000 133500000000
 0.9600   644496 0.9700   652817      1       -1       -1       -1  0 4.00367e+11 3.52700e+11 146.980000 7.344000 122.790000  1 0.4000 149.100000 1.59761 42.87759 45.78771 325.920 -87.290 -65.290 -5.912e+10 2.040e+11 -2.379e+10 0.03199 355715 355715 677685 3476 84 355710 355771 7.34442 438520000000 438520000000 295520000000 285990000000 190660000000 21.7025 31.33 0.02929 0.54873 0.39724 18.2635 -9.99365 4.9649 0.42509 0.20552 17.7419 -9.88682 5.74399 0.5514 581700000000 104900000000
 0.9500   636187 0.9600   644496      1       -1       -1       -1  0 4.00367e+11 3.62300e+11 148.903000 8.382000 111.940000  1 0.4000 145.980000 1.57236 42.88766 45.80117 328.380 -81.480 -94.410 -6.239e+10 5.798e+10 1.437e+10 0.01384 355716 355716 677685 3445 83 355710 355771 8.38184 400390000000 438520000000 314590000000 285990000000 190660000000 14.0025 3.61 0.01136 0.84308 0.55438 13.4234 -10.216 4.50049 0.83247 0.55074 12.0265 -11.1336 3.81672 0.4321 576200000000 143000000000
 0.9400   627892 0.9500   636187      1       -1       -1       -1  0 4.00367e+11 3.62300e+11 149.513000 9.213000 101.590000  1 0.4000 142.920000 1.53430 42.89308 45.80823 321.910 -72.950 -99.200 -5.782e+10 4.087e+10 9.013e+09 0.01147 355717 355717 677685 3225 82 355710 355771 9.21254 390850000000 428980000000 324120000000 305060000000 142990000000 14.2352 0 0.00942 0.76908 0.56308 21.2842 -4.33366 9.8551 0.83114 0.58773 19.309 -7.46959 7.79409 0.3841 580900000000 143000000000
 0.9300   619584 0.9400   627892      1       -1       -1       -1  0 4.00367e+11 3.62300e+11 150.122000 9.849000 94.890000  1 0.4000 141.030000 1.50546 42.90395 45.82725 314.460 -66.820 -94.780 -4.614e+10 4.482e+10 2.943e+09 0.01036 355718 355718 677685 2517 81 355710 355771 9.84926 390850000000 476650000000 324120000000 295520000000 114400000000 8.86188 6.21 0.00852 0.63246 0.51816 24.2253 -3.50085 13.4954 0.73341 0.50152 17.8124 -3.68171 15.0409 0.352 559700000000 123900000000
 0.9200   611247 0.9300   619584      1       -1       -1       -1  0 4.00367e+11 3.71800e+11 152.041000 10.436000 97.060000  1 0.4000 141.070000 1.46541 42.90986 45.83673 310.400 -57.810 -95.540 -3.358e+10 1.948e+11 7.116e+10 0.03172 355719 355719 677685 3244 80 355710 355771 10.4362 419450000000 486180000000 333650000000 276460000000 104860000000 3.28571 2.4 0.02672 0.60179 0.41471 25.4725 -1.93315 15.298 0.58884 0.46141 22.3457 -5.31682 13.8101 0.3609 519900000000 133500000000
 0.9100   602893 0.9200   611247      1       -1       -1       -1  0 4.00367e+11 3.62300e+11 151.336000 10.259000 98.900000  1 0.4000 140.790000 1.42561 42.91528 45.84782 305.460 -45.560 -91.180 1.685e+08 2.921e+11 1.135e+11 0.05061 355720 355720 677685 3246 79 355710 355771 10.2592 448050000000 486180000000 324120000000 276460000000 142990000000 2.62363 5.56 0.04176 0.69376 0.42283 18.5839 -2.71811 20.9745 0.71741 0.29592 21.3705 -7.3584 14.6405 0.3613 501900000000 143000000000
 0.9000   594532 0.9100   602893      1       -1       -1       -1  0 4.00367e+11 3.52700e+11 150.596000 9.357000 103.260000  1 0.4000 143.290000 1.38894 42.92178 45.85157 298.580 -38.920 -89.140 2.399e+10 2.111e+11 8.535e+10 0.03958 355721 355721 677685 3250 78 355710 355771 9.35661 457580000000 486180000000 333650000000 285990000000 181130000000 6.64088 5.97 0.03201 0.96383 0.46178 8.70151 -2.33238 22.3212 0.94924 0.23011 18.7925 -11.2334 4.15469 0.3742 521000000000 143000000000
 0.8900   586131 0.9000   594532      1       -1       -1       -1  0 4.00367e+11 3.90800e+11 156.457000 10.077000 115.820000  1 0.4000 147.400000 1.34966 42.93318 45.86926 293.350 -29.880 -92.650 -1.905e+11 4.246e+11 -1.255e+10 0.06394 355722 355722 677685 3274 77 355710 355771 10.0772 400390000000 457580000000 343190000000 314590000000 171590000000 5.63877 4.88 0.05504 0.96804 0.60567 20.4507 -4.23542 -8.76416 0.94256 0.70828 15.6657 -7.98728 8.03843 0.4407 536300000000 162100000000
 0.8800   577756 0.8900   586131      1       -1       -1       -1  0 4.00367e+11 3.90800e+11 157.074000 7.612000 126.750000  1 0.4000 159.970000 1.30606 42.93086 45.88141 285.440 -19.520 -89.820 -1.690e+11 3.658e+11 6.810e+10 0.05798 355723 355723 677685 4274 76 355710 355771 7.61223 400390000000 438520000000 352720000000 324120000000 219260000000 6.79271 0 0.0485 0.82573 0.67987 14.1776 -5.41708 -0.35207 0.77035 0.60481 10.1384 -8.28135 2.38967 0.4705 609900000000 162100000000
 0.8700   569299 0.8800   577756      1       -1       -1       -1  0 4.00367e+11 3.90800e+11 157.689000 6.831000 133.930000  1 0.4000 165.870000 1.27148 42.93406 45.89430 279.300 -15.500 -90.510 2.492e+10 3.823e+11 2.016e+11 0.06394 355724 355724 677685 7334 75 355710 355771 6.83111 409920000000 448050000000 371790000000 324120000000 247860000000 5.74298 0 0.05157 0.7146 0.47582 12.4872 -2.79293 12.371 0.69784 0.58735 10.6243 -3.41723 10.4584 0.4798 666800000000 152500000000
 0.8600   560843 0.8700   569299      1       -1       -1       -1  0 4.00367e+11 3.90800e+11 158.301000 6.962000 130.180000  1 0.4000 165.770000 1.22475 42.93922 45.90825 272.260 -8.590 -88.600 2.437e+10 3.862e+11 1.957e+11 0.06431 355725 355725 677685 3314 74 355710 355771 6.96167 409920000000 428980000000 362250000000 324120000000 219260000000 5.86341 0 0.05186 0.6387 0.52712 14.7804 -0.72895 14.4258 0.57733 0.50164 13.5982 2.62773 11.9475 0.4655 636000000000 162100000000
 0.8500   552405 0.8600   560843      1       -1       -1       -1  0 4.00367e+11 3.81300e+11 157.609000 8.225000 123.960000  1 0.4000 157.170000 1.18203 42.93748 45.91112 263.990 -1.970 -86.190 1.665e+10 3.188e+11 1.768e+11 0.05606 355726 355726 677685 3273 73 355710 355771 8.22499 400390000000 409920000000 362250000000 324120000000 219260000000 11.9847 0 0.04566 0.6435 0.52362 14.4249 -3.97119 16.3506 0.53404 0.46537 13.4375 -5.31338 14.6953 0.4503 586600000000 133500000000
 0.8400   543895 0.8500   552405      1       -1       -1       -1  0 4.00367e+11 3.71800e+11 156.882000 8.076000 113.900000  1 0.4000 157.080000 1.14553 42.94102 45.93039 257.340 4.600 -84.230 -2.945e+10 2.918e+11 1.109e+11 0.05148 355727 355727 677685 3347 72 355710 355771 8.07602 381320000000 409920000000 362250000000 295520000000 228790000000 4.88046 5.53 0.04108 0.78575 0.65183 17.1014 -10.1301 6.27212 0.70157 0.61956 13.8647 -12.1522 3.97385 0.4021 606100000000 104900000000
 0.8300   535386 0.8400   543895      1       -1       -1       -1  0 4.00367e+11 3.62300e+11 156.120000 8.164000 108.370000  1 0.4000 155.670000 1.11118 42.93610 45.93787 254.420 6.410 -84.160 -6.135e+10 2.465e+11 1.107e+11 0.04836 355728 355728 677685 1223 71 355710 355771 8.16447 381320000000 409920000000 343190000000 295520000000 152530000000 15.087 3.27 0.03807 0.63774 0.60026 15.3807 -11.735 -2.25636 0.60129 0.54975 12.9898 -12.0915 -2.42083 0.3718 593100000000 95330000000
 0.8200   526804 0.8300   535386      1       -1       -1       -1  0 4.00367e+11 3.62300e+11 156.708000 9.150000 107.160000  1 0.4000 151.640000 1.07082 42.94217 45.95541 250.220 12.080 -84.090 -6.076e+10 2.463e+11 1.160e+11 0.04980 355729 355729 677685 7468 70 355710 355771 9.15043 371790000000 409920000000 362250000000 305060000000 181130000000 10.2726 0 0.03848 0.77991 0.60875 20.274 -5.08414 -1.08856 0.71962 0.55389 17.9155 -5.11116 -5.66113 0.3564 525600000000 152500000000
 0.8100   518161 0.8200   526804      1       -1       -1       -1  0 4.00367e+11 3.71800e+11 158.661000 9.580000 105.250000  1 0.4000 152.230000 1.02925 42.93722 45.96831 243.730 18.290 -81.610 -6.017e+10 3.203e+11 1.397e+11 0.06075 355730 355730 677685 3337 69 355710 355771 9.58004 381320000000 400390000000 362250000000 314590000000 181130000000 13.0263 1.96 0.04705 0.90895 0.59804 17.2572 -5.67174 13.3406 0.83783 0.60271 19.1705 -5.46407 -0.02909 0.3442 495500000000 152500000000
 0.8000   509486 0.8100   518161      1       -1       -1       -1  0 4.00367e+11 3.71800e+11 159.248000 10.321000 105.590000  1 0.4000 150.050000 0.99212 42.93300 45.98153 239.150 23.800 -78.480 -5.555e+10 3.092e+11 1.384e+11 0.05849 355731 355731 677685 7529 68 355710 355771 10.3208 381320000000 409920000000 362250000000 305060000000 190660000000 15.053 0 0.04575 0.9063 0.57225 6.68608 -4.07457 17.3311 0.91706 0.61449 16.0423 -1.1453 3.76559 0.3489 499400000000 143000000000
 0.7900   500848 0.8000   509486      1       -1       -1       -1  0 4.00367e+11 3.81300e+11 161.186000 11.023000 104.650000  1 0.4000 149.880000 0.94402 42.92969 45.98575 230.970 29.610 -71.740 -3.836e+10 4.144e+11 1.216e+11 0.06910 355732 355732 677685 3369 67 355710 355771 11.0231 381320000000 390850000000 352720000000 295520000000 162060000000 23.3259 0 0.05564 0.72703 0.59234 17.6415 1.09513 17.8633 0.75011 0.54524 18.2847 9.60538 9.77391 0.352 523400000000 162100000000
 0.7800   492206 0.7900   500848      1       -1       -1       -1  0 4.00367e+11 3.90800e+11 163.109000 10.851000 103.740000  1 0.4000 152.900000 0.90786 42.92682 46.00743 225.110 31.950 -65.600 -2.598e+10 3.958e+11 4.129e+10 0.06191 355733 355733 677685 7525 66 355710 355771 10.8509 390850000000 390850000000 362250000000 305060000000 200190000000 15.7865 2.11 0.04933 0.57152 0.40285 18.0312 1.0631 6.51391 0.63291 0.32404 15.4491 0.41211 4.87403 0.3381 504700000000 181100000000
 0.7700   483527 0.7800   492206      1       -1       -1       -1  0 4.00367e+11 3.90800e+11 163.696000 12.436000 99.510000  1 0.4000 148.500000 0.86066 42.91673 46.01341 218.800 36.600 -61.940 1.978e+10 4.480e+11 -4.256e+10 0.06874 355734 355734 677685 3404 65 355710 355771 12.4357 390850000000 390850000000 352720000000 285990000000 152530000000 18.9321 2.42 0.05598 0.79838 0.66889 14.1948 4.23565 14.7948 0.68711 0.64761 7.57741 10.8743 10.2392 0.3266 487000000000 181100000000
 0.7600   474830 0.7700   483527      1       -1       -1       -1  0 4.00367e+11 3.90800e+11 164.280000 12.616000 94.940000  1 0.4000 148.810000 0.82374 42.91002 46.04956 213.090 38.510 -58.060 1.006e+10 4.410e+11 -4.197e+10 0.06696 355735 355735 677685 3717 64 355710 355771 12.6163 390850000000 390850000000 362250000000 295520000000 38132000000 6.78198 0 0.05533 0.89367 0.50688 18.7654 -1.01647 -17.994 0.66809 0.36062 -12.444 -2.09946 25.0956 0.3112 489600000000 162100000000
 0.7500   466097 0.7600   474830      1       -1       -1       -1  0 4.00367e+11 3.81300e+11 163.508000 15.432000 92.220000  1 0.4000 141.200000 0.78964 42.90762 46.04023 205.030 40.980 -52.870 4.386e+10 3.826e+11 -7.294e+10 0.06396 355736 355736 677685 3738 63 355710 355771 15.4323 381320000000 381320000000 362250000000 305060000000 114400000000 12.5524 0 0.05124 0.87413 0.40722 18.1921 0.29598 -17.0271 0.81925 0.23847 -7.62993 -5.37673 19.2698 0.286 463600000000 209700000000
 0.7400   457307 0.7500   466097      1       -1       -1       -1  0 4.00367e+11 3.81300e+11 164.079000 14.819000 93.970000  1 0.4000 143.350000 0.75051 42.89722 46.05024 202.600 44.440 -47.470 -1.046e+10 3.004e+11 -1.682e+11 0.05658 355737 355737 677685 3731 62 355710 355771 14.8189 381320000000 390850000000 362250000000 295520000000 133460000000 6.38415 0 0.04526 0.93121 0.65015 15.6111 8.83874 -12.8338 0.65462 0.1694 14.9118 13.4816 3.97631 0.2911 467600000000 171600000000
 0.7300   448479 0.7400   457307      1       -1       -1       -1  0 4.00367e+11 3.90800e+11 166.007000 13.962000 94.480000  1 0.4000 147.730000 0.70013 42.87551 46.05318 196.310 47.920 -42.830 -6.229e+08 2.662e+11 -1.412e+11 0.04703 355738 355738 677685 7993 61 355710 355771 13.9618 390850000000 390850000000 362250000000 285990000000 133460000000 18.3698 0 0.03819 0.89713 0.69376 19.1007 3.98386 9.66356 0.58633 0.23064 9.09315 19.1739 0.97732 0.2949 440700000000 152500000000
 0.7200   439632 0.7300   448479      1       -1       -1       -1  0 4.00367e+11 3.90800e+11 166.574000 16.069000 95.920000  1 0.4000 143.830000 0.65339 42.86964 46.08329 185.350 52.890 -37.250 2.894e+10 4.203e+11 -1.390e+11 0.06795 355739 355739 677685 3819 60 355710 355771 16.069 390850000000 400390000000 371790000000 305060000000 123930000000 7.78962 0 0.05652 0.79542 0.59296 22.6124 -6.2617 -11.0093 0.90867 0.3174 12.434 -9.93616 16.207 0.3093 452900000000 181100000000
 0.7100   430716 0.7200   439632      1       -1       -1       -1  0 4.00367e+11 3.90800e+11 167.137000 14.591000 95.110000  1 0.4000 147.980000 0.61161 42.85857 46.09142 179.800 56.180 -31.730 2.611e+10 4.126e+11 -1.383e+11 0.06820 355740 355740 677685 8081 59 355710 355771 14.5906 390850000000 409920000000 352720000000 295520000000 123930000000 8.75008 0 0.05584 0.6945 0.47019 25.4534 -11.25 1.49358 0.73584 0.26092 19.2707 -13.8578 4.69828 0.2981 470400000000 190700000000
 0.7000   421746 0.7100   430716      1       -1       -1       -1  0 4.00367e+11 4.09900e+11 170.379000 13.021000 93.980000  1 0.4000 156.120000 0.58838 42.85381 46.09202 181.820 58.970 -26.940 -4.098e+09 1.508e+11 -2.683e+11 0.04557 355741 355741 677685 3822 58 355710 355771 13.0207 409920000000 419450000000 362250000000 276460000000 190660000000 11.622 0 0.03662 0.91323 0.65723 18.8149 -11.4444 13.1182 0.78837 0.42527 -11.2747 13.5634 -17.1035 0.275 482100000000 190700000000
 0.6900   412751 0.7000   421746      1       -1       -1       -1  0 4.00367e+11 4.00400e+11 169.606000 13.214000 93.120000  1 0.4000 155.010000 0.56198 42.83315 46.10113 173.330 61.780 -22.660 8.717e+10 2.476e+11 -2.568e+11 0.05623 355742 355742 677685 3860 57 355710 355771 13.2143 400390000000 409920000000 352720000000 266920000000 181130000000 29.1806 0 0.04568 0.85912 0.43553 24.075 5.3136 -8.17272 0.78848 0.4944 3.33122 -10.4464 19.2615 0.2751 446200000000 190700000000
 0.6800   403743 0.6900   412751      1       -1       -1       -1  0 3.90833e+11 3.90800e+11 168.798000 13.586000 92.610000  1 0.4000 153.420000 0.51399 42.81725 46.11957 169.210 65.450 -15.790 1.118e+11 1.881e+11 -2.310e+11 0.05191 355743 355743 677685 3894 56 355710 355771 13.586 390850000000 400390000000 352720000000 276460000000 142990000000 30.9396 0 0.04144 0.90131 0.46981 -3.01873 14.5152 -12.741 0.89165 0.38766 2.58181 -11.735 14.7246 0.2675 410300000000 171600000000
 0.6700   394768 0.6800   403743      1       -1       -1       -1  0 3.87633e+11 3.81300e+11 167.953000 14.709000 93.360000  1 0.4000 149.980000 0.45683 42.79958 46.11613 163.730 67.250 -9.630 1.220e+11 1.765e+11 -2.117e+11 0.05306 355744 355744 677685 1313 55 355710 355771 14.7089 381320000000 400390000000 381320000000 305060000000 142990000000 15.5867 0 0.04114 0.90835 0.51394 2.60553 -11.0864 17.7298 0.94738 0.37719 8.25592 2.41528 16.5918 0.2609 432200000000 171600000000
 0.6600   385823 0.6700   394768      1       -1       -1       -1  0 3.87633e+11 3.90800e+11 169.879000 13.266000 92.550000  1 0.4000 156.380000 0.41281 42.78813 46.11676 158.720 69.910 -3.350 1.131e+11 1.764e+11 -2.247e+11 0.05253 355745 355745 677685 3484 54 355710 355771 13.2663 390850000000 400390000000 362250000000 276460000000 152530000000 12.3889 0 0.04048 0.96458 0.68358 18.3092 -2.59243 10.4848 0.84359 0.56529 14.1283 -6.49707 11.467 0.2518 434400000000 162100000000
 0.6500   376785 0.6600   385823      1       -1       -1       -1  0 3.87633e+11 3.90800e+11 170.412000 14.212000 90.000000  1 0.4000 154.840000 0.36564 42.76537 46.12107 151.460 70.180 1.400 7.725e+10 1.906e+11 -1.579e+11 0.04395 355746 355746 677685 7761 53 355710 355771 14.2115 390850000000 390850000000 381320000000 266920000000 152530000000 16.7374 0 0.03437 0.93137 0.59441 -2.83524 -12.7521 14.4067 0.82504 0.50468 14.8551 1.51104 5.42336 0.2443 444400000000 200200000000
 0.6400   367706 0.6500   376785      1       -1       -1       -1  0 3.81300e+11 3.81300e+11 169.537000 13.296000 88.540000  1 0.4000 156.860000 0.32042 42.74429 46.11929 144.300 70.810 6.390 5.449e+10 1.764e+11 -9.121e+10 0.03680 355747 355747 677685 7745 52 355710 355771 13.2958 381320000000 390850000000 362250000000 276460000000 181130000000 16.5639 0 0.02863 0.72083 0.47629 3.62906 20.0029 -10.6938 0.60145 0.24993 0.06683 17.5198 -6.77003 0.2376 423800000000 181100000000
 0.6300   358595 0.6400   367706      1       -1       -1       -1  0 3.68633e+11 3.71800e+11 168.624000 16.084000 86.790000  1 0.4000 149.440000 0.28317 42.72493 46.10883 139.740 72.760 13.290 5.447e+10 1.601e+11 -7.564e+10 0.03501 355748 355748 677685 3313 51 355710 355771 16.0836 371790000000 390850000000 362250000000 276460000000 133460000000 9.08899 0 0.02703 0.59474 0.53514 -5.62519 13.7836 -13.5908 0.74954 0.46179 5.82155 -9.67145 10.464 0.2291 401700000000 200200000000
 0.6200   349507 0.6300   358595      1       -1       -1       -1  0 3.68633e+11 3.52700e+11 166.188000 10.872000 85.880000  1 0.4000 162.110000 0.22776 42.70169 46.09919 137.870 75.190 20.840 7.501e+10 6.064e+10 -3.189e+10 0.02125 355749 355749 677685 3932 50 355710 355771 10.8719 352720000000 352720000000 343190000000 247860000000 171590000000 9.91687 0 0.01629 0.50674 0.3352 11.3639 -9.29278 24.7334 0.28772 0.13697 9.86864 -6.86962 23.865 0.2268 422500000000 162100000000
 0.6100   340388 0.6200   349507      1       -1       -1       -1  0 3.68633e+11 3.62300e+11 168.167000 16.375000 82.950000  1 0.4000 149.410000 0.19347 42.68573 46.07678 130.300 77.970 28.630 8.208e+10 1.051e+11 -2.361e+10 0.02662 355750 355750 677685 3339 49 355710 355771 16.3745 362250000000 371790000000 352720000000 247860000000 133460000000 13.154 3.63 0.02091 0.70547 0.42208 -7.31109 14.3397 -14.1224 0.70482 0.3 12.1794 -2.26267 12.423 0.2209 358200000000 181100000000
 0.6000   331246 0.6100   340388      1       -1       -1       -1  0 3.68633e+11 3.43200e+11 165.643000 18.063000 76.350000  1 0.4000 144.120000 0.14010 42.64960 46.07965 127.830 77.710 31.630 -1.639e+10 1.108e+11 1.291e+10 0.02416 355751 355751 677685 4350 48 355710 355771 18.0632 343190000000 371790000000 305060000000 257390000000 95330000000 18.975 1.47 0.01918 0.69594 0.27462 17.4043 18.85 -11.9429 0.50952 0.22321 18.7846 12.9102 -8.1204 0.198 364700000000 200200000000
 0.5900   322077 0.6000   331246      1       -1       -1       -1  0 3.68633e+11 3.33700e+11 164.563000 17.976000 73.740000  1 0.4000 143.720000 0.10202 42.63168 46.06475 119.950 76.600 34.700 2.994e+10 2.195e+11 4.900e+10 0.05112 355752 355752 677685 3373 47 355710 355771 17.9762 333650000000 371790000000 324120000000 247860000000 38132000000 16.2519 0 0.04074 0.69488 0.20605 9.47524 24.6967 -13.5409 0.80726 0.11652 17.5359 12.5881 -1.22871 0.1861 359400000000 171600000000
 0.5800   312835 0.5900   322077      1       -1       -1       -1  0 3.68633e+11 3.52700e+11 168.110000 20.635000 71.480000  1 0.4000 143.950000 0.07092 42.61658 46.04840 115.810 75.800 37.330 -4.730e+09 2.914e+11 3.225e+10 0.05990 355753 355753 677685 4497 46 355710 355771 20.6349 352720000000 371790000000 314590000000 247860000000 57198000000 15.0018 0 0.04833 0.78766 0.28579 2.04638 30.6385 -15.3955 0.43747 0.09192 19.2051 30.384 -0.52376 0.1734 359100000000 209700000000
 0.5700   303602 0.5800   312835      1       -1       -1       -1  0 3.68633e+11 3.71800e+11 171.558000 20.330000 70.700000  1 0.4000 148.620000 0.03706 42.58546 46.03126 110.750 77.340 42.000 -3.689e+10 3.725e+11 3.737e+10 0.07049 355754 355754 677685 4066 45 355710 355771 20.3303 371790000000 371790000000 343190000000 276460000000 0 11.9282 2.69 0.05721 0.74747 0.42649 -3.66385 33.0065 -21.3846 0.28438 0.06058 -5.65389 34.9992 -17.6482 0.1641 383300000000 200200000000
 0.5600   294343 0.5700   303602      1       -1       -1       -1  0 3.68633e+11 3.71800e+11 172.022000 19.571000 74.690000  1 0.4000 151.010000 0.01071 42.55975 46.01305 107.820 78.590 45.770 -1.155e+11 3.886e+11 3.989e+10 0.07723 355755 355755 677685 3383 44 355710 355771 19.5714 371790000000 371790000000 343190000000 285990000000 0 9.58945 0 0.06242 0.76982 0.40908 -11.2043 30.6715 -24.4503 0.5831 0.20939 -6.80293 29.9356 -24.6192 0.1757 395700000000 228800000000
 0.5500   285094 0.5600   294343      1       -1       -1       -1  0 3.62300e+11 3.62300e+11 170.991000 15.079000 79.920000  1 0.4000 159.640000 62.45304 42.53731 45.97911 101.040 74.950 48.760 -7.737e+10 2.718e+11 1.804e+10 0.06011 355756 355756 677685 8303 43 355710 355771 15.0786 362250000000 362250000000 324120000000 266920000000 152530000000 24.1712 1.1 0.04566 0.81296 0.51192 4.86254 18.4311 -12.8572 0.51734 0.47589 4.4547 22.0726 -9.06256 0.1775 384900000000 181100000000
 0.5400   275887 0.5500   285094      1       -1       -1       -1  0 3.62300e+11 3.52700e+11 169.918000 8.791000 87.040000  1 0.4000 183.090000 62.41940 42.51298 45.95245 97.220 72.700 52.400 -6.830e+10 2.505e+11 1.470e+10 0.06142 355757 355757 677685 7791 42 355710 355771 8.79142 352720000000 352720000000 343190000000 247860000000 190660000000 25.1561 0 0.04419 0.91745 0.44783 2.32483 15.7227 -14.0143 0.78347 0.41012 -0.30286 14.5372 -13.8229 0.1891 495600000000 114400000000
 0.5300   266650 0.5400   275887      1       -1       -1       -1  0 3.62300e+11 3.62300e+11 171.871000 11.453000 83.610000  1 0.4000 173.890000 62.39033 42.48350 45.93106 93.990 71.980 56.700 -8.206e+10 2.565e+11 1.219e+10 0.05971 355758 355758 677685 7755 41 355710 355771 11.4526 362250000000 362250000000 333650000000 228790000000 162060000000 23.2095 0 0.04416 0.84136 0.48338 6.54741 14.3971 -5.16253 0.65307 0.47843 2.40087 13.365 -5.43456 0.1833 407300000000 152500000000
 0.5200   257416 0.5300   266650      1       -1       -1       -1  0 3.62300e+11 3.71800e+11 173.797000 26.331000 72.880000  1 0.4000 147.560000 62.36246 42.46159 45.91320 88.660 71.180 61.250 -4.265e+10 2.736e+11 1.980e+10 0.05382 355759 355759 677685 6635 40 355710 355771 26.3315 371790000000 371790000000 333650000000 266920000000 66731000000 11.9929 0 0.04392 0.3199 0.24174 5.32978 34.5658 -20.5387 0.10982 0.05144 0.76513 30.7969 -21.8286 0.1679 344900000000 266900000000
 0.5100   248143 0.5200   257416      1       -1       -1       -1  0 3.62300e+11 3.52700e+11 171.189000 22.562000 67.330000  1 0.4000 150.010000 62.32732 42.43296 45.88781 84.860 67.090 63.490 -5.234e+10 2.069e+11 -2.070e+10 0.04486 355760 355760 677685 7054 39 355710 355771 22.5618 352720000000 352720000000 343190000000 276460000000 0 8.85316 0 0.03735 0.66619 0.43952 5.85551 40.8806 -32.02 0.76888 0.03102 6.13494 35.6253 -28.6569 0.1543 351500000000 209700000000
 0.5000   238970 0.5100   248143      1       -1       -1       -1  0 3.62300e+11 3.62300e+11 173.127000 25.305000 65.350000  1 0.4000 149.770000 62.29214 42.40602 45.85503 79.390 62.450 65.170 -1.052e+11 2.249e+11 -2.696e+09 0.04891 355761 355761 677685 7068 38 355710 355771 25.305 362250000000 362250000000 333650000000 247860000000 0 10.28 0 0.04174 0.56335 0.25214 -5.69821 42.8191 -36.9391 0.32212 0.02159 -21.5523 30.4856 -25.8646 0.1471 358300000000 247900000000
 0.4900   229790 0.5000   238970      1       -1       -1       -1  0 3.62300e+11 3.62300e+11 173.528000 26.586000 63.570000  1 0.4000 149.870000 62.25325 42.37061 45.84423 74.450 57.560 66.840 -4.596e+10 1.911e+11 2.249e+10 0.03923 355762 355762 677685 8135 37 355710 355771 26.5857 362250000000 362250000000 343190000000 209730000000 0 12.9728 0 0.03355 0.33033 0.22602 -8.03105 57.642 -38.5665 0.54788 0.05141 2.87001 30.9812 -24.0888 0.1383 356000000000 247900000000
 0.4800   220640 0.4900   229790      1       -1       -1       -1  0 3.62300e+11 3.62300e+11 173.919000 33.780000 63.390000  1 0.4000 145.690000 62.23704 42.35037 45.80171 70.310 53.390 65.570 -2.695e+10 1.999e+11 -2.621e+09 0.04014 355763 355763 677685 8132 36 355710 355771 33.7803 362250000000 362250000000 362250000000 219260000000 0 15.906 0 0.03453 0.36525 0.08261 -22.4866 53.4342 -30.8308 0.40178 0.0044 -16.0226 39.7981 -20.7465 0.1363 337000000000 314600000000
 0.4700   211506 0.4800   220640      1       -1       -1       -1  0 3.59100e+11 3.62300e+11 174.301000 29.187000 65.110000  1 0.4000 150.430000 62.17495 42.31871 45.76117 67.420 50.870 66.500 -2.968e+10 1.987e+11 -4.600e+08 0.03966 355764 355764 677685 8105 35 355710 355771 29.1871 362250000000 362250000000 352720000000 238320000000 28599000000 21.81 0 0.03471 0.13178 0.04769 -20.7157 47.2419 -44.0918 0.42571 0.03918 6.63921 -23.8345 25.8642 0.1462 333300000000 276500000000
 0.4600   202398 0.4700   211506      1       -1       -1       -1  0 3.36833e+11 3.52700e+11 173.127000 30.640000 63.340000  1 0.4000 149.230000 62.17495 42.30085 45.74876 65.830 49.310 67.470 -5.977e+09 1.652e+11 -4.077e+09 0.03464 355765 355765 677685 6891 34 355710 355771 30.6395 352720000000 352720000000 305060000000 238320000000 0 26.3152 0 0.03016 0.37803 0.11437 1.73258 -44.1992 45.0379 0.16686 0.00848 34.013 -29.2239 39.4165 0.1394 321000000000 286000000000
 0.4500   193365 0.4600   202398      1       -1       -1       -1  0 3.05033e+11 2.95500e+11 163.550000 18.862000 64.950000  1 0.4000 153.590000 62.13754 42.29412 45.69671 57.210 42.540 60.530 -8.097e+09 8.649e+10 1.141e+10 0.02729 355766 355766 677685 6808 33 355710 355771 18.8616 295520000000 295520000000 276460000000 247860000000 28599000000 12.4174 0 0.02167 0.42166 0.24476 3.70939 -29.0451 36.9965 0.56538 0.0817 23.6374 -15.7108 19.2898 0.1291 313100000000 152500000000
 0.4400   184320 0.4500   193365      1       -1       -1       -1  0 2.82833e+11 2.66900e+11 158.411000 14.524000 70.680000  1 0.4000 157.740000 62.09728 42.27151 45.66228 54.900 41.610 62.730 -2.575e+10 7.442e+10 1.139e+10 0.03185 355767 355767 677685 7941 32 355710 355771 14.5241 266920000000 266920000000 266920000000 257390000000 66731000000 6.90632 0 0.02356 0.58538 0.26008 -6.35889 -26.9113 29.306 0.70204 0.22879 -11.017 -23.3498 23.9105 0.137 326200000000 133500000000
 0.4300   175311 0.4400   184320      1       -1       -1       -1  0 2.82833e+11 2.76500e+11 160.587000 11.867000 71.380000  1 0.4000 169.910000 62.05998 42.25068 45.61620 51.020 36.760 61.660 -4.101e+10 7.607e+10 1.501e+10 0.03290 355768 355768 677685 6789 31 355710 355771 11.8672 276460000000 266920000000 266920000000 228790000000 66731000000 13.6425 2.27 0.02476 0.57474 0.33586 -12.2403 -22.5927 26.1691 0.56349 0.33947 19.6402 21.7326 -17.1859 0.1427 334100000000 85800000000
 0.4200   166354 0.4300   175311      1       -1       -1       -1  0 2.82833e+11 2.86000e+11 162.717000 13.042000 68.500000  1 0.4000 170.250000 62.02586 42.21738 45.58999 54.250 34.600 61.370 -5.451e+10 6.848e+10 -1.538e+10 0.03179 355769 355769 677685 6684 30 355710 355771 13.0416 285990000000 285990000000 276460000000 200190000000 114400000000 10.0331 0 0.02396 0.62252 0.34702 13.8584 28.4809 -19.4887 0.85491 0.46062 10.4246 21.5239 -13.9113 0.1276 333300000000 123900000000
 0.4100   157490 0.4200   166354      1       -1       -1       -1  0 2.66933e+11 2.86000e+11 163.013000 16.881000 71.400000  1 0.4000 162.230000 61.99419 42.19475 45.55733 52.850 32.150 57.090 -6.522e+10 7.961e+10 -1.493e+10 0.03619 355770 355770 677685 6630 29 355710 355771 16.8812 285990000000 285990000000 276460000000 219260000000 85797000000 4.67544 0 0.02836 0.43452 0.21852 0.05366 -24.0565 26.3422 0.36208 0.17836 8.35784 -19.5341 29.49 0.1455 270600000000 133500000000
 0.4000   148724 0.4100   157490      0       -1       -1       -1  0 2.28800e+11 2.28800e+11 151.593000 15.523000 71.410000  1 0.4000 152.720000 61.98340 42.21711 45.48382 48.790 25.650 55.860 -3.214e+10 6.713e+10 -2.488e+10 0.03725 355771 355771 677685 7710 28 355710 355771 15.5228 228790000000 228790000000 228790000000 209730000000 38132000000 30.0905 0 0.0314 0.11384 0.01883 22.6174 47.6816 -38.8623 0.04345 0 25.3524 51.7027 -41.5977 0.1855 263600000000 57200000000
