 1.0000   681071 0.0000       -1      1       -1       -1       -1  0 3.11433e+11 2.76500e+11 133.274000 4.993000 107.610000  1 0.2900 147.800000 41.54933 45.08042 2.22409 156.780 -256.420 50.700 8.492e+10 -2.018e+11 -7.748e+09 0.05590 410136 410136 681071 6586 88 410135 410207 4.99297 276460000000 305060000000 257390000000 181130000000 152530000000 8.02175 0 0.04451 0.73451 0.60317 8.38784 -5.19129 5.34093 0.84872 0.41906 5.98726 1.86458 6.44135 0.451 504400000000 114400000000
 0.9900   672956 1.0000   681071      1       -1       -1       -1  0 3.11433e+11 2.95500e+11 136.844000 6.995000 93.720000  1 0.2900 138.390000 41.53531 45.10774 2.21779 152.430 -256.320 51.880 1.674e+11 -2.707e+11 -1.077e+11 0.07167 410137 410137 681071 6377 87 410135 410207 6.9952 295520000000 305060000000 257390000000 181130000000 104860000000 13.4385 3.45 0.06126 0.85195 0.74918 9.02758 9.39383 7.38498 0.60566 0.53101 4.40387 10.5793 7.10236 0.4085 425300000000 104900000000
 0.9800   664522 0.9900   672956      1       -1       -1       -1  0 3.11433e+11 2.86000e+11 135.923000 9.385000 84.220000  1 0.2900 126.600000 41.51313 45.13250 2.21671 154.820 -253.200 52.800 1.522e+11 -2.136e+11 -7.326e+10 0.06181 410138 410138 681071 6584 86 410135 410207 9.38541 285990000000 305060000000 257390000000 181130000000 123930000000 13.2436 0 0.05259 0.63815 0.39431 7.73781 14.3162 12.2689 0.43462 0.33659 6.02102 15.7334 11.4632 0.3595 362600000000 123900000000
 0.9700   656131 0.9800   664522      1       -1       -1       -1  0 3.11433e+11 2.76500e+11 134.956000 9.992000 77.370000  1 0.2900 123.350000 41.49416 45.15789 2.21154 150.010 -252.680 50.060 8.269e+10 -1.968e+11 -9.399e+09 0.05202 410139 410139 681071 5623 85 410135 410207 9.99234 276460000000 305060000000 238320000000 152530000000 104860000000 13.2494 0 0.0438 0.50567 0.1935 13.6351 18.903 9.8393 0.39084 0.16582 10.6454 17.9282 13.5912 0.3221 331000000000 114400000000
 0.9600   647790 0.9700   656131      1       -1       -1       -1  0 3.11433e+11 2.86000e+11 137.056000 11.897000 76.280000  1 0.2900 120.370000 41.48071 45.18720 2.20514 150.450 -250.140 52.560 1.496e+11 -2.105e+11 -7.110e+10 0.06082 410140 410140 681071 6654 84 410135 410207 11.8968 285990000000 305060000000 238320000000 190660000000 95330000000 12.6732 0 0.05205 0.55544 0.15147 17.7278 16.168 9.31363 0.49935 0.12768 13.6649 16.1745 13.8653 0.3138 321400000000 123900000000
 0.9500   639463 0.9600   647790      1       -1       -1       -1  0 3.11433e+11 2.95500e+11 139.133000 14.261000 75.990000  1 0.2900 117.540000 41.47621 45.22098 2.20311 150.000 -247.350 51.920 1.810e+11 -2.395e+11 -3.279e+10 0.06384 410141 410141 681071 6423 83 410135 410207 14.2607 295520000000 295520000000 238320000000 190660000000 57198000000 3.30878 0 0.05574 0.57294 0.2586 18.1341 9.59657 0.30305 0.55194 0.17926 17.6366 7.07016 0.84906 0.3122 353200000000 162100000000
 0.9400   631148 0.9500   639463      1       -1       -1       -1  0 3.11433e+11 2.95500e+11 139.703000 14.806000 78.010000  1 0.2900 117.060000 41.45715 45.24970 2.20152 150.760 -246.170 51.800 1.799e+11 -2.311e+11 -3.235e+10 0.06323 410142 410142 681071 6433 82 410135 410207 14.8062 295520000000 295520000000 238320000000 190660000000 85797000000 8.00633 2.85 0.05457 0.70306 0.38428 20.5756 3.26162 10.1216 0.61437 0.10167 14.7124 -3.87234 5.37229 0.3157 346600000000 171600000000
 0.9300   622818 0.9400   631148      1       -1       -1       -1  0 3.11433e+11 2.86000e+11 138.747000 12.254000 81.280000  1 0.2900 121.060000 41.44075 45.27639 2.19625 148.500 -244.500 51.560 1.746e+11 -2.371e+11 9.980e+09 0.06752 410143 410143 681071 6467 81 410135 410207 12.2538 285990000000 295520000000 238320000000 181130000000 95330000000 10.1951 0 0.05781 0.77194 0.44542 17.4843 -2.2779 14.1287 0.61857 0.2115 8.80688 -9.22287 14.653 0.3291 346300000000 152500000000
 0.9200   614472 0.9300   622818      1       -1       -1       -1  0 3.11433e+11 2.76500e+11 137.744000 10.162000 87.680000  1 0.2900 125.480000 41.42455 45.30579 2.19183 145.710 -243.370 49.220 1.782e+11 -2.419e+11 1.025e+10 0.07400 410144 410144 681071 6472 80 410135 410207 10.1621 276460000000 295520000000 238320000000 171590000000 95330000000 9.59305 0 0.06264 0.71766 0.48712 12.2437 -6.61449 13.5602 0.56824 0.18356 7.948 -7.04842 14.4754 0.3588 367200000000 114400000000
 0.9100   606102 0.9200   614472      1       -1       -1       -1  0 3.11433e+11 2.57400e+11 135.042000 5.520000 95.930000  1 0.2900 144.680000 41.39890 45.34853 2.18415 143.480 -242.570 49.810 1.601e+11 -1.482e+11 1.469e+10 0.06954 410145 410145 681071 6679 79 410135 410207 5.51964 257390000000 305060000000 247860000000 181130000000 152530000000 5.10809 0 0.05151 0.87733 0.52647 11.2631 1.53479 5.8203 0.81961 0.48044 -3.78041 7.43424 -7.13847 0.3475 468300000000 95330000000
 0.9000   597725 0.9100   606102      1       -1       -1       -1  0 3.11433e+11 2.76500e+11 138.850000 10.481000 98.570000  1 0.2900 125.640000 41.40179 45.36961 2.17861 141.210 -239.870 49.290 1.745e+11 -2.362e+11 8.192e+09 0.06600 410146 410146 681071 6694 78 410135 410207 10.4805 276460000000 305060000000 247860000000 190660000000 95330000000 17.9816 0 0.06164 0.31648 0.20136 24.6767 -7.2836 2.51196 0.02405 0 20.5171 -5.70602 -0.12186 0.4602 336500000000 114400000000
 0.8900   589312 0.9000   597725      1       -1       -1       -1  0 3.11433e+11 2.57400e+11 136.120000 5.926000 102.040000  1 0.2900 143.030000 41.36461 45.41092 2.16836 143.220 -239.290 49.330 1.595e+11 -1.798e+11 9.223e+10 0.08191 410147 410147 681071 6736 77 410135 410207 5.92624 257390000000 305060000000 257390000000 200190000000 133460000000 2.89552 0 0.06107 0.49536 0.44208 14.1628 0.62739 0.79387 0.51737 0.34921 12.4289 -1.54594 1.66592 0.3769 434300000000 104900000000
 0.8800   580925 0.8900   589312      1       -1       -1       -1  0 3.11433e+11 2.57400e+11 136.657000 6.002000 100.820000  1 0.2900 143.190000 41.34776 45.44741 2.16050 139.350 -236.440 47.590 1.798e+11 -1.576e+11 3.980e+10 0.07672 410148 410148 681071 6511 76 410135 410207 6.00191 257390000000 305060000000 257390000000 209730000000 142990000000 11.7405 0 0.0577 0.61107 0.42055 12.5346 3.21851 5.45764 0.51317 0.38356 12.1631 1.51162 3.60727 0.3734 416600000000 114400000000
 0.8700   572451 0.8800   580925      1       -1       -1       -1  0 3.11433e+11 2.57400e+11 137.192000 7.611000 98.980000  1 0.2900 134.500000 41.32764 45.47893 2.15558 136.460 -234.570 47.740 1.780e+11 -1.574e+11 4.008e+10 0.07638 410149 410149 681071 5778 75 410135 410207 7.61059 257390000000 285990000000 257390000000 228790000000 133460000000 10.714 0 0.05758 0.70176 0.60994 10.6434 3.54181 9.58372 0.75109 0.58555 9.54759 1.70071 9.5268 0.3648 384100000000 95330000000
 0.8600   563992 0.8700   572451      1       -1       -1       -1  0 3.11433e+11 2.66900e+11 139.404000 7.711000 97.420000  1 0.2900 136.770000 41.30568 45.50911 2.14314 133.780 -232.320 48.160 1.788e+11 -1.643e+11 4.734e+10 0.07374 410150 410150 681071 6837 74 410135 410207 7.7115 266920000000 295520000000 257390000000 247860000000 114400000000 3.34702 0 0.05586 0.64326 0.61282 14.1124 4.69417 4.76001 0.56732 0.34584 14.5086 3.77061 1.83348 0.3532 407200000000 104900000000
 0.8500   555552 0.8600   563992      1       -1       -1       -1  0 3.11433e+11 2.66900e+11 139.942000 8.509000 100.670000  1 0.2900 133.820000 41.28763 45.55085 2.13169 131.250 -230.440 48.100 1.764e+11 -1.617e+11 4.578e+10 0.07138 410151 410151 681071 6780 73 410135 410207 8.50916 266920000000 285990000000 257390000000 238320000000 114400000000 12.1207 0 0.05523 0.63487 0.52994 17.9654 0.57233 4.87903 0.55725 0.29335 17.4662 -3.03445 4.99751 0.3772 409700000000 114400000000
 0.8400   547051 0.8500   555552      1       -1       -1       -1  0 3.11433e+11 2.66900e+11 140.477000 7.242000 101.080000  1 0.2900 140.590000 41.27211 45.57724 2.12635 128.670 -228.530 48.020 1.740e+11 -1.591e+11 4.424e+10 0.07045 410152 410152 681071 6666 72 410135 410207 7.24232 266920000000 314590000000 266920000000 228790000000 133460000000 7.71059 0 0.05461 0.47023 0.37069 19.1225 -1.70358 1.22699 0.2168 0.16389 20.5635 -1.83195 -0.47575 0.3792 476200000000 85800000000
 0.8300   538530 0.8400   547051      1       -1       -1       -1  0 3.11433e+11 2.76500e+11 142.669000 8.200000 98.920000  1 0.2900 138.600000 41.25583 45.61755 2.11766 126.920 -225.150 43.950 2.599e+11 -1.368e+11 6.933e+10 0.08139 410153 410153 681071 6658 71 410135 410207 8.19971 276460000000 305060000000 266920000000 228790000000 142990000000 13.6507 0 0.06504 0.4898 0.3507 25.4013 0.22739 0.51813 0.48001 0.15065 23.6271 -0.35739 4.11236 0.3766 432900000000 85800000000
 0.8200   529937 0.8300   538530      1       -1       -1       -1  0 3.11433e+11 2.86000e+11 144.834000 7.298000 97.530000  1 0.2900 145.990000 41.23060 45.64961 2.10699 126.030 -223.940 44.370 2.622e+11 -1.737e+11 3.371e+10 0.08354 410154 410154 681071 5850 70 410135 410207 7.2982 285990000000 314590000000 266920000000 238320000000 152530000000 5.59225 0 0.06471 0.50859 0.43425 23.0683 2.62029 1.35488 0.3842 0.29739 24.6012 0.32282 -3.43804 0.3491 414300000000 114400000000
 0.8100   521288 0.8200   529937      1       -1       -1       -1  0 3.11433e+11 3.05100e+11 148.536000 7.956000 97.300000  1 0.2900 147.260000 41.21378 45.68679 2.10453 124.270 -219.460 42.260 2.590e+11 -1.670e+11 2.376e+10 0.07312 410155 410155 681071 6709 69 410135 410207 7.95599 305060000000 305060000000 266920000000 228790000000 152530000000 3.55793 2.92 0.05702 0.65213 0.49429 18.2108 7.94053 1.56441 0.76127 0.33193 15.8672 7.55593 1.60294 0.3392 434700000000 114400000000
 0.8000   512605 0.8100   521288      1       -1       -1       -1  0 3.11433e+11 2.95500e+11 147.516000 6.950000 98.270000  1 0.2900 151.760000 41.18818 45.71693 2.09357 122.090 -217.700 41.910 2.054e+11 -1.320e+11 7.290e+10 0.06523 410156 410156 681071 5917 68 410135 410207 6.95023 295520000000 314590000000 266920000000 190660000000 152530000000 8.27364 0 0.04978 0.91841 0.71641 8.57691 -9.73112 4.51781 0.61503 0.46406 -7.49668 10.0172 -4.69985 0.3384 436900000000 123900000000
 0.7900   503963 0.8000   512605      1       -1       -1       -1  0 3.11433e+11 3.05100e+11 149.632000 5.732000 102.720000  1 0.2900 163.740000 41.16667 45.75948 2.08937 122.250 -215.260 43.510 2.492e+11 -1.589e+11 2.514e+10 0.07507 410157 410157 681071 6908 67 410135 410207 5.73241 305060000000 314590000000 266920000000 181130000000 152530000000 8.24974 0 0.05521 0.91941 0.77418 8.17912 6.94109 -1.69473 0.86656 0.52562 -2.55441 -2.27013 8.12055 0.336 514800000000 133500000000
 0.7800   495327 0.7900   503963      1       -1       -1       -1  0 3.11433e+11 2.95500e+11 148.595000 8.388000 91.710000  1 0.2900 145.550000 41.16030 45.79541 2.07785 121.440 -213.400 44.980 1.938e+11 -1.326e+11 6.211e+10 0.06015 410158 410158 681071 5923 66 410135 410207 8.38762 295520000000 314590000000 285990000000 190660000000 152530000000 14.3712 0 0.04789 0.5372 0.41143 16.9837 -3.21073 7.70766 0.58871 0.33679 15.5325 -2.98119 3.5086 0.3261 394200000000 104900000000
 0.7700   486645 0.7800   495327      1       -1       -1       -1  0 3.11433e+11 2.95500e+11 149.130000 16.540000 79.410000  1 0.2900 123.970000 41.14636 45.83143 2.07194 118.550 -207.830 43.670 2.195e+11 -1.296e+11 -3.737e+10 0.06060 410159 410159 681071 6974 65 410135 410207 16.5396 295520000000 314590000000 266920000000 181130000000 76264000000 16.5646 0 0.05101 0.4946 0.45493 18.7554 -3.17702 14.3238 0.62517 0.52742 13.1226 -5.52124 9.68898 0.2883 303000000000 152500000000
 0.7600   477943 0.7700   486645      1       -1       -1       -1  0 3.11433e+11 3.14600e+11 152.813000 18.597000 75.840000  1 0.2900 124.780000 41.12251 45.87579 2.05834 113.370 -205.650 41.630 1.924e+11 -1.642e+11 5.437e+10 0.05428 410160 410160 681071 7008 64 410135 410207 18.5966 314590000000 314590000000 257390000000 171590000000 95330000000 15.616 0 0.04638 0.50953 0.35165 22.6428 -2.48034 14.0565 0.56336 0.52236 16.3673 -1.79222 6.68904 0.2652 293600000000 162100000000
 0.7500   469223 0.7600   477943      1       -1       -1       -1  0 3.11433e+11 3.05100e+11 151.787000 11.105000 76.620000  1 0.2900 139.360000 41.10045 45.91373 2.04489 114.110 -204.460 41.020 2.063e+11 -1.278e+11 -3.593e+10 0.05571 410161 410161 681071 7024 63 410135 410207 11.1052 305060000000 333650000000 257390000000 171590000000 104860000000 17.4937 0 0.04654 0.43828 0.35394 20.8211 -4.50276 4.97064 0.53986 0.33947 15.0436 -2.52863 1.8878 0.2621 316500000000 104900000000
 0.7400   460423 0.7500   469223      1       -1       -1       -1  0 3.11433e+11 3.14600e+11 153.888000 12.249000 80.790000  1 0.2900 138.560000 41.08855 45.95593 2.05126 111.540 -201.940 39.490 1.979e+11 -2.116e+11 -9.377e+09 0.05979 410162 410162 681071 7039 62 410135 410207 12.2489 314590000000 314590000000 219260000000 171590000000 114400000000 17.8144 0 0.05249 0.67817 0.46192 14.9535 0.92406 19.4155 0.55719 0.42108 4.98473 9.86007 16.4798 0.2961 318700000000 123900000000
 0.7300   451600 0.7400   460423      1       -1       -1       -1  0 3.11433e+11 3.05100e+11 152.844000 17.819000 82.240000  1 0.2900 126.460000 41.06136 46.01312 2.03558 106.130 -197.300 41.650 1.205e+11 -1.704e+11 1.798e+10 0.04336 410163 410163 681071 5992 61 410135 410207 17.8187 305060000000 324120000000 209730000000 181130000000 85797000000 19.4579 0 0.04013 0.34914 0.19155 -15.7036 27.4042 2.56602 0.13579 0.04845 -11.4783 31.6556 5.88467 0.3293 300400000000 162100000000
 0.7200   442756 0.7300   451600      1       -1       -1       -1  0 3.01900e+11 3.14600e+11 154.948000 19.960000 74.670000  1 0.2900 125.880000 41.04134 46.03742 2.02604 102.510 -197.120 40.840 8.934e+10 -1.450e+11 -8.336e+10 0.04006 410164 410164 681071 7101 60 410135 410207 19.9599 314590000000 314590000000 209730000000 171590000000 85797000000 16.4593 0 0.03468 0.45689 0.32264 22.6858 -7.16 9.92027 0.69616 0.61067 12.634 -6.29219 -4.1743 0.2541 287600000000 162100000000
 0.7100   433853 0.7200   442756      1       -1       -1       -1  0 2.98700e+11 2.86000e+11 150.610000 17.667000 71.330000  1 0.2900 124.910000 41.02050 46.08317 2.01175 100.320 -192.170 37.850 2.184e+10 -1.452e+11 -1.003e+11 0.04474 410165 410165 681071 6062 59 410135 410207 17.6667 285990000000 314590000000 257390000000 152530000000 76264000000 13.8142 0 0.03834 0.40894 0.26473 32.4566 -3.74403 18.586 0.82053 0.59038 17.7806 -5.77712 5.61451 0.2389 277300000000 143000000000
 0.7000   424884 0.7100   433853      1       -1       -1       -1  0 2.98700e+11 2.76500e+11 149.415000 18.603000 69.920000  1 0.2900 122.700000 40.98298 46.12758 1.99520 99.890 -189.120 37.700 -1.738e+10 -1.366e+11 -7.188e+10 0.04158 410166 410166 681071 7173 58 410135 410207 18.6032 276460000000 314590000000 247860000000 162060000000 47665000000 6.07826 0 0.03563 0.34464 0.22454 31.8784 -4.86962 12.5798 0.54229 0.03222 15.308 -4.87335 1.86873 0.2323 293800000000 162100000000
 0.6900   415886 0.7000   424884      1       -1       -1       -1  0 2.98700e+11 2.76500e+11 149.908000 15.209000 72.850000  1 0.2900 128.800000 40.96169 46.17262 1.98970 98.320 -187.010 36.580 -2.308e+10 -1.370e+11 -6.700e+10 0.04223 410167 410167 681071 7182 57 410135 410207 15.2091 276460000000 305060000000 247860000000 181130000000 9533000000 5.06075 0 0.03556 0.22338 0.08477 32.1401 -4.1237 3.29575 0.4647 0.2325 28.064 -7.52597 10.4046 0.2387 308000000000 152500000000
 0.6800   406883 0.6900   415886      1       -1       -1       -1  0 2.98700e+11 2.86000e+11 152.106000 12.499000 80.180000  1 0.2900 137.560000 40.94849 46.22359 1.98130 92.390 -191.510 36.040 5.034e+10 -1.400e+11 -3.771e+10 0.04088 410168 410168 681071 7206 56 410135 410207 12.4989 285990000000 295520000000 219260000000 219260000000 76264000000 8.53699 3.12 0.03364 0.19392 0.13673 23.5713 -10.5992 1.95369 0.13689 0.09055 21.9949 -10.419 1.97334 0.2595 340100000000 123900000000
 0.6700   397880 0.6800   406883      1       -1       -1       -1  0 2.98700e+11 2.57400e+11 147.329000 9.543000 87.220000  1 0.2900 141.860000 40.92039 46.26021 1.97105 89.910 -190.620 32.610 6.202e+10 -1.530e+11 -2.581e+10 0.06029 410169 410169 681071 7174 55 410135 410207 9.54271 257390000000 276460000000 219260000000 219260000000 133460000000 12.7515 0 0.04392 0.40853 0.30421 19.1132 -0.47412 11.3603 0.27985 0.15992 19.6341 1.99026 12.5218 0.254 371700000000 114400000000
 0.6600   388961 0.6700   397880      1       -1       -1       -1  0 2.98700e+11 2.57400e+11 147.797000 5.321000 96.040000  1 0.2900 168.730000 40.89675 46.31481 1.96600 89.600 -191.870 30.500 5.955e+10 -1.550e+11 -2.237e+10 0.06433 410170 410170 681071 7216 54 410135 410207 5.32051 257390000000 257390000000 219260000000 209730000000 181130000000 8.83993 3.76 0.0443 0.44064 0.37477 16.5493 3.03067 14.1882 0.4507 0.34983 14.721 2.4074 13.3738 0.2699 456700000000 114400000000
 0.6500   379936 0.6600   388961      1       -1       -1       -1  0 2.98700e+11 2.47900e+11 146.407000 5.140000 96.390000  1 0.2900 168.930000 40.85955 46.36824 1.95132 89.630 -188.210 28.460 8.226e+10 -8.859e+10 -6.398e+10 0.05863 410171 410171 681071 6144 53 410135 410207 5.13988 247860000000 276460000000 219260000000 219260000000 171590000000 14.5489 2.12 0.03874 0.66178 0.43031 14.45 0.2465 8.27574 0.63436 0.3072 11.8023 -2.08513 10.3334 0.2592 419000000000 95330000000
 0.6400   370870 0.6500   379936      1       -1       -1       -1  0 2.98700e+11 2.66900e+11 150.532000 7.636000 88.380000  1 0.2900 156.310000 40.84319 46.41284 1.94757 86.480 -182.560 32.080 1.326e+11 -1.098e+11 -1.328e+11 0.07627 410172 410172 681071 6133 52 410135 410207 7.63581 266920000000 276460000000 219260000000 209730000000 152530000000 16.615 0 0.05477 0.54219 0.28887 21.5541 -2.78118 5.47679 0.59156 0.16513 19.3054 -0.90565 8.05261 0.2483 399000000000 104900000000
 0.6300   361767 0.6400   370870      1       -1       -1       -1  0 2.98700e+11 2.66900e+11 150.991000 8.319000 81.020000  1 0.2900 153.720000 40.81619 46.46749 1.93802 85.260 -180.070 31.880 1.328e+11 -1.103e+11 -1.338e+11 0.07146 410173 410173 681071 7256 51 410135 410207 8.31877 266920000000 285990000000 247860000000 200190000000 152530000000 15.2355 0 0.05537 0.39655 0.33221 25.9068 -5.39107 13.6979 0.3648 0.21125 25.6422 -6.87583 9.44667 0.2452 370300000000 57200000000
 0.6200   352670 0.6300   361767      1       -1       -1       -1  0 2.98700e+11 2.76500e+11 153.225000 15.609000 72.730000  1 0.2900 134.270000 40.78848 46.51884 1.93029 82.600 -174.810 29.490 1.169e+11 -7.686e+10 -8.592e+10 0.04743 410174 410174 681071 7255 50 410135 410207 15.6085 276460000000 276460000000 247860000000 190660000000 47665000000 19.0382 0 0.03952 0.22272 0.03353 33.7732 4.09856 22.9293 0.13875 0.01724 31.2515 0.84884 22.3044 0.2274 292200000000 162100000000
 0.6100   343538 0.6200   352670      1       -1       -1       -1  0 2.98700e+11 2.95500e+11 157.132000 27.366000 66.150000  1 0.2900 124.820000 40.76899 46.58012 1.92151 83.670 -173.460 30.380 1.290e+11 -1.257e+11 -1.510e+11 0.05847 410175 410175 681071 7271 49 410135 410207 27.3655 295520000000 295520000000 276460000000 190660000000 57198000000 15.7797 0 0.05095 0.1368 0.10716 33.6953 5.80442 22.1563 0.11621 0.01265 33.246 6.32264 17.9031 0.2019 271900000000 209700000000
 0.6000   334406 0.6100   343538      1       -1       -1       -1  0 2.98700e+11 2.95500e+11 157.589000 28.204000 57.980000  1 0.2900 125.150000 40.74145 46.63826 1.91295 79.950 -168.740 33.270 1.648e+11 -1.085e+11 -1.582e+11 0.06376 410176 410176 681071 7324 48 410135 410207 28.2038 295520000000 295520000000 295520000000 142990000000 28599000000 13.8393 0 0.0552 0.34215 0.1805 22.9661 6.82902 15.8908 0.26242 0.10322 8.61075 1.39153 16.8606 0.1567 286400000000 219300000000
 0.5900   325242 0.6000   334406      1       -1       -1       -1  0 2.98700e+11 2.86000e+11 156.321000 27.302000 59.460000  1 0.2900 125.120000 40.71904 46.69687 1.89875 79.050 -164.780 32.300 1.644e+11 -1.084e+11 -1.437e+11 0.06508 410177 410177 681071 7339 47 410135 410207 27.3025 285990000000 295520000000 285990000000 152530000000 28599000000 11.46 0 0.0566 0.45031 0.17374 27.5478 2.45028 22.3998 0.39395 0.0334 16.0592 4.52721 11.2443 0.1632 289500000000 200200000000
 0.5800   315998 0.5900   325242      1       -1       -1       -1  0 2.98700e+11 2.76500e+11 154.998000 13.139000 70.690000  1 0.2900 143.980000 40.65594 46.76526 1.87369 73.140 -160.330 28.920 1.136e+11 -7.354e+10 -1.719e+11 0.06589 410178 410178 681071 7338 46 410135 410207 13.1395 276460000000 276460000000 228790000000 142990000000 95330000000 25.5077 0 0.05412 0.63692 0.48229 -11.1172 14.9005 11.6175 0.46439 0.15862 -0.35937 17.9361 7.00779 0.1963 261300000000 114400000000
 0.5700   306767 0.5800   315998      1       -1       -1       -1  0 2.98700e+11 3.05100e+11 160.610000 27.266000 75.680000  1 0.2900 130.290000 40.65802 46.79390 1.88174 71.810 -158.850 30.020 1.630e+11 -9.579e+10 -2.154e+11 0.06800 410179 410179 681071 7332 45 410135 410207 27.2663 305060000000 305060000000 266920000000 171590000000 28599000000 20.2446 0 0.06061 0.22017 0.11174 23.5903 -13.1904 25.494 0.19903 0.08453 23.2188 -14.6714 23.1826 0.2374 271200000000 200200000000
 0.5600   297527 0.5700   306767      1       -1       -1       -1  0 2.98700e+11 2.95500e+11 159.349000 19.280000 68.490000  1 0.2900 138.130000 40.62186 46.88454 1.87343 70.420 -159.450 30.610 1.659e+11 -1.175e+11 -1.901e+11 0.07422 410180 410180 681071 7341 44 410135 410207 19.2797 295520000000 295520000000 257390000000 190660000000 9533000000 19.5422 0 0.06254 0.57222 0.4619 13.8144 19.9811 23.6197 0.51765 0.22977 7.74882 14.3915 27.0288 0.1842 270300000000 171600000000
 0.5500   288281 0.5600   297527      1       -1       -1       -1  0 2.98700e+11 2.95500e+11 159.771000 21.364000 68.660000  1 0.2900 136.490000 40.62077 46.94338 1.86360 69.040 -156.810 30.010 1.650e+11 -9.872e+10 -1.947e+11 0.07243 410181 410181 681071 7340 43 410135 410207 21.3641 295520000000 295520000000 285990000000 171590000000 38132000000 21.3064 0 0.06196 0.21656 0.15213 25.791 9.35634 27.5316 0.04728 0.00018 34.4081 10.1587 31.6903 0.188 276000000000 171600000000
 0.5400   279064 0.5500   288281      1       -1       -1       -1  0 2.98700e+11 2.95500e+11 160.186000 5.778000 76.200000  1 0.2900 191.870000 40.57018 46.99006 1.82806 65.640 -152.690 27.900 1.470e+11 -1.149e+11 -1.832e+11 0.08256 410182 410182 681071 7298 42 410135 410207 5.77828 295520000000 295520000000 295520000000 133460000000 114400000000 13.882 0 0.05968 0.97328 0.68814 9.78834 8.45702 -5.46408 0.8246 0.37918 6.85238 6.96711 -5.70769 0.1691 418100000000 104900000000
 0.5300   269820 0.5400   279064      1       -1       -1       -1  0 2.98700e+11 3.05100e+11 162.302000 21.950000 70.580000  1 0.2900 139.860000 40.55943 47.07411 1.82372 65.790 -150.630 30.820 1.617e+11 -1.022e+11 -2.244e+11 0.07660 410183 410183 681071 7301 41 410135 410207 21.9504 305060000000 305060000000 285990000000 171590000000 85797000000 20.8051 0 0.06434 0.5205 0.23234 9.38801 26.3881 -0.50015 0.48128 0.242 10.4825 24.0935 1.24439 0.1854 278700000000 162100000000
 0.5200   260583 0.5300   269820      1       -1       -1       -1  0 2.92367e+11 2.95500e+11 160.993000 22.101000 64.920000  1 0.2900 139.150000 40.52880 47.11033 1.82166 64.230 -149.210 29.190 1.517e+11 -1.127e+11 -2.086e+11 0.08024 410184 410184 681071 6156 40 410135 410207 22.101 295520000000 295520000000 266920000000 162060000000 76264000000 11.6102 2.19 0.06528 0.42282 0.4022 21.3583 20.7824 4.1094 0.43133 0.27084 18.7875 16.6814 0.36099 0.1537 263200000000 162100000000
 0.5100   251300 0.5200   260583      1       -1       -1       -1  0 2.73300e+11 2.76500e+11 157.837000 18.530000 68.170000  1 0.2900 141.530000 40.51666 47.17006 1.80953 62.800 -144.680 29.620 1.124e+11 -7.224e+10 -1.899e+11 0.07431 410185 410185 681071 6136 39 410135 410207 18.5304 276460000000 276460000000 247860000000 200190000000 76264000000 14.2027 0 0.0607 0.25195 0.2218 26.4344 28.6146 6.77242 0.25968 0.05186 28.0105 26.9446 7.61232 0.1713 279700000000 162100000000
 0.5000   242128 0.5100   251300      1       -1       -1       -1  0 2.57433e+11 2.47900e+11 152.556000 13.201000 69.280000  1 0.2900 147.280000 40.47454 47.25560 1.78417 63.540 -141.180 30.280 1.158e+11 -7.686e+10 -1.062e+11 0.07163 410186 410186 681071 6150 38 410135 410207 13.2008 247860000000 247860000000 238320000000 219260000000 76264000000 4.98297 0 0.05534 0.76549 0.20874 14.4959 -5.05647 23.5514 0.77713 0.13649 -0.20431 -14.6883 19.4261 0.1661 295300000000 85800000000
 0.4900   232923 0.5000   242128      1       -1       -1       -1  0 2.44700e+11 2.47900e+11 152.909000 11.865000 69.020000  1 0.2900 152.580000 40.44373 47.31483 1.76522 61.090 -135.440 27.430 1.156e+11 -7.506e+10 -1.048e+11 0.07045 410187 410187 681071 7236 37 410135 410207 11.8651 247860000000 247860000000 228790000000 219260000000 19066000000 9.35767 2.82 0.05526 0.44578 0.06489 25.6716 7.39939 33.5148 0.59686 0.28444 20.3349 7.18124 29.3624 0.1699 301500000000 57200000000
 0.4800   223768 0.4900   232923      1       -1       -1       -1  0 2.41500e+11 2.38300e+11 151.263000 14.001000 70.460000  1 0.2900 145.720000 40.42115 47.37738 1.75989 59.840 -132.030 26.370 1.062e+11 -6.657e+10 -8.907e+10 0.06761 410188 410188 681071 7281 36 410135 410207 14.0014 238320000000 238320000000 228790000000 209730000000 38132000000 4.13924 0 0.05287 0.32121 0.16383 24.1207 19.8216 19.4452 0.22166 0.04841 29.6415 25.2751 18.236 0.1768 265900000000 114400000000
 0.4700   214630 0.4800   223768      1       -1       -1       -1  0 2.25600e+11 2.38300e+11 151.595000 17.754000 69.400000  1 0.2900 139.740000 40.37163 47.42797 1.75267 57.300 -128.020 25.420 1.332e+11 -8.888e+10 -6.291e+10 0.06771 410189 410189 681071 7303 35 410135 410207 17.7539 238320000000 238320000000 228790000000 162060000000 0 18.1446 0 0.05974 0.1282 0.07507 43.091 30.7209 16.3047 0.37475 0.07491 35.8243 43.3916 12.211 0.2106 243900000000 123900000000
 0.4600   205506 0.4700   214630      1       -1       -1       -1  0 2.03367e+11 2.00200e+11 143.341000 8.493000 59.880000  1 0.2900 156.750000 40.38484 47.54554 1.74778 49.540 -138.490 28.190 6.340e+10 -5.756e+10 -2.833e+10 0.05607 410190 410190 681071 6083 34 410135 410207 8.49307 200190000000 200190000000 162060000000 142990000000 114400000000 18.8663 4.67 0.04228 0.43859 0.2041 10.9801 16.2196 3.18442 0.31081 0.03322 9.59976 18.0111 -2.82057 0.1387 261000000000 66730000000
 0.4500   196446 0.4600   205506      1       -1       -1       -1  0 1.90700e+11 1.71600e+11 136.444000 11.858000 51.100000  1 0.2900 136.450000 40.35180 47.61552 1.73764 50.740 -136.500 29.710 -2.725e+09 -1.013e+10 -2.461e+10 0.02055 410191 410191 681071 6053 33 410135 410207 11.858 171590000000 171590000000 171590000000 123930000000 28599000000 9.31909 0 0.01638 0.33447 0.14683 25.8581 26.2367 3.96345 0.46657 0.16635 21.3024 19.8547 4.71161 0.1232 198700000000 76260000000
 0.4400   187378 0.4500   196446      1       -1       -1       -1  0 1.90700e+11 1.71600e+11 136.718000 20.050000 47.030000  1 0.2900 123.580000 40.33153 47.70545 1.71509 48.870 -132.580 29.420 -2.552e+09 -2.718e+10 -2.168e+10 0.02485 410192 410192 681071 7120 32 410135 410207 20.0495 171590000000 171590000000 162060000000 114400000000 0 13.4244 0 0.02156 0.33119 0.06697 30.5809 37.8148 16.5208 0.37068 0.0643 28.4208 53.15 -9.11274 0.1212 169000000000 114400000000
 0.4300   178355 0.4400   187378      1       -1       -1       -1  0 1.90700e+11 6.67300e+10 99.987000 4.586000 31.240000  1 0.2900 120.400000 40.25277 47.69394 1.70181 59.060 -104.410 28.980 -1.564e+09 -6.958e+08 -7.134e+09 0.02745 410193 410193 681071 6000 31 410135 410207 4.58646 66731000000 66731000000 66731000000 66731000000 28599000000 17.6005 0 0.02213 0.58007 0.29564 -1.16246 23.7678 -10.7507 0.62627 0.24502 -0.5145 21.8048 -12.1501 0.0798 160600000000 9533000000
 0.4200   169359 0.4300   178355      1       -1       -1       -1  0 1.90700e+11 6.67300e+10 100.175000 6.059000 30.030000  1 0.2900 112.670000 40.22637 47.76462 1.69527 53.610 -105.230 24.320 -2.594e+09 -7.481e+08 -5.866e+09 0.02254 410194 410194 681071 5917 30 410135 410207 6.05941 66731000000 66731000000 66731000000 66731000000 0 21.823 0 0.01969 0.21509 0.02844 -15.2546 25.4642 -19.8694 0.51094 0.19121 -13.2984 26.4591 -17.5674 0.0843 154600000000 0
 0.4100   160479 0.4200   169359      1       -1       -1       -1  0 1.90700e+11 5.72000e+10 95.331000 8.230000 26.400000  1 0.2900 98.900000 40.19067 47.84116 1.68996 51.000 -106.360 21.800 -1.613e+09 -5.985e+08 -3.172e+09 0.01438 410195 410195 681071 5818 29 410135 410207 8.22959 57198000000 57198000000 57198000000 57198000000 0 30.7899 0 0.01439 0.23526 0.01337 13.181 -3.36449 31.0047 0.90157 0.61929 14.9045 -25.0542 18.5698 0.0903 158000000000 9533000000
 0.4000   151690 0.4100   160479      1       -1       -1       -1  0 1.90700e+11 5.72000e+10 95.497000 8.508000 22.270000  1 0.2900 99.300000 40.16526 47.91314 1.67156 47.540 -103.270 19.870 -1.197e+09 -7.793e+08 -3.628e+09 0.01615 410196 410196 681071 6849 28 410135 410207 8.50768 57198000000 57198000000 57198000000 47665000000 0 27.5407 0 0.01572 0.20542 0 19.9664 -2.80272 25.445 0.20496 0 20.1378 -2.79445 25.4605 0.0587 142500000000 9533000000
 0.3900   142993 0.4000   151690      1       -1       -1       -1  0 1.90700e+11 5.72000e+10 95.658000 6.538000 25.770000  1 0.2900 107.260000 40.13480 47.98468 1.65764 44.260 -99.540 17.880 -5.808e+08 -1.004e+09 -4.193e+09 0.01897 410197 410197 681071 6737 27 410135 410207 6.53767 57198000000 57198000000 57198000000 57198000000 0 27.0075 0 0.01775 0.34252 0.10551 24.014 -3.96344 30.6098 0.60333 0 24.9634 -0.20776 22.3706 0.0674 136900000000 0
 0.3800   134508 0.3900   142993      1       -1       -1       -1  0 1.90700e+11 1.52500e+11 132.867000 42.878000 37.770000  1 0.2900 115.320000 40.14373 48.14592 1.64019 39.860 -96.510 20.420 3.635e+10 -1.400e+10 -1.439e+09 0.03007 410198 410198 681071 6860 26 410135 410207 42.8784 152530000000 142990000000 142990000000 0 0 27.1938 3.56 0.03139 0.24022 0.16907 20.6261 68.173 1.96116 0 0 0 0 0 0.1052 146400000000 190700000000
 0.3700   126006 0.3800   134508      1       -1       -1       -1  0 1.90700e+11 1.71600e+11 138.402000 48.385000 40.990000  1 0.2900 120.900000 40.11471 48.22534 1.62227 39.820 -98.680 21.670 4.338e+10 -1.960e+10 1.038e+10 0.03228 410199 410199 681071 5723 25 410135 410207 48.3851 171590000000 162060000000 152530000000 0 0 8.57586 0.8 0.03266 0.29706 0.0052 27.5258 52.5844 -6.13861 0 0 0 0 0 0.0983 142900000000 200200000000
 0.3600   117503 0.3700   126006      1       -1       -1       -1  0 1.90700e+11 1.62100e+11 135.992000 45.279000 40.740000  1 0.2900 120.480000 40.07691 48.30038 1.59211 39.610 -94.640 21.930 4.012e+10 -2.133e+10 7.717e+09 0.03504 410200 410200 681071 6584 24 410135 410207 45.2788 162060000000 142990000000 142990000000 9533000000 0 12.8627 2.1 0.03442 0 0 36.6478 60.7376 0.17095 0 0 0 0 0 0.0939 139300000000 181100000000
 0.3500   109152 0.3600   117503      1       -1       -1       -1  0 1.90700e+11 1.81100e+11 141.329000 32.413000 39.520000  1 0.2900 130.970000 40.04741 48.36948 1.59656 35.820 -93.040 19.690 5.905e+10 -2.677e+10 9.639e+09 0.04375 410201 410201 681071 6470 23 410135 410207 32.4127 181130000000 181130000000 181130000000 0 0 12.0411 0 0.04122 0.13149 0.02013 46.0946 64.4367 -9.5315 0 0 0 0 0 0.0747 161600000000 171600000000
 0.3400   100963 0.3500   109152      1       -1       -1       -1  0 1.90700e+11 1.90700e+11 143.961000 26.691000 39.850000  1 0.2900 138.970000 40.01805 48.44854 1.57840 35.250 -89.110 18.840 5.885e+10 -2.344e+10 1.141e+10 0.04144 410202 410202 681071 6305 22 410135 410207 26.6908 190660000000 190660000000 190660000000 19066000000 0 6.57505 0 0.03768 0.0137 0 28.9476 66.3213 -37.5826 0 0 0 0 0 0.0683 179800000000 152500000000
 0.3300    93030 0.3400   100963      1       -1       -1       -1  0 1.90700e+11 1.90700e+11 144.147000 19.401000 44.510000  1 0.2900 148.820000 39.98862 48.52827 1.55991 32.900 -86.940 18.370 3.312e+10 -2.487e+10 -8.725e+09 0.02873 410203 410203 681071 6132 21 410135 410207 19.4008 190660000000 190660000000 190660000000 57198000000 0 6.58929 0 0.02513 0.27228 0.15382 16.0929 59.4267 -14.8998 0.88141 0.1182 -1.72742 27.9653 -7.65792 0.0752 196700000000 57200000000
 0.3200    85237 0.3300    93030      1       -1       -1       -1  0 1.87500e+11 1.90700e+11 144.324000 22.156000 44.530000  1 0.2900 147.480000 39.95909 48.60864 1.54111 32.560 -83.670 19.040 3.309e+10 -2.471e+10 -7.976e+09 0.03014 410204 410204 681071 5981 20 410135 410207 22.1558 190660000000 181130000000 181130000000 142990000000 0 7.53791 1.56 0.02535 0.27093 0.10151 15.5988 50.574 -8.36494 0.26162 0.07063 14.8576 43.7578 -5.62972 0.0707 180300000000 143000000000
 0.3100    77679 0.3200    85237      1       -1       -1       -1  0 1.81133e+11 1.81100e+11 142.042000 19.215000 45.030000  1 0.2900 150.620000 39.92948 48.68966 1.52201 29.210 -78.990 16.270 1.941e+10 -2.028e+10 -2.348e+09 0.02308 410205 410205 681071 5736 19 410135 410207 19.2152 181130000000 181130000000 181130000000 114400000000 19066000000 12.0157 0 0.01878 0.41409 0.27116 20.6663 29.4493 -3.60045 0.12853 0.01459 23.8853 24.4971 -11.8633 0.0696 168800000000 104900000000
 0.3000    70345 0.3100    77679      1       -1       -1       -1  0 1.71600e+11 1.71600e+11 139.658000 21.234000 44.640000  1 0.2900 147.140000 39.89980 48.77129 1.50262 28.030 -76.080 16.010 1.974e+10 -2.093e+10 -6.003e+09 0.02577 410206 410206 681071 4643 18 410135 410207 21.2344 171590000000 171590000000 171590000000 104860000000 38132000000 18.7933 0 0.02177 0.28438 0.00716 31.2558 43.7859 -13.3267 0.0235 0 -12.8466 15.7933 22.918 0.0776 171700000000 104900000000
 0.2900    63247 0.3000    70345      0       -1       -1       -1  0 1.62100e+11 1.62100e+11 137.164000 30.899000 42.480000  1 0.2900 138.450000 39.87005 48.85352 1.48297 26.050 -72.260 17.400 1.784e+10 -1.665e+10 7.384e+09 0.02276 410207 410207 681071 4395 17 410135 410207 30.8992 162060000000 162060000000 162060000000 95330000000 0 16.0576 0 0.02112 0.37221 0.26443 27.061 51.9217 -22.5149 0.47819 0.01906 3.94424 41.9056 -6.53333 0.0889 144200000000 152500000000
