 1.0000   676709 0.0000       -1      1       -1       -1       -1  0 2.06533e+11 1.52500e+11 109.308000 4.042000 95.830000  1 0.3400 121.700000 17.64392 56.16368 29.92763 -236.850 -124.390 124.280 -9.770e+09 -4.866e+10 1.201e+11 0.08933 529263 529263 676709 2224 88 529262 529329 4.04162 152530000000 190660000000 142990000000 142990000000 114400000000 2.17138 0 0.07112 0.96862 0.39887 3.00402 -5.2758 14.3872 0.96862 0.39887 3.00402 -5.2758 14.3872 0.4786 351300000000 57200000000
 0.9900   668548 1.0000   676709      1       -1       -1       -1  0 2.06533e+11 1.81100e+11 116.240000 4.942000 90.420000  1 0.3400 123.970000 17.67205 56.16063 29.91466 -236.670 -130.430 133.960 -9.367e+10 -3.614e+10 6.550e+10 0.05371 529264 529264 676709 2201 87 529262 529329 4.94182 181130000000 181130000000 152530000000 133460000000 123930000000 10.8061 0 0.04943 0.65427 0.65104 -5.33136 10.3508 11.1675 0.892 0.71784 -0.8634 10.3028 -6.9416 0.4956 360800000000 47660000000
 0.9800   660181 0.9900   668548      1       -1       -1       -1  0 2.06533e+11 1.62100e+11 112.479000 3.897000 90.350000  1 0.3400 127.440000 17.69626 56.18620 29.90033 -229.590 -128.620 134.190 2.794e+10 -5.328e+10 1.283e+11 0.08879 529265 529265 676709 2876 86 529262 529329 3.89674 162060000000 190660000000 142990000000 133460000000 104860000000 4.5272 0 0.07053 0.67611 0.46052 11.9344 -10.2527 -6.44385 0.7844 0.50629 -10.0105 10.4882 4.747 0.4375 357000000000 57200000000
 0.9700   651854 0.9800   660181      1       -1       -1       -1  0 2.06533e+11 1.81100e+11 117.213000 5.707000 88.820000  1 0.3400 119.910000 17.72088 56.18946 29.87456 -226.920 -138.960 141.060 -1.354e+10 -4.310e+10 1.272e+11 0.06354 529266 529266 676709 2905 85 529262 529329 5.70697 181130000000 181130000000 152530000000 123930000000 85797000000 6.84117 0 0.05599 0.21886 0.1303 -7.13654 11.413 8.83145 0.0696 0.04604 -7.54953 11.3085 8.06957 0.46 294900000000 66730000000
 0.9600   643539 0.9700   651854      1       -1       -1       -1  0 2.06533e+11 1.81100e+11 117.699000 5.105000 88.150000  1 0.3400 124.370000 17.74500 56.20581 29.85856 -223.880 -142.460 146.690 -1.213e+10 -3.914e+10 1.221e+11 0.06296 529267 529267 676709 1842 84 529262 529329 5.10513 181130000000 181130000000 152530000000 123930000000 104860000000 6.9771 0 0.05359 0.27179 0.17016 -3.00928 13.6091 9.09435 0.23617 0.09971 -3.13784 11.5978 7.7844 0.4387 333100000000 76260000000
 0.9500   635242 0.9600   643539      1       -1       -1       -1  0 2.06533e+11 1.71600e+11 116.074000 4.033000 82.550000  1 0.3400 130.990000 17.77050 56.23133 29.85198 -221.090 -141.360 154.360 -2.136e+10 -1.845e+10 7.736e+10 0.04673 529268 529268 676709 2912 83 529262 529329 4.03262 171590000000 190660000000 133460000000 133460000000 85797000000 17.1176 0 0.03762 0.52129 0.23363 -2.07409 17.4196 12.1619 0.74746 0.33442 -0.59187 11.9195 8.61966 0.3844 298700000000 66730000000
 0.9400   626955 0.9500   635242      1       -1       -1       -1  0 2.06533e+11 1.71600e+11 116.549000 6.916000 75.650000  1 0.3400 112.540000 17.80092 56.23412 29.81882 -217.370 -145.060 159.610 -2.087e+10 -1.649e+10 7.303e+10 0.04284 529269 529269 676709 864 82 529262 529329 6.91627 171590000000 181130000000 162060000000 123930000000 76264000000 9.6706 0 0.03562 0.48535 0.3289 -3.64664 17.7003 14.2139 0.80849 0.52879 -0.58242 11.3725 8.56833 0.3573 267000000000 57200000000
 0.9300   618645 0.9400   626955      1       -1       -1       -1  0 2.06533e+11 1.62100e+11 114.815000 5.659000 70.280000  1 0.3400 116.630000 17.82234 56.25142 29.80729 -211.460 -147.660 169.210 3.015e+10 1.035e+09 4.245e+10 0.03335 529270 529270 676709 3797 81 529262 529329 5.65875 162060000000 181130000000 162060000000 123930000000 95330000000 7.0823 0 0.02634 0.82333 0.67058 -3.50487 2.19221 16.3313 0.7186 0.44548 -8.39286 -4.3393 11.8539 0.3054 274900000000 28600000000
 0.9200   610311 0.9300   618645      1       -1       -1       -1  0 2.06533e+11 1.62100e+11 115.280000 8.031000 68.570000  1 0.3400 106.560000 17.84839 56.27143 29.79185 -207.470 -151.800 174.140 3.135e+10 1.864e+09 4.065e+10 0.03243 529271 529271 676709 2908 80 529262 529329 8.03084 162060000000 181130000000 162060000000 142990000000 76264000000 11.2738 0 0.02607 0.79173 0.57078 -4.85226 -0.65658 18.7354 0.95489 0.09938 0.60709 -4.14572 18.4788 0.2997 242200000000 76260000000
 0.9100   601962 0.9200   610311      1       -1       -1       -1  0 2.06533e+11 1.62100e+11 115.744000 6.819000 70.120000  1 0.3400 111.760000 17.87281 56.28733 29.76556 -203.390 -155.760 178.920 3.221e+10 2.378e+09 3.946e+10 0.03298 529272 529272 676709 2921 79 529262 529329 6.81862 162060000000 171590000000 152530000000 152530000000 76264000000 6.06948 0 0.02596 0.70179 0.54783 -10.5632 2.44239 19.7821 0.5289 0.04896 -16.4684 5.34165 23.7022 0.2977 288900000000 28600000000
 0.9000   593610 0.9100   601962      1       -1       -1       -1  0 2.06533e+11 1.62100e+11 116.207000 5.184000 76.030000  1 0.3400 121.280000 17.89891 56.30760 29.74279 -199.190 -159.600 183.540 3.287e+10 2.703e+09 3.857e+10 0.03334 529273 529273 676709 2821 78 529262 529329 5.18424 162060000000 171590000000 152530000000 152530000000 19066000000 6.34542 0 0.02593 0.64722 0.47996 -10.2471 6.49188 18.1104 0.47739 0.36456 -12.6792 5.24476 18.7678 0.3255 309400000000 19070000000
 0.8900   585210 0.9000   593610      1       -1       -1       -1  0 2.06533e+11 1.62100e+11 116.668000 4.275000 85.350000  1 0.3400 129.070000 17.92599 56.32875 29.71830 -194.880 -163.330 187.980 3.332e+10 2.931e+09 3.777e+10 0.03385 529274 529274 676709 2790 77 529262 529329 4.27511 162060000000 171590000000 152530000000 152530000000 114400000000 6.33228 0 0.02587 0.36719 0.21647 -9.18986 7.57858 14.3457 0.12786 0.02877 -11.4504 11.3842 17.2086 0.3696 368800000000 28600000000
 0.8800   576825 0.8900   585210      1       -1       -1       -1  0 2.06533e+11 1.62100e+11 117.128000 3.605000 95.160000  1 0.3400 136.730000 17.95153 56.35171 29.69283 -190.480 -166.950 192.220 3.345e+10 3.121e+09 3.682e+10 0.03505 529275 529275 676709 3836 76 529262 529329 3.60484 162060000000 171590000000 152530000000 152530000000 123930000000 6.88555 0 0.02566 0.4797 0.26242 -5.78022 10.9133 16.824 0.41292 0.16337 -6.63652 11.7646 17.0432 0.4008 390200000000 66730000000
 0.8700   568367 0.8800   576825      1       -1       -1       -1  0 2.06533e+11 1.52500e+11 115.234000 3.406000 103.990000  1 0.3400 136.240000 17.97722 56.36954 29.66193 -186.620 -168.320 196.900 3.136e+10 6.359e+09 2.433e+10 0.03174 529276 529276 676709 2834 75 529262 529329 3.40576 152530000000 171590000000 152530000000 152530000000 123930000000 3.84577 0 0.02298 0.57331 0.15567 0.57519 10.4074 12.6964 0.55925 0.08662 0.64048 8.30609 14.3359 0.4483 360400000000 76260000000
 0.8600   559908 0.8700   568367      1       -1       -1       -1  0 2.06533e+11 1.52500e+11 115.681000 3.112000 98.580000  1 0.3400 140.930000 18.00362 56.39339 29.63227 -176.680 -170.040 198.330 2.303e+10 5.994e+09 1.189e+10 0.02185 529277 529277 676709 2920 74 529262 529329 3.11224 152530000000 181130000000 152530000000 152530000000 123930000000 3.35449 0 0.01526 0.50442 0.41821 3.49255 13.4928 11.2868 0.47828 0.40084 1.80732 11.8114 12.8922 0.4033 371200000000 85800000000
 0.8500   551482 0.8600   559908      1       -1       -1       -1  0 2.06533e+11 1.52500e+11 116.127000 3.574000 92.020000  1 0.3400 135.550000 18.02999 56.42011 29.60375 -176.890 -177.140 203.470 2.448e+10 5.491e+09 1.242e+10 0.02248 529278 529278 676709 2886 73 529262 529329 3.57436 162060000000 181130000000 152530000000 152530000000 123930000000 4.46556 5.1 0.01613 0.70368 0.56908 6.0936 10.7903 7.89251 0.69951 0.56517 6.28846 11.0544 7.50676 0.3838 370400000000 47660000000
 0.8400   542964 0.8500   551482      1       -1       -1       -1  0 2.06533e+11 1.52500e+11 116.572000 3.933000 87.140000  1 0.3400 132.250000 18.05648 56.44723 29.57265 -168.770 -178.650 205.360 2.436e+10 5.161e+09 1.110e+10 0.02165 529279 529279 676709 2967 72 529262 529329 3.93332 171590000000 190660000000 162060000000 152530000000 104860000000 5.05806 0 0.01577 0.69615 0.3969 -9.71866 3.90317 11.7083 0.57684 0.13809 10.801 -1.63355 -9.90397 0.3643 319200000000 47660000000
 0.8300   534453 0.8400   542964      1       -1       -1       -1  0 2.06533e+11 1.62100e+11 119.403000 5.198000 79.500000  1 0.3400 125.480000 18.08305 56.47565 29.54024 -152.670 -180.530 214.220 3.317e+10 1.556e+09 3.244e+10 0.03153 529280 529280 676709 842 71 529262 529329 5.19788 171590000000 190660000000 162060000000 152530000000 104860000000 0.00187 16.75 0.02437 0.43211 0.30614 -7.82207 3.44814 13.4217 0.23326 0.1396 -11.872 4.54632 14.5934 0.3521 284000000000 38130000000
 0.8200   525870 0.8300   534453      1       -1       -1       -1  0 2.06533e+11 1.62100e+11 119.852000 6.164000 71.100000  1 0.3400 120.120000 18.10956 56.50550 29.50658 -159.440 -187.250 206.250 3.538e+10 3.272e+09 3.261e+10 0.03257 529281 529281 676709 2985 70 529262 529329 6.16417 171590000000 190660000000 162060000000 152530000000 95330000000 0.00065 5.09 0.02542 0.72129 0.4061 -5.4874 2.87857 22.7357 0.71536 0.43003 -6.55704 4.36003 20.0146 0.2992 273200000000 38130000000
 0.8100   517225 0.8200   525870      1       -1       -1       -1  0 2.06533e+11 1.62100e+11 120.300000 8.095000 67.260000  1 0.3400 112.170000 18.13298 56.52817 29.47428 -153.550 -190.340 212.710 3.644e+10 5.323e+09 3.414e+10 0.03263 529282 529282 676709 3015 69 529262 529329 8.09494 171590000000 190660000000 152530000000 133460000000 57198000000 9.42491 2.39 0.02659 0.44639 0.28124 -2.46422 9.01229 22.5896 0.27935 0.03012 -2.24127 11.2401 29.1 0.292 235300000000 57200000000
 0.8000   508548 0.8100   517225      1       -1       -1       -1  0 2.06533e+11 1.90700e+11 127.466000 18.610000 67.210000  1 0.3400 100.130000 18.15804 56.59841 29.45740 -148.200 -187.870 209.790 -1.253e+11 4.552e+10 2.055e+10 0.05341 529283 529283 676709 3046 68 529262 529329 18.6101 190660000000 209730000000 133460000000 104860000000 0 27.0171 0 0.05472 0.14603 0.0154 4.52933 60.9691 46.654 0.21157 0.13203 -0.74831 29.4195 5.30017 0.3681 183300000000 104900000000
 0.7900   499911 0.8000   508548      1       -1       -1       -1  0 2.06533e+11 1.90700e+11 127.934000 22.475000 63.950000  1 0.3400 97.510000 18.18678 56.62777 29.42264 -144.940 -193.110 219.140 -9.877e+10 4.633e+10 2.845e+10 0.04598 529284 529284 676709 3020 67 529262 529329 22.4746 190660000000 200190000000 133460000000 95330000000 9533000000 24.5565 7.66 0.04593 0.4765 0.1183 3.32409 31.9353 8.42215 0.56279 0.25915 6.16908 25.8395 -0.21311 0.3348 180700000000 114400000000
 0.7800   491271 0.7900   499911      1       -1       -1       -1  0 2.06533e+11 1.62100e+11 121.628000 14.565000 60.960000  1 0.3400 99.410000 18.21317 56.63430 29.35438 -137.370 -199.650 218.130 1.474e+09 2.160e+10 -5.536e+09 0.01376 529285 529285 676709 3058 66 529262 529329 14.5655 162060000000 171590000000 162060000000 114400000000 28599000000 3.17243 0 0.01199 0.57332 0.19124 10.6359 22.861 14.2137 0.35244 0.17192 -3.66931 -5.07059 19.6403 0.2707 188200000000 95330000000
 0.7700   482584 0.7800   491271      1       -1       -1       -1  0 2.06533e+11 1.62100e+11 122.066000 13.157000 59.290000  1 0.3400 102.090000 18.24241 56.67928 29.31238 -132.300 -201.700 220.280 -2.999e+08 2.393e+10 -5.527e+09 0.01498 529286 529286 676709 3061 65 529262 529329 13.1566 162060000000 171590000000 162060000000 85797000000 0 6.86001 0 0.01324 0.57648 0.30993 14.0686 28.0572 5.65558 0.17687 0.05732 -0.03931 -19.9397 21.7951 0.2632 199500000000 76260000000
 0.7600   473886 0.7700   482584      1       -1       -1       -1  0 2.06533e+11 1.71600e+11 124.857000 16.172000 53.820000  1 0.3400 100.700000 18.26860 56.71802 29.27021 -126.620 -201.410 223.020 8.288e+09 1.844e+10 8.174e+09 0.01248 529287 529287 676709 3064 64 529262 529329 16.1723 171590000000 171590000000 162060000000 85797000000 9533000000 2.39948 0 0.01074 0.58821 0.18646 17.2183 25.3589 7.45309 0.5706 0.30855 -11.1784 -10.7426 18.5526 0.2086 199900000000 85800000000
 0.7500   465160 0.7600   473886      1       -1       -1       -1  0 2.06533e+11 1.71600e+11 125.298000 9.963000 52.800000  1 0.3400 112.680000 18.29008 56.75385 29.22693 -120.940 -202.690 224.810 7.281e+09 1.901e+10 6.730e+09 0.01284 529288 529288 676709 3101 63 529262 529329 9.96317 171590000000 171590000000 162060000000 76264000000 57198000000 2.87286 0 0.01061 0.48959 0.24815 18.7417 24.5836 2.91947 0.6459 0.33519 -6.81321 -3.96936 15.7278 0.1858 212600000000 57200000000
 0.7400   456367 0.7500   465160      1       -1       -1       -1  0 2.06533e+11 1.71600e+11 125.735000 10.282000 54.310000  1 0.3400 112.470000 18.31445 56.79576 29.18624 -115.270 -203.700 226.200 5.996e+09 1.968e+10 5.524e+09 0.01304 529289 529289 676709 2903 62 529262 529329 10.2817 171590000000 181130000000 171590000000 114400000000 47665000000 6.26115 0 0.01059 0.51049 0.30019 11.3131 19.73 6.93037 0.24118 0.17669 3.7251 20.5449 14.1422 0.1856 198600000000 66730000000
 0.7300   447532 0.7400   456367      1       -1       -1       -1  0 2.06533e+11 1.71600e+11 126.170000 11.081000 57.040000  1 0.3400 111.130000 18.34840 56.85170 29.13880 -110.680 -200.410 230.640 -2.283e+10 3.367e+10 -1.811e+10 0.02723 529290 529290 676709 3061 61 529262 529329 11.0811 171590000000 181130000000 162060000000 133460000000 38132000000 7.99748 0 0.02226 0.66374 0.20577 11.1477 24.5266 8.0678 0.40148 0.07014 11.8955 23.0306 2.94471 0.1969 213800000000 76260000000
 0.7200   438668 0.7300   447532      1       -1       -1       -1  0 2.06533e+11 1.81100e+11 128.904000 12.213000 61.590000  1 0.3400 111.760000 18.35146 56.89288 29.08969 -102.630 -202.100 230.810 -1.746e+10 2.211e+10 9.251e+09 0.01616 529291 529291 676709 3200 60 529262 529329 12.2129 181130000000 190660000000 171590000000 142990000000 38132000000 13.8947 0 0.01361 0.45496 0.09495 17.2043 20.7248 7.62241 0.44813 0.08492 -17.8491 -5.51177 17.1769 0.2255 218600000000 66730000000
 0.7100   429744 0.7200   438668      1       -1       -1       -1  0 2.06533e+11 1.81100e+11 129.339000 9.788000 71.750000  1 0.3400 118.550000 18.37307 56.93697 29.03755 -96.190 -202.100 231.600 -1.694e+10 2.247e+10 9.010e+09 0.01620 529292 529292 676709 3232 59 529262 529329 9.78755 181130000000 181130000000 181130000000 152530000000 19066000000 13.7703 0 0.01364 0.9337 0.52076 19.7361 6.8 -2.2565 0.43538 0.02915 -14.2784 -2.27263 17.7398 0.2826 253600000000 57200000000
 0.7000   420772 0.7100   429744      1       -1       -1       -1  0 2.06533e+11 1.81100e+11 129.771000 7.834000 78.930000  1 0.3400 126.390000 18.39395 56.98236 28.98363 -89.470 -201.870 232.120 -1.634e+10 2.260e+10 9.343e+09 0.01661 529293 529293 676709 3240 58 529262 529329 7.83409 181130000000 181130000000 181130000000 171590000000 38132000000 13.6481 0 0.01365 0.72388 0.41457 24.208 4.79387 -7.16277 0.29665 0.09632 26.1825 -2.67651 -13.3797 0.3127 271800000000 38130000000
 0.6900   411776 0.7000   420772      1       -1       -1       -1  0 2.06533e+11 1.81100e+11 130.200000 5.624000 83.330000  1 0.3400 139.650000 18.42631 57.02221 28.92257 -82.540 -201.410 232.380 -1.579e+10 2.267e+10 1.025e+10 0.01866 529294 529294 676709 3199 57 529262 529329 5.624 181130000000 181130000000 181130000000 171590000000 123930000000 6.22969 0 0.01375 0.47346 0.27716 18.0202 10.8771 -3.4868 0.4778 0.22163 17.4612 10.0011 -5.21045 0.2894 317600000000 47660000000
 0.6800   402760 0.6900   411776      1       -1       -1       -1  0 2.06533e+11 1.81100e+11 130.624000 5.664000 82.860000  1 0.3400 140.290000 18.44572 57.07294 28.87183 -75.440 -200.720 232.360 -1.542e+10 2.284e+10 1.148e+10 0.01920 529295 529295 676709 3122 56 529262 529329 5.66384 181130000000 181130000000 181130000000 171590000000 133460000000 0.00087 0 0.01401 0.43738 0.36554 19.1051 19.509 -4.71269 0.4343 0.35049 17.9647 20.1886 -5.32501 0.2827 325300000000 47660000000
 0.6700   393773 0.6800   402760      1       -1       -1       -1  0 2.06533e+11 1.81100e+11 131.045000 5.853000 79.000000  1 0.3400 139.890000 18.46313 57.12019 28.81524 -68.200 -199.720 232.020 -1.517e+10 2.324e+10 1.241e+10 0.01982 529296 529296 676709 4220 55 529262 529329 5.85347 181130000000 181130000000 181130000000 171590000000 85797000000 3.83428 0 0.01435 0.48747 0.28153 18.1586 17.328 -6.60007 0.38842 0.10349 20.5392 13.0674 -6.60728 0.2606 340000000000 28600000000
 0.6600   384827 0.6700   393773      1       -1       -1       -1  0 2.06533e+11 1.81100e+11 131.461000 9.119000 78.280000  1 0.3400 124.680000 18.49208 57.14728 28.74348 -60.900 -198.340 231.360 -1.483e+10 2.400e+10 1.273e+10 0.01693 529297 529297 676709 3115 54 529262 529329 9.11901 181130000000 181130000000 181130000000 162060000000 0 31.6647 0 0.0147 0.22155 0.02778 -19.5767 28.7842 23.101 0.34617 0.08496 -15.9495 29.1196 19.9638 0.3319 249400000000 38130000000
 0.6500   375780 0.6600   384827      1       -1       -1       -1  0 2.06533e+11 1.81100e+11 131.873000 15.978000 74.180000  1 0.3400 110.300000 18.49029 57.17795 28.65884 -57.410 -197.190 228.250 2.322e+10 1.398e+10 1.717e+09 0.01135 529298 529298 676709 3114 53 529262 529329 15.9777 181130000000 181130000000 181130000000 28599000000 0 60.2154 0 0.01297 0.04406 0 -1.56318 49.3041 40.0786 0.42483 0.07943 -7.16786 -24.3384 26.8779 0.4354 212800000000 47660000000
 0.6400   366697 0.6500   375780      1       -1       -1       -1  0 2.06533e+11 1.90700e+11 134.561000 19.999000 68.670000  1 0.3400 108.610000 18.50464 57.23024 28.59510 -50.400 -191.750 228.370 -9.870e+09 2.873e+10 -4.816e+09 0.01222 529299 529299 676709 3098 52 529262 529329 19.9994 190660000000 190660000000 181130000000 9533000000 0 60.6032 0 0.01357 0.04799 0.01779 -25.1204 60.2532 41.7515 0 0 0 0 0 0.3781 203200000000 76260000000
 0.6300   357585 0.6400   366697      1       -1       -1       -1  0 2.06533e+11 1.90700e+11 134.971000 13.550000 66.970000  1 0.3400 118.240000 18.52035 57.33911 28.58079 -40.980 -181.930 227.110 -3.783e+10 3.022e+10 5.052e+10 0.03771 529300 529300 676709 1978 51 529262 529329 13.5505 190660000000 190660000000 190660000000 152530000000 76264000000 13.4879 0 0.03108 0.54228 0.14427 27.1279 12.8983 6.96987 0.55329 0.32777 24.3229 11.3232 6.40046 0.2381 213700000000 95330000000
 0.6200   348491 0.6300   357585      1       -1       -1       -1  0 2.06533e+11 1.90700e+11 135.376000 30.207000 60.180000  1 0.3400 103.500000 18.53077 57.34118 28.45902 -34.830 -178.480 225.850 -5.086e+10 3.545e+10 5.674e+10 0.03486 529301 529301 676709 3071 50 529262 529329 30.2071 190660000000 190660000000 152530000000 0 0 58.2847 0 0.03757 0.46673 0.23982 -4.87783 40.9766 46.6857 0 0 0 0 0 0.3029 181800000000 162100000000
 0.6100   339361 0.6200   348491      1       -1       -1       -1  0 2.06533e+11 1.90700e+11 135.776000 17.720000 55.870000  1 0.3400 113.450000 18.54950 57.45113 28.42629 -35.710 -182.810 220.500 -5.456e+10 5.627e+10 3.609e+10 0.04432 529302 529302 676709 3065 49 529262 529329 17.7198 200190000000 200190000000 200190000000 133460000000 0 7.99696 6.85 0.03883 0.93037 0.51122 30.0601 18.7969 6.63309 0.55356 0.04998 32.4448 -6.10585 -21.6438 0.1976 200600000000 114400000000
 0.6000   330213 0.6100   339361      1       -1       -1       -1  0 2.06533e+11 1.90700e+11 136.170000 19.296000 49.520000  1 0.3400 112.470000 18.56197 57.51445 28.35158 -30.650 -178.220 217.970 -8.155e+09 3.053e+10 -4.859e+09 0.01639 529303 529303 676709 4047 48 529262 529329 19.2963 190660000000 200190000000 171590000000 123930000000 0 14.0538 2.65 0.01449 0.55379 0.04769 38.3975 15.5004 -9.3867 0.28169 0 35.9605 13.2605 -13.6483 0.1608 196800000000 123900000000
 0.5900   321029 0.6000   330213      1       -1       -1       -1  0 2.06533e+11 1.71600e+11 131.846000 15.522000 46.580000  1 0.3400 113.360000 18.57571 57.57081 28.28731 -24.230 -172.080 212.260 1.569e+10 3.086e+10 -1.215e+10 0.02297 529304 529304 676709 1926 47 529262 529329 15.5221 171590000000 171590000000 171590000000 104860000000 0 10.7106 0 0.01995 0.27193 0.01829 49.9947 10.7415 -3.82147 0.04843 0 48.246 10.0384 -3.42619 0.144 199000000000 95330000000
 0.5800   311780 0.5900   321029      1       -1       -1       -1  0 2.06533e+11 1.90700e+11 136.942000 28.041000 52.300000  1 0.3400 107.570000 18.57601 57.58014 28.19863 -18.070 -166.220 213.940 -4.785e+10 8.356e+10 5.398e+08 0.04448 529305 529305 676709 3092 46 529262 529329 28.0408 190660000000 190660000000 190660000000 28599000000 0 38.8872 9.28 0.04425 0.2483 0.0105 12.4881 33.7605 41.6417 0.57061 0.09813 15.8354 21.218 15.3756 0.2086 183700000000 152500000000
 0.5700   302556 0.5800   311780      1       -1       -1       -1  1 2.06533e+11 1.85900e+11 136.154000 20.221000 54.230000  1 0.3400 116.720000 18.57884 57.61387 28.15622 -10.490 -168.730 207.610 -2.891e+10 6.292e+10 -1.004e+10 0.03748 529306 529306 676709 8956 45 529262 529329 22.8801 185895000000 185895000000 181125000000 66729500000 33365500000 22.1192 4.64 0.03434 0.299005 0.11278 4.5695 17.6464 35.6763 0.45864 0.06051 5.10663 10.9856 20.4279 0.18245 189400000000 123915000000
 0.5600   293300 0.5700   302556      1       -1       -1       -1  0 2.06533e+11 1.81100e+11 135.357000 12.401000 56.040000  1 0.3400 124.620000 18.58418 57.74448 28.07432 -13.560 -159.780 204.760 -9.971e+09 4.229e+10 -2.061e+10 0.03049 529307 529307 676709 3116 44 529262 529329 12.4014 181130000000 181130000000 171590000000 104860000000 66731000000 5.35119 0 0.02443 0.34971 0.21506 -3.34908 1.5322 29.711 0.34667 0.02289 -5.62219 0.75316 25.4802 0.1563 195100000000 95330000000
 0.5500   284045 0.5600   293300      1       -1       -1       -1  0 2.06533e+11 1.71600e+11 133.292000 11.558000 58.910000  1 0.3400 124.940000 18.58799 57.78546 27.99621 -10.530 -153.130 200.660 -2.561e+10 3.976e+10 -6.115e+09 0.03352 529308 529308 676709 3082 43 529262 529329 11.5577 171590000000 171590000000 162060000000 123930000000 66731000000 14.9388 0 0.02671 0.78237 0.31571 0.26555 23.284 10.6458 0.59744 0.08143 -5.44264 21.6605 1.63253 0.1711 192600000000 85800000000
 0.5400   274821 0.5500   284045      1       -1       -1       -1  0 2.06533e+11 1.71600e+11 133.638000 14.337000 66.370000  1 0.3400 120.010000 18.57921 57.82880 27.90567 -7.700 -147.740 194.580 -6.857e+09 -1.208e+10 -1.094e+10 0.01109 529309 529309 676709 3087 42 529262 529329 14.3373 171590000000 181130000000 162060000000 142990000000 9533000000 19.9331 7.42 0.00998 0.33829 0.10459 6.1562 25.6994 19.488 0.26677 0.00347 9.11607 23.0784 18.8362 0.2463 193500000000 85800000000
 0.5300   265576 0.5400   274821      1       -1       -1       -1  0 2.06533e+11 1.90700e+11 138.767000 10.605000 56.880000  1 0.3400 135.580000 18.59898 57.92238 27.84500 -4.040 -142.090 189.210 -4.286e+10 5.935e+10 3.540e+09 0.04457 529310 529310 676709 3110 41 529262 529329 10.6051 190660000000 190660000000 190660000000 133460000000 66731000000 2.00217 0 0.035 0.89955 0.25695 14.6582 6.53219 11.689 0.76149 0.20966 16.8132 1.8705 -8.27433 0.1472 225000000000 76260000000
 0.5200   256345 0.5300   265576      1       -1       -1       -1  0 2.06533e+11 1.81100e+11 136.753000 12.227000 61.450000  1 0.3400 129.400000 18.59800 57.96827 27.74778 -5.030 -140.540 176.690 1.330e+10 -6.714e+09 -8.733e+09 0.01134 529311 529311 676709 8518 40 529262 529329 12.2267 181130000000 190660000000 171590000000 133460000000 76264000000 13.2174 1.34 0.00906 0.87324 0.32405 15.649 12.8062 -10.9216 0.80985 0.35814 13.3585 14.1222 5.18586 0.1748 180800000000 85800000000
 0.5100   247081 0.5200   256345      1       -1       -1       -1  0 2.06533e+11 2.00200e+11 141.736000 19.003000 62.260000  1 0.3400 123.800000 18.60102 58.02270 27.69147 -0.140 -131.140 175.700 -1.141e+10 3.367e+09 1.100e+10 0.00848 529312 529312 676709 1963 39 529262 529329 19.0031 200190000000 200190000000 200190000000 123930000000 0 10.2487 0 0.00725 0.59294 0.12185 12.3216 0.48033 33.879 0.75617 0.02631 -6.43518 -9.41339 22.8638 0.1862 206600000000 114400000000
 0.5000   237907 0.5100   247081      1       -1       -1       -1  0 2.06533e+11 2.00200e+11 142.073000 19.924000 57.030000  1 0.3400 123.840000 18.59772 58.09098 27.61564 5.810 -123.930 176.840 -4.242e+10 4.606e+10 8.154e+09 0.03380 529313 529313 676709 8436 38 529262 529329 19.9244 200190000000 200190000000 200190000000 123930000000 0 8.96283 0 0.02852 0.39465 0.30944 -6.05217 -1.55684 42.0257 0.19381 0.02209 -3.25138 -10.0875 37.7944 0.1553 204700000000 123900000000
 0.4900   228727 0.5000   237907      1       -1       -1       -1  0 2.06533e+11 1.90700e+11 140.104000 17.775000 60.880000  1 0.3400 125.300000 18.59168 58.14880 27.52636 5.440 -120.260 171.230 -2.301e+10 1.775e+10 -4.226e+09 0.01737 529314 529314 676709 1914 37 529262 529329 17.7751 190660000000 190660000000 190660000000 123930000000 47665000000 9.67482 0 0.01451 0.34576 0.13376 -11.4154 -4.73816 30.275 0.36315 0.18739 -13.287 -2.01014 24.603 0.1738 190600000000 114400000000
 0.4800   219582 0.4900   228727      1       -1       -1       -1  0 2.06533e+11 2.00200e+11 142.723000 25.032000 55.600000  1 0.3400 121.390000 18.57824 58.18884 27.45824 8.990 -114.290 166.820 -1.650e+10 2.689e+10 1.209e+10 0.01705 529315 529315 676709 3079 36 529262 529329 25.0323 200190000000 200190000000 200190000000 95330000000 0 21.4963 0 0.01554 0.13696 0.0261 -3.37882 -2.21782 72.1335 0.20033 0.08896 -15.4814 -5.0901 33.1352 0.1668 196400000000 143000000000
 0.4700   210441 0.4800   219582      1       -1       -1       -1  0 2.06533e+11 2.09700e+11 145.271000 24.689000 55.320000  1 0.3400 125.070000 18.59234 58.26018 27.37307 7.610 -109.720 155.930 -3.375e+10 3.446e+10 9.405e+09 0.02386 529316 529316 676709 1938 35 529262 529329 24.6891 209730000000 209730000000 190660000000 123930000000 9533000000 11.5062 4.57 0.02111 0.35244 0.19295 1.37902 2.44253 19.3755 0.18242 0.04971 2.14661 3.99029 16.0334 0.1554 181000000000 133500000000
 0.4600   201332 0.4700   210441      1       -1       -1       -1  0 2.06533e+11 2.09700e+11 145.581000 31.404000 52.920000  1 0.3400 122.040000 18.57902 58.30941 27.29966 10.760 -102.880 153.910 -6.524e+10 3.485e+10 -1.042e+08 0.03610 529317 529317 676709 3054 34 529262 529329 31.4039 209730000000 209730000000 200190000000 114400000000 0 8.61664 0 0.03208 0.30197 0.15255 -30.2811 -21.4086 37.4221 0.07751 0 37.4302 12.1564 -32.6037 0.1354 190600000000 190700000000
 0.4500   192298 0.4600   201332      1       -1       -1       -1  0 2.06533e+11 2.00200e+11 143.638000 33.154000 52.380000  1 0.3400 120.370000 18.55825 58.34637 27.19273 6.490 -96.700 150.120 -5.377e+10 4.100e+10 9.878e+09 0.03678 529318 529318 676709 3033 33 529262 529329 33.1539 200190000000 200190000000 190660000000 114400000000 28599000000 22.9385 2.62 0.03235 0.43473 0.21882 25.8828 24.3803 -5.9423 0.52092 0.47371 44.0516 9.11661 -2.49529 0.1316 178500000000 190700000000
 0.4400   183257 0.4500   192298      1       -1       -1       -1  0 1.93833e+11 2.09700e+11 146.176000 20.603000 49.340000  1 0.3400 133.080000 18.57243 58.42621 27.12928 10.470 -92.580 144.220 -6.106e+10 2.568e+10 -1.782e+10 0.03628 529319 529319 676709 3009 32 529262 529329 20.6034 209730000000 209730000000 171590000000 142990000000 66731000000 5.64507 0 0.03036 0.91738 0.33872 -1.44951 23.673 -16.5948 0.53541 0.08787 -14.9228 18.5672 -9.92249 0.1065 179600000000 123900000000
 0.4300   174247 0.4400   183257      1       -1       -1       -1  0 1.90633e+11 1.71600e+11 136.984000 11.562000 53.530000  1 0.3400 140.290000 18.56297 58.46070 27.03943 11.730 -86.150 138.670 -4.407e+10 -5.176e+08 1.366e+09 0.03426 529320 529320 676709 2986 31 529262 529329 11.5617 171590000000 171590000000 162060000000 162060000000 19066000000 7.86031 0 0.02756 0.55062 0.2417 6.69058 37.2191 11.578 0 0 9.40704 51.4908 11.3621 0.1231 219500000000 38130000000
 0.4200   165299 0.4300   174247      1       -1       -1       -1  0 1.90633e+11 1.81100e+11 139.737000 11.065000 54.730000  1 0.3400 146.640000 18.55972 58.51965 26.97201 13.840 -80.520 134.660 -5.523e+10 7.474e+09 -2.946e+09 0.04064 529321 529321 676709 3028 30 529262 529329 11.0652 181130000000 181130000000 171590000000 142990000000 0 4.08083 0 0.03222 0.5246 0.31706 12.6626 37.303 -9.89688 0.70754 0.47475 6.46678 31.6981 -3.00792 0.1221 214200000000 66730000000
 0.4100   156439 0.4200   165299      1       -1       -1       -1  0 1.90633e+11 1.81100e+11 139.991000 12.369000 54.000000  1 0.3400 144.430000 18.54812 58.58568 26.88265 16.310 -80.710 135.000 -9.402e+10 6.342e+09 7.681e+09 0.06883 529322 529322 676709 2954 29 529262 529329 12.3691 181130000000 181130000000 181130000000 114400000000 85797000000 15.0589 0 0.05519 0.81946 0.34571 -2.01011 20.2173 8.02396 0.18541 0.0275 -10.8599 -0.46055 12.9348 0.1211 183400000000 85800000000
 0.4000   147673 0.4100   156439      1       -1       -1       -1  0 1.87467e+11 2.09700e+11 147.259000 41.524000 49.400000  1 0.3400 126.460000 18.51916 58.64101 26.77786 15.760 -81.600 128.270 -1.384e+11 3.034e+10 3.366e+10 0.07406 529323 529323 676709 2924 28 529262 529329 41.5242 209730000000 209730000000 200190000000 114400000000 0 16.9765 0 0.06736 0.68558 0.31924 -0.62072 -13.5645 43.1059 0.85533 0.52782 30.9558 -3.35957 -14.41 0.1202 191100000000 228800000000
 0.3900   139006 0.4000   147673      1       -1       -1       -1  0 1.84300e+11 1.71600e+11 137.963000 28.782000 45.320000  1 0.3400 123.680000 18.53284 58.67352 26.69860 19.950 -72.050 124.970 -7.085e+10 1.222e+10 9.775e+09 0.05376 529324 529324 676709 2890 27 529262 529329 28.7817 171590000000 171590000000 171590000000 104860000000 38132000000 14.6812 0 0.04745 0.68652 0.07023 2.52596 -10.2038 15.5609 0.14978 0.01326 7.24301 -10.7581 13.8763 0.1058 162400000000 152500000000
 0.3800   130543 0.3900   139006      1       -1       -1       -1  0 1.55700e+11 1.71600e+11 138.187000 33.041000 44.590000  1 0.3400 123.140000 18.50002 58.75386 26.60652 20.820 -70.470 120.450 -7.171e+10 1.100e+10 9.865e+09 0.05000 529325 529325 676709 782 26 529262 529329 33.0408 171590000000 162060000000 152530000000 57198000000 0 31.7953 1.45 0.04846 0.64918 0.37603 -0.56841 -30.5172 50.4845 0.20452 0.08135 -34.4568 45.9802 -9.22288 0.1236 167300000000 162100000000
 0.3700   122057 0.3800   130543      1       -1       -1       -1  0 1.36633e+11 1.23900e+11 124.174000 20.310000 38.080000  1 0.3400 117.940000 18.49829 58.77457 26.54086 21.640 -60.310 114.520 -2.025e+10 1.578e+10 6.259e+09 0.03309 529326 529326 676709 2823 25 529262 529329 20.3098 123930000000 123930000000 123930000000 57198000000 0 18.7241 0 0.03046 0.7087 0.24433 36.14 2.64106 -15.5865 0.39103 0 28.0038 -10.4048 -18.3747 0.0957 141100000000 85800000000
 0.3600   113639 0.3700   122057      1       -1       -1       -1  0 1.23900e+11 1.14400e+11 121.085000 25.468000 31.260000  1 0.3400 112.080000 18.49185 58.79505 26.45733 18.530 -58.970 110.830 -1.237e+10 1.107e+10 -7.859e+09 0.02611 529327 529327 676709 2812 24 529262 529329 25.4676 114400000000 114400000000 114400000000 66731000000 0 17.5019 0 0.02451 0.08443 0.0096 -13.0135 -21.7605 39.2273 0.50349 0.06786 -6.20478 -21.2483 25.5422 0.0702 128000000000 104900000000
 0.3500   105366 0.3600   113639      1       -1       -1       -1  0 1.23900e+11 1.23900e+11 124.536000 39.865000 30.360000  1 0.3400 111.930000 18.46743 58.89307 26.33653 20.970 -55.010 107.420 -2.744e+09 9.490e+09 4.306e+09 0.01275 529328 529328 676709 2733 23 529262 529329 39.8645 123930000000 123930000000 57198000000 28599000000 0 32.0914 4.19 0.01276 0.62818 0.02006 -17.8428 21.2814 -0.67321 0.13923 0.00853 -16.2129 20.6591 27.1061 0.07 129800000000 162100000000
 0.3400    97276 0.3500   105366      0       -1       -1       -1  0 1.23900e+11 1.23900e+11 124.705000 43.392000 32.120000  1 0.3400 112.940000 18.45329 58.94588 26.24681 21.400 -48.240 103.010 -1.269e+10 -1.108e+10 7.152e+09 0.02321 529329 529329 676709 2656 22 529262 529329 43.3921 123930000000 114400000000 76264000000 66731000000 19066000000 17.2189 3 0.02197 0.77502 0.22773 18.2249 -23.1406 16.8112 0.48652 0.0804 11.6778 -21.7441 19.7342 0.0577 119800000000 162100000000
