 1.0000   679266 0.0000       -1      1       -1       -1       -1  0 2.28800e+11 2.19300e+11 123.364000 10.535000 78.660000  1 0.3600 109.270000 59.03734 6.40200 32.53265 30.290 -25.610 -1.780 -7.981e+10 -2.331e+10 4.477e+09 0.02875 461244 461244 679266 4781 88 461243 461308 10.5348 219260000000 238320000000 209730000000 162060000000 19066000000 6.31877 0 0.02489 0.94488 0.4972 17.3885 -1.59455 13.4738 0.79258 0.29332 -0.1014 12.0248 18.9616 0.37 318200000000 104900000000
 0.9900   671126 1.0000   679266      1       -1       -1       -1  0 2.28800e+11 2.09700e+11 122.061000 11.408000 81.120000  1 0.3600 105.720000 59.02350 6.41011 32.55294 27.640 -24.130 -3.940 -5.378e+10 2.219e+10 6.248e+09 0.02074 461245 461245 679266 4717 87 461243 461308 11.408 209730000000 228790000000 209730000000 152530000000 47665000000 16.6071 0 0.0189 0.78688 0.36148 3.32647 5.60238 19.8032 0.25624 0.0162 -1.51749 6.25377 19.4291 0.4132 291200000000 104900000000
 0.9800   662728 0.9900   671126      1       -1       -1       -1  0 2.28800e+11 2.19300e+11 124.403000 10.032000 83.880000  1 0.3600 111.450000 59.02361 6.39468 32.53764 29.700 -25.440 -1.290 -7.862e+10 -2.248e+10 5.047e+09 0.02742 461246 461246 679266 4736 86 461243 461308 10.0315 219260000000 238320000000 209730000000 162060000000 47665000000 10.4642 0 0.02464 0.80092 0.40053 11.8064 -5.42365 14.1266 0.75635 0.13034 7.44571 16.8777 1.68843 0.4131 317200000000 95330000000
 0.9700   654366 0.9800   662728      1       -1       -1       -1  0 2.28800e+11 2.19300e+11 124.921000 10.000000 87.760000  1 0.3600 111.990000 59.01997 6.39696 32.53793 29.460 -25.350 -0.960 -7.802e+10 -2.236e+10 5.031e+09 0.02706 461247 461247 679266 7692 85 461243 461308 10.0002 219260000000 238320000000 209730000000 171590000000 57198000000 11.0814 0 0.02453 0.67235 0.33171 15.9633 -2.7099 16.2976 0.09716 0.04944 21.9856 3.30127 12.4964 0.4375 301900000000 95330000000
 0.9600   646045 0.9700   654366      1       -1       -1       -1  0 2.28800e+11 2.19300e+11 125.439000 9.844000 89.620000  1 0.3600 112.880000 59.01626 6.39928 32.53824 29.290 -25.260 -0.520 -7.675e+10 -2.263e+10 4.432e+09 0.02655 461248 461248 679266 4767 84 461243 461308 9.84429 219260000000 228790000000 219260000000 181130000000 47665000000 11.7244 0 0.02425 0.72844 0.23838 12.3943 -10.4324 17.2488 0.74416 0.09192 14.3005 -1.38963 14.1053 0.4502 306400000000 104900000000
 0.9500   637723 0.9600   646045      1       -1       -1       -1  0 2.28800e+11 2.19300e+11 125.956000 9.693000 91.080000  1 0.3600 113.790000 59.01249 6.40164 32.53855 27.450 -22.920 -6.020 -9.351e+10 -3.087e+10 5.104e+09 0.03265 461249 461249 679266 4773 83 461243 461308 9.69326 219260000000 228790000000 219260000000 181130000000 0 11.1717 0 0.02994 0.70269 0.50203 11.0586 -14.7279 18.551 0.76285 0.36302 -7.12467 18.7051 -12.3634 0.4556 323900000000 95330000000
 0.9400   629419 0.9500   637723      1       -1       -1       -1  0 2.28800e+11 2.19300e+11 126.472000 7.680000 89.860000  1 0.3600 121.360000 59.00803 6.42160 32.53979 26.900 -20.370 -5.270 -3.601e+10 -1.619e+10 -1.049e+10 0.01433 461250 461250 679266 4777 82 461243 461308 7.68049 219260000000 219260000000 219260000000 190660000000 66731000000 7.43946 0 0.01244 0.56939 0.49294 8.08078 -11.9849 20.4409 0.67379 0.61945 6.77251 -8.64519 15.7473 0.4202 344400000000 66730000000
 0.9300   621098 0.9400   629419      1       -1       -1       -1  0 2.28800e+11 2.19300e+11 126.987000 7.612000 90.430000  1 0.3600 122.190000 59.01674 6.41646 32.54787 26.500 -19.720 -4.670 -3.412e+10 -1.656e+10 -1.029e+10 0.01425 461251 461251 679266 4836 81 461243 461308 7.61193 219260000000 228790000000 219260000000 200190000000 95330000000 10.652 0 0.01201 0.56909 0.47047 4.29304 -7.47174 21.2199 0.66898 0.42513 -0.92067 -1.20525 18.5653 0.407 352900000000 85800000000
 0.9200   612754 0.9300   621098      1       -1       -1       -1  0 2.28800e+11 2.19300e+11 127.501000 7.062000 94.670000  1 0.3600 125.280000 59.00543 6.42223 32.54148 26.060 -19.090 -4.080 -3.235e+10 -1.588e+10 -1.042e+10 0.01402 461252 461252 679266 4801 80 461243 461308 7.06199 219260000000 228790000000 219260000000 190660000000 66731000000 2.75115 0 0.0115 0.65453 0.4064 0.72952 -4.2558 17.9707 0.40308 0.05574 -3.87095 -1.94856 16.3988 0.415 381800000000 57200000000
 0.9100   604390 0.9200   612754      1       -1       -1       -1  0 2.28800e+11 2.19300e+11 128.014000 7.025000 103.060000  1 0.3600 126.030000 59.00207 6.42480 32.54037 25.610 -18.500 -3.510 -3.085e+10 -1.481e+10 -1.061e+10 0.01362 461253 461253 679266 4818 79 461243 461308 7.02473 219260000000 228790000000 219260000000 209730000000 123930000000 2.52277 0 0.01102 0.73963 0.51982 2.64275 -5.14019 12.8525 0.73502 0.39098 -0.67287 -4.09942 13.8027 0.4495 376600000000 76260000000
 0.9000   596018 0.9100   604390      1       -1       -1       -1  0 2.28800e+11 2.19300e+11 128.526000 6.357000 108.120000  1 0.3600 130.210000 58.99879 6.42850 32.53548 25.070 -17.850 -2.860 -2.830e+10 -1.236e+10 -1.091e+10 0.01196 461254 461254 679266 4823 78 461243 461308 6.35747 219260000000 228790000000 219260000000 219260000000 114400000000 6.25342 0 0.01011 0.54632 0.3651 6.37961 -7.23845 16.2374 0.5968 0.28882 5.27395 -6.29403 16.2431 0.4953 370600000000 57200000000
 0.8900   587608 0.9000   596018      1       -1       -1       -1  0 2.28800e+11 2.19300e+11 129.036000 6.819000 104.530000  1 0.3600 128.270000 58.99567 6.42854 32.53830 26.950 -21.070 0.380 -3.703e+10 -8.370e+10 -2.270e+10 0.03567 461255 461255 679266 4846 77 461243 461308 6.81943 219260000000 228790000000 219260000000 219260000000 114400000000 1.92484 0 0.02922 0.53988 0.36441 9.41941 -6.14437 21.5997 0.53869 0.16754 7.16761 -1.1948 22.6155 0.4608 374200000000 76260000000
 0.8800   579224 0.8900   587608      1       -1       -1       -1  0 2.28800e+11 2.19300e+11 129.544000 6.346000 101.610000  1 0.3600 131.530000 58.98760 6.43203 32.53393 25.810 -20.970 -0.090 -3.565e+10 -8.490e+10 -2.365e+10 0.03501 461256 461256 679266 799 76 461243 461308 6.34577 219260000000 228790000000 219260000000 209730000000 85797000000 4.68813 0 0.02957 0.38891 0.34408 6.68559 -4.90173 15.0608 0.38018 0.22605 4.30087 -2.82632 13.8941 0.4616 402400000000 38130000000
 0.8700   570766 0.8800   579224      1       -1       -1       -1  0 2.28800e+11 2.28800e+11 131.910000 8.904000 98.790000  1 0.3600 122.710000 58.98396 6.41679 32.54616 25.290 -19.050 -4.620 -6.270e+10 -3.510e+10 -6.364e+09 0.02309 461257 461257 679266 3885 75 461243 461308 8.90392 228790000000 228790000000 219260000000 200190000000 104860000000 20.1829 0 0.02098 0.40323 0.22896 7.59334 -11.5107 24.5405 0.34672 0.20137 7.12072 -4.45135 21.8549 0.4779 342000000000 104900000000
 0.8600   562310 0.8700   570766      1       -1       -1       -1  0 2.28800e+11 2.28800e+11 132.422000 6.947000 96.040000  1 0.3600 131.850000 58.99017 6.43439 32.54244 24.830 -18.530 -4.720 -6.286e+10 -3.534e+10 -5.758e+09 0.02472 461258 461258 679266 4971 74 461243 461308 6.94733 228790000000 228790000000 219260000000 190660000000 133460000000 4.90897 0 0.02112 0.43602 0.25065 9.86702 -8.46306 28.0592 0.17033 0.0009 -2.06308 -1.57938 23.0088 0.4328 374700000000 28600000000
 0.8500   553872 0.8600   562310      1       -1       -1       -1  0 2.28800e+11 2.28800e+11 132.933000 6.788000 91.310000  1 0.3600 133.370000 58.98626 6.43735 32.54306 24.350 -17.960 -4.830 -6.326e+10 -3.566e+10 -4.954e+09 0.02496 461259 461259 679266 4955 73 461243 461308 6.78839 228790000000 228790000000 228790000000 190660000000 9533000000 4.52177 0 0.02133 0.48414 0.34462 9.82903 -4.78287 26.9226 0.17125 0.00246 2.10337 0.96318 19.1359 0.4083 392100000000 9533000000
 0.8400   545369 0.8500   553872      1       -1       -1       -1  0 2.28800e+11 2.28800e+11 133.441000 6.941000 84.300000  1 0.3600 133.220000 58.97151 6.44416 32.53158 24.950 -22.110 -1.530 -9.799e+09 -6.897e+10 -2.897e+10 0.02709 461260 461260 679266 4992 72 461243 461308 6.94091 228790000000 228790000000 200190000000 181130000000 19066000000 12.3605 0 0.0222 0.80552 0.45479 -13.129 13.9665 -13.1139 0.95246 0.52711 5.02426 -11.229 15.2511 0.3478 386600000000 28600000000
 0.8300   536853 0.8400   545369      1       -1       -1       -1  0 2.28800e+11 2.28800e+11 133.948000 10.718000 80.850000  1 0.3600 119.440000 58.97818 6.44338 32.54433 24.640 -22.040 -1.940 -4.344e+09 -6.578e+10 -3.083e+10 0.02530 461261 461261 679266 4985 71 461243 461308 10.7184 228790000000 228790000000 228790000000 181130000000 38132000000 4.86221 0 0.0215 0.64808 0.38793 8.14954 -6.35974 13.6939 0.54658 0.48074 -1.12521 0.8971 15.9977 0.3441 313000000000 85800000000
 0.8200   528257 0.8300   536853      1       -1       -1       -1  0 2.28800e+11 2.28800e+11 134.452000 10.928000 79.020000  1 0.3600 119.480000 58.97403 6.44646 32.54499 24.520 -21.750 -2.390 -1.996e+09 -5.937e+10 -3.027e+10 0.02285 461262 461262 679266 3973 70 461243 461308 10.9281 228790000000 228790000000 209730000000 181130000000 57198000000 5.16045 0 0.01978 0.52971 0.19313 7.33404 -1.91738 25.0089 0.31937 0.02666 3.56781 2.97728 27.3468 0.3404 315000000000 85800000000
 0.8100   519616 0.8200   528257      1       -1       -1       -1  0 2.28800e+11 2.28800e+11 134.954000 11.004000 79.320000  1 0.3600 119.900000 58.96980 6.44958 32.54566 24.460 -21.260 -2.790 -3.019e+09 -5.237e+10 -2.791e+10 0.02020 461263 461263 679266 5031 69 461243 461308 11.004 228790000000 228790000000 209730000000 181130000000 9533000000 5.44679 0 0.01771 0.39961 0.16771 8.72544 -0.17398 37.9231 0.68403 0.35731 11.3668 -5.9893 34.6806 0.3459 313400000000 85800000000
 0.8000   510936 0.8100   519616      1       -1       -1       -1  0 2.28800e+11 2.28800e+11 135.453000 11.113000 80.400000  1 0.3600 120.250000 58.96548 6.45273 32.54634 24.340 -20.710 -3.110 -5.077e+09 -4.767e+10 -2.568e+10 0.01848 461264 461264 679266 4024 68 461243 461308 11.1129 228790000000 228790000000 190660000000 190660000000 66731000000 5.70961 0 0.01628 0.36362 0.25143 14.3859 -2.03858 33.5539 0.05475 0 16.0415 8.23403 29.5484 0.3525 308600000000 114400000000
 0.7900   502292 0.8000   510936      1       -1       -1       -1  0 2.28800e+11 2.09700e+11 132.063000 9.739000 82.640000  1 0.3600 120.460000 58.95657 6.45129 32.54610 22.790 -18.260 -4.860 2.174e+09 -3.649e+10 -1.894e+10 0.01638 461265 461265 679266 5029 67 461243 461308 9.73916 209730000000 228790000000 190660000000 190660000000 28599000000 8.84032 1.89 0.01431 0.32775 0.23783 10.3701 -2.38255 32.8974 0.18089 0.02885 8.5484 7.87608 22.7053 0.3696 313800000000 85800000000
 0.7800   493653 0.7900   502292      1       -1       -1       -1  0 2.28800e+11 2.00200e+11 130.504000 9.172000 78.440000  1 0.3600 120.610000 58.95219 6.45478 32.54662 22.170 -17.860 -5.210 1.992e+09 -1.398e+10 -3.478e+10 0.01639 461266 461266 679266 4018 66 461243 461308 9.17237 200190000000 238320000000 190660000000 190660000000 0 7.50022 0 0.01416 0.27035 0.13616 8.75242 -3.48071 40.4737 0.23848 0.07361 12.8376 -1.6263 31.8351 0.3456 289400000000 47660000000
 0.7700   484975 0.7800   493653      1       -1       -1       -1  0 2.28800e+11 2.00200e+11 130.974000 9.288000 70.720000  1 0.3600 120.900000 58.95446 6.45718 32.54319 21.550 -17.380 -5.560 1.299e+09 -1.517e+10 -3.451e+10 0.01682 461267 461267 679266 5067 65 461243 461308 9.28816 200190000000 228790000000 190660000000 171590000000 0 9.90867 0 0.0143 0.54404 0.20275 9.74504 -3.9315 36.7254 0.53234 0.13731 10.5571 0.61892 30.8926 0.2928 297500000000 38130000000
 0.7600   476274 0.7700   484975      1       -1       -1       -1  0 2.28800e+11 1.90700e+11 129.320000 10.121000 68.650000  1 0.3600 116.600000 58.94323 6.46197 32.54769 23.510 -17.970 -6.620 1.658e+10 1.558e+10 -2.630e+10 0.01708 461268 461268 679266 5055 64 461243 461308 10.1208 190660000000 228790000000 190660000000 162060000000 0 10.7507 0 0.01436 0.50209 0.30809 5.9595 0.22534 37.4888 0.53691 0.29769 16.0656 1.11655 28.78 0.2796 258600000000 57200000000
 0.7500   467536 0.7600   476274      1       -1       -1       -1  0 2.28800e+11 2.19300e+11 135.965000 13.689000 66.190000  1 0.3600 115.720000 58.93867 6.46567 32.54824 19.150 -18.770 -5.030 -2.378e+10 1.748e+10 -1.716e+10 0.01315 461269 461269 679266 5077 63 461243 461308 13.689 219260000000 219260000000 190660000000 142990000000 9533000000 1.50568 1.12 0.01123 0.56705 0.24783 9.39304 -1.25133 26.4796 0.22657 0.00267 15.7325 -2.70228 15.6037 0.2503 246800000000 114400000000
 0.7400   458737 0.7500   467536      1       -1       -1       -1  0 2.28800e+11 2.19300e+11 136.440000 14.677000 67.400000  1 0.3600 114.630000 58.93404 6.46944 32.54881 18.340 -18.450 -5.480 -2.450e+10 1.817e+10 -1.624e+10 0.01337 461270 461270 679266 5068 62 461243 461308 14.6773 219260000000 219260000000 190660000000 142990000000 38132000000 1.01347 1.57 0.01142 0.70881 0.31282 7.4367 -2.92792 29.8693 0.71941 0.32737 22.5502 -4.90343 8.59774 0.2549 236600000000 123900000000
 0.7300   449911 0.7400   458737      1       -1       -1       -1  0 2.28800e+11 2.19300e+11 136.912000 13.608000 68.540000  1 0.3600 117.220000 58.92936 6.47328 32.54940 18.910 -18.310 -4.460 -2.493e+10 1.861e+10 -1.559e+10 0.01347 461271 461271 679266 4043 61 461243 461308 13.6082 219260000000 219260000000 200190000000 152530000000 47665000000 0.87453 0 0.01156 0.94511 0.41303 4.11392 -4.93416 26.8156 0.35792 0.10101 -3.21965 -11.7776 20.7194 0.2608 243800000000 114400000000
 0.7200   441062 0.7300   449911      1       -1       -1       -1  0 2.28800e+11 2.19300e+11 137.380000 11.331000 65.240000  1 0.3600 123.050000 58.93814 6.47580 32.55473 18.010 -17.260 -6.150 -4.909e+10 -1.852e+10 1.554e+10 0.02130 461272 461272 679266 5172 60 461243 461308 11.3312 219260000000 228790000000 200190000000 152530000000 0 7.14605 0 0.01827 0.83146 0.3359 -18.8457 17.562 27.7087 0.74703 0.43772 27.4278 -18.4174 -5.16918 0.2371 277100000000 66730000000
 0.7100   432150 0.7200   441062      1       -1       -1       -1  0 2.28800e+11 2.09700e+11 135.817000 10.881000 66.380000  1 0.3600 122.750000 58.93338 6.47939 32.55603 15.940 -17.340 -6.700 -4.731e+10 8.416e+09 3.393e+08 0.02060 461273 461273 679266 4099 59 461243 461308 10.8808 209730000000 228790000000 200190000000 162060000000 0 8.21726 0 0.01737 0.83918 0.34051 26.0905 -21.3996 -16.4706 0.72029 0.38584 27.6585 -20.5103 -8.49679 0.2402 271900000000 66730000000
 0.7000   423171 0.7100   432150      1       -1       -1       -1  0 2.28800e+11 2.09700e+11 136.270000 12.474000 66.670000  1 0.3600 119.570000 58.92184 6.48672 32.55399 15.320 -16.970 -6.510 -4.663e+10 1.009e+10 8.933e+07 0.02082 461274 461274 679266 5185 58 461243 461308 12.4742 209730000000 228790000000 200190000000 181130000000 0 6.15438 0 0.01734 0.82774 0.33171 21.6565 -18.126 -21.2646 0.44779 0.11735 -18.5689 22.4671 -11.6013 0.2351 255800000000 76260000000
 0.6900   414171 0.7000   423171      1       -1       -1       -1  0 2.28800e+11 2.09700e+11 136.720000 11.651000 68.840000  1 0.3600 122.270000 58.91653 6.49077 32.55453 14.460 -16.420 -6.330 -4.487e+10 1.421e+10 -6.544e+08 0.02077 461275 461275 679266 5204 57 461243 461308 11.6507 209730000000 219260000000 209730000000 181130000000 0 7.00899 0 0.0172 0.55916 0.07041 21.4791 -18.0167 -14.4978 0.01105 0 22.3646 -17.074 -2.45483 0.2425 277600000000 76260000000
 0.6800   405162 0.6900   414171      1       -1       -1       -1  0 2.28800e+11 2.19300e+11 139.214000 11.643000 73.450000  1 0.3600 125.360000 58.91114 6.49490 32.55508 17.160 -16.440 -6.280 -4.854e+10 -1.646e+10 1.513e+10 0.02204 461276 461276 679266 5189 56 461243 461308 11.6434 219260000000 219260000000 209730000000 190660000000 0 9.78442 0 0.01824 0.2902 0.10696 -25.1964 20.4397 30.4641 0.52078 0.12558 22.8794 -13.8085 -19.3276 0.2589 274200000000 66730000000
 0.6700   396175 0.6800   405162      1       -1       -1       -1  0 2.28800e+11 2.19300e+11 139.662000 11.588000 74.750000  1 0.3600 126.330000 58.90010 6.49541 32.56631 16.840 -16.100 -6.370 -4.848e+10 -1.613e+10 1.489e+10 0.02227 461277 461277 679266 5225 55 461243 461308 11.5883 219260000000 228790000000 219260000000 181130000000 0 15.4551 0 0.01827 0.4407 0.15006 31.1608 -14.2356 -27.0963 0.75072 0.38278 22.8491 -10.3487 -16.1644 0.2613 274600000000 95330000000
 0.6600   387239 0.6700   396175      1       -1       -1       -1  0 2.28800e+11 2.28800e+11 142.107000 9.661000 73.850000  1 0.3600 135.480000 58.91158 6.49316 32.56462 16.970 -16.630 -4.210 -7.019e+10 -1.479e+09 2.521e+10 0.02965 461278 461278 679266 5251 54 461243 461308 9.66083 228790000000 228790000000 228790000000 209730000000 9533000000 5.13559 0 0.024 0.53725 0.11583 -8.0678 3.28649 25.728 0.14702 0.0206 -3.46538 3.19271 35.752 0.2448 342400000000 28600000000
 0.6500   378203 0.6600   387239      1       -1       -1       -1  0 2.28800e+11 2.28800e+11 142.552000 13.112000 75.530000  1 0.3600 126.570000 58.89444 6.50768 32.55678 16.200 -16.710 -4.160 -6.862e+10 -3.482e+09 2.482e+10 0.02972 461279 461279 679266 4147 53 461243 461308 13.1119 228790000000 228790000000 228790000000 209730000000 66731000000 15.7723 0 0.02364 0.65075 0.35065 -4.21353 -0.40074 25.5251 0.36356 0.32469 -5.4026 5.04261 22.7596 0.2456 285500000000 104900000000
 0.6400   369127 0.6500   378203      1       -1       -1       -1  0 2.28800e+11 2.28800e+11 142.993000 9.879000 80.430000  1 0.3600 136.590000 58.89725 6.49553 32.57148 18.450 -15.720 -5.520 -8.042e+10 -1.340e+10 2.533e+10 0.03584 461280 461280 679266 4157 52 461243 461308 9.87884 228790000000 228790000000 228790000000 209730000000 66731000000 8.6839 0 0.0278 0.42888 0.32364 -2.24556 -9.17823 32.7707 0.39154 0.25335 -2.44248 -12.4338 30.8904 0.256 313000000000 66730000000
 0.6300   360011 0.6400   369127      1       -1       -1       -1  0 2.28800e+11 2.28800e+11 143.428000 7.678000 77.170000  1 0.3600 147.190000 58.88997 6.49749 32.56385 21.840 -15.440 -0.090 -3.570e+10 -1.606e+10 -8.554e+09 0.01737 461281 461281 679266 5261 51 461243 461308 7.67756 228790000000 228790000000 228790000000 209730000000 38132000000 6.44796 0 0.01313 0.52482 0.49301 -2.364 -4.22043 31.1149 0.35471 0.27071 -8.98971 -2.30405 30.59 0.231 353900000000 38130000000
 0.6200   350901 0.6300   360011      1       -1       -1       -1  0 2.28800e+11 2.28800e+11 143.858000 8.787000 77.250000  1 0.3600 142.910000 58.88324 6.50393 32.57046 21.330 -15.730 0.000 -3.508e+10 -1.602e+10 -8.958e+09 0.01750 461282 461282 679266 5255 50 461243 461308 8.78708 228790000000 228790000000 228790000000 209730000000 95330000000 5.8439 0 0.01306 0.91046 0.5967 1.51366 -4.45899 17.9359 0.9014 0.54076 -3.78071 1.9509 17.3714 0.226 346600000000 57200000000
 0.6100   341768 0.6200   350901      1       -1       -1       -1  0 2.25633e+11 2.28800e+11 144.283000 8.989000 80.450000  1 0.3600 143.100000 58.87797 6.51806 32.56229 20.850 -15.890 0.060 -3.453e+10 -1.582e+10 -9.128e+09 0.01725 461283 461283 679266 5254 49 461243 461308 8.98903 228790000000 228790000000 219260000000 209730000000 95330000000 7.53822 0 0.01297 0.93095 0.53466 18.9011 -6.88778 -2.74566 0.86423 0.3206 15.9494 -7.01212 -10.728 0.2428 312900000000 95330000000
 0.6000   332622 0.6100   341768      1       -1       -1       -1  0 2.22467e+11 2.19300e+11 142.664000 11.870000 74.170000  1 0.3600 132.000000 58.87614 6.51310 32.58325 17.710 -17.430 -4.250 -4.448e+10 -3.691e+10 -4.882e+09 0.02622 461284 461284 679266 816 48 461243 461308 11.8699 219260000000 219260000000 209730000000 209730000000 76264000000 12.0079 4.34 0.02082 0.74717 0.32539 18.653 -15.1291 -7.99826 0.53371 0.15981 16.0266 -12.0552 6.81432 0.2393 295400000000 95330000000
 0.5900   323453 0.6000   332622      1       -1       -1       -1  0 2.19300e+11 2.19300e+11 143.071000 14.282000 66.990000  1 0.3600 127.430000 58.86595 6.52744 32.56344 20.370 -16.640 -0.830 -4.648e+10 -3.139e+10 -3.559e+09 0.02445 461285 461285 679266 5333 47 461243 461308 14.2815 219260000000 219260000000 209730000000 162060000000 19066000000 11.1365 0 0.02031 0.83188 0.26918 -22.1759 23.8582 1.43527 0.40219 0.13645 -18.6763 23.6744 -12.8673 0.2196 251000000000 123900000000
 0.5800   314214 0.5900   323453      1       -1       -1       -1  0 2.19300e+11 2.19300e+11 143.473000 16.860000 62.810000  1 0.3600 123.940000 58.85979 6.53227 32.56402 18.560 -17.080 -3.170 -4.834e+10 -2.973e+10 -1.989e+09 0.02353 461286 461286 679266 5338 46 461243 461308 16.8596 219260000000 219260000000 209730000000 162060000000 0 10.204 3.11 0.02067 0.66312 0.02811 28.2659 -29.1086 5.203 0.12297 0.02016 8.09952 -23.1063 25.6128 0.2177 226400000000 123900000000
 0.5700   304978 0.5800   314214      1       -1       -1       -1  0 2.12933e+11 2.19300e+11 143.868000 22.420000 53.850000  1 0.3600 118.380000 58.85353 6.53720 32.56460 19.060 -19.060 -2.630 -4.969e+10 -2.881e+10 -1.406e+09 0.02331 461287 461287 679266 5324 45 461243 461308 22.42 219260000000 219260000000 200190000000 104860000000 0 9.15201 3.52 0.02107 0.57349 0.13862 31.3435 -26.6139 -1.49237 0.86808 0.46104 26.7571 -22.9753 -19.6303 0.1812 220800000000 143000000000
 0.5600   295721 0.5700   304978      1       -1       -1       -1  0 2.12933e+11 2.00200e+11 139.948000 20.511000 47.120000  1 0.3600 116.960000 58.84718 6.54223 32.56518 17.520 -18.550 -2.430 -5.111e+10 -4.343e+10 6.887e+09 0.03167 461288 461288 679266 5338 44 461243 461308 20.5106 200190000000 209730000000 200190000000 85797000000 0 19.9369 0 0.02899 0.93134 0.146 32.4953 -23.5152 -1.86856 0.13384 0 25.2987 -14.6856 -1.65299 0.1521 209700000000 104900000000
 0.5500   286462 0.5600   295721      1       -1       -1       -1  0 2.12933e+11 2.09700e+11 142.512000 29.527000 44.780000  1 0.3600 113.390000 58.84072 6.54737 32.56575 17.770 -18.140 -1.740 -4.216e+10 -4.760e+10 -1.274e+08 0.02713 461289 461289 679266 5319 43 461243 461308 29.5269 209730000000 209730000000 190660000000 47665000000 0 14.2551 1.7 0.0255 0.86793 0.16821 22.5946 -15.266 34.4513 0.51608 0 19.2771 -15.6137 18.884 0.1426 192000000000 190700000000
 0.5400   277238 0.5500   286462      1       -1       -1       -1  0 2.12933e+11 2.09700e+11 142.883000 32.696000 44.520000  1 0.3600 112.880000 58.82735 6.55199 32.55937 17.240 -16.710 -1.440 -3.301e+10 -3.622e+10 -1.872e+09 0.02025 461290 461290 679266 5357 42 461243 461308 32.6956 209730000000 209730000000 190660000000 38132000000 0 22.6296 0 0.01982 0.63154 0.56713 42.5675 -14.1145 57.5981 0.16823 0.10729 32.8983 -17.435 32.1683 0.1463 194400000000 200200000000
 0.5300   267994 0.5400   277238      1       -1       -1       -1  0 2.12933e+11 2.09700e+11 143.246000 44.297000 45.070000  1 0.3600 110.590000 58.82046 6.55784 32.55938 17.350 -16.290 -1.050 -3.193e+10 -3.802e+10 -2.340e+09 0.02032 461291 461291 679266 5358 41 461243 461308 44.2972 209730000000 209730000000 152530000000 0 0 23.1059 0 0.02025 0.18154 0.00392 16.1191 -2.90577 91.6916 0 0 0 0 0 0.1508 183100000000 209700000000
 0.5200   258759 0.5300   267994      1       -1       -1       -1  0 2.12933e+11 1.90700e+11 139.112000 40.883000 46.780000  1 0.3600 108.430000 58.81350 6.56383 32.55941 17.550 -15.180 0.780 -2.621e+10 -4.540e+10 -7.336e+08 0.02477 461292 461292 679266 4203 40 461243 461308 40.8833 190660000000 190660000000 152530000000 28599000000 0 21.8669 0 0.02524 0.5085 0.03806 68.2109 56.7037 6.03845 0 0 -4.17709 11.5418 21.9345 0.1687 172200000000 209700000000
 0.5100   249471 0.5200   258759      1       -1       -1       -1  0 2.12933e+11 1.81100e+11 137.086000 55.014000 45.610000  1 0.3600 105.750000 58.80645 6.56995 32.55946 12.290 -15.250 -1.000 -2.893e+10 -2.430e+10 9.410e+08 0.01976 461293 461293 679266 4160 39 461243 461308 55.0136 181130000000 181130000000 142990000000 28599000000 19066000000 30.0278 3.78 0.01999 0.02352 0 14.3237 -9.36249 24.3815 0.82684 0 -2.8649 -9.374 13.783 0.159 169200000000 228800000000
 0.5000   240298 0.5100   249471      1       -1       -1       -1  0 2.12933e+11 1.81100e+11 137.411000 55.905000 45.530000  1 0.3600 106.640000 58.79932 6.57621 32.55952 12.290 -17.210 1.220 -3.063e+10 7.139e+09 4.937e+08 0.01680 461294 461294 679266 4188 38 461243 461308 55.9051 181130000000 181130000000 152530000000 38132000000 0 33.5441 2.81 0.01678 0.15221 0.02357 36.7965 -13.8904 36.784 0.68008 0.00618 17.9956 -21.149 14.2561 0.1492 163100000000 228800000000
 0.4900   231113 0.5000   240298      1       -1       -1       -1  0 2.12933e+11 1.81100e+11 137.729000 42.805000 46.360000  1 0.3600 108.970000 58.79210 6.58260 32.55961 10.930 -14.770 -0.840 -1.799e+10 2.213e+10 -5.125e+09 0.01578 461295 461295 679266 5279 37 461243 461308 42.8047 181130000000 181130000000 123930000000 9533000000 0 32.3853 0 0.0156 0.25828 0.01423 20.4864 -3.65262 50.3453 0 0 0 0 0 0.1458 156600000000 209700000000
 0.4800   221960 0.4900   231113      1       -1       -1       -1  0 2.12933e+11 1.71600e+11 135.574000 35.755000 44.530000  1 0.3600 109.490000 58.78477 6.58913 32.55971 12.050 -13.210 -0.200 -2.258e+10 2.508e+10 -2.077e+10 0.02457 461296 461296 679266 5291 36 461243 461308 35.7554 171590000000 171590000000 152530000000 28599000000 0 34.9738 0 0.02356 0.03873 0.01165 1.51603 -18.2811 72.8542 0.59139 0.52146 -11.4615 -11.0957 24.9713 0.1285 153300000000 181100000000
 0.4700   212822 0.4800   221960      1       -1       -1       -1  0 2.12933e+11 1.71600e+11 135.872000 31.615000 45.600000  1 0.3600 112.010000 58.77732 6.59581 32.55982 13.580 -11.260 0.290 -2.620e+10 3.035e+10 -3.940e+10 0.03629 461297 461297 679266 5285 35 461243 461308 31.6153 171590000000 171590000000 162060000000 57198000000 0 32.8666 0 0.03374 0.65727 0.21254 22.9612 -22.9831 38.9954 0 0 4.04358 -15.9445 58.4641 0.1235 151800000000 162100000000
 0.4600   203699 0.4700   212822      1       -1       -1       -1  0 2.12933e+11 1.62100e+11 133.592000 12.818000 51.480000  1 0.3600 129.550000 58.79856 6.60029 32.57003 14.080 -12.810 1.320 -2.733e+10 3.703e+10 -3.100e+10 0.04392 461298 461298 679266 4134 34 461243 461308 12.8182 162060000000 162060000000 152530000000 152530000000 0 11.5185 0 0.03699 0.49579 0.23993 31.4169 -21.4463 21.9679 0.47813 0.03424 27.8259 -22.6537 25.1591 0.1327 196200000000 57200000000
 0.4500   194650 0.4600   203699      1       -1       -1       -1  0 2.12933e+11 1.81100e+11 138.925000 13.271000 52.130000  1 0.3600 135.920000 58.79309 6.60466 32.57647 13.530 -12.560 -0.670 -1.609e+10 1.616e+10 -2.835e+10 0.02438 461299 461299 679266 4110 33 461243 461308 13.2713 181130000000 181130000000 162060000000 152530000000 0 7.05402 0 0.02035 0.25757 0.06507 29.2913 -21.135 22.3014 0.18848 0.05301 -16.5295 22.9672 -14.7663 0.1242 206800000000 66730000000
 0.4400   185583 0.4500   194650      1       -1       -1       -1  0 2.12933e+11 2.00200e+11 143.926000 24.832000 49.110000  1 0.3600 126.580000 58.75160 6.61874 32.56681 13.220 -12.970 0.150 -2.438e+10 1.944e+10 -2.348e+10 0.02158 461300 461300 679266 5156 32 461243 461308 24.8315 200190000000 200190000000 181130000000 104860000000 0 28.6999 0 0.01867 0.54731 0.1264 42.3584 0.00737 16.8368 0.25929 0.0248 42.7144 9.25945 -0.01294 0.1102 189700000000 143000000000
 0.4300   176563 0.4400   185583      1       -1       -1       -1  0 2.12933e+11 2.00200e+11 144.206000 19.443000 50.390000  1 0.3600 133.520000 58.74224 6.62629 32.55948 10.890 -12.100 -2.050 -1.404e+10 1.923e+10 -3.585e+10 0.02418 461301 461301 679266 3982 31 461243 461308 19.4427 200190000000 200190000000 200190000000 104860000000 19066000000 24.2172 0 0.0208 0.28994 0.06613 26.728 1.74094 18.4399 0.26205 0.09315 13.3488 0.84855 13.9723 0.1121 209900000000 104900000000
 0.4200   167596 0.4300   176563      1       -1       -1       -1  0 2.12933e+11 2.00200e+11 144.477000 17.053000 53.920000  1 0.3600 138.560000 58.75388 6.63719 32.57288 12.180 -10.190 -0.440 -1.382e+10 1.315e+10 -3.659e+10 0.02525 461302 461302 679266 3998 30 461243 461308 17.0534 200190000000 200190000000 200190000000 162060000000 9533000000 16.1294 0 0.02016 0.64332 0.23504 24.0112 17.0194 21.7411 0.15838 0.00328 29.6023 21.467 22.1555 0.108 220300000000 123900000000
 0.4100   158716 0.4200   167596      1       -1       -1       -1  0 2.12933e+11 1.90700e+11 142.405000 8.902000 62.340000  1 0.3600 160.240000 58.74839 6.62860 32.59640 12.840 -11.560 1.460 -1.976e+10 6.404e+09 -3.420e+10 0.02838 461303 461303 679266 3877 29 461243 461308 8.90232 190660000000 190660000000 190660000000 162060000000 9533000000 15.886 0 0.02144 0.8438 0.37092 11.9361 -3.47221 26.5285 0.74226 0.36206 9.62183 -17.8807 19.5666 0.1299 273000000000 28600000000
 0.4000   149917 0.4100   158716      1       -1       -1       -1  0 2.12933e+11 2.19300e+11 149.457000 11.037000 60.380000  1 0.3600 162.660000 58.74168 6.65131 32.57323 9.600 -10.930 0.670 -3.165e+10 1.422e+10 -1.368e+10 0.02104 461304 461304 679266 4996 28 461243 461308 11.0369 219260000000 219260000000 190660000000 162060000000 104860000000 6.42712 0 0.01602 0.70283 0.43699 19.098 8.11508 9.77135 0.71812 0.37356 20.1835 6.24253 6.74049 0.1161 251000000000 85800000000
 0.3900   141229 0.4000   149917      1       -1       -1       -1  0 2.12933e+11 2.19300e+11 149.709000 24.524000 52.470000  1 0.3600 139.120000 58.72596 6.64739 32.59221 10.230 -10.060 3.970 -2.376e+10 2.334e+10 -1.257e+10 0.01827 461305 461305 679266 5867 27 461243 461308 24.5244 219260000000 200190000000 200190000000 162060000000 28599000000 18.3436 3.87 0.01547 0.5462 0.33561 26.8548 -12.4116 24.9798 0.17143 0.04983 24.4919 -13.0209 28.6531 0.113 193200000000 162100000000
 0.3800   132748 0.3900   141229      1       -1       -1       -1  0 2.00200e+11 2.00200e+11 145.473000 22.966000 46.480000  1 0.3600 137.470000 58.72912 6.66564 32.57336 6.060 -10.320 -1.020 -2.831e+10 -9.219e+09 -8.398e+09 0.01778 461306 461306 679266 5769 26 461243 461308 22.966 200190000000 200190000000 200190000000 123930000000 0 9.0764 0 0.01584 0.92 0.37755 18.2981 -20.4055 39.1753 0.35255 0 8.9788 36.6987 -24.4368 0.1055 199800000000 123900000000
 0.3700   124243 0.3800   132748      1       -1       -1       -1  0 1.74767e+11 1.81100e+11 140.919000 36.666000 44.160000  1 0.3600 125.840000 58.72271 6.67287 32.57333 7.120 -7.190 -0.790 -2.516e+10 -8.292e+09 -3.036e+09 0.01764 461307 461307 679266 4676 25 461243 461308 36.6658 181130000000 181130000000 181130000000 66731000000 0 6.47941 0 0.01633 0.49444 0.38392 13.6983 32.6129 -28.0723 0.5739 0.02454 -12.0072 20.135 3.22798 0.1086 177700000000 181100000000
 0.3600   115766 0.3700   124243      0       -1       -1       -1  0 1.43000e+11 1.43000e+11 130.435000 28.813000 39.890000  1 0.3600 119.980000 58.71620 6.68015 32.57324 2.940 -5.880 -6.880 -1.414e+10 -4.021e+09 -1.159e+09 0.01496 461308 461308 679266 5569 24 461243 461308 28.8126 142990000000 133460000000 133460000000 76264000000 0 27.6062 1.79 0.01357 0.39416 0.08326 17.2909 -6.55922 31.1006 0.06359 0.0158 19.3121 -9.8387 32.7929 0.0896 146800000000 123900000000
