 1.0000   678499 0.0000       -1      1   678506   678506       -1  0 3.43200e+11 3.43200e+11 143.234000 4.594000 132.280000  1 0.2400 166.620000 50.76833 33.32320 21.48274 355.370 62.340 -202.610 -1.996e+11 1.630e+11 4.485e+10 0.04275 362779 362779 678499 4014 88 362778 362855 4.59382 1010500000000 1010500000000 428980000000 295520000000 190660000000 18.2088 7.5 0.03706 0.52033 0.45794 -5.97331 6.1023 14.0649 0.46934 0.3997 -5.13002 5.60648 13.731 0.5548 674900000000 162100000000
 0.9900   670353 1.0000   678499      1   670360   670360   678506  0 3.65433e+11 3.81300e+11 148.979000 5.764000 138.240000  1 0.2400 163.400000 50.72633 33.31266 21.49927 366.520 82.410 -205.460 -5.276e+11 9.492e+10 3.326e+11 0.07574 362780 362780 678499 3993 87 362778 362855 5.76439 724510000000 810300000000 400390000000 305060000000 190660000000 22.2632 10.33 0.07522 0.68087 0.41174 1.35434 6.79112 13.122 0.63162 0.38891 1.44189 5.76692 11.6906 0.6255 691600000000 162100000000
 0.9800   661960 0.9900   670353      1   661967   661967   670360  0 3.59067e+11 3.71800e+11 148.346000 5.308000 134.820000  1 0.2400 166.420000 50.69064 33.30919 21.53257 369.750 102.150 -235.050 -3.516e+11 2.126e+11 2.421e+11 0.06657 362781 362781 678499 4022 86 362778 362855 5.30794 819840000000 819840000000 467120000000 266920000000 219260000000 15.9339 6.5 0.05949 0.83581 0.62059 1.98819 6.22898 11.6348 0.66251 0.57828 2.28894 5.80189 10.8152 0.5663 742400000000 181100000000
 0.9700   653606 0.9800   661960      1   653613   653613   661967  0 3.52733e+11 3.24100e+11 142.305000 5.203000 125.980000  1 0.2400 158.420000 50.65105 33.30020 21.56109 378.160 112.750 -252.470 -2.547e+10 2.958e+09 1.656e+10 0.00613 362782 362782 678499 6975 85 362778 362855 5.20274 781710000000 781710000000 457580000000 285990000000 219260000000 15.5175 6.91 0.0048 0.67459 0.58 13.4859 5.60378 3.71805 0.73356 0.68691 9.44874 4.23719 7.03504 0.4865 664700000000 152500000000
 0.9600   645279 0.9700   653606      1   645285   645285   653613  0 3.36833e+11 3.62300e+11 148.292000 6.134000 128.730000  1 0.2400 158.910000 50.60523 33.28645 21.59114 381.900 171.980 -248.370 -3.466e+11 -3.386e+11 3.449e+11 0.08712 362783 362783 678499 4038 84 362778 362855 6.13414 829370000000 829370000000 409920000000 305060000000 190660000000 14.3193 39.95 0.07794 0.79957 0.65976 14.9919 -0.87551 -0.50087 0.81782 0.64994 12.4923 -3.00574 0.24415 0.5659 652400000000 143000000000
 0.9500   636964 0.9600   645279      1   636969   636969   645285  0 3.33667e+11 3.24100e+11 143.484000 6.077000 117.990000  1 0.2400 152.540000 50.56149 33.27358 21.62751 384.910 162.850 -295.580 -2.191e+11 -2.234e+11 1.281e+11 0.06594 362784 362784 678499 4059 83 362778 362855 6.07723 714970000000 714970000000 438520000000 305060000000 181130000000 14.4772 5.48 0.05351 0.63466 0.30194 -9.7186 3.73003 8.77483 0.66498 0.35597 8.60283 -2.60087 -6.98425 0.4684 541700000000 143000000000
 0.9400   628665 0.9500   636964      1   628670   628670   636969  0 3.20933e+11 3.14600e+11 142.645000 6.459000 113.040000  1 0.2400 148.590000 50.51382 33.25718 21.66727 378.770 192.270 -310.810 -1.338e+11 -2.205e+11 1.748e+11 0.06405 362785 362785 678499 4074 82 362778 362855 6.45854 714970000000 714970000000 438520000000 266920000000 162060000000 16.6179 3.55 0.052 0.39273 0.34348 10.9794 -6.96889 -10.6703 0.48454 0.33568 9.50996 -5.29536 -7.71595 0.4498 504500000000 133500000000
 0.9300   620346 0.9400   628665      1   620351   620351   628670  0 3.20933e+11 3.24100e+11 144.658000 5.567000 109.810000  1 0.2400 157.990000 50.47701 33.23161 21.70359 368.750 230.850 -329.030 -1.177e+11 -1.901e+11 2.045e+11 0.06066 362786 362786 678499 4077 81 362778 362855 5.56739 753110000000 753110000000 400390000000 247860000000 162060000000 19.0836 3 0.04827 0.53893 0.44045 -9.55849 7.89001 14.1817 0.6054 0.42416 -8.74187 6.51233 10.9287 0.4203 564300000000 143000000000
 0.9200   611998 0.9300   620346      1   612003   612003   620351  0 3.24100e+11 3.24100e+11 145.244000 5.832000 105.120000  1 0.2400 156.530000 50.43205 33.20437 21.74699 361.120 267.780 -341.470 -1.022e+11 -1.844e+11 2.066e+11 0.05795 362787 362787 678499 4066 80 362778 362855 5.83171 734040000000 734040000000 438520000000 257390000000 142990000000 21.5266 2.56 0.04719 0.77727 0.51165 5.48328 9.35771 14.313 0.56136 0.33742 11.1704 5.78127 7.23829 0.4086 547900000000 133500000000
 0.9100   603634 0.9200   611998      1   603639   603639   612003  0 3.17767e+11 3.24100e+11 145.828000 5.951000 105.560000  1 0.2400 156.320000 50.38839 33.16503 21.78726 349.860 302.300 -346.990 -7.546e+10 -1.852e+11 1.990e+11 0.05694 362788 362788 678499 4090 79 362778 362855 5.95061 886570000000 886570000000 390850000000 257390000000 171590000000 18.8548 0 0.04525 0.87326 0.7508 5.08372 7.88995 15.2595 0.77962 0.51454 8.35668 11.7003 -4.69626 0.3966 513400000000 123900000000
 0.9000   595261 0.9100   603634      1   595266   595266   603639  0 3.11433e+11 3.05100e+11 143.482000 6.417000 105.760000  1 0.2400 149.630000 50.33811 33.11683 21.81984 335.900 337.780 -348.040 -1.004e+11 -1.132e+11 3.331e+11 0.08270 362789 362789 678499 4088 78 362778 362855 6.41736 991430000000 991430000000 409920000000 266920000000 181130000000 8.5838 5.9 0.06515 0.67688 0.49118 6.70287 10.4572 16.9416 0.80744 0.39081 7.93908 13.0257 8.74868 0.4005 532600000000 114400000000
 0.8900   586855 0.9000   595261      1   586860   586860   595266  0 3.08267e+11 3.05100e+11 144.052000 6.537000 105.840000  1 0.2400 149.540000 50.29269 33.06888 21.86555 320.090 370.750 -340.940 -8.629e+10 -1.093e+11 3.324e+11 0.08374 362790 362790 678499 4121 77 362778 362855 6.53748 962830000000 962830000000 695910000000 305060000000 190660000000 8.2258 6.1 0.06441 0.77243 0.54846 4.52957 6.42967 12.5936 0.66626 0.24844 4.63613 10.7501 -2.25458 0.3884 535600000000 104900000000
 0.8800   578474 0.8900   586855      1   578479   578479   586860  0 3.11433e+11 3.14600e+11 146.110000 6.767000 107.060000  1 0.2400 150.750000 50.24508 33.02425 21.90694 310.040 398.890 -326.700 -9.387e+10 -1.038e+11 3.362e+11 0.07888 362791 362791 678499 54 76 362778 362855 6.76655 886570000000 886570000000 552910000000 314590000000 200190000000 3.48752 0 0.06206 0.76853 0.73285 7.50098 5.04509 12.9758 0.84664 0.62272 12.8223 2.03913 3.59963 0.3977 518600000000 123900000000
 0.8700   570016 0.8800   578474      1   570021   570021   578479  0 3.20967e+11 3.14600e+11 146.682000 4.811000 109.200000  1 0.2400 167.840000 50.20823 32.95430 21.95034 292.020 420.110 -306.670 -9.214e+10 -1.591e+11 2.964e+11 0.07953 362792 362792 678499 3130 75 362778 362855 4.8109 972370000000 972370000000 610110000000 285990000000 190660000000 11.291 8.37 0.05967 0.67525 0.33934 9.25579 8.19863 13.9942 0.67818 0.37306 11.19 8.01168 9.21163 0.3821 659500000000 143000000000
 0.8600   561557 0.8700   570016      1   561562   561562   570021  0 3.20967e+11 3.33700e+11 150.169000 3.975000 110.610000  1 0.2400 183.910000 50.16765 32.89361 21.99308 275.150 435.530 -293.890 -1.359e+11 -6.595e+10 1.893e+11 0.05137 362793 362793 678499 4161 74 362778 362855 3.97528 857970000000 857970000000 524310000000 285990000000 190660000000 10.8682 0 0.0377 0.75241 0.43736 4.51499 0.92489 17.1079 0.89424 0.51889 5.53577 2.59338 13.2558 0.3669 707000000000 152500000000
 0.8500   553121 0.8600   561557      1   553126   553126   561562  0 3.27333e+11 3.14600e+11 147.820000 6.251000 107.180000  1 0.2400 156.600000 50.11184 32.82206 22.02796 260.170 451.580 -271.980 -6.052e+09 1.481e+10 2.432e+11 0.05354 362794 362794 678499 4158 73 362778 362855 6.25136 857970000000 857970000000 533850000000 276460000000 171590000000 15.7586 0 0.04202 0.65095 0.38635 9.61258 0.40371 12.4836 0.54368 0.272 11.4865 0.24103 8.26736 0.391 518500000000 143000000000
 0.8400   544609 0.8500   553121      1       -1       -1   553126  0 3.97200e+11 3.33700e+11 151.324000 7.377000 95.550000  1 0.2400 153.860000 50.08125 32.75647 22.07594 241.750 455.090 -249.460 -8.590e+10 1.484e+10 1.443e+11 0.03525 362795 362795 678499 4190 72 362778 362855 7.37717 762640000000 762640000000 486180000000 285990000000 171590000000 10.9895 1.4 0.02645 0.7829 0.60017 9.69959 7.10843 -5.72714 0.65305 0.54928 9.82747 5.15126 -1.66555 0.309 496000000000 133500000000
 0.8300   536094 0.8400   544609      1       -1       -1       -1  0 3.97200e+11 3.33700e+11 151.899000 9.262000 90.890000  1 0.2400 145.220000 50.04208 32.68730 22.11401 224.120 457.590 -226.060 -7.035e+10 8.720e+09 1.572e+11 0.03546 362796 362796 678499 4203 71 362778 362855 9.26177 657780000000 657780000000 400390000000 285990000000 181130000000 9.80905 0 0.02716 0.78813 0.43883 17.3004 13.9313 -2.06806 0.63471 0.40755 16.2272 11.7911 3.61322 0.2941 469600000000 123900000000
 0.8200   527497 0.8300   536094      1       -1       -1       -1  0 3.97200e+11 3.33700e+11 152.470000 8.627000 94.530000  1 0.2400 148.810000 50.00975 32.61969 22.14552 204.700 459.400 -207.440 -1.304e+11 -3.967e+10 1.829e+11 0.04745 362797 362797 678499 3176 70 362778 362855 8.62726 495720000000 562450000000 352720000000 238320000000 152530000000 7.24082 0 0.03609 0.52937 0.39631 18.8674 11.9039 7.00642 0.47049 0.36351 17.9074 9.2374 7.39649 0.3042 454000000000 143000000000
 0.8100   518854 0.8200   527497      1       -1       -1       -1  0 3.97200e+11 3.33700e+11 153.040000 7.669000 94.280000  1 0.2400 154.590000 49.96608 32.53933 22.17475 190.180 453.980 -187.520 -1.278e+11 -5.580e+10 1.343e+11 0.04149 362798 362798 678499 4239 69 362778 362855 7.6686 390850000000 467120000000 295520000000 238320000000 190660000000 13.1838 0 0.03076 0.73361 0.45441 13.6548 8.97457 10.4885 0.69747 0.4722 11.3588 7.79301 9.91239 0.2901 530000000000 123900000000
 0.8000   510178 0.8100   518854      1       -1       -1       -1  0 3.97200e+11 3.24100e+11 152.129000 6.089000 101.920000  1 0.2400 164.170000 49.93288 32.46225 22.20204 174.200 450.720 -171.040 -7.508e+10 -4.847e+10 1.968e+11 0.05147 362799 362799 678499 3235 68 362778 362855 6.08857 333650000000 390850000000 305060000000 238320000000 181130000000 14.4542 0 0.03621 0.67962 0.41405 12.1572 7.94256 6.93982 0.60052 0.37272 11.6993 7.89551 5.01062 0.3021 559200000000 143000000000
 0.7900   501536 0.8000   510178      1       -1       -1       -1  0 3.97200e+11 3.43200e+11 155.624000 4.546000 107.380000  1 0.2400 185.220000 49.90567 32.38855 22.22996 161.950 446.150 -156.720 -2.096e+11 -5.572e+10 1.468e+11 0.05831 362800 362800 678499 4264 67 362778 362855 4.54601 371790000000 390850000000 295520000000 257390000000 181130000000 16.587 0 0.04006 0.83822 0.71133 8.75159 4.93373 7.75361 0.94417 0.63324 8.90504 6.57501 1.12382 0.3054 662800000000 143000000000
 0.7800   492891 0.7900   501536      1       -1       -1       -1  0 3.97200e+11 3.24100e+11 153.241000 6.524000 105.990000  1 0.2400 162.650000 49.88168 32.30655 22.26481 149.500 441.920 -144.220 -1.662e+11 -4.825e+10 1.828e+11 0.06016 362801 362801 678499 3247 66 362778 362855 6.52433 352720000000 438520000000 343190000000 257390000000 171590000000 11.0249 0 0.04254 0.81141 0.4752 9.5054 3.63993 11.9673 0.93406 0.44286 11.1616 3.33411 6.56168 0.3187 486900000000 133500000000
 0.7700   484215 0.7800   492891      1       -1       -1       -1  0 3.97200e+11 3.62300e+11 159.602000 8.528000 101.830000  1 0.2400 158.890000 49.85814 32.22509 22.28155 138.320 433.580 -133.980 -2.277e+11 1.062e+10 3.810e+10 0.04307 362802 362802 678499 4291 65 362778 362855 8.52771 400390000000 448050000000 324120000000 257390000000 209730000000 10.8586 4.7 0.0326 0.68475 0.41306 14.259 9.36851 8.70894 0.51483 0.29209 15.9599 8.36575 0.01721 0.3128 544500000000 143000000000
 0.7600   475516 0.7700   484215      1       -1       -1       -1  0 3.97200e+11 4.09900e+11 166.909000 9.902000 105.830000  1 0.2400 161.660000 49.83906 32.14675 22.30618 130.930 420.880 -126.960 -3.275e+11 4.087e+10 1.653e+11 0.05287 362803 362803 678499 4302 64 362778 362855 9.90179 428980000000 467120000000 333650000000 257390000000 200190000000 13.4297 4.22 0.04257 0.49361 0.33953 16.7215 11.9161 6.32785 0.49946 0.32763 15.5155 11.3032 1.52786 0.3349 551400000000 171600000000
 0.7500   466782 0.7600   475516      1       -1       -1       -1  0 3.97200e+11 4.00400e+11 166.189000 10.570000 105.900000  1 0.2400 158.210000 49.81419 32.06366 22.33226 121.580 416.430 -114.060 -3.573e+11 2.760e+10 1.185e+11 0.05767 362804 362804 678499 4306 63 362778 362855 10.5705 448050000000 457580000000 333650000000 257390000000 190660000000 11.4149 0 0.04549 0.52983 0.35065 13.6252 15.5142 1.659 0.47479 0.34881 12.2843 13.686 1.86127 0.3266 508700000000 181100000000
 0.7400   457981 0.7500   466782      1       -1       -1       -1  0 3.94033e+11 3.81300e+11 164.079000 7.296000 99.370000  1 0.2400 172.820000 49.78651 31.97178 22.34812 114.340 409.190 -105.870 -2.706e+11 2.135e+10 1.635e+11 0.05572 362805 362805 678499 4314 62 362778 362855 7.2963 428980000000 448050000000 362250000000 266920000000 142990000000 15.3565 0 0.04164 0.62307 0.38525 14.8143 10.2024 4.55504 0.40683 0.2756 15.1699 7.49357 5.62921 0.283 523100000000 133500000000
 0.7300   449150 0.7400   457981      1       -1       -1       -1  0 3.87667e+11 4.00400e+11 167.346000 11.728000 103.230000  1 0.2400 155.820000 49.76072 31.88552 22.36685 104.550 390.940 -102.700 -3.405e+11 2.758e+10 -2.787e+10 0.05083 362806 362806 678499 3662 61 362778 362855 11.7283 419450000000 428980000000 362250000000 285990000000 133460000000 22.1644 4.96 0.04173 0.60464 0.31855 21.6555 12.4383 6.83976 0.49221 0.29281 19.6751 10.1833 7.68531 0.3322 440100000000 133500000000
 0.7200   440308 0.7300   449150      1       -1       -1       -1  0 3.87667e+11 3.81300e+11 165.209000 13.623000 95.610000  1 0.2400 147.990000 49.73958 31.80029 22.38687 97.570 394.360 -90.660 -3.208e+11 -7.440e+10 2.551e+11 0.06889 362807 362807 678499 4408 60 362778 362855 13.6234 419450000000 438520000000 362250000000 305060000000 114400000000 18.2191 0 0.05531 0.59301 0.35377 20.055 18.3068 -2.31357 0.4815 0.12989 18.5947 19.1936 -8.45747 0.2943 438700000000 181100000000
 0.7100   431395 0.7200   440308      1       -1       -1       -1  0 3.87667e+11 3.81300e+11 165.767000 12.000000 97.730000  1 0.2400 153.650000 49.72583 31.71512 22.41438 92.150 386.380 -84.550 -3.400e+11 -3.561e+10 2.479e+11 0.07195 362808 362808 678499 3339 59 362778 362855 11.9997 390850000000 448050000000 371790000000 305060000000 171590000000 8.6145 0 0.05636 0.83581 0.35449 20.5282 15.5233 -3.1899 0.67793 0.33436 19.2288 16.3345 -4.53134 0.291 452400000000 171600000000
 0.7000   422422 0.7100   431395      1       -1       -1       -1  0 3.87667e+11 3.81300e+11 166.321000 9.362000 105.270000  1 0.2400 165.090000 49.70344 31.63159 22.43832 86.670 377.150 -79.530 -3.320e+11 -3.437e+10 2.481e+11 0.07470 362809 362809 678499 4843 58 362778 362855 9.36242 381320000000 390850000000 371790000000 305060000000 209730000000 5.20466 0 0.05581 0.81201 0.45203 16.4301 8.33117 8.52102 0.69447 0.39966 14.1858 8.77308 10.9602 0.3016 525800000000 133500000000
 0.6900   413425 0.7000   422422      1       -1       -1       -1  0 3.87667e+11 3.90800e+11 168.249000 7.577000 109.260000  1 0.2400 178.280000 49.68388 31.54546 22.45344 82.040 367.850 -75.210 -3.221e+11 -3.060e+10 2.487e+11 0.07413 362810 362810 678499 4456 57 362778 362855 7.57745 390850000000 390850000000 343190000000 276460000000 219260000000 9.5383 0 0.05285 0.80111 0.48253 11.7935 10.9264 -3.14977 0.77338 0.35769 10.7524 10.4536 -0.19724 0.2943 566900000000 162100000000
 0.6800   404421 0.6900   413425      1       -1       -1       -1  0 3.87667e+11 3.62300e+11 164.576000 5.994000 107.160000  1 0.2400 186.220000 49.67029 31.45645 22.47730 72.560 358.110 -73.480 -2.029e+11 -8.620e+10 2.341e+11 0.06863 362811 362811 678499 4871 56 362778 362855 5.99414 362250000000 390850000000 324120000000 295520000000 200190000000 3.30447 0 0.04754 0.56104 0.51705 17.7485 6.68773 -1.01626 0.5065 0.47779 15.8571 6.1217 2.95835 0.2806 559200000000 133500000000
 0.6700   395440 0.6800   404421      1       -1       -1       -1  0 3.87667e+11 3.43200e+11 162.157000 9.182000 93.530000  1 0.2400 161.870000 49.64840 31.36237 22.49462 68.030 348.770 -71.190 -1.080e+11 -4.292e+10 1.233e+11 0.03764 362812 362812 678499 4927 55 362778 362855 9.18158 343190000000 381320000000 333650000000 305060000000 181130000000 7.67075 0 0.02756 0.61934 0.40571 17.376 13.9056 -4.91825 0.72521 0.41563 14.6352 12.0044 -4.65365 0.2556 472500000000 123900000000
 0.6600   386501 0.6700   395440      1       -1       -1       -1  0 3.87667e+11 3.62300e+11 165.630000 11.133000 87.440000  1 0.2400 158.380000 49.63586 31.27826 22.50446 68.020 341.620 -67.350 -9.228e+10 -9.043e+10 2.063e+11 0.04848 362813 362813 678499 4875 54 362778 362855 11.1333 362250000000 390850000000 324120000000 276460000000 133460000000 9.65352 0 0.0364 0.58123 0.49737 21.1249 16.3421 0.70031 0.48127 0.3089 18.9631 18.1022 -3.50036 0.2313 452600000000 133500000000
 0.6500   377468 0.6600   386501      1       -1       -1       -1  0 3.87667e+11 3.81300e+11 169.015000 15.944000 86.260000  1 0.2400 149.200000 49.63861 31.20979 22.54306 62.830 333.500 -61.910 -1.157e+11 -7.003e+10 2.362e+11 0.04568 362814 362814 678499 3873 53 362778 362855 15.9438 381320000000 390850000000 333650000000 247860000000 152530000000 21.774 0 0.0376 0.41507 0.182 19.0946 20.6028 14.9165 0.20984 0.05149 15.0033 15.9721 18.583 0.2509 402600000000 200200000000
 0.6400   368387 0.6500   377468      1       -1       -1       -1  0 3.87667e+11 3.81300e+11 169.537000 8.313000 88.300000  1 0.2400 177.740000 49.61411 31.10714 22.54904 63.430 325.910 -59.340 -8.787e+10 -9.431e+10 2.172e+11 0.04658 362815 362815 678499 3873 52 362778 362855 8.31344 381320000000 400390000000 362250000000 257390000000 142990000000 9.43936 0 0.0351 0.47928 0.38859 11.9119 6.71265 -11.394 0.3429 0.29385 -9.02429 -4.7306 14.8118 0.2246 491300000000 143000000000
 0.6300   359273 0.6400   368387      1       -1       -1       -1  0 3.84500e+11 4.00400e+11 172.841000 17.066000 80.160000  1 0.2400 151.980000 49.59589 31.01735 22.56368 62.460 317.900 -59.170 -1.157e+11 -4.889e+10 1.823e+11 0.03602 362816 362816 678499 4959 51 362778 362855 17.0665 400390000000 400390000000 343190000000 257390000000 142990000000 5.22308 2.3 0.02855 0.47787 0.455 21.4792 12.5261 -16.9558 0.44812 0.39085 -18.8382 -8.58889 19.755 0.2015 398600000000 200200000000
 0.6200   350174 0.6300   359273      1       -1       -1       -1  0 3.81333e+11 3.71800e+11 169.130000 15.000000 80.390000  1 0.2400 152.960000 49.58265 30.92567 22.58231 60.860 310.130 -56.050 -4.697e+10 -2.446e+10 1.203e+11 0.02484 362817 362817 678499 4948 50 362778 362855 15.0002 371790000000 390850000000 343190000000 285990000000 162060000000 4.3911 0 0.01931 0.51348 0.34181 24.4565 11.9664 -16.6763 0.24153 0.06232 25.8 9.83366 -19.4845 0.1991 397000000000 171600000000
 0.6100   341049 0.6200   350174      1       -1       -1       -1  0 3.65433e+11 3.71800e+11 169.629000 14.905000 81.900000  1 0.2400 154.320000 49.57441 30.83442 22.60509 57.960 302.380 -55.820 -1.677e+10 -8.964e+10 1.706e+11 0.03749 362818 362818 678499 4953 49 362778 362855 14.9051 371790000000 371790000000 333650000000 276460000000 162060000000 8.93163 0 0.02861 0.63538 0.52469 23.84 19.1685 -7.85189 0.47845 0.34125 19.9445 15.3769 -14.9242 0.1958 408900000000 190700000000
 0.6000   331904 0.6100   341049      1       -1       -1       -1  0 3.59067e+11 3.52700e+11 167.162000 10.828000 91.720000  1 0.2400 164.740000 49.55117 30.73982 22.62241 58.830 294.380 -53.180 -1.520e+10 -4.544e+10 1.089e+11 0.02733 362819 362819 678499 531 48 362778 362855 10.8279 352720000000 362250000000 343190000000 285990000000 152530000000 12.8012 0 0.01934 0.67261 0.47036 16.449 9.97748 -5.00869 0.64069 0.37879 15.4468 9.71397 -5.68818 0.212 452500000000 143000000000
 0.5900   322733 0.6000   331904      1       -1       -1       -1  0 3.55900e+11 3.52700e+11 167.640000 8.097000 95.980000  1 0.2400 179.820000 49.52884 30.63759 22.63983 57.110 286.900 -50.880 -1.541e+10 -4.425e+10 1.065e+11 0.02779 362820 362820 678499 5034 47 362778 362855 8.09743 352720000000 352720000000 333650000000 285990000000 228790000000 10.0347 0 0.01904 0.62948 0.43383 17.8955 7.04284 -4.84898 0.68986 0.44251 13.9162 6.64985 -7.50565 0.2167 547100000000 123900000000
 0.5800   313493 0.5900   322733      1       -1       -1       -1  0 3.52733e+11 3.62300e+11 169.611000 8.667000 95.130000  1 0.2400 179.830000 49.50847 30.54813 22.65210 54.500 280.940 -48.300 -1.926e+10 -6.298e+10 1.559e+11 0.03843 362821 362821 678499 5047 46 362778 362855 8.66723 362250000000 362250000000 333650000000 295520000000 219260000000 2.69894 0 0.02668 0.57524 0.29861 20.6519 7.52453 -11.4046 0.63318 0.32397 -14.1824 -8.94162 13.9173 0.2154 530000000000 133500000000
 0.5700   304266 0.5800   313493      1       -1       -1       -1  0 3.46400e+11 3.43200e+11 167.041000 10.484000 85.520000  1 0.2400 168.180000 49.48796 30.44662 22.66992 56.300 274.250 -44.500 -9.400e+09 -5.181e+10 9.422e+10 0.02560 362822 362822 678499 5001 45 362778 362855 10.4841 343190000000 362250000000 333650000000 285990000000 190660000000 14.1586 0 0.01876 0.48598 0.39393 22.9604 14.1904 -19.4103 0.38432 0.10531 20.1811 15.0013 -19.4412 0.2023 441300000000 114400000000
 0.5600   295010 0.5700   304266      1       -1       -1       -1  0 3.36867e+11 3.33700e+11 165.927000 15.878000 77.300000  1 0.2400 151.260000 49.48447 30.35906 22.66768 50.920 272.230 -38.680 -4.590e+10 -5.533e+09 8.804e+10 0.02395 362823 362823 678499 5006 44 362778 362855 15.8779 333650000000 371790000000 305060000000 266920000000 123930000000 22.5389 0 0.01825 0.52114 0.48187 20.9378 12.2286 -11.8499 0.51389 0.34036 19.0713 11.8032 -9.06971 0.1839 361100000000 171600000000
 0.5500   285752 0.5600   295010      1       -1       -1       -1  0 3.30500e+11 3.33700e+11 166.367000 14.702000 78.330000  1 0.2400 155.250000 49.44300 30.24343 22.68599 49.280 266.620 -34.850 -4.010e+10 2.996e+10 4.833e+10 0.01678 362824 362824 678499 5011 43 362778 362855 14.7024 333650000000 343190000000 314590000000 257390000000 133460000000 8.58885 0 0.01287 0.43055 0.31474 26.5341 18.4461 -13.607 0.36525 0.12884 14.821 20.9237 -11.9495 0.1864 368900000000 171600000000
 0.5400   276533 0.5500   285752      1       -1       -1       -1  0 3.30500e+11 3.24100e+11 165.195000 15.102000 74.780000  1 0.2400 153.750000 49.43179 30.16370 22.69478 47.280 258.310 -32.940 -5.449e+10 4.104e+10 4.969e+10 0.02144 362825 362825 678499 5058 42 362778 362855 15.1019 324120000000 333650000000 305060000000 238320000000 133460000000 23.6184 0 0.01651 0.49725 0.26759 18.8919 14.3412 -12.309 0.40569 0.25297 6.84674 12.3995 -12.5591 0.1759 311100000000 152500000000
 0.5300   267294 0.5400   276533      1       -1       -1       -1  0 3.30500e+11 3.33700e+11 167.224000 18.629000 70.480000  1 0.2400 149.800000 49.38786 30.04414 22.72304 43.900 251.730 -29.930 -4.898e+10 4.189e+10 -1.600e+09 0.01562 362826 362826 678499 5037 41 362778 362855 18.6285 333650000000 333650000000 295520000000 247860000000 95330000000 13.8751 0 0.01212 0.44297 0.20371 27.5366 9.92188 -11.9962 0.16936 0.04888 39.8342 3.86369 -12.4386 0.1552 341100000000 200200000000
 0.5200   258065 0.5300   267294      1       -1       -1       -1  0 3.27333e+11 3.33700e+11 167.640000 16.215000 75.750000  1 0.2400 155.780000 49.36511 29.93281 22.73734 42.700 244.500 -28.150 -7.673e+10 2.796e+10 7.062e+10 0.02675 362827 362827 678499 3890 40 362778 362855 16.2149 333650000000 333650000000 285990000000 247860000000 133460000000 9.82739 1.04 0.02046 0.47893 0.29679 25.7666 12.0441 -14.2856 0.5236 0.28238 23.8558 6.8209 -12.6268 0.1672 338800000000 162100000000
 0.5100   248782 0.5200   258065      1       -1       -1       -1  0 3.24133e+11 3.14600e+11 164.783000 10.109000 74.110000  1 0.2400 172.430000 49.34750 29.82752 22.75410 39.750 238.090 -30.710 -7.367e+10 2.509e+10 5.626e+10 0.02713 362828 362828 678499 3836 39 362778 362855 10.1085 314590000000 324120000000 285990000000 247860000000 181130000000 10.0489 0 0.02024 0.56871 0.44128 20.506 12.4122 -16.9119 0.50394 0.36729 22.0472 13.261 -13.3811 0.1572 408100000000 66730000000
 0.5000   239613 0.5100   248782      1       -1       -1       -1  0 3.24100e+11 3.24100e+11 166.826000 15.727000 74.510000  1 0.2400 157.880000 49.34377 29.72645 22.76645 39.550 231.620 -25.750 -7.178e+10 -1.189e+10 4.226e+10 0.02200 362829 362829 678499 3877 38 362778 362855 15.7275 324120000000 324120000000 295520000000 238320000000 95330000000 6.05782 0 0.01702 0.42227 0.20218 27.825 15.5953 -9.90214 0.3155 0.1597 30.0435 15.596 -12.802 0.1638 367400000000 152500000000
 0.4900   230430 0.5000   239613      1       -1       -1       -1  0 3.24100e+11 3.24100e+11 167.212000 17.527000 72.760000  1 0.2400 155.580000 49.32856 29.60537 22.77222 37.550 225.160 -25.380 -8.904e+10 -3.199e+10 2.665e+10 0.02513 362830 362830 678499 4976 37 362778 362855 17.5269 324120000000 324120000000 305060000000 219260000000 76264000000 10.5075 0.53 0.02006 0.43166 0.20273 29.8177 -1.09745 -2.80027 0.11606 0.0613 27.5281 -6.23962 0.44733 0.1653 330000000000 181100000000
 0.4800   221275 0.4900   230430      1       -1       -1       -1  0 3.14567e+11 3.24100e+11 167.589000 19.511000 65.010000  1 0.2400 153.560000 49.30291 29.49880 22.78052 35.900 217.660 -24.360 -6.732e+10 -4.376e+10 3.380e+10 0.02227 362831 362831 678499 5001 36 362778 362855 19.5107 324120000000 324120000000 295520000000 228790000000 85797000000 11.0871 0.83 0.01795 0.47062 0.15288 36.6097 4.88915 -8.10455 0.44418 0.0757 36.6816 0.04341 -6.96884 0.1388 309900000000 190700000000
 0.4700   212139 0.4800   221275      1       -1       -1       -1  0 3.05033e+11 2.95500e+11 162.864000 21.054000 60.740000  1 0.2400 147.200000 49.28952 29.37329 22.79731 37.760 214.280 -25.130 -5.907e+10 -4.297e+10 3.025e+10 0.02400 362832 362832 678499 5006 35 362778 362855 21.0535 295520000000 295520000000 276460000000 209730000000 28599000000 8.07212 0 0.01918 0.59721 0.21568 39.972 19.3419 -13.0627 0.65759 0.10882 36.3182 23.7981 -14.8836 0.1229 289100000000 190700000000
 0.4600   203029 0.4700   212139      1       -1       -1       -1  0 3.05033e+11 2.95500e+11 163.212000 18.386000 64.520000  1 0.2400 152.820000 49.26465 29.27106 22.80751 36.590 208.540 -22.830 -4.785e+10 -2.449e+10 2.196e+10 0.01809 362833 362833 678499 3802 34 362778 362855 18.3855 295520000000 295520000000 276460000000 209730000000 95330000000 9.80891 0 0.01422 0.51599 0.24561 35.5941 14.4235 -14.61 0.77864 0.11259 -13.4868 -8.80056 18.7177 0.1281 298900000000 152500000000
 0.4500   193984 0.4600   203029      1       -1       -1       -1  0 3.05033e+11 2.95500e+11 163.550000 18.521000 68.960000  1 0.2400 154.180000 49.25240 29.15919 22.81593 37.150 199.730 -20.280 -2.251e+10 -1.966e+10 -4.490e+09 0.00956 362834 362834 678499 3783 33 362778 362855 18.5213 295520000000 295520000000 285990000000 200190000000 114400000000 3.60499 0.69 0.00748 0.33288 0.18614 23.6132 24.8475 -12.5874 0.33803 0.04014 13.5435 21.0526 -13.4122 0.1402 287300000000 162100000000
 0.4400   184925 0.4500   193984      1       -1       -1       -1  0 3.05033e+11 2.95500e+11 163.878000 20.445000 62.760000  1 0.2400 152.720000 49.22799 29.04318 22.82318 35.870 191.290 -19.520 -2.202e+10 -2.134e+10 -3.327e+09 0.00965 362835 362835 678499 4874 32 362778 362855 20.4454 295520000000 295520000000 285990000000 209730000000 9533000000 11.1205 0 0.00771 0.41399 0.16782 41.0294 32.3754 -4.66601 0.06576 0.03477 25.3699 52.276 -8.75942 0.1244 297400000000 181100000000
 0.4300   175908 0.4400   184925      1       -1       -1       -1  0 3.05033e+11 3.24100e+11 169.331000 25.886000 63.950000  1 0.2400 153.250000 49.23529 28.94935 22.83502 34.210 184.600 -17.010 1.465e+09 -3.604e+10 1.225e+10 0.01050 362836 362836 678499 3745 31 362778 362855 25.8857 324120000000 324120000000 276460000000 209730000000 104860000000 21.2454 0 0.00825 0.52158 0.29291 25.5974 18.1577 -2.02524 0.70027 0.23672 15.3202 15.7835 -5.97553 0.1159 276300000000 209700000000
 0.4200   166950 0.4300   175908      1       -1       -1       -1  0 3.05033e+11 2.95500e+11 164.506000 19.202000 62.910000  1 0.2400 158.130000 49.21402 28.83585 22.84374 31.000 175.540 -14.240 -2.695e+10 3.197e+10 2.672e+10 0.01616 362837 362837 678499 3730 30 362778 362855 19.2023 295520000000 295520000000 295520000000 219260000000 57198000000 16.1803 0 0.01267 0.21337 0.17034 30.4215 13.8439 0.15955 0.90389 0.7718 23.6534 31.3614 -10.4027 0.1147 292200000000 181100000000
 0.4100   158073 0.4200   166950      1       -1       -1       -1  0 2.98700e+11 2.95500e+11 164.804000 21.542000 62.610000  1 0.2400 156.330000 49.19908 28.73186 22.85312 29.320 167.910 -12.320 -1.661e+10 1.648e+10 4.147e+10 0.01562 362838 362838 678499 3687 29 362778 362855 21.5422 295520000000 295520000000 295520000000 228790000000 85797000000 13.6622 0 0.01229 0.54991 0.34394 31.465 22.6862 -9.36518 0.38299 0.2366 20.1164 21.6059 -16.2392 0.1134 278100000000 162100000000
 0.4000   149296 0.4100   158073      1       -1       -1       -1  0 2.95533e+11 3.05100e+11 166.849000 15.163000 64.010000  1 0.2400 172.690000 49.18233 28.63894 22.86970 28.650 163.220 -9.390 -1.335e+10 1.778e+10 4.662e+10 0.01675 362839 362839 678499 4758 28 362778 362855 15.163 314590000000 305060000000 285990000000 181130000000 104860000000 12.5382 1.67 0.01279 0.3282 0.18512 29.5211 18.6586 -12.091 0.52562 0.27855 20.74 5.59327 -6.26381 0.1093 264900000000 143000000000
 0.3900   140621 0.4000   149296      1       -1       -1       -1  0 2.79667e+11 2.86000e+11 163.574000 15.222000 61.680000  1 0.2400 170.090000 49.18418 28.53817 22.87621 24.510 153.700 -10.740 6.547e+09 3.005e+10 9.510e+10 0.03588 362840 362840 678499 4675 27 362778 362855 15.2225 285990000000 276460000000 247860000000 181130000000 76264000000 12.6668 0 0.0279 0.67538 0.37122 22.6684 8.05549 -9.01095 0.74973 0.12972 10.2952 14.7927 -12.2004 0.1054 298200000000 152500000000
 0.3800   132141 0.3900   140621      1       -1       -1       -1  0 2.63767e+11 2.47900e+11 156.207000 15.071000 58.800000  1 0.2400 162.800000 49.15293 28.42651 22.88370 26.580 146.770 -14.690 7.829e+09 9.071e+09 5.068e+10 0.02466 362841 362841 678499 4593 26 362778 362855 15.0712 247860000000 247860000000 247860000000 200190000000 19066000000 10.6834 0 0.01868 0.68238 0.12614 27.7336 11.625 -14.2458 0.6015 0.07406 26.196 13.6067 -14.4774 0.0977 273300000000 133500000000
 0.3700   123647 0.3800   132141      1       -1       -1       -1  0 2.57400e+11 2.57400e+11 158.430000 20.133000 54.250000  1 0.2400 157.500000 49.11724 28.33105 22.88942 23.950 142.560 -13.010 1.958e+10 -4.104e+08 6.488e+10 0.02868 362842 362842 678499 3527 25 362778 362855 20.1334 257390000000 247860000000 247860000000 171590000000 0 20.5554 1.08 0.02311 0.79971 0.22237 38.8777 5.48149 -12.1099 0.71402 0.0286 35.8248 20.6083 -10.6702 0.0934 236900000000 152500000000
 0.3600   115191 0.3700   123647      1       -1       -1       -1  0 2.57400e+11 2.57400e+11 158.666000 25.841000 48.280000  1 0.2400 152.540000 49.10758 28.22406 22.89663 25.480 138.760 -14.640 1.947e+10 -4.487e+09 6.292e+10 0.02718 362843 362843 678499 4458 24 362778 362855 25.8406 257390000000 247860000000 247860000000 162060000000 19066000000 11.8884 2.5 0.02281 0.80937 0.29011 38.398 22.4187 -6.67402 0.37727 0.01069 34.5059 34.4305 -7.41984 0.0831 234200000000 162100000000
 0.3500   106884 0.3600   115191      1       -1       -1       -1  0 2.47867e+11 2.57400e+11 158.892000 45.640000 48.110000  1 0.2400 143.960000 49.08978 28.09113 22.90531 22.530 133.940 -14.270 2.096e+10 -1.035e+10 8.884e+10 0.03770 362844 362844 678499 4339 23 362778 362855 45.6395 257390000000 247860000000 238320000000 133460000000 19066000000 15.25 1.13 0.03216 0.17646 0.0789 28.8288 14.8153 -7.49835 0.26481 0.05491 26.6454 12.8905 -3.83842 0.0809 215100000000 266900000000
 0.3400    98762 0.3500   106884      1       -1       -1       -1  0 2.25633e+11 2.28800e+11 152.982000 30.070000 45.810000  1 0.2400 146.440000 49.08269 27.97969 22.92289 18.080 126.600 -12.040 -5.479e+09 8.073e+08 4.802e+10 0.02568 362845 362845 678499 4242 22 362778 362855 30.0697 228790000000 228790000000 228790000000 152530000000 57198000000 16.1898 0 0.02088 0.31051 0.20485 17.751 35.4375 7.5424 0.50566 0.3676 19.8562 23.992 -0.88595 0.0653 199900000000 162100000000
 0.3300    90884 0.3400    98762      1       -1       -1       -1  0 2.09733e+11 1.90700e+11 144.147000 17.837000 47.790000  1 0.2400 151.270000 49.03216 27.85375 22.94181 18.070 121.830 -10.870 -4.724e+09 -1.044e+09 3.478e+10 0.02558 362846 362846 678499 4155 21 362778 362855 17.8371 190660000000 190660000000 190660000000 142990000000 0 24.918 0 0.02085 0.37854 0.13101 22.6428 47.3418 -7.19786 0.19025 0 40.5212 34.0434 -0.95104 0.0785 195300000000 114400000000
 0.3200    83132 0.3300    90884      1       -1       -1       -1  0 2.06533e+11 2.09700e+11 148.983000 9.440000 50.400000  1 0.2400 185.320000 49.04761 27.76776 22.94125 17.130 114.720 -12.630 -4.992e+09 -1.481e+09 1.600e+07 0.00365 362847 362847 678499 4039 20 362778 362855 9.44044 209730000000 190660000000 190660000000 162060000000 133460000000 17.3459 0 0.00268 0.55482 0.3289 31.2193 15.639 7.58646 0.545 0.19961 30.5702 17.7371 2.14707 0.0643 267100000000 38130000000
 0.3100    75629 0.3200    83132      1       -1       -1       -1  0 2.06533e+11 2.09700e+11 149.156000 11.336000 50.830000  1 0.2400 179.590000 49.03558 27.66696 22.96188 16.720 110.550 -8.940 -2.924e+09 1.065e+10 -3.162e+10 0.02357 362848 362848 678499 3912 19 362778 362855 11.3362 209730000000 209730000000 200190000000 181130000000 9533000000 15.3174 0 0.01748 0.71354 0.31617 39.1944 10.1024 0.08463 0.38346 0.08899 45.6047 11.3907 0.30609 0.0664 248700000000 38130000000
 0.3000    68357 0.3100    75629      1       -1       -1       -1  0 1.97000e+11 2.00200e+11 147.022000 15.253000 46.890000  1 0.2400 167.020000 49.00810 27.56711 22.98147 14.680 104.220 -8.610 -9.063e+08 7.013e+09 -2.407e+10 0.01897 362849 362849 678499 2949 18 362778 362855 15.2534 200190000000 200190000000 200190000000 171590000000 47665000000 12.4692 0 0.01438 0.96378 0.40454 15.4409 21.8495 0.67112 0.89625 0.35161 24.7282 6.1382 3.84951 0.0621 214400000000 95330000000
 0.2900    61346 0.3000    68357      1       -1       -1       -1  0 1.84300e+11 1.81100e+11 142.345000 18.239000 43.640000  1 0.2400 157.190000 48.98535 27.43169 22.97707 15.890 103.780 -9.240 1.238e+10 8.038e+09 -1.501e+10 0.01785 362850 362850 678499 2787 17 362778 362855 18.239 181130000000 171590000000 171590000000 133460000000 38132000000 23.1736 1.37 0.01449 0.58415 0.14683 11.4593 28.651 12.3736 0.44715 0.11692 9.33333 19.8419 17.0211 0.0655 169900000000 114400000000
 0.2800    54616 0.2900    61346      1       -1       -1       -1  0 1.71600e+11 1.71600e+11 139.939000 14.311000 38.350000  1 0.2400 164.580000 49.01306 27.35810 23.00492 12.010 92.220 -9.460 -6.892e+09 1.209e+10 3.970e+09 0.01315 362851 362851 678499 3387 16 362778 362855 14.311 171590000000 162060000000 133460000000 95330000000 9533000000 15.9729 3.47 0.01109 0.29873 0.12141 22.632 32.4105 -12.7992 0.13944 0.06352 24.6353 34.3397 -13.7044 0.0587 159100000000 85800000000
 0.2700    48229 0.2800    54616      1       -1       -1       -1  0 1.71600e+11 1.33500e+11 128.811000 24.246000 37.270000  1 0.2400 137.630000 48.94455 27.18964 23.00890 16.130 90.790 -9.370 5.400e+08 2.395e+09 -5.582e+09 0.00759 362852 362852 678499 3208 15 362778 362855 24.2462 133460000000 133460000000 133460000000 47665000000 0 39.6487 0 0.00723 0.29551 0.19843 48.1999 52.5337 7.67656 0.5595 0.14269 19.2225 8.04589 25.3139 0.0755 155100000000 85800000000
 0.2600    42169 0.2700    48229      1       -1       -1       -1  0 1.71600e+11 1.43000e+11 131.920000 24.930000 31.380000  1 0.2400 143.370000 48.97405 27.12835 23.02806 13.350 82.930 -4.840 5.021e+09 -3.238e+09 6.265e+09 0.01037 362853 362853 678499 2958 14 362778 362855 24.9299 142990000000 142990000000 142990000000 57198000000 0 26.0244 0 0.00932 0.17616 0.00507 31.3105 13.8931 -14.0117 0.27761 0 24.3557 33.9923 -12.7533 0.0432 132900000000 114400000000
 0.2500    36475 0.2600    42169      1       -1       -1       -1  0 1.71600e+11 1.52500e+11 134.896000 19.300000 33.970000  1 0.2400 156.310000 48.94699 27.02927 23.03388 12.850 75.750 -7.890 5.054e+09 2.838e+09 3.468e+09 0.00772 362854 362854 678499 2107 13 362778 362855 19.3004 152530000000 152530000000 152530000000 95330000000 0 14.4826 0 0.00666 0.09976 0.07601 45.4109 28.7644 -14.7417 0.35561 0.25845 31.9315 24.5887 -11.1752 0.0385 148500000000 95330000000
 0.2400    31117 0.2500    36475      0       -1       -1       -1  0 1.71600e+11 1.71600e+11 140.401000 13.713000 40.270000  1 0.2400 179.300000 48.89337 26.88296 23.04403 8.490 70.900 -8.200 9.251e+09 6.149e+09 -5.477e+09 0.01292 362855 362855 678499 2573 12 362778 362855 13.713 171590000000 171590000000 171590000000 123930000000 9533000000 20.0094 0 0.01023 0.4962 0.46271 25.3564 16.6362 -5.78561 0.82216 0.37518 -6.30189 18.452 11.0636 0.0422 161900000000 85800000000
