 1.0000   678534 0.0000       -1      1       -1       -1       -1  0 3.36833e+11 2.95500e+11 136.270000 19.890000 111.800000  1 0.7900 107.850000 61.91644 32.64974 14.00001 -60.640 194.800 -157.620 8.678e+10 -4.862e+11 -1.468e+11 0.06174 393501 393501 678534 4049 88 393500 393522 19.8902 381320000000 495720000000 305060000000 133460000000 85797000000 16.0786 14.93 0.09367 0.91802 0.36509 22.1588 -4.281 11.1768 0.44865 0.1537 22.1322 -0.5728 -0.70508 0.7563 344000000000 133500000000
 0.9900   670388 1.0000   678534      1       -1       -1       -1  0 3.36833e+11 3.33700e+11 142.493000 52.153000 119.430000  1 0.7900 101.360000 61.91169 32.63583 13.99181 -66.790 180.110 -165.250 1.862e+11 -5.216e+11 -1.802e+11 0.02740 393502 393502 678534 4037 87 393500 393522 52.1529 371790000000 428980000000 219260000000 114400000000 9533000000 28.5368 9.76 0.08675 0.06438 0.0524 32.7425 1.43519 21.6673 0.13274 0.03461 17.4243 1.69251 13.7163 0.9339 336600000000 381300000000
 0.9800   661996 0.9900   670388      1   661998   661998       -1  0 3.52733e+11 3.81300e+11 149.603000 40.983000 126.020000  1 0.7900 108.360000 61.98758 32.59364 14.02964 -100.390 181.600 -163.090 1.453e+11 -3.676e+11 -3.363e+11 0.02014 393503 393503 678534 4060 86 393500 393522 40.9827 667310000000 781710000000 343190000000 114400000000 0 13.5052 5.95 0.06206 0.1321 0.03995 48.4595 -13.4862 -9.65599 0.8987 0.45141 28.1116 -8.51741 -5.99081 0.9311 387100000000 400400000000
 0.9700   653642 0.9800   661996      1   653644   653644   661998  0 3.59067e+11 3.43200e+11 145.042000 29.283000 119.550000  1 0.7900 108.650000 61.95915 32.58570 14.05852 -119.430 183.390 -171.710 1.989e+11 -4.337e+11 -3.525e+11 0.04656 393504 393504 678534 7004 85 393500 393522 29.2834 448050000000 629180000000 324120000000 133460000000 57198000000 7.59736 6.79 0.08481 0.58463 0.20625 23.356 -0.48841 21.6609 0.86282 0.25712 13.6839 -2.58816 11.8291 0.8206 362700000000 286000000000
 0.9600   645315 0.9700   653642      1   645317   645317   653644  0 3.36833e+11 3.52700e+11 146.980000 36.911000 115.770000  1 0.7900 107.130000 61.97772 32.56111 14.07702 -140.390 182.180 -182.610 1.654e+11 -3.018e+11 -3.869e+11 0.03995 393505 393505 678534 4071 84 393500 393522 36.9106 648240000000 734040000000 324120000000 133460000000 47665000000 6.35761 6.88 0.07095 0.67116 0.22264 27.566 0.4926 23.1911 0.48204 0.03569 0.9466 8.3719 22.5034 0.7997 349700000000 352700000000
 0.9500   636999 0.9600   645315      1   637001   637001   645317  0 3.40000e+11 3.14600e+11 142.063000 32.863000 109.870000  1 0.7900 104.390000 61.99976 32.53571 14.09694 -164.060 181.230 -191.850 1.033e+11 -2.826e+11 -3.837e+11 0.04723 393506 393506 678534 4087 83 393500 393522 32.863 772170000000 772170000000 333650000000 104860000000 19066000000 15.9806 8.34 0.0811 0.86947 0.24823 25.0799 -0.55419 19.316 0.87639 0.13251 0.23861 9.98429 12.3759 0.7827 313600000000 276500000000
 0.9400   628699 0.9500   636999      1   628701   628701   637001  0 3.20933e+11 3.52700e+11 148.190000 55.052000 112.140000  1 0.7900 104.810000 62.04235 32.52095 14.11064 -193.670 179.460 -201.330 1.743e+11 -1.562e+11 -1.374e+11 0.01793 393507 393507 678534 4105 82 393500 393522 55.0523 1058200000000 1058200000000 362250000000 200190000000 0 14.1842 15.1 0.03742 0.80443 0.40464 33.6418 3.09642 -23.5558 0.69202 0.33765 19.8265 19.3416 4.87426 0.8386 369200000000 409900000000
 0.9300   620380 0.9400   628699      1   620382   620382   628701  0 2.79633e+11 2.95500e+11 140.272000 31.833000 112.730000  1 0.7900 103.150000 62.06916 32.49710 14.13490 -218.380 176.030 -214.770 8.730e+10 2.028e+11 -1.290e+11 0.01743 393508 393508 678534 4107 81 393500 393522 31.8333 1229800000000 1229800000000 1029600000000 171590000000 0 17.804 12.38 0.04752 0.67748 0.36446 -0.23858 -8.79055 38.0067 0.48762 0.00393 12.474 2.69462 31.3215 0.9079 364100000000 238300000000
 0.9200   612034 0.9300   620380      1   612036   612036   620382  0 2.25633e+11 1.90700e+11 121.698000 14.551000 82.710000  1 0.7900 99.290000 62.09927 32.47141 14.16691 -256.900 200.460 -233.540 -1.697e+11 -7.941e+10 -1.254e+11 0.07840 393509 393509 678534 4107 80 393500 393522 14.5513 1086800000000 1086800000000 1086800000000 123930000000 0 0.00105 8.96 0.08728 0.72694 0.46554 -4.14072 -11.6537 34.4079 0.39787 0.01618 9.46302 23.4485 13.2782 0.5234 243000000000 114400000000
 0.9100   603670 0.9200   612034      1   603672   603672   612036  0 2.00233e+11 1.90700e+11 122.187000 13.523000 80.310000  1 0.7900 101.240000 62.13185 32.44632 14.19664 -267.770 201.420 -250.320 -1.460e+11 -9.285e+10 -1.226e+11 0.07900 393510 393510 678534 4133 79 393500 393522 13.5229 1010500000000 1010500000000 1010500000000 171590000000 0 0.00184 0 0.08236 0.71693 0.52002 -12.2872 -17.3614 25.9884 0.23183 0 6.70492 29.6669 9.13982 0.472 241200000000 114400000000
 0.9000   595296 0.9100   603670      1   595298   595298   603672  0 2.16100e+11 2.19300e+11 128.526000 15.696000 88.620000  1 0.7900 104.300000 62.16569 32.40424 14.23496 -249.740 196.060 -279.910 -8.105e+10 -1.820e+11 1.356e+11 0.06752 393511 393511 678534 4139 78 393500 393522 15.6961 1134400000000 1134400000000 1134400000000 190660000000 19066000000 11.5588 19.94 0.07442 0.49148 0.17133 -16.3142 -0.09576 22.1489 0.35091 0.1622 -18.4587 0.48701 19.1425 0.5364 276200000000 133500000000
 0.8900   586891 0.9000   595296      1   586893   586893   595298  0 2.47867e+11 2.38300e+11 132.673000 15.423000 94.310000  1 0.7900 108.720000 62.20600 32.38173 14.26443 -268.080 192.360 -305.960 -1.982e+11 -2.568e+11 2.065e+10 0.07856 393512 393512 678534 4164 77 393500 393522 15.4229 1191600000000 1191600000000 1191600000000 238320000000 66731000000 8.47845 9.02 0.08765 0.45964 0.21817 -15.9347 -6.00091 26.7461 0.10723 0 -22.2507 -4.44747 30.6354 0.5457 277800000000 143000000000
 0.8800   578510 0.8900   586891      1   578512   578512   586893  0 2.66933e+11 2.86000e+11 141.541000 31.641000 97.760000  1 0.7900 104.030000 62.26202 32.36243 14.30623 -257.390 179.120 -326.850 -2.540e+11 -3.554e+11 -3.372e+11 0.08880 393513 393513 678534 102 76 393500 393522 31.6408 981900000000 981900000000 829370000000 276460000000 0 10.0957 7.83 0.11024 0.39759 0.1694 28.5532 15.4659 -26.0598 0.41444 0.07171 -13.9596 -15.0131 18.3024 0.5855 282900000000 257400000000
 0.8700   570051 0.8800   578510      1   570053   570053   578512  0 2.82833e+11 2.76500e+11 140.499000 15.846000 102.350000  1 0.7900 115.810000 62.27565 32.32960 14.36637 -255.250 185.790 -346.520 -2.009e+11 -4.181e+11 -8.258e+10 0.09120 393514 393514 678534 3179 75 393500 393522 15.8457 1086800000000 1086800000000 1086800000000 228790000000 85797000000 8.32083 9.14 0.09995 0.73486 0.63535 12.0971 -3.9224 15.1135 0.70952 0.40412 8.34015 -4.64006 14.3339 0.5468 307200000000 152500000000
 0.8600   561591 0.8700   570051      1   561593   561593   570053  0 2.86000e+11 2.86000e+11 142.647000 19.692000 103.270000  1 0.7900 112.960000 62.33828 32.30772 14.40140 -231.610 187.280 -349.650 -3.464e+11 -6.399e+11 -4.076e+11 0.13986 393515 393515 678534 4219 74 393500 393522 19.6917 838900000000 838900000000 457580000000 190660000000 0 7.51126 2.23 0.16787 0.68822 0.179 38.4409 8.22362 6.084 0.11219 0 -15.1508 -27.6746 33.9462 0.5903 306700000000 190700000000
 0.8500   553155 0.8600   561591      1   553157   553157   561593  0 2.82800e+11 2.95500e+11 144.771000 13.175000 108.630000  1 0.7900 125.130000 62.35352 32.26772 14.46906 -220.210 196.620 -364.360 -4.497e+11 -6.854e+11 -4.146e+11 0.16405 393516 393516 678534 4207 73 393500 393522 13.1751 724510000000 724510000000 419450000000 209730000000 85797000000 12.7209 4.85 0.17575 0.79237 0.49974 16.2484 -3.29705 18.4681 0.449 0.20064 12.2972 -6.23356 22.0328 0.554 338200000000 152500000000
 0.8400   544645 0.8500   553155      1   544647   544647   553157  0 2.85967e+11 2.66900e+11 140.477000 10.111000 110.610000  1 0.7900 128.570000 62.38499 32.24018 14.52708 -201.430 197.480 -371.250 -2.863e+11 -3.779e+11 -3.428e+11 0.13535 393517 393517 678534 4246 72 393500 393522 10.1107 676840000000 676840000000 333650000000 200190000000 104860000000 11.4504 0 0.13316 0.35489 0.26693 7.89962 1.17625 25.7124 0.15781 0.05536 9.06541 0.62035 22.3442 0.5358 345400000000 114400000000
 0.8300   536131 0.8400   544645      1   536133   536133   544647  0 2.79633e+11 2.95500e+11 145.876000 26.026000 112.710000  1 0.7900 110.650000 62.42405 32.27109 14.55588 -174.710 188.390 -363.080 -3.333e+11 -6.266e+11 -4.820e+11 0.08382 393518 393518 678534 4235 71 393500 393522 26.0256 524310000000 638710000000 371790000000 0 0 52.8934 0 0.16547 0.61194 0.18702 -36.3715 -30.2965 58.7875 0 0 0 0 0 0.8213 342400000000 209700000000
 0.8200   527534 0.8300   536131      1   527536   527536   536133  0 2.92367e+11 2.76500e+11 143.206000 10.935000 111.650000  1 0.7900 129.230000 62.44407 32.18357 14.64953 -162.660 190.800 -370.430 -2.762e+11 -3.867e+11 -3.629e+11 0.12696 393519 393519 678534 3211 70 393500 393522 10.9354 533850000000 571980000000 343190000000 257390000000 76264000000 9.01769 8.41 0.12942 0.60157 0.20176 -10.2504 -4.48333 26.5012 0.6454 0.15562 -6.87049 -3.66114 23.3764 0.5562 398400000000 114400000000
 0.8100   518892 0.8200   527534      1       -1       -1   527536  0 3.17800e+11 3.05100e+11 148.536000 19.228000 110.160000  1 0.7900 119.250000 62.48143 32.16811 14.67780 -136.520 177.870 -356.910 -3.809e+11 -4.697e+11 -4.883e+11 0.11417 393520 393520 678534 4271 69 393500 393522 19.2285 467120000000 533850000000 362250000000 181130000000 47665000000 17.8472 0 0.14339 0.22479 0.05852 -6.298 -15.1794 28.738 0.23951 0.0741 -2.83488 -13.0283 18.7275 0.6347 349400000000 162100000000
 0.8000   510216 0.8100   518892      1       -1       -1       -1  0 3.17800e+11 3.33700e+11 153.606000 14.993000 105.780000  1 0.7900 130.940000 62.47093 32.12905 14.76972 -124.670 172.570 -377.000 -2.764e+11 -8.262e+11 -1.991e+11 0.13067 393521 393521 678534 3269 68 393500 393522 14.993 486180000000 533850000000 371790000000 247860000000 0 7.3453 0 0.14262 0.7263 0.2488 -13.6941 -10.1743 29.142 0.75768 0.11088 -19.9015 20.1805 7.38891 0.529 375500000000 190700000000
 0.7900   501573 0.8000   510216      0       -1       -1       -1  0 3.14600e+11 3.14600e+11 151.175000 17.526000 95.330000  1 0.7900 124.270000 62.48951 32.09815 14.83357 -107.380 164.440 -368.100 -2.414e+11 -6.457e+11 -1.848e+11 0.12006 393522 393522 678534 4297 67 393500 393522 17.5263 457580000000 543380000000 352720000000 247860000000 0 5.25741 0 0.12619 0.78612 0.34311 -11.0501 -16.9933 26.0293 0.23828 0.06703 -11.809 31.8205 1.94365 0.4684 319100000000 181100000000
