 1.0000   675705 0.0000       -1      1   675704   675704       -1  0 3.43200e+11 3.43200e+11 143.234000 10.188000 121.720000  1 0.8600 132.720000 20.10153 15.45848 49.55045 -59.280 -103.890 150.970 -3.565e+11 -1.464e+10 -8.108e+10 0.05355 360011 360011 675705 1220 88 360010 360104 10.1877 1296500000000 1296500000000 857970000000 448050000000 152530000000 4.63084 11.34 0.05185 0.52115 0.25868 1.98212 -6.09316 29.0983 0.7594 0.26176 -0.28797 -8.85907 20.2551 0.5629 545800000000 133500000000
 0.9900   667537 1.0000   675705      1   667536   667536   675704  0 3.74967e+11 3.62300e+11 146.453000 9.397000 127.100000  1 0.8600 139.200000 20.10777 15.46815 49.53480 -56.680 -123.840 179.250 -3.292e+11 -5.753e+10 -1.827e+11 0.04935 360012 360012 675705 1246 87 360010 360104 9.39716 1458500000000 1458500000000 1229800000000 467120000000 142990000000 8.0762 4.74 0.04947 0.48159 0.32403 0.29138 -9.33075 28.7132 0.55376 0.23927 -0.66131 -10.1115 25.4055 0.5925 573200000000 143000000000
 0.9800   659191 0.9900   667537      1   659190   659190   667536  0 4.09933e+11 4.19400e+11 154.432000 9.460000 141.830000  1 0.8600 148.430000 20.11303 15.48196 49.51310 -43.880 -149.080 232.880 -2.342e+11 -2.079e+11 -2.886e+11 0.04180 360013 360013 675705 1229 86 360010 360104 9.45996 2011500000000 2011500000000 2011500000000 524310000000 238320000000 14.0083 10.78 0.04345 0.57866 0.3647 0.35673 -10.3203 21.8716 0.44071 0.24168 -0.90887 -12.4469 19.6585 0.6381 678600000000 162100000000
 0.9700   650876 0.9800   659191      1   650875   650875   659190  0 4.48067e+11 4.48100e+11 158.523000 8.736000 142.420000  1 0.8600 156.630000 20.11700 15.49714 49.48983 -28.220 -159.540 268.650 -6.933e+10 -1.038e+11 -3.497e+11 0.03472 360014 360014 675705 189 85 360010 360104 8.73599 2612000000000 2612000000000 2612000000000 581510000000 247860000000 15.4947 8.44 0.03404 0.85167 0.48447 5.60985 11.8056 -12.5137 0.61427 0.44743 -4.75934 -9.66638 11.9203 0.6028 705000000000 152500000000
 0.9600   642573 0.9700   650876      1   642572   642572   650875  0 4.73500e+11 4.76700e+11 162.497000 10.376000 144.370000  1 0.8600 154.140000 20.12784 15.52481 49.46596 -4.710 -160.090 301.200 -8.589e+10 -2.840e+11 -5.774e+11 0.05539 360015 360015 675705 183 84 360010 360104 10.3755 3041000000000 3041000000000 3041000000000 667310000000 209730000000 9.97421 10.48 0.05385 0.68348 0.43758 11.369 17.3604 3.70504 0.55573 0.40436 9.37897 15.3472 0.22532 0.5932 694900000000 200200000000
 0.9500   634285 0.9600   642573      1   634284   634284   642572  0 4.86200e+11 4.95700e+11 165.314000 8.234000 145.570000  1 0.8600 167.700000 20.13171 15.54237 49.43016 30.260 -158.740 341.760 -3.106e+10 -1.249e+11 -3.793e+11 0.03309 360016 360016 675705 1236 83 360010 360104 8.23445 3384200000000 3384200000000 3384200000000 714970000000 190660000000 13.6324 11.44 0.03122 0.72699 0.44514 11.0454 13.5326 2.78849 0.63377 0.2298 12.0904 11.7475 1.58171 0.5776 692800000000 162100000000
 0.9400   625997 0.9500   634285      1   625996   625996   634284  0 5.02067e+11 4.86200e+11 164.921000 8.019000 138.620000  1 0.8600 168.310000 20.12246 15.55570 49.39310 62.600 -147.590 384.880 -5.501e+10 -1.145e+11 -2.424e+11 0.02578 360017 360017 675705 2212 82 360010 360104 8.01909 3670200000000 3670200000000 3670200000000 838900000000 257390000000 14.2678 10.29 0.02211 0.74918 0.56921 15.0817 10.0305 6.84618 0.56335 0.37408 17.0288 6.32155 8.29422 0.507 760000000000 200200000000
 0.9300   617683 0.9400   625997      1   617682   617682   625996  0 5.11600e+11 5.24300e+11 169.813000 9.828000 136.460000  1 0.8600 164.960000 20.11168 15.56954 49.34566 110.590 -132.490 406.290 -2.720e+11 -1.987e+11 -2.183e+11 0.03352 360018 360018 675705 1234 81 360010 360104 9.82756 3927600000000 3927600000000 3927600000000 2888500000000 285990000000 16.0487 5.97 0.02868 0.73747 0.43275 14.9378 5.63411 3.86749 0.68212 0.34332 10.2065 -0.28643 8.64627 0.4833 715200000000 209700000000
 0.9200   609344 0.9300   617683      1   609343   609343   617682  0 5.05233e+11 5.24300e+11 170.501000 9.418000 130.710000  1 0.8600 167.650000 20.09132 15.58429 49.29425 154.510 -97.410 439.300 -3.653e+11 -1.527e+11 -9.182e+10 0.03561 360019 360019 675705 185 80 360010 360104 9.41773 4042000000000 4042000000000 4042000000000 3470000000000 305060000000 16.205 7.32 0.02914 0.81805 0.48183 -6.7129 -12.5623 10.3163 0.80638 0.32315 -5.30166 -11.222 9.70005 0.4371 723200000000 209700000000
 0.9100   600998 0.9200   609344      1   600997   600997   609343  0 4.86167e+11 4.67100e+11 164.720000 9.482000 119.330000  1 0.8600 160.060000 20.06790 15.59442 49.23722 195.810 -47.780 459.090 -3.893e+11 -2.258e+10 1.162e+11 0.04660 360020 360020 675705 198 79 360010 360104 9.482 3756000000000 3756000000000 3756000000000 3384200000000 285990000000 7.7398 4.4 0.03549 0.71124 0.40998 -0.27976 -11.4885 14.0096 0.55709 0.28953 2.30406 -7.9853 14.3063 0.3756 706400000000 162100000000
 0.9000   592648 0.9100   600998      1   592647   592647   600997  0 5.02067e+11 4.67100e+11 165.379000 9.637000 120.370000  1 0.8600 160.090000 20.04016 15.60490 49.17399 229.390 3.090 447.890 -1.924e+11 -9.886e+08 1.498e+11 0.02744 360021 360021 675705 1237 78 360010 360104 9.63723 3489100000000 3489100000000 3489100000000 2125900000000 238320000000 4.979 4.45 0.02135 0.73594 0.42348 2.07861 15.6243 -10.267 0.82522 0.33871 2.18973 14.3444 -9.00106 0.3879 745200000000 162100000000
 0.8900   584254 0.9000   592648      1   584253   584253   592647  0 6.03767e+11 5.72000e+11 177.631000 12.947000 131.900000  1 0.8600 162.090000 20.00539 15.59878 49.11728 244.440 30.430 407.800 3.365e+11 -3.862e+10 2.146e+11 0.02921 360022 360022 675705 1259 77 360010 360104 12.9472 3536700000000 3536700000000 3536700000000 705440000000 324120000000 7.66556 0 0.02514 0.65398 0.44075 3.97457 17.9548 -9.41879 0.77663 0.36519 4.91543 17.5418 -5.56958 0.449 774500000000 276500000000
 0.8800   575879 0.8900   584254      1   575878   575878   584253  0 6.99100e+11 7.72200e+11 197.093000 16.517000 161.580000  1 0.8600 173.720000 19.96893 15.59409 49.06583 274.280 110.860 364.440 3.013e+12 -4.441e+11 2.134e+12 0.12641 360023 360023 675705 2278 76 360010 360104 16.5171 3698800000000 3698800000000 3698800000000 648240000000 324120000000 38.4225 3.76 0.14189 0.65954 0.55135 -3.9063 21.8968 10.3733 0.79906 0.41041 7.99483 17.8159 -0.39807 0.6324 832700000000 333700000000
 0.8700   567425 0.8800   575879      2   567424   567424   575878  0 7.72167e+11 7.53100e+11 196.222000 13.055000 154.530000  1 0.8600 183.220000 19.93330 15.58757 49.00850 273.860 126.320 342.130 2.443e+12 -5.316e+11 1.899e+12 0.12393 360024 360024 675705 1264 75 360010 360104 13.0549 2802700000000 2802700000000 2659700000000 533850000000 362250000000 38.7676 2.93 0.12536 0.8515 0.57286 7.75744 19.8698 -1.61555 0.83731 0.46231 9.39512 16.7103 0.75071 0.5634 923600000000 333700000000
 0.8600   558969 0.8700   567425      1   558968   558968   567424  0 7.56267e+11 7.91200e+11 200.255000 11.732000 154.530000  1 0.8600 193.420000 19.89597 15.56973 48.95454 270.320 131.650 321.110 2.130e+12 -8.298e+11 1.747e+12 0.11245 360025 360025 675705 1258 74 360096 360095 11.7318 2230700000000 2230700000000 1563400000000 600580000000 333650000000 40.6228 2.97 0.10621 0.91984 0.54215 8.47071 4.96147 11.2263 0.72297 0.43095 8.89396 8.19939 6.20326 0.5214 942000000000 305100000000
 0.8600   558970 0.8700   567425      1   558969   558969   567424  0 1.52500e+11 1.52500e+11 115.681000 14.736000 97.340000  0 0.7800 93.030000 19.82371 15.58169 48.83871 147.980 99.790 -65.610 -1.646e+11 2.794e+09 6.010e+10 0.04086 360026 360096 675705 1257 74 360010 360104 14.7356 610110000000 610110000000 610110000000 190660000000 0 16.0466 25.5 0.10057 0.43466 0.31633 20.5338 11.6765 28.4486 0.20417 0.05436 23.1456 14.505 14.1519 0.8982 171800000000 85800000000
 0.8500   550544 0.8600   558969      1   550543   550543   558968  0 7.08600e+11 7.24500e+11 195.209000 9.260000 149.490000  1 0.1600 200.010000 19.85688 15.55465 48.90651 272.790 127.000 304.610 1.444e+12 -1.819e+11 1.179e+12 0.09136 360027 360026 675705 217 73 360010 360095 9.25976 1935200000000 1935200000000 1239300000000 734040000000 343190000000 33.3811 0 0.08041 0.95667 0.60966 2.99325 11.4602 9.4211 0.8524 0.61227 5.30168 3.21487 10.6659 0.4827 1003000000000 247900000000
 0.8500   550545 0.8600   558970      1   550544   550544   558969  0 1.71600e+11 1.71600e+11 120.777000 25.300000 90.540000  1 0.7800 89.490000 19.77447 15.59944 48.86816 107.930 124.340 -106.390 -3.859e+11 -1.194e+11 9.399e+09 0.08861 360028 360097 675705 215 73 360010 360104 25.3003 781710000000 781710000000 781710000000 181130000000 0 20.343 30.17 0.19127 0.88223 0.41057 44.4151 -14.9898 12.5193 0 0 0 0 0 0.8464 173000000000 152500000000
 0.8400   542023 0.8500   550544      1       -1       -1   550543  0 6.60933e+11 6.10100e+11 185.046000 12.633000 129.010000  1 0.1600 171.680000 19.82116 15.54651 48.85108 266.440 122.280 306.430 -6.812e+09 -3.648e+11 5.158e+11 0.04339 360029 360027 675705 1272 72 360010 360095 12.6325 1563400000000 1563400000000 1058200000000 800770000000 409920000000 23.8776 1.93 0.03626 0.77624 0.43808 3.1526 -14.7945 20.0647 0.75955 0.41131 4.02512 20.71 -5.94447 0.4096 767600000000 247900000000
 0.8400   542024 0.8500   550545      1   542023   542022   550544  0 1.87500e+11 1.90700e+11 125.573000 21.730000 102.490000  1 0.7800 95.670000 19.77502 15.55989 48.88434 73.390 148.460 -113.340 -4.111e+11 -1.159e+11 -3.051e+10 0.08652 360030 360098 675705 1270 72 360010 360104 21.7305 915170000000 915170000000 915170000000 791240000000 0 8.83091 9.09 0.17075 0.66579 0.62545 -6.17047 17.1446 34.9866 0.62025 0.05818 -12.6767 15.8097 29.9882 0.8324 194700000000 143000000000
 0.8300   533506 0.8400   542023      1       -1       -1       -1  0 6.32333e+11 6.48200e+11 189.540000 15.807000 120.700000  1 0.1600 167.320000 19.78035 15.51987 48.80901 269.360 126.800 278.130 2.971e+11 -4.587e+11 8.892e+11 0.06394 360031 360028 675705 3287 71 360010 360095 15.8075 1534800000000 1534800000000 1048600000000 695910000000 333650000000 19.9218 0 0.05436 0.78526 0.44425 4.19263 -13.5322 22.2937 0.78159 0.45625 8.12167 20.0852 -5.15912 0.3741 787900000000 324100000000
 0.8300   533507 0.8400   542024      1   533506   533505   542023  0 1.97033e+11 2.00200e+11 128.116000 18.851000 97.570000  1 0.7800 100.340000 19.75813 15.54764 48.89672 41.180 154.170 -121.430 -3.739e+11 -4.383e+09 -1.597e+11 0.09246 360032 360099 675705 3285 71 360010 360104 18.8512 934230000000 934230000000 934230000000 734040000000 0 3.6579 3.25 0.15008 0.90683 0.67052 34.9935 -5.24879 -0.4892 0.59725 0 -5.50705 -10.9379 25.8947 0.7444 221600000000 123900000000
 0.8200   524934 0.8300   533506      1       -1       -1       -1  0 6.25967e+11 6.38700e+11 189.316000 15.379000 118.920000  1 0.1600 168.260000 19.74117 15.50232 48.76502 257.750 127.860 259.220 3.155e+10 -3.136e+11 7.622e+11 0.05391 360033 360029 675705 1269 70 360010 360095 15.3791 1420400000000 1420400000000 848440000000 533850000000 247860000000 17.4015 1.91 0.04422 0.83979 0.38092 0.89514 -10.6895 16.0766 0.77419 0.25774 7.19698 14.4261 -4.89011 0.3492 787200000000 314600000000
 0.8200   524935 0.8300   533507      1   524934   524933   533506  0 2.00200e+11 2.00200e+11 128.599000 23.231000 91.490000  1 0.7800 97.400000 19.75372 15.52198 48.92002 30.680 171.700 -129.340 -3.760e+11 -1.376e+09 -9.048e+10 0.10486 360034 360100 675705 1267 70 360010 360104 23.2313 714970000000 714970000000 714970000000 152530000000 9533000000 10.8291 13.76 0.14334 0.9125 0.56088 19.0772 -0.9761 -7.15882 0.30475 0.21978 8.85193 4.11366 -7.92548 0.6475 205600000000 152500000000
 0.8100   516289 0.8200   524934      1       -1       -1       -1  0 5.97400e+11 5.91000e+11 185.173000 12.225000 118.250000  1 0.1600 173.520000 19.70255 15.48413 48.72347 245.240 128.850 244.410 -9.855e+10 -2.685e+11 4.853e+11 0.04478 360035 360030 675705 208 69 360010 360095 12.2247 1020000000000 1124900000000 600580000000 419450000000 266920000000 10.8837 2.8 0.03451 0.8484 0.50319 6.05624 -12.4632 18.8704 0.79939 0.4522 9.92835 17.7806 1.50081 0.3266 780100000000 257400000000
 0.8100   516290 0.8200   524935      1   516287   516287   524934  0 1.90667e+11 2.00200e+11 129.079000 26.471000 96.190000  1 0.7800 96.050000 19.75137 15.49277 48.94286 20.440 190.040 -140.710 -2.889e+11 3.651e+10 -1.533e+10 0.07316 360036 360101 675705 209 69 360010 360104 26.4711 619640000000 619640000000 619640000000 228790000000 9533000000 4.0118 3.81 0.10856 0.51441 0.41572 32.5045 0.50162 -13.0008 0.42579 0.06938 17.3226 13.5006 -14.1981 0.7006 202100000000 171600000000
 0.8000   507627 0.8100   516289      1       -1       -1       -1  0 5.75167e+11 5.62500e+11 182.811000 11.124000 120.160000  1 0.1600 175.160000 19.66594 15.46598 48.68637 237.810 132.500 229.290 -2.429e+11 -3.403e+11 3.347e+11 0.04791 360037 360031 675705 1308 68 360010 360095 11.1242 619640000000 905630000000 533850000000 419450000000 295520000000 12.7532 0 0.0358 0.83532 0.64666 8.23969 -3.10646 16.4056 0.84041 0.69498 9.57745 5.1583 11.5626 0.3237 803800000000 247900000000
 0.8000   507628 0.8100   516290      1   507625   507625   516287  0 1.84300e+11 1.71600e+11 123.067000 16.024000 95.600000  1 0.7800 98.760000 19.74998 15.45902 48.96811 -4.650 205.010 -157.770 -2.089e+11 1.065e+10 -1.466e+11 0.08725 360038 360102 675705 1309 68 360010 360104 16.0236 667310000000 667310000000 667310000000 276460000000 0 8.28771 6.43 0.12346 0.4522 0.06579 34.9505 3.33182 -5.67416 0.13504 0.04395 24.594 9.82137 -11.0801 0.6971 180200000000 114400000000
 0.7900   498991 0.8000   507627      1       -1       -1       -1  0 5.72000e+11 5.72000e+11 184.512000 11.316000 124.740000  1 0.1600 176.560000 19.62477 15.44001 48.64988 232.360 134.550 214.440 -2.237e+11 -3.674e+11 3.828e+11 0.05009 360039 360032 675705 1302 67 360010 360095 11.3157 591050000000 714970000000 524310000000 438520000000 305060000000 12.2392 0.85 0.03759 0.69623 0.40993 0.74688 -12.5153 13.9907 0.60833 0.2506 1.76629 12.642 -11.6627 0.3376 826100000000 247900000000
 0.7900   498992 0.8000   507628      1   498989   498989   507625  0 1.62067e+11 1.81100e+11 125.765000 13.587000 103.470000  1 0.7800 104.930000 19.75835 15.41987 49.00212 -33.190 201.910 -189.950 -1.885e+11 3.095e+10 -1.447e+11 0.05874 360040 360103 675705 1303 67 360010 360104 13.5866 1039100000000 1039100000000 1039100000000 324120000000 0 15.0464 14.39 0.10633 0.62061 0.19722 -23.5562 20.3559 -13.7865 0.56975 0.05586 1.60557 22.2425 -15.2185 0.8137 189000000000 95330000000
 0.7800   490348 0.7900   498991      1       -1       -1       -1  0 5.72000e+11 5.81500e+11 186.206000 9.197000 126.060000  1 0.1600 189.320000 19.58473 15.41521 48.60962 225.660 137.220 202.400 -1.731e+11 -4.884e+11 5.449e+11 0.06399 360041 360033 675705 1297 66 360010 360095 9.19723 581510000000 638710000000 524310000000 457580000000 333650000000 13.5817 2.15 0.04797 0.78539 0.43278 4.79999 18.5626 -10.2133 0.67755 0.35468 4.27527 19.0866 -8.16476 0.3378 913400000000 209700000000
 0.7800   490349 0.7900   498992      0   490346   490346   498989  0 1.33500e+11 1.33500e+11 114.006000 6.433000 104.720000  1 0.7800 111.680000 19.75144 15.41017 49.00327 -61.210 193.360 -214.040 -9.514e+10 -8.809e+09 -6.323e+10 0.06574 360042 360104 675705 1299 66 360010 360104 6.43343 991430000000 991430000000 991430000000 438520000000 66731000000 11.6692 10.02 0.08496 0.49992 0.35565 -9.95487 -12.3583 18.6117 0.44689 0.34855 -8.82644 -10.8051 20.1507 0.7272 218200000000 38130000000
 0.7700   481658 0.7800   490348      1       -1       -1       -1  0 5.72000e+11 5.52900e+11 183.761000 9.124000 128.180000  1 0.1600 186.760000 19.54645 15.40101 48.57103 221.260 137.980 189.770 -2.145e+11 -4.128e+11 4.257e+11 0.05925 360043 360034 675705 1306 65 360010 360095 9.12353 552910000000 600580000000 514780000000 467120000000 343190000000 18.8957 0 0.04396 0.86352 0.52622 10.118 17.1748 -2.13416 0.71184 0.41382 8.22001 16.7336 -6.31216 0.3465 886000000000 200200000000
 0.7600   472958 0.7700   481658      1       -1       -1       -1  0 5.72000e+11 5.52900e+11 184.416000 11.014000 121.190000  1 0.1600 178.300000 19.49090 15.35775 48.53195 216.760 138.280 180.720 -2.339e+11 -3.403e+11 4.624e+11 0.05965 360044 360035 675705 1299 64 360010 360095 11.014 552910000000 610110000000 514780000000 495720000000 305060000000 2.70336 0 0.04342 0.8889 0.6069 9.60362 10.0565 17.611 0.92205 0.56707 14.721 12.0629 9.24035 0.3118 852900000000 219300000000
 0.7500   464230 0.7600   472958      1       -1       -1       -1  0 5.72000e+11 5.33800e+11 182.915000 10.137000 119.610000  1 0.1600 180.730000 19.46179 15.33947 48.50018 213.480 138.550 169.180 -1.432e+11 -3.295e+11 4.616e+11 0.05953 360045 360036 675705 1311 63 360010 360095 10.1372 533850000000 591050000000 514780000000 476650000000 257390000000 11.7662 0 0.04365 0.79689 0.49254 11.1577 11.139 15.7747 0.90029 0.45289 11.206 10.5432 13.0042 0.3126 858800000000 143000000000
 0.7400   455442 0.7500   464230      1       -1       -1       -1  0 5.72000e+11 5.33800e+11 183.553000 11.733000 119.070000  1 0.1600 174.770000 19.41327 15.30769 48.46486 208.900 138.540 161.320 -1.713e+11 -2.335e+11 4.844e+11 0.05834 360046 360037 675705 205 62 360010 360095 11.7332 533850000000 552910000000 533850000000 467120000000 266920000000 7.53947 0 0.04233 0.74042 0.42706 12.6507 17.6405 15.4568 0.73709 0.3381 12.1368 18.7834 12.2352 0.3046 799600000000 200200000000
 0.7300   446613 0.7400   455442      1       -1       -1       -1  0 5.72000e+11 5.33800e+11 184.188000 11.954000 116.680000  1 0.1600 174.950000 19.36918 15.27456 48.43206 204.610 138.580 152.920 -1.743e+11 -2.284e+11 4.798e+11 0.05766 360047 360038 675705 1292 61 360010 360095 11.954 533850000000 581510000000 533850000000 457580000000 266920000000 6.67652 0 0.04216 0.66047 0.39326 11.9812 20.8572 13.804 0.61674 0.29088 9.37925 23.6724 8.64968 0.2983 770700000000 228800000000
 0.7200   437740 0.7300   446613      1       -1       -1       -1  0 5.72000e+11 5.62500e+11 188.061000 11.429000 113.530000  1 0.1600 182.100000 19.32307 15.24339 48.39801 201.420 138.780 143.330 -1.208e+11 -3.489e+11 5.145e+11 0.05921 360048 360039 675705 1563 60 360010 360095 11.4291 562450000000 571980000000 533850000000 428980000000 305060000000 4.67857 0 0.04399 0.91327 0.66619 3.67823 -9.65729 20.9837 0.77346 0.53592 1.6062 16.3524 -14.0173 0.2842 764500000000 228800000000
 0.7100   428808 0.7200   437740      1       -1       -1       -1  0 5.72000e+11 5.62500e+11 188.696000 10.633000 112.670000  1 0.1600 186.860000 19.27528 15.21057 48.36655 197.480 138.150 136.100 -1.190e+11 -3.413e+11 5.055e+11 0.05860 360049 360040 675705 1327 59 360010 360095 10.6333 562450000000 571980000000 543380000000 400390000000 295520000000 4.10295 0 0.04339 0.87611 0.44091 11.7328 17.4105 -9.87139 0.61523 0.40415 7.05707 17.1548 -11.6928 0.2788 759200000000 238300000000
 0.7000   419836 0.7100   428808      1       -1       -1       -1  0 5.72000e+11 5.72000e+11 190.390000 11.436000 110.430000  1 0.1600 185.680000 19.22865 15.17510 48.33644 192.990 138.000 130.160 -9.207e+10 -3.308e+11 5.129e+11 0.05706 360050 360041 675705 1475 58 360010 360095 11.4364 571980000000 581510000000 533850000000 390850000000 257390000000 9.89991 0 0.04214 0.93372 0.58941 -2.43338 -8.77531 15.9724 0.66181 0.54754 -5.2782 -10.2229 11.5784 0.2661 678100000000 238300000000
 0.6900   410840 0.7000   419836      1       -1       -1       -1  0 5.72000e+11 5.81500e+11 192.074000 15.014000 100.450000  1 0.1600 175.410000 19.17835 15.13512 48.28799 189.190 136.830 126.050 -1.602e+11 -3.157e+11 3.716e+11 0.04391 360051 360042 675705 1500 57 360010 360095 15.0144 581510000000 581510000000 505250000000 381320000000 228790000000 20.74 0 0.03428 0.91052 0.50625 13.0546 9.758 20.0636 0.96138 0.42492 7.42757 18.2294 -9.42493 0.2466 606000000000 266900000000
 0.6800   401834 0.6900   410840      1       -1       -1       -1  0 5.59300e+11 5.62500e+11 190.571000 19.959000 95.660000  1 0.1600 162.990000 19.13256 15.10092 48.26137 187.070 136.050 124.020 -2.673e+11 -8.114e+10 1.440e+11 0.02893 360052 360043 675705 1499 56 360010 360095 19.9592 562450000000 571980000000 514780000000 400390000000 190660000000 12.6783 1.4 0.02232 0.86071 0.51498 0.11721 -8.64439 20.8139 0.39428 0.33166 -3.62053 -13.17 19.5034 0.2245 575500000000 295500000000
 0.6700   392849 0.6800   401834      1       -1       -1       -1  0 5.59300e+11 5.24300e+11 186.762000 14.977000 94.510000  1 0.1600 170.340000 19.08884 15.08733 48.24493 184.290 134.470 117.990 -2.009e+11 -1.940e+11 2.238e+11 0.03759 360053 360044 675705 367 55 360010 360095 14.9773 524310000000 552910000000 514780000000 419450000000 114400000000 10.64 0 0.02873 0.74479 0.51598 11.6046 19.7021 26.6844 0.82037 0.40474 4.86094 23.198 18.6774 0.2212 635200000000 200200000000
 0.6600   383891 0.6700   392849      1       -1       -1       -1  0 5.59300e+11 5.24300e+11 187.356000 15.041000 97.530000  1 0.1600 171.310000 19.04695 15.04568 48.20822 180.620 132.560 112.540 -1.997e+11 -1.936e+11 2.231e+11 0.03812 360054 360045 675705 379 54 360010 360095 15.0407 524310000000 552910000000 514780000000 438520000000 162060000000 5.1681 0 0.0288 0.80523 0.58078 19.9405 19.5299 15.6276 0.85224 0.4156 22.0623 16.2295 11.8511 0.226 657500000000 257400000000
 0.6500   374836 0.6600   383891      1       -1       -1       -1  0 5.59300e+11 5.33800e+11 189.075000 13.184000 100.860000  1 0.1600 179.610000 18.98500 15.00552 48.15775 176.320 130.320 108.260 -3.268e+11 8.701e+09 1.391e+11 0.03745 360055 360046 675705 1633 53 360010 360095 13.1845 533850000000 533850000000 495720000000 419450000000 276460000000 21.6385 0 0.02802 0.78201 0.51132 21.4586 17.579 9.79882 0.65375 0.51021 20.2179 12.5019 -6.47198 0.2302 657100000000 238300000000
 0.6400   365751 0.6500   374836      1       -1       -1       -1  0 5.59300e+11 5.33800e+11 189.659000 13.016000 108.800000  1 0.1600 181.480000 18.93337 14.96324 48.13867 172.570 127.810 102.720 -3.301e+11 1.022e+10 1.439e+11 0.03923 360056 360047 675705 1609 52 360010 360095 13.0157 533850000000 533850000000 495720000000 428980000000 257390000000 18.3796 0 0.02858 0.56246 0.32532 15.6413 10.7345 3.30988 0.58719 0.18614 14.1695 10.166 -0.01062 0.2468 641900000000 238300000000
 0.6300   356642 0.6400   365751      1       -1       -1       -1  0 5.59300e+11 5.24300e+11 189.097000 12.815000 109.140000  1 0.1600 182.130000 18.89603 14.94306 48.12759 171.380 124.460 97.970 -3.060e+11 -1.316e+11 2.425e+11 0.04799 360057 360048 675705 2575 51 360010 360095 12.8152 524310000000 524310000000 505250000000 428980000000 276460000000 9.97873 0 0.0339 0.88598 0.58976 19.2498 10.1708 9.62656 0.8191 0.39998 16.8875 6.41539 18.3678 0.2366 693300000000 238300000000
 0.6200   347540 0.6300   356642      1       -1       -1       -1  0 5.59300e+11 5.24300e+11 189.664000 10.853000 105.020000  1 0.1600 191.760000 18.84390 14.90921 48.09343 167.660 121.770 93.150 -3.022e+11 -1.263e+11 2.383e+11 0.04778 360058 360049 675705 1615 50 360010 360095 10.8533 524310000000 543380000000 505250000000 428980000000 295520000000 12.7926 0 0.03354 0.8087 0.66756 10.0211 10.2074 17.8065 0.76211 0.6089 10.1109 3.84554 18.906 0.2202 706400000000 209700000000
 0.6100   338406 0.6200   347540      1       -1       -1       -1  0 5.59300e+11 5.72000e+11 195.822000 13.713000 102.630000  1 0.1600 188.380000 18.79798 14.86397 48.07818 165.180 119.010 91.850 -4.337e+11 -2.120e+11 2.039e+11 0.05182 360059 360050 675705 1594 49 360010 360095 13.7129 571980000000 571980000000 505250000000 438520000000 219260000000 13.7888 0 0.03779 0.72327 0.41903 2.07677 0.3878 15.1669 0.61145 0.36148 0.18977 -2.49457 13.3104 0.2136 600400000000 219300000000
 0.6000   329247 0.6100   338406      1       -1       -1       -1  0 5.59300e+11 5.62500e+11 195.294000 18.951000 95.350000  1 0.1600 174.330000 18.74756 14.83376 48.04270 165.200 113.980 87.550 -4.884e+11 -1.643e+11 1.638e+11 0.05361 360060 360051 675705 2491 48 360010 360095 18.9513 562450000000 581510000000 495720000000 428980000000 228790000000 11.1538 0 0.04037 0.5519 0.29254 19.3308 9.1729 23.3592 0.52507 0.26113 20.6036 9.57925 14.0587 0.1999 603200000000 266900000000
 0.5900   320053 0.6000   329247      1       -1       -1       -1  0 5.49767e+11 5.43400e+11 193.613000 21.140000 91.080000  1 0.1600 169.110000 18.69784 14.78925 48.01025 162.630 111.650 84.920 -4.893e+11 -2.126e+11 9.906e+10 0.05667 360061 360052 675705 2661 47 360010 360095 21.1398 543380000000 562450000000 524310000000 438520000000 171590000000 3.81008 0 0.04321 0.71062 0.37226 18.7814 7.60922 21.286 0.77497 0.38325 18.8581 7.82828 15.3944 0.1907 594900000000 324100000000
 0.5800   310801 0.5900   320053      1       -1       -1       -1  0 5.43400e+11 5.43400e+11 194.157000 19.517000 91.750000  1 0.1600 173.410000 18.65625 14.75160 47.99183 160.290 108.500 82.780 -4.345e+11 -1.022e+11 5.345e+10 0.04733 360062 360053 675705 1538 46 360010 360095 19.5171 543380000000 552910000000 524310000000 390850000000 190660000000 5.82099 0 0.03606 0.74505 0.424 14.8135 -2.40096 34.0644 0.29942 0.18931 4.74107 -14.7062 33.0481 0.1892 571600000000 286000000000
 0.5700   301576 0.5800   310801      1       -1       -1       -1  0 5.37033e+11 5.43400e+11 194.692000 16.995000 92.300000  1 0.1600 180.430000 18.60667 14.71278 47.96717 155.770 105.370 80.210 -4.329e+11 -1.048e+11 5.456e+10 0.04787 360063 360054 675705 1614 45 360010 360095 16.9946 543380000000 543380000000 514780000000 381320000000 200190000000 12.5345 1.7 0.03626 0.75224 0.50408 23.5744 3.35334 28.3138 0.91112 0.5506 1.03044 -5.64491 28.2392 0.1882 600300000000 266900000000
 0.5600   292327 0.5700   301576      1       -1       -1       -1  0 5.30667e+11 5.24300e+11 192.908000 15.016000 95.830000  1 0.1600 184.670000 18.55675 14.67507 47.95282 150.600 102.500 77.050 -3.864e+11 -3.716e+10 1.165e+11 0.04778 360064 360055 675705 1581 44 360010 360095 15.0159 524310000000 533850000000 495720000000 390850000000 266920000000 17.5903 0 0.03502 0.56061 0.46207 7.95352 -4.89906 26.4108 0.49461 0.35344 9.04823 -6.06724 24.2886 0.1906 592100000000 257400000000
 0.5500   283074 0.5600   292327      1       -1       -1       -1  0 5.21133e+11 5.24300e+11 193.419000 11.743000 96.610000  1 0.1600 198.410000 18.50701 14.63671 47.92586 148.080 98.340 75.290 -4.309e+11 -5.241e+10 1.139e+11 0.05447 360065 360056 675705 1584 43 360010 360095 11.7427 524310000000 524310000000 476650000000 371790000000 238320000000 16.799 0 0.03908 0.70906 0.52902 7.3895 -0.86905 19.7637 0.67876 0.49066 6.24182 -0.46192 17.6004 0.1854 629900000000 228800000000
 0.5400   273851 0.5500   283074      1       -1       -1       -1  0 5.14767e+11 5.14800e+11 192.739000 15.225000 90.300000  1 0.1600 185.750000 18.45786 14.59984 47.89152 143.960 94.770 70.190 -3.847e+11 -6.652e+10 1.923e+11 0.05308 360066 360057 675705 1662 42 360010 360095 15.2254 514780000000 514780000000 495720000000 381320000000 247860000000 11.369 0 0.03938 0.80919 0.63455 22.6778 -2.5563 12.0041 0.92514 0.6929 21.1729 1.155 1.49725 0.1748 556700000000 247900000000
 0.5300   264603 0.5400   273851      1       -1       -1       -1  0 5.05233e+11 5.05200e+11 192.029000 20.335000 85.540000  1 0.1600 173.900000 18.39811 14.56374 47.86365 142.550 90.450 68.530 -3.704e+11 -9.806e+10 1.647e+11 0.05064 360067 360058 675705 1699 41 360010 360095 20.3352 505250000000 505250000000 486180000000 352720000000 190660000000 13.3051 0 0.03925 0.62937 0.57492 22.7209 -12.3561 22.463 0.59968 0.11934 -14.703 18.458 -14.8525 0.173 496800000000 257400000000
 0.5200   255370 0.5300   264603      1       -1       -1       -1  0 4.83000e+11 4.95700e+11 191.288000 33.691000 79.580000  1 0.1600 158.420000 18.35991 14.52597 47.82803 140.390 87.600 65.360 -3.412e+11 -1.048e+11 1.472e+11 0.04745 360068 360059 675705 1694 40 360010 360095 33.6906 495720000000 495720000000 448050000000 324120000000 152530000000 26.1213 0 0.03781 0.72039 0.39502 22.0564 -4.22971 21.0278 0.50336 0.313 8.46262 -13.3351 18.23 0.1621 453800000000 390900000000
 0.5100   246119 0.5200   255370      1       -1       -1       -1  0 4.79867e+11 4.48100e+11 185.399000 27.420000 73.140000  1 0.1600 159.040000 18.30073 14.49631 47.80287 135.010 81.780 62.620 -2.469e+11 -3.559e+10 2.829e+11 0.05649 360069 360060 675705 8067 39 360010 360095 27.4195 448050000000 448050000000 438520000000 305060000000 123930000000 20.8503 0 0.04409 0.55404 0.50995 16.1301 -1.02506 14.8503 0.60548 0.29432 6.80944 0.98034 15.1756 0.1395 446700000000 305100000000
 0.5000   236940 0.5100   246119      1       -1       -1       -1  0 4.79867e+11 4.48100e+11 185.839000 35.295000 69.610000  1 0.1600 154.070000 18.23843 14.46229 47.76629 133.510 77.750 61.020 -2.427e+11 -3.696e+10 2.748e+11 0.05405 360070 360061 675705 1463 38 360010 360095 35.2951 448050000000 457580000000 428980000000 266920000000 95330000000 23.6713 0 0.04345 0.42948 0.26487 18.8752 -5.07948 33.7471 0.54804 0.28141 14.6055 -2.83576 25.5247 0.1339 437800000000 381300000000
 0.4900   227764 0.5000   236940      1       -1       -1       -1  0 4.79867e+11 4.29000e+11 183.589000 35.393000 66.920000  1 0.1600 152.890000 18.19185 14.41912 47.76518 131.870 74.200 56.540 -1.555e+11 -9.335e+10 3.406e+11 0.06059 360071 360062 675705 2685 37 360010 360095 35.3932 428980000000 448050000000 409920000000 266920000000 38132000000 28.9031 0 0.04938 0.54063 0.31094 28.1675 1.64812 37.2883 0.55047 0.21178 21.5154 -5.97356 30.8906 0.1263 430400000000 371800000000
 0.4800   218619 0.4900   227764      1       -1       -1       -1  0 4.79867e+11 4.29000e+11 184.003000 30.967000 71.560000  1 0.1600 157.530000 18.12215 14.38477 47.74854 129.540 70.280 52.610 -1.694e+11 -1.419e+11 3.433e+11 0.06554 360072 360063 675705 1519 36 360010 360095 30.9666 428980000000 428980000000 390850000000 305060000000 57198000000 28.1486 0 0.05271 0.52546 0.47224 12.373 0.50367 16.984 0.56614 0.48913 9.09211 -2.5105 14.6394 0.135 428600000000 305100000000
 0.4700   209487 0.4800   218619      1       -1       -1       -1  0 4.79867e+11 4.29000e+11 184.406000 17.116000 79.000000  1 0.1600 178.830000 18.04480 14.33919 47.70344 126.650 69.460 52.690 -3.510e+10 -8.697e+10 2.914e+11 0.05283 360073 360064 675705 2575 35 360010 360095 17.1159 428980000000 428980000000 390850000000 295520000000 162060000000 18.3034 0 0.03991 0.33702 0.23949 29.5646 -5.13348 21.7941 0.3624 0.20436 26.4153 -4.63899 16.7463 0.1407 443600000000 219300000000
 0.4600   200386 0.4700   209487      1       -1       -1       -1  0 4.79867e+11 4.67100e+11 190.121000 13.182000 82.770000  1 0.1600 199.460000 17.97707 14.30027 47.68035 120.840 66.820 47.130 -6.654e+10 -1.488e+10 3.523e+11 0.05580 360074 360065 675705 1492 34 360010 360095 13.1821 467120000000 467120000000 428980000000 305060000000 190660000000 29.4804 0 0.04098 0.51256 0.38006 20.7859 -7.14674 16.0246 0.75268 0.51311 17.1281 -7.87002 9.36555 0.1342 480200000000 190700000000
 0.4500   191348 0.4600   200386      1       -1       -1       -1  0 4.79867e+11 4.76700e+11 191.802000 28.939000 81.200000  1 0.1600 171.090000 17.88643 14.28508 47.60411 119.710 61.970 45.850 -6.792e+10 -9.350e+10 2.910e+11 0.04371 360075 360066 675705 438 33 360010 360095 28.9385 476650000000 476650000000 476650000000 343190000000 0 19.7589 0 0.03492 0.39707 0.12951 26.5557 -24.1478 42.0939 0.1315 0.00777 14.7047 -21.5762 33.9082 0.1499 450900000000 343200000000
 0.4400   182312 0.4500   191348      1       -1       -1       -1  0 4.79867e+11 4.76700e+11 192.187000 19.112000 83.280000  1 0.1600 187.880000 17.83672 14.25536 47.60204 115.820 62.190 46.400 3.151e+09 4.119e+10 2.332e+11 0.03598 360076 360067 675705 510 32 360010 360095 19.112 476650000000 476650000000 457580000000 324120000000 200190000000 16.9083 0 0.02668 0.78171 0.48246 26.6287 -2.80164 16.727 0.74987 0.38735 28.2009 -0.04899 3.70409 0.1352 469900000000 266900000000
 0.4300   173305 0.4400   182312      1       -1       -1       -1  0 4.76667e+11 4.86200e+11 193.836000 18.176000 79.570000  1 0.1600 193.680000 17.75068 14.20090 47.58043 112.300 57.080 43.250 5.999e+10 9.671e+10 1.629e+11 0.02899 360077 360068 675705 1530 31 360010 360095 18.1761 486180000000 486180000000 486180000000 314590000000 200190000000 10.3245 0 0.02189 0.68501 0.60718 22.8062 -14.6924 22.0292 0.62589 0.44999 26.9271 -12.4312 10.0227 0.1268 481900000000 257400000000
 0.4200   164365 0.4300   173305      1       -1       -1       -1  0 4.60767e+11 4.67100e+11 191.628000 19.269000 77.690000  1 0.1600 190.170000 17.68192 14.19099 47.54143 108.520 52.970 42.300 -1.793e+09 9.508e+10 8.629e+10 0.02039 360078 360069 675705 1540 30 360010 360095 19.2687 467120000000 457580000000 438520000000 333650000000 190660000000 12.6995 1.32 0.01529 0.65529 0.34973 -15.435 15.2541 -13.819 0.58435 0.3092 19.2975 -11.9497 4.04396 0.1212 429200000000 247900000000
 0.4100   155506 0.4200   164365      1       -1       -1       -1  0 4.48067e+11 4.29000e+11 186.603000 26.972000 79.450000  1 0.1600 173.720000 17.63013 14.13974 47.54094 104.630 51.960 40.090 -4.846e+10 1.020e+11 1.070e+11 0.02680 360079 360070 675705 1510 29 360010 360095 26.9722 428980000000 428980000000 428980000000 324120000000 57198000000 15.6411 0 0.02158 0.34316 0.16707 32.5774 -26.9962 33.8175 0.23996 0.02798 25.6723 -17.897 25.0352 0.149 436700000000 295500000000
 0.4000   146760 0.4100   155506      1       -1       -1       -1  0 4.29000e+11 4.48100e+11 189.659000 16.144000 76.760000  1 0.1600 199.340000 17.53726 14.13936 47.47182 101.700 39.720 41.510 1.213e+11 1.952e+11 3.111e+10 0.04024 360080 360071 675705 1506 28 360010 360095 16.1438 448050000000 448050000000 400390000000 285990000000 152530000000 8.98107 0 0.03026 0.52663 0.49091 -20.1853 21.1648 -10.5989 0.47231 0.39189 -19.9139 21.6869 -8.6343 0.1144 486500000000 209700000000
 0.3900   138090 0.4000   146760      1       -1       -1       -1  0 4.22633e+11 4.09900e+11 184.429000 24.526000 72.730000  1 0.1600 177.870000 17.44634 14.12710 47.43800 98.140 36.060 40.460 9.130e+10 1.420e+11 2.653e+10 0.03446 360081 360072 675705 1471 27 360010 360095 24.5259 409920000000 409920000000 390850000000 276460000000 142990000000 12.9936 0 0.02617 0.59563 0.23745 -9.11237 24.7396 -14.2252 0.68153 0.1753 -6.2243 21.9733 -13.3545 0.1095 373300000000 257400000000
 0.3800   129631 0.3900   138090      1       -1       -1       -1  0 4.03533e+11 4.09900e+11 184.728000 21.153000 70.580000  1 0.1600 185.500000 17.38618 14.09573 47.40644 94.250 32.120 39.260 8.284e+10 1.306e+11 3.871e+10 0.03196 360082 360073 675705 2459 26 360010 360095 21.1532 409920000000 390850000000 381320000000 324120000000 28599000000 3.24343 1.35 0.02472 0.56154 0.22882 -20.8053 32.6855 -31.0779 0.27107 0.12944 30.6088 -22.6941 29.8856 0.1057 411400000000 247900000000
 0.3700   121145 0.3800   129631      1       -1       -1       -1  0 3.90833e+11 3.90800e+11 182.101000 24.533000 64.090000  1 0.1600 179.010000 17.31716 14.07162 47.38157 91.740 33.060 36.690 7.520e+10 1.177e+11 2.882e+10 0.03098 360083 360074 675705 1412 25 360010 360095 24.5327 390850000000 390850000000 390850000000 276460000000 19066000000 5.8807 0 0.02425 0.42679 0.15504 -20.7315 32.8962 -32.7922 0.16653 0.0585 26.0658 -35.4847 38.9495 0.095 353900000000 257400000000
 0.3600   112747 0.3700   121145      1       -1       -1       -1  0 3.55900e+11 3.71800e+11 179.357000 28.858000 59.600000  1 0.1600 172.780000 17.23524 14.04047 47.34743 86.790 35.080 40.070 4.386e+09 4.992e+10 7.365e+09 0.01212 360084 360075 675705 1371 24 360010 360095 28.8584 371790000000 352720000000 333650000000 257390000000 104860000000 13.4823 1.3 0.00948 0.58237 0.25632 -2.03922 24.4009 -24.3926 0.71004 0.18867 4.33587 -18.2655 21.2153 0.0815 326900000000 257400000000
 0.3500   104494 0.3600   112747      1       -1       -1       -1  0 3.33667e+11 3.05100e+11 168.150000 17.009000 56.710000  1 0.1600 179.480000 17.16828 13.99981 47.33004 85.320 33.880 36.140 -5.415e+10 -7.682e+09 5.372e+10 0.02840 360085 360076 675705 1311 23 360010 360095 17.0087 305060000000 305060000000 305060000000 238320000000 114400000000 25.2091 0 0.02022 0.81751 0.48229 -5.65312 13.5098 -11.044 0.81481 0.35804 -5.94024 12.95 -9.95869 0.0662 316100000000 171600000000
 0.3400    96432 0.3500   104494      1       -1       -1       -1  0 3.27300e+11 3.24100e+11 171.815000 14.632000 60.160000  1 0.1600 193.190000 17.08913 13.97739 47.27746 80.180 34.560 33.230 -6.339e+10 -4.697e+10 2.150e+10 0.02758 360086 360077 675705 362 22 360010 360095 14.632 324120000000 314590000000 314590000000 257390000000 114400000000 4.00604 0 0.01977 0.59244 0.29674 -9.72801 21.6952 -16.9017 0.40435 0.23174 -12.2508 21.3031 -16.4269 0.0712 369200000000 162100000000
 0.3300    88605 0.3400    96432      1       -1       -1       -1  0 3.27300e+11 3.14600e+11 170.334000 12.278000 65.100000  1 0.1600 202.160000 17.02161 13.93106 47.25290 75.080 33.680 32.170 -5.915e+10 -3.519e+10 1.329e+10 0.02584 360087 360078 675705 1383 21 360010 360095 12.2784 314590000000 305060000000 305060000000 247860000000 142990000000 12.1441 0 0.01807 0.70722 0.25551 18.7865 4.11937 -14.513 0.57256 0.15342 19.2235 -1.4217 -9.12745 0.0801 330400000000 143000000000
 0.3200    80913 0.3300    88605      1       -1       -1       -1  0 3.14600e+11 3.43200e+11 175.561000 23.243000 52.300000  1 0.1600 184.310000 16.95414 13.89775 47.21537 71.180 34.280 27.170 -9.534e+10 -5.982e+10 -2.236e+10 0.03325 360088 360079 675705 1217 20 360010 360095 23.2428 343190000000 343190000000 343190000000 228790000000 114400000000 13.9512 0 0.02596 0.84875 0.40113 14.3483 -19.4805 29.8843 0.61203 0.42839 8.72963 -19.7965 27.4419 0.0614 295400000000 200200000000
 0.3100    73489 0.3200    80913      1       -1       -1       -1  0 3.01900e+11 2.86000e+11 165.402000 19.429000 49.400000  1 0.1600 180.340000 16.87252 13.87435 47.17812 69.120 35.250 26.200 -2.865e+10 -2.816e+10 4.699e+09 0.01634 360089 360080 675705 376 19 360010 360095 19.4292 285990000000 285990000000 285990000000 257390000000 0 4.78772 0 0.01259 0.66986 0.56257 21.8396 32.3496 -15.0957 0.56184 0.13784 10.6085 30.8301 -14.4385 0.0574 309500000000 133500000000
 0.3000    66285 0.3100    73489      1       -1       -1       -1  0 2.98700e+11 2.76500e+11 163.723000 21.074000 51.960000  1 0.1600 177.880000 16.78688 13.82012 47.15102 66.450 32.870 24.390 -2.556e+10 -1.608e+10 -1.333e+10 0.01438 360090 360081 675705 1152 18 360010 360095 21.0741 276460000000 276460000000 276460000000 219260000000 95330000000 21.3433 0 0.01105 0.60779 0.27416 23.4727 14.5841 -7.9376 0.5606 0.24736 13.7826 9.23318 -10.8547 0.0619 277800000000 143000000000
 0.2900    59338 0.3000    66285      1       -1       -1       -1  0 2.98700e+11 2.28800e+11 153.873000 12.163000 52.880000  1 0.1600 189.090000 16.70867 13.81272 47.12120 67.160 26.480 21.420 4.341e+09 7.953e+09 -1.076e+10 0.00928 360091 360082 675705 1114 17 360010 360095 12.163 228790000000 228790000000 228790000000 200190000000 85797000000 5.09479 0 0.00656 0.6082 0.27643 12.7374 -19.7627 20.8325 0.42652 0.16341 19.0045 -13.1428 13.948 0.059 257900000000 85800000000
 0.2800    52723 0.2900    59338      1       -1       -1       -1  0 2.98700e+11 2.47900e+11 158.188000 16.907000 48.650000  1 0.1600 184.260000 16.62313 13.79920 47.09555 63.100 25.150 18.490 4.973e+09 3.125e+10 -1.949e+09 0.01726 360092 360083 675705 1102 16 360010 360095 16.9066 247860000000 247860000000 209730000000 181130000000 76264000000 11.6765 0 0.01316 0.66995 0.44273 4.92304 25.3375 -20.2423 0.20809 0.10871 -3.58473 29.4496 -28.4539 0.0539 232600000000 133500000000
 0.2700    46430 0.2800    52723      1       -1       -1       -1  0 2.98700e+11 2.28800e+11 154.163000 17.988000 46.540000  1 0.1600 179.270000 16.56067 13.75935 47.07448 54.190 22.660 13.010 2.284e+10 4.239e+10 2.673e+10 0.03464 360093 360084 675705 1626 15 360010 360095 17.9875 228790000000 228790000000 228790000000 200190000000 19066000000 9.44806 0 0.0266 0.61479 0.20753 26.1158 25.0882 -11.8753 0.54622 0.02492 18.4068 23.8082 -8.47705 0.0503 237000000000 133500000000
 0.2600    40473 0.2700    46430      1       -1       -1       -1  0 2.98700e+11 2.57400e+11 160.473000 18.991000 45.080000  1 0.1600 189.370000 16.49376 13.73550 47.05661 48.060 20.420 13.710 2.456e+10 4.743e+10 2.848e+10 0.03078 360094 360085 675705 307 14 360010 360095 18.9915 257390000000 247860000000 247860000000 200190000000 0 6.10178 0.97 0.02447 0.44567 0.40565 49.4432 -8.09652 -14.8197 0.06644 0.01894 71.5336 20.2192 -3.55372 0.0462 250900000000 114400000000
 0.2500    34883 0.2600    40473      1       -1       -1       -1  0 2.98700e+11 2.95500e+11 168.169000 30.324000 49.650000  1 0.1600 187.460000 16.44522 13.71804 47.04500 45.340 20.180 14.000 -1.162e+10 2.822e+10 2.619e+10 0.01660 360095 360086 675705 1393 13 360010 360095 30.3243 295520000000 285990000000 285990000000 181130000000 85797000000 9.50091 1.47 0.01316 0.46289 0.27797 25.0058 -11.337 -15.3498 0.37125 0.07843 25.1821 -12.494 -18.3893 0.0464 251000000000 219300000000
 0.2400    29634 0.2500    34883      1       -1       -1       -1  0 2.98700e+11 2.95500e+11 168.293000 25.250000 48.140000  1 0.1600 197.120000 16.37197 13.71033 47.01179 42.990 22.500 16.270 -1.197e+10 3.961e+09 1.557e+10 0.00872 360096 360087 675705 290 12 360010 360095 25.2496 295520000000 295520000000 295520000000 219260000000 85797000000 16.195 0 0.00669 0.32048 0.2367 -26.1372 32.1249 -22.7676 0.11299 0.02725 -36.1966 45.2455 -31.6803 0.0412 285600000000 181100000000
 0.2300    24792 0.2400    29634      1       -1       -1       -1  0 2.92367e+11 3.05100e+11 170.200000 24.097000 45.190000  1 0.1600 205.570000 16.30654 13.68018 46.97036 41.260 20.760 14.940 -2.439e+10 1.559e+09 1.705e+10 0.01223 360097 360088 675705 672 11 360010 360095 24.0969 305060000000 305060000000 305060000000 238320000000 28599000000 11.8822 0 0.00964 0.71709 0.50312 -10.4053 29.4174 -10.214 0.78172 0.48876 -12.6428 17.6535 -17.726 0.0377 291100000000 209700000000
 0.2200    20342 0.2300    24792      1       -1       -1       -1  0 2.73300e+11 2.76500e+11 164.809000 24.034000 45.010000  1 0.1600 202.250000 16.24481 13.64901 46.94404 37.220 16.380 14.600 -6.993e+07 9.501e+09 2.171e+10 0.01205 360098 360089 675705 607 10 360010 360095 24.0339 276460000000 266920000000 266920000000 209730000000 66731000000 12.4618 0 0.00923 0.45732 0.25486 -15.7048 -22.9197 23.1992 0.48477 0.03321 -20.8063 -15.7398 16.9734 0.0361 249800000000 190700000000
 0.2100    16324 0.2200    20342      1       -1       -1       -1  0 2.41500e+11 2.38300e+11 156.944000 24.413000 41.490000  1 0.1600 194.740000 16.18232 13.60027 46.90391 35.580 17.060 12.780 1.659e+10 1.622e+10 2.804e+10 0.02297 360099 360090 675705 502 9 360010 360095 24.4134 238320000000 238320000000 238320000000 133460000000 0 15.1325 0 0.01858 0.41809 0.09178 31.5679 -2.48782 -31.4066 0.38563 0.00601 30.4181 -5.41124 -21.8801 0.0384 231700000000 152500000000
 0.2000    12780 0.2100    16324      1       -1       -1       -1  0 2.22433e+11 2.09700e+11 150.477000 41.624000 35.460000  1 0.1600 177.220000 16.10786 13.55062 46.90479 36.220 17.670 9.370 1.711e+10 1.375e+10 2.444e+10 0.02459 360100 360091 675705 1109 8 360010 360095 41.6244 209730000000 209730000000 209730000000 114400000000 0 23.8786 0 0.02126 0.47361 0.26944 35.841 20.5455 -24.1153 0.14079 0 37.5523 19.8018 -14.4667 0.0361 198000000000 228800000000
 0.1900     9717 0.2000    12780      1       -1       -1       -1  0 1.87500e+11 2.19300e+11 152.796000 48.190000 34.310000  1 0.1600 182.610000 16.02433 13.55032 46.88147 31.160 16.840 10.760 1.548e+10 1.097e+10 3.295e+10 0.02572 360101 360092 675705 374 7 360010 360095 48.1903 219260000000 209730000000 200190000000 0 0 12.7666 0 0.02343 0.64005 0.47742 -13.6977 76.8106 -19.315 0 0 0 0 0 0.0352 181700000000 228800000000
 0.1800     7089 0.1900     9717      1       -1       -1       -1  0 1.43020e+11 1.33500e+11 129.548000 56.005000 28.020000  1 0.1600 156.960000 15.94770 13.51927 46.85264 25.840 12.970 6.580 1.655e+08 1.728e+09 4.263e+09 0.00704 360102 360093 675705 299 6 360010 360095 56.005 133460000000 123930000000 123930000000 47665000000 0 15.433 2.27 0.00666 0.79628 0.5147 19.6396 24.5492 7.84906 0.60532 0.45706 20.1521 6.71928 9.89697 0.0334 150200000000 238300000000
 0.1700     4933 0.1800     7089      1       -1       -1       -1  0 1.14400e+11 7.62600e+10 107.544000 38.149000 22.800000  1 0.1600 134.800000 15.87196 13.47913 46.83901 11.170 9.100 5.810 -5.049e+09 7.387e+08 4.809e+09 0.02503 360103 360094 675705 533 5 360010 360095 38.1494 76264000000 57198000000 57198000000 38132000000 0 38.259 5.61 0.02655 0.86661 0.34178 32.168 8.18576 44.9694 0.77232 0.64297 20.0948 -10.1609 21.5129 0.0334 115900000000 133500000000
 0.1600     3233 0.1700     4933      0       -1       -1       -1  0 1.14400e+11 1.14400e+11 123.150000 35.979000 21.430000  1 0.1600 161.010000 15.79992 13.45367 46.81494 18.040 9.030 4.720 -2.763e+09 -4.703e+08 3.550e+09 0.00849 360104 360095 675705 159 4 360010 360095 35.9791 114400000000 104860000000 104860000000 0 0 45.153 0 0.00898 0.14306 0 19.0721 56.6473 7.52358 0 0 0 0 0 0.0234 95770000000 114400000000
