 1.0000   681821 0.0000       -1      1       -1       -1       -1  0 3.71800e+11 3.33700e+11 141.895000 11.557000 126.820000  1 0.4700 127.120000 46.53868 38.21461 30.89477 150.720 -194.130 115.990 -3.639e+09 1.292e+11 -1.052e+11 0.02076 370720 370720 681821 7336 88 370719 370773 11.5567 343190000000 343190000000 305060000000 247860000000 114400000000 5.66872 5.15 0.02475 0.78488 0.293 15.4623 6.1486 17.7538 0.70978 0.24206 16.0095 4.71473 13.0109 0.6869 463000000000 162100000000
 0.9900   673717 1.0000   681821      1       -1       -1       -1  0 3.71800e+11 3.33700e+11 142.493000 10.587000 123.290000  1 0.4700 130.420000 46.52580 38.23619 30.87971 142.470 -192.630 103.790 -1.489e+10 1.170e+11 -9.578e+10 0.02002 370721 370721 681821 7332 87 370719 370773 10.5875 343190000000 371790000000 305060000000 257390000000 66731000000 5.10855 6.5 0.02264 0.77715 0.30638 15.3902 5.36195 16.299 0.5452 0.2326 14.4444 5.34567 14.8107 0.6512 485600000000 152500000000
 0.9800   665270 0.9900   673717      1       -1       -1       -1  0 3.71800e+11 3.33700e+11 143.090000 11.252000 118.010000  1 0.4700 128.980000 46.50324 38.25685 30.86344 140.130 -190.920 102.420 6.794e+10 1.300e+11 -7.226e+10 0.02182 370722 370722 681821 7373 86 370719 370773 11.2517 343190000000 371790000000 324120000000 247860000000 47665000000 6.48015 6.67 0.02442 0.7399 0.36124 24.8586 12.2849 2.6019 0.36829 0.09404 24.6608 16.3768 7.32892 0.6255 468800000000 133500000000
 0.9700   656866 0.9800   665270      1       -1       -1       -1  0 3.71800e+11 3.33700e+11 143.686000 13.082000 113.420000  1 0.4700 124.920000 46.49383 38.27727 30.85608 138.100 -188.280 99.820 6.975e+10 1.332e+11 -7.498e+10 0.02294 370723 370723 681821 6350 85 370719 370773 13.0819 352720000000 371790000000 324120000000 238320000000 0 1.94693 6.84 0.02517 0.76127 0.45631 24.5318 18.3628 2.4538 0.62871 0.12704 13.5808 20.7854 0.25538 0.5973 465700000000 162100000000
 0.9600   648523 0.9700   656866      1       -1       -1       -1  0 3.71800e+11 3.62300e+11 148.292000 14.046000 118.010000  1 0.4700 127.630000 46.47857 38.29836 30.84323 134.950 -190.080 95.870 9.993e+10 4.085e+10 -2.282e+10 0.01217 370724 370724 681821 7360 84 370719 370773 14.0459 362250000000 371790000000 333650000000 257390000000 0 7.74732 0 0.01446 0.66729 0.51032 26.0437 22.0108 -2.21167 0.64008 0.38404 16.3441 21.6592 4.43885 0.6379 500700000000 162100000000
 0.9500   640185 0.9600   648523      1       -1       -1       -1  0 3.71800e+11 3.33700e+11 144.877000 13.953000 107.630000  1 0.4700 124.100000 46.46362 38.31956 30.83111 133.100 -188.940 93.070 6.465e+10 1.361e+11 -7.358e+10 0.02382 370725 370725 681821 7391 83 370719 370773 13.9532 371790000000 371790000000 343190000000 247860000000 47665000000 1.32184 12.39 0.02528 0.69548 0.47438 27.156 18.466 -3.96273 0.89116 0.50699 -4.204 19.2615 -12.9829 0.557 425700000000 133500000000
 0.9400   631867 0.9500   640185      1       -1       -1       -1  0 3.71800e+11 3.43200e+11 146.843000 15.235000 106.410000  1 0.4700 123.610000 46.44534 38.33760 30.80808 129.690 -184.440 91.180 5.599e+10 1.614e+11 -6.469e+10 0.02448 370726 370726 681821 7403 82 370719 370773 15.2348 362250000000 371790000000 324120000000 247860000000 28599000000 13.1606 12.42 0.02637 0.84353 0.43087 16.3882 16.3472 -2.91067 0.88212 0.19046 -5.20219 11.1802 0.38028 0.5517 405900000000 171600000000
 0.9300   623531 0.9400   631867      1       -1       -1       -1  0 3.71800e+11 3.43200e+11 147.441000 16.030000 104.820000  1 0.4700 122.780000 46.43353 38.35834 30.79424 124.100 -182.290 88.960 1.203e+11 1.549e+11 -9.868e+10 0.03011 370727 370727 681821 7430 81 370719 370773 16.0301 362250000000 371790000000 314590000000 247860000000 19066000000 12.8716 12.56 0.03179 0.90819 0.45713 5.69987 25.5481 -8.1483 0.33634 0.03057 -12.698 19.312 -7.18067 0.5308 396200000000 200200000000
 0.9200   615186 0.9300   623531      1       -1       -1       -1  0 3.71800e+11 3.33700e+11 146.654000 14.990000 103.470000  1 0.4700 123.690000 46.42423 38.38954 30.78747 120.420 -180.680 87.370 9.727e+10 1.815e+11 -1.081e+11 0.03489 370728 370728 681821 7463 80 370719 370773 14.9904 352720000000 371790000000 314590000000 257390000000 28599000000 6.13726 13.2 0.03542 0.70007 0.36991 -6.32347 24.0036 -11.4373 0.1912 0.00463 -3.36075 21.6695 -9.41668 0.5083 398700000000 190700000000
 0.9100   606810 0.9200   615186      1       -1       -1       -1  0 3.71800e+11 3.24100e+11 145.828000 12.880000 109.790000  1 0.4700 127.080000 46.40186 38.42390 30.77554 119.940 -176.540 87.250 3.439e+10 1.265e+11 3.720e+10 0.02096 370729 370729 681821 7489 79 370719 370773 12.8801 343190000000 352720000000 305060000000 257390000000 0 9.62709 1.91 0.02185 0.7274 0.46393 -10.8193 28.1318 -9.94018 0.7322 0.04279 -9.30475 21.182 -12.6611 0.5487 419700000000 162100000000
 0.9000   598434 0.9100   606810      1       -1       -1       -1  0 3.71800e+11 3.05100e+11 143.482000 12.546000 96.640000  1 0.4700 125.270000 46.39262 38.44534 30.76477 122.690 -169.510 88.750 -5.185e+10 1.777e+11 3.396e+10 0.03611 370730 370730 681821 7494 78 370719 370773 12.5463 324120000000 352720000000 295520000000 266920000000 0 11.9665 7.64 0.03351 0.98246 0.71605 -16.3851 15.4447 -15.1197 0.84109 0.37592 25.9128 4.31056 6.89033 0.4346 417200000000 123900000000
 0.8900   590021 0.9000   598434      1       -1       -1       -1  0 3.71800e+11 3.05100e+11 144.052000 11.829000 98.550000  1 0.4700 127.630000 46.37099 38.46786 30.74997 120.690 -166.760 85.580 -5.734e+10 1.733e+11 4.442e+10 0.03645 370731 370731 681821 7544 77 370719 370773 11.8286 314590000000 343190000000 305060000000 257390000000 9533000000 10.8984 7.09 0.03358 0.81702 0.69374 20.5396 9.20378 14.4071 0.6324 0.3451 26.1664 9.20111 10.3367 0.4392 435200000000 104900000000
 0.8800   581640 0.8900   590021      1       -1       -1       -1  0 3.71800e+11 2.95500e+11 143.097000 11.857000 102.540000  1 0.4700 126.470000 46.34747 38.48845 30.73887 122.150 -159.340 85.830 -5.038e+10 7.757e+10 3.489e+10 0.02029 370732 370732 681821 7506 76 370719 370773 11.8573 305060000000 362250000000 295520000000 257390000000 38132000000 9.34682 3.36 0.0187 0.64135 0.61722 12.7224 11.484 10.6657 0.46879 0.24727 17.6505 9.85684 9.06069 0.4611 420500000000 133500000000
 0.8700   573163 0.8800   581640      1       -1       -1       -1  0 3.71800e+11 2.95500e+11 143.657000 10.924000 104.740000  1 0.4700 129.650000 46.33549 38.51041 30.73273 118.590 -156.910 85.520 -4.443e+10 7.686e+10 3.838e+10 0.02036 370733 370733 681821 6578 75 370719 370773 10.9243 305060000000 333650000000 295520000000 247860000000 123930000000 11.7351 0 0.01836 0.52196 0.38444 19.2771 15.3156 15.4869 0.06938 0.01507 22.5535 13.9878 14.9635 0.4602 406500000000 143000000000
 0.8600   564695 0.8700   573163      1       -1       -1       -1  0 3.71800e+11 2.95500e+11 144.215000 10.900000 106.340000  1 0.4700 130.340000 46.31617 38.52608 30.72028 116.950 -155.770 79.680 -7.724e+10 1.395e+11 4.387e+10 0.03500 370734 370734 681821 7626 74 370719 370773 10.9002 305060000000 324120000000 285990000000 247860000000 95330000000 2.90801 3.07 0.03152 0.82368 0.52168 8.17161 14.3301 13.089 0.76902 0.23885 5.40385 15.666 10.5612 0.4661 434800000000 114400000000
 0.8500   556258 0.8600   564695      1       -1       -1       -1  0 3.71800e+11 2.86000e+11 143.197000 9.892000 107.020000  1 0.4700 132.420000 46.30049 38.55022 30.68967 114.850 -153.040 76.780 -7.829e+10 5.584e+10 4.255e+10 0.02207 370735 370735 681821 7606 73 370719 370773 9.89211 295520000000 314590000000 295520000000 238320000000 0 16.9087 0 0.02125 0.71982 0.29999 -3.93553 6.0808 30.6637 0.65869 0.15166 -7.49715 4.90228 27.55 0.5069 412300000000 76260000000
 0.8400   547760 0.8500   556258      1       -1       -1       -1  0 3.71800e+11 2.86000e+11 143.745000 11.394000 104.010000  1 0.4700 128.430000 46.27423 38.57498 30.68133 112.700 -150.150 73.820 -7.924e+10 5.572e+10 4.205e+10 0.02205 370736 370736 681821 7648 72 370719 370773 11.3937 295520000000 314590000000 285990000000 238320000000 0 16.2248 0 0.02142 0.79442 0.42655 6.98563 8.69809 32.7225 0.7799 0.40761 -4.27625 2.06922 30.1851 0.4973 381000000000 114400000000
 0.8300   539238 0.8400   547760      1       -1       -1       -1  1 3.71800e+11 2.90800e+11 145.098000 12.292000 99.110000  1 0.4700 127.710000 46.25954 38.59455 30.67171 112.700 -150.150 73.820 -6.470e+10 5.363e+10 3.976e+10 0.01956 370737 370737 681821 8320 71 370719 370773 12.3574 300290000000 309825000000 281225000000 233555000000 19066000000 12.7726 3.66 0.018565 0.78767 0.50249 7.27747 14.5618 7.88694 0.57948 0.29934 -3.57598 12.019 7.04751 0.45555 378100000000 128700000000
 0.8200   530649 0.8300   539238      1       -1       -1       -1  0 3.71800e+11 2.95500e+11 146.426000 13.190000 93.670000  1 0.4700 126.980000 46.24821 38.61983 30.67998 103.200 -150.950 64.220 -5.015e+10 5.154e+10 3.747e+10 0.01707 370738 370738 681821 6696 70 370719 370773 13.1904 305060000000 305060000000 276460000000 228790000000 38132000000 9.32035 7.32 0.01571 0.78092 0.57843 7.56932 20.4255 -16.9486 0.37906 0.19107 -2.8757 21.9687 -16.0901 0.4138 375200000000 143000000000
 0.8100   522007 0.8200   530649      1       -1       -1       -1  0 3.71800e+11 2.95500e+11 146.972000 15.084000 90.210000  1 0.4700 123.810000 46.22942 38.63601 30.67381 101.280 -148.820 61.430 -3.743e+10 4.594e+10 2.833e+10 0.01375 370739 370739 681821 7789 69 370719 370773 15.0842 305060000000 305060000000 266920000000 209730000000 76264000000 10.7548 7.06 0.01278 0.82195 0.47495 -7.20759 18.0495 -19.4272 0.88814 0.36052 15.1372 18.7 -3.36579 0.4002 334100000000 171600000000
 0.8000   513322 0.8100   522007      1       -1       -1       -1  0 3.71800e+11 2.95500e+11 147.516000 17.916000 86.930000  1 0.4700 120.020000 46.21318 38.65728 30.66914 101.490 -145.730 57.660 -1.870e+10 1.194e+11 1.347e+10 0.02472 370740 370740 681821 6912 68 370719 370773 17.916 305060000000 305060000000 247860000000 190660000000 19066000000 8.26385 6.9 0.02376 0.69993 0.27361 16.0745 -14.4458 21.973 0.72304 0.18155 19.7832 9.1509 9.57434 0.3991 304600000000 181100000000
 0.7900   504679 0.8000   513322      1       -1       -1       -1  0 3.71800e+11 2.66900e+11 143.118000 20.094000 84.060000  1 0.4700 113.320000 46.17833 38.67579 30.68114 105.750 -138.340 58.380 1.081e+10 1.119e+11 -3.721e+10 0.02658 370741 370741 681821 7929 67 370719 370773 20.0941 266920000000 266920000000 219260000000 181130000000 0 28.3682 0 0.02753 0.69426 0.59404 -13.3348 -13.9607 33.0663 0.10389 0 8.93388 -0.37268 37.7568 0.4306 273000000000 181100000000
 0.7800   496038 0.7900   504679      1       -1       -1       -1  0 3.71800e+11 2.66900e+11 143.638000 17.024000 79.580000  1 0.4700 117.650000 46.18369 38.70615 30.64642 100.330 -135.680 55.400 3.152e+09 5.038e+10 -2.625e+10 0.01363 370742 370742 681821 6825 66 370719 370773 17.0235 266920000000 305060000000 219260000000 181130000000 0 10.9429 0 0.01329 0.6798 0.29199 21.7511 30.3382 -10.06 0.96893 0.58805 -15.584 27.8749 -17.5806 0.3744 280000000000 162100000000
 0.7700   487364 0.7800   496038      1       -1       -1       -1  0 3.71800e+11 2.66900e+11 144.155000 19.058000 78.590000  1 0.4700 115.670000 46.16049 38.72762 30.62677 96.820 -131.890 55.130 -3.354e+10 2.376e+10 -2.955e+10 0.01200 370743 370743 681821 7929 65 370719 370773 19.0579 266920000000 285990000000 219260000000 181130000000 0 11.7259 4.78 0.01188 0.41629 0.18191 -18.8872 -22.4551 23.3258 0.07867 0.00037 15.4613 25.701 -19.2528 0.3757 275700000000 181100000000
 0.7600   478668 0.7700   487364      1       -1       -1       -1  0 3.71800e+11 2.38300e+11 139.306000 18.721000 74.830000  1 0.4700 111.560000 46.14302 38.74792 30.61075 94.980 -126.950 54.330 7.656e+10 3.765e+10 -1.064e+11 0.03988 370744 370744 681821 7913 64 370719 370773 18.7205 238320000000 285990000000 190660000000 171590000000 0 8.16772 0 0.03884 0.38821 0.16741 -15.2782 -12.1766 27.3759 0 0 -7.08389 -6.83212 20.9999 0.3566 254600000000 152500000000
 0.7500   469947 0.7600   478668      1       -1       -1       -1  0 3.71800e+11 2.38300e+11 139.797000 25.867000 70.260000  1 0.4700 106.190000 46.12949 38.77349 30.59788 91.600 -123.770 52.320 7.473e+10 4.059e+10 -1.037e+11 0.03889 370745 370745 681821 8004 63 370719 370773 25.8675 238320000000 247860000000 190660000000 133460000000 0 11.4055 2.53 0.03839 0.4376 0.1986 -21.1264 -14.612 25.6558 0.46041 0.32838 -22.1571 -9.01083 22.9339 0.335 247500000000 190700000000
 0.7400   461137 0.7500   469947      1       -1       -1       -1  0 3.71800e+11 2.28800e+11 138.390000 33.572000 67.330000  1 0.4700 101.650000 46.13020 38.79889 30.58899 91.060 -120.600 50.310 7.758e+10 4.042e+10 -1.292e+11 0.04681 370746 370746 681821 7971 62 370719 370773 33.5721 228790000000 257390000000 181130000000 66731000000 0 16.8489 0 0.04803 0.53819 0.20148 28.053 16.937 -25.0718 0.12138 0 -21.9294 10.7218 23.1169 0.3374 240900000000 228800000000
 0.7300   452315 0.7400   461137      1       -1       -1       -1  0 3.71800e+11 2.19300e+11 136.912000 33.070000 66.740000  1 0.4700 100.780000 46.05141 38.83255 30.59522 92.510 -120.310 44.080 4.527e+10 5.978e+10 -1.018e+11 0.04012 370747 370747 681821 6942 61 370719 370773 33.07 219260000000 247860000000 171590000000 104860000000 0 28.5206 0 0.04199 0.68268 0.09534 -4.60894 41.6681 -9.42471 0.2095 0 47.5508 3.81264 5.54021 0.3444 258400000000 209700000000
 0.7200   443479 0.7300   452315      1       -1       -1       -1  0 3.71800e+11 1.90700e+11 131.126000 19.510000 67.780000  1 0.4700 103.710000 46.07334 38.82733 30.57181 88.910 -116.810 42.320 6.802e+10 4.872e+10 -1.230e+11 0.06281 370748 370748 681821 8052 60 370719 370773 19.5103 190660000000 209730000000 152530000000 123930000000 19066000000 22.5798 0 0.06272 0.50932 0.39391 24.4727 6.96548 -18.6528 0.23453 0.08772 23.2185 5.13825 -10.9418 0.3464 238700000000 123900000000
 0.7100   434575 0.7200   443479      1       -1       -1       -1  0 3.71800e+11 1.62100e+11 124.632000 11.723000 62.400000  1 0.4700 108.450000 46.07627 38.84770 30.56837 82.760 -115.620 38.400 1.279e+10 3.188e+10 -5.233e+10 0.03540 370749 370749 681821 7008 59 370719 370773 11.7226 162060000000 200190000000 142990000000 123930000000 0 18.5528 0 0.03478 0.40008 0.10076 37.0533 4.51171 -29.4496 0.23861 0.11251 36.598 7.12739 -29.8362 0.314 225500000000 28600000000
 0.7000   425606 0.7100   434575      1       -1       -1       -1  0 3.71800e+11 2.38300e+11 142.203000 47.494000 65.110000  1 0.4700 102.450000 46.00011 38.89986 30.56348 86.670 -118.970 41.110 1.054e+10 1.503e+11 -1.648e+11 0.06176 370750 370750 681821 8093 58 370719 370773 47.4944 238320000000 266920000000 171590000000 66731000000 0 16.7369 3.34 0.06559 0.13064 0.02258 -23.6044 45.1484 -17.0055 0 0 -14.4272 30.9715 -12.1574 0.3173 250900000000 305100000000
 0.6900   416611 0.7000   425606      1       -1       -1       -1  0 3.71800e+11 1.90700e+11 132.445000 28.119000 62.320000  1 0.4700 99.810000 46.04371 38.92178 30.54954 86.930 -114.390 37.280 9.873e+10 1.747e+10 -8.830e+10 0.05630 370751 370751 681821 8111 57 370719 370773 28.1187 190660000000 190660000000 181130000000 76264000000 0 20.1446 7.21 0.05724 0.33291 0.00885 35.23 12.6534 -12.6905 0.27693 0 24.0803 0.14394 -16.6812 0.3024 234800000000 171600000000
 0.6800   407602 0.6900   416611      1       -1       -1       -1  0 3.71800e+11 2.47900e+11 145.021000 47.225000 64.490000  1 0.4700 105.130000 45.96191 38.96315 30.54454 85.120 -109.230 35.390 -2.579e+10 1.635e+11 -1.819e+11 0.06504 370752 370752 681821 8128 56 370719 370773 47.2253 247860000000 266920000000 190660000000 66731000000 0 16.289 4.95 0.06844 0.32427 0.04195 41.1388 -31.1694 19.3411 0 0 27.9312 -7.32803 4.36401 0.2901 248900000000 305100000000
 0.6700   398608 0.6800   407602      1       -1       -1       -1  0 3.71800e+11 2.28800e+11 141.657000 29.235000 67.480000  1 0.4700 107.690000 45.94195 38.99277 30.53401 80.630 -114.780 34.620 -7.181e+10 1.558e+11 -1.522e+11 0.06979 370753 370753 681821 8130 55 370719 370773 29.2354 228790000000 266920000000 219260000000 57198000000 0 16.1982 0 0.07334 0.16571 0.02386 37.384 2.44431 0.87001 0.09576 0 35.2893 5.68428 -1.19884 0.3131 253000000000 200200000000
 0.6600   389697 0.6700   398608      1       -1       -1       -1  0 3.71800e+11 2.28800e+11 142.107000 28.804000 71.890000  1 0.4700 108.590000 45.92188 39.02276 30.52361 79.030 -111.960 33.450 -7.301e+10 1.510e+11 -1.537e+11 0.06909 370754 370754 681821 8176 54 370719 370773 28.8043 228790000000 228790000000 219260000000 85797000000 0 16.8248 0 0.0732 0.62635 0.46904 51.4705 -1.62397 -6.8736 0.45532 0.10774 40.8426 -0.80496 -2.76483 0.3453 255100000000 190700000000
 0.6500   380678 0.6600   389697      1       -1       -1       -1  0 3.71800e+11 2.38300e+11 144.506000 40.526000 73.590000  1 0.4700 106.800000 45.90170 39.05312 30.51334 77.490 -108.950 32.080 -5.711e+10 1.607e+11 -1.400e+11 0.06327 370755 370755 681821 7077 53 370719 370773 40.5258 238320000000 238320000000 190660000000 95330000000 0 19.5391 1.36 0.06672 0.01452 0 63.7154 16.7273 -0.82117 0.54743 0.08162 42.2096 -5.62092 5.74801 0.3491 263500000000 266900000000
 0.6400   371613 0.6500   380678      1       -1       -1       -1  0 3.71800e+11 2.28800e+11 142.993000 38.958000 71.510000  1 0.4700 106.290000 45.88543 39.05791 30.50304 80.370 -103.900 27.030 -3.793e+10 7.145e+10 -1.758e+11 0.06004 370756 370756 681821 7112 52 370719 370773 38.9582 228790000000 276460000000 190660000000 47665000000 19066000000 29.2623 0 0.06303 0.1927 0.01838 36.6739 22.2832 -3.40887 0.48973 0.12845 34.3508 -1.8687 11.0437 0.3375 270700000000 266900000000
 0.6300   362517 0.6400   371613      1       -1       -1       -1  0 3.71800e+11 2.66900e+11 150.991000 30.247000 72.590000  1 0.4700 116.650000 45.85525 39.08198 30.50277 73.510 -107.230 26.710 -7.709e+10 5.897e+10 -1.284e+11 0.03914 370757 370757 681821 7201 51 370719 370773 30.2471 266920000000 295520000000 257390000000 47665000000 9533000000 22.687 0 0.04081 0.26119 0.12287 47.4934 28.942 -6.02117 0 0 15.0795 0.1297 -5.08881 0.31 269600000000 209700000000
 0.6200   353411 0.6300   362517      1       -1       -1       -1  0 3.71800e+11 3.14600e+11 159.969000 48.983000 71.480000  1 0.4700 118.580000 45.83476 39.11397 30.49366 68.160 -106.680 30.550 -9.742e+10 6.077e+10 -1.455e+11 0.03577 370758 370758 681821 7200 50 370719 370773 48.9831 314590000000 324120000000 266920000000 66731000000 9533000000 14.987 1.73 0.03596 0.31273 0.2254 39.3734 22.3647 3.21658 0.2953 0.09492 27.1508 16.014 -2.77223 0.2618 281000000000 362300000000
 0.6100   344276 0.6200   353411      1       -1       -1       -1  0 3.71800e+11 3.05100e+11 158.804000 60.812000 75.510000  1 0.4700 116.760000 45.87105 39.16703 30.48481 70.590 -109.920 25.460 -7.587e+10 6.734e+10 -1.180e+11 0.03159 370759 370759 681821 7201 49 370719 370773 60.8116 305060000000 305060000000 181130000000 123930000000 28599000000 35.8831 3.05 0.032 0.41387 0.29851 36.9595 6.13097 -1.65513 0.06441 0 30.6643 0.69798 13.8054 0.2852 276200000000 400400000000
 0.6000   335151 0.6100   344276      1       -1       -1       -1  0 3.71800e+11 3.43200e+11 165.643000 35.313000 78.040000  1 0.4700 128.340000 45.80075 39.19671 30.48890 68.800 -102.460 27.540 -3.452e+10 8.070e+10 -1.759e+11 0.03582 370760 370760 681821 7242 48 370719 370773 35.3127 343190000000 343190000000 324120000000 152530000000 9533000000 18.8133 0 0.03345 0.15401 0.06472 46.9215 15.3749 -2.48323 0.15743 0.03079 32.978 12.4607 0.04999 0.2476 322900000000 324100000000
 0.5900   325984 0.6000   335151      1       -1       -1       -1  0 3.71800e+11 3.62300e+11 169.137000 35.316000 83.190000  1 0.4700 131.940000 45.77884 39.22709 30.47511 67.870 -99.480 25.270 -1.669e+10 1.475e+10 -1.336e+11 0.02335 370761 370761 681821 7253 47 370719 370773 35.3158 362250000000 362250000000 333650000000 181130000000 9533000000 16.9402 2.83 0.02121 0.29908 0.06674 39.7172 18.9833 2.07082 0.25069 0.00178 30.0874 15.5689 4.75244 0.2548 326300000000 324100000000
 0.5800   316753 0.5900   325984      1       -1       -1       -1  0 3.71800e+11 3.52700e+11 168.110000 31.336000 86.030000  1 0.4700 133.820000 45.70437 39.23975 30.45826 61.970 -103.460 25.290 2.686e+10 3.554e+10 -1.446e+11 0.02769 370762 370762 681821 7263 46 370719 370773 31.336 352720000000 362250000000 343190000000 190660000000 57198000000 34.3052 0 0.02494 0.58453 0.28151 44.6569 17.3672 4.88785 0.59034 0.09638 -1.32821 18.0048 27.3531 0.2682 342100000000 286000000000
 0.5700   307530 0.5800   316753      1       -1       -1       -1  0 3.71800e+11 3.81300e+11 173.012000 16.177000 89.620000  1 0.4700 157.790000 45.73196 39.29195 30.45118 63.740 -98.940 22.280 -2.772e+10 -1.373e+10 -1.779e+11 0.03106 370763 370763 681821 7275 45 370719 370773 16.1769 381320000000 381320000000 352720000000 285990000000 9533000000 14.6646 0 0.02633 0.54808 0.39022 34.784 26.4471 3.62318 0.16045 0.04802 35.0662 19.3413 14.4204 0.2506 424700000000 133500000000
 0.5600   298289 0.5700   307530      1       -1       -1       -1  0 3.71800e+11 3.71800e+11 172.022000 15.061000 92.630000  1 0.4700 160.070000 45.69852 39.31738 30.44646 64.880 -96.320 23.820 3.930e+10 7.639e+10 -2.359e+11 0.04740 370764 370764 681821 7262 44 370719 370773 15.061 371790000000 371790000000 352720000000 314590000000 0 3.61805 0 0.03847 0.55982 0.3477 38.1118 23.4601 -3.63119 0.30487 0.10621 36.1059 24.3601 -2.24131 0.2483 449700000000 171600000000
 0.5500   289042 0.5600   298289      1       -1       -1       -1  0 3.62267e+11 3.62300e+11 170.991000 16.892000 93.500000  1 0.4700 155.540000 45.66048 39.36107 30.44869 64.560 -94.390 20.990 3.017e+10 8.515e+10 -2.376e+11 0.05187 370765 370765 681821 7297 43 370719 370773 16.8915 362250000000 362250000000 352720000000 295520000000 142990000000 13.9876 0.89 0.04099 0.81653 0.55324 21.5658 20.8097 3.82677 0.66024 0.41548 19.2673 19.3935 9.70492 0.2455 389700000000 200200000000
 0.5400   279820 0.5500   289042      1       -1       -1       -1  0 3.52733e+11 3.52700e+11 169.918000 28.243000 92.190000  1 0.4700 140.420000 45.65540 39.36304 30.40853 62.580 -92.240 19.610 1.919e+10 9.961e+10 -2.179e+11 0.04444 370766 370766 681821 7211 42 370719 370773 28.2429 352720000000 352720000000 352720000000 219260000000 28599000000 40.2535 0 0.04084 0.20715 0.13284 -17.9705 16.1488 27.0706 0.14015 0.07162 -20.5372 17.5965 26.3247 0.3065 354600000000 247900000000
 0.5300   270584 0.5400   279820      1       -1       -1       -1  0 3.46367e+11 3.43200e+11 168.801000 26.178000 81.860000  1 0.4700 141.910000 45.62878 39.42072 30.42986 62.740 -90.370 16.850 1.384e+10 8.803e+10 -2.181e+11 0.04805 370767 370767 681821 7263 41 370719 370773 26.1782 343190000000 343190000000 343190000000 171590000000 38132000000 11.5418 0 0.04224 0.46586 0.23411 29.7766 7.408 -20.2843 0.32124 0.02265 7.2292 22.7731 -2.79959 0.2479 345300000000 228800000000
 0.5200   261356 0.5300   270584      1       -1       -1       -1  0 3.24133e+11 3.43200e+11 169.221000 39.837000 75.840000  1 0.4700 134.760000 45.60496 39.45758 30.42221 59.120 -86.390 16.470 6.784e+10 6.595e+10 -2.180e+11 0.04482 370768 370768 681821 6099 40 370719 370773 39.8374 343190000000 343190000000 333650000000 123930000000 0 12.8568 0 0.04296 0.26599 0.18249 59.8497 16.917 -16.2185 0.3711 0.01556 27.638 9.79501 11.2542 0.2545 308500000000 333700000000
 0.5100   252082 0.5200   261356      1       -1       -1       -1  0 2.79633e+11 2.86000e+11 159.630000 36.904000 69.050000  1 0.4700 128.160000 45.58525 39.51120 30.42156 45.200 -97.240 6.240 1.623e+10 2.356e+10 -8.736e+10 0.02205 370769 370769 681821 6035 39 370719 370773 36.9038 285990000000 285990000000 266920000000 76264000000 0 22.5036 15.96 0.02271 0.44209 0.05985 50.5992 6.6402 -2.82963 0.37352 0.19848 39.3142 -4.02522 -0.10069 0.279 272100000000 276500000000
 0.5000   242911 0.5100   252082      1       -1       -1       -1  0 2.19267e+11 2.09700e+11 144.293000 38.837000 59.360000  1 0.4700 114.740000 45.54733 39.54862 30.41963 48.700 -92.200 6.230 2.747e+09 4.052e+10 -1.004e+11 0.04384 370770 370770 681821 6057 38 370719 370773 38.8366 209730000000 209730000000 162060000000 0 0 21.8663 0 0.04527 0.43837 0.00587 41.8289 17.8049 -10.3338 0 0 0 0 0 0.2363 243500000000 228800000000
 0.4900   233703 0.5000   242911      1       -1       -1       -1  0 1.90700e+11 1.62100e+11 132.716000 31.692000 56.980000  1 0.4700 107.550000 45.52259 39.58506 30.41346 43.130 -93.760 2.130 7.534e+09 5.025e+10 4.545e+08 0.03091 370771 370771 681821 7125 37 370719 370773 31.6915 162060000000 162060000000 142990000000 19066000000 0 29.0918 0 0.03293 0.39026 0.21625 60.3137 16.499 9.01328 0 0 0 0 0 0.2567 250400000000 162100000000
 0.4800   224529 0.4900   233703      1       -1       -1       -1  0 1.90700e+11 1.33500e+11 124.680000 47.247000 50.660000  1 0.4700 98.290000 45.48521 39.62043 30.41022 38.530 -94.300 -2.850 1.624e+10 8.769e+09 -8.775e+09 0.01610 370772 370772 681821 7162 36 370719 370773 47.2475 133460000000 133460000000 95330000000 9533000000 9533000000 63.4119 1.99 0.01847 0.02589 0 11.2361 7.72031 18.0716 0 0 0 0 0 0.2506 207700000000 228800000000
 0.4700   215392 0.4800   224529      0       -1       -1       -1  0 1.90700e+11 1.90700e+11 140.728000 23.813000 56.520000  1 0.4700 121.250000 45.54861 39.70118 30.42727 36.230 -83.990 3.820 -1.118e+10 -1.804e+09 -1.151e+10 0.00928 370773 370773 681821 7161 35 370719 370773 23.813 190660000000 190660000000 181130000000 133460000000 38132000000 17.2312 0 0.00813 0.28248 0.02494 2.74017 15.6008 17.5479 0.55657 0.02398 1.30653 9.85556 10.2026 0.1526 179200000000 133500000000
