 1.0000   682217 0.0000       -1      1       -1       -1       -1  0 1.84333e+11 1.52500e+11 109.308000 7.518000 78.880000  1 0.4500 102.160000 59.83859 55.45846 40.97467 198.920 -266.290 93.760 -9.612e+10 6.167e+09 6.198e+09 0.05665 533319 533319 682217 7732 88 533318 533374 7.51806 152530000000 152530000000 142990000000 114400000000 47665000000 8.15052 0 0.05284 0.70851 0.33064 -1.06849 -7.50431 12.4763 0.79762 0.29395 -1.36841 -1.5211 11.6507 0.4606 214000000000 47660000000
 0.9900   674113 1.0000   682217      1       -1       -1       -1  0 1.84333e+11 1.52500e+11 109.768000 7.756000 76.460000  1 0.4500 101.760000 59.81833 55.48194 40.95821 197.580 -263.910 92.960 -9.394e+10 5.542e+09 6.415e+09 0.05665 533320 533320 682217 7718 87 533318 533374 7.75579 152530000000 152530000000 142990000000 114400000000 47665000000 5.26329 0 0.05179 0.3473 0.13447 -3.17405 -8.5996 11.3742 0.31751 0.10741 -4.35965 -7.8075 11.9683 0.434 224600000000 57200000000
 0.9800   665661 0.9900   674113      1       -1       -1       -1  0 1.84333e+11 1.52500e+11 110.228000 8.006000 74.540000  1 0.4500 101.350000 59.79874 55.51167 40.94786 196.140 -261.570 92.110 -9.224e+10 5.456e+09 6.368e+09 0.05569 533321 533321 682217 7816 86 533318 533374 8.00572 152530000000 152530000000 133460000000 114400000000 47665000000 3.00461 0 0.051 0.43294 0.19181 -6.23618 -14.6751 18.9652 0.11308 0.0277 7.38988 20.0709 -19.3631 0.4207 232400000000 66730000000
 0.9700   657252 0.9800   665661      1       -1       -1       -1  0 1.84333e+11 1.52500e+11 110.688000 8.367000 73.010000  1 0.4500 100.640000 59.77629 55.54330 40.93449 194.640 -259.260 91.220 -9.107e+10 5.653e+09 6.318e+09 0.05441 533322 533322 682217 6754 85 533318 533374 8.36662 152530000000 152530000000 142990000000 114400000000 47665000000 3.58803 0 0.05052 0.57656 0.26873 -8.16196 -13.7614 21.8686 0.49124 0.15721 -14.6427 2.28818 17.6702 0.4153 208000000000 66730000000
 0.9600   648907 0.9700   657252      1       -1       -1       -1  0 1.84333e+11 1.52500e+11 111.147000 7.321000 72.120000  1 0.4500 104.570000 59.75346 55.56302 40.92553 193.090 -256.950 90.300 -9.015e+10 5.943e+09 6.211e+09 0.05598 533323 533323 682217 7831 84 533318 533374 7.32104 152530000000 152530000000 133460000000 114400000000 38132000000 8.06121 0 0.05018 0.78824 0.51884 7.79259 17.1478 -13.7317 0.93674 0.55 -9.22593 -7.90117 14.6279 0.3902 232200000000 38130000000
 0.9500   640563 0.9600   648907      1       -1       -1       -1  0 1.84333e+11 1.43000e+11 109.229000 7.421000 74.710000  1 0.4500 101.850000 59.73629 55.60014 40.91474 192.970 -253.530 91.900 -5.809e+10 -8.381e+09 -5.292e+09 0.04093 533324 533324 682217 7796 83 533318 533374 7.42112 142990000000 152530000000 133460000000 114400000000 57198000000 9.43263 0 0.03648 0.64059 0.51161 -11.1031 -10.7012 15.4004 0.73917 0.4533 11.883 11.6832 -6.53426 0.4102 214400000000 57200000000
 0.9400   632244 0.9500   640563      1       -1       -1       -1  0 1.84333e+11 1.43000e+11 109.677000 6.582000 77.020000  1 0.4500 105.580000 59.71342 55.63063 40.90478 191.210 -251.640 91.020 -5.730e+10 -8.054e+09 -5.667e+09 0.04063 533325 533325 682217 7809 82 533318 533374 6.58186 142990000000 162060000000 133460000000 123930000000 66731000000 9.92974 0 0.03611 0.76434 0.44887 10.3446 12.1784 -12.8513 0.45261 0.36996 12.8858 15.0024 -5.39123 0.4219 213200000000 47660000000
 0.9300   623905 0.9400   632244      1       -1       -1       -1  0 1.84333e+11 1.43000e+11 110.124000 5.424000 80.550000  1 0.4500 111.890000 59.68843 55.65420 40.89529 189.410 -249.740 90.100 -5.642e+10 -7.767e+09 -6.021e+09 0.04184 533326 533326 682217 7898 81 533318 533374 5.42404 142990000000 162060000000 133460000000 123930000000 47665000000 3.57402 0 0.03568 0.87982 0.46591 1.72852 -2.14865 13.5653 0.9412 0.45185 -5.09786 -6.65011 9.1097 0.4222 238000000000 47660000000
 0.9200   615559 0.9300   623905      1       -1       -1       -1  0 1.84333e+11 1.43000e+11 110.570000 3.816000 84.820000  1 0.4500 124.760000 59.67005 55.68659 40.89125 187.580 -247.820 89.150 -5.551e+10 -7.527e+09 -6.217e+09 0.04429 533327 533327 682217 7909 80 533318 533374 3.81578 142990000000 152530000000 133460000000 114400000000 66731000000 8.91788 0 0.03524 0.71017 0.09853 1.49187 0.37242 14.0163 0.69436 0.10982 0.78769 0.58401 12.1128 0.4131 246400000000 57200000000
 0.9100   607179 0.9200   615559      1       -1       -1       -1  0 1.84333e+11 1.52500e+11 113.428000 7.597000 83.350000  1 0.4500 105.860000 59.64643 55.73474 40.89238 184.930 -245.360 85.300 -8.695e+10 7.830e+09 5.292e+09 0.04995 533328 533328 682217 7912 79 533318 533374 7.59666 152530000000 152530000000 142990000000 104860000000 66731000000 22.7859 0 0.04927 0.47057 0.30076 3.19636 18.4486 6.67292 0.5486 0.23198 2.8492 16.2481 4.66598 0.5017 201000000000 66730000000
 0.9000   598801 0.9100   607179      1       -1       -1       -1  0 1.84333e+11 1.52500e+11 113.882000 4.739000 79.290000  1 0.4500 121.310000 59.61784 55.74982 40.86581 183.240 -243.010 84.240 -8.674e+10 8.210e+09 5.182e+09 0.05903 533329 533329 682217 7916 78 533318 533374 4.73866 152530000000 152530000000 133460000000 114400000000 76264000000 2.25428 0 0.04934 0.85692 0.29807 -3.77079 -1.33199 15.8583 0.79214 0.21231 -4.38637 -1.04065 16.6134 0.3952 267200000000 66730000000
 0.8900   590386 0.9000   598801      1       -1       -1       -1  0 1.84333e+11 1.52500e+11 114.334000 6.702000 74.250000  1 0.4500 110.460000 59.59619 55.78909 40.85641 181.530 -240.660 83.140 -8.676e+10 8.590e+09 5.155e+09 0.05858 533330 533330 682217 7983 77 533318 533374 6.70165 152530000000 152530000000 133460000000 114400000000 76264000000 6.95575 0 0.04956 0.80741 0.38201 -6.08917 14.3416 -5.93172 0.80843 0.19978 1.38757 12.8793 -11.5062 0.3691 225900000000 66730000000
 0.8800   582004 0.8900   590386      1       -1       -1       -1  0 1.84333e+11 1.52500e+11 114.784000 7.229000 68.480000  1 0.4500 108.750000 59.57148 55.82079 40.84558 181.520 -237.110 79.680 -6.096e+10 -2.008e+10 5.263e+10 0.05650 533331 533331 682217 7942 76 533318 533374 7.22926 152530000000 152530000000 142990000000 114400000000 47665000000 6.17685 0 0.04727 0.7871 0.73308 -2.6169 13.0151 -0.73732 0.66578 0.25997 2.88141 10.9713 -7.7155 0.3198 221400000000 47660000000
 0.8700   573525 0.8800   582004      1       -1       -1       -1  0 1.84333e+11 1.52500e+11 115.234000 8.329000 66.730000  1 0.4500 105.330000 59.54070 55.84679 40.83856 179.730 -234.050 79.020 -6.085e+10 -1.989e+10 5.277e+10 0.05555 533332 533332 682217 6956 75 533318 533374 8.3294 152530000000 152530000000 133460000000 123930000000 9533000000 13.1433 0 0.04742 0.58634 0.50644 -1.25995 16.5801 -3.50671 0.34263 0.08442 0.69649 14.033 -1.95815 0.3148 215300000000 66730000000
 0.8600   565050 0.8700   573525      1       -1       -1       -1  0 1.84333e+11 1.43000e+11 113.219000 7.890000 67.790000  1 0.4500 104.460000 59.51987 55.88537 40.83075 177.270 -233.670 81.070 -3.247e+10 -3.573e+10 4.306e+10 0.04908 533333 533333 682217 8004 74 533318 533374 7.88967 142990000000 152530000000 142990000000 133460000000 19066000000 6.18371 0 0.04134 0.77673 0.60969 2.75227 15.2629 -2.6646 0.65587 0.2815 3.08232 14.6861 -5.08267 0.3226 210500000000 57200000000
 0.8500   556609 0.8600   565050      1       -1       -1       -1  0 1.84333e+11 1.43000e+11 113.656000 6.483000 68.980000  1 0.4500 110.580000 59.49490 55.92880 40.81393 174.750 -231.260 80.300 -3.112e+10 -3.665e+10 4.389e+10 0.04988 533334 533334 682217 7993 73 533318 533374 6.48326 142990000000 142990000000 142990000000 133460000000 38132000000 7.58681 0 0.04176 0.91355 0.71065 11.5369 10.4454 3.69386 0.91355 0.71065 11.5369 10.4454 3.69386 0.3259 252700000000 28600000000
 0.8400   548109 0.8500   556609      1       -1       -1       -1  0 1.84333e+11 1.43000e+11 114.091000 6.224000 71.510000  1 0.4500 112.400000 59.46779 55.96123 40.79893 167.620 -226.370 85.830 -2.612e+10 -3.758e+10 4.727e+10 0.05181 533335 533335 682217 8048 72 533318 533374 6.22394 142990000000 142990000000 142990000000 133460000000 47665000000 5.49104 8.33 0.04238 0.75672 0.66013 18.9319 -0.64563 2.77378 0.32813 0.20005 22.5644 -2.6431 3.96946 0.3333 245000000000 47660000000
 0.8300   539585 0.8400   548109      1       -1       -1       -1  0 1.84333e+11 1.43000e+11 114.524000 6.493000 76.350000  1 0.4500 111.670000 59.44124 55.99663 40.78708 169.390 -226.560 77.930 -3.004e+10 -3.694e+10 4.455e+10 0.05249 533336 533336 682217 8095 71 533318 533374 6.49341 142990000000 142990000000 142990000000 142990000000 66731000000 5.24046 0 0.04217 0.71728 0.5705 14.6131 -4.02901 -7.55406 0.58762 0.15639 13.3586 -4.18142 -9.78759 0.3505 233200000000 47660000000
 0.8200   530992 0.8300   539585      1       -1       -1       -1  0 1.84333e+11 1.43000e+11 114.955000 5.338000 82.850000  1 0.4500 118.610000 59.41435 56.03409 40.77730 166.570 -214.940 79.950 -9.637e+10 -3.000e+10 2.965e+10 0.08582 533337 533337 682217 7038 70 533318 533374 5.33767 142990000000 142990000000 142990000000 133460000000 85797000000 3.09523 0 0.06832 0.42439 0.07537 7.89074 -6.30847 -4.97921 0.37263 0.05944 8.53041 -5.44174 -2.98322 0.3811 249500000000 47660000000
 0.8100   522349 0.8200   530992      1       -1       -1       -1  0 1.84333e+11 1.43000e+11 115.384000 5.346000 83.030000  1 0.4500 119.200000 59.39416 56.04789 40.74667 164.820 -211.510 78.620 -9.536e+10 -2.965e+10 2.914e+10 0.08033 533338 533338 682217 8242 69 533318 533374 5.34595 142990000000 162060000000 142990000000 114400000000 85797000000 25.5776 0 0.06785 0.57564 0.46717 -5.57227 11.5958 9.42567 0.63806 0.45893 -7.51972 9.07121 2.56481 0.4108 241400000000 47660000000
 0.8000   513662 0.8100   522349      1       -1       -1       -1  0 1.84333e+11 1.43000e+11 115.811000 5.559000 79.710000  1 0.4500 118.500000 59.36043 56.10292 40.74908 163.080 -208.140 77.380 -9.433e+10 -2.899e+10 2.872e+10 0.08886 533339 533339 682217 7212 68 533318 533374 5.55943 142990000000 142990000000 142990000000 133460000000 66731000000 0.00154 0 0.06733 0.72938 0.45886 -5.7564 1.32726 15.5511 0.63672 0.33817 -7.03975 -2.85659 15.5501 0.3402 256900000000 57200000000
 0.7900   505017 0.8000   513662      1       -1       -1       -1  0 1.84333e+11 1.43000e+11 116.235000 5.288000 77.870000  1 0.4500 120.890000 59.33276 56.14326 40.73649 161.270 -204.800 76.240 -9.290e+10 -2.823e+10 2.845e+10 0.08642 533340 533340 682217 8236 67 533318 533374 5.28762 142990000000 142990000000 133460000000 133460000000 85797000000 4.34604 0 0.06657 0.76936 0.38321 2.28864 8.87004 15.0433 0.93207 0.3555 -0.60025 1.57599 15.8254 0.3366 266600000000 28600000000
 0.7800   496374 0.7900   505017      1       -1       -1       -1  0 1.84333e+11 1.52500e+11 119.195000 10.406000 75.990000  1 0.4500 104.430000 59.30762 56.15725 40.70588 159.350 -201.460 75.200 -1.439e+11 -1.210e+09 1.634e+10 0.09135 533341 533341 682217 7185 66 533318 533374 10.4061 152530000000 181130000000 133460000000 133460000000 47665000000 18.3031 5.22 0.08596 0.52292 0.33564 -9.84249 11.9424 23.8461 0.44236 0.04417 -12.3088 11.4836 21.0477 0.409 205100000000 57200000000
 0.7700   487699 0.7800   496374      1       -1       -1       -1  0 1.84333e+11 1.52500e+11 119.624000 10.564000 72.040000  1 0.4500 104.640000 59.27778 56.19492 40.69189 154.990 -200.590 78.470 -1.499e+11 -2.124e+08 1.003e+10 0.09460 533342 533342 682217 8295 65 533318 533374 10.5643 152530000000 190660000000 133460000000 133460000000 9533000000 17.4297 0 0.08957 0.51921 0.42203 -2.27471 17.2542 25.6995 0.25437 0 -17.4942 3.2097 26.7317 0.3848 203900000000 66730000000
 0.7600   479000 0.7700   487699      1       -1       -1       -1  0 1.84333e+11 1.62100e+11 122.501000 9.487000 68.280000  1 0.4500 110.740000 59.24743 56.23322 40.67771 151.860 -200.100 75.880 -1.394e+11 6.943e+09 -5.210e+09 0.08034 533343 533343 682217 8293 64 533318 533374 9.48683 162060000000 181130000000 133460000000 114400000000 9533000000 10.5374 0 0.07566 0.49648 0.41812 7.33787 20.4654 22.7809 0.65927 0.13146 3.97878 18.6986 23.0544 0.3452 202500000000 28600000000
 0.7500   470275 0.7600   479000      1       -1       -1       -1  0 1.84333e+11 1.43000e+11 117.910000 6.701000 67.500000  1 0.4500 115.700000 59.21975 56.29367 40.68378 154.290 -192.680 68.560 -7.973e+10 -2.545e+10 5.441e+09 0.07167 533344 533344 682217 8356 63 533318 533374 6.70078 142990000000 181130000000 123930000000 123930000000 66731000000 4.06279 0 0.05623 0.47178 0.33932 19.5272 -1.91863 7.88053 0.13554 0.02571 24.5117 -7.64798 10.6674 0.2731 218100000000 47660000000
 0.7400   461464 0.7500   470275      1       -1       -1       -1  0 1.84333e+11 1.43000e+11 118.322000 6.540000 65.660000  1 0.4500 117.170000 59.18577 56.33073 40.67216 152.410 -189.300 68.540 -7.982e+10 -2.785e+10 2.887e+09 0.07280 533345 533345 682217 8342 62 533318 533374 6.53989 142990000000 171590000000 123930000000 123930000000 47665000000 7.42063 0 0.057 0.49271 0.41929 13.8161 -1.30725 1.49027 0.25585 0.05917 20.6826 -5.3973 3.17936 0.2603 202600000000 38130000000
 0.7300   452639 0.7400   461464      1       -1       -1       -1  0 1.84333e+11 1.52500e+11 121.312000 9.871000 63.730000  1 0.4500 108.820000 59.15423 56.36893 40.65569 149.900 -190.100 67.330 -8.367e+10 -2.631e+10 -8.556e+09 0.06484 533346 533346 682217 7307 61 533318 533374 9.87102 152530000000 171590000000 142990000000 123930000000 57198000000 9.34437 0 0.0536 0.8961 0.53821 5.7561 7.75166 11.6371 0.28562 0.06967 4.6593 5.38986 9.79227 0.2579 189100000000 66730000000
 0.7200   443799 0.7300   452639      1       -1       -1       -1  0 1.84333e+11 1.62100e+11 124.212000 11.106000 65.250000  1 0.4500 109.140000 59.12858 56.40481 40.62987 152.540 -185.950 66.200 -7.499e+10 -6.480e+10 -1.441e+10 0.06451 533347 533347 682217 8382 60 533318 533374 11.1059 162060000000 171590000000 152530000000 142990000000 57198000000 3.13629 0 0.05535 0.72616 0.48481 -2.54064 13.309 24.9871 0.26342 0.01364 9.44305 16.4623 18.6338 0.271 213300000000 57200000000
 0.7100   434892 0.7200   443799      1       -1       -1       -1  0 1.84333e+11 1.52500e+11 122.138000 9.641000 64.260000  1 0.4500 110.790000 59.09193 56.46921 40.63451 145.840 -184.090 67.470 -8.116e+10 -2.878e+10 -9.017e+09 0.06155 533348 533348 682217 7340 59 533318 533374 9.64085 152530000000 152530000000 152530000000 114400000000 47665000000 26.6601 0 0.05322 0.62436 0.37738 -15.7746 10.2726 16.7336 0.23079 0.0525 -15.4234 6.52073 15.559 0.276 175800000000 76260000000
 0.7000   425917 0.7100   434892      1       -1       -1       -1  0 1.84333e+11 1.62100e+11 125.048000 9.569000 68.040000  1 0.4500 114.540000 59.06257 56.48527 40.59848 151.810 -178.150 62.420 -6.885e+10 -6.455e+10 -1.272e+10 0.06449 533349 533349 682217 8402 58 533318 533374 9.56857 162060000000 162060000000 152530000000 142990000000 57198000000 4.67109 4.16 0.05319 0.66733 0.44963 3.74384 2.22445 23.6915 0.68474 0.07294 13.5831 11.502 12.0144 0.27 228400000000 66730000000
 0.6900   416921 0.7000   425917      1       -1       -1       -1  0 1.84333e+11 1.52500e+11 122.951000 6.545000 74.480000  1 0.4500 124.220000 59.03855 56.52887 40.58339 150.040 -175.560 62.900 -6.261e+10 -9.593e+10 -1.884e+10 0.09108 533350 533350 682217 8474 57 533318 533374 6.54509 152530000000 162060000000 152530000000 142990000000 85797000000 12.9792 0 0.07214 0.72827 0.43493 1.67603 1.17648 11.2266 0.855 0.46696 -0.1277 0.67107 10.6989 0.2955 268200000000 19070000000
 0.6800   407909 0.6900   416921      1       -1       -1       -1  0 1.84333e+11 1.52500e+11 123.352000 6.562000 78.360000  1 0.4500 124.950000 59.00313 56.57170 40.56664 147.500 -173.180 63.030 -6.578e+10 -9.142e+10 -1.821e+10 0.08940 533351 533351 682217 8505 56 533318 533374 6.56162 152530000000 162060000000 152530000000 133460000000 85797000000 14.5349 0 0.0713 0.73714 0.46566 3.25152 3.19739 14.9178 0.93317 0.53231 -1.30906 4.55715 10.9355 0.3201 222700000000 47660000000
 0.6700   398913 0.6800   407909      1       -1       -1       -1  0 1.84333e+11 1.52500e+11 123.749000 6.184000 77.210000  1 0.4500 127.910000 58.96484 56.62045 40.55674 142.770 -166.530 60.700 -3.033e+10 -7.032e+10 -1.686e+10 0.06450 533352 533352 682217 8529 55 533318 533374 6.18388 152530000000 152530000000 152530000000 133460000000 95330000000 9.44482 0 0.04929 0.60446 0.31252 4.17917 -1.19938 12.9113 0.4763 0.27379 3.57696 -0.75577 11.0562 0.2954 223200000000 47660000000
 0.6600   390000 0.6700   398913      1       -1       -1       -1  0 1.84333e+11 1.52500e+11 124.142000 6.016000 70.200000  1 0.4500 129.800000 58.93034 56.65920 40.53239 140.880 -163.660 60.450 -2.972e+10 -7.425e+10 -1.713e+10 0.06310 533353 533353 682217 8543 54 533318 533374 6.01584 152530000000 152530000000 152530000000 95330000000 85797000000 16.1567 0 0.05172 0.57321 0.23361 21.7382 6.51413 -14.599 0.32686 0.01428 22.0217 7.09307 -7.13704 0.2866 233300000000 28600000000
 0.6500   380973 0.6600   390000      1       -1       -1       -1  0 1.84333e+11 1.52500e+11 124.531000 8.056000 61.550000  1 0.4500 120.630000 58.89297 56.70389 40.51490 138.770 -161.120 60.070 -3.166e+10 -7.752e+10 -1.760e+10 0.06495 533354 533354 682217 7453 53 533318 533374 8.05588 152530000000 162060000000 152530000000 95330000000 66731000000 17.3046 0 0.05444 0.28268 0.0908 32.5176 14.444 -5.54488 0.08239 0 29.1158 15.4951 -0.58782 0.2459 182500000000 66730000000
 0.6400   371904 0.6500   380973      1       -1       -1       -1  0 1.84333e+11 1.81100e+11 132.280000 20.993000 53.050000  1 0.4500 105.570000 58.85251 56.74426 40.51548 136.750 -159.690 64.750 -8.830e+10 -7.087e+10 5.645e+08 0.06044 533355 533355 682217 7422 52 533318 533374 20.9934 181130000000 181130000000 142990000000 114400000000 28599000000 5.92283 0 0.05443 0.70316 0.49846 23.6792 4.34074 -18.5558 0.64612 0.17363 21.2617 -10.3109 -8.7399 0.1986 165800000000 114400000000
 0.6300   362807 0.6400   371904      1       -1       -1       -1  0 1.84333e+11 1.90700e+11 134.971000 28.757000 49.660000  1 0.4500 103.420000 58.81387 56.77818 40.49661 137.320 -150.530 68.420 -1.126e+11 -5.910e+10 -9.177e+08 0.06035 533356 533356 682217 8557 51 533318 533374 28.7569 190660000000 190660000000 142990000000 114400000000 0 19.8623 5.28 0.0565 0.72648 0.45627 -23.4945 -6.93548 27.1964 0.43175 0.04396 25.1724 -15.2108 6.02006 0.1834 166900000000 152500000000
 0.6200   353700 0.6300   362807      1       -1       -1       -1  0 1.84333e+11 1.71600e+11 130.704000 24.058000 48.570000  1 0.4500 102.570000 58.77021 56.82316 40.47569 135.420 -148.150 68.170 -5.677e+10 -8.348e+10 -1.265e+10 0.05884 533357 533357 682217 8546 50 533318 533374 24.0578 171590000000 190660000000 162060000000 104860000000 0 13.0777 0 0.05421 0.61428 0.40562 -26.9555 -8.78619 36.3492 0.35019 0 24.3361 -17.3474 -5.23358 0.1726 169200000000 123900000000
 0.6100   344560 0.6200   353700      1       -1       -1       -1  0 1.77967e+11 1.90700e+11 135.776000 28.226000 49.160000  1 0.4500 105.130000 58.73142 56.90608 40.45705 130.830 -149.400 65.840 -1.224e+11 -9.128e+09 -3.253e+08 0.05943 533358 533358 682217 8572 49 533318 533374 28.2258 190660000000 190660000000 142990000000 114400000000 19066000000 19.2337 0 0.05522 0.7464 0.37695 -6.35978 7.49857 27.8997 0.18771 0.10617 15.4927 17.6801 7.83315 0.1661 170800000000 143000000000
 0.6000   335431 0.6100   344560      1       -1       -1       -1  0 1.77967e+11 1.71600e+11 131.471000 18.428000 54.420000  1 0.4500 108.810000 58.69154 56.95448 40.43815 130.560 -144.440 68.680 -7.470e+10 -2.971e+10 -1.041e+10 0.04805 533359 533359 682217 8625 48 533318 533374 18.4285 171590000000 181130000000 152530000000 114400000000 9533000000 31.3358 0 0.04378 0.60877 0.3185 -1.15184 12.0718 36.7808 0.73568 0.25828 22.345 -7.12635 -19.1104 0.193 159300000000 104900000000
 0.5900   326262 0.6000   335431      1       -1       -1       -1  0 1.71600e+11 1.71600e+11 131.846000 15.444000 63.110000  1 0.4500 113.480000 58.65161 56.99501 40.40947 128.090 -141.760 67.610 -7.252e+10 -2.748e+10 -1.022e+10 0.04833 533360 533360 682217 8658 47 533318 533374 15.4441 171590000000 171590000000 162060000000 123930000000 28599000000 23.3538 0 0.04254 0.40097 0.33197 0.19786 8.02983 25.6993 0.59117 0.11013 2.587 10.5829 24.6564 0.2309 167100000000 95330000000
 0.5800   317029 0.5900   326262      1       -1       -1       -1  0 1.71600e+11 1.71600e+11 132.216000 14.034000 66.400000  1 0.4500 116.690000 58.61306 57.03445 40.38547 125.150 -138.940 66.650 -6.892e+10 -2.250e+10 -9.915e+09 0.04782 533361 533361 682217 8742 46 533318 533374 14.0341 171590000000 171590000000 162060000000 133460000000 47665000000 15.8406 0 0.04008 0.48224 0.15937 1.21053 2.51272 34.4849 0.18301 0.03982 4.7398 11.1699 36.6031 0.232 191500000000 85800000000
 0.5700   307806 0.5800   317029      1       -1       -1       -1  0 1.71600e+11 1.71600e+11 132.581000 11.439000 67.610000  1 0.4500 123.200000 58.57047 57.08423 40.36598 122.670 -140.140 62.880 -9.937e+10 -1.033e+10 -2.205e+10 0.06687 533362 533362 682217 8716 45 533318 533374 11.4391 171590000000 171590000000 171590000000 133460000000 38132000000 17.0907 0 0.05645 0.33967 0.24409 0.60837 -7.62959 40.8939 0.21769 0.01717 7.70779 -10.7127 39.3691 0.2389 205400000000 57200000000
 0.5600   298560 0.5700   307806      1       -1       -1       -1  0 1.71600e+11 1.71600e+11 132.939000 11.747000 63.450000  1 0.4500 123.440000 58.52722 57.13464 40.34624 120.130 -136.850 62.300 -9.217e+10 -9.565e+09 -2.166e+10 0.06305 533363 533363 682217 8680 44 533318 533374 11.7468 171590000000 171590000000 171590000000 133460000000 0 18.7803 0 0.0529 0.42796 0.27631 -1.22887 -6.07119 35.3543 0.44596 0.01801 -0.06269 -2.99643 26.9367 0.2152 186100000000 85800000000
 0.5500   289307 0.5600   298560      1       -1       -1       -1  0 1.71600e+11 1.71600e+11 133.292000 13.653000 61.920000  1 0.4500 120.280000 58.48333 57.18569 40.32626 118.400 -136.770 58.580 -8.777e+10 -1.953e+10 -1.658e+10 0.05991 533364 533364 682217 8673 43 533318 533374 13.653 171590000000 171590000000 171590000000 123930000000 19066000000 20.4746 0 0.05122 0.59954 0.44332 7.95987 -5.71235 30.8737 0.39044 0.04333 31.4792 -13.1743 18.2143 0.2106 183700000000 76260000000
 0.5400   280079 0.5500   289307      1       -1       -1       -1  0 1.71600e+11 1.71600e+11 133.638000 13.846000 60.990000  1 0.4500 120.920000 58.44174 57.23507 40.28756 116.120 -133.150 57.220 -8.342e+10 -1.981e+10 -1.635e+10 0.05795 533365 533365 682217 8723 42 533318 533374 13.8463 171590000000 171590000000 171590000000 123930000000 19066000000 12.4873 0 0.04929 0.31762 0.06375 20.079 -9.77496 11.6922 0.08432 0.01853 26.5754 -13.3274 13.2291 0.2045 183200000000 76260000000
 0.5300   270839 0.5400   280079      1       -1       -1       -1  0 1.68433e+11 1.71600e+11 133.978000 17.047000 59.020000  1 0.4500 116.820000 58.39360 57.28966 40.28555 116.010 -127.100 52.660 -8.372e+10 -1.575e+10 -1.596e+10 0.05398 533366 533366 682217 8670 41 533318 533374 17.0469 171590000000 171590000000 152530000000 133460000000 0 23.8585 4.38 0.04934 0.16118 0.00226 26.5881 1.26345 39.6453 0.12623 0.091 24.6459 2.48168 42.9577 0.2197 175600000000 114400000000
 0.5200   261606 0.5300   270839      1       -1       -1       -1  0 1.62067e+11 1.62100e+11 131.776000 20.399000 53.010000  1 0.4500 111.460000 58.34047 57.30913 40.22361 110.500 -126.850 59.610 -5.905e+10 -3.997e+10 -2.181e+10 0.05188 533367 533367 682217 7518 40 533318 533374 20.399 162060000000 162060000000 162060000000 104860000000 0 15.0098 0 0.04708 0.84223 0.51128 -6.3019 25.1442 21.5087 0.38495 0.00324 -5.66352 15.7619 21.3807 0.1864 161400000000 104900000000
 0.5100   252327 0.5200   261606      1       -1       -1       -1  0 1.52533e+11 1.52500e+11 129.454000 25.978000 49.590000  1 0.4500 105.820000 58.30133 57.39607 40.24386 109.400 -124.490 51.880 -4.196e+10 -3.470e+10 -1.367e+10 0.04102 533368 533368 682217 7488 39 533318 533374 25.9784 152530000000 152530000000 152530000000 57198000000 0 29.536 0 0.03954 0.37325 0.15003 20.1779 5.27344 51.572 0.67671 0.60417 19.2967 -13.2252 10.1465 0.1923 142000000000 133500000000
 0.5000   243153 0.5100   252327      1       -1       -1       -1  0 1.39800e+11 1.43000e+11 126.999000 25.079000 41.910000  1 0.4500 104.710000 58.24331 57.41396 40.16102 104.560 -120.220 71.580 -2.890e+10 -2.363e+10 -1.479e+10 0.03364 533369 533369 682217 7443 38 533318 533374 25.0785 142990000000 142990000000 142990000000 66731000000 0 13.4162 9.53 0.03178 0.9343 0.3384 4.5588 43.4569 -7.53834 0.6331 0.12931 14.4771 -5.64024 29.0675 0.1468 136400000000 104900000000
 0.4900   233937 0.5000   243153      1       -1       -1       -1  0 1.27100e+11 1.23900e+11 121.364000 35.223000 42.300000  1 0.4500 96.520000 58.20537 57.49596 40.19655 96.230 -118.500 44.890 -2.604e+10 7.483e+09 4.768e+09 0.02654 533370 533370 682217 8497 37 533318 533374 35.2228 123930000000 123930000000 114400000000 47665000000 0 19.4717 0 0.02788 0.477 0.21588 8.76711 17.8672 42.1374 0.41621 0.23629 -5.65646 34.1094 30.0313 0.1877 131400000000 162100000000
 0.4800   224758 0.4900   233937      1       -1       -1       -1  0 1.04853e+11 1.14400e+11 118.435000 48.701000 47.690000  1 0.4500 93.150000 58.15354 57.55220 40.16304 86.240 -115.970 56.790 -2.794e+10 -1.760e+10 4.897e+09 0.03458 533371 533371 682217 8529 36 533318 533374 48.7009 114400000000 114400000000 66731000000 47665000000 0 18.5493 11.76 0.03901 0.36475 0.09701 7.46551 18.5758 34.7428 0 0 -4.27246 16.8533 18.3792 0.2657 130100000000 200200000000
 0.4700   215617 0.4800   224758      1       -1       -1       -1  0 8.42100e+10 7.62600e+10 103.690000 21.175000 45.840000  1 0.4500 86.890000 58.10407 57.60902 40.14064 85.630 -113.420 64.860 -3.849e+09 1.146e+10 3.396e+09 0.02402 533372 533372 682217 8520 35 533318 533374 21.1748 76264000000 76264000000 76264000000 19066000000 0 51.5092 0 0.02912 0.08891 0.00254 5.27264 20.1903 64.0605 0 0 0 0 0 0.2903 132800000000 57200000000
 0.4600   206485 0.4700   215617      1       -1       -1       -1  1 6.19667e+10 6.19700e+10 96.913000 23.025000 44.310000  1 0.4500 80.610000 58.08331 57.63652 40.12492 85.630 -113.420 64.860 -1.137e+10 8.165e+09 5.624e+09 0.03632 533373 533373 682217 9044 34 533318 533374 23.1729 61964500000 61964500000 38132000000 9533000000 0 47.5077 7.565 0.06902 0.18073 0.00127 -0.42688 22.8738 59.4372 0 0 0 0 0 0.46555 133100000000 57200000000
 0.4500   197412 0.4600   206485      0       -1       -1       -1  0 4.76700e+10 4.76700e+10 89.026000 24.875000 42.660000  1 0.4500 73.160000 58.00895 57.72573 40.10687 90.960 -106.360 41.490 -1.890e+10 4.871e+09 7.852e+09 0.04861 533374 533374 682217 7209 33 533318 533374 24.8754 47665000000 47665000000 0 0 0 43.5061 15.13 0.10892 0.27255 0 -6.1264 25.5573 54.8139 0 0 0 0 0 0.6408 133400000000 57200000000
