 1.0000   677117 0.0000       -1      1       -1       -1       -1  0 3.55900e+11 3.24100e+11 140.531000 23.260000 94.740000  1 0.4000 108.840000 16.23554 60.92382 30.69456 128.220 -238.340 28.100 1.225e+11 1.571e+11 1.674e+11 0.03391 373593 373593 677117 2632 88 373592 373653 23.2604 324120000000 362250000000 266920000000 19066000000 0 7.5736 3.07 0.04056 0.02345 0.00252 -17.6945 45.3928 -22.5957 0 0 0 0 0 0.5425 350200000000 247900000000
 0.9900   668964 1.0000   677117      1       -1       -1       -1  0 3.55900e+11 3.24100e+11 141.123000 19.339000 97.920000  1 0.4000 112.840000 16.22367 60.94933 30.69223 134.470 -233.960 28.990 1.209e+11 1.540e+11 1.655e+11 0.03404 373594 373594 677117 2615 87 373592 373653 19.3394 324120000000 362250000000 285990000000 38132000000 0 6.66811 0 0.04007 0.20535 0.02367 -36.8149 40.3391 -26.4117 0.71411 0.12079 13.5103 -15.757 19.3578 0.5507 377400000000 190700000000
 0.9800   660596 0.9900   668964      1       -1       -1       -1  0 3.55900e+11 3.52700e+11 145.765000 20.695000 104.700000  1 0.4000 115.650000 16.21645 60.96866 30.68969 141.260 -236.240 29.800 2.529e+11 1.620e+11 8.357e+10 0.03527 373595 373595 677117 2627 86 373592 373653 20.6946 352720000000 362250000000 295520000000 95330000000 0 9.20224 3.37 0.04245 0.18473 0.01481 -25.7147 49.6349 -26.8059 0.38766 0.20061 -6.08625 18.1815 -18.1704 0.5782 406200000000 238300000000
 0.9700   652267 0.9800   660596      1       -1       -1       -1  0 3.55900e+11 2.86000e+11 136.490000 18.097000 106.230000  1 0.4000 109.570000 16.18399 61.03184 30.65678 137.650 -222.930 35.810 1.479e+10 9.905e+10 1.074e+11 0.02357 373596 373596 677117 2658 85 373592 373653 18.0967 285990000000 352720000000 228790000000 142990000000 57198000000 37.4411 0 0.02845 0.71653 0.18109 -19.2174 5.21226 19.9651 0.32816 0.01148 -20.0093 1.29675 23.0438 0.6226 311800000000 171600000000
 0.9600   643952 0.9700   652267      1       -1       -1       -1  0 3.55900e+11 2.95500e+11 138.562000 14.819000 113.400000  1 0.4000 116.080000 16.17005 61.05401 30.65631 142.110 -217.000 35.410 1.341e+11 8.829e+10 1.106e+10 0.02479 373597 373597 677117 1613 84 373592 373653 14.8192 295520000000 362250000000 238320000000 190660000000 76264000000 36.852 5.47 0.02961 0.67181 0.29368 16.0428 -10.2503 -11.751 0.49039 0.12105 15.4235 -7.03083 -11.8288 0.6438 345300000000 162100000000
 0.9500   635654 0.9600   643952      1       -1       -1       -1  0 3.55900e+11 3.52700e+11 147.585000 14.443000 124.770000  1 0.4000 125.960000 16.15563 61.07545 30.65649 153.090 -227.240 39.170 2.426e+11 1.605e+11 9.343e+10 0.03246 373598 373598 677117 2659 83 373592 373653 14.4432 352720000000 362250000000 257390000000 219260000000 123930000000 48.0207 0 0.04199 0.58102 0.40592 -12.9798 23.3263 -13.8977 0.53804 0.21387 -16.8699 3.01383 17.2346 0.6947 382300000000 181100000000
 0.9400   627366 0.9500   635654      1       -1       -1       -1  0 3.55900e+11 3.52700e+11 148.190000 12.929000 133.680000  1 0.4000 129.760000 16.15151 61.06822 30.66504 156.880 -223.580 41.710 2.388e+11 1.588e+11 9.457e+10 0.03173 373599 373599 677117 348 82 373592 373653 12.929 352720000000 362250000000 343190000000 305060000000 9533000000 14.5412 0 0.04165 0.3407 0.0849 -11.5253 24.7854 -23.3238 0.1036 0.02222 1.60199 28.2221 -18.4382 0.7296 506800000000 181100000000
 0.9300   619056 0.9400   627366      1       -1       -1       -1  0 3.52733e+11 3.62300e+11 150.122000 9.730000 138.580000  1 0.4000 141.480000 16.12524 61.11729 30.65882 161.000 -219.960 44.790 3.061e+11 2.024e+11 6.259e+10 0.04255 373600 373600 677117 3678 81 373592 373653 9.73033 362250000000 362250000000 333650000000 257390000000 162060000000 30.1784 2.32 0.04926 0.34804 0.23035 -6.71811 17.3688 -14.8453 0.48784 0.39627 2.28603 9.88695 -9.80471 0.69 473100000000 162100000000
 0.9200   610723 0.9300   619056      1       -1       -1       -1  0 3.49567e+11 3.43200e+11 148.038000 8.110000 138.630000  1 0.4000 145.900000 16.11049 61.14053 30.65200 164.520 -216.200 47.330 2.090e+11 8.146e+10 2.710e+10 0.02940 373601 373601 677117 2684 80 373592 373653 8.10976 352720000000 362250000000 333650000000 285990000000 152530000000 30.0666 6.28 0.03283 0.31158 0.28491 4.64106 -14.4857 14.6984 0.40754 0.30218 3.06411 -10.7815 11.6343 0.6829 456800000000 123900000000
 0.9100   602372 0.9200   610723      1       -1       -1       -1  0 3.43200e+11 3.43200e+11 148.633000 7.890000 137.180000  1 0.4000 147.690000 16.09558 61.15266 30.65841 168.350 -212.460 50.460 2.015e+11 6.018e+10 5.626e+09 0.03158 373602 373602 677117 2648 79 373592 373653 7.89015 352720000000 362250000000 343190000000 305060000000 162060000000 10.2916 5.83 0.03068 0.55736 0.39524 6.26277 -12.0501 14.0509 0.60964 0.33194 7.84712 -11.0634 10.9458 0.6153 543700000000 133500000000
 0.9000   594020 0.9100   602372      1       -1       -1       -1  0 3.43200e+11 3.43200e+11 149.227000 7.588000 132.300000  1 0.4000 150.010000 16.07741 61.17017 30.66047 172.180 -208.680 53.820 1.960e+11 4.796e+10 -6.647e+09 0.03133 373603 373603 677117 2652 78 373592 373653 7.5884 352720000000 352720000000 333650000000 285990000000 200190000000 6.41371 5.52 0.02955 0.88075 0.44332 -1.12288 -8.34165 18.0154 0.73345 0.24337 -14.5735 0.58154 14.9606 0.5844 563500000000 123900000000
 0.8900   585621 0.9000   594020      1       -1       -1       -1  0 3.33667e+11 3.43200e+11 149.820000 9.445000 124.730000  1 0.4000 141.950000 16.04613 61.20235 30.64916 173.260 -202.060 53.740 2.740e+11 6.062e+10 -7.066e+10 0.04197 373604 373604 677117 2423 77 373592 373653 9.44503 352720000000 352720000000 324120000000 285990000000 104860000000 8.3791 5.17 0.0425 0.85711 0.53131 6.85928 -15.0715 19.4648 0.95977 0.42701 -10.8456 -3.42564 20.6485 0.5894 542600000000 104900000000
 0.8800   577244 0.8900   585621      1       -1       -1       -1  0 3.27300e+11 3.14600e+11 146.110000 12.966000 116.370000  1 0.4000 127.050000 16.01282 61.24702 30.65155 182.700 -202.390 62.460 1.666e+11 4.096e+10 -1.205e+11 0.03148 373605 373605 677117 3766 76 373592 373653 12.966 343190000000 362250000000 305060000000 257390000000 28599000000 25.672 2.75 0.03572 0.6224 0.25437 -15.2015 23.7328 -5.44349 0.18038 0.00643 -5.06701 14.9043 -8.91858 0.6247 435700000000 143000000000
 0.8700   568787 0.8800   577244      1       -1       -1       -1  0 3.20933e+11 3.24100e+11 148.149000 14.414000 108.810000  1 0.4000 126.100000 16.02037 61.23119 30.63087 183.620 -194.670 61.740 2.883e+11 7.818e+10 -1.004e+11 0.04705 373606 373606 677117 2405 75 373592 373653 14.4144 333650000000 343190000000 314590000000 209730000000 0 22.1482 3.83 0.05128 0.81146 0.35679 -15.0269 29.8832 -3.99625 0.52225 0.10418 -5.73257 2.05777 29.7238 0.5675 378700000000 181100000000
 0.8600   560327 0.8700   568787      1       -1       -1       -1  0 3.11400e+11 3.24100e+11 148.725000 22.429000 108.390000  1 0.4000 115.910000 15.98937 61.25840 30.62849 184.990 -188.740 65.130 2.922e+11 8.284e+10 -1.011e+11 0.04479 373607 373607 677117 2416 74 373592 373653 22.4286 324120000000 343190000000 295520000000 200190000000 0 19.1184 0 0.0523 0.50767 0.16398 -13.3562 30.2687 -23.3184 0.17657 0.04231 1.55127 -5.14375 26.646 0.5995 356100000000 228800000000
 0.8500   551894 0.8600   560327      1       -1       -1       -1  0 2.86000e+11 2.86000e+11 143.197000 13.789000 102.800000  1 0.4000 122.180000 15.97848 61.27204 30.63725 176.220 -169.550 56.540 3.096e+11 8.724e+10 -2.086e+11 0.06736 373608 373608 677117 2376 73 373592 373653 13.7894 285990000000 324120000000 247860000000 142990000000 95330000000 31.0546 15.42 0.07747 0.44786 0.07821 -7.17576 20.5936 -14.5887 0.51496 0.08116 -0.38338 13.3923 -13.0365 0.592 300900000000 143000000000
 0.8400   543383 0.8500   551894      1       -1       -1       -1  0 2.76500e+11 2.47900e+11 137.049000 12.606000 89.150000  1 0.4000 118.190000 15.95139 61.29541 30.62935 175.940 -154.000 47.590 1.146e+11 1.063e+11 -9.721e+09 0.03955 373609 373609 677117 2403 72 373592 373653 12.6062 247860000000 295520000000 209730000000 142990000000 95330000000 19.6861 18.07 0.04034 0.53004 0.23169 15.9224 -16.5391 11.2787 0.85329 0.27468 0.23031 -6.82731 18.28 0.4859 282500000000 123900000000
 0.8300   534873 0.8400   543383      1       -1       -1       -1  0 2.76500e+11 2.09700e+11 130.118000 9.874000 76.360000  1 0.4000 117.550000 15.92454 61.31350 30.61787 180.570 -151.390 56.610 4.435e+10 8.896e+09 -1.037e+11 0.04435 373610 373610 677117 278 71 373592 373653 9.87436 209730000000 266920000000 209730000000 133460000000 47665000000 5.57722 0 0.03865 0.77892 0.50519 11.5292 -1.61293 17.7692 0.83288 0.41874 2.98027 -2.09219 18.9345 0.3422 264100000000 104900000000
 0.8200   526295 0.8300   534873      1       -1       -1       -1  0 2.76500e+11 2.09700e+11 130.608000 8.780000 76.020000  1 0.4000 121.740000 15.89521 61.33526 30.60940 182.520 -146.330 60.250 -1.789e+10 4.335e+09 -7.737e+10 0.03193 373611 373611 677117 2429 70 373592 373653 8.77998 219260000000 219260000000 219260000000 142990000000 95330000000 10.5198 0 0.02728 0.68123 0.46981 15.6681 -6.80684 7.80587 0.85361 0.52842 8.71194 -4.31706 10.677 0.3289 267500000000 95330000000
 0.8100   517650 0.8200   526295      1       -1       -1       -1  0 2.76500e+11 2.00200e+11 129.079000 7.104000 76.010000  1 0.4000 127.020000 15.86905 61.35666 30.60530 179.090 -143.410 66.540 7.754e+09 -9.645e+08 -1.646e+10 0.00827 373612 373612 677117 2408 69 373592 373653 7.1035 219260000000 219260000000 181130000000 142990000000 104860000000 8.20708 0 0.00678 0.83622 0.68739 10.8433 -9.929 11.0899 0.7658 0.70368 3.18256 -8.8229 13.3842 0.3107 293100000000 57200000000
 0.8000   508977 0.8100   517650      1       -1       -1       -1  0 2.76500e+11 2.47900e+11 139.116000 41.150000 96.310000  1 0.4000 99.620000 15.77745 61.46130 30.53679 208.650 -157.940 104.360 1.918e+11 4.955e+10 -1.736e+11 0.02421 373613 373613 677117 2459 68 373592 373653 41.1502 276460000000 324120000000 0 0 0 21.878 0 0.06899 0.11613 0.04799 -40.6566 59.0438 -46.5964 0 0 0 0 0 0.8926 255500000000 295500000000
 0.7900   500343 0.8000   508977      1       -1       -1       -1  0 2.76500e+11 2.09700e+11 132.063000 48.052000 97.520000  1 0.4000 93.470000 15.74218 61.48956 30.51537 209.580 -141.530 111.100 1.777e+11 -4.194e+10 -2.362e+11 0.03619 373614 373614 677117 2379 67 373592 373653 48.052 324120000000 390850000000 0 0 0 39.6102 14.17 0.10376 0.07615 0.02467 -47.1829 65.5145 -49.9999 0 0 0 0 0 1.1166 235700000000 314600000000
 0.7800   491701 0.7900   500343      1       -1       -1       -1  1 2.76500e+11 2.00200e+11 130.482000 28.252000 86.030000  1 0.4000 109.200000 15.71274 61.50931 30.49871 206.330 -137.820 123.660 7.547e+10 -3.945e+10 -1.438e+11 0.03604 373615 373615 677117 8392 66 373592 373653 38.208 271690000000 324120000000 100095000000 81030000000 47665000000 25.4629 7.085 0.065995 0.40092 0.228105 -15.7578 30.6065 -20.3188 0.42619 0.25121 6.99816 -1.33657 4.20491 0.69005 253000000000 195430000000
 0.7700   483016 0.7800   491701      1       -1       -1       -1  0 2.76500e+11 1.90700e+11 128.861000 8.452000 70.210000  1 0.4000 121.370000 15.73179 61.45176 30.53948 181.170 -128.590 108.600 -2.676e+10 -3.696e+10 -5.131e+10 0.03589 373616 373616 677117 2477 65 373592 373653 8.45204 219260000000 257390000000 200190000000 162060000000 95330000000 11.3157 0 0.02823 0.72569 0.43154 15.6674 -4.30155 9.36229 0.85238 0.50242 13.9963 -2.67314 8.40982 0.2635 270300000000 76260000000
 0.7600   474318 0.7700   483016      1       -1       -1       -1  0 2.76500e+11 1.90700e+11 129.320000 7.475000 68.430000  1 0.4000 126.140000 15.69095 61.47847 30.51416 177.260 -128.710 119.760 -2.524e+10 -3.517e+10 -4.851e+10 0.03434 373617 373617 677117 2471 64 373592 373653 7.47521 209730000000 209730000000 200190000000 162060000000 76264000000 4.22764 0 0.02686 0.59025 0.51343 16.5672 -0.98518 5.18553 0.67924 0.29882 14.7198 0.15166 4.41 0.2489 286800000000 66730000000
 0.7500   465593 0.7600   474318      1       -1       -1       -1  0 2.76500e+11 1.90700e+11 129.776000 8.681000 68.760000  1 0.4000 121.920000 15.64729 61.51272 30.48516 172.270 -128.170 127.470 -2.433e+10 -3.379e+10 -4.647e+10 0.03281 373618 373618 677117 2481 63 373592 373653 8.68138 209730000000 219260000000 200190000000 142990000000 85797000000 11.5852 0 0.0259 0.79231 0.33805 16.7679 -5.9699 -1.93453 0.82782 0.25911 13.7738 -8.35981 -0.5009 0.2522 246300000000 85800000000
 0.7400   456795 0.7500   465593      1       -1       -1       -1  0 2.76500e+11 1.90700e+11 130.230000 8.029000 68.960000  1 0.4000 125.190000 15.61041 61.52798 30.45573 166.010 -125.950 134.520 -2.138e+10 -3.138e+10 -4.487e+10 0.03076 373619 373619 677117 2475 62 373592 373653 8.02921 200190000000 209730000000 181130000000 133460000000 85797000000 10.9133 0 0.02452 0.67852 0.46733 21.2881 1.01393 -3.13726 0.65297 0.48811 18.0983 -3.72931 -8.31058 0.2552 267800000000 66730000000
 0.7300   447964 0.7400   456795      1       -1       -1       -1  0 2.76500e+11 1.90700e+11 130.680000 8.991000 68.320000  1 0.4000 122.260000 15.57814 61.55332 30.42672 158.990 -123.410 140.880 -2.000e+10 -2.902e+10 -4.345e+10 0.02976 373620 373620 677117 2488 61 373592 373653 8.99072 190660000000 209730000000 171590000000 133460000000 85797000000 10.0618 0 0.02346 0.51532 0.08244 -2.80104 0.61133 19.1216 0.54111 0.08959 -3.19129 0.5385 16.2637 0.246 239200000000 76260000000
 0.7200   439104 0.7300   447964      1       -1       -1       -1  0 2.76500e+11 2.00200e+11 133.276000 8.223000 67.600000  1 0.4000 128.530000 15.55085 61.58334 30.39469 153.390 -118.800 148.860 3.180e+10 -3.869e+10 -6.733e+10 0.04141 373621 373621 677117 2507 60 373592 373653 8.22322 219260000000 219260000000 181130000000 133460000000 95330000000 6.31614 0 0.03261 0.80066 0.27562 13.1126 -5.14852 -1.91664 0.78961 0.13715 11.2877 0.65916 -4.43608 0.2348 258400000000 76260000000
 0.7100   430184 0.7200   439104      1       -1       -1       -1  0 2.76500e+11 2.00200e+11 133.727000 7.740000 65.710000  1 0.4000 131.460000 15.51544 61.61508 30.35738 145.050 -116.460 154.660 4.996e+10 -6.377e+10 -9.074e+10 0.06025 373622 373622 677117 2524 59 373592 373653 7.74017 219260000000 219260000000 209730000000 123930000000 95330000000 3.68845 2.74 0.04752 0.91169 0.51379 0.23472 17.127 -11.782 0.57985 0.47542 7.82458 14.5388 -9.56016 0.2211 266600000000 85800000000
 0.7000   421216 0.7100   430184      1       -1       -1       -1  0 2.76500e+11 1.90700e+11 132.009000 6.938000 63.170000  1 0.4000 133.550000 15.48254 61.64379 30.32393 134.480 -114.290 154.120 -3.828e+09 -5.395e+10 -6.840e+10 0.04750 373623 373623 677117 2515 58 373592 373653 6.9384 209730000000 209730000000 190660000000 114400000000 104860000000 8.07918 0 0.03715 0.94737 0.85244 16.9391 -6.01929 -0.22453 0.84988 0.65582 9.55797 10.6741 7.0561 0.2081 280000000000 57200000000
 0.6900   412225 0.7000   421216      1       -1       -1       -1  0 2.76500e+11 1.90700e+11 132.445000 7.054000 63.630000  1 0.4000 133.790000 15.44877 61.66682 30.29018 128.080 -111.710 156.350 4.510e+10 -5.825e+10 -1.054e+11 0.07122 373624 373624 677117 2524 57 373592 373653 7.05408 190660000000 200190000000 171590000000 114400000000 104860000000 7.20619 0 0.05508 0.66213 0.41404 22.3648 -6.91669 -0.47323 0.86994 0.60934 16.379 -2.01693 -4.88463 0.2021 277000000000 57200000000
 0.6800   403209 0.6900   412225      1       -1       -1       -1  0 2.76500e+11 1.90700e+11 132.877000 6.663000 67.430000  1 0.4000 136.850000 15.41841 61.69250 30.24668 119.720 -108.630 156.160 4.222e+10 -5.726e+10 -1.041e+11 0.07047 373625 373625 677117 2529 56 373592 373653 6.66291 190660000000 190660000000 181130000000 133460000000 114400000000 6.6897 0 0.05432 0.76475 0.35732 23.6713 -4.24997 0.7974 0.87413 0.36875 3.58694 7.60493 17.7871 0.2186 294100000000 57200000000
 0.6700   394222 0.6800   403209      1       -1       -1       -1  0 2.76500e+11 1.81100e+11 131.045000 6.304000 70.430000  1 0.4000 136.930000 15.38396 61.72013 30.21365 110.860 -108.830 154.060 -4.343e+09 -4.395e+10 -8.343e+10 0.06025 373626 373626 677117 4051 55 373592 373653 6.30356 181130000000 200190000000 171590000000 133460000000 95330000000 5.28591 0 0.04456 0.48296 0.30608 17.1492 -0.11351 0.20927 0.56597 0.20059 15.7664 0.92673 1.0485 0.223 263500000000 47660000000
 0.6600   385275 0.6700   394222      1       -1       -1       -1  0 2.76500e+11 1.81100e+11 131.461000 7.448000 71.340000  1 0.4000 131.570000 15.35717 61.75721 30.17511 104.300 -105.400 152.350 -4.516e+09 -4.266e+10 -8.207e+10 0.05948 373627 373627 677117 3159 54 373592 373653 7.44821 181130000000 190660000000 171590000000 133460000000 85797000000 6.26445 0 0.04397 0.5621 0.25189 17.2796 13.6318 -8.63865 0.31927 0.15795 12.5111 14.0775 -13.071 0.2263 265000000000 66730000000
 0.6500   376232 0.6600   385275      1       -1       -1       -1  0 2.76500e+11 1.81100e+11 131.873000 6.708000 71.740000  1 0.4000 136.400000 15.33414 61.77587 30.13135 98.660 -101.820 150.210 -4.440e+09 -4.189e+10 -8.071e+10 0.05897 373628 373628 677117 2994 53 373592 373653 6.70814 181130000000 190660000000 171590000000 142990000000 123930000000 4.44357 0 0.04349 0.73768 0.27539 15.1845 14.8931 -3.46455 0.74141 0.14649 10.2715 16.7522 -7.2142 0.2265 286800000000 47660000000
 0.6400   367156 0.6500   376232      1       -1       -1       -1  0 2.76500e+11 1.90700e+11 134.561000 8.140000 69.590000  1 0.4000 133.110000 15.30678 61.80001 30.09119 94.630 -94.710 146.910 3.758e+10 -5.568e+10 -9.748e+10 0.06926 373629 373629 677117 2978 52 373592 373653 8.14047 190660000000 190660000000 171590000000 152530000000 114400000000 8.25029 0 0.05224 0.63051 0.22914 15.8876 4.84084 7.63773 0.70441 0.17323 15.2436 3.25671 7.91104 0.2178 261800000000 76260000000
 0.6300   358040 0.6400   367156      1       -1       -1       -1  0 2.76500e+11 1.14400e+11 113.839000 12.500000 50.740000  1 0.4000 97.810000 15.05649 62.08451 29.85683 119.500 -106.010 139.920 -1.411e+10 2.045e+10 -2.318e+10 0.03852 373630 373630 677117 1850 51 373592 373653 12.5004 114400000000 114400000000 114400000000 95330000000 19066000000 7.60069 0 0.03536 0.47299 0.11893 11.298 13.1694 17.2765 0.17776 0.08818 5.83853 16.718 8.27625 0.2321 135900000000 57200000000
 0.6200   348949 0.6300   358040      1       -1       -1       -1  0 2.76500e+11 2.76500e+11 153.225000 29.001000 65.180000  1 0.4000 119.750000 14.73169 0.30273 29.88400 127.320 -86.460 143.810 7.033e+10 1.321e+11 -5.529e+10 0.04139 373631 373631 677117 795 50 373592 373653 29.0009 276460000000 285990000000 266920000000 104860000000 9533000000 9.62227 0 0.03839 0.44555 0.31946 -18.4125 -9.23812 23.1344 0.58358 0.04194 -7.46793 -12.4121 11.3943 0.2286 266100000000 228800000000
 0.6100   339823 0.6200   348949      1       -1       -1       -1  0 2.76500e+11 2.76500e+11 153.678000 32.725000 65.200000  1 0.4000 118.620000 14.69231 0.32920 29.84025 125.260 -82.820 141.480 5.876e+10 1.293e+11 -3.425e+10 0.03745 373632 373632 677117 794 49 373592 373653 32.7245 276460000000 276460000000 266920000000 133460000000 0 14.2142 0 0.0354 0.75473 0.51105 36.566 14.1279 -21.7127 0.39975 0.00662 18.3932 26.447 -14.3792 0.2325 266000000000 247900000000
 0.6000   330680 0.6100   339823      1       -1       -1       -1  0 2.76500e+11 2.76500e+11 154.124000 43.026000 61.710000  1 0.4000 115.980000 14.65260 0.35564 29.79549 120.640 -82.300 140.540 8.847e+10 1.118e+11 -2.000e+10 0.03723 373633 373633 677117 1792 48 373592 373653 43.0259 276460000000 285990000000 219260000000 104860000000 0 13.6825 0 0.03511 0.92027 0.30999 42.637 2.74672 6.93556 0.69869 0.26039 20.0665 32.9772 -12.1725 0.2107 248100000000 286000000000
 0.5900   321504 0.6000   330680      1       -1       -1       -1  0 2.70133e+11 2.76500e+11 154.564000 47.647000 59.000000  1 0.4000 115.880000 14.60476 0.39752 29.73623 116.320 -78.850 138.120 8.631e+10 1.211e+11 1.846e+09 0.03788 373634 373634 677117 715 47 373592 373653 47.6472 276460000000 276460000000 238320000000 114400000000 0 21.2068 2.13 0.03654 0.45402 0.17533 39.3601 27.2572 -10.4637 0.56214 0.08209 10.7099 26.1655 -7.36895 0.2017 239200000000 286000000000
 0.5800   312260 0.5900   321504      1       -1       -1       -1  0 2.66933e+11 2.57400e+11 151.350000 32.928000 58.930000  1 0.4000 117.960000 14.57678 0.40663 29.69972 114.780 -75.560 134.680 6.942e+10 9.535e+10 1.512e+10 0.03443 373635 373635 677117 777 46 373592 373653 32.9278 257390000000 276460000000 228790000000 19066000000 9533000000 13.6594 1.1 0.03314 0.90581 0.57872 -6.08859 32.6583 -18.9237 0 0 0 0 0 0.2064 233800000000 228800000000
 0.5700   303037 0.5800   312260      1       -1       -1       -1  0 2.63733e+11 2.66900e+11 153.618000 41.849000 57.130000  1 0.4000 117.370000 14.53649 0.43210 29.65259 111.670 -73.800 132.520 8.348e+10 9.615e+10 2.516e+09 0.03450 373636 373636 677117 766 45 373592 373653 41.8494 266920000000 266920000000 238320000000 19066000000 0 10.1262 1.28 0.03365 0.97161 0.49246 41.7625 31.1566 -3.01695 0 0 0 0 0 0.1959 231400000000 276500000000
 0.5600   293783 0.5700   303037      1       -1       -1       -1  0 2.63733e+11 2.66900e+11 154.033000 48.381000 52.910000  1 0.4000 116.920000 14.49587 0.45748 29.60453 107.270 -71.870 132.470 7.041e+10 1.285e+11 8.958e+09 0.04010 373637 373637 677117 782 44 373592 373653 48.3807 266920000000 266920000000 209730000000 9533000000 0 8.95928 0 0.03908 0.87023 0.07364 -7.49145 53.7062 -12.0642 0 0 0 0 0 0.1694 234400000000 286000000000
 0.5500   284531 0.5600   293783      1       -1       -1       -1  0 2.60567e+11 2.57400e+11 152.581000 37.153000 52.810000  1 0.4000 119.060000 14.45491 0.48279 29.55553 104.160 -71.080 128.780 8.179e+10 1.699e+11 1.291e+10 0.05510 373638 373638 677117 778 43 373592 373653 37.1534 257390000000 266920000000 219260000000 0 0 8.90291 0 0.05388 0.2605 0.04992 20.7149 50.0642 -3.86467 0 0 0 0 0 0.1652 235900000000 257400000000
 0.5400   275306 0.5500   284531      1       -1       -1       -1  0 2.54233e+11 2.57400e+11 152.977000 38.959000 52.340000  1 0.4000 119.440000 14.41362 0.50800 29.50561 103.080 -70.530 127.850 9.529e+10 1.571e+11 -5.743e+09 0.05452 373639 373639 677117 769 42 373592 373653 38.959 257390000000 257390000000 238320000000 0 0 15.9405 0 0.0528 0.77703 0.14675 48.0954 34.8766 2.91978 0 0 0 0 0 0.156 227200000000 257400000000
 0.5300   266061 0.5400   275306      1       -1       -1       -1  0 2.51067e+11 2.47900e+11 151.449000 32.881000 53.080000  1 0.4000 121.080000 14.38440 0.54012 29.44419 98.260 -66.070 123.890 5.703e+10 1.318e+11 4.422e+09 0.04643 373640 373640 677117 740 41 373592 373653 32.8811 247860000000 247860000000 238320000000 0 0 14.5227 0 0.04432 0.41189 0.02637 27.4767 43.8817 -4.70913 0 0 0 0 0 0.1555 229100000000 228800000000
 0.5200   256827 0.5300   266061      1       -1       -1       -1  0 2.38367e+11 2.47900e+11 151.826000 31.753000 55.570000  1 0.4000 122.680000 14.33834 0.56728 29.39605 98.020 -62.460 121.360 6.272e+10 1.320e+11 -8.290e+09 0.04861 373641 373641 677117 730 40 373592 373653 31.7527 247860000000 247860000000 228790000000 95330000000 0 14.4872 0 0.04553 0.32207 0.30361 56.6073 31.2609 12.0466 0 0 29.748 29.7017 -14.7915 0.1584 221200000000 209700000000
 0.5100   247561 0.5200   256827      1       -1       -1       -1  0 2.35167e+11 2.19300e+11 146.100000 19.072000 57.310000  1 0.4000 128.270000 14.28983 0.60785 29.31774 91.650 -58.060 122.540 -1.325e+09 7.288e+10 -2.282e+10 0.03311 373642 373642 677117 735 39 373592 373653 19.0719 219260000000 219260000000 200190000000 181130000000 9533000000 8.21173 0 0.02938 0.29945 0.02178 39.8646 5.7292 1.44087 0.22433 0.0039 33.0187 1.60159 -2.03169 0.1592 228600000000 85800000000
 0.5000   238385 0.5100   247561      1       -1       -1       -1  0 2.35167e+11 2.28800e+11 148.539000 20.098000 58.570000  1 0.4000 130.340000 14.24891 0.62826 29.26532 88.900 -56.510 118.820 1.337e+10 7.738e+10 -2.115e+10 0.03399 373643 373643 677117 761 38 373592 373653 20.0981 228790000000 228790000000 200190000000 162060000000 9533000000 8.5081 0 0.0294 0.45439 0.13333 32.1047 2.15328 -9.56274 0.04736 0 31.6267 -4.81544 -9.24064 0.1542 236400000000 123900000000
 0.4900   229206 0.5000   238385      1       -1       -1       -1  0 2.35167e+11 2.47900e+11 152.909000 30.900000 62.620000  1 0.4000 126.510000 14.20896 0.64960 29.23432 88.570 -53.710 113.070 -3.343e+10 1.628e+11 4.819e+09 0.05938 373644 373644 677117 841 37 373592 373653 30.9001 247860000000 247860000000 228790000000 152530000000 9533000000 8.57084 4.09 0.05308 0.63719 0.28937 -12.7357 -12.053 29.23 0.36799 0.12584 -6.55266 -8.49844 23.1823 0.1773 221900000000 219300000000
 0.4800   220056 0.4900   229206      1       -1       -1       -1  0 2.35167e+11 2.19300e+11 147.117000 11.963000 61.720000  1 0.4000 146.140000 14.16643 0.66817 29.15704 84.200 -48.680 109.820 1.479e+10 8.286e+10 -4.145e+10 0.04608 373645 373645 677117 740 36 373592 373653 11.963 219260000000 219260000000 219260000000 152530000000 57198000000 9.32779 0 0.03708 0.92851 0.8236 5.74477 -5.19095 10.9851 0.75617 0.69732 10.5728 -3.80831 -0.11363 0.1531 205800000000 66730000000
 0.4700   210914 0.4800   220056      1       -1       -1       -1  0 2.28800e+11 2.38300e+11 151.595000 36.369000 60.140000  1 0.4000 124.540000 14.10137 0.68436 29.14134 87.740 -45.990 106.690 1.973e+10 1.584e+11 -1.878e+10 0.06000 373646 373646 677117 695 35 373592 373653 36.3687 238320000000 238320000000 228790000000 66731000000 9533000000 17.7603 0 0.0558 0.15093 0.03288 2.71402 -6.46474 44.1117 0.23681 0 -1.85169 -3.18821 17.925 0.1796 209100000000 228800000000
 0.4600   201809 0.4700   210914      1       -1       -1       -1  0 2.22433e+11 2.28800e+11 149.865000 28.449000 56.770000  1 0.4000 127.830000 14.05676 0.70890 29.08434 84.200 -44.570 104.220 2.147e+10 1.419e+11 -2.255e+10 0.05725 373647 373647 677117 683 34 373592 373653 28.4487 228790000000 228790000000 209730000000 28599000000 0 21.8796 0 0.0545 0.54516 0.24689 7.20295 -5.94849 48.6347 0.19392 0.07718 24.9372 29.6458 3.26649 0.1752 205800000000 190700000000
 0.4500   192776 0.4600   201809      1       -1       -1       -1  0 1.98633e+11 2.00200e+11 143.638000 21.849000 50.360000  1 0.4000 127.940000 14.03099 0.74927 29.02028 80.580 -39.820 97.840 1.456e+10 9.033e+10 -6.168e+10 0.05515 373648 373648 677117 1930 33 373592 373653 21.8491 200190000000 200190000000 200190000000 47665000000 0 22.6304 0 0.05224 0 0 56.8218 11.5698 -0.61417 0.56538 0.14607 38.6374 10.5137 19.3687 0.1538 201700000000 95330000000
 0.4400   183727 0.4500   192776      1       -1       -1       -1  1 1.66867e+11 1.66900e+11 135.383000 30.976000 46.750000  1 0.4000 117.280000 14.01078 0.75926 28.99574 80.580 -39.820 97.840 9.949e+09 7.780e+10 -4.806e+10 0.06036 373649 373649 677117 8487 32 373592 373653 33.4607 166825000000 166825000000 147760000000 42898500000 0 32.1484 0 0.06127 0.225035 0.01554 55.3475 2.54211 -7.64281 0.558705 0.073035 34.2628 7.79035 16.8716 0.15945 176850000000 138215000000
 0.4300   174712 0.4400   183727      1       -1       -1       -1  0 1.41433e+11 1.33500e+11 125.976000 40.103000 42.470000  1 0.4000 104.230000 13.97949 0.75849 28.90792 76.990 -33.860 89.190 5.339e+09 6.527e+10 -3.444e+10 0.06556 373650 373650 677117 676 31 373592 373653 40.1031 133460000000 133460000000 95330000000 38132000000 0 41.6663 0 0.0703 0.45007 0.03108 53.8732 -6.48557 -14.6715 0.55203 0 29.8883 5.067 14.3745 0.1651 152000000000 181100000000
 0.4200   165761 0.4300   174712      1       -1       -1       -1  0 1.30300e+11 1.23900e+11 123.133000 40.162000 46.140000  1 0.4000 102.640000 13.89529 0.82220 28.84288 79.830 -32.330 93.740 4.077e+10 5.753e+10 -3.233e+10 0.08008 373651 373651 677117 771 30 373592 373653 40.1617 123930000000 123930000000 95330000000 28599000000 0 15.5254 9.71 0.0843 0.34526 0.0928 41.6797 25.6341 -17.9143 0.38227 0.06748 -17.6001 12.4194 24.7314 0.1944 157200000000 152500000000
 0.4100   156893 0.4200   165761      1       -1       -1       -1  0 1.01690e+11 1.33500e+11 126.442000 48.875000 40.910000  1 0.4000 105.540000 13.78260 0.76572 28.81050 79.680 -21.640 96.690 -4.250e+09 4.654e+10 -1.282e+09 0.04360 373652 373652 677117 730 29 373592 373653 48.8747 133460000000 104860000000 104860000000 28599000000 0 8.21576 7.1 0.04541 0.28254 0.03267 14.2888 54.2372 7.32388 0.56256 0.28593 12.1453 31.8787 -8.05428 0.1472 112400000000 171600000000
 0.4000   148128 0.4100   156893      0       -1       -1       -1  0 4.76700e+10 4.76700e+10 89.867000 30.396000 31.490000  1 0.4000 76.190000 13.80767 0.88055 28.72160 67.780 -36.760 87.630 8.537e+09 1.298e+09 1.337e+09 0.02981 373653 373653 677117 727 28 373592 373653 30.3957 47665000000 47665000000 28599000000 9533000000 0 31.6446 15.86 0.04775 0.76818 0 22.06 53.2282 -19.1025 0 0 0 0 0 0.3537 142200000000 76260000000
