 1.0000   674891 0.0000       -1      1       -1       -1       -1  0 7.43600e+11 6.57800e+11 177.921000 13.425000 138.980000  1 0.4300 162.430000 6.60376 5.40946 29.63703 213.790 -57.230 51.370 7.728e+11 -3.638e+11 1.943e+11 0.04368 259601 259601 674891 406 88 259600 259686 13.4246 657780000000 676840000000 543380000000 409920000000 266920000000 25.7221 1.79 0.04197 0.67234 0.60825 10.7784 5.23946 12.2956 0.51855 0.31549 12.9008 2.08321 9.18605 0.5267 783800000000 276500000000
 0.9900   666720 1.0000   674891      1       -1       -1       -1  0 7.43600e+11 6.38700e+11 176.928000 11.204000 142.550000  1 0.4300 168.760000 6.58824 5.41595 29.63473 213.780 -58.030 50.200 5.709e+11 -6.093e+11 2.465e+10 0.04675 259602 259602 674891 404 87 259600 259686 11.2041 638710000000 686380000000 543380000000 390850000000 266920000000 20.5153 1.08 0.04216 0.81446 0.68651 6.76729 7.60895 13.0664 0.74729 0.57061 10.5358 3.73944 7.99028 0.5108 866600000000 266900000000
 0.9800   658385 0.9900   666720      1       -1       -1       -1  0 7.43600e+11 6.00600e+11 174.060000 9.524000 142.020000  1 0.4300 172.510000 6.57510 5.42529 29.63408 208.490 -57.260 47.360 4.898e+11 -4.331e+11 -1.302e+11 0.04382 259603 259603 674891 417 86 259600 259686 9.52383 600580000000 686380000000 562450000000 400390000000 305060000000 14.5955 0 0.03739 0.901 0.68024 0.10611 15.9678 -0.32646 0.80803 0.64417 1.70463 12.2165 -3.88705 0.4886 933900000000 228800000000
 0.9700   650072 0.9800   658385      1       -1       -1       -1  0 7.43600e+11 5.91000e+11 173.856000 9.736000 140.440000  1 0.4300 171.020000 6.55466 5.42901 29.63153 206.670 -57.020 46.680 5.108e+11 -3.554e+11 -1.209e+11 0.04241 259604 259604 674891 1434 85 259600 259686 9.73601 591050000000 676840000000 533850000000 419450000000 276460000000 17.4518 0 0.03663 0.73156 0.61761 1.10536 21.1111 6.86127 0.88527 0.48687 6.86947 13.9395 8.4959 0.4904 828300000000 228800000000
 0.9600   641780 0.9700   650072      1       -1       -1       -1  0 7.43600e+11 5.91000e+11 174.577000 11.537000 139.180000  1 0.4300 164.110000 6.53248 5.43741 29.62404 203.150 -58.080 45.590 3.030e+11 -3.478e+11 -1.114e+11 0.03224 259605 259605 674891 2366 84 259600 259686 11.5367 591050000000 676840000000 533850000000 486180000000 247860000000 15.0605 0 0.0275 0.73484 0.54234 1.48983 18.5788 3.38309 0.77069 0.46024 3.16953 16.3801 3.85717 0.4781 826900000000 257400000000
 0.9500   633492 0.9600   641780      1       -1       -1       -1  0 7.43600e+11 5.91000e+11 175.296000 10.333000 141.910000  1 0.4300 169.710000 6.50639 5.44855 29.61880 200.900 -57.880 45.850 2.954e+11 -3.466e+11 -1.166e+11 0.03207 259606 259606 674891 427 83 259600 259686 10.3329 591050000000 676840000000 524310000000 505250000000 295520000000 11.528 0 0.02733 0.77387 0.52111 -1.1374 23.601 4.37718 0.66448 0.3999 -1.17886 23.9738 3.53273 0.4862 905200000000 219300000000
 0.9400   625210 0.9500   633492      1       -1       -1       -1  0 7.43600e+11 5.81500e+11 175.063000 9.423000 152.480000  1 0.4300 173.620000 6.48990 5.45092 29.61121 200.510 -55.890 44.140 2.661e+11 -3.706e+11 -2.634e+11 0.03647 259607 259607 674891 1387 82 259600 259686 9.42323 581510000000 676840000000 514780000000 495720000000 333650000000 14.1646 0 0.03157 0.60869 0.46289 2.95483 21.2013 6.97423 0.38841 0.34524 2.41726 22.7938 6.97179 0.53 934700000000 228800000000
 0.9300   616902 0.9400   625210      1       -1       -1       -1  0 7.43600e+11 5.81500e+11 175.776000 5.652000 163.900000  1 0.4300 202.860000 6.46354 5.46542 29.60888 198.380 -55.780 44.440 2.620e+11 -3.678e+11 -2.621e+11 0.03975 259608 259608 674891 440 81 259600 259686 5.65217 581510000000 667310000000 514780000000 467120000000 352720000000 8.36895 0 0.0314 0.92257 0.56252 13.1277 5.60729 -0.74537 0.76218 0.45256 3.22013 13.3573 1.37725 0.52 1048000000000 257400000000
 0.9200   608575 0.9300   616902      1       -1       -1       -1  0 7.43600e+11 5.72000e+11 175.518000 6.635000 160.180000  1 0.4300 192.610000 6.43924 5.48219 29.61106 197.270 -57.310 45.840 2.032e+11 -4.523e+11 -1.894e+11 0.04197 259609 259609 674891 1446 80 259600 259686 6.63453 571980000000 638710000000 524310000000 467120000000 352720000000 4.64024 0 0.03292 0.89084 0.71469 14.7654 -4.41429 -1.98203 0.90315 0.77665 11.3238 -7.78764 1.67195 0.5079 1099000000000 238300000000
 0.9100   600231 0.9200   608575      1       -1       -1       -1  0 7.43600e+11 5.81500e+11 177.198000 7.794000 147.120000  1 0.4300 185.780000 6.41255 5.49466 29.60369 195.350 -57.330 47.130 1.702e+11 -5.273e+11 -2.187e+11 0.04492 259610 259610 674891 1463 79 259600 259686 7.7942 581510000000 638710000000 514780000000 467120000000 333650000000 10.8952 0 0.03607 0.96953 0.69456 13.9892 -2.33695 4.15613 0.86545 0.58421 2.09899 12.392 5.65696 0.4744 969500000000 247900000000
 0.9000   591885 0.9100   600231      1       -1       -1       -1  0 7.43600e+11 5.81500e+11 177.906000 10.256000 136.720000  1 0.4300 172.720000 6.39270 5.51186 29.60005 193.110 -56.830 47.470 1.658e+11 -5.242e+11 -2.166e+11 0.04339 259611 259611 674891 437 78 259600 259686 10.2558 581510000000 610110000000 495720000000 457580000000 295520000000 19.619 0 0.03591 0.6816 0.52124 3.5589 17.9094 4.02507 0.65839 0.44061 4.01493 16.4538 3.48441 0.4532 820800000000 228800000000
 0.8900   583493 0.9000   591885      1       -1       -1       -1  0 7.43600e+11 5.81500e+11 178.612000 10.261000 125.310000  1 0.4300 173.510000 6.37004 5.52514 29.59552 190.810 -56.300 47.780 1.615e+11 -5.207e+11 -2.159e+11 0.04215 259612 259612 674891 444 77 259600 259686 10.2611 581510000000 610110000000 486180000000 438520000000 209730000000 25.6889 0 0.03576 0.50636 0.38564 2.23542 21.1153 3.41941 0.43485 0.31951 1.86916 18.5556 0.67283 0.4226 711900000000 200200000000
 0.8800   575119 0.8900   583493      1       -1       -1       -1  0 7.43600e+11 5.72000e+11 178.331000 15.095000 117.020000  1 0.4300 156.810000 6.34492 5.52912 29.59038 188.010 -55.220 49.000 1.248e+11 -4.766e+11 -2.521e+11 0.04121 259613 259613 674891 1470 76 259600 259686 15.0952 571980000000 610110000000 467120000000 419450000000 209730000000 21.9405 0 0.03482 0.58102 0.51951 -0.80457 21.7734 4.42413 0.46894 0.35045 -2.67703 21.5132 3.6732 0.3896 713800000000 266900000000
 0.8700   566668 0.8800   575119      1       -1       -1       -1  0 7.43600e+11 5.52900e+11 177.017000 14.436000 112.430000  1 0.4300 157.030000 6.31922 5.54009 29.58616 185.200 -54.770 47.380 1.096e+11 -3.608e+11 -3.561e+11 0.04194 259614 259614 674891 442 75 259600 259686 14.4361 552910000000 610110000000 467120000000 390850000000 162060000000 23.4034 0.41 0.03466 0.67819 0.50569 -4.95873 18.4717 0.42635 0.76288 0.50717 -7.12468 10.7677 -6.86144 0.3629 639000000000 247900000000
 0.8600   558208 0.8700   566668      1       -1       -1       -1  0 7.43600e+11 5.14800e+11 173.522000 11.635000 114.230000  1 0.4300 161.690000 6.29188 5.55238 29.57328 182.920 -56.860 50.410 1.573e+11 -2.582e+11 -3.883e+11 0.04665 259615 259615 674891 438 74 259600 259686 11.6348 514780000000 619640000000 467120000000 371790000000 209730000000 22.5854 0 0.03719 0.64167 0.374 -6.11418 17.7518 -0.17331 0.81365 0.37413 -6.48838 12.1555 -3.13886 0.3603 604800000000 209700000000
 0.8500   549776 0.8600   558208      1       -1       -1       -1  0 7.43600e+11 5.24300e+11 175.260000 12.403000 113.190000  1 0.4300 161.070000 6.27129 5.53974 29.56251 181.830 -53.930 49.260 1.779e+11 -1.842e+11 -2.077e+11 0.03056 259616 259616 674891 1498 73 259600 259686 12.4025 524310000000 648240000000 467120000000 381320000000 190660000000 8.56151 1.95 0.02426 0.5171 0.36283 -7.69286 20.3279 2.39879 0.43832 0.3552 -3.30988 17.5264 3.59354 0.3493 624100000000 209700000000
 0.8400   541259 0.8500   549776      1       -1       -1       -1  0 7.43600e+11 5.33800e+11 176.990000 13.726000 109.580000  1 0.4300 158.990000 6.24416 5.53985 29.55840 178.890 -52.120 50.650 1.844e+11 -1.756e+11 -1.889e+11 0.02799 259617 259617 674891 427 72 259600 259686 13.7265 533850000000 629180000000 467120000000 362250000000 219260000000 3.42363 2.86 0.02273 0.57367 0.41532 -8.58082 24.4984 2.13846 0.50785 0.39528 -1.22663 21.8935 3.64213 0.3408 638900000000 257400000000
 0.8300   532734 0.8400   541259      1       -1       -1       -1  0 7.43600e+11 5.14800e+11 175.521000 10.534000 107.570000  1 0.4300 168.520000 6.21654 5.55446 29.54734 176.540 -47.260 49.530 2.849e+11 -1.758e+11 -2.176e+11 0.04048 259618 259618 674891 2463 71 259600 259686 10.5339 514780000000 619640000000 448050000000 352720000000 181130000000 11.783 0 0.03054 0.66663 0.52525 -5.94325 15.8197 -2.06393 0.77569 0.57551 -4.15823 12.0302 -3.34294 0.3004 621200000000 162100000000
 0.8200   524160 0.8300   532734      1       -1       -1       -1  0 7.43600e+11 5.24300e+11 177.263000 10.574000 108.340000  1 0.4300 170.550000 6.19206 5.55568 29.54974 174.060 -47.090 49.590 2.979e+11 -1.792e+11 -1.990e+11 0.03905 259619 259619 674891 441 70 259600 259686 10.5737 524310000000 600580000000 448050000000 343190000000 228790000000 15.8889 0 0.02984 0.72364 0.60631 -7.31687 13.5094 -2.0318 0.8064 0.55141 6.30644 -7.82653 7.17489 0.3044 665800000000 200200000000
 0.8100   515522 0.8200   524160      1       -1       -1       -1  0 7.43600e+11 5.33800e+11 178.996000 8.339000 112.050000  1 0.4300 184.620000 6.16536 5.55844 29.54373 173.800 -46.420 48.190 3.367e+11 -1.093e+11 -1.319e+11 0.03552 259620 259620 674891 1517 69 259600 259686 8.33939 533850000000 600580000000 438520000000 352720000000 247860000000 17.4172 0 0.02742 0.5187 0.36466 -8.64249 20.0829 -1.14876 0.40497 0.35527 -7.21924 17.4768 -0.62856 0.3185 780200000000 209700000000
 0.8000   506856 0.8100   515522      1       -1       -1       -1  0 7.43600e+11 5.52900e+11 181.772000 9.152000 107.300000  1 0.4300 183.500000 6.13051 5.56570 29.53676 169.670 -47.810 48.050 5.139e+11 -1.401e+11 -5.468e+09 0.04772 259621 259621 674891 462 68 259600 259686 9.15169 552910000000 610110000000 448050000000 362250000000 219260000000 17.6968 0 0.03663 0.63855 0.52632 -10.4255 14.2127 0.10699 0.69943 0.58855 -7.56138 11.0257 0.30587 0.2898 622000000000 181100000000
 0.7900   498227 0.8000   506856      1       -1       -1       -1  0 7.43600e+11 5.24300e+11 179.238000 13.783000 100.860000  1 0.4300 161.790000 6.11006 5.57359 29.51857 167.360 -44.660 48.150 3.834e+11 -9.931e+10 -1.129e+11 0.04061 259622 259622 674891 448 67 259600 259686 13.7833 524310000000 600580000000 457580000000 390850000000 219260000000 8.67802 0 0.03108 0.78487 0.53713 -8.98378 18.8485 0.62883 0.92079 0.61106 -2.32697 9.48667 13.7341 0.2679 640700000000 247900000000
 0.7800   489593 0.7900   498227      1       -1       -1       -1  0 7.43600e+11 5.72000e+11 185.183000 15.895000 103.140000  1 0.4300 162.900000 6.08012 5.58787 29.50997 163.150 -46.000 48.750 6.157e+11 8.744e+10 5.486e+10 0.05213 259623 259623 674891 457 66 259600 259686 15.8951 571980000000 600580000000 467120000000 381320000000 190660000000 7.86174 0 0.04094 0.77589 0.47661 -4.63395 18.2991 -4.54465 0.97339 0.53445 -1.95183 13.4761 7.33056 0.2717 682900000000 286000000000
 0.7700   480906 0.7800   489593      1       -1       -1       -1  0 7.43600e+11 5.43400e+11 182.699000 10.703000 111.100000  1 0.4300 177.350000 6.05096 5.59381 29.50985 163.560 -44.010 47.310 4.159e+11 -3.361e+10 -2.645e+10 0.04039 259624 259624 674891 470 65 259600 259686 10.7027 543380000000 591050000000 457580000000 390850000000 238320000000 16.0555 0 0.03 0.50894 0.42607 -5.91258 20.1003 -0.77617 0.53516 0.39345 -5.18542 17.0666 -0.99773 0.2835 663000000000 200200000000
 0.7600   472209 0.7700   480906      1       -1       -1       -1  0 7.43600e+11 5.52900e+11 184.416000 9.069000 117.790000  1 0.4300 188.160000 6.02352 5.59987 29.49880 160.220 -41.820 45.850 4.929e+11 8.125e+10 6.806e+09 0.04770 259625 259625 674891 475 64 259600 259686 9.06949 552910000000 581510000000 514780000000 400390000000 257390000000 17.8395 0 0.035 0.48395 0.43546 -3.16764 17.6879 -5.66283 0.49641 0.4448 -1.45009 14.144 -6.46402 0.2994 765800000000 200200000000
 0.7500   463475 0.7600   472209      1       -1       -1       -1  0 7.43600e+11 5.52900e+11 185.067000 9.474000 121.430000  1 0.4300 186.940000 5.99875 5.60583 29.48224 158.330 -39.140 45.300 5.483e+11 6.392e+10 9.261e+10 0.05444 259626 259626 674891 470 63 259600 259686 9.47368 552910000000 600580000000 505250000000 419450000000 285990000000 21.1526 0 0.0394 0.58262 0.43767 -10.0248 15.9735 -4.86221 0.51034 0.43738 -8.99677 13.6994 -4.68874 0.3054 772900000000 228800000000
 0.7400   454687 0.7500   463475      1       -1       -1       -1  0 7.43600e+11 5.72000e+11 187.824000 11.227000 118.560000  1 0.4300 182.060000 5.96429 5.61431 29.46953 157.410 -39.680 43.270 5.511e+11 7.400e+10 1.474e+11 0.05130 259627 259627 674891 1539 62 259600 259686 11.2267 571980000000 571980000000 514780000000 419450000000 305060000000 14.2871 0 0.03846 0.53587 0.37065 -12.2045 17.9298 -4.47762 0.53659 0.29553 -10.198 16.4131 -2.49277 0.3046 765500000000 247900000000
 0.7300   445867 0.7400   454687      1       -1       -1       -1  0 7.43600e+11 5.62500e+11 187.420000 12.512000 114.850000  1 0.4300 176.710000 5.92673 5.62015 29.45580 155.640 -38.150 43.320 5.237e+11 6.643e+09 1.912e+11 0.05129 259628 259628 674891 460 61 259600 259686 12.5119 562450000000 581510000000 524310000000 448050000000 285990000000 12.1895 0 0.03853 0.75199 0.56473 -9.45566 17.6613 -3.76831 0.52063 0.46673 -9.48117 16.8344 -2.92286 0.2931 714400000000 238300000000
 0.7200   436996 0.7300   445867      1       -1       -1       -1  0 7.43600e+11 5.72000e+11 189.117000 12.321000 115.010000  1 0.4300 179.780000 5.88581 5.62737 29.45207 151.670 -38.080 43.150 5.536e+11 -2.606e+10 2.486e+11 0.05397 259629 259629 674891 456 60 259600 259686 12.3206 571980000000 581510000000 514780000000 457580000000 295520000000 6.09126 0 0.04103 0.52567 0.50472 -6.6428 28.6034 -8.74478 0.39005 0.30145 -5.80961 29.8965 -9.0645 0.2936 760300000000 209700000000
 0.7100   428064 0.7200   436996      1       -1       -1       -1  0 7.43600e+11 5.62500e+11 188.696000 10.240000 122.380000  1 0.4300 188.810000 5.84874 5.64139 29.43808 149.700 -38.780 43.930 4.536e+11 -1.127e+11 1.737e+11 0.04798 259630 259630 674891 485 59 259600 259686 10.2403 562450000000 571980000000 533850000000 467120000000 295520000000 2.10372 0 0.03482 0.45195 0.37157 -4.89046 22.0079 -5.7592 0.43695 0.36059 -4.79405 20.3264 -5.54625 0.3012 746400000000 238300000000
 0.7000   419097 0.7100   428064      1       -1       -1       -1  0 7.43600e+11 5.52900e+11 188.251000 9.598000 124.090000  1 0.4300 192.080000 5.80548 5.65309 29.42123 147.940 -36.400 44.540 4.200e+11 -8.323e+10 1.673e+11 0.04659 259631 259631 674891 494 58 259600 259686 9.59772 552910000000 581510000000 524310000000 428980000000 324120000000 10.5657 1.16 0.03321 0.45749 0.3133 -10.029 19.2867 -8.4292 0.44619 0.31219 -9.03565 18.0405 -8.52068 0.301 833800000000 228800000000
 0.6900   410108 0.7000   419097      1       -1       -1       -1  0 7.43600e+11 5.52900e+11 188.872000 10.159000 117.770000  1 0.4300 190.270000 5.76533 5.66398 29.41303 144.690 -35.870 44.200 3.801e+11 -9.546e+10 1.897e+11 0.04369 259632 259632 674891 497 57 259600 259686 10.1592 552910000000 581510000000 514780000000 428980000000 276460000000 14.7683 0 0.03163 0.50577 0.34759 -10.8811 12.7399 -2.81278 0.53169 0.35903 11.0698 -11.1422 1.01358 0.2849 720000000000 219300000000
 0.6800   401104 0.6900   410108      1       -1       -1       -1  0 7.43600e+11 5.62500e+11 190.571000 12.752000 108.900000  1 0.4300 181.460000 5.73168 5.67503 29.40763 140.990 -36.320 43.980 2.977e+11 -2.861e+11 1.882e+11 0.04234 259633 259633 674891 510 56 259600 259686 12.7522 562450000000 562450000000 533850000000 400390000000 285990000000 8.75475 0 0.03222 0.69152 0.5255 -13.7685 18.1849 -8.62291 0.6389 0.57105 -11.2971 17.0408 -4.07054 0.271 685800000000 257400000000
 0.6700   392120 0.6800   401104      1       -1       -1       -1  0 7.43600e+11 5.43400e+11 188.999000 13.310000 104.860000  1 0.4300 178.070000 5.69436 5.67248 29.38978 139.690 -34.860 43.880 2.907e+11 -1.925e+11 1.672e+11 0.03962 259634 259634 674891 2715 55 259600 259686 13.3098 543380000000 552910000000 514780000000 371790000000 238320000000 9.93748 0 0.02925 0.46751 0.39581 -9.01523 16.7379 -9.97171 0.46456 0.36559 -7.45341 13.1731 -8.7908 0.2488 598800000000 228800000000
 0.6600   383159 0.6700   392120      1       -1       -1       -1  0 7.43600e+11 5.43400e+11 189.600000 18.817000 97.330000  1 0.4300 164.970000 5.65349 5.67908 29.37799 133.600 -32.240 40.710 2.348e+11 -2.850e+11 2.173e+11 0.04261 259635 259635 674891 1588 54 259600 259686 18.8167 543380000000 562450000000 495720000000 371790000000 190660000000 16.677 1.29 0.0326 0.499 0.43147 -6.42525 17.5238 -6.89999 0.57184 0.48248 -3.74277 15.3514 -4.96588 0.2332 581100000000 305100000000
 0.6500   374104 0.6600   383159      1       -1       -1       -1  0 7.43600e+11 5.14800e+11 186.797000 15.782000 90.800000  1 0.4300 169.200000 5.62274 5.68159 29.37062 132.690 -32.270 39.350 1.724e+11 -3.552e+11 1.256e+11 0.04492 259636 259636 674891 495 53 259600 259686 15.7823 514780000000 562450000000 467120000000 371790000000 209730000000 8.80528 0 0.03471 0.45923 0.31636 -10.36 23.9975 -8.49868 0.32628 0.081 -6.36473 24.5709 -9.77695 0.2161 569900000000 266900000000
 0.6400   365023 0.6500   374104      1       -1       -1       -1  0 7.43600e+11 4.95700e+11 185.031000 16.193000 91.600000  1 0.4300 166.730000 5.58349 5.68716 29.36848 129.440 -33.390 38.400 1.211e+11 -4.055e+11 1.197e+11 0.05206 259637 259637 674891 497 52 259600 259686 16.1926 495720000000 533850000000 457580000000 333650000000 200190000000 13.9511 0 0.03948 0.5064 0.25308 -15.3358 25.1986 -12.7485 0.48255 0.27478 -11.0889 19.9252 -14.0818 0.2112 539400000000 238300000000
 0.6300   355909 0.6400   365023      1       -1       -1       -1  0 7.43600e+11 4.95700e+11 185.595000 14.543000 94.150000  1 0.4300 172.320000 5.54094 5.70598 29.35367 127.450 -32.780 37.950 1.295e+11 -3.336e+11 7.920e+10 0.04425 259638 259638 674891 505 51 259600 259686 14.5434 495720000000 514780000000 467120000000 324120000000 219260000000 7.73405 1.58 0.03311 0.43258 0.22492 -13.1724 17.643 -7.26342 0.28214 0.19501 -9.57006 18.3895 -11.4507 0.2135 517500000000 228800000000
 0.6200   346804 0.6300   355909      1       -1       -1       -1  0 7.43600e+11 5.05200e+11 187.337000 11.818000 96.510000  1 0.4300 184.510000 5.50044 5.70652 29.34662 124.550 -28.890 36.680 1.526e+11 -2.965e+11 1.082e+11 0.04143 259639 259639 674891 487 50 259600 259686 11.8176 505250000000 514780000000 457580000000 314590000000 238320000000 16.5347 0 0.03088 0.57115 0.39077 16.2528 -11.7974 9.3289 0.58491 0.4357 13.8499 -8.89335 8.10048 0.2147 541000000000 209700000000
 0.6100   337674 0.6200   346804      1       -1       -1       -1  0 7.43600e+11 5.05200e+11 187.890000 15.211000 96.850000  1 0.4300 174.320000 5.47380 5.72115 29.31109 121.860 -28.300 35.550 1.472e+11 -2.635e+11 1.095e+11 0.03468 259640 259640 674891 487 49 259600 259686 15.2109 505250000000 514780000000 448050000000 324120000000 76264000000 17.2922 0 0.02847 0.38761 0.17428 3.88022 -12.7094 36.1417 0.2069 0.05123 5.01446 -13.5901 35.2151 0.2489 580900000000 171600000000
 0.6000   328512 0.6100   337674      1       -1       -1       -1  0 7.43600e+11 4.86200e+11 186.035000 14.226000 89.770000  1 0.4300 175.720000 5.43614 5.71444 29.33315 118.090 -27.370 32.690 1.326e+11 -1.648e+11 -9.690e+09 0.02680 259641 259641 674891 1491 48 259600 259686 14.2259 486180000000 505250000000 419450000000 324120000000 219260000000 21.4329 3.01 0.02015 0.59509 0.36795 -12.621 22.4634 -14.6194 0.42788 0.30167 -9.27615 21.8199 -12.5013 0.1951 531400000000 219300000000
 0.5900   319319 0.6000   328512      1       -1       -1       -1  0 7.43600e+11 4.67100e+11 184.095000 12.878000 89.990000  1 0.4300 178.570000 5.38955 5.73163 29.32717 115.060 -27.240 31.470 1.530e+11 -8.720e+10 -6.985e+09 0.02407 259642 259642 674891 501 47 259600 259686 12.8785 467120000000 495720000000 409920000000 333650000000 238320000000 17.3111 0 0.01806 0.60425 0.34742 20.3713 -22.1453 11.5683 0.57194 0.40278 -16.9218 19.138 -12.2238 0.1949 554800000000 209700000000
 0.5800   310072 0.5900   319319      1       -1       -1       -1  0 7.43600e+11 4.57600e+11 183.347000 13.576000 93.200000  1 0.4300 176.060000 5.35476 5.74043 29.31767 115.290 -25.530 31.030 1.518e+11 -9.309e+10 -2.675e+10 0.02649 259643 259643 674891 530 46 259600 259686 13.5757 457580000000 495720000000 419450000000 362250000000 219260000000 17.7042 2.57 0.01924 0.58018 0.30582 17.71 -14.3603 9.99827 0.52777 0.30711 15.3868 -14.2247 11.0608 0.1953 523800000000 219300000000
 0.5700   300848 0.5800   310072      1       -1       -1       -1  0 7.43600e+11 4.48100e+11 182.567000 10.488000 98.910000  1 0.4300 188.240000 5.32916 5.74785 29.30769 112.650 -25.650 32.470 1.553e+11 -1.892e+11 4.446e+10 0.04029 259644 259644 674891 514 45 259600 259686 10.4876 448050000000 467120000000 438520000000 352720000000 247860000000 15.1332 0 0.02772 0.53414 0.33099 17.3182 -7.11853 12.2756 0.40953 0.32308 15.5753 -5.43987 14.6163 0.1974 571200000000 171600000000
 0.5600   291601 0.5700   300848      1       -1       -1       -1  0 7.43600e+11 4.57600e+11 184.350000 8.763000 95.910000  1 0.4300 201.390000 5.27628 5.76820 29.28888 109.350 -26.100 30.800 2.072e+11 -7.700e+10 -6.923e+10 0.03611 259645 259645 674891 520 44 259600 259686 8.76296 457580000000 476650000000 428980000000 324120000000 247860000000 9.86992 0 0.02511 0.75257 0.62624 20.5992 -3.13017 13.6364 0.73539 0.63633 16.3751 3.21258 13.6218 0.1885 639700000000 171600000000
 0.5500   282352 0.5600   291601      1       -1       -1       -1  0 7.43600e+11 4.67100e+11 186.113000 11.552000 93.330000  1 0.4300 189.790000 5.24983 5.77569 29.28562 108.370 -26.440 28.930 1.906e+11 -7.456e+10 -1.914e+10 0.03024 259646 259646 674891 534 43 259600 259686 11.5517 467120000000 467120000000 428980000000 352720000000 257390000000 13.3944 0 0.0217 0.69986 0.41981 23.1561 -14.8061 9.55154 0.82934 0.39301 -15.4796 16.5752 -8.41726 0.1862 584200000000 200200000000
 0.5400   273134 0.5500   282352      1       -1       -1       -1  0 7.43600e+11 4.86200e+11 189.102000 18.849000 84.890000  1 0.4300 172.580000 5.19571 5.79661 29.25408 104.350 -26.290 29.100 1.498e+11 -1.430e+11 -1.284e+11 0.03106 259647 259647 674891 512 42 259600 259686 18.8485 486180000000 486180000000 419450000000 352720000000 95330000000 3.5237 0 0.02425 0.33284 0.22079 31.9188 -17.116 26.8803 0.1374 0.04501 37.0313 -16.2435 36.0331 0.1762 535600000000 238300000000
 0.5300   263895 0.5400   273134      1       -1       -1       -1  0 7.43600e+11 5.05200e+11 192.029000 25.375000 79.360000  1 0.4300 166.210000 5.16236 5.80785 29.24809 100.980 -24.800 29.110 1.652e+11 -1.154e+11 -1.584e+11 0.03026 259648 259648 674891 522 41 259600 259686 25.375 505250000000 505250000000 448050000000 371790000000 133460000000 8.1684 1.04 0.02412 0.34423 0.18617 31.7368 -8.83095 28.5103 0.35383 0.10774 28.8276 -6.64975 28.0188 0.158 500800000000 324100000000
 0.5200   254656 0.5300   263895      1       -1       -1       -1  0 7.43600e+11 5.14800e+11 193.710000 37.099000 75.480000  1 0.4300 158.430000 5.12295 5.81786 29.24835 98.610 -24.100 29.560 1.711e+11 -1.177e+11 -1.592e+11 0.02955 259649 259649 674891 513 40 259600 259686 37.0987 524310000000 524310000000 505250000000 343190000000 85797000000 16.7184 0 0.02407 0.40809 0.17539 39.6825 -4.13407 22.2356 0.60446 0.22915 26.9098 -2.55368 15.1312 0.1474 470200000000 390900000000
 0.5100   245412 0.5200   254656      1       -1       -1       -1  0 7.43600e+11 5.43400e+11 197.712000 52.550000 76.180000  1 0.4300 156.410000 5.10660 5.83579 29.23704 100.160 -24.550 27.810 2.398e+11 -2.024e+11 -2.502e+11 0.04010 259650 259650 674891 522 39 259600 259686 52.5495 543380000000 552910000000 514780000000 305060000000 66731000000 26.7261 0 0.03402 0.27017 0.18822 50.7645 5.901 13.0184 0.09311 0.01092 49.6313 5.09054 12.3571 0.1492 480400000000 562400000000
 0.5000   236237 0.5100   245412      1       -1       -1       -1  0 7.43600e+11 5.43400e+11 198.181000 34.319000 79.160000  1 0.4300 166.620000 5.02985 5.83800 29.20499 96.480 -24.690 29.200 1.997e+11 -1.668e+11 -2.702e+11 0.03876 259651 259651 674891 513 38 259600 259686 34.3187 543380000000 543380000000 543380000000 295520000000 47665000000 12.2431 0 0.03208 0.11306 0.09546 56.2474 3.58167 20.3678 0.08858 0.07967 43.5607 0.9787 13.6259 0.1505 519400000000 409900000000
 0.4900   227068 0.5000   236237      1       -1       -1       -1  0 7.43600e+11 5.52900e+11 199.795000 32.979000 82.550000  1 0.4300 170.400000 5.00672 5.84792 29.20286 97.090 -23.970 26.300 2.091e+11 -2.320e+11 -2.482e+11 0.04171 259652 259652 674891 492 37 259600 259686 32.9787 552910000000 552910000000 533850000000 371790000000 142990000000 17.9734 0 0.03344 0.45164 0.19884 41.7303 5.75737 19.7352 0.46598 0.14369 34.0084 12.2348 10.7261 0.1489 523500000000 409900000000
 0.4800   217916 0.4900   227068      1       -1       -1       -1  0 7.43600e+11 5.33800e+11 197.917000 19.338000 86.730000  1 0.4300 188.330000 4.95982 5.87360 29.17375 93.030 -24.890 27.180 1.551e+11 -1.172e+11 -2.315e+11 0.03583 259653 259653 674891 495 36 259600 259686 19.3377 533850000000 533850000000 486180000000 457580000000 142990000000 5.63546 0 0.02711 0.57224 0.45223 29.0852 12.0669 20.7318 0.52821 0.14055 22.8566 10.3019 26.3592 0.1478 602700000000 228800000000
 0.4700   208785 0.4800   217916      1       -1       -1       -1  0 7.43600e+11 4.95700e+11 193.511000 14.937000 92.840000  1 0.4300 196.110000 4.91406 5.88759 29.15631 90.480 -24.190 24.970 1.894e+11 -1.561e+11 -2.739e+11 0.05295 259654 259654 674891 500 35 259600 259686 14.9374 495720000000 495720000000 476650000000 457580000000 123930000000 8.65676 0 0.03768 0.64986 0.54711 28.3364 11.7084 16.2915 0.63237 0.3324 28.8747 16.7064 14.1787 0.1549 638600000000 200200000000
 0.4600   199684 0.4700   208785      1       -1       -1       -1  0 7.43600e+11 4.67100e+11 190.121000 12.244000 97.430000  1 0.4300 203.330000 4.87340 5.91819 29.14221 86.760 -24.710 24.180 1.814e+11 -1.394e+11 -2.571e+11 0.05745 259655 259655 674891 504 34 259600 259686 12.244 467120000000 467120000000 467120000000 428980000000 266920000000 17.4434 0 0.0393 0.71868 0.38159 19.6205 10.6913 7.70664 0.59893 0.36926 19.6512 8.4691 7.28732 0.1621 580400000000 190700000000
 0.4500   190649 0.4600   199684      1       -1       -1       -1  0 7.43600e+11 4.76700e+11 191.802000 12.573000 91.260000  1 0.4300 205.800000 4.82311 5.91862 29.12430 84.850 -23.220 23.500 1.844e+11 -1.319e+11 -2.596e+11 0.05336 259656 259656 674891 1625 33 259600 259686 12.5729 486180000000 486180000000 467120000000 352720000000 276460000000 10.3457 0 0.03844 0.5547 0.44043 27.758 -15.1224 18.8872 0.63638 0.47243 25.9209 -11.8625 16.0619 0.1595 603800000000 209700000000
 0.4400   181624 0.4500   190649      2       -1       -1       -1  0 7.43600e+11 3.90800e+11 179.885000 20.308000 81.100000  1 0.4300 171.090000 4.72673 5.93503 29.08420 85.750 -19.550 23.490 1.175e+11 -1.067e+11 -1.463e+11 0.04336 259657 259657 674891 1635 32 259600 259686 20.3077 400390000000 400390000000 381320000000 238320000000 142990000000 39.1024 0 0.03386 0.44116 0.2406 36.1275 4.75414 17.945 0.36003 0.28967 18.4214 19.2793 2.12847 0.1675 369500000000 200200000000
 0.4300   172621 0.4400   181624      1       -1       -1       -1  0 2.73267e+11 2.57400e+11 156.807000 18.839000 60.180000  0 0.3300 148.510000 4.79630 5.94214 29.15982 48.440 -35.030 9.700 -4.557e+10 -3.512e+10 -1.466e+10 0.02352 259658 259658 674891 483 31 259669 259668 18.8392 333650000000 314590000000 276460000000 209730000000 66731000000 10.3846 0 0.01888 0.53125 0.24206 28.8104 -24.2353 1.29394 0.23212 0.06355 21.1324 -13.9641 -19.0964 0.1204 259600000000 143000000000
 0.4300   172622 0.4400   181624      1       -1       -1       -1  0 4.70333e+11 2.19300e+11 148.646000 9.272000 63.630000  1 0.4200 164.330000 4.63867 5.92634 29.05210 106.740 -5.180 30.290 5.115e+09 3.442e+10 2.048e+09 0.01905 259659 259669 674891 482 31 259600 259686 9.27209 219260000000 209730000000 209730000000 152530000000 133460000000 27.6734 3.15 0.01448 0.84828 0.25007 13.8076 -4.35119 -5.13897 0.66354 0.21457 10.9753 -7.2858 -7.12923 0.1432 297500000000 76260000000
 0.4200   163685 0.4300   172621      1   163686   163686       -1  0 2.35167e+11 1.71600e+11 137.241000 11.089000 47.380000  1 0.3300 143.310000 4.58042 5.93247 29.02829 105.750 -1.580 34.880 1.764e+10 9.479e+09 -8.237e+09 0.01862 259660 259659 674891 478 30 259600 259668 11.0893 171590000000 171590000000 162060000000 152530000000 47665000000 0.00026 0 0.01368 0.87952 0.69247 22.1668 -6.43677 -1.35214 0.70782 0.6763 22.481 -5.08982 -0.1733 0.087 276000000000 66730000000
 0.4200   163686 0.4300   172622      1       -1       -1       -1  1 4.70333e+11 1.90700e+11 142.104000 12.215000 54.460000  1 0.4200 149.880000 4.61305 5.92792 29.04564 91.570 -6.970 20.130 1.233e+10 2.099e+10 -4.546e+09 0.02017 259661 259670 674891 8368 30 259600 259686 12.8869 195425000000 190660000000 190660000000 142995000000 100095500000 18.5402 1.575 0.015575 0.482045 0.16424 9.04575 6.31595 -0.00226 0.77279 0.4112 20.7558 6.47072 -8.12011 0.10985 226500000000 76260000000
 0.4100   154823 0.4200   163685      1       -1       -1   163686  0 2.79667e+11 2.76500e+11 161.181000 21.964000 57.050000  1 0.3300 151.690000 4.72237 5.98818 29.13772 46.660 -31.740 13.220 -8.419e+10 -4.637e+10 -1.484e+10 0.03403 259662 259660 674891 480 29 259600 259668 21.9637 276460000000 276460000000 276460000000 219260000000 0 13.8916 4.2 0.02806 0.95815 0.44115 -8.07683 -7.5517 45.0678 0.18192 0.11051 -33.6502 49.8717 7.65308 0.1069 276900000000 171600000000
 0.4100   154824 0.4200   163686      1       -1       -1       -1  0 1.90667e+11 1.62100e+11 134.896000 15.159000 40.280000  1 0.2600 131.920000 4.52534 5.93234 29.00908 102.860 -0.780 34.930 1.954e+10 7.559e+09 -1.114e+10 0.02128 259663 259671 674891 479 29 259600 259686 15.1586 171590000000 171590000000 171590000000 133460000000 66731000000 9.40691 0 0.01667 0.11581 0.07841 4.28394 16.9831 5.13445 0.88204 0.60783 30.5364 20.2272 -9.11098 0.0765 155500000000 76260000000
 0.4000   146081 0.4100   154823      1       -1       -1       -1  0 2.79667e+11 2.86000e+11 163.298000 25.367000 61.450000  1 0.3300 151.570000 4.70767 5.99936 29.11793 50.260 -21.770 6.880 6.147e+09 -3.770e+10 4.239e+10 0.01912 259664 259661 674891 442 28 259600 259668 25.3668 285990000000 285990000000 285990000000 200190000000 9533000000 4.70334 0 0.01574 0.47909 0.1027 -22.4224 33.2666 34.2589 0.95706 0.63247 -8.86845 31.895 -31.2611 0.1166 281400000000 200200000000
 0.4000   146082 0.4100   154824      1       -1       -1       -1  0 1.90667e+11 1.71600e+11 137.731000 14.237000 46.150000  1 0.2600 138.470000 4.45992 5.92545 28.98568 93.210 -0.850 27.120 1.425e+10 8.225e+09 -9.882e+09 0.01577 259665 259672 674891 441 28 259600 259686 14.2372 171590000000 171590000000 162060000000 123930000000 66731000000 5.98008 0 0.0124 0.61704 0.24771 10.1145 32.4052 11.7903 0.91272 0.29543 19.5996 13.1342 8.01808 0.0874 161700000000 85800000000
 0.3900   137420 0.4000   146081      1       -1       -1       -1  0 2.76467e+11 2.76500e+11 161.736000 16.054000 65.020000  1 0.3300 165.740000 4.67257 6.01599 29.11039 48.010 -19.290 7.240 -6.829e+09 -6.748e+10 3.396e+10 0.02837 259666 259662 674891 428 27 259600 259668 16.0537 276460000000 276460000000 276460000000 133460000000 114400000000 3.5688 0 0.0224 0.49534 0.33558 -4.85944 23.1601 23.2068 0.51353 0.23631 7.98082 15.2491 -1.10053 0.1234 268600000000 123900000000
 0.3900   137421 0.4000   146082      1       -1       -1       -1  0 1.90667e+11 1.62100e+11 135.360000 13.426000 46.630000  1 0.2600 138.730000 4.38806 5.90926 28.97219 87.030 -2.560 24.150 1.480e+10 6.728e+09 -8.143e+09 0.01643 259667 259673 674891 427 27 259600 259686 13.4263 162060000000 152530000000 152530000000 104860000000 19066000000 8.00274 2.69 0.01308 0.28298 0.13457 20.782 31.832 12.0531 0.30825 0.1598 18.5849 31.8362 8.86736 0.0928 165800000000 85800000000
 0.3800   128965 0.3900   137420      1       -1       -1       -1  0 2.54233e+11 2.66900e+11 160.114000 26.190000 63.560000  1 0.3300 150.410000 4.63513 6.04687 29.13011 47.790 -18.030 8.440 -6.714e+09 -2.271e+10 3.532e+10 0.01553 259668 259663 674891 1407 26 259600 259668 26.1895 266920000000 257390000000 228790000000 190660000000 0 18.3603 0 0.01348 0.25957 0.10073 -11.2967 27.6473 39.6643 0.18681 0.01989 -16.37 24.9824 31.6184 0.143 231300000000 190700000000
 0.3800   128966 0.3900   137421      1       -1       -1       -1  0 1.90667e+11 1.71600e+11 138.187000 20.352000 41.460000  1 0.2600 132.170000 4.32624 5.91798 28.95621 82.120 -2.970 22.540 2.085e+10 -5.652e+09 -1.288e+10 0.02048 259669 259674 674891 1406 26 259600 259686 20.3518 171590000000 171590000000 162060000000 123930000000 47665000000 7.26097 0 0.01665 0.55369 0.22122 12.5096 26.745 14.4603 0.86376 0.1231 17.28 -4.95165 2.48605 0.0726 157600000000 123900000000
 0.3700   120477 0.3800   128965      1       -1       -1       -1  0 2.25633e+11 2.19300e+11 150.185000 31.091000 51.720000  1 0.3300 137.720000 4.59694 6.03376 29.06556 46.000 -20.790 11.400 -1.210e+10 -4.390e+10 3.589e+10 0.02919 259670 259664 674891 388 25 259600 259668 31.0914 219260000000 181130000000 152530000000 123930000000 0 26.3605 3.09 0.02583 0.54186 0.30661 2.5311 -22.7306 39.6541 0.79537 0.32235 -14.6891 -12.8589 30.552 0.1162 223700000000 152500000000
 0.3700   120478 0.3800   128966      1       -1       -1       -1  0 1.90667e+11 1.52500e+11 133.073000 13.748000 42.800000  1 0.2600 138.110000 4.25076 5.90131 28.93085 81.110 -3.310 23.550 2.611e+10 -1.335e+10 -1.477e+10 0.03513 259671 259675 674891 387 25 259600 259686 13.7478 152530000000 152530000000 152530000000 123930000000 57198000000 12.3037 0 0.02678 0.33606 0.06683 5.71972 20.5996 -0.58182 0.75858 0.24404 0.13713 42.1464 2.27021 0.0667 155200000000 85800000000
 0.3600   112087 0.3700   120477      1       -1       -1       -1  0 1.93867e+11 1.90700e+11 143.562000 35.417000 45.840000  1 0.3300 130.390000 4.56050 6.05728 29.08626 38.470 -18.100 14.740 -4.669e+10 -1.599e+10 -3.820e+09 0.03046 259672 259665 674891 578 24 259600 259668 35.4169 190660000000 171590000000 162060000000 104860000000 9533000000 22.3258 4.43 0.0282 0.43846 0.09629 34.8335 18.3557 -18.7814 0.80045 0.01913 19.5287 6.68072 -1.69325 0.1107 175400000000 171600000000
 0.3600   112088 0.3700   120478      1       -1       -1       -1  0 1.90667e+11 1.52500e+11 133.271000 5.638000 53.290000  1 0.2600 176.450000 4.18830 5.90843 28.92029 76.090 -5.360 22.430 2.571e+10 -1.312e+10 -1.385e+10 0.03964 259673 259676 674891 809 24 259600 259686 5.63759 152530000000 152530000000 152530000000 133460000000 104860000000 5.91973 0 0.02646 0.69552 0.47472 8.96392 19.3156 0.83917 0.59427 0.47638 15.0253 13.8575 1.92543 0.0789 243500000000 57200000000
 0.3500   103845 0.3600   112087      1       -1       -1       -1  0 1.68433e+11 1.71600e+11 138.805000 47.430000 42.550000  1 0.3300 124.270000 4.52605 6.06624 29.08481 38.670 -13.180 17.210 -4.201e+10 -1.735e+10 -9.889e+08 0.03145 259674 259666 674891 572 23 259600 259668 47.4303 171590000000 162060000000 152530000000 19066000000 0 24.4824 1.51 0.03129 0.53226 0.29478 -29.5309 -28.255 38.95 0 0 0 0 0 0.116 165500000000 228800000000
 0.3500   103846 0.3600   112088      1       -1       -1       -1  0 1.90667e+11 1.52500e+11 133.461000 5.475000 57.660000  1 0.2600 180.450000 4.12518 5.90301 28.90240 72.600 -3.150 24.500 3.959e+10 -1.383e+10 -2.007e+10 0.06017 259675 259677 674891 718 23 259600 259686 5.47513 152530000000 152530000000 152530000000 123930000000 104860000000 14.9658 0 0.03893 0.69909 0.18995 2.75801 16.3742 0.81107 0.45812 0.04816 15.1346 10.0851 6.38361 0.0861 239100000000 57200000000
 0.3400    95802 0.3500   103845      1       -1       -1       -1  0 1.52533e+11 1.43000e+11 130.797000 28.529000 31.420000  1 0.3300 123.480000 4.50859 6.15272 28.98707 40.290 -28.710 17.000 -8.847e+09 -2.532e+10 -2.802e+10 0.03810 259676 259667 674891 1598 22 259600 259668 28.5288 142990000000 142990000000 142990000000 28599000000 0 3.50407 0 0.03667 0.37829 0.00824 5.63953 39.8891 -18.4334 0.11521 0 -7.52412 43.013 -18.1872 0.0621 129000000000 133500000000
 0.3400    95803 0.3500   103846      1       -1       -1       -1  0 1.90667e+11 1.71600e+11 138.993000 12.074000 49.650000  1 0.2600 155.550000 4.06062 5.91623 28.88958 69.460 -4.300 21.080 3.078e+10 -6.669e+09 -1.278e+10 0.03125 259677 259678 674891 1697 22 259600 259686 12.0735 171590000000 162060000000 162060000000 133460000000 85797000000 18.9214 3.15 0.02372 0.3441 0.1934 20.3216 29.8882 -5.83334 0.22469 0.05751 20.7254 33.5868 -6.79103 0.0823 191000000000 85800000000
 0.3300    87996 0.3400    95802      0       -1       -1       -1  0 1.43000e+11 1.43000e+11 130.966000 32.575000 33.100000  1 0.3300 123.380000 4.48082 6.17020 28.98001 40.390 -24.820 17.050 -1.606e+10 -2.674e+10 -1.424e+10 0.03492 259678 259668 674891 574 21 259600 259668 32.5748 142990000000 142990000000 133460000000 47665000000 0 8.90254 0 0.03289 0.46795 0.04754 53.363 -5.54036 16.3384 0.17321 0 27.5513 14.5559 -10.4899 0.061 122400000000 143000000000
 0.3300    87997 0.3400    95803      1       -1       -1       -1  0 1.90667e+11 1.62100e+11 136.546000 12.931000 45.030000  1 0.2600 151.740000 4.00520 5.93777 28.87413 66.350 -3.130 18.290 2.874e+10 -4.542e+09 -6.226e+08 0.02914 259679 259679 674891 674 21 259600 259686 12.9311 162060000000 162060000000 162060000000 133460000000 28599000000 12.4703 0 0.02266 0.22854 0.04433 18.3749 22.0853 -3.72845 0.15761 0 18.2019 17.833 -2.71204 0.0746 165100000000 85800000000
 0.3200    80331 0.3300    87997      1       -1       -1       -1  0 1.90667e+11 2.00200e+11 146.690000 29.927000 39.100000  1 0.2600 143.460000 3.96899 5.95764 28.85255 64.620 -5.620 14.740 2.045e+10 7.877e+09 -1.460e+10 0.01702 259680 259680 674891 686 20 259600 259686 29.9267 200190000000 200190000000 200190000000 104860000000 19066000000 8.31307 0 0.01463 0.31382 0.11218 22.8432 21.5018 -10.7615 0.21801 0.03376 -12.9563 -11.2045 15.3829 0.0595 178500000000 171600000000
 0.3100    72929 0.3200    80331      1       -1       -1       -1  0 1.90667e+11 2.00200e+11 146.861000 35.288000 41.170000  1 0.2600 142.770000 3.89962 5.96801 28.84014 59.680 -6.350 12.270 -8.455e+08 1.495e+09 -2.682e+10 0.01790 259681 259681 674891 1610 19 259600 259686 35.2876 200190000000 190660000000 190660000000 114400000000 38132000000 13.576 1.48 0.01516 0.45436 0.32013 20.4937 19.7455 -13.811 0.30666 0.1121 18.8367 27.5296 -9.28282 0.0582 169700000000 190700000000
 0.3000    65744 0.3100    72929      1       -1       -1       -1  0 1.81133e+11 1.71600e+11 139.658000 14.221000 47.230000  1 0.2600 159.310000 3.83560 5.97296 28.82816 59.840 -9.460 13.040 7.765e+09 2.046e+10 -2.857e+10 0.03299 259682 259682 674891 646 18 259600 259686 14.2209 171590000000 171590000000 171590000000 152530000000 19066000000 19.6413 0 0.02667 0.22936 0.0747 22.2974 20.6661 -9.21127 0.22212 0.04836 22.1347 17.684 -10.4343 0.0724 189400000000 57200000000
 0.2900    58818 0.3000    65744      1       -1       -1       -1  0 1.65233e+11 1.71600e+11 139.803000 21.808000 46.110000  1 0.2600 148.910000 3.76880 5.96556 28.81569 57.210 -8.780 11.360 7.545e+09 2.012e+10 -2.758e+10 0.03027 259683 259683 674891 602 17 259600 259686 21.8085 171590000000 171590000000 171590000000 133460000000 9533000000 36.4544 0 0.02633 0.13041 0.01983 32.0521 27.9044 4.47972 0.21391 0.02427 27.9578 24.9427 4.27139 0.0831 161800000000 123900000000
 0.2800    52225 0.2900    58818      1       -1       -1       -1  0 1.49333e+11 1.52500e+11 134.551000 25.447000 39.260000  1 0.2600 141.270000 3.70519 5.97108 28.80412 53.550 -8.700 9.470 2.004e+10 1.521e+10 -1.719e+10 0.03079 259684 259684 674891 561 16 259600 259686 25.4467 152530000000 142990000000 142990000000 0 0 37.3736 3.11 0.02841 0.68281 0.1714 64.5123 -10.193 19.5131 0 0 0 0 0 0.0755 139000000000 123900000000
 0.2700    45948 0.2800    52225      1       -1       -1       -1  0 1.20733e+11 1.23900e+11 125.668000 17.597000 35.290000  1 0.2600 141.020000 3.64235 6.01335 28.78571 51.920 -12.260 10.250 7.348e+09 7.259e+09 7.951e+09 0.01831 259685 259685 674891 1265 15 259600 259686 17.5974 123930000000 123930000000 123930000000 0 0 29.9414 0 0.01749 0.19693 0 41.3525 18.913 -8.26844 0 0 0 0 0 0.0737 130800000000 28600000000
 0.2600    40010 0.2700    45948      0       -1       -1       -1  0 8.58000e+10 8.58000e+10 111.266000 15.808000 27.750000  1 0.2600 126.740000 3.60069 6.02027 28.76679 42.980 -6.250 3.900 7.470e+09 -5.319e+08 -1.103e+09 0.01983 259686 259686 674891 2545 14 259600 259686 15.8083 85797000000 85797000000 85797000000 47665000000 0 44.5831 0 0.01909 0.41075 0.23959 32.1574 28.9483 8.93453 0.16211 0.02086 32.5061 39.4303 -1.43523 0.0507 101700000000 38130000000
