 1.0000   674546 0.0000       -1      1       -1       -1       -1  0 1.33500e+11 1.33500e+11 104.549000 3.628000 86.140000  1 0.6900 118.690000 16.14925 9.94602 29.11154 -37.930 -126.050 478.690 -1.161e+11 -2.284e+10 5.794e+09 0.09206 538769 538769 674546 61 88 538768 538800 3.62781 314590000000 314590000000 162060000000 114400000000 76264000000 0.00064 4.57 0.081 0.84132 0.34411 -10.816 12.4751 -0.59651 0.60013 0.36046 2.31754 13.8602 -8.4681 0.4941 271800000000 66730000000
 0.9900   666369 1.0000   674546      1       -1       -1       -1  0 1.30300e+11 1.33500e+11 104.990000 3.921000 85.770000  1 0.6900 116.390000 16.15197 9.95888 29.06127 -11.210 -122.090 497.380 -1.517e+09 -3.660e+10 1.240e+09 0.02777 538770 538770 674546 50 87 538768 538800 3.92088 324120000000 324120000000 181130000000 104860000000 85797000000 9.93946 5.93 0.02514 0.88302 0.39915 -7.29241 12.4552 1.6628 0.51102 0.10665 3.6906 17.4988 -5.69617 0.5057 270500000000 47660000000
 0.9800   658033 0.9900   666369      1       -1       -1       -1  0 1.27100e+11 1.23900e+11 102.857000 3.747000 76.040000  1 0.6900 114.760000 16.15288 9.97206 29.00671 3.390 -123.290 533.040 -6.088e+10 2.830e+10 4.400e+10 0.07527 538771 538771 674546 50 86 538768 538800 3.74674 343190000000 343190000000 295520000000 114400000000 85797000000 7.03748 0 0.06248 0.73777 0.35165 1.71186 15.7483 -1.7932 0.60545 0.26171 3.09691 16.1836 -2.08537 0.4123 270800000000 38130000000
 0.9700   649717 0.9800   658033      1       -1       -1       -1  0 1.23900e+11 1.23900e+11 103.286000 4.946000 72.730000  1 0.6900 106.170000 16.15175 9.98539 28.94735 21.190 -122.330 573.720 -7.218e+10 2.635e+10 4.986e+10 0.08438 538772 538772 674546 1057 85 538768 538800 4.94588 333650000000 333650000000 285990000000 238320000000 95330000000 7.09197 7.96 0.07152 0.80505 0.48327 -2.2776 14.2371 -0.53645 0.68965 0.41063 1.63717 14.8535 -1.68928 0.4016 228400000000 38130000000
 0.9600   641425 0.9700   649717      1       -1       -1       -1  0 1.23900e+11 1.23900e+11 103.714000 4.592000 70.820000  1 0.6900 108.940000 16.14285 10.00207 28.88480 39.690 -106.870 605.130 -7.576e+10 2.870e+10 5.680e+10 0.09038 538773 538773 674546 2006 84 538768 538800 4.59164 333650000000 333650000000 266920000000 209730000000 76264000000 0.00098 0 0.07749 0.67742 0.49642 -4.23776 16.7789 -1.08595 0.60161 0.29842 -3.07859 15.5661 -1.32526 0.3887 229800000000 19070000000
 0.9500   633134 0.9600   641425      1   633125   633125       -1  0 1.27100e+11 1.23900e+11 104.141000 6.085000 68.550000  1 0.6900 101.070000 16.13789 10.01354 28.81462 49.060 -98.240 642.540 -7.476e+10 2.832e+10 5.104e+10 0.08882 538774 538774 674546 51 83 538768 538800 6.08485 314590000000 314590000000 247860000000 181130000000 57198000000 0.00016 0 0.07452 0.56451 0.48957 -4.57812 17.1119 -3.20578 0.44336 0.36538 -4.84942 16.6277 -2.00471 0.36 210300000000 47660000000
 0.9400   624850 0.9500   633134      1   624842   624842   633125  0 1.30300e+11 1.33500e+11 107.184000 8.168000 74.630000  1 0.6900 96.990000 16.13151 10.01247 28.75957 67.950 -95.270 676.550 -5.227e+10 1.499e+10 3.402e+10 0.04341 538775 538775 674546 1002 82 538768 538800 8.16844 324120000000 324120000000 209730000000 114400000000 0 20.475 10.37 0.04469 0.70268 0.22632 7.1125 -17.4071 21.9061 0.10704 0 1.14838 13.2544 24.2689 0.4874 198300000000 38130000000
 0.9300   616539 0.9400   624850      1   616530   616530   624842  0 1.33500e+11 1.33500e+11 107.620000 5.750000 77.910000  1 0.6900 106.870000 16.12203 10.03563 28.65560 97.630 -100.550 725.800 -1.120e+11 1.113e+10 -4.184e+09 0.08951 538776 538776 674546 42 81 538768 538800 5.75022 352720000000 352720000000 190660000000 123930000000 57198000000 6.10188 8.56 0.0787 0.71667 0.37939 -2.32975 18.256 -1.47401 0.57048 0.1456 3.11024 18.9755 1.70203 0.4307 234500000000 47660000000
 0.9200   608213 0.9300   616539      1   608202   608202   616530  0 1.33500e+11 1.33500e+11 108.056000 4.926000 84.630000  1 0.6900 112.180000 16.10958 10.04662 28.56542 125.900 -98.440 771.220 -6.325e+10 2.605e+10 4.371e+10 0.06539 538777 538777 674546 1074 80 538768 538800 4.92648 362250000000 362250000000 333650000000 171590000000 85797000000 5.07548 8.23 0.05693 0.78018 0.31382 7.02556 10.4222 11.8946 0.65342 0.24921 4.23883 13.3911 8.0276 0.4627 242900000000 38130000000
 0.9100   599872 0.9200   608213      1   599861   599861   608202  0 1.36667e+11 1.33500e+11 108.490000 4.233000 87.820000  1 0.6900 117.860000 16.09303 10.05743 28.46688 162.680 -91.600 820.430 -6.081e+10 2.074e+10 3.929e+10 0.06267 538778 538778 674546 1090 79 538768 538800 4.23316 390850000000 390850000000 266920000000 133460000000 85797000000 3.74864 8.54 0.053 0.603 0.44581 8.01988 5.47922 11.4034 0.49441 0.29225 9.2029 6.4843 11.3515 0.467 265200000000 28600000000
 0.9000   591526 0.9100   599872      1   591515   591515   599861  0 1.46200e+11 1.43000e+11 111.458000 5.140000 92.250000  1 0.6900 115.210000 16.06987 10.06716 28.37344 209.330 -73.850 881.580 -1.092e+11 -1.125e+10 -1.721e+10 0.08137 538779 538779 674546 61 78 538768 538800 5.14017 495720000000 495720000000 428980000000 181130000000 85797000000 17.32 9.13 0.06998 0.79138 0.67462 -1.52549 1.20718 14.3514 0.84257 0.5335 -1.7837 8.38155 9.72411 0.4893 259300000000 57200000000
 0.8900   583126 0.9000   591526      1   583113   583113   591515  0 1.58900e+11 1.62100e+11 116.668000 4.054000 107.080000  1 0.6900 131.180000 16.03897 10.07676 28.25418 291.570 -53.560 960.750 -2.224e+10 -8.974e+10 1.776e+10 0.05068 538780 538780 674546 58 77 538768 538800 4.05379 648240000000 648240000000 648240000000 276460000000 142990000000 14.5439 21.3 0.04828 0.91429 0.68641 -0.36139 -4.96396 14.1331 0.68528 0.42301 -1.09986 -6.8522 13.9878 0.5964 308900000000 76260000000
 0.8800   574747 0.8900   583126      1   574736   574736   583113  0 1.65267e+11 1.71600e+11 119.381000 3.961000 122.570000  1 0.6900 136.130000 15.99479 10.08644 28.10520 396.760 -24.730 1041.160 1.233e+10 -9.428e+10 -4.047e+08 0.04918 538781 538781 674546 1097 76 538768 538800 3.9605 1315600000000 1315600000000 1315600000000 505250000000 209730000000 4.93679 0 0.0445 0.76357 0.55413 -10.2154 -5.15683 10.85 0.76357 0.55413 -10.2154 -5.15683 10.85 0.6198 387700000000 76260000000
 0.8700   566294 0.8800   574747      1   566283   566283   574736  0 1.65267e+11 1.62100e+11 117.586000 2.906000 124.250000  1 0.6900 147.270000 15.92726 10.08930 27.95557 586.420 37.840 1119.770 -3.379e+09 -6.949e+10 -8.891e+09 0.04385 538782 538782 674546 66 75 538768 538800 2.90573 3803700000000 3803700000000 3803700000000 3803700000000 247860000000 5.42877 16.78 0.03624 0.48618 0.23241 -1.1929 14.1259 -10.6766 0.24313 0.12684 -1.76491 15.1268 -11.2194 0.5954 410000000000 95330000000
 0.8600   557835 0.8700   566294      1   557821   557820   566283  1 1.62100e+11 1.62100e+11 118.044000 2.544000 124.550000  1 0.6900 155.940000 15.84518 10.07046 27.81622 718.370 267.580 1093.700 -3.658e+10 -4.823e+10 -9.033e+09 0.05183 538783 538783 674546 8190 74 538768 538800 2.59427 3222150000000 3222150000000 3222150000000 3222150000000 276460000000 5.09805 15.965 0.037745 0.62475 0.314535 4.11425 6.66547 -2.9208 0.503225 0.26175 3.82824 7.16596 -3.19218 0.53895 460600000000 100115000000
 0.8500   549400 0.8600   557835      1   549386   549388   557821  0 1.65267e+11 1.62100e+11 118.498000 2.182000 124.850000  1 0.6900 163.740000 15.69167 10.04178 27.66555 835.470 230.570 794.360 -6.979e+10 -2.697e+10 -9.175e+09 0.05980 538784 538784 674546 1117 73 538768 538800 2.18181 2640600000000 2640600000000 2640600000000 2640600000000 305060000000 4.76734 15.15 0.03925 0.76332 0.39666 9.42139 -0.79492 4.83504 0.76332 0.39666 9.42139 -0.79492 4.83504 0.4825 511200000000 104900000000
 0.8400   540885 0.8500   549400      1   540872   540874   549386  0 1.68433e+11 1.71600e+11 121.239000 3.640000 102.810000  1 0.6900 142.660000 15.56833 10.01095 27.54981 779.300 190.790 651.130 -1.916e+10 7.484e+08 -4.370e+09 0.01288 538785 538785 674546 39 72 538768 538800 3.6401 1296500000000 1296500000000 1296500000000 1153500000000 505250000000 6.77708 8.2 0.00935 0.7022 0.48117 10.0076 -8.83545 6.31526 0.69432 0.39814 10.0881 -9.25565 5.61465 0.4257 389800000000 66730000000
 0.8300   532359 0.8400   540885      1   532344   532346   540872  0 1.77967e+11 1.71600e+11 121.700000 4.526000 82.590000  1 0.6900 134.050000 15.44877 9.97460 27.45749 698.550 168.840 545.440 -1.968e+10 3.739e+10 1.062e+10 0.02997 538786 538786 674546 2053 71 538768 538800 4.52551 762640000000 762640000000 762640000000 247860000000 104860000000 4.50698 0 0.02079 0.56971 0.36482 -8.54179 13.8895 -10.706 0.41499 0.16525 -7.7061 16.7747 -11.9665 0.3017 379000000000 57200000000
 0.8200   523779 0.8300   532359      1   523764   523764   532344  0 1.77967e+11 1.90700e+11 126.524000 7.651000 74.040000  1 0.6900 121.280000 15.36382 9.95949 27.38043 634.310 163.280 494.510 -9.630e+09 -6.899e+10 6.372e+09 0.03507 538787 538787 674546 48 70 538768 538800 7.65064 400390000000 400390000000 333650000000 219260000000 57198000000 13.3092 0 0.02813 0.49456 0.248 28.9103 3.46016 12.5664 0.30139 0.11113 30.0129 2.41771 12.0243 0.3 305800000000 47660000000
 0.8100   515137 0.8200   523779      1       -1       -1   523764  0 2.00200e+11 1.71600e+11 122.614000 5.540000 67.750000  1 0.6900 127.590000 15.24584 9.91788 27.30253 581.440 160.400 443.490 -5.843e+10 1.021e+09 -1.321e+10 0.04081 538788 538788 674546 1124 69 538768 538800 5.53954 257390000000 314590000000 181130000000 181130000000 114400000000 7.31887 0 0.02884 0.68136 0.2832 13.0972 -12.8662 11.4683 0.67401 0.28188 13.1928 -13.0851 11.4294 0.2278 335100000000 38130000000
 0.8000   506470 0.8100   515137      1       -1       -1       -1  0 2.00200e+11 1.71600e+11 123.067000 5.970000 66.960000  1 0.6900 125.560000 15.14528 9.89207 27.22436 538.490 153.970 411.040 -5.864e+10 2.608e+09 -1.525e+10 0.04217 538789 538789 674546 57 68 538768 538800 5.96969 171590000000 200190000000 171590000000 162060000000 104860000000 7.2788 0 0.02932 0.54027 0.27224 13.9488 -17.7063 11.7604 0.4116 0.26722 -13.188 18.1608 -12.3962 0.215 301000000000 47660000000
 0.7900   497839 0.8000   506470      1       -1       -1       -1  0 2.00200e+11 1.90700e+11 127.934000 6.500000 69.340000  1 0.6900 128.920000 15.05656 9.87361 27.15746 501.910 145.920 384.010 -1.454e+10 -4.184e+10 8.349e+09 0.02576 538790 538790 674546 44 67 538768 538800 6.50015 190660000000 190660000000 171590000000 171590000000 104860000000 9.26964 6.36 0.01836 0.66386 0.29158 -8.19721 19.1577 -2.46731 0.68039 0.23502 -5.41194 17.8629 -3.27565 0.2229 319100000000 66730000000
 0.7800   489203 0.7900   497839      1       -1       -1       -1  0 2.00200e+11 1.90700e+11 128.398000 7.048000 74.520000  1 0.6900 126.740000 14.98994 9.85422 27.09379 470.660 138.040 367.270 -1.429e+10 -2.798e+10 8.308e+09 0.01675 538791 538791 674546 43 66 538768 538800 7.04815 200190000000 200190000000 181130000000 162060000000 0 14.0262 0 0.0133 0.64952 0.37703 26.36 10.8226 9.11446 0.33092 0.03268 23.358 13.2473 13.958 0.2868 315700000000 19070000000
 0.7700   480514 0.7800   489203      1       -1       -1       -1  0 2.00200e+11 1.90700e+11 128.861000 4.977000 79.990000  1 0.6900 140.950000 14.89038 9.81937 27.02187 442.680 131.670 347.310 -1.413e+10 -2.387e+10 7.243e+09 0.01732 538792 538792 674546 44 65 538768 538800 4.97655 190660000000 190660000000 171590000000 162060000000 152530000000 5.08847 0 0.01179 0.83908 0.70688 10.928 2.56872 6.35639 0.7681 0.70568 8.84233 3.09305 8.17425 0.2526 388800000000 76260000000
 0.7600   471814 0.7700   480514      1       -1       -1       -1  0 2.00200e+11 1.90700e+11 129.320000 3.955000 85.500000  1 0.6900 152.180000 14.80652 9.79385 26.95866 417.890 125.590 329.900 -1.412e+10 -2.116e+10 6.427e+09 0.01663 538793 538793 674546 800 64 538768 538800 3.95499 190660000000 190660000000 171590000000 152530000000 152530000000 6.85429 0 0.01084 0.74339 0.51529 10.079 1.27069 12.3545 0.74744 0.61354 9.20852 1.07706 10.9536 0.2603 433100000000 76260000000
 0.7500   463065 0.7600   471814      1       -1       -1       -1  0 2.00200e+11 1.90700e+11 129.776000 3.649000 90.160000  1 0.6900 157.070000 14.72291 9.77398 26.89129 395.630 119.990 314.520 -1.391e+10 -1.971e+10 5.526e+09 0.01656 538794 538794 674546 800 63 538768 538800 3.64857 190660000000 190660000000 171590000000 152530000000 142990000000 8.77946 0 0.01027 0.61461 0.41275 6.18681 -2.35671 7.68452 0.58132 0.46222 5.92229 -2.35592 7.14505 0.2611 449700000000 95330000000
 0.7400   454275 0.7500   463065      1       -1       -1       -1  0 2.00200e+11 1.90700e+11 130.230000 4.026000 83.100000  1 0.6900 153.170000 14.64995 9.74834 26.83392 375.410 114.880 300.780 -1.340e+10 -1.921e+10 4.201e+09 0.01507 538795 538795 674546 1873 62 538768 538800 4.02568 190660000000 200190000000 181130000000 152530000000 142990000000 4.28609 0 0.00993 0.55177 0.2764 -7.78698 9.64551 -5.57439 0.57354 0.27893 8.47396 -8.1979 4.92551 0.2528 422000000000 66730000000
 0.7300   445456 0.7400   454275      1       -1       -1       -1  0 2.00200e+11 1.90700e+11 130.680000 5.603000 71.770000  1 0.6900 139.350000 14.57033 9.72605 26.76799 356.870 110.180 288.400 -1.266e+10 -1.944e+10 2.518e+09 0.01446 538796 538796 674546 643 61 538768 538800 5.60275 190660000000 190660000000 190660000000 162060000000 104860000000 6.47474 0 0.00978 0.66386 0.48735 -6.9417 8.64895 -7.83235 0.67134 0.39427 -7.43665 9.24483 -5.13451 0.2094 340600000000 76260000000
 0.7200   436580 0.7300   445456      1       -1       -1       -1  0 2.00200e+11 1.90700e+11 131.126000 7.129000 64.980000  1 0.6900 130.880000 14.49514 9.70527 26.70898 339.760 105.800 277.160 -1.185e+10 -2.000e+10 7.801e+08 0.01413 538797 538797 674546 753 60 538768 538800 7.12919 190660000000 190660000000 181130000000 162060000000 95330000000 6.17395 0 0.00981 0.6093 0.46579 12.3729 -3.85512 12.2748 0.66309 0.38119 13.0443 -3.37729 10.3225 0.1838 277600000000 76260000000
 0.7100   427638 0.7200   436580      1       -1       -1       -1  0 2.00200e+11 1.90700e+11 131.570000 7.264000 64.060000  1 0.6900 131.020000 14.42447 9.68096 26.65320 323.890 101.700 266.810 -1.085e+10 -2.059e+10 -7.241e+08 0.01396 538798 538798 674546 750 59 538768 538800 7.26437 190660000000 200190000000 181130000000 171590000000 114400000000 5.27029 0 0.00987 0.39172 0.3169 10.7986 -4.34296 19.1061 0.41096 0.38144 11.7918 -3.41677 15.9927 0.1818 289000000000 66730000000
 0.7000   418668 0.7100   427638      1       -1       -1       -1  0 2.00200e+11 1.90700e+11 132.009000 5.639000 67.210000  1 0.6900 141.740000 14.35243 9.65755 26.59236 309.150 97.820 257.140 -9.410e+09 -2.111e+10 -1.950e+09 0.01414 538799 538799 674546 734 58 538768 538800 5.63936 190660000000 209730000000 181130000000 162060000000 123930000000 4.3528 0 0.00988 0.70017 0.36154 10.7451 -4.52564 20.6089 0.5688 0.40711 9.81285 -3.33193 17.6695 0.1899 333500000000 57200000000
 0.6900   409681 0.7000   418668      0       -1       -1       -1  0 2.00200e+11 2.00200e+11 134.617000 4.943000 75.510000  1 0.6900 151.570000 14.28333 9.63558 26.53177 296.940 97.240 245.630 4.452e+10 -1.888e+10 3.244e+10 0.03330 538800 538800 674546 652 57 538768 538800 4.9434 200190000000 200190000000 181130000000 171590000000 114400000000 8.0525 0 0.023 0.54961 0.37066 4.4626 -7.20403 17.3099 0.52186 0.33333 3.85103 -9.91808 12.2805 0.2178 355500000000 66730000000
