 1.0000   679174 0.0000       -1      1       -1       -1       -1  0 2.28800e+11 2.00200e+11 119.679000 4.723000 106.510000  1 0.4100 130.660000 51.89949 24.34579 27.32758 62.520 316.940 -59.540 -1.836e+10 -3.468e+10 -4.062e+10 0.02258 482068 482068 679174 4689 88 482067 482127 4.72253 200190000000 219260000000 200190000000 171590000000 133460000000 7.06697 0 0.01965 0.67161 0.46831 17.5625 1.08562 -5.13438 0.65042 0.38783 16.6747 0.45987 -6.5729 0.5337 415000000000 57200000000
 0.9900   671034 1.0000   679174      1       -1       -1       -1  0 2.28800e+11 2.00200e+11 120.183000 4.712000 106.700000  1 0.4100 131.300000 51.89322 24.30903 27.33030 61.430 314.570 -59.520 -1.845e+10 -3.400e+10 -4.001e+10 0.02273 482069 482069 679174 4654 87 482067 482127 4.71164 200190000000 219260000000 200190000000 171590000000 133460000000 8.61854 0 0.01942 0.81782 0.61386 14.9115 0.69397 -6.40837 0.68875 0.54378 14.4625 0.08186 -7.87091 0.5249 402500000000 95330000000
 0.9800   662638 0.9900   671034      1       -1       -1       -1  0 2.28800e+11 2.00200e+11 120.687000 4.540000 106.410000  1 0.4100 133.340000 51.88478 24.27495 27.33664 60.300 312.180 -59.490 -1.847e+10 -3.341e+10 -3.912e+10 0.02334 482070 482070 679174 4674 86 482067 482127 4.5399 200190000000 219260000000 190660000000 171590000000 123930000000 8.04836 0 0.01913 0.83912 0.68423 -2.04543 4.21782 10.3894 0.71701 0.6867 -6.11094 3.69574 8.67536 0.5024 390800000000 95330000000
 0.9700   654278 0.9800   662638      1       -1       -1       -1  0 2.28800e+11 2.00200e+11 121.190000 5.040000 103.090000  1 0.4100 129.790000 51.87378 24.24770 27.34879 59.130 309.770 -59.450 -1.831e+10 -3.302e+10 -3.817e+10 0.02232 482071 482071 679174 7676 85 482067 482127 5.03974 200190000000 219260000000 181130000000 171590000000 123930000000 3.79186 0 0.01885 0.54441 0.5237 -6.08523 6.67589 13.4007 0.67637 0.39181 -5.72408 6.47371 11.4306 0.5015 387500000000 76260000000
 0.9600   645958 0.9700   654278      1       -1       -1       -1  0 2.28800e+11 2.00200e+11 121.692000 4.203000 95.470000  1 0.4100 137.720000 51.87247 24.20947 27.34693 57.760 308.660 -62.180 -1.266e+10 -1.179e+11 -1.331e+10 0.05209 482072 482072 679174 4641 84 482067 482127 4.20269 200190000000 209730000000 190660000000 162060000000 95330000000 11.4435 0 0.04202 0.69116 0.57249 -3.15988 0.58228 11.5011 0.73801 0.557 -0.09278 -3.37306 10.0188 0.4391 345600000000 76260000000
 0.9500   637637 0.9600   645958      1       -1       -1       -1  0 2.28800e+11 2.00200e+11 122.194000 7.057000 89.580000  1 0.4100 118.960000 51.86882 24.17364 27.36108 57.130 306.200 -61.810 -1.263e+10 -1.173e+11 -1.276e+10 0.05073 482073 482073 679174 4648 83 482067 482127 7.05697 200190000000 219260000000 190660000000 171590000000 95330000000 7.43172 0 0.04192 0.68894 0.4213 5.79584 -5.43883 13.5309 0.42174 0.22615 8.29326 -7.77626 11.8084 0.4193 314800000000 76260000000
 0.9400   629334 0.9500   637637      1       -1       -1       -1  0 2.28800e+11 2.00200e+11 122.695000 7.554000 84.500000  1 0.4100 117.310000 51.85353 24.14018 27.37089 56.410 303.680 -61.460 -1.251e+10 -1.167e+11 -1.243e+10 0.04919 482074 482074 679174 4632 82 482067 482127 7.55389 200190000000 209730000000 181130000000 162060000000 95330000000 10.2614 0 0.04185 0.56018 0.35768 4.38011 -12.5461 16.6779 0.39054 0.23388 3.97249 -12.8002 15.2139 0.4045 296600000000 76260000000
 0.9300   621013 0.9400   629334      1       -1       -1       -1  0 2.28800e+11 1.90700e+11 121.207000 7.553000 78.820000  1 0.4100 115.430000 51.84797 24.10378 27.38012 54.640 305.990 -62.030 7.004e+09 -1.030e+11 3.911e+10 0.05114 482075 482075 679174 4669 81 482067 482127 7.55293 190660000000 209730000000 181130000000 162060000000 66731000000 5.6067 0 0.0426 0.63956 0.4219 -1.39532 -13.2903 20.432 0.44491 0.38923 -0.88446 -14.784 18.8364 0.3647 301200000000 66730000000
 0.9200   612670 0.9300   621013      1       -1       -1       -1  0 2.28800e+11 1.81100e+11 119.635000 6.238000 74.570000  1 0.4100 119.540000 51.84463 24.07207 27.39330 51.760 302.210 -60.680 -7.688e+09 -8.033e+10 2.954e+10 0.04335 482076 482076 679174 4799 80 482067 482127 6.23796 181130000000 219260000000 181130000000 162060000000 19066000000 5.13983 0 0.03623 0.616 0.40091 -1.22143 -5.72774 25.7048 0.51767 0.02528 2.80488 -11.262 23.3722 0.3462 319500000000 19070000000
 0.9100   604307 0.9200   612670      1       -1       -1       -1  0 2.28800e+11 1.90700e+11 122.187000 7.795000 67.960000  1 0.4100 115.490000 51.84077 24.03476 27.39979 52.400 300.040 -61.220 6.872e+09 -1.023e+11 3.723e+10 0.05137 482077 482077 679174 4778 79 482067 482127 7.79534 190660000000 219260000000 181130000000 152530000000 19066000000 6.78344 0 0.04238 0.69262 0.45212 -0.55162 -2.54265 17.1939 0.51297 0.30446 0.01853 -2.87276 18.0475 0.2913 301900000000 28600000000
 0.9000   595935 0.9100   604307      1       -1       -1       -1  0 2.28800e+11 1.90700e+11 122.675000 7.544000 68.840000  1 0.4100 117.040000 51.83490 23.99790 27.41183 51.100 296.990 -60.960 6.891e+09 -1.013e+11 3.606e+10 0.05094 482078 482078 679174 4678 78 482067 482127 7.54415 190660000000 219260000000 181130000000 142990000000 38132000000 11.0251 0 0.042 0.59801 0.38617 1.04161 -6.12627 23.2993 0.51318 0.0085 -0.84225 -1.04589 21.4452 0.2933 284700000000 38130000000
 0.8900   587526 0.9000   595935      1       -1       -1       -1  0 2.28800e+11 1.90700e+11 123.162000 8.292000 73.620000  1 0.4100 114.690000 51.82558 23.96203 27.41843 46.690 291.460 -65.960 2.217e+09 -1.051e+11 3.997e+10 0.05445 482079 482079 679174 4844 77 482067 482127 8.29172 190660000000 228790000000 181130000000 133460000000 57198000000 12.1418 6.46 0.04399 0.42816 0.34339 -1.17806 -5.90293 21.5042 0.32921 0.13345 -1.40289 -4.78518 22.7114 0.3123 270300000000 76260000000
 0.8800   579144 0.8900   587526      1       -1       -1       -1  0 2.28800e+11 2.09700e+11 127.639000 7.589000 85.720000  1 0.4100 122.810000 51.82036 23.92279 27.42798 51.490 291.890 -64.030 -2.658e+10 -1.639e+10 1.002e+11 0.04200 482080 482080 679174 779 76 482067 482127 7.58937 209730000000 219260000000 181130000000 142990000000 104860000000 13.6863 7.85 0.03516 0.65165 0.59875 5.19699 -4.3752 17.9523 0.57319 0.4216 3.53058 -7.77802 16.5557 0.3756 314700000000 85800000000
 0.8700   570687 0.8800   579144      1       -1       -1       -1  0 2.28800e+11 2.09700e+11 128.139000 4.745000 94.150000  1 0.4100 141.250000 51.81540 23.88522 27.43866 58.800 291.750 -64.800 -3.880e+10 3.761e+10 7.826e+10 0.04018 482081 482081 679174 3882 75 482067 482127 4.74513 209730000000 219260000000 200190000000 142990000000 123930000000 14.7289 0 0.03198 0.69979 0.58519 12.2758 -6.05606 9.79802 0.6308 0.37466 3.49241 -9.07249 11.3051 0.3898 380800000000 95330000000
 0.8600   562231 0.8700   570687      1       -1       -1       -1  0 2.28800e+11 2.09700e+11 128.636000 6.199000 105.220000  1 0.4100 131.190000 51.80357 23.83387 27.42670 58.320 288.710 -64.230 -3.762e+10 3.964e+10 7.580e+10 0.03227 482082 482082 679174 4916 74 482067 482127 6.19891 209730000000 209730000000 190660000000 152530000000 123930000000 26.3605 0 0.03154 0.47962 0.18973 14.0063 2.87202 22.6753 0.23066 0.13877 9.97719 2.53255 24.2648 0.548 351000000000 28600000000
 0.8500   553794 0.8600   562231      1       -1       -1       -1  0 2.28800e+11 2.09700e+11 129.132000 4.118000 107.590000  1 0.4100 149.060000 51.80467 23.79914 27.45764 57.800 285.650 -63.660 -3.666e+10 4.052e+10 7.399e+10 0.04133 482083 482083 679174 4763 73 482067 482127 4.11833 209730000000 219260000000 200190000000 181130000000 142990000000 8.90725 0 0.03117 0.77848 0.498 13.5055 -6.41505 -2.08981 0.53153 0.3631 10.0337 -6.34752 -8.69963 0.4307 459100000000 95330000000
 0.8400   545291 0.8500   553794      1       -1       -1       -1  0 2.28800e+11 2.09700e+11 129.626000 4.291000 103.880000  1 0.4100 147.930000 51.80690 23.75414 27.46766 57.250 282.540 -63.110 -3.592e+10 4.100e+10 7.242e+10 0.04015 482084 482084 679174 4794 72 482067 482127 4.29141 209730000000 209730000000 200190000000 190660000000 152530000000 8.00691 0 0.03084 0.78593 0.53796 9.93852 -0.95654 14.0625 0.73983 0.56748 2.32984 -4.40466 15.0692 0.4224 467100000000 76260000000
 0.8300   536775 0.8400   545291      1       -1       -1       -1  0 2.28800e+11 2.09700e+11 130.118000 5.172000 103.240000  1 0.4100 140.480000 51.79789 23.71041 27.47737 56.670 279.380 -62.570 -3.533e+10 4.123e+10 7.099e+10 0.03856 482085 482085 679174 4927 71 482067 482127 5.17161 209730000000 209730000000 200190000000 190660000000 152530000000 7.99167 0 0.03053 0.46875 0.24608 2.13437 -6.11717 22.3378 0.17547 0.05651 2.426 -5.25441 24.0431 0.4341 407400000000 57200000000
 0.8200   528180 0.8300   536775      1       -1       -1       -1  0 2.28800e+11 2.09700e+11 130.608000 6.690000 96.820000  1 0.4100 131.050000 51.79018 23.66412 27.48889 56.060 276.140 -62.040 -3.479e+10 4.126e+10 6.953e+10 0.03752 482086 482086 679174 3908 70 482067 482127 6.68987 209730000000 209730000000 209730000000 190660000000 95330000000 8.21096 0 0.03019 0.7519 0.40773 3.96959 -5.82814 17.6677 0.35131 0.29365 3.39942 -8.36617 19.1896 0.4112 365200000000 57200000000
 0.8100   519540 0.8200   528180      1       -1       -1       -1  0 2.28800e+11 2.09700e+11 131.096000 7.288000 88.290000  1 0.4100 128.640000 51.78428 23.61602 27.50181 55.420 272.830 -61.490 -3.419e+10 4.112e+10 6.792e+10 0.03635 482087 482087 679174 4976 69 482067 482127 7.28767 209730000000 209730000000 209730000000 181130000000 66731000000 11.2884 0 0.02978 0.92928 0.47656 9.19314 -4.02822 13.7173 0.92007 0.43578 -0.22454 -4.15158 15.4514 0.3758 354300000000 38130000000
 0.8000   510861 0.8100   519540      1       -1       -1       -1  0 2.28800e+11 2.09700e+11 131.581000 9.157000 83.490000  1 0.4100 121.710000 51.77681 23.56742 27.51302 43.080 276.750 -75.280 -3.623e+10 5.999e+10 7.801e+10 0.04248 482088 482088 679174 3976 68 482067 482127 9.15716 209730000000 209730000000 209730000000 181130000000 76264000000 13.3708 19.92 0.03628 0.86722 0.4039 20.1433 -4.62779 12.472 0.91335 0.23859 -7.70459 8.49517 17.9485 0.3827 305600000000 76260000000
 0.7900   502218 0.8000   510861      1       -1       -1       -1  0 2.28800e+11 2.09700e+11 132.063000 11.277000 79.800000  1 0.4100 116.210000 51.74218 23.51496 27.50262 54.100 265.990 -60.270 -3.310e+10 4.078e+10 6.448e+10 0.03048 482089 482089 679174 4952 67 482067 482127 11.2774 209730000000 209730000000 200190000000 190660000000 9533000000 21.6428 0 0.0289 0.65388 0.19958 21.9263 0.51706 15.081 0.38583 0.03875 11.3583 13.1795 15.8713 0.3962 292100000000 57200000000
 0.7800   493581 0.7900   502218      1       -1       -1       -1  0 2.28800e+11 2.09700e+11 132.543000 15.615000 77.170000  1 0.4100 108.690000 51.72642 23.47050 27.49381 53.400 262.470 -59.570 -3.248e+10 4.051e+10 6.270e+10 0.02589 482090 482090 679174 3965 66 482067 482127 15.615 209730000000 209730000000 200190000000 104860000000 9533000000 40.4927 0 0.02842 0.14642 0.01262 43.9152 -4.19028 28.0397 0.31423 0.18646 18.7406 -2.14398 22.894 0.4508 253300000000 76260000000
 0.7700   484907 0.7800   493581      1       -1       -1       -1  0 2.28800e+11 1.90700e+11 128.861000 6.654000 73.800000  1 0.4100 129.520000 51.75499 23.42414 27.55048 45.930 264.990 -67.350 4.671e+10 -1.011e+11 -2.130e+10 0.06086 482091 482091 679174 4855 65 482067 482127 6.65434 190660000000 190660000000 190660000000 171590000000 66731000000 4.34739 0 0.04661 0.6871 0.40047 -14.7382 4.06035 18.5301 0.36433 0.07249 21.602 -1.97016 -19.3862 0.2666 321300000000 28600000000
 0.7600   476208 0.7700   484907      1       -1       -1       -1  0 2.28800e+11 2.09700e+11 133.494000 27.752000 83.230000  1 0.4100 99.620000 51.69695 23.37676 27.50527 56.440 254.370 -54.650 2.317e+10 1.545e+10 2.843e+10 0.00974 482092 482092 679174 4949 64 482067 482127 27.7523 209730000000 209730000000 190660000000 28599000000 0 51.4612 0 0.01403 0.17663 0.0084 45.0766 -3.41248 48.0433 0.33144 0.21115 12.4627 7.66044 30.3869 0.6167 211300000000 190700000000
 0.7500   467471 0.7600   476208      1       -1       -1       -1  0 2.28800e+11 1.90700e+11 129.776000 9.270000 85.560000  1 0.4100 119.880000 51.71725 23.32916 27.56021 46.470 258.230 -65.360 4.515e+10 -9.868e+10 -2.060e+10 0.05652 482093 482093 679174 4972 63 482067 482127 9.2699 190660000000 190660000000 190660000000 171590000000 85797000000 23.4666 0 0.04585 0.43568 0.27535 12.5218 -1.11395 7.63691 0.31694 0.04311 9.49496 -0.81638 4.70898 0.3519 260100000000 85800000000
 0.7400   458673 0.7500   467471      1       -1       -1       -1  0 2.28800e+11 1.81100e+11 128.022000 5.248000 86.930000  1 0.4100 138.110000 51.73298 23.27012 27.59639 43.890 253.070 -68.270 -4.874e+09 -5.579e+10 -5.888e+09 0.03574 482094 482094 679174 4931 62 482067 482127 5.24763 181130000000 181130000000 171590000000 162060000000 123930000000 9.26807 0 0.02559 0.51245 0.27679 14.3036 -6.34123 14.7359 0.38523 0.21779 12.5829 -8.03104 16.4225 0.3096 341500000000 47660000000
 0.7300   449847 0.7400   458673      1       -1       -1       -1  0 2.28800e+11 1.81100e+11 128.464000 5.385000 81.000000  1 0.4100 137.900000 51.71724 23.21862 27.60680 43.660 249.440 -66.980 -5.062e+09 -5.444e+10 -5.389e+09 0.03504 482095 482095 679174 3905 61 482067 482127 5.38546 181130000000 181130000000 171590000000 162060000000 133460000000 1.76265 0 0.02509 0.78131 0.29227 10.8505 -4.3027 12.1846 0.69148 0.13739 9.15554 -2.92629 14.1322 0.2797 350200000000 38130000000
 0.7200   440999 0.7300   449847      1       -1       -1       -1  0 2.28800e+11 1.90700e+11 131.126000 18.794000 78.430000  1 0.4100 104.410000 51.67189 23.18194 27.58195 46.190 248.130 -62.770 4.236e+10 -9.370e+10 -1.894e+10 0.03968 482096 482096 679174 5106 60 482067 482127 18.7943 190660000000 190660000000 181130000000 85797000000 0 49.8524 0 0.04407 0.28915 0.08558 50.4656 -21.1287 33.2002 0.24667 0.04909 1.54806 -8.46645 28.5673 0.4598 206600000000 114400000000
 0.7100   432089 0.7200   440999      1       -1       -1       -1  0 2.28800e+11 1.90700e+11 131.570000 6.646000 75.320000  1 0.4100 134.320000 51.69326 23.11433 27.63325 43.230 239.540 -61.860 -2.159e+10 -5.708e+10 -9.493e+09 0.03384 482097 482097 679174 4033 59 482067 482127 6.64553 190660000000 200190000000 171590000000 162060000000 95330000000 11.0104 0 0.02617 0.45064 0.23249 28.7434 -7.16463 -4.33011 0.24769 0.03699 31.5509 -6.74358 -3.90065 0.2704 325500000000 19070000000
 0.7000   423113 0.7100   432089      1       -1       -1       -1  0 2.28800e+11 1.90700e+11 132.009000 8.522000 69.270000  1 0.4100 126.300000 51.68127 23.05197 27.65283 42.720 235.980 -61.020 -1.750e+10 -5.631e+10 -1.150e+10 0.03264 482098 482098 679174 5138 58 482067 482127 8.52219 190660000000 200190000000 190660000000 162060000000 57198000000 6.47626 0 0.02559 0.56508 0.45874 26.1375 -2.05233 -11.6178 0.39217 0.33888 24.777 -2.8968 -15.6593 0.2424 283800000000 57200000000
 0.6900   414116 0.7000   423113      1       -1       -1       -1  0 2.28800e+11 1.71600e+11 127.874000 28.267000 66.910000  1 0.4100 95.870000 51.63685 23.02163 27.61558 46.130 235.140 -61.250 5.893e+10 -8.104e+10 -3.472e+10 0.04738 482099 482099 679174 5148 57 482067 482127 28.2673 171590000000 190660000000 142990000000 0 0 52.3621 0 0.05415 0.50396 0.22019 31.9635 -17.956 43.3684 0 0 0 0 0 0.4081 163800000000 162100000000
 0.6800   405108 0.6900   414116      1       -1       -1       -1  0 2.28800e+11 1.90700e+11 132.877000 54.487000 69.630000  1 0.4100 95.390000 51.62471 22.96645 27.62721 42.850 228.510 -57.170 1.354e+10 -1.247e+11 -6.754e+10 0.05074 482100 482100 679174 5140 56 482067 482127 54.4873 190660000000 200190000000 133460000000 0 0 62.6353 5.09 0.06137 0.36238 0.04558 32.2167 -20.1099 36.137 0 0 0 0 0 0.4295 172100000000 228800000000
 0.6700   396123 0.6800   405108      1       -1       -1       -1  0 2.28800e+11 2.00200e+11 135.490000 50.882000 69.300000  1 0.4100 97.780000 51.61098 22.90672 27.64247 40.730 221.430 -52.910 -1.123e+10 -1.170e+11 -3.917e+10 0.04125 482101 482101 679174 5193 55 482067 482127 50.8815 200190000000 200190000000 142990000000 0 0 65.288 3.03 0.04951 0.13658 0.02541 41.4495 -31.0654 29.8368 0 0 0 0 0 0.4145 178200000000 219300000000
 0.6600   387190 0.6700   396123      1       -1       -1       -1  0 2.28800e+11 1.90700e+11 133.728000 9.791000 72.010000  1 0.4100 125.100000 51.64634 22.83113 27.71045 44.520 218.290 -49.080 -6.635e+10 -4.035e+10 1.835e+09 0.04293 482102 482102 679174 5331 54 482067 482127 9.79101 190660000000 190660000000 190660000000 171590000000 47665000000 10.0429 0 0.03386 0.73739 0.3524 -10.6243 21.3971 9.1249 0.75726 0.3232 -9.05549 20.3724 10.2793 0.2492 251700000000 57200000000
 0.6500   378154 0.6600   387190      1       -1       -1       -1  0 2.28800e+11 1.90700e+11 134.147000 8.297000 70.550000  1 0.4100 131.500000 51.62770 22.76998 27.70264 43.450 213.940 -48.430 -5.153e+10 -4.826e+10 -1.038e+10 0.03991 482103 482103 679174 4223 53 482067 482127 8.29669 190660000000 190660000000 190660000000 152530000000 95330000000 19.564 0 0.0313 0.71514 0.5161 -20.6575 21.1295 3.96657 0.76752 0.52214 21.9933 -16.2435 -4.95526 0.2379 273200000000 47660000000
 0.6400   369078 0.6500   378154      1       -1       -1       -1  0 2.28800e+11 1.90700e+11 134.561000 6.735000 72.430000  1 0.4100 140.260000 51.63208 22.69491 27.71894 40.440 210.550 -49.420 -6.861e+10 -7.717e+10 5.314e+08 0.05972 482104 482104 679174 4038 52 482067 482127 6.73456 190660000000 190660000000 190660000000 152530000000 95330000000 17.0219 0 0.04557 0.42762 0.37639 19.992 -5.95542 -16.175 0.39232 0.10882 23.2022 -4.50018 -16.28 0.2357 313100000000 28600000000
 0.6300   359962 0.6400   369078      1       -1       -1       -1  1 2.28800e+11 1.90700e+11 134.970000 13.366000 69.880000  1 0.4100 126.990000 51.62473 22.65660 27.72793 40.440 210.550 -49.420 -5.561e+10 -7.697e+10 -1.847e+10 0.05042 482105 482105 679174 8847 51 482067 482127 16.0708 190660000000 190660000000 176360000000 100097500000 52431500000 34.4777 0 0.04412 0.285235 0.192165 3.62514 8.56985 -17.0542 0.377905 0.06029 6.61491 13.0167 -12.503 0.283 252100000000 61965000000
 0.6200   350854 0.6300   359962      1       -1       -1       -1  0 2.28800e+11 1.90700e+11 135.376000 19.996000 67.130000  1 0.4100 110.140000 51.56861 22.60749 27.72443 42.260 199.690 -44.580 -4.262e+10 -7.676e+10 -3.748e+10 0.04112 482106 482106 679174 5190 50 482067 482127 19.9964 190660000000 190660000000 162060000000 47665000000 9533000000 51.9334 0 0.04267 0.14285 0.00794 -12.7417 23.0951 -17.9334 0.36349 0.01176 -9.97243 30.5336 -8.72601 0.3303 191100000000 95330000000
 0.6100   341723 0.6200   350854      1       -1       -1       -1  0 2.28800e+11 2.00200e+11 138.002000 34.221000 59.770000  1 0.4100 104.630000 51.55537 22.54463 27.73867 48.180 195.660 -48.550 -7.319e+10 -1.105e+11 -2.286e+10 0.05549 482107 482107 679174 5188 49 482067 482127 34.2214 200190000000 200190000000 162060000000 47665000000 19066000000 53.5869 7.95 0.05579 0.43679 0.0814 -6.68543 23.0673 -6.68401 0.34867 0.02109 -4.08729 16.2538 -1.63656 0.2668 176400000000 200200000000
 0.6000   332579 0.6100   341723      1       -1       -1       -1  0 2.28800e+11 2.00200e+11 138.403000 28.534000 58.570000  1 0.4100 107.700000 51.54838 22.48734 27.76838 42.230 193.270 -39.430 1.551e+10 -6.608e+10 -7.125e+10 0.04208 482108 482108 679174 812 48 482067 482127 28.534 200190000000 200190000000 200190000000 76264000000 19066000000 32.2565 0 0.0411 0.17594 0.11303 22.843 -20.6414 14.9488 0.29773 0.17782 14.2357 -11.927 12.0001 0.2401 193100000000 181100000000
 0.5900   323411 0.6000   332579      1       -1       -1       -1  0 2.28800e+11 2.00200e+11 138.798000 47.121000 59.670000  1 0.4100 103.430000 51.52164 22.41282 27.77456 39.660 190.490 -34.110 2.995e+10 -2.090e+10 -9.652e+09 0.01568 482109 482109 679174 5285 47 482067 482127 47.121 200190000000 200190000000 162060000000 66731000000 0 49.7246 5.39 0.01589 0.34912 0.03814 40.7862 -24.0445 19.5636 0.17632 0 -11.0274 33.9627 1.56542 0.2575 173700000000 238300000000
 0.5800   314172 0.5900   323411      1       -1       -1       -1  0 2.28800e+11 1.81100e+11 134.621000 32.095000 58.340000  1 0.4100 103.780000 51.50807 22.34748 27.78924 38.450 186.030 -34.520 5.123e+10 -5.011e+10 -5.801e+10 0.04624 482110 482110 679174 5285 46 482067 482127 32.0949 181130000000 181130000000 152530000000 66731000000 0 40.1428 0 0.04615 0.3011 0.2729 35.6638 -23.6239 19.4074 0.61523 0.04539 -14.7405 17.8652 -4.00011 0.2507 172600000000 171600000000
 0.5700   304936 0.5800   314172      1       -1       -1       -1  0 2.28800e+11 2.00200e+11 139.571000 31.816000 58.060000  1 0.4100 108.650000 51.50746 22.29192 27.81208 41.900 184.550 -32.940 2.344e+10 -1.860e+10 -8.588e+09 0.01352 482111 482111 679174 5319 45 482067 482127 31.816 200190000000 200190000000 190660000000 57198000000 0 27.9742 5 0.01329 0.19465 0.00174 -25.4278 33.4613 -23.7565 0.68114 0 6.73402 -8.9101 15.7919 0.2259 184200000000 190700000000
 0.5600   295681 0.5700   304936      1       -1       -1       -1  0 2.28800e+11 2.00200e+11 139.948000 26.270000 58.590000  1 0.4100 112.330000 51.48017 22.21409 27.81915 37.870 183.960 -36.160 1.719e+10 -6.493e+08 2.840e+09 0.00766 482112 482112 679174 5280 44 482067 482127 26.2703 200190000000 200190000000 190660000000 57198000000 0 29.535 0 0.00749 0.29884 0.13054 -24.6791 36.5702 -25.8835 0.3327 0 -8.35563 15.422 13.1884 0.2186 193400000000 152500000000
 0.5500   286423 0.5600   295681      1       -1       -1       -1  0 2.28800e+11 2.00200e+11 140.320000 18.422000 57.200000  1 0.4100 120.290000 51.50207 22.12979 27.85026 35.450 179.990 -37.850 -4.606e+09 -2.507e+10 1.563e+10 0.01416 482113 482113 679174 5263 43 482067 482127 18.4222 200190000000 200190000000 181130000000 162060000000 0 11.4612 0 0.01296 0.23157 0.00818 -32.886 34.9793 -35.5797 0.22128 0.06573 24.7118 -31.0016 30.6624 0.1874 206400000000 104900000000
 0.5400   277201 0.5500   286423      1       -1       -1       -1  0 2.28800e+11 2.09700e+11 142.883000 21.832000 57.040000  1 0.4100 119.770000 51.47175 22.08216 27.85165 36.090 176.760 -38.020 6.128e+09 -1.537e+10 4.590e+09 0.00766 482114 482114 679174 5312 42 482067 482127 21.8318 209730000000 209730000000 200190000000 133460000000 0 7.59587 0 0.00694 0.10362 0.01178 -14.0893 34.4063 -24.3402 0 0 -14.8849 24.5457 -13.3686 0.1768 195900000000 133500000000
 0.5300   267960 0.5400   277201      1       -1       -1       -1  0 2.28800e+11 2.19300e+11 145.384000 26.080000 55.420000  1 0.4100 119.370000 51.45692 22.00027 27.86465 33.630 172.300 -36.500 -5.457e+09 -3.553e+10 1.768e+10 0.01706 482115 482115 679174 5321 41 482067 482127 26.0799 219260000000 219260000000 190660000000 133460000000 9533000000 17.6688 0 0.01516 0.6316 0.33474 -24.3636 34.5127 -3.91258 0.72182 0.57714 -15.1591 37.8185 -18.1186 0.1568 205600000000 181100000000
 0.5200   258728 0.5300   267960      1       -1       -1       -1  0 2.28800e+11 2.28800e+11 147.828000 23.423000 56.390000  1 0.4100 124.550000 51.44353 21.92956 27.88047 31.070 166.710 -35.550 -9.241e+09 -2.704e+10 1.716e+10 0.01359 482116 482116 679174 4163 40 482067 482127 23.4225 228790000000 228790000000 219260000000 152530000000 0 11.8052 0 0.01185 0.84176 0.37823 10.157 -24.7356 31.7135 0.12807 0 -11.2175 -3.96124 51.8615 0.1493 209400000000 162100000000
 0.5100   249442 0.5200   258728      1       -1       -1       -1  0 2.28800e+11 2.19300e+11 146.100000 21.447000 61.350000  1 0.4100 125.500000 51.45024 21.86551 27.90244 31.250 160.600 -33.440 -3.443e+10 -2.468e+10 3.090e+10 0.02366 482117 482117 679174 4118 39 482067 482127 21.4474 219260000000 219260000000 209730000000 152530000000 19066000000 13.9535 0 0.02017 0.54902 0.264 9.79507 -28.9538 31.881 0.07739 0.01537 -6.72563 37.7746 -0.75532 0.1688 227000000000 152500000000
 0.5000   240270 0.5100   249442      1       -1       -1       -1  0 2.28800e+11 2.38300e+11 150.574000 16.326000 64.450000  1 0.4100 138.160000 51.41594 21.78564 27.91271 30.730 158.100 -35.680 2.640e+08 -4.653e+10 1.716e+10 0.01993 482118 482118 679174 4144 38 482067 482127 16.3265 238320000000 238320000000 228790000000 162060000000 0 5.86321 0 0.01675 0.46243 0.17584 18.4442 -28.7366 43.4909 0.21861 0.02746 16.4152 -4.6282 50.601 0.1699 242500000000 123900000000
 0.4900   231087 0.5000   240270      1       -1       -1       -1  0 2.28800e+11 2.28800e+11 148.883000 12.554000 70.020000  1 0.4100 145.590000 51.40363 21.72004 27.92505 32.940 152.620 -32.500 1.607e+10 -3.402e+10 1.149e+10 0.01830 482119 482119 679174 5232 37 482067 482127 12.5544 228790000000 228790000000 228790000000 181130000000 76264000000 7.97457 0 0.01435 0.53761 0.29783 12.5976 -4.95887 24.4355 0.44594 0.07229 14.4199 -3.64722 27.4634 0.174 256100000000 104900000000
 0.4800   221935 0.4900   231087      1       -1       -1       -1  0 2.19267e+11 2.19300e+11 147.117000 10.440000 68.690000  1 0.4100 151.180000 51.38637 21.64668 27.95011 32.630 150.600 -33.500 2.164e+10 -4.866e+10 -3.651e+09 0.02796 482120 482120 679174 5240 36 482067 482127 10.4395 219260000000 219260000000 219260000000 181130000000 76264000000 11.0307 0 0.0211 0.62691 0.54142 21.6813 -0.49955 20.6836 0.73963 0.59956 20.9762 1.40755 15.0355 0.1622 278800000000 76260000000
 0.4700   212798 0.4800   221935      1       -1       -1       -1  0 2.12900e+11 2.09700e+11 145.271000 11.422000 66.800000  1 0.4100 146.550000 51.37248 21.56361 27.96262 34.090 144.710 -31.600 2.056e+10 -4.898e+10 -8.703e+09 0.03039 482121 482121 679174 5237 35 482067 482127 11.4223 209730000000 209730000000 200190000000 171590000000 104860000000 17.1426 0 0.02312 0.85147 0.57314 23.0138 -14.3198 13.1363 0.78856 0.50929 -21.0954 20.1446 -8.0806 0.16 256200000000 104900000000
 0.4600   203678 0.4700   212798      1       -1       -1       -1  0 2.06533e+11 2.09700e+11 145.581000 13.280000 64.480000  1 0.4100 142.820000 51.35744 21.48800 27.97967 33.480 140.720 -30.630 1.950e+10 -4.852e+10 -8.462e+09 0.02812 482122 482122 679174 4045 34 482067 482127 13.2797 209730000000 209730000000 190660000000 190660000000 28599000000 19.814 0 0.02298 0.69071 0.40659 14.5464 -7.09958 22.4307 0.6387 0.18919 11.3058 4.31975 15.7117 0.172 248000000000 66730000000
 0.4500   194631 0.4600   203678      1       -1       -1       -1  0 2.03367e+11 2.00200e+11 143.638000 17.255000 61.940000  1 0.4100 133.770000 51.32541 21.42788 27.98216 34.790 137.570 -27.860 2.533e+10 -5.942e+10 -7.915e+09 0.03693 482123 482123 679174 4092 33 482067 482127 17.2547 200190000000 200190000000 200190000000 162060000000 0 9.08235 0 0.03081 0.77869 0.35485 -5.52397 34.2566 -21.6247 0.22598 0 -1.86861 46.4659 3.54908 0.171 221600000000 114400000000
 0.4400   185568 0.4500   194631      1       -1       -1       -1  0 1.93833e+11 2.00200e+11 143.926000 26.804000 52.680000  1 0.4100 125.110000 51.30820 21.35214 27.99872 29.510 136.090 -29.170 3.191e+10 -3.814e+10 3.014e+09 0.02663 482124 482124 679174 5199 32 482067 482127 26.8041 200190000000 200190000000 200190000000 123930000000 0 10.0868 0 0.02383 0.63062 0.06911 -5.61044 37.542 -35.657 0.38853 0.02416 6.76364 44.2997 1.24314 0.1486 184500000000 162100000000
 0.4300   176548 0.4400   185568      1       -1       -1       -1  0 1.84300e+11 1.81100e+11 139.475000 32.942000 50.500000  1 0.4100 118.540000 51.29082 21.27554 28.01558 28.380 133.880 -28.680 1.642e+10 -3.772e+10 -2.342e+09 0.02444 482125 482125 679174 4059 31 482067 482127 32.9424 181130000000 181130000000 181130000000 0 0 14.1761 0 0.02354 0.11096 0.01236 25.5479 17.4467 41.6451 0 0 0 0 0 0.1648 162100000000 181100000000
 0.4200   167583 0.4300   176548      1       -1       -1       -1  0 1.62067e+11 1.71600e+11 137.241000 44.967000 46.100000  1 0.4100 114.370000 51.27327 21.19810 28.03271 20.570 127.740 -30.850 1.579e+10 -2.506e+10 -7.299e+09 0.01862 482126 482126 679174 4034 30 482067 482127 44.9668 171590000000 171590000000 142990000000 0 0 11.6415 4.59 0.01927 0 0 33.5159 8.94165 42.0437 0 0 0 0 0 0.1689 146600000000 190700000000
 0.4100   158703 0.4200   167583      0       -1       -1       -1  0 1.33500e+11 1.33500e+11 126.442000 42.936000 37.600000  1 0.4100 106.130000 51.25555 21.11982 28.05012 22.670 125.820 -27.940 -2.006e+10 -1.188e+10 2.524e+10 0.03021 482127 482127 679174 3967 29 482067 482127 42.9359 133460000000 133460000000 66731000000 0 0 7.16529 1.2 0.03337 0.07073 0 48.678 9.16281 63.9457 0 0 0 0 0 0.1513 130000000000 171600000000
