 1.0000   675992 0.0000       -1      1       -1       -1       -1  0 5.72000e+11 5.72000e+11 169.823000 18.893000 137.340000  1 0.3000 141.730000 13.69748 33.56932 39.19635 -191.880 103.870 250.160 -1.144e+12 4.413e+11 7.087e+11 0.07361 275748 275748 675992 1507 88 275747 275818 18.8934 571980000000 610110000000 505250000000 362250000000 38132000000 17.8342 0 0.08565 0.88262 0.679 1.87197 13.098 25.1846 0.51125 0.19955 -0.7958 19.4039 23.5543 0.6353 737700000000 324100000000
 0.9900   667828 1.0000   675992      1       -1       -1       -1  0 5.65667e+11 5.62500e+11 169.585000 16.045000 137.550000  1 0.3000 146.480000 13.73044 33.56903 39.15922 -191.640 101.200 248.290 -1.047e+12 3.349e+11 6.280e+11 0.06957 275749 275749 675992 1538 87 275747 275818 16.0454 562450000000 619640000000 524310000000 428980000000 0 9.96939 0 0.07899 0.88776 0.71589 11.9583 22.0074 22.3291 0.87074 0.63833 10.5814 12.3415 25.669 0.6257 762800000000 276500000000
 0.9800   659477 0.9900   667828      1       -1       -1       -1  0 5.65667e+11 5.62500e+11 170.296000 14.723000 137.720000  1 0.3000 150.030000 13.75190 33.55890 39.13480 -189.270 100.750 245.740 -1.036e+12 3.315e+11 6.239e+11 0.07018 275750 275750 675992 1520 86 275747 275818 14.7226 562450000000 600580000000 514780000000 419450000000 9533000000 9.05284 0 0.07848 0.75345 0.6958 8.13797 12.2147 21.2023 0.69042 0.58333 10.3505 9.21289 17.0909 0.6189 771200000000 228800000000
 0.9700   651157 0.9800   659477      1       -1       -1       -1  0 5.65667e+11 5.72000e+11 171.966000 17.641000 137.000000  1 0.3000 145.530000 13.76370 33.54627 39.09917 -190.090 95.990 247.870 -1.209e+12 5.047e+11 4.338e+11 0.07259 275751 275751 675992 484 85 275747 275818 17.6411 571980000000 610110000000 514780000000 438520000000 19066000000 13.0162 0 0.08423 0.68216 0.51557 12.4801 8.44463 33.0952 0.43649 0.2664 22.6831 7.43372 27.1716 0.6301 742000000000 295500000000
 0.9600   642849 0.9700   651157      1       -1       -1       -1  0 5.59300e+11 5.62500e+11 171.714000 14.525000 136.090000  1 0.3000 151.740000 13.78796 33.53421 39.09069 -187.610 97.170 243.690 -1.022e+12 4.480e+11 4.037e+11 0.06884 275752 275752 675992 477 84 275747 275818 14.5253 562450000000 600580000000 505250000000 419450000000 9533000000 6.95472 0 0.07471 0.6633 0.40742 8.56247 7.1275 31.5552 0.33436 0.09163 5.97768 12.5738 33.2221 0.597 762400000000 238300000000
 0.9500   634561 0.9600   642849      1       -1       -1       -1  0 5.49767e+11 5.43400e+11 170.452000 16.848000 136.960000  1 0.3000 145.160000 13.80891 33.53339 39.05166 -184.600 95.100 241.300 -1.033e+12 4.493e+11 4.887e+11 0.07191 275753 275753 675992 1530 83 275747 275818 16.8482 552910000000 600580000000 505250000000 371790000000 47665000000 11.5019 0 0.08214 0.67404 0.31537 7.16605 -3.03195 35.0202 0.52896 0.13029 4.36845 10.7624 23.8745 0.6288 728500000000 276500000000
 0.9400   626281 0.9500   634561      1       -1       -1       -1  0 5.37033e+11 5.43400e+11 171.150000 16.744000 135.280000  1 0.3000 145.960000 13.83748 33.51422 39.02974 -184.450 94.190 241.880 -1.022e+12 4.395e+11 4.794e+11 0.07392 275754 275754 675992 2511 82 275747 275818 16.7437 552910000000 600580000000 505250000000 409920000000 47665000000 2.09166 4.05 0.08128 0.48407 0.24606 3.98237 -3.60744 27.4102 0.27842 0.04045 4.78527 2.08502 15.272 0.6051 696500000000 286000000000
 0.9300   617972 0.9400   626281      1       -1       -1       -1  0 5.24300e+11 5.24300e+11 169.813000 19.514000 129.840000  1 0.3000 139.770000 13.86075 33.51629 38.99121 -181.920 93.810 240.720 -8.839e+11 3.888e+11 4.192e+11 0.06758 275755 275755 675992 1526 81 275747 275818 19.5139 543380000000 591050000000 505250000000 362250000000 38132000000 15.5586 2.17 0.07523 0.64807 0.25084 4.42643 -8.66173 37.2648 0.63256 0.26166 2.24912 5.58027 30.9173 0.5959 611200000000 305100000000
 0.9200   609633 0.9300   617972      1       -1       -1       -1  0 5.05233e+11 5.05200e+11 168.408000 18.029000 125.180000  1 0.3000 140.610000 13.88862 33.49935 38.95120 -187.500 88.740 240.700 -7.924e+11 1.897e+11 2.989e+11 0.06279 275756 275756 675992 477 80 275747 275818 18.0289 524310000000 600580000000 476650000000 314590000000 95330000000 16.1766 4.38 0.0662 0.60748 0.32156 6.14542 -14.0803 31.9655 0.57794 0.19019 11.3492 -21.5125 21.1608 0.5564 566300000000 266900000000
 0.9100   601290 0.9200   609633      1       -1       -1       -1  0 4.95700e+11 4.86200e+11 166.932000 19.072000 120.330000  1 0.3000 137.390000 13.91356 33.49891 38.91905 -186.350 87.890 238.520 -7.327e+11 4.965e+10 1.544e+11 0.05890 275757 275757 675992 496 79 275747 275818 19.0718 505250000000 600580000000 438520000000 324120000000 76264000000 19.4773 2.06 0.06124 0.64243 0.36771 11.1615 -18.6233 25.9102 0.38899 0.15542 -16.5114 24.0972 -18.7226 0.5338 561300000000 295500000000
 0.9000   592939 0.9100   601290      1       -1       -1       -1  0 4.89367e+11 4.95700e+11 168.687000 18.693000 121.940000  1 0.3000 139.670000 13.94086 33.48819 38.90204 -188.120 83.610 237.810 -8.354e+11 2.705e+11 1.471e+11 0.06653 275758 275758 675992 1533 78 275747 275818 18.6933 514780000000 591050000000 400390000000 324120000000 85797000000 17.2243 2.85 0.07059 0.78547 0.37661 9.22802 -13.9429 11.2701 0.53923 0.22579 -7.52957 12.759 -5.35655 0.5469 555200000000 295500000000
 0.8900   584544 0.9000   592939      1       -1       -1       -1  0 4.73467e+11 4.86200e+11 168.264000 19.480000 120.500000  1 0.3000 138.000000 13.96316 33.47948 38.88202 -184.640 87.230 234.460 -7.615e+11 3.055e+11 -1.343e+10 0.06277 275759 275759 675992 1564 77 275747 275818 19.4796 486180000000 552910000000 390850000000 324120000000 114400000000 17.9587 0 0.06744 0.89019 0.42144 -0.37784 25.2025 24.4184 0.23516 0.05108 -21.5537 26.5323 -13.967 0.5488 532400000000 266900000000
 0.8800   576169 0.8900   584544      1       -1       -1       -1  0 4.73467e+11 4.38500e+11 163.216000 15.054000 118.310000  1 0.3000 140.650000 13.99727 33.44757 38.83491 -190.940 79.730 235.650 -4.632e+11 2.195e+10 -5.644e+09 0.04711 275760 275760 675992 2567 76 275747 275818 15.0544 438520000000 524310000000 362250000000 285990000000 162060000000 16.0611 0 0.04544 0.86442 0.35987 14.1603 0.72732 24.5275 0.52211 0.21234 -7.96097 25.911 7.22224 0.4982 529300000000 228800000000
 0.8700   567719 0.8800   576169      1       -1       -1       -1  0 4.73467e+11 4.38500e+11 163.855000 14.767000 115.340000  1 0.3000 141.940000 14.00727 33.43292 38.78886 -185.580 76.780 233.200 -5.058e+11 -1.345e+11 -1.147e+11 0.05257 275761 275761 675992 1575 75 275747 275818 14.7668 438520000000 514780000000 400390000000 285990000000 85797000000 15.4436 0 0.05268 0.73777 0.3832 11.3313 15.5361 31.6226 0.61544 0.26189 -1.44873 28.2619 22.0417 0.5043 516900000000 238300000000
 0.8600   559264 0.8700   567719      1       -1       -1       -1  0 4.73467e+11 4.29000e+11 163.290000 14.599000 112.730000  1 0.3000 141.710000 14.05357 33.42596 38.76086 -186.100 81.180 228.370 -5.568e+11 -5.956e+10 -2.416e+10 0.05985 275762 275762 675992 1566 74 275747 275818 14.5989 428980000000 495720000000 333650000000 285990000000 152530000000 14.5518 0 0.05739 0.60108 0.28323 1.09819 12.0689 30.393 0.72615 0.23885 -2.92653 12.3555 23.8143 0.4737 488100000000 209700000000
 0.8500   550844 0.8600   559264      1       -1       -1       -1  0 4.73467e+11 4.29000e+11 163.920000 18.499000 106.810000  1 0.3000 135.100000 14.06930 33.43225 38.76097 -178.110 82.480 219.890 -6.278e+11 -2.020e+11 -5.540e+08 0.06856 275763 275763 675992 524 73 275747 275818 18.4986 428980000000 486180000000 343190000000 257390000000 95330000000 14.5362 0 0.06779 0.34989 0.20546 0.91719 11.3636 36.9824 0.36619 0.08181 5.20718 10.1704 29.1173 0.4588 455900000000 247900000000
 0.8400   542320 0.8500   550844      1       -1       -1       -1  0 4.73467e+11 4.48100e+11 166.950000 21.770000 104.840000  1 0.3000 133.680000 14.10041 33.40790 38.68428 -181.490 76.480 219.550 -6.512e+11 -1.939e+11 -8.818e+09 0.06631 275764 275764 675992 1589 72 275747 275818 21.7699 448050000000 486180000000 324120000000 295520000000 133460000000 11.9509 0 0.06523 0.39046 0.32167 3.77556 6.04561 41.8806 0.4848 0.42529 1.26625 0.37485 29.8654 0.4415 452900000000 276500000000
 0.8300   533802 0.8400   542320      1       -1       -1       -1  0 4.73467e+11 4.09900e+11 162.687000 22.711000 98.250000  1 0.3000 128.640000 14.11858 33.40547 38.64273 -173.010 75.900 214.160 -4.213e+11 -3.005e+11 -5.899e+10 0.05896 275765 275765 675992 3582 71 275747 275818 22.7111 409920000000 457580000000 343190000000 257390000000 57198000000 8.65057 3.82 0.05823 0.36915 0.20019 2.61221 -4.05056 28.4892 0.46805 0.13002 -2.47432 -1.47976 22.1422 0.4227 415500000000 266900000000
 0.8200   525227 0.8300   533802      1       -1       -1       -1  0 4.73467e+11 4.09900e+11 163.300000 25.457000 91.640000  1 0.3000 126.660000 14.14080 33.38405 38.63062 -171.290 81.260 213.900 -4.890e+11 -4.320e+11 -7.369e+10 0.07699 275766 275766 675992 1559 70 275747 275818 25.4568 409920000000 486180000000 333650000000 257390000000 57198000000 5.62692 2.11 0.07372 0.3975 0.17603 10.1064 1.99366 27.4763 0.10708 0.06324 7.34031 2.66869 15.6584 0.3733 412300000000 295500000000
 0.8100   516584 0.8200   525227      1       -1       -1       -1  0 4.73467e+11 4.09900e+11 163.909000 32.512000 87.160000  1 0.3000 122.530000 14.16902 33.37356 38.61100 -169.260 82.370 210.710 -5.455e+11 -3.391e+11 -1.458e+11 0.07727 275767 275767 675992 524 69 275747 275818 32.5118 409920000000 476650000000 352720000000 181130000000 19066000000 4.73049 0 0.07426 0.41092 0.09012 16.7179 -12.5396 30.8533 0.02381 0 22.2306 -10.6885 40.9712 0.3495 405600000000 343200000000
 0.8000   507919 0.8100   516584      1       -1       -1       -1  0 4.73467e+11 4.09900e+11 164.516000 31.808000 82.640000  1 0.3000 123.510000 14.19353 33.35191 38.56654 -166.730 76.670 207.000 -4.804e+11 -3.684e+11 -8.714e+10 0.07152 275768 275768 675992 1602 68 275747 275818 31.8077 409920000000 457580000000 333650000000 171590000000 0 10.3456 2.9 0.06926 0.5588 0.17546 21.0289 -9.7208 37.4245 0.16689 0.01668 25.13 -31.6476 35.2681 0.3285 399300000000 333700000000
 0.7900   499283 0.8000   507919      1       -1       -1       -1  0 4.73467e+11 4.19400e+11 166.389000 40.929000 80.110000  1 0.3000 121.310000 14.23018 33.34133 38.53465 -162.940 79.000 202.460 -5.090e+11 -2.855e+11 -8.283e+10 0.06662 275769 275769 675992 1608 67 275747 275818 40.9285 419450000000 457580000000 333650000000 162060000000 0 6.34165 0 0.06453 0.69434 0.2908 17.39 -25.5191 32.3463 0.37275 0.09117 -18.0855 29.1819 -25.8823 0.309 399300000000 419500000000
 0.7800   490641 0.7900   499283      1       -1       -1       -1  0 4.73467e+11 4.38500e+11 169.487000 60.485000 79.600000  1 0.3000 120.170000 14.25645 33.32946 38.50256 -161.020 81.620 200.960 -6.671e+11 -3.350e+11 -1.239e+11 0.07830 275770 275770 675992 1610 66 275747 275818 60.4852 438520000000 457580000000 343190000000 142990000000 0 2.6669 0 0.07728 0.37147 0.30402 -19.67 34.3209 -34.4907 0.49347 0.32714 14.1528 -12.9676 29.0479 0.3048 407000000000 486200000000
 0.7700   481950 0.7800   490641      1       -1       -1       -1  0 4.73467e+11 4.29000e+11 168.855000 55.342000 79.010000  1 0.3000 120.400000 14.29033 33.31770 38.45757 -156.850 74.750 194.140 -4.325e+11 -3.303e+11 1.181e+10 0.05889 275771 275771 675992 1660 65 275747 275818 55.3424 428980000000 448050000000 333650000000 142990000000 0 5.15106 1.75 0.05792 0.30839 0.18183 -24.0061 38.4346 -35.4106 0.35823 0 12.8301 -14.4651 22.349 0.3003 401300000000 476600000000
 0.7600   473248 0.7700   481950      1       -1       -1       -1  0 4.73467e+11 4.29000e+11 169.457000 45.808000 80.060000  1 0.3000 122.780000 14.31828 33.30261 38.41852 -153.820 76.020 195.150 -4.484e+11 -3.008e+11 -1.016e+10 0.05848 275772 275772 675992 1602 64 275747 275818 45.8076 428980000000 448050000000 305060000000 123930000000 0 7.52733 0 0.05775 0.21743 0.08582 -32.4873 52.845 -37.331 0.22932 0.07573 17.3803 -11.4801 44.6326 0.3025 396400000000 448100000000
 0.7500   464519 0.7600   473248      1       -1       -1       -1  0 4.73467e+11 4.19400e+11 168.786000 38.639000 81.390000  1 0.3000 124.620000 14.35326 33.28115 38.39126 -145.840 73.630 191.830 -4.655e+11 -3.034e+11 1.103e+10 0.06220 275773 275773 675992 1598 63 275747 275818 38.6392 419450000000 438520000000 371790000000 104860000000 0 8.41292 3.88 0.06199 0.30861 0.09642 -33.5424 53.878 -30.3701 0.6465 0.0104 -12.6695 41.2148 -11.2877 0.3129 398400000000 381300000000
 0.7400   455728 0.7500   464519      1       -1       -1       -1  0 4.73467e+11 2.47900e+11 142.132000 37.967000 72.550000  1 0.3000 103.380000 14.40453 33.21049 38.39869 -156.450 74.710 197.450 -1.845e+11 -4.143e+10 -2.534e+10 0.04987 275774 275774 675992 480 62 275747 275818 37.9669 247860000000 352720000000 190660000000 104860000000 0 27.475 4.18 0.0514 0.15494 0.02938 5.69336 -7.73674 40.2315 0.15325 0.02306 -1.30665 -12.3641 42.2974 0.3451 347200000000 266900000000
 0.7300   446896 0.7400   455728      1       -1       -1       -1  0 4.73467e+11 4.00400e+11 167.346000 27.582000 82.480000  1 0.3000 129.840000 14.39988 33.25914 38.30997 -140.650 72.870 184.240 -4.013e+11 -1.773e+11 -1.414e+11 0.05896 275775 275775 675992 1591 61 275747 275818 27.5816 400390000000 400390000000 381320000000 200190000000 0 3.55532 0 0.05612 0.26226 0.11015 -33.8398 56.6486 -11.6545 0 0 -33.3834 47.3709 -19.6495 0.2968 417300000000 286000000000
 0.7200   438030 0.7300   446896      1       -1       -1       -1  0 4.73467e+11 3.43200e+11 159.507000 39.145000 83.100000  1 0.3000 117.420000 14.45941 33.18431 38.30053 -137.120 72.690 180.900 -3.521e+11 -1.482e+11 -1.244e+11 0.06249 275776 275776 675992 1663 60 275747 275818 39.1449 343190000000 419450000000 200190000000 171590000000 9533000000 46.4199 0 0.06358 0.49685 0.20209 0.66208 -26.6144 28.2448 0.31626 0.0139 -4.64482 -10.8011 25.3876 0.3492 358200000000 333700000000
 0.7100   429104 0.7200   438030      1       -1       -1       -1  0 4.73467e+11 3.14600e+11 155.471000 20.361000 83.130000  1 0.3000 126.150000 14.41874 33.26974 38.19431 -130.670 79.050 164.450 -2.142e+11 1.375e+10 -6.739e+10 0.04560 275777 275777 675992 1629 59 275747 275818 20.3609 314590000000 343190000000 285990000000 152530000000 104860000000 40.9953 0 0.04138 0.42844 0.17833 -13.6322 17.8653 -7.76709 0.35421 0.26866 -4.72008 9.79967 14.658 0.3108 334700000000 152500000000
 0.7000   420134 0.7100   429104      1       -1       -1       -1  0 4.73467e+11 4.00400e+11 169.048000 26.940000 90.720000  1 0.3000 132.660000 14.49035 33.20593 38.17806 -131.800 69.940 172.670 -3.182e+11 -2.236e+11 -9.229e+10 0.05425 275778 275778 675992 1724 58 275747 275818 26.9396 400390000000 428980000000 381320000000 257390000000 0 6.19572 0 0.04945 0.25459 0.17224 -29.706 43.1354 -13.5715 0.22785 0.01716 -23.0974 37.8459 -11.0761 0.3121 421400000000 286000000000
 0.6900   411138 0.7000   420134      1       -1       -1       -1  0 4.73467e+11 4.19400e+11 172.257000 26.129000 90.290000  1 0.3000 136.640000 14.51444 33.18766 38.13681 -131.240 73.090 166.980 -3.529e+11 -2.509e+11 -1.077e+11 0.05749 275779 275779 675992 1761 57 275747 275818 26.129 419450000000 419450000000 390850000000 266920000000 38132000000 7.58382 1.53 0.05137 0.38522 0.1139 -26.4181 40.3216 -8.23871 0.09559 0.04799 -30.1052 31.4646 -10.9883 0.2914 436500000000 305100000000
 0.6800   402126 0.6900   411138      1       -1       -1       -1  0 4.73467e+11 4.00400e+11 170.159000 19.615000 91.360000  1 0.3000 142.600000 14.54494 33.17237 38.09597 -127.440 73.610 163.210 -4.115e+11 -2.082e+11 -1.303e+11 0.06977 275780 275780 675992 1724 56 275747 275818 19.6146 400390000000 419450000000 400390000000 305060000000 57198000000 8.37565 0 0.05995 0.35319 0.29686 -16.3452 31.281 2.15418 0.17929 0.11302 -21.645 33.662 2.89842 0.2843 456200000000 200200000000
 0.6700   393141 0.6800   402126      1       -1       -1       -1  0 4.73467e+11 4.09900e+11 172.051000 18.459000 93.490000  1 0.3000 146.760000 14.57599 33.14959 38.05473 -125.880 73.720 160.150 -3.991e+11 -2.015e+11 -9.972e+10 0.06567 275781 275781 675992 604 55 275747 275818 18.4591 409920000000 419450000000 390850000000 314590000000 57198000000 9.71426 0 0.05542 0.51408 0.31578 -15.175 27.3425 14.5445 0.46678 0.17089 -15.4285 28.3174 11.8245 0.2833 457800000000 219300000000
 0.6600   384187 0.6700   393141      1       -1       -1       -1  0 4.73467e+11 4.09900e+11 172.598000 17.274000 96.720000  1 0.3000 149.900000 14.63276 33.12555 38.01826 -122.440 74.020 156.620 -3.949e+11 -1.999e+11 -9.670e+10 0.06319 275782 275782 675992 3300 54 275747 275818 17.274 409920000000 438520000000 390850000000 333650000000 47665000000 25.6973 0.83 0.05514 0.58052 0.25509 -10.0236 21.2542 16.6094 0.42641 0.05127 18.0569 -18.2978 -8.01905 0.3111 469800000000 200200000000
 0.6500   375137 0.6600   384187      1       -1       -1       -1  0 4.73467e+11 4.19400e+11 174.470000 20.139000 96.570000  1 0.3000 147.390000 14.64170 33.11218 37.98686 -120.360 73.700 152.140 -3.917e+11 -2.391e+11 -1.144e+11 0.06585 275783 275783 675992 8172 53 275747 275818 20.1385 419450000000 419450000000 390850000000 333650000000 57198000000 4.82881 1.19 0.05574 0.41116 0.16808 -10.9937 24.6436 22.7542 0.1466 0.00633 -10.986 23.8995 17.4103 0.2937 460200000000 257400000000
 0.6400   366054 0.6500   375137      1       -1       -1       -1  0 4.73467e+11 4.09900e+11 173.674000 18.782000 92.840000  1 0.3000 149.210000 14.66800 33.08749 37.93522 -117.850 73.850 149.090 -3.467e+11 -2.326e+11 -1.184e+11 0.06232 275784 275784 675992 8147 52 275747 275818 18.7821 409920000000 438520000000 390850000000 343190000000 0 6.26898 0 0.05348 0.59013 0.11569 -18.2073 15.8546 40.9847 0.02469 0 -13.7808 20.3136 13.5534 0.2869 465500000000 219300000000
 0.6300   356942 0.6400   366054      1       -1       -1       -1  0 4.73467e+11 4.19400e+11 175.542000 19.873000 89.200000  1 0.3000 149.850000 14.69726 33.06687 37.88951 -111.520 73.480 146.910 -3.840e+11 -2.354e+11 -1.012e+11 0.06259 275785 275785 675992 3907 51 275747 275818 19.873 419450000000 438520000000 362250000000 333650000000 0 13.4478 3.51 0.05509 0.68924 0.14025 -8.85152 -8.96945 49.3876 0.71369 0.0471 -15.6803 4.93499 40.649 0.2783 452700000000 247900000000
 0.6200   347838 0.6300   356942      1       -1       -1       -1  0 4.73467e+11 4.48100e+11 179.983000 23.435000 86.550000  1 0.3000 149.900000 14.73261 33.04470 37.84523 -111.750 71.050 141.680 -3.391e+11 -3.698e+11 -1.411e+10 0.05973 275786 275786 675992 3868 50 275747 275818 23.4355 448050000000 448050000000 362250000000 305060000000 0 11.3466 0 0.05402 0.49186 0.12073 7.43798 -33.1732 54.5456 0.20813 0.01096 4.74049 -33.4785 51.3209 0.2635 436600000000 286000000000
 0.6100   338703 0.6200   347838      1       -1       -1       -1  0 4.73467e+11 4.38500e+11 179.225000 29.802000 84.360000  1 0.3000 143.430000 14.76627 33.02541 37.80352 -105.960 71.660 136.860 -3.063e+11 -3.540e+11 -4.102e+10 0.05757 275787 275787 675992 3883 49 275747 275818 29.8018 438520000000 438520000000 390850000000 266920000000 0 6.51441 0 0.05277 0.50351 0.18881 16.4616 -48.4501 46.4561 0.24041 0.00343 -10.2667 48.718 -47.726 0.2575 404500000000 324100000000
 0.6000   329550 0.6100   338703      1       -1       -1       -1  0 4.73467e+11 4.86200e+11 186.035000 49.810000 84.680000  1 0.3000 140.520000 14.80202 32.99596 37.76224 -103.410 72.370 135.910 -3.578e+11 -3.634e+11 4.745e+10 0.05151 275788 275788 675992 4914 48 275747 275818 49.8104 486180000000 495720000000 409920000000 266920000000 0 8.60846 3.85 0.04876 0.30674 0.11645 27.2108 -50.111 51.5175 0.68834 0.45256 37.159 -36.8773 25.7179 0.254 422600000000 505200000000
 0.5900   320354 0.6000   329550      1       -1       -1       -1  0 4.63933e+11 4.95700e+11 187.778000 45.999000 87.160000  1 0.3000 143.710000 14.83807 32.97542 37.71960 -105.240 74.620 131.030 -2.265e+11 -4.700e+11 8.177e+10 0.05104 275789 275789 675992 3973 47 275747 275818 45.9987 495720000000 514780000000 467120000000 219260000000 0 7.22739 0 0.04901 0.13512 0.02086 -26.4149 75.4244 -61.3578 0.70155 0.30614 22.8588 -30.0872 27.548 0.2653 449700000000 495700000000
 0.5800   311102 0.5900   320354      1       -1       -1       -1  0 4.35333e+11 4.09900e+11 176.746000 31.009000 90.400000  1 0.3000 141.990000 14.88859 32.91846 37.69891 -114.480 79.790 129.210 6.232e+10 -1.614e+11 8.671e+10 0.02768 275790 275790 675992 3944 46 275747 275818 31.0088 409920000000 486180000000 381320000000 238320000000 19066000000 9.12862 0 0.02483 0.82927 0.67763 22.6052 -12.6359 2.70758 0.77411 0.6042 20.3145 4.12576 -4.80183 0.2692 410500000000 295500000000
 0.5700   301880 0.5800   311102      1       -1       -1       -1  0 3.97200e+11 4.00400e+11 175.848000 25.060000 91.810000  1 0.3000 147.000000 14.92933 32.87127 37.66816 -111.200 79.740 127.990 1.100e+11 -1.448e+11 7.894e+10 0.03054 275791 275791 675992 3924 45 275747 275818 25.0601 400390000000 400390000000 381320000000 266920000000 57198000000 15.2768 0 0.02665 0.83713 0.51456 -21.4527 13.8157 17.807 0.73045 0.26516 26.8593 -8.11842 -9.76256 0.2681 379900000000 257400000000
 0.5600   292631 0.5700   301880      1       -1       -1       -1  0 3.87667e+11 3.81300e+11 173.480000 24.562000 92.000000  1 0.3000 145.890000 14.95473 32.84012 37.63707 -109.940 76.170 122.770 4.922e+10 -1.939e+11 -1.408e+10 0.03435 275792 275792 675992 3961 44 275747 275818 24.5619 381320000000 390850000000 371790000000 257390000000 57198000000 18.0763 3.48 0.02946 0.77877 0.55447 21.5798 -11.0236 -17.3264 0.38658 0.13887 19.8277 -6.96621 -15.5972 0.2668 363800000000 257400000000
 0.5500   283381 0.5600   292631      1       -1       -1       -1  0 3.65433e+11 3.81300e+11 173.940000 19.441000 90.190000  1 0.3000 154.040000 15.01985 32.81631 37.58030 -108.730 74.880 123.940 5.629e+10 -1.820e+11 7.287e+10 0.03501 275793 275793 675992 3937 43 275747 275818 19.4407 381320000000 381320000000 333650000000 257390000000 104860000000 13.8941 0 0.0302 0.69879 0.65518 31.0383 -8.17077 -15.6152 0.66869 0.59234 -19.4957 15.6936 18.9064 0.2625 366300000000 200200000000
 0.5400   274159 0.5500   283381      1       -1       -1       -1  0 3.40033e+11 3.33700e+11 166.799000 16.047000 90.400000  1 0.3000 153.440000 15.03214 32.78143 37.53694 -103.650 76.960 120.450 4.364e+10 -4.196e+10 -6.033e+10 0.01903 275794 275794 675992 3952 42 275747 275818 16.0474 333650000000 333650000000 305060000000 257390000000 76264000000 19.8088 4.06 0.01593 0.48355 0.37025 27.1573 -11.9786 -7.4853 0.32741 0.11841 22.423 -10.4326 -8.3084 0.267 358800000000 162100000000
 0.5300   264912 0.5400   274159      1       -1       -1       -1  0 3.40033e+11 3.05100e+11 162.302000 18.874000 83.920000  1 0.3000 144.100000 15.06660 32.75137 37.49095 -92.990 76.300 117.850 1.509e+10 -2.753e+10 -3.388e+09 0.00842 275795 275795 675992 3930 41 275747 275818 18.8741 305060000000 305060000000 266920000000 238320000000 76264000000 9.23414 0 0.00689 0.55102 0.36839 17.5488 -2.0897 -2.65072 0.48368 0.14494 13.2308 -0.20688 0.35897 0.2348 354600000000 171600000000
 0.5200   255679 0.5300   264912      1       -1       -1       -1  0 3.40033e+11 3.14600e+11 164.384000 28.752000 79.950000  1 0.3000 136.280000 15.10774 32.71809 37.44780 -89.610 79.770 110.140 -1.450e+10 -5.542e+10 -6.073e+10 0.01942 275796 275796 675992 2798 40 275747 275818 28.752 314590000000 314590000000 285990000000 209730000000 9533000000 12.3588 0 0.01745 0.57475 0.41999 37.4294 1.32843 -11.8076 0.24335 0.01685 36.8363 -13.9667 -16.2907 0.2455 403900000000 247900000000
 0.5100   246426 0.5200   255679      1       -1       -1       -1  0 3.40033e+11 3.14600e+11 164.783000 28.344000 76.050000  1 0.3000 137.810000 15.15191 32.68131 37.37614 -88.540 71.660 116.160 2.414e+10 -3.176e+10 -3.784e+10 0.01236 275797 275797 675992 2747 39 275747 275818 28.3443 314590000000 314590000000 266920000000 190660000000 0 17.7165 12.22 0.01159 0.61423 0.44496 45.6257 9.71964 -11.9185 0.23923 0.14279 47.1931 12.332 -1.16796 0.2489 398200000000 209700000000
 0.5000   237248 0.5100   246426      1       -1       -1       -1  0 3.40033e+11 1.23900e+11 121.084000 13.490000 46.330000  1 0.3000 110.460000 15.05551 32.85559 37.33524 -76.710 85.160 63.980 -1.461e+09 -5.419e+09 -1.154e+08 0.00606 275798 275798 675992 2760 38 275747 275818 13.4896 123930000000 123930000000 123930000000 76264000000 9533000000 13.2777 0 0.00564 0.22423 0.01272 38.9094 2.14123 14.2927 0.40742 0.03372 24.4696 6.32568 4.49549 0.172 302300000000 76260000000
 0.4900   228077 0.5000   237248      1       -1       -1       -1  0 3.40033e+11 1.23900e+11 121.364000 22.622000 48.690000  1 0.3000 101.570000 15.09211 32.81279 37.30901 -76.950 91.980 60.330 -3.129e+10 -3.778e+09 -4.893e+10 0.05954 275799 275799 675992 3849 37 275747 275818 22.622 123930000000 133460000000 123930000000 76264000000 0 21.4369 8.05 0.05898 0.53029 0.03154 24.8818 1.82686 21.5493 0.61516 0.395 41.3134 9.40395 17.0832 0.2086 301400000000 95330000000
 0.4800   218935 0.4900   228077      1       -1       -1       -1  0 3.40033e+11 3.43200e+11 170.813000 61.581000 61.230000  1 0.3000 134.930000 15.20702 32.63501 37.22210 -76.600 69.170 97.540 -2.236e+11 -5.443e+10 -1.700e+11 0.05254 275800 275800 675992 3877 36 275747 275818 61.5807 343190000000 343190000000 142990000000 0 0 25.3945 3.57 0.05359 0.48896 0.00907 55.0777 -39.5379 -21.8106 0 0 0 0 0 0.1799 407600000000 572000000000
 0.4700   209799 0.4800   218935      1       -1       -1       -1  0 3.40033e+11 2.95500e+11 162.864000 53.145000 61.380000  1 0.3000 130.270000 15.24348 32.59927 37.17732 -69.560 64.580 93.140 -1.313e+11 -7.820e+10 -1.099e+11 0.04454 275801 275801 675992 3864 35 275747 275818 53.1446 295520000000 295520000000 190660000000 0 0 38.2032 0 0.04566 0.57369 0.0202 61.5019 -22.2819 0.78518 0 0 0 0 0 0.1932 402100000000 448100000000
 0.4600   200700 0.4700   209799      1       -1       -1       -1  0 3.40033e+11 3.33700e+11 169.950000 58.885000 66.060000  1 0.3000 136.510000 15.27988 32.56865 37.13654 -71.940 70.190 82.320 -2.402e+11 -2.407e+11 -1.353e+11 0.07128 275802 275802 675992 7974 34 275747 275818 58.8847 333650000000 333650000000 190660000000 0 0 23.6607 0 0.07322 0.06643 0.03025 -31.7576 24.1779 50.3911 0 0 0 0 0 0.1956 389100000000 514800000000
 0.4500   191662 0.4600   200700      1       -1       -1       -1  0 3.40033e+11 3.62300e+11 175.035000 67.224000 65.970000  1 0.3000 141.090000 15.32746 32.54290 37.08981 -68.050 72.210 82.350 -2.807e+11 -2.151e+11 -1.339e+11 0.06602 275803 275803 675992 7919 33 275747 275818 67.2236 362250000000 362250000000 285990000000 0 0 15.528 4.24 0.06662 0.20525 0.00469 32.6046 -31.1591 -28.6303 0 0 0 0 0 0.1843 361900000000 572000000000
 0.4400   182626 0.4500   191662      1       -1       -1       -1  0 2.98700e+11 3.24100e+11 169.003000 61.064000 64.780000  1 0.3000 137.680000 15.36358 32.50281 37.02877 -67.930 70.890 79.870 -3.279e+11 -2.158e+11 -1.472e+11 0.08895 275804 275804 675992 3811 32 275747 275818 61.0637 324120000000 324120000000 171590000000 66731000000 0 20.3792 0 0.08983 0.12004 0.01362 -33.9371 8.95127 84.4298 0.6079 0.03114 2.94907 3.27 32.9979 0.1877 352500000000 514800000000
 0.4300   173622 0.4400   182626      1       -1       -1       -1  0 2.92333e+11 2.09700e+11 146.460000 35.231000 59.780000  1 0.3000 124.230000 15.42793 32.47647 36.96733 -50.120 58.860 85.230 -8.438e+10 -1.027e+11 8.611e+09 0.06062 275805 275805 675992 7874 31 275747 275818 35.2311 209730000000 200190000000 200190000000 38132000000 9533000000 6.82263 4.6 0.05957 0.2036 0.00189 60.8308 11.9223 -17.4263 0.58845 0.12097 21.5273 0.42701 11.7275 0.198 326200000000 200200000000
 0.4200   164682 0.4300   173622      1       -1       -1       -1  0 2.47867e+11 3.43200e+11 172.913000 66.512000 61.890000  1 0.3000 143.010000 15.44576 32.42873 36.94245 -39.380 47.810 77.490 -2.456e+11 -1.881e+11 -5.524e+10 0.05987 275806 275806 675992 7823 30 275747 275818 66.5118 343190000000 181130000000 152530000000 38132000000 0 8.57454 34.65 0.06254 0.37126 0.03986 -15.7541 -11.5099 46.7871 0.69793 0.18185 6.78202 -15.638 29.3273 0.2162 302800000000 476600000000
 0.4100   155821 0.4200   164682      1       -1       -1       -1  0 2.32000e+11 1.90700e+11 142.405000 39.770000 54.480000  1 0.3000 121.210000 15.49039 32.38670 36.89362 -54.420 61.240 67.010 3.819e+09 5.089e+10 7.329e+10 0.04620 275807 275807 675992 7734 29 275747 275818 39.7695 190660000000 190660000000 114400000000 0 0 32.2086 0 0.04787 0.31873 0.01465 -37.4245 37.3049 6.7913 0 0 0 0 0 0.1779 300700000000 228800000000
 0.4000   147071 0.4100   155821      1       -1       -1       -1  0 1.62100e+11 1.62100e+11 135.132000 35.140000 52.970000  1 0.3000 116.910000 15.53516 32.33099 36.83854 -55.540 65.780 64.280 -2.358e+10 4.206e+10 1.846e+10 0.03448 275808 275808 675992 3721 28 275747 275818 35.1404 162060000000 162060000000 152530000000 0 0 41.3747 3.24 0.0367 0.39418 0.00116 65.381 -50.3915 0.17473 0 0 0 0 0 0.1963 294900000000 171600000000
 0.3900   138403 0.4000   147071      1       -1       -1       -1  0 1.27133e+11 1.33500e+11 126.877000 13.434000 47.490000  1 0.3000 128.180000 15.58659 32.17543 36.94674 -86.410 105.340 71.120 9.204e+09 -1.613e+10 -1.251e+10 0.02710 275809 275809 675992 3682 27 275747 275818 13.4341 133460000000 133460000000 123930000000 114400000000 19066000000 7.82533 3.58 0.02226 0.33067 0.13964 17.7528 19.0764 3.65225 0.48343 0.22635 18.3509 16.3956 1.13678 0.1132 174700000000 76260000000
 0.3800   129943 0.3900   138403      1       -1       -1       -1  0 1.04877e+11 8.58000e+10 109.679000 22.815000 41.030000  1 0.3000 99.410000 15.62151 32.23535 36.74653 -59.760 69.020 37.420 -2.017e+10 -3.174e+09 -1.287e+10 0.04766 275810 275810 675992 3623 26 275747 275818 22.8149 85797000000 85797000000 85797000000 19066000000 19066000000 29.4409 0 0.05072 0.19567 0.07161 -16.5732 0.68144 27.793 0 0 0 0 0 0.1536 249600000000 76260000000
 0.3700   121457 0.3800   129943      1       -1       -1       -1  0 9.53300e+10 9.53300e+10 113.776000 17.344000 43.450000  1 0.3000 109.360000 15.66742 32.19103 36.69482 -61.330 67.900 39.420 -1.193e+10 6.269e+09 -2.710e+09 0.02381 275811 275811 675992 7327 25 275747 275818 17.3437 95330000000 95330000000 95330000000 38132000000 9533000000 29.5775 0 0.02454 0.76916 0.06352 23.3592 5.58455 14.7322 0.83725 0.06079 11.7944 -1.32389 39.3008 0.1524 223000000000 57200000000
 0.3600   113053 0.3700   121457      1       -1       -1       -1  0 9.53300e+10 8.58000e+10 110.013000 16.690000 44.950000  1 0.3000 107.050000 15.70145 32.11791 36.67023 -57.680 67.510 40.600 -7.642e+09 3.864e+09 1.038e+09 0.01656 275812 275812 675992 3498 24 275747 275818 16.6898 85797000000 85797000000 85797000000 19066000000 0 40.7366 0 0.0186 0.94942 0.49112 17.4559 14.3472 30.1391 0 0 0 0 0 0.2026 196800000000 28600000000
 0.3500   104793 0.3600   113053      1       -1       -1       -1  0 9.53300e+10 9.53300e+10 114.107000 36.617000 34.860000  1 0.3000 102.540000 15.70394 32.16208 36.55293 -44.450 55.680 54.200 2.065e+10 2.373e+10 6.420e+09 0.05030 275813 275813 675992 3575 23 275747 275818 36.6175 95330000000 95330000000 47665000000 0 0 26.583 11.28 0.05885 0.26914 0.09257 48.8597 -45.7798 12.5566 0 0 0 0 0 0.149 168700000000 123900000000
 0.3400    96718 0.3500   104793      1       -1       -1       -1  0 9.53300e+10 9.53300e+10 114.262000 37.035000 36.430000  1 0.3000 103.900000 15.74187 32.11440 36.50708 -52.650 46.680 55.640 2.245e+10 1.491e+10 7.318e+09 0.04509 275814 275814 675992 3493 22 275747 275818 37.0346 95330000000 85797000000 66731000000 0 0 61.9564 5.09 0.0519 0.10899 0.04039 70.1262 -46.6295 -0.79253 0 0 0 0 0 0.1376 148900000000 114400000000
 0.3300    88885 0.3400    96718      1       -1       -1       -1  0 9.21533e+10 9.53300e+10 114.410000 30.023000 36.230000  1 0.3000 107.200000 15.78039 32.06574 36.46131 -57.840 45.980 57.110 4.074e+09 9.668e+09 -4.367e+09 0.01878 275815 275815 675992 3402 21 275747 275818 30.0231 95330000000 95330000000 85797000000 0 0 69.4924 0 0.02142 0.38387 0.1707 -37.0484 67.4673 -0.16862 0 0 0 0 0 0.133 136300000000 95330000000
 0.3200    81186 0.3300    88885      1       -1       -1       -1  0 7.62667e+10 8.58000e+10 110.597000 20.625000 34.400000  1 0.3000 109.540000 15.80932 32.04641 36.43217 -55.880 47.920 53.680 6.268e+09 6.294e+09 -8.523e+09 0.02766 275816 275816 675992 3404 20 275747 275818 20.6249 85797000000 85797000000 85797000000 38132000000 0 27.6686 0 0.02807 0.42467 0.02939 -4.79471 -39.561 46.1508 0.53519 0.08346 40.9442 9.97764 -8.01903 0.104 121500000000 57200000000
 0.3100    73752 0.3200    81186      1       -1       -1       -1  0 5.72000e+10 4.76700e+10 91.024000 9.182000 27.400000  1 0.3000 102.520000 15.85004 31.99778 36.38547 -68.340 46.500 49.640 -3.615e+09 2.096e+09 8.008e+08 0.02511 275817 275817 675992 3290 19 275747 275818 9.18197 47665000000 47665000000 47665000000 47665000000 19066000000 22.0765 0 0.02624 0.56202 0.33823 27.3746 10.2946 -1.90844 0.43477 0 6.29528 22.6496 0.90873 0.0841 115300000000 19070000000
 0.3000    66541 0.3100    73752      0       -1       -1       -1  0 3.81300e+10 3.81300e+10 84.592000 8.637000 25.080000  1 0.3000 96.440000 15.89153 31.94816 36.33853 -57.250 51.010 54.060 -1.073e+08 2.401e+09 -1.470e+08 0.01716 275818 275818 675992 1457 18 275747 275818 8.63728 38132000000 38132000000 38132000000 38132000000 0 22.5197 0 0.02189 0.6101 0.37385 21.3087 -21.6322 7.32913 0.58231 0.06152 29.1687 34.4934 8.12683 0.0962 105800000000 9533000000
