 1.0000   677789 0.0000       -1      1       -1       -1       -1  0 1.61100e+12 1.61100e+12 239.832000 11.062000 229.430000  1 0.1500 244.020000 15.16707 53.74007 46.96486 -366.670 -234.830 -264.030 3.051e+12 -4.968e+11 -6.789e+11 0.03691 177895 177895 677789 3304 88 177894 177980 12.0546 1620600000000 1706400000000 1468100000000 1248800000000 781710000000 13.9576 7.96 0.03407 0.95692 0.79253 14.7375 9.88881 4.67875 0.86988 0.71942 6.87169 14.7237 -2.40041 0.6083 2452000000000 638700000000
 0.9900   669643 1.0000   677789      1       -1       -1       -1  0 1.60467e+12 1.61100e+12 240.842000 12.094000 211.910000  1 0.1500 226.490000 15.20941 53.76293 46.99980 -372.640 -238.080 -269.500 3.213e+12 -5.155e+11 -6.633e+11 0.03791 177896 177896 677789 3271 87 177894 177980 16.0965 1620600000000 1696900000000 1487100000000 1220200000000 705440000000 21.3009 16.33 0.03586 0.87676 0.73222 21.9666 0.40693 10.3015 0.95969 0.75954 15.9891 12.3042 3.34349 0.5812 2166000000000 543400000000
 0.9800   661260 0.9900   669643      1       -1       -1       -1  0 1.59533e+12 1.59200e+12 240.894000 11.314000 200.190000  1 0.1500 214.830000 15.24652 53.79133 47.02771 -373.130 -239.480 -267.720 2.850e+12 -6.723e+11 -3.401e+11 0.03538 177897 177897 677789 3310 86 177894 177980 19.7901 1592000000000 1687300000000 1496700000000 1258400000000 600580000000 20.1459 18.54 0.03256 0.82189 0.75763 24.5008 -1.78689 10.3232 0.94189 0.82047 16.731 13.5904 0.90513 0.5401 2135000000000 448100000000
 0.9700   652922 0.9800   661260      1       -1       -1       -1  0 1.58267e+12 1.58300e+12 241.414000 12.101000 194.950000  1 0.1500 206.430000 15.28232 53.82852 47.04920 -372.020 -243.980 -262.730 2.877e+12 -6.255e+11 -7.367e+10 0.03563 177898 177898 677789 3325 85 177894 177980 23.6354 1582500000000 1687300000000 1477600000000 1239300000000 495720000000 22.4305 21.78 0.03296 0.80339 0.69161 22.1805 -6.12313 7.03291 0.58818 0.52289 17.6838 -9.49359 1.97565 0.5297 2098000000000 429000000000
 0.9600   644598 0.9700   652922      1       -1       -1       -1  0 1.57633e+12 1.57300e+12 241.927000 14.414000 191.920000  1 0.1500 204.200000 15.32055 53.86089 47.08192 -365.980 -239.300 -257.240 2.927e+12 -8.812e+11 1.386e+11 0.03678 177899 177899 677789 3304 84 177894 177980 24.9996 1572900000000 1658700000000 1477600000000 1153500000000 457580000000 29.681 17.32 0.0347 0.81473 0.59512 23.042 -8.07247 9.08681 0.46933 0.36711 19.9524 -12.0823 3.87301 0.5316 2017000000000 467100000000
 0.9500   636290 0.9600   644598      1       -1       -1       -1  0 1.57267e+12 1.57300e+12 242.924000 15.227000 190.260000  1 0.1500 212.970000 15.36263 53.87082 47.11441 -363.640 -244.280 -253.160 3.305e+12 -9.846e+11 -3.378e+11 0.04331 177900 177900 677789 3316 83 177894 177980 21.165 1582500000000 1668300000000 1477600000000 1134400000000 543380000000 22.2106 23.78 0.03942 0.79414 0.63944 25.5311 -5.22335 13.4275 0.65905 0.45259 19.5388 -15.0085 4.39803 0.5083 1946000000000 552900000000
 0.9400   627998 0.9500   636290      1       -1       -1       -1  0 1.57267e+12 1.56300e+12 243.426000 18.892000 191.310000  1 0.1500 219.960000 15.40704 53.90178 47.14342 -360.930 -240.420 -249.810 3.250e+12 -1.202e+12 -6.366e+11 0.04535 177901 177901 677789 3359 82 177894 177980 18.6555 1572900000000 1658700000000 1401400000000 1163000000000 591050000000 27.935 23.15 0.04063 0.79286 0.65548 24.6646 5.39934 13.9646 0.87493 0.58713 22.1199 -3.38915 9.03182 0.5025 1927000000000 676800000000
 0.9300   619691 0.9400   627998      1       -1       -1       -1  0 1.57267e+12 1.56300e+12 244.417000 16.527000 195.960000  1 0.1500 222.430000 15.45305 53.91694 47.17605 -353.470 -232.680 -245.660 3.320e+12 -1.392e+12 -8.957e+11 0.04781 177902 177902 677789 2418 81 177894 177980 18.1523 1572900000000 1668300000000 1372800000000 1134400000000 619640000000 28.718 16.69 0.04292 0.69768 0.58953 23.3734 0.47754 13.0516 0.70746 0.53974 19.6928 -2.46047 10.1948 0.5142 1950000000000 657800000000
 0.9200   611351 0.9300   619691      1       -1       -1       -1  0 1.56633e+12 1.59200e+12 246.894000 12.783000 197.660000  1 0.1500 238.600000 15.48852 53.94833 47.19562 -350.990 -225.920 -243.110 3.339e+12 -1.634e+12 -7.512e+11 0.04922 177903 177903 677789 3366 80 177894 177980 14.5291 1592000000000 1658700000000 1334600000000 1086800000000 724510000000 18.2911 12.8 0.04271 0.7707 0.63291 16.5353 12.7663 10.6136 0.91201 0.75635 15.6981 6.69766 4.22917 0.4971 2091000000000 591000000000
 0.9100   602995 0.9200   611351      1       -1       -1       -1  0 1.55367e+12 1.54400e+12 245.388000 12.448000 197.010000  1 0.1500 241.290000 15.53576 53.97461 47.22844 -348.230 -221.020 -245.270 2.365e+12 -1.155e+12 -9.265e+11 0.03929 177904 177904 677789 3381 79 177894 177980 13.5268 1544300000000 1649200000000 1306000000000 1105800000000 657780000000 15.0512 8.82 0.03318 0.90878 0.71357 -13.9127 14.4877 -2.05762 0.7037 0.63517 -9.88448 14.3247 1.13809 0.4843 2077000000000 581500000000
 0.9000   594633 0.9100   602995      1       -1       -1       -1  0 1.50600e+12 1.52500e+12 245.351000 13.042000 186.930000  1 0.1500 233.550000 15.57201 54.00197 47.25791 -342.700 -216.180 -241.810 2.105e+12 -7.917e+11 -7.776e+11 0.03418 177905 177905 677789 3390 78 177894 177980 15.2178 1525300000000 1630100000000 1287000000000 1105800000000 648240000000 10.1489 4.56 0.02898 0.93799 0.72771 20.4639 -7.68255 11.6543 0.91123 0.65127 -11.9268 15.2443 -8.6727 0.4612 1945000000000 581500000000
 0.8900   586235 0.9000   594633      1       -1       -1       -1  0 1.47433e+12 1.44900e+12 242.149000 14.622000 177.720000  1 0.1500 218.190000 15.62142 54.04007 47.28538 -337.900 -209.210 -236.240 1.649e+12 -2.797e+11 -8.821e+11 0.03005 177906 177906 677789 3419 77 177894 177980 18.5607 1449000000000 1592000000000 1287000000000 1105800000000 591050000000 10.5792 6.12 0.02518 0.92975 0.65603 23.9351 -6.22994 14.1796 0.962 0.63242 -12.0348 18.3079 -10.3054 0.4357 1815000000000 543400000000
 0.8800   577861 0.8900   586235      1       -1       -1       -1  0 1.43933e+12 1.44900e+12 243.103000 18.747000 171.930000  1 0.1500 212.960000 15.66501 54.06557 47.31993 -333.220 -209.030 -226.060 1.681e+12 -1.584e+11 -6.127e+11 0.02871 177907 177907 677789 4415 76 177894 177980 20.9036 1458500000000 1563400000000 1306000000000 1077200000000 581510000000 7.85116 8.9 0.024 0.89542 0.70911 20.2659 6.1793 11.7415 0.91177 0.77706 18.125 7.45344 5.45485 0.417 1726000000000 648200000000
 0.8700   569405 0.8800   577861      1       -1       -1       -1  0 1.43300e+12 1.42000e+12 242.438000 15.333000 172.710000  1 0.1500 214.690000 15.71379 54.09038 47.34254 -338.060 -201.230 -229.600 1.750e+12 -1.467e+11 -4.987e+11 0.03085 177908 177908 677789 7469 75 177894 177980 19.9134 1429900000000 1515700000000 1306000000000 1001000000000 552910000000 10.9629 8.47 0.02531 0.84659 0.7596 18.9801 3.90296 12.3854 0.89566 0.76791 17.5342 5.66264 -1.55381 0.4111 1669000000000 543400000000
 0.8600   560952 0.8700   569405      1       -1       -1       -1  0 1.41400e+12 1.43000e+12 243.924000 15.982000 173.330000  1 0.1500 224.860000 15.75702 54.11973 47.37667 -335.180 -197.780 -228.060 1.736e+12 -2.632e+11 -5.397e+11 0.03086 177909 177909 677789 3457 74 177894 177980 17.0508 1429900000000 1487100000000 1315600000000 1001000000000 591050000000 14.6267 9 0.02529 0.70594 0.65323 20.0055 -0.67316 12.4096 0.67214 0.5425 16.569 -1.76046 9.34051 0.4093 1620000000000 562400000000
 0.8500   552514 0.8600   560952      1       -1       -1       -1  0 1.40133e+12 1.39200e+12 242.668000 15.956000 173.730000  1 0.1500 227.300000 15.80402 54.14237 47.41236 -328.760 -194.810 -221.860 1.583e+12 -2.696e+11 -8.840e+11 0.03276 177910 177910 677789 3425 73 177894 177980 15.9559 1391800000000 1477600000000 1287000000000 991430000000 610110000000 14.6709 6.45 0.02651 0.77495 0.6664 15.9342 6.65726 11.2963 0.75558 0.6416 13.3145 7.09426 7.93259 0.4066 1678000000000 591000000000
 0.8400   544004 0.8500   552514      1       -1       -1       -1  0 1.36967e+12 1.38200e+12 243.039000 18.747000 173.400000  1 0.1500 223.740000 15.85900 54.17055 47.44439 -323.710 -190.440 -217.950 1.639e+12 -3.127e+11 -9.974e+11 0.03567 177911 177911 677789 3493 72 177894 177980 17.0978 1382300000000 1458500000000 1277400000000 1010500000000 619640000000 12.6998 6.64 0.02854 0.9367 0.79438 16.6802 11.1328 8.39594 0.85256 0.78652 12.2078 13.6754 -2.51112 0.4001 1664000000000 667300000000
 0.8300   535494 0.8400   544004      1       -1       -1       -1  0 1.35067e+12 1.33500e+12 241.124000 16.161000 172.050000  1 0.1500 221.750000 15.93097 54.19759 47.47371 -314.790 -182.140 -214.460 1.443e+12 -3.478e+11 -5.923e+11 0.03057 177912 177912 677789 1331 71 177894 177980 17.0515 1334600000000 1468100000000 1220200000000 1001000000000 571980000000 22.8888 11.82 0.02498 0.89114 0.85115 23.3692 2.17104 -9.69795 0.69941 0.5935 21.7837 2.82507 -12.1341 0.4096 1625000000000 562400000000
 0.8200   526911 0.8300   535494      1       -1       -1       -1  0 1.33167e+12 1.33500e+12 242.032000 15.378000 168.730000  1 0.1500 220.360000 15.96821 54.23322 47.51815 -312.890 -179.910 -212.500 1.402e+12 -2.150e+11 -8.836e+11 0.03375 177913 177913 677789 7609 70 177894 177980 17.8383 1334600000000 1410900000000 1191600000000 1058200000000 524310000000 7.05689 9.25 0.02623 0.88058 0.72234 18.8262 6.19052 1.94458 0.74901 0.62111 15.8472 7.65904 -4.05149 0.3752 1670000000000 505200000000
 0.8100   518270 0.8200   526911      1       -1       -1       -1  0 1.33167e+12 1.32500e+12 242.355000 15.328000 160.830000  1 0.1500 217.200000 16.02707 54.26390 47.56733 -308.740 -182.260 -214.560 1.213e+12 -1.913e+11 -6.945e+11 0.02834 177914 177914 677789 3488 69 177894 177980 19.0727 1325100000000 1410900000000 1172600000000 1058200000000 562450000000 8.26258 2.89 0.02251 0.86108 0.75358 21.5061 8.64248 10.6891 0.84913 0.65191 18.6947 12.4435 -0.26223 0.3631 1592000000000 524300000000
 0.8000   509598 0.8100   518270      1       -1       -1       -1  0 1.32200e+12 1.33500e+12 243.834000 15.475000 156.990000  1 0.1500 213.500000 16.07814 54.29736 47.59745 -308.670 -180.380 -212.020 1.304e+12 -1.591e+11 -5.686e+11 0.02848 177915 177915 677789 7694 68 177894 177980 21.1901 1334600000000 1391800000000 1172600000000 1020000000000 505250000000 6.57658 4.05 0.02267 0.69612 0.62026 19.312 5.84134 13.7785 0.74172 0.53548 17.6473 3.33775 9.94083 0.3504 1547000000000 505200000000
 0.7900   500960 0.8000   509598      1       -1       -1       -1  0 1.31233e+12 1.30600e+12 242.968000 17.954000 156.260000  1 0.1500 215.940000 16.13741 54.33142 47.64083 -307.350 -179.660 -209.200 1.637e+12 -3.703e+11 -7.645e+11 0.03814 177916 177916 677789 3497 67 177894 177980 19.9035 1306000000000 1401400000000 1163000000000 953300000000 524310000000 12.5946 5.67 0.0304 0.65256 0.49216 18.574 9.31136 11.529 0.73358 0.44822 16.3996 6.94657 8.93752 0.35 1490000000000 562400000000
 0.7800   492319 0.7900   500960      1       -1       -1       -1  0 1.29300e+12 1.29600e+12 243.256000 17.536000 157.130000  1 0.1500 219.670000 16.19780 54.36765 47.67999 -305.020 -180.060 -207.360 1.428e+12 1.133e+10 -4.541e+11 0.03181 177917 177917 677789 7666 66 177894 177980 18.7435 1296500000000 1401400000000 1105800000000 877040000000 543380000000 16.1054 10 0.02513 0.69923 0.60293 17.6359 14.242 7.39452 0.77231 0.65856 14.421 11.9749 -0.49968 0.3471 1473000000000 562400000000
 0.7700   483643 0.7800   492319      1       -1       -1       -1  0 1.26767e+12 1.27700e+12 242.929000 13.550000 157.220000  1 0.1500 229.440000 16.25584 54.39698 47.71648 -299.340 -171.460 -205.110 1.381e+12 -2.840e+11 -4.358e+11 0.03272 177918 177918 677789 3547 65 177894 177980 15.769 1277400000000 1420400000000 1115400000000 838900000000 600580000000 15.8164 7.23 0.02548 0.76163 0.63368 12.8399 19.7529 9.31647 0.79128 0.69134 6.33056 19.1636 0.50118 0.3415 1560000000000 505200000000
 0.7600   474947 0.7700   483643      1       -1       -1       -1  0 1.26767e+12 1.20100e+12 238.843000 13.272000 154.650000  1 0.1500 224.690000 16.31269 54.43628 47.76763 -297.550 -174.080 -205.180 9.972e+11 1.475e+11 -2.986e+11 0.02637 177919 177919 677789 3583 64 177894 177980 15.8112 1201200000000 1363200000000 1067700000000 819840000000 552910000000 8.92294 5.12 0.02021 0.7534 0.57737 11.0522 16.1342 7.34214 0.82176 0.63182 7.8015 15.1668 3.72209 0.3325 1418000000000 438500000000
 0.7500   466217 0.7600   474947      1       -1       -1       -1  0 1.26767e+12 1.25800e+12 243.432000 13.956000 145.160000  1 0.1500 221.750000 16.36600 54.45416 47.80092 -293.770 -172.990 -203.250 1.163e+12 -1.860e+10 -2.790e+11 0.02722 177920 177920 677789 3559 63 177894 177980 18.3784 1258400000000 1401400000000 1029600000000 857970000000 514780000000 4.31146 10.85 0.02138 0.71498 0.53937 13.0713 19.3533 -2.36991 0.63181 0.52867 11.8427 15.6889 -5.78453 0.3081 1400000000000 448100000000
 0.7400   457427 0.7500   466217      1       -1       -1       -1  0 1.26767e+12 1.17300e+12 238.599000 19.440000 138.220000  1 0.1500 207.740000 16.43664 54.49220 47.82566 -289.200 -168.980 -198.260 1.189e+12 -1.009e+10 -6.754e+11 0.03528 177921 177921 677789 3560 62 177894 177980 21.8678 1172600000000 1363200000000 991430000000 877040000000 448050000000 20.5789 9.37 0.02763 0.72862 0.71565 8.99045 22.9126 -9.8158 0.72376 0.66725 6.50315 18.6774 -12.4453 0.293 1291000000000 552900000000
 0.7300   448601 0.7400   457427      1       -1       -1       -1  0 1.26767e+12 1.14400e+12 237.461000 14.472000 136.830000  1 0.1500 209.460000 16.49764 54.53263 47.87136 -283.840 -164.390 -196.110 1.017e+12 6.948e+10 -4.089e+11 0.03016 177922 177922 677789 7826 61 177894 177980 20.7278 1144000000000 1287000000000 991430000000 857970000000 476650000000 14.4649 5.2 0.02324 0.72915 0.65004 12.7018 30.1828 -6.55702 0.69548 0.66191 10.728 27.3229 -5.79797 0.2818 1311000000000 390900000000
 0.7200   439756 0.7300   448601      1       -1       -1       -1  0 1.26767e+12 1.17300e+12 240.242000 18.040000 139.030000  1 0.1500 212.350000 16.55088 54.56868 47.91417 -278.570 -159.170 -194.750 5.641e+11 2.724e+11 -2.935e+11 0.01866 177923 177923 677789 3644 60 177894 177980 20.9473 1172600000000 1287000000000 1020000000000 877040000000 476650000000 13.0168 1.36 0.01412 0.77058 0.55116 6.37091 22.1593 -2.70693 0.76148 0.5274 6.21533 19.4963 -0.33216 0.2745 1362000000000 524300000000
 0.7100   430843 0.7200   439756      1       -1       -1       -1  0 1.26767e+12 1.19200e+12 242.353000 17.807000 140.120000  1 0.1500 222.400000 16.60783 54.60874 47.96294 -273.900 -155.220 -192.230 5.983e+11 4.812e+11 -4.394e+11 0.02339 177924 177924 677789 7898 59 177894 177980 18.2543 1191600000000 1258400000000 1029600000000 857970000000 495720000000 15.863 2.29 0.01768 0.76902 0.5515 13.2652 21.6904 2.69539 0.68856 0.58423 13.4375 17.1612 2.7603 0.2725 1310000000000 505200000000
 0.7000   421873 0.7100   430843      1       -1       -1       -1  0 1.26767e+12 1.21100e+12 244.453000 19.045000 139.600000  1 0.1500 211.960000 16.66382 54.63310 48.02459 -269.110 -152.310 -191.270 4.205e+11 5.951e+11 -2.020e+11 0.01916 177925 177925 677789 3705 58 177894 177980 23.5655 1210700000000 1287000000000 1067700000000 848440000000 486180000000 13.0154 4.02 0.01479 0.8986 0.585 9.60742 22.8607 -8.67393 0.89722 0.49975 -5.68398 -15.3696 14.8046 0.2754 1216000000000 533800000000
 0.6900   412877 0.7000   421873      1       -1       -1       -1  0 1.26767e+12 1.21100e+12 245.260000 22.620000 138.800000  1 0.1500 222.070000 16.73551 54.68453 48.07047 -266.330 -147.910 -188.180 1.404e+11 8.869e+11 1.073e+11 0.02314 177926 177926 677789 3658 57 177894 177980 19.8544 1210700000000 1296500000000 1077200000000 810300000000 505250000000 19.7286 5.96 0.01779 0.72657 0.4413 9.60715 20.6309 5.91584 0.8687 0.47882 7.2069 15.015 5.62561 0.2695 1268000000000 581500000000
 0.6800   403873 0.6900   412877      1       -1       -1       -1  0 1.26767e+12 1.29600e+12 251.740000 23.354000 136.900000  1 0.1500 221.010000 16.79122 54.71773 48.11112 -260.720 -141.210 -186.800 4.137e+11 9.431e+11 2.271e+11 0.02383 177927 177927 677789 3677 56 177894 177980 23.4571 1296500000000 1306000000000 1105800000000 838900000000 514780000000 23.8683 9.59 0.01862 0.6376 0.49445 16.0305 25.4221 3.00322 0.71 0.58912 11.1006 19.912 -1.29502 0.2591 1241000000000 619600000000
 0.6700   394902 0.6800   403873      1       -1       -1       -1  0 1.26767e+12 1.24900e+12 249.417000 22.274000 137.310000  1 0.1500 219.830000 16.84450 54.75658 48.15857 -255.150 -134.830 -184.710 3.515e+11 4.437e+11 -6.698e+10 0.01382 177928 177928 677789 1497 55 177894 177980 23.1035 1248800000000 1287000000000 1115400000000 848440000000 486180000000 32.7901 10 0.01077 0.62017 0.52757 15.7536 28.5967 2.10478 0.76115 0.55987 14.7001 19.2993 0.70083 0.2611 1286000000000 610100000000
 0.6600   385961 0.6700   394902      1       -1       -1       -1  0 1.25500e+12 1.25800e+12 250.844000 22.437000 140.190000  1 0.1500 225.520000 16.91442 54.78672 48.20498 -245.420 -132.820 -179.020 5.716e+11 4.912e+11 -3.680e+10 0.01857 177929 177929 677789 3675 54 177894 177980 21.6012 1258400000000 1296500000000 1115400000000 924700000000 524310000000 29.4755 5.93 0.01416 0.6858 0.50242 16.3605 25.0259 -1.51511 0.69513 0.48783 13.7013 19.3927 -4.98472 0.2584 1274000000000 619600000000
 0.6500   376925 0.6600   385961      1       -1       -1       -1  0 1.25500e+12 1.24900e+12 250.993000 25.368000 139.690000  1 0.1500 219.130000 16.98312 54.81011 48.24795 -240.240 -128.250 -176.650 3.944e+11 1.590e+11 -1.520e+11 0.01151 177930 177930 677789 7956 53 177894 177980 24.8596 1248800000000 1325100000000 1182100000000 924700000000 467120000000 20.4141 7.32 0.00864 0.73761 0.55327 13.0796 25.3467 -4.00967 0.77217 0.5612 5.90978 19.0492 -13.5475 0.2493 1322000000000 686400000000
 0.6400   367848 0.6500   376925      1       -1       -1       -1  0 1.25200e+12 1.25800e+12 252.407000 24.502000 137.520000  1 0.1500 219.890000 17.06108 54.83805 48.30857 -233.330 -125.460 -172.320 2.357e+11 2.187e+11 -2.146e+11 0.00967 177931 177931 677789 7938 52 177894 177980 25.605 1258400000000 1258400000000 1191600000000 943770000000 467120000000 19.1781 8.08 0.00735 0.80303 0.65876 12.4664 30.5542 4.47442 0.82769 0.66959 0.83291 27.6534 -2.89899 0.246 1290000000000 667300000000
 0.6300   358735 0.6400   367848      1       -1       -1       -1  0 1.24867e+12 1.24900e+12 252.535000 22.471000 137.560000  1 0.1500 229.310000 17.12612 54.87508 48.34488 -227.880 -124.100 -168.560 3.168e+11 2.028e+11 -2.308e+11 0.01124 177932 177932 677789 3686 51 177894 177980 21.6958 1248800000000 1277400000000 1201200000000 867500000000 467120000000 15.3848 5.78 0.00855 0.79568 0.56105 11.2381 29.7052 1.41557 0.75971 0.55329 4.81796 26.0283 -0.92621 0.2465 1269000000000 610100000000
 0.6200   349645 0.6300   358735      1       -1       -1       -1  0 1.24867e+12 1.23900e+12 252.646000 26.422000 138.540000  1 0.1500 228.830000 17.18865 54.88890 48.40230 -222.690 -121.520 -164.030 1.230e+11 2.030e+11 4.070e+10 0.00641 177933 177933 677789 3676 50 177894 177980 22.2653 1239300000000 1277400000000 1191600000000 838900000000 467120000000 13.2107 6.77 0.00476 0.90348 0.85705 14.6288 13.4378 2.51409 0.92626 0.83736 7.59872 13.5542 -4.09524 0.2394 1223000000000 667300000000
 0.6100   340526 0.6200   349645      1       -1       -1       -1  0 1.23267e+12 1.25800e+12 254.685000 22.130000 129.350000  1 0.1500 224.160000 17.25889 54.92135 48.45649 -218.670 -116.590 -161.440 2.091e+11 2.555e+11 -1.887e+11 0.00960 177934 177934 677789 3693 49 177894 177980 25.8681 1258400000000 1267900000000 1144000000000 810300000000 457580000000 17.8772 7.42 0.00737 0.86947 0.80763 4.1122 19.5492 -14.1462 0.82283 0.68186 0.22526 17.2173 -10.7576 0.2247 1216000000000 552900000000
 0.6000   331383 0.6100   340526      1       -1       -1       -1  0 1.21367e+12 1.20100e+12 251.494000 32.365000 121.380000  1 0.1500 221.320000 17.32839 54.96023 48.51068 -215.040 -113.100 -156.720 2.150e+11 -4.488e+10 -3.591e+11 0.01149 177935 177935 677789 4770 48 177894 177980 26.0212 1210700000000 1239300000000 1105800000000 819840000000 428980000000 16.1274 8.24 0.00887 0.86045 0.7425 12.5519 27.1796 -8.93806 0.73694 0.69979 7.43878 25.1053 -6.29534 0.2079 1119000000000 734000000000
 0.5900   322214 0.6000   331383      1       -1       -1       -1  0 1.17900e+12 1.18200e+12 250.871000 29.923000 117.660000  1 0.1500 216.280000 17.39289 54.97571 48.56268 -209.810 -112.660 -157.050 8.625e+10 -1.858e+10 -4.598e+11 0.01308 177936 177936 677789 3808 47 177894 177980 29.147 1210700000000 1220200000000 1058200000000 772170000000 428980000000 26.7761 3.45 0.01021 0.81543 0.74156 9.08131 26.9464 2.07404 0.73656 0.68247 5.91366 20.5072 10.3755 0.1997 1113000000000 638700000000
 0.5800   312974 0.5900   322214      1       -1       -1       -1  0 1.16000e+12 1.15400e+12 249.530000 50.321000 117.520000  1 0.1500 224.140000 17.46132 55.02299 48.61950 -207.290 -108.380 -153.480 4.926e+11 9.851e+10 -2.126e+11 0.01633 177937 177937 677789 3788 46 177894 177980 24.4516 1153500000000 1201200000000 1105800000000 734040000000 343190000000 12.3982 3.15 0.01248 0.94242 0.72717 -7.34856 24.3947 4.10886 0.74605 0.51753 -5.31576 17.9955 10.1443 0.1913 1086000000000 1001000000000
 0.5700   303748 0.5800   312974      1       -1       -1       -1  0 1.14400e+12 1.14400e+12 249.526000 45.185000 113.890000  1 0.1500 216.480000 17.53944 55.06172 48.66800 -200.480 -103.370 -150.350 3.324e+11 1.129e+11 -2.725e+11 0.01358 177938 177938 677789 3804 45 177894 177980 29.3641 1144000000000 1172600000000 1115400000000 791240000000 352720000000 14.7013 2.12 0.01038 0.8638 0.80594 -4.71468 26.2448 -10.2154 0.78599 0.64532 -2.69865 23.2412 -7.84373 0.1811 1070000000000 886600000000
 0.5600   294495 0.5700   303748      1       -1       -1       -1  0 1.13733e+12 1.13400e+12 249.504000 43.796000 110.790000  1 0.1500 211.610000 17.60067 55.10446 48.71228 -197.610 -102.410 -148.440 4.616e+11 1.893e+11 -1.805e+11 0.01649 177939 177939 677789 3796 44 177894 177980 33.7582 1134400000000 1153500000000 1086800000000 819840000000 381320000000 5.5652 3.38 0.01267 0.6891 0.57323 -6.37537 27.1244 -4.10973 0.5031 0.3707 -6.45011 22.4216 0.23909 0.1729 1066000000000 896100000000
 0.5500   285243 0.5600   294495      1       -1       -1       -1  0 1.12767e+12 1.13400e+12 250.165000 41.163000 107.730000  1 0.1500 208.880000 17.66802 55.13129 48.75737 -189.780 -98.790 -145.570 3.597e+11 2.638e+11 -1.963e+11 0.01512 177940 177940 677789 3762 43 177894 177980 37.9143 1134400000000 1134400000000 1039100000000 781710000000 305060000000 10.3073 0.95 0.01172 0.86611 0.59587 -1.902 28.1387 6.3311 0.89837 0.60256 -3.26872 23.4711 4.72805 0.1657 1049000000000 877000000000
 0.5400   276027 0.5500   285243      1       -1       -1       -1  0 1.12467e+12 1.11500e+12 249.402000 39.376000 107.560000  1 0.1500 210.200000 17.74071 55.17465 48.81783 -184.970 -96.060 -141.640 4.198e+11 1.973e+11 -3.418e+11 0.01876 177941 177941 677789 3788 42 177894 177980 36.9425 1115400000000 1115400000000 1029600000000 810300000000 285990000000 9.54695 2.42 0.01437 0.82972 0.67448 21.0218 20.8184 16.6528 0.92715 0.7953 22.7418 1.77485 14.9045 0.1613 1036000000000 819800000000
 0.5300   266788 0.5400   276027      1       -1       -1       -1  0 1.10900e+12 1.12500e+12 250.747000 33.304000 108.310000  1 0.1500 215.840000 17.81401 55.20591 48.87412 -177.660 -93.100 -138.800 4.340e+11 1.227e+11 -3.956e+11 0.01949 177942 177942 677789 3796 41 177894 177980 34.1054 1124900000000 1124900000000 1029600000000 819840000000 400390000000 11.4826 3.18 0.01487 0.67426 0.57804 21.57 23.7196 12.258 0.80157 0.53577 15.8994 18.8224 8.24736 0.1597 1037000000000 724500000000
 0.5200   257559 0.5300   266788      1       -1       -1       -1  0 1.09000e+12 1.08700e+12 248.497000 28.130000 111.560000  1 0.1500 227.920000 17.88249 55.24924 48.94122 -171.200 -89.640 -136.580 4.262e+11 -5.777e+10 -6.187e+11 0.02686 177943 177943 677789 2653 40 177894 177980 25.4894 1086800000000 1086800000000 1010500000000 762640000000 371790000000 4.84701 2.98 0.01995 0.68162 0.53498 21.52 25.2822 9.94812 0.67655 0.47965 14.5513 24.0249 8.21204 0.1608 1022000000000 610100000000
 0.5100   248290 0.5200   257559      1       -1       -1       -1  0 1.05167e+12 1.05800e+12 246.897000 32.852000 112.950000  1 0.1500 223.720000 17.97244 55.27370 49.00967 -164.840 -87.140 -133.260 3.864e+11 -3.272e+10 -7.403e+11 0.03129 177944 177944 677789 2603 39 177894 177980 27.5612 1058200000000 1058200000000 972370000000 743570000000 419450000000 19.4245 1.95 0.02333 0.92454 0.66312 23.9204 -10.2523 10.7476 0.63506 0.60024 -14.7741 19.1431 -8.10106 0.1647 971400000000 676800000000
 0.5000   239123 0.5100   248290      1       -1       -1       -1  0 1.01663e+12 1.01000e+12 243.710000 26.642000 110.490000  1 0.1500 232.410000 18.02459 55.32966 49.06769 -159.390 -83.880 -130.460 4.054e+11 9.910e+10 -7.365e+11 0.03598 177945 177945 677789 2635 38 177894 177980 22.2262 1010500000000 1020000000000 981900000000 724510000000 457580000000 12.309 2.12 0.02574 0.8668 0.77763 19.6492 -1.10197 11.9967 0.72942 0.6062 14.1739 -9.45581 10.2974 0.1499 1010000000000 572000000000
 0.4900   229941 0.5000   239123      1       -1       -1       -1  0 9.84900e+11 9.81900e+11 241.947000 31.224000 102.700000  1 0.1500 220.370000 18.09369 55.37593 49.13033 -156.160 -80.330 -126.400 3.137e+11 -3.318e+10 -6.908e+11 0.03286 177946 177946 677789 3743 37 177894 177980 28.0397 991430000000 991430000000 934230000000 734040000000 390850000000 22.9714 1.37 0.02444 0.7803 0.58666 2.20722 32.6155 16.6829 0.65586 0.57784 -7.90526 29.7581 7.62064 0.1428 982000000000 629200000000
 0.4800   220789 0.4900   229941      1       -1       -1       -1  0 9.56467e+11 9.62800e+11 240.913000 26.482000 100.510000  1 0.1500 223.410000 18.16253 55.39042 49.17473 -152.780 -75.510 -124.100 1.808e+11 -1.273e+11 -4.604e+11 0.02331 177947 177947 677789 3739 36 177894 177980 26.4822 962830000000 962830000000 915170000000 772170000000 247860000000 7.72452 0 0.01714 0.78856 0.54604 10.8315 29.0597 17.5826 0.61542 0.32994 5.75041 32.2813 15.2812 0.1337 994800000000 562400000000
 0.4700   211658 0.4800   220789      1       -1       -1       -1  0 9.37400e+11 9.24700e+11 238.211000 26.668000 105.150000  1 0.1500 221.650000 18.25735 55.44453 49.23373 -147.380 -73.150 -120.000 1.641e+11 -7.232e+10 -3.603e+11 0.02011 177948 177948 677789 3738 35 177894 177980 26.6677 924700000000 924700000000 924700000000 714970000000 352720000000 18.0427 0 0.01459 0.71272 0.52883 29.7542 22.312 2.78392 0.65939 0.4729 30.445 10.1933 -2.9813 0.1428 910000000000 543400000000
 0.4600   202550 0.4700   211658      1       -1       -1       -1  0 9.12000e+11 9.24700e+11 238.720000 23.216000 104.900000  1 0.1500 230.790000 18.32277 55.47748 49.28287 -143.610 -69.580 -116.470 1.816e+11 -1.578e+11 -5.186e+11 0.02931 177949 177949 677789 7827 34 177894 177980 23.2156 924700000000 924700000000 896100000000 629180000000 333650000000 20.087 0 0.02092 0.7314 0.61272 14.2683 16.71 1.42909 0.89655 0.63667 4.76545 14.5398 -8.26386 0.1377 916300000000 514800000000
 0.4500   193516 0.4600   202550      1       -1       -1       -1  0 8.70700e+11 8.86600e+11 235.880000 26.239000 97.150000  1 0.1500 223.200000 18.39465 55.49704 49.35487 -140.610 -64.350 -112.890 1.621e+11 -8.557e+10 -4.177e+11 0.02484 177950 177950 677789 7786 33 177894 177980 26.2392 886570000000 819840000000 800770000000 657780000000 352720000000 4.14988 1.06 0.01808 0.61903 0.53277 18.5254 24.9825 11.8933 0.71254 0.55161 15.7082 19.8439 11.9816 0.1275 851800000000 505200000000
 0.4400   184469 0.4500   193516      1       -1       -1       -1  0 8.19867e+11 8.00800e+11 228.469000 24.726000 87.640000  1 0.1500 219.250000 18.47114 55.50886 49.41104 -137.170 -59.900 -112.160 6.564e+10 -1.043e+11 -2.761e+11 0.01917 177951 177951 677789 3679 32 177894 177980 24.7257 800770000000 791240000000 781710000000 610110000000 171590000000 9.51249 0 0.01435 0.53933 0.39948 25.3359 36.6851 13.4631 0.36693 0.19641 24.6711 31.0969 9.43 0.1155 785900000000 476600000000
 0.4300   175462 0.4400   184469      1       -1       -1       -1  0 7.65833e+11 7.72200e+11 226.155000 34.396000 81.290000  1 0.1500 204.860000 18.52640 55.52921 49.48210 -132.360 -57.210 -108.960 6.934e+10 -1.272e+11 -2.577e+11 0.01945 177952 177952 677789 7742 31 177894 177980 34.3962 772170000000 753110000000 724510000000 581510000000 142990000000 26.0276 1.48 0.01506 0.53773 0.45628 23.8487 41.3907 6.90693 0.37523 0.19329 19.5484 41.2171 7.52772 0.1077 710900000000 562400000000
 0.4200   166506 0.4300   175462      1       -1       -1       -1  0 7.56267e+11 7.24500e+11 221.819000 38.628000 81.380000  1 0.1500 198.240000 18.61891 55.54686 49.54879 -129.490 -55.820 -106.660 1.981e+10 -1.368e+11 -2.275e+11 0.01978 177953 177953 677789 7663 30 177894 177980 38.6282 724510000000 724510000000 714970000000 486180000000 142990000000 29.1514 0 0.01525 0.62585 0.3587 25.3415 31.2049 -7.48932 0.6742 0.34856 11.3045 29.3592 3.29841 0.1075 687200000000 581500000000
 0.4100   157644 0.4200   166506      1       -1       -1       -1  0 7.56267e+11 7.53100e+11 225.108000 36.167000 79.800000  1 0.1500 205.740000 18.68161 55.60514 49.61880 -124.050 -52.420 -105.370 9.687e+10 -2.114e+11 -2.417e+11 0.02369 177954 177954 677789 7561 29 177894 177980 36.1669 753110000000 753110000000 686380000000 514780000000 190660000000 27.5123 0 0.01822 0.6962 0.50084 20.8305 33.569 -7.40499 0.64214 0.29501 -1.84851 30.6663 -0.69271 0.0985 633300000000 533800000000
 0.4000   148879 0.4100   157644      1       -1       -1       -1  0 7.56267e+11 7.34000e+11 223.583000 33.711000 80.370000  1 0.1500 208.600000 18.76336 55.62490 49.68467 -120.540 -49.700 -101.440 1.829e+10 -2.028e+11 -2.458e+11 0.02373 177955 177955 677789 3554 28 177894 177980 33.7106 734040000000 734040000000 695910000000 486180000000 142990000000 31.0008 0 0.0183 0.56409 0.44294 19.4641 29.1555 -1.44175 0.53036 0.32409 8.09591 29.5186 -1.73395 0.0991 639600000000 486200000000
 0.3900   140213 0.4000   148879      1       -1       -1       -1  0 7.56267e+11 7.15000e+11 222.004000 31.321000 82.570000  1 0.1500 211.750000 18.87044 55.65685 49.75133 -116.160 -46.620 -97.950 1.098e+11 -2.169e+11 -1.813e+11 0.02411 177956 177956 677789 3516 27 177894 177980 31.3211 714970000000 714970000000 676840000000 524310000000 190660000000 20.1494 0 0.01838 0.63798 0.35383 -4.79523 39.0013 4.14488 0.50684 0.29431 -14.5085 31.7553 5.33323 0.102 666600000000 476600000000
 0.3800   131744 0.3900   140213      1       -1       -1       -1  0 7.56267e+11 6.76800e+11 218.338000 26.122000 79.030000  1 0.1500 217.280000 18.97727 55.74203 49.81700 -112.830 -44.760 -94.300 9.061e+10 -2.029e+11 -8.820e+10 0.02105 177957 177957 677789 3434 26 177894 177980 26.1223 676840000000 657780000000 638710000000 457580000000 133460000000 20.457 0.74 0.01607 0.83357 0.52703 30.3546 30.1159 -9.31722 0.88822 0.57929 30.375 -14.8385 -13.9128 0.0978 608300000000 400400000000
 0.3700   123262 0.3800   131744      1       -1       -1       -1  0 7.56267e+11 6.38700e+11 214.491000 39.286000 73.900000  1 0.1500 200.120000 19.04762 55.79842 49.88470 -109.700 -43.040 -91.750 9.138e+10 -1.499e+11 -3.793e+10 0.01717 177958 177958 677789 7204 25 177894 177980 39.2863 638710000000 629180000000 581510000000 428980000000 76264000000 28.5325 0 0.01347 0.766 0.53846 15.1621 34.8614 -8.36725 0.70533 0.58446 6.39398 29.5388 1.81463 0.0922 552400000000 505200000000
 0.3600   114815 0.3700   123262      1       -1       -1       -1  0 7.56267e+11 6.00600e+11 210.447000 75.914000 66.440000  1 0.1500 185.680000 19.12181 55.86952 49.95573 -104.610 -41.020 -86.580 5.208e+10 -7.374e+10 -1.690e+10 0.00928 177959 177959 677789 3327 24 177894 177980 75.9137 600580000000 591050000000 543380000000 266920000000 104860000000 54.3783 0 0.00773 0.70921 0.34255 18.3493 31.4324 -7.03343 0.36459 0.10092 19.1065 0.07932 -16.2361 0.0858 512600000000 791200000000
 0.3500   106521 0.3600   114815      1       -1       -1       -1  0 7.56267e+11 7.05400e+11 222.360000 57.253000 64.580000  1 0.1500 203.490000 19.20940 55.82486 50.02736 -99.030 -40.050 -83.500 2.965e+10 -1.360e+11 -9.227e+10 0.01309 177960 177960 677789 3212 23 177894 177980 57.2531 743570000000 676840000000 629180000000 409920000000 9533000000 12.6024 0 0.01089 0.18986 0.0553 22.3777 83.9756 -8.9655 0.23643 0.01738 8.27857 56.5193 -25.759 0.0687 599200000000 734000000000
 0.3400    98410 0.3500   106521      1       -1       -1       -1  0 7.56267e+11 7.62600e+11 228.524000 47.534000 64.960000  1 0.1500 217.070000 19.29884 55.85329 50.08825 -96.980 -38.830 -79.290 6.347e+10 -8.629e+10 -9.308e+10 0.00991 177961 177961 677789 3149 22 177894 177980 47.5342 762640000000 753110000000 734040000000 390850000000 0 12.2972 0 0.00824 0.19976 0.0587 3.00546 91.9062 -6.6193 0.5428 0.34053 -4.1007 54.4119 -8.42142 0.0627 665900000000 676800000000
 0.3300    90538 0.3400    98410      1       -1       -1       -1  0 7.56267e+11 7.53100e+11 227.862000 36.088000 69.070000  1 0.1500 228.480000 19.38290 55.88630 50.15938 -91.340 -37.440 -77.160 4.524e+10 -4.009e+10 -7.981e+10 0.00760 177962 177962 677789 3070 21 177894 177980 36.0884 753110000000 743570000000 743570000000 552910000000 9533000000 15.6923 0 0.00602 0.23872 0.10384 3.38584 82.3823 -6.87102 0.13651 0.0047 -11.4852 81.3676 -1.61638 0.0621 732900000000 552900000000
 0.3200    82805 0.3300    90538      1       -1       -1       -1  0 7.46733e+11 7.53100e+11 228.141000 28.817000 78.110000  1 0.1500 241.700000 19.46453 55.92488 50.24739 -88.970 -35.470 -73.840 7.306e+10 -3.813e+10 -3.881e+10 0.00760 177963 177963 677789 2962 20 177894 177980 28.8172 753110000000 753110000000 753110000000 657780000000 114400000000 5.73316 0 0.00556 0.78009 0.60694 -17.6721 35.8879 -8.0559 0.61836 0.47098 -7.93746 36.7593 -11.4139 0.0663 775200000000 476600000000
 0.3100    75329 0.3200    82805      1       -1       -1       -1  0 7.40367e+11 7.34000e+11 226.462000 22.580000 82.880000  1 0.1500 255.730000 19.55186 55.96027 50.32026 -85.000 -33.520 -70.860 6.309e+10 -4.700e+10 -5.173e+10 0.00876 177964 177964 677789 2846 19 177894 177980 22.5795 734040000000 734040000000 734040000000 667310000000 238320000000 10.4276 0 0.00609 0.94424 0.75212 23.432 13.1387 -13.5494 0.95899 0.70851 20.9802 14.1386 -13.11 0.0694 828000000000 381300000000
 0.3000    68082 0.3100    75329      1       -1       -1       -1  0 7.21300e+11 7.34000e+11 226.711000 28.964000 76.490000  1 0.1500 246.670000 19.63981 55.99260 50.39507 -80.210 -32.210 -67.770 5.500e+10 -1.866e+10 -6.957e+10 0.00795 177965 177965 677789 5744 18 177894 177980 28.9645 734040000000 724510000000 724510000000 571980000000 38132000000 9.77847 0 0.00596 0.52651 0.33081 11.542 56.4864 -9.65077 0.32969 0.16467 14.0581 56.456 -2.91635 0.0711 744000000000 467100000000
 0.2900    61084 0.3000    68082      1       -1       -1       -1  0 6.70467e+11 6.95900e+11 222.946000 41.009000 65.330000  1 0.1500 231.280000 19.73086 56.02686 50.47093 -76.260 -32.370 -66.580 2.992e+10 -3.044e+10 -6.317e+10 0.00668 177966 177966 677789 5438 17 177894 177980 41.0092 695910000000 695910000000 695910000000 343190000000 0 5.07562 0 0.00557 0.12616 0.0517 -17.2776 99.4078 -21.7716 0.02225 0.00416 -21.0281 85.1133 -21.6958 0.07 635400000000 572000000000
 0.2800    54371 0.2900    61084      1       -1       -1       -1  0 5.33833e+11 5.81500e+11 210.196000 64.257000 54.920000  1 0.1500 209.320000 19.81379 56.06796 50.54768 -75.980 -30.900 -63.300 -3.563e+10 -2.061e+10 -8.918e+10 0.01105 177967 177967 677789 2417 16 177894 177980 64.2572 581510000000 571980000000 562450000000 162060000000 0 11.8305 0 0.00984 0.38262 0.16312 -7.44439 56.8411 -35.306 0.14738 0.05436 -0.37557 56.3052 -43.413 0.0643 522100000000 695900000000
 0.2700    47993 0.2800    54371      1       -1       -1       -1  0 4.70300e+11 3.24100e+11 173.143000 47.766000 48.880000  1 0.1500 176.810000 19.92954 56.15937 50.59106 -74.330 -25.630 -61.270 -1.469e+10 -2.319e+10 -9.019e+10 0.02989 177968 177968 677789 2255 15 177894 177980 47.7661 324120000000 295520000000 295520000000 133460000000 0 10.1456 2.45 0.02548 0.70952 0.35837 -1.364 48.139 0.67735 0.44296 0.38587 6.01881 36.6341 3.70996 0.0584 424500000000 362300000000
 0.2600    41953 0.2700    47993      1       -1       -1       -1  0 4.70300e+11 2.38300e+11 156.409000 22.363000 45.010000  1 0.1500 177.950000 20.04277 56.01657 50.76192 -77.630 -30.850 -56.820 -5.114e+09 2.380e+10 -5.534e+08 0.01379 177969 177969 677789 1527 14 177894 177980 22.363 238320000000 238320000000 238320000000 162060000000 19066000000 29.5189 0 0.01119 0.72953 0.25479 -2.59296 18.0548 -14.2136 0.2016 0.03796 -3.18751 35.1075 -18.6749 0.0441 302200000000 152500000000
 0.2500    36283 0.2600    41953      1       -1       -1       -1  0 4.70300e+11 4.67100e+11 195.896000 56.377000 53.190000  1 0.1500 206.630000 20.12379 56.13560 50.79130 -67.710 -25.700 -56.010 6.234e+09 8.849e+09 -6.880e+10 0.01290 177970 177970 677789 4144 13 177894 177980 56.3766 467120000000 457580000000 448050000000 266920000000 0 15.089 0 0.01063 0.06476 0.04374 7.70156 51.6457 -32.0936 0.1905 0.13613 5.62278 43.2678 -28.7993 0.0436 388500000000 486200000000
 0.2400    30946 0.2500    36283      1       -1       -1       -1  0 4.70300e+11 4.67100e+11 196.040000 31.151000 57.680000  1 0.1500 227.360000 20.21792 56.16563 50.89637 -62.190 -22.290 -54.190 -1.124e+10 -2.169e+10 -7.334e+10 0.01559 177971 177971 677789 1315 12 177894 177980 31.1508 467120000000 467120000000 467120000000 295520000000 123930000000 30.6099 0 0.01204 0.56355 0.14887 4.58107 39.6424 -10.5931 0.58927 0.12789 5.63866 33.2508 -9.1444 0.0432 414700000000 314600000000
 0.2300    26001 0.2400    30946      1       -1       -1       -1  0 4.60767e+11 4.76700e+11 197.500000 31.067000 54.390000  1 0.1500 234.140000 20.30686 56.22713 50.95717 -57.230 -20.150 -49.590 -1.040e+10 -2.984e+10 -6.348e+10 0.01433 177972 177972 677789 1150 11 177894 177980 31.0667 476650000000 467120000000 467120000000 333650000000 104860000000 8.09902 0 0.0109 0.66101 0.27757 -25.1726 43.088 -11.3414 0.57548 0.31558 -13.2505 38.4598 -9.56701 0.0378 455400000000 333700000000
 0.2200    21448 0.2300    26001      1       -1       -1       -1  0 4.32167e+11 4.38500e+11 192.207000 35.624000 52.040000  1 0.1500 226.760000 20.42070 56.25359 51.03200 -55.240 -20.610 -46.870 -1.076e+10 -2.375e+10 -6.793e+10 0.01654 177973 177973 677789 1469 10 177894 177980 35.6237 438520000000 419450000000 419450000000 276460000000 38132000000 29.6175 0 0.01314 0.45406 0.18068 6.05193 30.3971 -8.71432 0.29988 0.04007 12.4574 24.4706 -3.37218 0.0409 396600000000 333700000000
 0.2100    17317 0.2200    21448      1       -1       -1       -1  0 3.55900e+11 3.81300e+11 183.563000 54.358000 46.570000  1 0.1500 209.940000 20.49109 56.30011 51.11767 -53.250 -21.990 -43.430 -2.726e+10 -1.516e+10 -5.375e+10 0.01724 177974 177974 677789 1261 9 177894 177980 54.3581 381320000000 371790000000 314590000000 228790000000 9533000000 7.95448 0 0.01449 0.52788 0.07221 -5.62367 48.0184 -19.3041 0.48745 0.03284 4.34746 25.6649 -23.5622 0.0423 329400000000 438500000000
 0.2000    13638 0.2100    17317      1       -1       -1       -1  0 2.57400e+11 2.47900e+11 159.093000 60.587000 39.950000  1 0.1500 183.670000 20.59735 56.33817 51.19904 -47.410 -25.190 -39.480 7.223e+09 -5.476e+09 -4.159e+10 0.02172 177975 177975 677789 428 8 177894 177980 60.5865 247860000000 171590000000 171590000000 28599000000 0 26.1859 2.95 0.02085 0.12662 0.01689 -26.729 55.5761 -16.1773 0.48172 0.28413 38.9579 -20.2164 9.079 0.0559 293200000000 438500000000
 0.1900    10471 0.2000    13638      1       -1       -1       -1  0 1.93833e+11 1.43000e+11 132.505000 38.341000 40.610000  1 0.1500 159.380000 20.68840 56.39944 51.28704 -37.510 -26.150 -38.770 1.636e+10 -2.652e+09 -7.364e+09 0.02273 177976 177976 677789 859 7 177894 177980 38.3412 142990000000 142990000000 123930000000 9533000000 9533000000 49.0842 0 0.02279 0.26611 0.01203 -16.9826 56.6265 -18.9963 0 0 0 0 0 0.0674 245900000000 171600000000
 0.1800     7709 0.1900    10471      1       -1       -1       -1  0 1.93833e+11 1.81100e+11 143.430000 18.597000 33.690000  1 0.1500 198.310000 20.73140 56.53627 51.32570 -32.010 -20.150 -31.860 -1.166e+10 -3.045e+08 -4.224e+09 0.01358 177977 177977 677789 747 6 177894 177980 18.5966 181130000000 181130000000 181130000000 152530000000 47665000000 11.5838 0 0.0108 0.68044 0.41047 0.25413 33.0164 9.42136 0.67753 0.32364 2.23148 0.17213 25.2203 0.0266 181800000000 85800000000
 0.1700     5409 0.1800     7709      1       -1       -1       -1  0 1.93833e+11 2.19300e+11 152.921000 44.090000 30.340000  1 0.1500 194.270000 20.80010 56.56599 51.42212 -31.780 -13.570 -30.390 -2.483e+09 -7.566e+09 -1.139e+10 0.01015 177978 177978 677789 254 5 177894 177980 44.09 219260000000 190660000000 190660000000 85797000000 0 15.4336 1.7 0.00905 0.38957 0.0859 39.7792 -37.3745 -1.9563 0.31738 0.08016 41.5306 -35.3351 -0.62869 0.0207 186500000000 238300000000
 0.1600     3588 0.1700     5409      1       -1       -1       -1  0 1.90667e+11 1.81100e+11 143.535000 19.908000 37.770000  1 0.1500 207.590000 20.87949 56.62495 51.49829 -28.800 -6.210 -25.780 -4.471e+09 -4.404e+09 -1.519e+10 0.01747 177979 177979 677789 272 4 177894 177980 19.9078 181130000000 181130000000 181130000000 104860000000 0 52.4008 3.67 0.01517 0.72959 0.4252 -28.9996 56.2825 7.01844 0.34265 0.02053 -4.64098 57.6307 -10.0641 0.0304 182200000000 95330000000
 0.1500     2216 0.1600     3588      0       -1       -1       -1  0 1.71600e+11 1.71600e+11 141.015000 15.104000 30.580000  1 0.1500 221.750000 21.00485 56.58258 51.58123 -32.720 -8.380 -23.150 7.222e+08 -2.182e+09 -3.551e+09 0.00556 177980 177980 677789 301 3 177894 177980 15.1039 171590000000 162060000000 162060000000 123930000000 0 12.4279 1.84 0.00441 0.94579 0.40714 -23.4694 6.59729 29.8519 0.31802 0.01949 33.733 -25.8749 25.6512 0.0194 170300000000 85800000000
