 1.0000   680263 0.0000       -1      1       -1       -1       -1  0 2.76500e+11 2.76500e+11 133.274000 12.675000 93.750000  1 0.2900 115.120000 53.67963 31.96664 51.90776 359.160 354.060 81.110 -3.327e+10 -1.242e+11 1.776e+10 0.02670 409177 409177 680263 5778 88 409176 409248 12.6751 276460000000 285990000000 238320000000 171590000000 76264000000 15.7602 0 0.02637 0.85877 0.58568 -5.31905 17.9383 -13.9779 0.82978 0.2812 0.82618 20.3309 -5.70277 0.491 354900000000 143000000000
 0.9900   672135 1.0000   680263      1       -1       -1       -1  0 2.73300e+11 2.57400e+11 130.685000 12.166000 90.990000  1 0.2900 113.300000 53.64105 31.93219 51.89773 347.790 347.850 81.690 -7.046e+10 -1.674e+10 -8.187e+10 0.02636 409178 409178 680263 5668 87 409176 409248 12.1661 257390000000 276460000000 238320000000 162060000000 76264000000 10.4655 0 0.02509 0.76088 0.39323 10.3305 -17.3723 14.9013 0.56005 0.03268 -3.0896 22.8556 -11.9214 0.4648 331200000000 133500000000
 0.9800   663716 0.9900   672135      1       -1       -1       -1  0 2.73300e+11 2.57400e+11 131.232000 12.403000 89.430000  1 0.2900 113.240000 53.60452 31.89516 51.88818 341.490 340.340 82.450 -7.453e+10 -1.269e+10 -7.821e+10 0.02640 409179 409179 680263 5688 86 409176 409248 12.4028 257390000000 276460000000 228790000000 171590000000 85797000000 10.3749 4.3 0.02504 0.72783 0.31023 12.2445 -14.9112 15.7809 0.59162 0.22388 -3.29795 19.3463 -10.0453 0.4539 313600000000 133500000000
 0.9700   655337 0.9800   663716      1       -1       -1       -1  0 2.73300e+11 2.47900e+11 130.132000 11.448000 86.970000  1 0.2900 114.050000 53.56590 31.85843 51.87204 337.760 336.230 82.070 -3.874e+10 -1.408e+10 1.609e+09 0.01082 409180 409180 680263 4735 85 409176 409248 11.4479 247860000000 285990000000 209730000000 171590000000 47665000000 16.0325 0 0.01014 0.6321 0.34821 12.6371 -13.1051 16.4877 0.29277 0.06133 -4.05954 15.6918 -11.4555 0.4367 304700000000 114400000000
 0.9600   646998 0.9700   655337      1       -1       -1       -1  0 2.73300e+11 2.47900e+11 130.671000 10.507000 85.380000  1 0.2900 116.900000 53.52674 31.82160 51.86388 337.890 332.630 79.000 -7.588e+09 2.119e+10 -6.843e+10 0.01913 409181 409181 680263 5734 84 409176 409248 10.5065 247860000000 276460000000 219260000000 171590000000 38132000000 13.8662 0 0.01777 0.74556 0.28479 5.94786 -12.0452 14.4323 0.18802 0.02494 0.33288 -10.2793 11.7808 0.4212 302900000000 114400000000
 0.9500   638672 0.9600   646998      1       -1       -1       -1  0 2.73300e+11 2.47900e+11 131.210000 12.320000 83.980000  1 0.2900 113.040000 53.48781 31.78549 51.85543 333.690 328.620 78.710 -8.472e+09 2.127e+10 -6.793e+10 0.01916 409182 409182 680263 5698 83 409176 409248 12.32 247860000000 276460000000 219260000000 162060000000 76264000000 13.9182 0 0.01774 0.63771 0.23242 4.17179 -9.44436 18.1148 0.27551 0.04572 -4.14012 -12.4865 22.9549 0.41 293700000000 123900000000
 0.9400   630356 0.9500   638672      1       -1       -1       -1  0 2.73300e+11 2.47900e+11 131.748000 11.354000 85.290000  1 0.2900 115.700000 53.44366 31.75090 51.84380 330.390 326.670 76.180 1.481e+10 -3.456e+10 -1.087e+11 0.02981 409183 409183 680263 5698 82 409176 409248 11.3539 247860000000 266920000000 219260000000 171590000000 19066000000 10.6123 0 0.02856 0.55703 0.26508 8.49411 -11.0998 23.17 0.49465 0.09292 -0.00213 -13.3391 25.4823 0.428 305900000000 123900000000
 0.9300   622030 0.9400   630356      1       -1       -1       -1  0 2.73300e+11 2.38300e+11 130.566000 12.805000 85.330000  1 0.2900 111.210000 53.41428 31.71087 51.84032 325.190 318.910 75.650 5.198e+10 -4.095e+10 -3.382e+10 0.02205 409184 409184 680263 5713 81 409176 409248 12.805 238320000000 257390000000 219260000000 181130000000 57198000000 2.47709 0 0.01976 0.64783 0.29322 3.2027 -7.73829 21.2199 0.73926 0.26897 0.85768 -7.12224 16.7573 0.3979 294700000000 133500000000
 0.9200   613684 0.9300   622030      1       -1       -1       -1  0 2.73300e+11 2.38300e+11 131.095000 10.862000 86.280000  1 0.2900 116.050000 53.37361 31.66925 51.83367 321.040 314.650 74.890 5.099e+10 -4.211e+10 -3.472e+10 0.02263 409185 409185 680263 5750 80 409176 409248 10.862 238320000000 257390000000 228790000000 181130000000 57198000000 2.30889 0 0.01993 0.52559 0.15016 0.28892 -9.59583 22.98 0.51369 0.13698 -0.62436 -5.90028 19.1864 0.3933 304500000000 104900000000
 0.9100   605310 0.9200   613684      1       -1       -1       -1  0 2.73300e+11 2.38300e+11 131.622000 12.449000 86.070000  1 0.2900 112.890000 53.33611 31.62894 51.82241 316.900 310.260 74.190 4.973e+10 -4.329e+10 -3.526e+10 0.02216 409186 409186 680263 5759 79 409176 409248 12.4488 238320000000 295520000000 228790000000 190660000000 28599000000 3.04507 0 0.02002 0.60044 0.15483 0.55031 -5.85962 15.4105 0.71825 0.06441 -0.10775 1.02468 10.0681 0.4026 314200000000 114400000000
 0.9000   596934 0.9100   605310      1       -1       -1       -1  0 2.73300e+11 2.47900e+11 133.887000 12.099000 83.920000  1 0.2900 116.000000 53.29460 31.59147 51.81256 313.210 306.590 73.410 3.038e+10 -3.371e+10 -2.468e+10 0.01457 409187 409187 680263 5757 78 409176 409248 12.0987 247860000000 285990000000 219260000000 209730000000 28599000000 4.53497 0 0.013 0.57486 0.28414 1.06487 -4.39907 27.0126 0.37251 0.15171 4.83193 2.8781 21.1145 0.377 335100000000 123900000000
 0.8900   588521 0.9000   596934      1       -1       -1       -1  0 2.73300e+11 2.76500e+11 139.401000 12.292000 91.290000  1 0.2900 121.420000 53.25183 31.55215 51.80433 302.580 305.540 69.620 8.087e+10 3.068e+10 1.293e+11 0.03492 409188 409188 680263 5831 77 409176 409248 12.2924 276460000000 285990000000 219260000000 209730000000 19066000000 10.2902 5.21 0.03277 0.59283 0.46766 -6.16212 -6.58033 28.9631 0.57505 0.17304 8.05231 0.27624 21.0689 0.4169 370800000000 114400000000
 0.8800   580140 0.8900   588521      1       -1       -1       -1  0 2.73300e+11 2.76500e+11 139.951000 13.735000 97.440000  1 0.2900 118.910000 53.21272 31.52223 51.78468 288.950 304.210 69.090 8.463e+10 6.278e+10 1.671e+11 0.04331 409189 409189 680263 5792 76 409176 409248 13.7354 276460000000 276460000000 257390000000 219260000000 19066000000 8.54317 0 0.04176 0.57301 0.43873 -11.734 -8.66337 24.8154 0.49438 0.29101 -8.10561 2.45759 25.1069 0.4608 351600000000 133500000000
 0.8700   571663 0.8800   580140      1       -1       -1       -1  0 2.70100e+11 2.66900e+11 138.865000 9.137000 99.880000  1 0.2900 130.040000 53.16806 31.47020 51.78829 289.410 301.230 66.140 9.168e+10 1.262e+11 1.553e+11 0.05583 409190 409190 680263 4843 75 409176 409248 9.1367 266920000000 276460000000 266920000000 228790000000 38132000000 8.72678 0 0.04951 0.68266 0.53189 -10.2682 -11.5495 17.1307 0.61697 0.463 -12.4003 -8.9318 16.997 0.4356 402800000000 85800000000
 0.8600   563198 0.8700   571663      1       -1       -1       -1  0 2.66900e+11 2.66900e+11 139.404000 9.413000 110.300000  1 0.2900 129.660000 53.12787 31.44916 51.76922 278.690 297.460 63.400 1.027e+11 1.648e+11 1.958e+11 0.06740 409191 409191 680263 5920 74 409176 409248 9.41317 266920000000 276460000000 266920000000 247860000000 95330000000 14.6636 0 0.06227 0.72467 0.51439 14.1723 16.485 -16.1044 0.71689 0.387 19.3371 9.83794 -13.8329 0.5058 399600000000 95330000000
 0.8500   554758 0.8600   563198      1       -1       -1       -1  0 2.66900e+11 2.66900e+11 139.942000 6.315000 117.390000  1 0.2900 145.460000 53.07796 31.39076 51.76952 273.680 293.400 62.470 1.015e+11 1.627e+11 1.938e+11 0.07054 409192 409192 680263 5857 73 409176 409248 6.31545 266920000000 266920000000 266920000000 247860000000 104860000000 8.89215 0 0.06179 0.74686 0.39708 -11.922 -5.82859 13.8815 0.75222 0.21377 12.9365 -1.5319 -11.8455 0.511 500400000000 47660000000
 0.8400   546257 0.8500   554758      1       -1       -1       -1  0 2.66900e+11 2.66900e+11 140.477000 7.533000 120.830000  1 0.2900 139.050000 53.02982 31.32476 51.74582 268.620 289.320 61.460 1.001e+11 1.604e+11 1.917e+11 0.06089 409193 409193 680263 5921 72 409176 409248 7.533 266920000000 266920000000 266920000000 238320000000 76264000000 26.3648 0 0.06128 0.63106 0.55854 13.2971 22.4515 -1.56902 0.60595 0.19587 7.25356 24.1955 5.17823 0.5943 459000000000 66730000000
 0.8300   537741 0.8400   546257      1       -1       -1       -1  0 2.66900e+11 2.66900e+11 141.010000 6.495000 119.800000  1 0.2900 145.770000 52.98750 31.30758 51.73624 263.490 285.210 60.320 9.875e+10 1.578e+11 1.895e+11 0.07318 409194 409194 680263 5948 71 409176 409248 6.49532 266920000000 266920000000 266920000000 247860000000 181130000000 11.3795 0 0.06071 0.71273 0.57668 5.02625 -3.84571 18.7445 0.70474 0.54871 4.58497 -2.67114 17.9544 0.495 474700000000 66730000000
 0.8200   529149 0.8300   537741      1       -1       -1       -1  0 2.63733e+11 2.66900e+11 141.541000 7.814000 117.560000  1 0.2900 139.080000 52.94242 31.27169 51.71960 263.550 281.400 64.540 6.327e+10 2.090e+11 2.171e+11 0.07790 409195 409195 680263 4920 70 409176 409248 7.81436 266920000000 266920000000 266920000000 238320000000 123930000000 21.0746 0 0.07066 0.37791 0.31065 5.85122 -8.76963 22.4477 0.37902 0.24235 4.73001 -8.43146 21.0681 0.5292 393100000000 104900000000
 0.8100   520505 0.8200   529149      1       -1       -1       -1  0 2.57400e+11 2.57400e+11 140.357000 8.339000 107.090000  1 0.2900 135.260000 52.90014 31.21873 51.71845 266.460 257.210 76.350 6.157e+10 1.627e+11 1.872e+11 0.07294 409196 409196 680263 6035 69 409176 409248 8.33921 266920000000 266920000000 266920000000 228790000000 114400000000 10.6839 19.23 0.06258 0.61033 0.30169 6.57393 -8.15593 19.3999 0.58586 0.22394 6.71731 -5.75093 18.6086 0.4698 397400000000 104900000000
 0.8000   511827 0.8100   520505      1       -1       -1       -1  0 2.47867e+11 2.47900e+11 139.116000 7.657000 96.000000  1 0.2900 136.980000 52.85368 31.17610 51.70671 259.730 254.180 75.050 2.918e+10 1.414e+11 1.428e+11 0.06312 409197 409197 680263 5004 68 409176 409248 7.65733 266920000000 266920000000 238320000000 219260000000 85797000000 11.2191 12.65 0.05318 0.80075 0.37595 0.74329 -10.5855 24.162 0.75147 0.35532 -6.28385 -7.5662 23.6379 0.4088 404000000000 57200000000
 0.7900   503186 0.8000   511827      1       -1       -1       -1  0 2.35167e+11 2.38300e+11 137.812000 7.976000 87.610000  1 0.2900 133.950000 52.80565 31.13277 51.69748 253.730 250.910 73.750 6.308e+10 1.209e+11 9.600e+10 0.05656 409198 409198 680263 5992 67 409176 409248 7.97648 247860000000 266920000000 219260000000 219260000000 47665000000 12.0697 6.29 0.04684 0.71279 0.42555 22.5518 3.23186 -18.5902 0.69342 0.43059 24.1827 1.81703 -14.5861 0.3579 398600000000 47660000000
 0.7800   494554 0.7900   503186      1       -1       -1       -1  0 2.25633e+11 2.19300e+11 134.522000 9.510000 82.820000  1 0.2900 124.140000 52.75148 31.08711 51.69146 250.420 248.720 70.350 2.057e+09 4.318e+10 8.887e+09 0.01696 409199 409199 680263 5041 66 409176 409248 9.51043 219260000000 219260000000 219260000000 219260000000 38132000000 16.9112 0 0.01431 0.52349 0.4149 26.7058 4.24857 -14.854 0.46955 0.34281 27.3703 7.88596 -11.8511 0.3466 344800000000 76260000000
 0.7700   485871 0.7800   494554      1       -1       -1       -1  0 2.22467e+11 2.19300e+11 135.006000 11.782000 81.280000  1 0.2900 118.420000 52.71603 31.01064 51.68181 245.230 244.750 70.150 2.293e+09 3.867e+10 7.988e+09 0.01339 409200 409200 680263 6044 65 409176 409248 11.782 219260000000 238320000000 219260000000 190660000000 19066000000 32.3445 0 0.01288 0.15843 0.07898 17.9364 17.0593 -8.29961 0.56811 0.19417 15.5208 16.3968 -7.57117 0.398 290600000000 47660000000
 0.7600   477169 0.7700   485871      1       -1       -1       -1  0 2.22467e+11 2.19300e+11 135.487000 12.274000 74.790000  1 0.2900 117.950000 52.69754 30.97209 51.67194 234.150 241.820 67.040 1.199e+10 5.832e+10 -7.167e+09 0.02066 409201 409201 680263 6104 64 409176 409248 12.2741 219260000000 238320000000 219260000000 200190000000 0 33.9457 0 0.01962 0.69181 0.39191 40.1591 -1.5535 -12.1072 0.14954 0 27.7725 22.4621 -16.8886 0.3507 294200000000 57200000000
 0.7500   468440 0.7600   477169      1       -1       -1       -1  0 2.22467e+11 2.28800e+11 137.908000 16.195000 73.460000  1 0.2900 113.580000 52.65176 30.92239 51.66039 232.520 237.410 67.050 1.148e+10 6.989e+10 -1.245e+09 0.02239 409202 409202 680263 6119 63 409176 409248 16.1946 228790000000 238320000000 209730000000 171590000000 0 31.6573 0 0.0217 0.36581 0.20737 49.2666 -12.7688 -0.41341 0.41299 0.00428 46.3343 3.09045 -3.78063 0.3401 264900000000 104900000000
 0.7400   459629 0.7500   468440      1       -1       -1       -1  0 2.22467e+11 2.19300e+11 136.440000 18.892000 73.150000  1 0.2900 108.960000 52.60553 30.87211 51.64861 230.260 233.670 66.930 1.900e+10 3.700e+10 -1.023e+10 0.01445 409203 409203 680263 6132 62 409176 409248 18.8922 219260000000 219260000000 219260000000 152530000000 0 32.7857 0 0.01416 0.43321 0.05406 48.6296 -6.21723 3.73833 0.23415 0 40.6131 2.10662 -14.4585 0.3461 242700000000 143000000000
 0.7300   450807 0.7400   459629      1       -1       -1       -1  0 2.19300e+11 2.19300e+11 136.912000 18.723000 69.430000  1 0.2900 109.770000 52.55885 30.82124 51.63660 225.400 229.220 66.710 1.866e+10 3.605e+10 -1.049e+10 0.01441 409204 409204 680263 5098 61 409176 409248 18.7233 219260000000 219260000000 209730000000 133460000000 0 35.9698 0 0.01393 0.2457 0.0649 49.1465 -21.2346 2.64705 0.30359 0.05244 45.0294 -13.5683 5.85864 0.3152 248600000000 133500000000
 0.7200   441959 0.7300   450807      1       -1       -1       -1  0 2.19300e+11 2.19300e+11 137.380000 11.718000 63.820000  1 0.2900 122.060000 52.50116 30.80076 51.61331 215.870 225.140 64.160 1.969e+10 1.012e+11 -1.769e+10 0.04117 409205 409205 680263 6191 60 409176 409248 11.7183 219260000000 219260000000 219260000000 181130000000 9533000000 6.58977 0 0.03493 0.58531 0.35524 23.2043 3.30687 -1.26969 0.2623 0.02345 18.912 4.14502 7.76305 0.2267 288700000000 47660000000
 0.7100   433044 0.7200   441959      1       -1       -1       -1  0 2.19300e+11 2.19300e+11 137.844000 16.809000 63.220000  1 0.2900 113.430000 52.43596 30.74413 51.60760 215.340 220.280 66.150 2.000e+10 3.430e+10 -8.794e+09 0.01633 409206 409206 680263 5261 59 409176 409248 16.8091 219260000000 219260000000 209730000000 171590000000 38132000000 19.3912 0 0.01365 0.63104 0.1914 28.7073 5.06716 1.75918 0.13236 0.03969 30.4949 7.07621 -4.13806 0.2167 242000000000 133500000000
 0.7000   424069 0.7100   433044      1       -1       -1       -1  0 2.19300e+11 2.19300e+11 138.305000 14.518000 63.990000  1 0.2900 117.680000 52.40533 30.68999 51.59609 206.940 216.710 63.490 1.888e+10 1.003e+11 -1.763e+10 0.04223 409207 409207 680263 6341 58 409176 409248 14.518 219260000000 219260000000 209730000000 171590000000 9533000000 22.1028 0 0.03497 0.563 0.22548 31.7478 3.11483 10.2318 0.11826 0.00608 26.2947 6.58826 -4.30184 0.2136 245200000000 123900000000
 0.6900   415074 0.7000   424069      1       -1       -1       -1  0 2.19300e+11 2.19300e+11 138.761000 11.782000 67.740000  1 0.2900 124.200000 52.35127 30.65435 51.56416 202.640 212.370 63.120 1.828e+10 9.862e+10 -1.705e+10 0.04341 409208 409208 680263 6310 57 409176 409248 11.7821 219260000000 219260000000 219260000000 200190000000 38132000000 3.82939 0 0.03453 0.91953 0.60056 4.4926 -7.13538 21.434 0.85332 0.24058 -0.37123 -7.9886 18.5328 0.2168 296200000000 104900000000
 0.6800   406068 0.6900   415074      1       -1       -1       -1  0 2.19300e+11 2.19300e+11 139.214000 11.449000 70.730000  1 0.2900 125.870000 52.29583 30.60363 51.53942 198.390 207.940 62.660 1.769e+10 9.631e+10 -1.629e+10 0.04276 409209 409209 680263 6389 56 409176 409248 11.4486 219260000000 219260000000 219260000000 200190000000 28599000000 13.8676 0 0.03388 0.65246 0.5005 5.64281 -1.99545 16.727 0.56666 0.15569 5.86303 -4.69623 10.6666 0.2284 293100000000 95330000000
 0.6700   397071 0.6800   406068      1       -1       -1       -1  0 2.19300e+11 2.19300e+11 139.662000 9.759000 76.310000  1 0.2900 131.850000 52.25245 30.54930 51.52971 194.140 203.460 62.140 1.725e+10 9.416e+10 -1.568e+10 0.04401 409210 409210 680263 6390 55 409176 409248 9.7592 219260000000 219260000000 219260000000 209730000000 85797000000 5.26809 0 0.0333 0.75377 0.35695 3.21903 -2.55667 26.7933 0.73907 0.28935 4.11471 -8.20318 24.8063 0.2377 318900000000 85800000000
 0.6600   388145 0.6700   397071      1       -1       -1       -1  0 2.19300e+11 2.19300e+11 140.105000 6.671000 81.580000  1 0.2900 147.230000 52.20221 30.49722 51.51394 189.900 198.950 61.610 1.695e+10 9.275e+10 -1.536e+10 0.04520 409211 409211 680263 6408 54 409176 409248 6.67131 219260000000 219260000000 219260000000 200190000000 123930000000 5.26221 0 0.03299 0.75249 0.65299 -14.4951 4.45277 18.038 0.70781 0.4858 -11.8911 2.46696 20.4481 0.2479 378100000000 47660000000
 0.6500   379110 0.6600   388145      1       -1       -1       -1  0 2.16100e+11 2.19300e+11 140.544000 5.703000 90.260000  1 0.2900 155.210000 52.16042 30.44693 51.50212 185.700 194.410 61.110 1.675e+10 9.257e+10 -1.539e+10 0.04832 409212 409212 680263 5329 53 409176 409248 5.70272 219260000000 219260000000 219260000000 190660000000 171590000000 5.10099 0 0.03312 0.44256 0.42988 24.4943 1.20992 -10.6267 0.41255 0.33936 24.0324 2.61552 -12.7765 0.2621 413900000000 66730000000
 0.6400   370034 0.6500   379110      1       -1       -1       -1  0 2.12900e+11 2.09700e+11 138.905000 4.865000 91.190000  1 0.2900 160.890000 52.11327 30.39507 51.48564 178.590 190.400 59.810 1.639e+10 8.337e+10 -2.142e+10 0.04877 409213 409213 680263 5329 52 409176 409248 4.86519 209730000000 219260000000 200190000000 200190000000 171590000000 4.66912 0 0.03299 0.39613 0.22243 28.4423 -1.86297 -1.6052 0.2801 0.05519 29.6324 -2.28288 2.07888 0.265 437900000000 57200000000
 0.6300   360922 0.6400   370034      1       -1       -1       -1  0 2.09700e+11 2.09700e+11 139.328000 7.647000 79.870000  1 0.2900 141.990000 52.07721 30.34120 51.46943 174.950 185.730 59.260 1.626e+10 8.266e+10 -2.136e+10 0.04562 409214 409214 680263 6431 51 409176 409248 7.64678 209730000000 209730000000 200190000000 200190000000 123930000000 16.9713 0 0.03293 0.9407 0.81973 13.5164 -3.63773 4.66775 0.9407 0.81973 13.5164 -3.63773 4.66775 0.2399 328500000000 66730000000
 0.6200   351820 0.6300   360922      1       -1       -1       -1  0 2.09700e+11 2.09700e+11 139.746000 9.175000 72.540000  1 0.2900 136.190000 52.02320 30.28789 51.45479 171.340 181.000 58.580 1.602e+10 8.079e+10 -2.119e+10 0.04318 409215 409215 680263 6429 50 409176 409248 9.17507 209730000000 209730000000 200190000000 200190000000 57198000000 15.3733 0 0.03243 0.71801 0.52576 -1.68028 10.4275 12.061 0.47134 0.2405 -3.29995 13.4249 13.7276 0.2201 320000000000 57200000000
 0.6100   342694 0.6200   351820      1       -1       -1       -1  0 2.09700e+11 2.09700e+11 140.158000 12.191000 66.790000  1 0.2900 127.810000 51.96751 30.23379 51.43718 167.690 176.220 57.800 1.572e+10 7.860e+10 -2.082e+10 0.04120 409216 409216 680263 6441 49 409176 409248 12.1911 209730000000 209730000000 209730000000 200190000000 66731000000 12.4763 0 0.0318 0.77448 0.59677 -4.69682 15.8377 14.2551 0.47206 0.26725 -4.7222 16.9992 15.9079 0.2015 277300000000 95330000000
 0.6000   333558 0.6100   342694      1       -1       -1       -1  0 2.09700e+11 2.09700e+11 140.566000 13.788000 60.870000  1 0.2900 125.170000 51.89712 30.17902 51.40830 165.540 169.180 55.720 5.742e+09 5.859e+10 1.649e+10 0.02968 409217 409217 680263 6478 48 409176 409248 13.7881 209730000000 209730000000 209730000000 181130000000 19066000000 3.73085 0 0.02363 0.59572 0.28185 5.70449 -6.78369 32.2874 0.17801 0.03138 5.57561 -1.83271 35.0336 0.1796 247200000000 114400000000
 0.5900   324385 0.6000   333558      1       -1       -1       -1  0 2.06533e+11 2.09700e+11 140.967000 14.109000 58.750000  1 0.2900 125.480000 51.84933 30.12647 51.39460 161.110 164.940 54.730 5.213e+09 5.716e+10 1.631e+10 0.02845 409218 409218 680263 6441 47 409176 409248 14.1095 209730000000 209730000000 200190000000 152530000000 38132000000 5.22227 0 0.02323 0.54988 0.25758 0.27539 -9.74877 30.8718 0.44221 0.17362 3.00571 -17.1273 19.9313 0.1749 237700000000 104900000000
 0.5800   315142 0.5900   324385      1       -1       -1       -1  0 2.00200e+11 2.00200e+11 139.187000 18.705000 59.830000  1 0.2900 117.100000 51.77839 30.07238 51.35262 157.850 159.970 53.110 2.992e+09 6.581e+10 4.117e+09 0.03144 409219 409219 680263 6453 46 409176 409248 18.705 200190000000 200190000000 200190000000 133460000000 0 23.8608 0 0.02796 0.38459 0.04521 -23.9987 -5.49961 30.5179 0.26764 0.07446 -16.1926 -2.94753 28.4869 0.2095 210200000000 114400000000
 0.5700   305902 0.5800   315142      1       -1       -1       -1  0 1.93867e+11 1.90700e+11 137.319000 14.109000 58.860000  1 0.2900 122.620000 51.74184 30.01441 51.36106 152.580 156.240 48.540 1.936e+10 3.104e+10 1.280e+10 0.02233 409220 409220 680263 6430 45 409176 409248 14.109 190660000000 190660000000 190660000000 133460000000 76264000000 4.59522 0 0.01794 0.50112 0.33456 -15.8663 2.63393 33.7811 0.93668 0.4652 23.6473 -2.14638 4.03489 0.1705 210400000000 95330000000
 0.5600   296653 0.5700   305902      1       -1       -1       -1  0 1.90700e+11 1.90700e+11 137.691000 11.219000 60.170000  1 0.2900 130.350000 51.68797 29.95704 51.33499 144.960 152.670 51.110 9.995e+09 1.426e+10 1.905e+10 0.01516 409221 409221 680263 6459 44 409176 409248 11.2194 190660000000 190660000000 181130000000 162060000000 47665000000 2.62934 0 0.01204 0.35112 0.2086 -17.4613 -0.77071 18.8538 0.43119 0.22161 14.2136 6.08973 -4.18025 0.1711 216300000000 57200000000
 0.5500   287408 0.5600   296653      1       -1       -1       -1  0 1.84333e+11 1.90700e+11 138.056000 14.418000 59.380000  1 0.2900 124.050000 51.63585 29.90378 51.32201 141.350 147.310 50.310 1.065e+10 1.416e+10 1.914e+10 0.01494 409222 409222 680263 6400 43 409176 409248 14.4178 190660000000 190660000000 181130000000 162060000000 19066000000 5.01115 0.95 0.01226 0.52349 0.17761 30.5068 -0.13559 -26.9272 0.32158 0.0411 18.262 14.2451 -12.6257 0.1755 215100000000 104900000000
 0.5400   278192 0.5500   287408      1       -1       -1       -1  0 1.81133e+11 1.71600e+11 133.638000 10.455000 55.940000  1 0.2900 129.100000 51.55804 29.84491 51.31906 138.760 143.240 51.090 8.146e+09 -1.501e+10 1.694e+10 0.01763 409223 409223 680263 6472 42 409176 409248 10.4548 171590000000 171590000000 152530000000 142990000000 66731000000 18.9779 0 0.01358 0.82808 0.39239 15.1868 -11.4442 7.11746 0.73248 0.12049 -13.3591 13.0273 -5.3753 0.1498 207800000000 66730000000
 0.5300   268950 0.5400   278192      1       -1       -1       -1  0 1.81133e+11 1.81100e+11 136.414000 15.113000 53.510000  1 0.2900 122.350000 51.50308 29.78849 51.26576 133.380 139.210 48.510 1.203e+10 5.221e+09 1.967e+10 0.01467 409224 409224 680263 6449 41 409176 409248 15.1128 181130000000 181130000000 171590000000 123930000000 0 25.556 0 0.01229 0.82656 0.50309 31.3132 -15.7244 4.11063 0.92549 0.47186 15.2968 -7.48096 23.4028 0.1537 183200000000 95330000000
 0.5200   259712 0.5300   268950      1       -1       -1       -1  0 1.81133e+11 1.81100e+11 136.753000 15.409000 52.700000  1 0.2900 122.920000 51.48243 29.73166 51.26336 128.120 134.990 47.890 1.223e+10 2.603e+10 1.779e+10 0.02103 409225 409225 680263 5269 40 409176 409248 15.4086 181130000000 181130000000 181130000000 162060000000 0 5.58623 0 0.01774 0.60306 0.29347 39.3206 -17.9414 -4.35708 0.35804 0 28.8678 -23.424 2.65337 0.1476 204200000000 76260000000
 0.5100   250427 0.5200   259712      1       -1       -1       -1  0 1.81133e+11 1.81100e+11 137.086000 16.003000 52.930000  1 0.2900 123.060000 51.41338 29.67745 51.24587 124.100 128.460 47.710 3.225e+09 3.425e+09 3.058e+09 0.00351 409226 409226 680263 5348 39 409176 409248 16.0026 181130000000 181130000000 181130000000 123930000000 0 5.87936 0 0.00297 0.4588 0.40067 43.3462 -17.9605 -5.23989 0.58088 0.00239 24.2063 -28.026 16.1695 0.1497 207900000000 104900000000
 0.5000   241252 0.5100   250427      1       -1       -1       -1  0 1.81133e+11 1.81100e+11 137.411000 15.854000 50.320000  1 0.2900 124.440000 51.35735 29.62004 51.22539 122.270 126.300 40.970 2.312e+10 3.966e+10 2.043e+10 0.03154 409227 409227 680263 5356 38 409176 409248 15.8538 181130000000 181130000000 181130000000 142990000000 0 4.64383 0 0.02681 0.49231 0.02628 35.2606 -17.2985 -10.0051 0.78739 0.02321 26.6216 -11.5693 -6.08318 0.1347 204700000000 95330000000
 0.4900   232063 0.5000   241252      1       -1       -1       -1  0 1.81133e+11 1.81100e+11 137.729000 15.881000 49.990000  1 0.2900 125.580000 51.31117 29.55866 51.19070 117.480 121.850 46.190 1.433e+10 2.198e+10 1.766e+10 0.02013 409228 409228 680263 6323 37 409176 409248 15.8812 181130000000 181130000000 181130000000 162060000000 0 3.14399 0 0.01703 0.61496 0.21829 41.9182 -14.5691 11.3732 0.66367 0.07229 32.3858 -20.3943 2.7173 0.13 200400000000 76260000000
 0.4800   222915 0.4900   232063      1       -1       -1       -1  0 1.81133e+11 1.81100e+11 138.040000 16.897000 47.130000  1 0.2900 125.200000 51.24451 29.50452 51.18314 113.960 118.490 40.540 2.179e+10 3.244e+10 2.212e+10 0.02889 409229 409229 680263 6467 36 409176 409248 16.8973 181130000000 181130000000 171590000000 133460000000 0 3.10727 0 0.0244 0.51185 0.35285 47.7066 -1.76319 2.28271 0.24031 0.04016 56.9236 13.508 -3.13295 0.1162 191300000000 85800000000
 0.4700   213781 0.4800   222915      1       -1       -1       -1  0 1.81133e+11 1.62100e+11 133.308000 14.207000 48.250000  1 0.2900 125.350000 51.18774 29.44642 51.16135 108.200 114.360 44.350 1.134e+10 1.896e+10 1.540e+10 0.02176 409230 409230 680263 6443 35 409176 409248 14.2073 162060000000 162060000000 162060000000 133460000000 19066000000 11.1322 0 0.01778 0.88384 0.36576 15.2095 6.86468 26.9543 0.07999 0.00255 1.65967 11.3722 37.916 0.1158 178400000000 76260000000
 0.4600   204658 0.4700   213781      1       -1       -1       -1  0 1.81133e+11 1.71600e+11 136.162000 16.618000 50.060000  1 0.2900 125.410000 51.14550 29.38406 51.10825 105.340 109.720 44.340 5.218e+08 2.043e+09 1.083e+10 0.00806 409231 409231 680263 5168 34 409176 409248 16.6178 171590000000 171590000000 162060000000 133460000000 28599000000 14.3804 0 0.00669 0.30311 0.23493 2.26114 3.57148 42.8921 0.30821 0.00837 5.76039 4.21635 36.0517 0.123 167700000000 104900000000
 0.4500   195600 0.4600   204658      1       -1       -1       -1  0 1.81133e+11 1.62100e+11 133.869000 15.641000 44.640000  1 0.2900 125.380000 51.07358 29.32964 51.11643 100.470 107.160 41.550 1.007e+10 1.733e+10 1.553e+10 0.02137 409232 409232 680263 5212 33 409176 409248 15.6409 162060000000 162060000000 162060000000 133460000000 38132000000 13.1414 0 0.01707 0.26441 0.0723 -14.7038 14.7696 28.8203 0.33191 0.00331 -11.1843 8.07754 21.5581 0.0958 175300000000 95330000000
 0.4400   186538 0.4500   195600      1       -1       -1       -1  0 1.81133e+11 1.62100e+11 134.138000 14.135000 45.970000  1 0.2900 129.470000 51.01624 29.27099 51.09327 97.020 103.350 40.250 9.711e+09 1.606e+10 1.489e+10 0.01991 409233 409233 680263 6299 32 409176 409248 14.1351 162060000000 162060000000 152530000000 142990000000 0 14.0298 0 0.0163 0.18822 0.10071 39.3196 1.2804 -3.09795 0.09861 0.07319 41.1592 3.98172 -4.73014 0.1035 183400000000 66730000000
 0.4300   177517 0.4400   186538      1       -1       -1       -1  0 1.81133e+11 1.52500e+11 131.710000 12.328000 50.000000  1 0.2900 131.650000 50.96077 29.20758 51.06046 95.290 100.180 39.500 9.562e+09 2.079e+10 3.438e+09 0.02141 409234 409234 680263 5124 31 409176 409248 12.3282 152530000000 152530000000 152530000000 142990000000 9533000000 12.9781 0 0.0176 0.17439 0.03058 39.5703 -10.6387 1.58004 0.198 0.01282 33.475 -10.1436 -1.01937 0.1238 180600000000 47660000000
 0.4200   168533 0.4300   177517      1       -1       -1       -1  0 1.81133e+11 1.71600e+11 137.241000 20.124000 49.120000  1 0.2900 126.250000 50.90329 29.14996 51.03629 90.930 95.330 37.880 1.294e+10 2.817e+10 7.348e+09 0.02352 409235 409235 680263 5075 30 409176 409248 20.1237 171590000000 162060000000 162060000000 133460000000 0 2.79244 2.96 0.02013 0.15132 0.00971 67.8989 -12.3519 16.2337 0.20609 0.01148 37.7246 8.78812 13.2534 0.1191 165500000000 104900000000
 0.4100   159653 0.4200   168533      1       -1       -1       -1  0 1.81133e+11 1.71600e+11 137.490000 17.563000 49.110000  1 0.2900 131.010000 50.83887 29.09182 51.00539 86.140 92.770 39.380 1.217e+10 2.762e+10 6.242e+09 0.02191 409236 409236 680263 4975 29 409176 409248 17.5625 171590000000 171590000000 171590000000 85797000000 0 11.6463 0 0.01969 0.58397 0.41264 59.1607 -14.993 8.37177 0.4113 0 38.1258 4.50103 3.07254 0.1294 182500000000 85800000000
 0.4000   150860 0.4100   159653      1       -1       -1       -1  0 1.81133e+11 1.71600e+11 137.731000 20.214000 41.950000  1 0.2900 129.120000 50.78212 29.03393 50.98038 84.170 90.170 36.150 1.032e+10 9.170e+09 -1.118e+10 0.01259 409237 409237 680263 5991 28 409176 409248 20.2136 171590000000 171590000000 171590000000 76264000000 0 16.5027 0 0.01148 0.07797 0 94.8949 -12.8058 11.3751 0.54917 0.28033 42.8072 6.63299 -8.87997 0.0996 176300000000 85800000000
 0.3900   142171 0.4000   150860      1       -1       -1       -1  0 1.81133e+11 1.52500e+11 132.652000 23.759000 38.980000  1 0.2900 121.530000 50.75767 28.97055 50.96231 83.640 83.020 29.120 4.942e+09 -6.071e+09 3.275e+09 0.00761 409238 409238 680263 5906 27 409176 409248 23.7587 152530000000 152530000000 133460000000 104860000000 0 2.07896 4.48 0.00675 0.42054 0.24113 29.8506 21.7669 -26.173 0.06088 0 31.5993 23.1931 -16.1896 0.0903 140700000000 123900000000
 0.3800   133691 0.3900   142171      1       -1       -1       -1  0 1.81133e+11 1.71600e+11 138.187000 45.465000 34.930000  1 0.2900 119.790000 50.69354 28.91503 50.94182 79.770 80.230 33.510 4.391e+09 -6.023e+09 5.591e+09 0.00685 409239 409239 680263 5773 26 409176 409248 45.4654 171590000000 171590000000 133460000000 95330000000 9533000000 10.2671 0 0.00617 0.73905 0.38885 28.2858 13.9235 -11.6776 0.47278 0.322 22.4154 18.5053 -11.4688 0.0639 145700000000 200200000000
 0.3700   125192 0.3800   133691      1       -1       -1       -1  0 1.81133e+11 1.62100e+11 135.790000 21.758000 40.150000  1 0.2900 129.410000 50.63501 28.85735 50.92501 79.750 77.920 35.750 2.256e+09 -1.521e+08 3.875e+09 0.00378 409240 409240 680263 4681 25 409176 409248 21.758 162060000000 142990000000 142990000000 114400000000 0 19.6993 3.89 0.00331 0.54751 0.25256 33.9927 1.60388 -33.5411 0.23808 0.03598 -24.07 4.57985 46.4818 0.0752 148100000000 114400000000
 0.3600   116697 0.3700   125192      1       -1       -1       -1  0 1.81133e+11 1.62100e+11 135.992000 17.068000 45.990000  1 0.2900 137.090000 50.56112 28.79913 50.87476 71.180 73.600 35.020 -7.629e+09 1.272e+10 -3.250e+09 0.01427 409241 409241 680263 5555 24 409176 409248 17.0682 162060000000 162060000000 162060000000 123930000000 57198000000 3.84216 0 0.01134 0.92102 0.48295 26.08 1.45177 -12.2222 0.52282 0.42256 24.6423 16.408 -1.1945 0.0781 174400000000 95330000000
 0.3500   108354 0.3600   116697      1       -1       -1       -1  0 1.81133e+11 1.62100e+11 136.185000 9.342000 54.330000  1 0.2900 159.580000 50.50323 28.74180 50.82924 66.630 69.970 34.240 -6.271e+09 2.663e+10 -5.375e+09 0.02955 409242 409242 680263 5441 23 409176 409248 9.3417 162060000000 162060000000 162060000000 142990000000 85797000000 6.19564 0 0.0211 0.67645 0.56642 -7.26261 8.29612 16.9895 0.58014 0.41904 -7.60489 9.82417 13.7083 0.0884 197500000000 57200000000
 0.3400   100181 0.3500   108354      1       -1       -1       -1  0 1.81133e+11 1.71600e+11 138.993000 17.556000 48.340000  1 0.2900 143.400000 50.44191 28.70122 50.82104 62.100 65.760 31.710 -4.938e+09 1.761e+10 -5.653e+09 0.01660 409243 409243 680263 5333 22 409176 409248 17.556 171590000000 171590000000 171590000000 133460000000 38132000000 21.1824 0 0.01336 0.63755 0.2839 -10.2345 19.5315 25.7401 0.51873 0.191 29.6906 -11.4695 1.85333 0.0891 165800000000 104900000000
 0.3300    92259 0.3400   100181      1       -1       -1       -1  0 1.81133e+11 1.81100e+11 141.703000 31.426000 41.240000  1 0.2900 135.250000 50.39143 28.63055 50.80474 59.410 60.400 31.260 6.657e+09 1.901e+10 -6.717e+09 0.01543 409244 409244 680263 5120 21 409176 409248 31.4259 181130000000 181130000000 181130000000 104860000000 0 13.5 0 0.01373 0.20519 0.05068 12.5769 1.83076 66.4614 0.29424 0.08485 12.9354 -2.27497 44.578 0.0807 161000000000 162100000000
 0.3200    84482 0.3300    92259      1       -1       -1       -1  0 1.81133e+11 1.90700e+11 144.324000 39.271000 38.490000  1 0.2900 136.600000 50.33466 28.57896 50.75756 59.140 58.470 29.100 1.067e+10 4.182e+09 -2.041e+10 0.01505 409245 409245 680263 4940 20 409176 409248 39.2706 190660000000 190660000000 171590000000 57198000000 0 7.89487 0 0.0141 0.26617 0.01881 49.3633 -1.03254 20.182 0.79577 0.71084 17.8323 3.32719 34.7848 0.077 163500000000 190700000000
 0.3100    76941 0.3200    84482      1       -1       -1       -1  0 1.68433e+11 1.71600e+11 139.505000 40.928000 36.320000  1 0.2900 133.060000 50.27492 28.51591 50.74118 53.410 57.460 30.730 2.105e+10 -1.307e+10 -1.521e+10 0.02168 409246 409246 680263 4746 19 409176 409248 40.9283 171590000000 152530000000 152530000000 0 0 18.9436 0 0.02121 0.20587 0.00987 70.5838 0.40166 41.545 0 0 0 0 0 0.0754 143200000000 190700000000
 0.3000    69617 0.3100    76941      1       -1       -1       -1  0 1.39833e+11 1.43000e+11 131.423000 43.268000 32.030000  1 0.2900 126.200000 50.21764 28.46034 50.71363 49.790 52.410 36.800 1.200e+10 -1.361e+10 -6.117e+08 0.01759 409247 409247 680263 3682 18 409176 409248 43.2683 142990000000 123930000000 123930000000 0 0 21.876 2.82 0.01823 0.5079 0.08166 31.3562 20.0086 44.2808 0 0 0 0 0 0.0758 139200000000 190700000000
 0.2900    62548 0.3000    69617      0       -1       -1       -1  0 1.04900e+11 1.04900e+11 118.638000 48.661000 30.700000  1 0.2900 114.650000 50.16044 28.40498 50.68587 43.170 68.360 32.430 1.083e+10 -2.017e+10 2.031e+09 0.03517 409248 409248 680263 3464 17 409176 409248 48.6612 104860000000 76264000000 28599000000 0 0 19.9012 14.49 0.03934 0.06416 0 67.1118 29.3081 76.8615 0 0 0 0 0 0.1038 138100000000 200200000000
