 1.0000   678030 0.0000       -1      1       -1       -1       -1  0 4.48100e+11 3.81300e+11 148.354000 6.065000 129.730000  1 0.8500 160.270000 1.03657 55.95187 52.28015 601.180 -76.760 -23.510 -2.388e+11 1.301e+11 2.836e+11 0.05426 341021 341021 678030 3545 88 341020 341036 6.06463 428980000000 476650000000 371790000000 305060000000 200190000000 13.4499 5.28 0.04671 0.57666 0.37539 7.68941 -7.6522 11.352 0.48992 0.30658 7.62868 -5.39249 11.6606 0.5249 666100000000 162100000000
 0.9900   669884 1.0000   678030      1       -1       -1       -1  0 4.48100e+11 4.09900e+11 152.614000 7.313000 126.430000  1 0.8500 157.200000 0.97197 55.96301 52.27595 591.640 -76.700 -21.910 -3.037e+11 6.560e+10 4.633e+11 0.06981 341022 341022 678030 3503 87 341020 341036 7.31344 419450000000 476650000000 371790000000 305060000000 200190000000 8.9958 4.37 0.05896 0.64424 0.47243 -5.03539 10 -8.77172 0.67141 0.36187 4.81118 -8.06585 8.68171 0.4918 655300000000 152500000000
 0.9800   661497 0.9900   669884      1       -1       -1       -1  0 4.48100e+11 4.09900e+11 153.253000 8.408000 118.330000  1 0.8500 151.780000 0.90674 55.96991 52.27634 582.600 -78.490 -22.510 -2.986e+11 5.801e+10 4.605e+11 0.06786 341023 341023 678030 3546 86 341020 341036 8.40826 419450000000 476650000000 371790000000 295520000000 200190000000 7.41184 4.26 0.0585 0.83623 0.63407 -5.91625 16.7124 -6.43382 0.72054 0.3352 -2.48249 17.1654 -4.60642 0.4686 618000000000 152500000000
 0.9700   653157 0.9800   661497      1       -1       -1       -1  0 4.48100e+11 4.38500e+11 157.391000 10.440000 112.890000  1 0.8500 147.960000 0.84590 55.97699 52.27659 571.950 -77.290 -22.360 -4.968e+11 -3.076e+10 3.448e+11 0.06396 341024 341024 678030 3455 85 341020 341036 10.4399 438520000000 467120000000 362250000000 295520000000 181130000000 14.5746 0 0.05754 0.84847 0.67831 0.008 17.3452 0.31596 0.70875 0.4424 0.51589 15.5384 -2.825 0.4536 571500000000 181100000000
 0.9600   644832 0.9700   653157      1       -1       -1       -1  0 4.48100e+11 4.38500e+11 158.043000 11.443000 106.410000  1 0.8500 145.110000 0.78149 55.99276 52.27515 563.420 -81.460 -23.970 -4.168e+11 -5.546e+10 3.222e+11 0.05781 341025 341025 678030 3544 84 341020 341036 11.4432 448050000000 467120000000 362250000000 295520000000 181130000000 15.7897 0 0.0505 0.88924 0.66243 2.51228 15.7074 7.90273 0.75177 0.48581 3.23011 14.6284 1.95981 0.4052 562500000000 200200000000
 0.9500   636524 0.9600   644832      1       -1       -1       -1  0 4.48100e+11 4.29000e+11 157.536000 11.381000 108.220000  1 0.8500 144.600000 0.71845 56.00993 52.27523 554.560 -83.410 -22.840 -3.611e+11 2.958e+10 3.316e+11 0.05469 341026 341026 678030 3559 83 341020 341036 11.3809 428980000000 467120000000 362250000000 295520000000 181130000000 16.2848 0 0.04871 0.79746 0.47643 4.94385 15.6693 18.1974 0.78876 0.39586 -0.20691 19.8679 9.91136 0.4241 542500000000 200200000000
 0.9400   628233 0.9500   636524      1       -1       -1       -1  0 4.48100e+11 4.29000e+11 158.182000 14.051000 109.220000  1 0.8500 137.930000 0.65314 56.01798 52.29446 544.880 -82.850 -22.970 -3.208e+11 2.640e+10 2.623e+11 0.04589 341027 341027 678030 3559 82 341020 341036 14.0506 428980000000 457580000000 390850000000 305060000000 123930000000 9.31457 0 0.04133 0.48712 0.40155 1.58112 19.3162 21.8229 0.44015 0.11404 0.59128 17.7518 18.4836 0.4332 540000000000 219300000000
 0.9300   619921 0.9400   628233      1       -1       -1       -1  0 4.48100e+11 4.48100e+11 161.145000 15.375000 108.980000  1 0.8500 138.110000 0.57709 56.03436 52.30580 536.090 -85.260 -24.810 -4.209e+11 -5.167e+10 2.976e+11 0.04908 341028 341028 678030 2636 81 341020 341036 15.3748 448050000000 457580000000 390850000000 285990000000 0 13.7669 0 0.04811 0.46815 0.23419 -9.65512 18.8652 26.6723 0.03259 0 -7.6 14.0654 20.7786 0.4645 549600000000 219300000000
 0.9200   611580 0.9300   619921      1       -1       -1       -1  0 4.48100e+11 4.38500e+11 160.642000 14.469000 109.990000  1 0.8500 139.420000 0.52692 56.03672 52.30188 527.310 -87.050 -25.880 -3.839e+11 -5.423e+10 3.019e+11 0.05255 341029 341029 678030 3581 80 341020 341036 14.469 438520000000 448050000000 390850000000 305060000000 95330000000 13.671 0 0.04746 0.65519 0.50835 7.85853 3.44944 26.3835 0.522 0.44776 7.51125 1.0314 23.7789 0.431 542000000000 228800000000
 0.9100   603221 0.9200   611580      1       -1       -1       -1  0 4.48100e+11 4.38500e+11 161.288000 12.731000 108.270000  1 0.8500 144.400000 0.46056 56.03920 52.29179 520.480 -87.780 -25.150 -3.786e+11 -6.640e+10 3.040e+11 0.05493 341030 341030 678030 3601 79 341020 341036 12.7311 438520000000 448050000000 390850000000 295520000000 152530000000 15.4111 2.38 0.0475 0.76441 0.32359 5.7467 -11.5854 15.1211 0.59769 0.1803 3.11025 -10.8143 14.5235 0.4007 536200000000 209700000000
 0.9000   594858 0.9100   603221      1       -1       -1       -1  0 4.48100e+11 4.38500e+11 161.932000 12.543000 106.690000  1 0.8500 145.580000 0.38808 56.05626 52.29934 510.210 -89.660 -24.200 -3.563e+11 2.620e+10 3.008e+11 0.05359 341031 341031 678030 3602 78 341020 341036 12.5427 438520000000 448050000000 381320000000 305060000000 181130000000 6.35208 0 0.04543 0.79719 0.5208 3.02579 -11.8593 17.8378 0.7464 0.34875 1.12945 -8.07649 17.2537 0.3817 522800000000 200200000000
 0.8900   586459 0.9000   594858      1       -1       -1       -1  0 4.48100e+11 4.38500e+11 162.575000 11.620000 107.010000  1 0.8500 149.090000 0.32488 56.06577 52.29657 501.530 -90.820 -24.460 -3.506e+11 2.485e+10 2.967e+11 0.05363 341032 341032 678030 3646 77 341020 341036 11.6199 438520000000 448050000000 371790000000 295520000000 190660000000 13.3957 0 0.0449 0.70454 0.5289 -10.4904 16.3563 -12.5623 0.81518 0.55859 -4.74541 13.3044 -12.8982 0.3755 541500000000 200200000000
 0.8800   578085 0.8900   586459      1       -1       -1       -1  0 4.48100e+11 4.48100e+11 164.390000 10.834000 109.640000  1 0.8500 153.900000 0.24910 56.07887 52.29830 491.680 -90.960 -25.540 -3.923e+11 -5.413e+10 2.736e+11 0.05422 341033 341033 678030 4637 76 341020 341036 10.8344 448050000000 448050000000 381320000000 333650000000 200190000000 15.1273 0 0.0455 0.51835 0.42961 -9.81048 22.2192 -10.1475 0.54406 0.38362 -3.90822 20.8442 -8.52638 0.383 560900000000 200200000000
 0.8700   569629 0.8800   578085      1       -1       -1       -1  0 4.48100e+11 4.48100e+11 165.033000 10.643000 114.290000  1 0.8500 155.360000 0.18182 56.09567 52.30964 482.980 -91.940 -25.600 -3.875e+11 -5.492e+10 2.691e+11 0.05465 341034 341034 678030 7703 75 341020 341036 10.6428 448050000000 448050000000 400390000000 333650000000 181130000000 7.79775 0 0.04506 0.88795 0.47514 -4.45442 17.097 -4.16921 0.76406 0.2688 6.53719 13.3061 7.00015 0.393 576800000000 181100000000
 0.8600   561175 0.8700   569629      1       -1       -1       -1  0 4.44900e+11 4.48100e+11 165.675000 12.178000 117.170000  1 0.8500 150.790000 0.11376 56.11458 52.32013 475.610 -95.060 -26.240 -3.198e+11 7.790e+10 3.014e+11 0.05102 341035 341035 678030 3684 74 341020 341036 12.1783 448050000000 457580000000 400390000000 324120000000 162060000000 7.17962 3.34 0.0425 0.77305 0.5802 12.0014 0.49558 14.34 0.64706 0.44834 13.0361 1.47917 11.4108 0.4083 587600000000 190700000000
 0.8500   552739 0.8600   561175      0       -1       -1       -1  0 4.38500e+11 4.38500e+11 165.125000 11.352000 114.090000  1 0.8500 152.890000 0.04239 56.12008 52.31237 465.640 -95.750 -25.960 -3.298e+11 -5.282e+10 2.340e+11 0.04960 341036 341036 678030 3666 73 341020 341036 11.3524 438520000000 457580000000 409920000000 333650000000 190660000000 11.7944 0 0.04042 0.95082 0.71373 17.3632 -2.71649 0.7651 0.78538 0.45534 17.7397 -2.74023 1.37383 0.387 564500000000 190700000000
