 1.0000   675583 0.0000       -1      1       -1       -1       -1  0 2.14500e+12 2.14500e+12 263.839000 10.498000 226.520000  1 0.1800 263.950000 26.12012 7.64099 41.46976 105.830 128.180 317.970 3.711e+12 2.475e+12 -3.488e+12 0.04437 157776 157776 675583 1098 88 157775 157869 14.0827 2240300000000 2364200000000 1830300000000 1572900000000 1067700000000 24.6603 19.57 0.03783 0.7392 0.59559 -8.47727 20.8494 -0.81059 0.7728 0.60649 -9.04068 15.341 -6.73551 0.5192 3158000000000 772200000000
 0.9900   667414 1.0000   675583      1       -1       -1       -1  0 2.13833e+12 2.13500e+12 264.557000 10.425000 212.500000  1 0.1800 252.690000 26.10318 7.62805 41.43944 106.680 126.420 310.900 3.912e+12 2.346e+12 -3.977e+12 0.04784 157777 157777 675583 1119 87 157775 157869 16.666 2230700000000 2354600000000 1782700000000 1582500000000 1010500000000 24.7896 19.52 0.04086 0.65805 0.57795 -8.06381 22.2768 5.03409 0.74787 0.61539 -5.9076 18.5938 5.04323 0.4878 2990000000000 715000000000
 0.9800   659069 0.9900   667414      1       -1       -1       -1  0 2.13500e+12 2.13500e+12 265.666000 11.753000 212.940000  1 0.1800 249.970000 26.09203 7.61176 41.40395 103.650 130.390 295.730 3.521e+12 1.420e+12 -3.223e+12 0.03987 157778 157778 675583 1101 86 157775 157869 17.6373 2202100000000 2354600000000 1820800000000 1572900000000 972370000000 19.2687 22.55 0.03372 0.65116 0.58434 -12.5668 21.1931 3.01401 0.70143 0.60845 -9.01109 18.7429 3.30132 0.4824 3120000000000 695900000000
 0.9700   650754 0.9800   659069      1       -1       -1       -1  0 2.12567e+12 2.13500e+12 266.773000 11.958000 213.260000  1 0.1800 251.790000 26.08105 7.60049 41.36745 97.530 119.640 292.340 3.874e+12 1.260e+12 -3.016e+12 0.04106 157779 157779 675583 277 85 157775 157869 17.4272 2164000000000 2326100000000 1839900000000 1582500000000 943770000000 18.8434 17.9 0.03443 0.61027 0.54037 -12.7904 19.8245 1.7629 0.62122 0.5219 -9.59928 17.5717 1.87755 0.4749 3004000000000 734000000000
 0.9600   642450 0.9700   650754      1       -1       -1       -1  0 2.10667e+12 2.10700e+12 266.678000 9.827000 212.480000  1 0.1800 259.900000 26.07234 7.57711 41.33765 91.670 122.610 284.040 3.666e+12 1.939e+12 -3.146e+12 0.04407 157780 157780 675583 274 84 157775 157869 15.3926 2125900000000 2326100000000 1878000000000 1592000000000 991430000000 13.6093 16.57 0.03627 0.84113 0.66904 -15.2268 20.5565 -0.58738 0.88478 0.6445 -8.09263 20.181 2.45012 0.4638 3012000000000 753100000000
 0.9500   634156 0.9600   642450      1       -1       -1       -1  0 2.10033e+12 2.07800e+12 266.560000 11.579000 214.280000  1 0.1800 263.370000 26.06131 7.56791 41.30614 86.990 127.140 283.510 3.910e+12 1.475e+12 -3.642e+12 0.04888 157781 157781 675583 1326 83 157775 157869 14.5865 2116300000000 2278400000000 1849400000000 1544300000000 1010500000000 16.4911 22.77 0.03965 0.85401 0.74134 17.7516 -6.26166 15.0673 0.92795 0.77031 13.245 -1.20464 14.6686 0.461 2958000000000 781700000000
 0.9400   625867 0.9500   634156      1       -1       -1       -1  0 2.10033e+12 2.10700e+12 268.874000 10.529000 218.850000  1 0.1800 277.880000 26.05167 7.54981 41.27641 86.330 129.140 270.440 4.072e+12 1.982e+12 -3.887e+12 0.05189 157782 157782 675583 2316 82 157775 157869 12.5115 2116300000000 2268900000000 1839900000000 1525300000000 981900000000 15.0543 23.96 0.04186 0.88221 0.71592 14.2478 1.94237 17.7256 0.93422 0.68946 8.33472 4.62102 16.9566 0.465 3012000000000 772200000000
 0.9300   617554 0.9400   625867      1       -1       -1       -1  0 2.10033e+12 2.09700e+12 269.562000 11.139000 217.450000  1 0.1800 272.040000 26.04187 7.52821 41.24731 86.120 118.270 264.180 4.636e+12 2.080e+12 -3.950e+12 0.05687 157783 157783 675583 1337 81 157775 157869 13.5969 2116300000000 2259300000000 1849400000000 1525300000000 1048600000000 15.5174 17.68 0.04563 0.91311 0.70911 18.403 -8.33293 10.4641 0.92976 0.73865 -10.1936 15.5742 -5.52504 0.4583 2983000000000 819800000000
 0.9200   609215 0.9300   617554      1       -1       -1       -1  0 2.10033e+12 2.08800e+12 270.242000 12.483000 213.460000  1 0.1800 261.880000 26.02987 7.51272 41.21053 77.090 118.170 253.580 4.594e+12 1.759e+12 -3.785e+12 0.05544 157784 157784 675583 285 80 157775 157869 15.7437 2097300000000 2240300000000 1830300000000 1563400000000 1048600000000 17.1669 13.1 0.04449 0.85826 0.62087 21.7773 -11.3978 6.26128 0.83767 0.63205 -15.5978 14.9964 -1.26689 0.4487 2958000000000 743600000000
 0.9100   600865 0.9200   609215      1       -1       -1       -1  0 2.10033e+12 2.08800e+12 271.329000 10.977000 206.560000  1 0.1800 262.040000 26.02097 7.50222 41.18232 67.300 119.780 244.340 4.528e+12 1.717e+12 -3.880e+12 0.05558 157785 157785 675583 297 79 157775 157869 15.9733 2097300000000 2240300000000 1820800000000 1592000000000 1077200000000 17.6963 13.62 0.04463 0.91433 0.6057 23.9238 -8.33084 11.7419 0.8982 0.60632 -10.5011 22.098 -1.03847 0.4316 2985000000000 715000000000
 0.9000   592516 0.9100   600865      1       -1       -1       -1  0 2.10033e+12 2.09700e+12 272.828000 10.874000 205.550000  1 0.1800 259.300000 26.01611 7.48500 41.14668 62.920 117.780 242.570 4.583e+12 2.198e+12 -4.014e+12 0.05811 157786 157786 675583 1324 78 157775 157869 17.0214 2125900000000 2221200000000 1811300000000 1563400000000 1058200000000 12.797 16.5 0.0464 0.94936 0.61847 13.1163 11.656 11.7151 0.89838 0.61034 -1.48299 18.6195 2.60456 0.424 3010000000000 667300000000
 0.8900   584117 0.9000   592516      1       -1       -1       -1  0 2.08767e+12 2.11600e+12 274.738000 9.939000 205.550000  1 0.1800 262.430000 26.00571 7.47047 41.11809 55.370 114.740 229.800 5.068e+12 1.991e+12 -4.510e+12 0.06291 157787 157787 675583 1343 77 157775 157869 16.7978 2125900000000 2230700000000 1792200000000 1601500000000 1115400000000 12.8341 14.53 0.05007 0.81344 0.66231 0.62695 24.5738 -1.17606 0.71965 0.62583 -2.63132 22.4756 -0.70341 0.4192 3041000000000 743600000000
 0.8800   575741 0.8900   584117      1       -1       -1       -1  0 2.06233e+12 2.05000e+12 272.891000 9.043000 209.440000  1 0.1800 265.610000 25.99788 7.45117 41.08725 60.710 98.890 227.870 4.783e+12 1.821e+12 -3.348e+12 0.05934 157788 157788 675583 2358 76 157775 157869 15.5521 2106800000000 2202100000000 1792200000000 1601500000000 1105800000000 12.1688 6.29 0.04586 0.95376 0.83303 7.56491 20.3672 3.47494 0.93941 0.79925 -3.41592 18.2667 -6.49782 0.4168 3044000000000 762600000000
 0.8700   567284 0.8800   575741      1       -1       -1       -1  0 2.02433e+12 2.02100e+12 272.679000 10.091000 209.250000  1 0.1800 268.610000 25.99057 7.43244 41.05361 65.110 92.450 213.800 4.289e+12 2.324e+12 -2.249e+12 0.05448 157789 157789 675583 1360 75 157775 157869 14.8669 2021000000000 2183100000000 1773100000000 1592000000000 1144000000000 12.7263 11.69 0.04139 0.87831 0.84381 2.76417 20.5899 5.05027 0.81503 0.72315 -7.05912 16.1807 7.17722 0.4086 3059000000000 762600000000
 0.8600   558823 0.8700   567284      1       -1       -1       -1  0 2.00833e+12 2.00200e+12 272.875000 10.253000 207.080000  1 0.1800 269.040000 25.98246 7.41416 41.02037 61.000 100.890 200.620 4.316e+12 1.981e+12 -1.935e+12 0.05265 157790 157790 675583 1358 74 157775 157869 14.8297 2001900000000 2183100000000 1773100000000 1534800000000 1020000000000 15.352 12.29 0.04029 0.98904 0.69749 12.6317 17.6897 13.9531 0.90037 0.62905 -14.0696 17.8881 -6.34077 0.4072 2771000000000 772200000000
 0.8500   550392 0.8600   558823      1       -1       -1       -1  0 1.99233e+12 2.00200e+12 273.927000 10.603000 199.830000  1 0.1800 267.640000 25.97674 7.40793 40.99547 57.090 102.630 192.700 4.412e+12 2.223e+12 -2.355e+12 0.05690 157791 157791 675583 324 73 157775 157869 15.3887 2001900000000 2154500000000 1792200000000 1553900000000 953300000000 8.90165 13.85 0.04317 0.94381 0.68146 18.7782 11.0356 14.3837 0.95574 0.632 17.7698 -6.18605 13.8315 0.3849 2873000000000 772200000000
 0.8400   541872 0.8500   550392      1       -1       -1       -1  0 1.97633e+12 1.97300e+12 273.659000 12.447000 193.300000  1 0.1800 262.420000 25.96500 7.39411 40.96764 54.210 88.640 188.270 4.072e+12 1.937e+12 -1.417e+12 0.05095 157792 157792 675583 1380 72 157775 157869 16.4816 1973300000000 2135400000000 1773100000000 1553900000000 1001000000000 9.82973 14.75 0.03835 0.94342 0.80633 9.64089 20.5319 6.25565 0.97248 0.81205 11.6701 -12.05 11.9219 0.3662 2778000000000 638700000000
 0.8300   533349 0.8400   541872      1       -1       -1       -1  0 1.95100e+12 1.95400e+12 273.810000 10.603000 192.010000  1 0.1800 260.940000 25.95564 7.38623 40.93754 45.700 89.720 179.800 3.403e+12 1.521e+12 -1.369e+12 0.04399 157793 157793 675583 3386 71 157775 157869 16.8946 1954300000000 2154500000000 1782700000000 1572900000000 972370000000 10.2429 11.27 0.03287 0.90386 0.82078 8.14879 21.1523 -4.56602 0.95221 0.86114 -3.98519 16.7367 -10.8243 0.3593 2640000000000 695900000000
 0.8200   524769 0.8300   533349      1       -1       -1       -1  0 1.94467e+12 1.92600e+12 273.493000 10.376000 187.890000  1 0.1800 256.940000 25.94707 7.36765 40.91034 33.470 81.510 178.260 3.243e+12 1.694e+12 -1.205e+12 0.04400 157794 157794 675583 1374 70 157775 157869 17.8423 1925700000000 2144900000000 1725500000000 1553900000000 953300000000 10.2029 14.76 0.03282 0.93181 0.87112 9.53369 22.6606 4.97964 0.9413 0.81825 2.87856 11.5323 19.4481 0.349 2593000000000 667300000000
 0.8100   516128 0.8200   524769      1       -1       -1       -1  0 1.94467e+12 1.95400e+12 275.867000 11.467000 188.760000  1 0.1800 257.890000 25.93674 7.36581 40.87827 37.310 83.260 178.580 2.600e+12 1.373e+12 -1.002e+11 0.03271 157795 157795 675583 318 69 157775 157869 18.3771 1954300000000 2173500000000 1725500000000 1525300000000 962830000000 14.5895 8.16 0.02456 0.88534 0.69956 11.5261 -3.72037 19.5902 0.80258 0.57613 10.4155 -2.95892 18.5768 0.3499 2551000000000 638700000000
 0.8000   507459 0.8100   516128      1       -1       -1       -1  0 1.94133e+12 1.95400e+12 276.887000 13.722000 189.010000  1 0.1800 271.690000 25.93555 7.34622 40.84589 43.490 86.780 183.420 1.605e+12 1.450e+12 -3.206e+11 0.02473 157796 157796 675583 1407 68 157775 157869 15.4351 1954300000000 2173500000000 1696900000000 1544300000000 972370000000 8.45665 15.6 0.01833 0.97575 0.77301 7.9334 -4.94692 22.793 0.97853 0.62311 5.61568 -1.07808 21.926 0.3424 2620000000000 743600000000
 0.7900   498824 0.8000   507459      1       -1       -1       -1  0 1.94133e+12 1.90700e+12 275.625000 9.093000 185.360000  1 0.1800 277.990000 25.93096 7.33671 40.80999 34.310 83.970 176.180 2.055e+12 2.063e+12 -4.697e+10 0.03512 157797 157797 675583 1399 67 157775 157869 13.9602 1925700000000 2135400000000 1706400000000 1496700000000 972370000000 7.30493 9.89 0.02556 0.91292 0.80434 -2.36236 24.5679 -8.08168 0.96132 0.74297 -10.0824 15.964 13.5069 0.3269 2664000000000 772200000000
 0.7800   490186 0.7900   498824      1       -1       -1       -1  0 1.94133e+12 1.93500e+12 278.002000 12.437000 183.900000  1 0.1800 263.390000 25.91924 7.33124 40.78164 24.810 83.500 171.430 1.404e+12 1.856e+12 -1.869e+11 0.02699 157798 157798 675583 1402 66 157775 157869 17.7614 1935200000000 2049600000000 1687300000000 1439500000000 943770000000 16.0682 12.21 0.02008 0.80626 0.74471 -9.80939 23.1218 -1.26412 0.77598 0.75746 16.1401 -15.1061 -1.61731 0.3286 2417000000000 686400000000
 0.7700   481494 0.7800   490186      1       -1       -1       -1  0 1.94133e+12 1.93500e+12 279.003000 13.886000 179.370000  1 0.1800 264.970000 25.91512 7.31013 40.75516 22.200 72.160 167.240 9.461e+11 1.286e+12 2.222e+11 0.01877 157799 157799 675583 1403 65 157775 157869 17.7362 1935200000000 2030500000000 1744500000000 1458500000000 943770000000 15.5535 18.05 0.01393 0.87807 0.77156 -13.7703 19.0384 -5.32245 0.86689 0.71976 19.1045 -8.68431 3.55791 0.3144 2459000000000 686400000000
 0.7600   472790 0.7700   481494      1       -1       -1       -1  0 1.92867e+12 1.95400e+12 280.914000 15.106000 175.350000  1 0.1800 258.060000 25.91377 7.28799 40.72538 12.410 79.420 165.130 7.440e+10 1.389e+12 4.474e+11 0.01680 157800 157800 675583 1413 64 157775 157869 20.3974 1954300000000 2030500000000 1754100000000 1410900000000 943770000000 12.3195 18.57 0.01248 0.78005 0.67822 13.049 -7.98197 21.2385 0.76502 0.5506 8.05982 -3.00219 21.4493 0.3017 2396000000000 657800000000
 0.7500   464055 0.7600   472790      1       -1       -1       -1  0 1.92267e+12 1.89700e+12 279.128000 19.726000 166.240000  1 0.1800 253.190000 25.91297 7.26381 40.68336 24.270 82.800 156.330 2.845e+11 8.117e+11 5.020e+11 0.01209 157801 157801 675583 1439 63 157775 157869 21.4355 1897100000000 2021000000000 1773100000000 1429900000000 838900000000 11.8355 10.97 0.00898 0.80818 0.69082 12.741 -9.55614 21.897 0.77218 0.56457 6.47735 -5.01797 23.4138 0.2819 2321000000000 838900000000
 0.7400   455264 0.7500   464055      1       -1       -1       -1  0 1.92267e+12 1.91600e+12 281.038000 16.183000 163.290000  1 0.1800 250.810000 25.91061 7.24950 40.65553 17.430 86.280 148.370 4.164e+11 7.175e+11 7.659e+11 0.01349 157802 157802 675583 329 62 157775 157869 23.2023 1916100000000 2001900000000 1744500000000 1487100000000 810300000000 10.1335 9.79 0.01006 0.86748 0.6832 14.9363 -10.5013 26.8791 0.74521 0.49555 7.12793 -5.86253 29.9664 0.2728 2367000000000 695900000000
 0.7300   446438 0.7400   455264      1       -1       -1       -1  0 1.92267e+12 1.91600e+12 282.009000 16.073000 167.260000  1 0.1800 260.990000 25.91126 7.22380 40.63425 13.440 76.640 144.380 3.179e+11 4.783e+11 3.772e+11 0.00835 157803 157803 675583 1415 61 157775 157869 20.2398 1925700000000 2021000000000 1735000000000 1487100000000 905630000000 10.4642 8.96 0.00616 0.88841 0.60094 21.3628 -15.7309 16.2949 0.80527 0.40293 6.79236 -3.68909 29.1106 0.2748 2292000000000 686400000000
 0.7200   437566 0.7300   446438      1       -1       -1       -1  0 1.92267e+12 1.89700e+12 282.032000 14.691000 174.530000  1 0.1800 271.500000 25.91418 7.20336 40.60896 17.520 77.800 137.660 1.505e+11 2.376e+11 6.705e+11 0.00923 157804 157804 675583 1428 60 157775 157869 17.5181 1897100000000 2021000000000 1754100000000 1468100000000 943770000000 12.7324 8.94 0.00666 0.83192 0.66109 -18.262 21.7875 0.69307 0.89116 0.61578 -12.3989 18.8286 8.96941 0.2826 2397000000000 676800000000
 0.7100   428630 0.7200   437566      1       -1       -1       -1  0 1.92267e+12 1.92600e+12 284.400000 15.326000 176.150000  1 0.1800 272.090000 25.90329 7.19474 40.58102 14.330 65.140 132.640 2.499e+11 1.744e+11 1.075e+12 0.01401 157805 157805 675583 1447 59 157775 157869 18.2149 1925700000000 1992400000000 1782700000000 1506200000000 943770000000 6.56548 12.03 0.01003 0.76125 0.70338 -13.7149 17.4095 8.27068 0.79227 0.65876 -9.88367 13.0707 12.6646 0.279 2381000000000 715000000000
 0.7000   419654 0.7100   428630      1       -1       -1       -1  0 1.92267e+12 1.90700e+12 284.405000 14.580000 170.650000  1 0.1800 266.820000 25.89391 7.18187 40.52954 15.560 64.970 135.950 5.648e+11 9.163e+10 2.634e+11 0.00802 157806 157806 675583 1450 58 157775 157869 19.7973 1906600000000 2011500000000 1773100000000 1496700000000 905630000000 22.0638 20.51 0.00578 0.83286 0.71738 -15.1783 22.5719 -0.26312 0.85393 0.68887 -12.3443 20.5433 0.89962 0.2689 2317000000000 657800000000
 0.6900   410661 0.7000   419654      1       -1       -1       -1  0 1.92267e+12 1.90700e+12 285.344000 18.007000 165.400000  1 0.1800 259.280000 25.88705 7.17111 40.49398 14.480 68.280 125.880 7.164e+11 -2.358e+10 2.479e+11 0.00950 157807 157807 675583 1450 57 157775 157869 22.7663 1906600000000 1982900000000 1773100000000 1496700000000 896100000000 32.7588 15.98 0.007 0.82587 0.58485 -18.9204 16.5484 -20.1785 0.83875 0.53531 -13.5166 14.4278 -19.864 0.2633 2190000000000 734000000000
 0.6800   401654 0.6900   410661      1       -1       -1       -1  0 1.92267e+12 1.92600e+12 287.225000 24.783000 160.400000  1 0.1800 253.140000 25.88181 7.15147 40.46251 9.660 66.260 115.450 2.226e+11 2.722e+09 2.746e+11 0.00433 157808 157808 675583 1467 56 157775 157869 26.3156 1925700000000 2011500000000 1773100000000 1468100000000 714970000000 38.9038 11.19 0.00323 0.80286 0.57068 19.1845 -13.5963 13.7643 0.84209 0.57617 14.8369 -12.2655 12.7997 0.253 2118000000000 953300000000
 0.6700   392665 0.6800   401654      1       -1       -1       -1  0 1.91933e+12 1.93500e+12 288.625000 18.553000 159.570000  1 0.1800 253.190000 25.88003 7.14161 40.45340 9.190 69.020 102.130 -2.563e+10 -2.907e+11 3.109e+11 0.00528 157809 157809 675583 338 55 157775 157869 27.2959 1935200000000 1992400000000 1735000000000 1506200000000 743570000000 26.3849 12.79 0.00388 0.77746 0.59054 20.6131 -14.2278 8.51053 0.8535 0.60512 17.978 -12.9506 4.43648 0.243 2215000000000 695900000000
 0.6600   383697 0.6700   392665      1       -1       -1       -1  0 1.91600e+12 1.89700e+12 287.627000 22.047000 162.500000  1 0.1800 258.510000 25.87415 7.12415 40.41787 2.840 63.040 95.040 -2.665e+11 -1.355e+11 8.617e+10 0.00403 157810 157810 675583 347 54 157775 157869 24.7996 1925700000000 2001900000000 1715900000000 1515700000000 810300000000 36.3261 11.1 0.00295 0.75448 0.5428 25.7506 -18.5414 14.4061 0.7989 0.42487 20.4896 -18.2943 13.6777 0.2465 2169000000000 858000000000
 0.6500   374636 0.6600   383697      1       -1       -1       -1  0 1.89733e+12 1.91600e+12 289.492000 16.640000 167.250000  1 0.1800 271.880000 25.88726 7.10791 40.41408 -2.350 64.060 92.880 -1.094e+11 2.567e+10 1.987e+11 0.00300 157811 157811 675583 1483 53 157775 157869 21.1143 1916100000000 1954300000000 1773100000000 1515700000000 896100000000 15.7192 5.71 0.00214 0.83611 0.62696 24.2254 -14.9773 11.3637 0.753 0.65586 20.2423 -5.21808 18.6506 0.2454 2212000000000 695900000000
 0.6400   365552 0.6500   374636      1       -1       -1       -1  0 1.89733e+12 1.86900e+12 287.958000 18.300000 164.560000  1 0.1800 273.100000 25.88000 7.09238 40.38413 -6.580 69.430 85.270 -1.931e+10 -6.796e+10 1.217e+11 0.00196 157812 157812 675583 1474 52 157775 157869 20.4589 1878000000000 1925700000000 1811300000000 1458500000000 896100000000 24.9642 12.76 0.00138 0.74355 0.65652 -23.4212 25.5908 -1.89081 0.74171 0.65179 22.5008 -17.412 8.15932 0.2373 2254000000000 800800000000
 0.6300   356433 0.6400   365552      1       -1       -1       -1  0 1.89733e+12 1.90700e+12 290.787000 19.070000 157.870000  1 0.1800 276.500000 25.89221 7.06769 40.36816 -11.490 67.090 76.880 -4.348e+10 -6.423e+10 8.844e+10 0.00157 157813 157813 675583 2546 51 157775 157869 20.7158 1906600000000 1916100000000 1811300000000 1458500000000 896100000000 14.9779 16.94 0.00113 0.75802 0.64421 -14.0946 27.8705 6.07221 0.89189 0.64006 -15.248 21.4307 -3.54393 0.225 2143000000000 829400000000
 0.6200   347325 0.6300   356433      1       -1       -1       -1  0 1.89733e+12 1.90700e+12 291.659000 24.542000 155.120000  1 0.1800 265.830000 25.88609 7.05898 40.34821 -16.950 70.380 80.690 2.815e+10 -5.224e+09 -6.979e+11 0.00911 157814 157814 675583 1472 50 157775 157869 25.0312 1906600000000 1916100000000 1811300000000 1401400000000 848440000000 25.7259 17.13 0.00673 0.81578 0.7002 24.2506 -19.6976 -2.84863 0.77034 0.50079 24.3406 -9.88065 7.56402 0.2262 2003000000000 953300000000
 0.6100   338196 0.6200   347325      1       -1       -1       -1  0 1.86867e+12 1.87800e+12 291.050000 20.333000 151.570000  1 0.1800 263.590000 25.89688 7.02512 40.32151 -25.460 62.870 81.090 1.876e+11 -1.413e+11 -6.393e+11 0.00922 157815 157815 675583 1468 49 157775 157869 26.0691 1878000000000 1906600000000 1801700000000 1458500000000 753110000000 19.9072 17.04 0.00677 0.82892 0.73405 12.1131 12.3925 21.4212 0.67336 0.50316 10.5642 6.78571 22.8134 0.2168 1976000000000 734000000000
 0.6000   329033 0.6100   338196      1       -1       -1       -1  0 1.82400e+12 1.82100e+12 288.901000 22.558000 146.950000  1 0.1800 260.950000 25.92336 7.00605 40.30045 -23.780 58.170 76.380 2.616e+11 -2.291e+11 -7.805e+11 0.01241 157816 157816 675583 2456 48 157775 157869 26.6213 1820800000000 1849400000000 1725500000000 1372800000000 772170000000 17.2793 10.31 0.00901 0.95136 0.74905 8.214 19.0871 26.2616 0.80631 0.54295 9.10778 8.43237 29.426 0.2031 1943000000000 819800000000
 0.5900   319834 0.6000   329033      1       -1       -1       -1  0 1.78267e+12 1.77300e+12 287.176000 25.972000 142.590000  1 0.1800 260.780000 25.93415 6.98728 40.27300 -24.630 55.800 73.210 3.394e+11 -8.736e+10 -8.196e+11 0.01363 157817 157817 675583 2588 47 157775 157869 26.3238 1773100000000 1820800000000 1744500000000 1410900000000 772170000000 17.8889 9.85 0.00989 0.82594 0.67456 28.4155 -17.0978 19.4254 0.83202 0.54833 22.3973 -12.6375 22.6119 0.1943 1855000000000 924700000000
 0.5800   310583 0.5900   319834      1       -1       -1       -1  0 1.76667e+12 1.75400e+12 286.946000 28.533000 140.860000  1 0.1800 245.860000 25.90728 6.97455 40.21447 -17.490 55.070 73.040 4.732e+11 2.631e+11 -7.475e+11 0.01392 157818 157818 675583 1445 46 157775 157869 35.1108 1754100000000 1773100000000 1696900000000 1410900000000 524310000000 25.7265 3.35 0.0105 0.58269 0.39381 37.6032 -10.5546 21.4091 0.50752 0.3006 32.2669 -5.7351 21.7536 0.2025 1849000000000 877000000000
 0.5700   301355 0.5800   310583      1       -1       -1       -1  0 1.75733e+12 1.77300e+12 288.775000 27.501000 136.390000  1 0.1800 255.190000 25.93345 6.93977 40.21904 -19.880 58.680 69.890 4.383e+11 1.199e+11 -5.392e+11 0.01073 157819 157819 675583 1478 45 157775 157869 31.1216 1773100000000 1773100000000 1687300000000 1296500000000 657780000000 15.2461 10.33 0.00794 0.85857 0.64799 27.1447 -11.3256 14.614 0.73361 0.61011 22.3684 0.97395 18.1147 0.1835 1735000000000 848400000000
 0.5600   292100 0.5700   301355      1       -1       -1       -1  0 1.74767e+12 1.74500e+12 287.991000 37.774000 132.730000  1 0.1800 252.190000 25.95319 6.91170 40.20109 -21.440 51.570 69.010 4.406e+11 3.168e+11 -1.616e+10 0.00849 157820 157820 675583 1448 44 157775 157869 33.1569 1744500000000 1744500000000 1668300000000 1229800000000 676840000000 25.4267 7.08 0.00633 0.87099 0.69645 -17.6083 31.7584 -1.60502 0.8973 0.63325 0.74008 24.9151 18.2892 0.1774 1601000000000 1115000000000
 0.5500   282845 0.5600   292100      1       -1       -1       -1  0 1.70967e+12 1.72500e+12 287.699000 28.438000 126.540000  1 0.1800 255.780000 25.95756 6.90065 40.16297 -23.540 46.930 66.500 6.617e+11 1.720e+11 -2.280e+11 0.01143 157821 157821 675583 1432 43 157775 157869 31.5614 1725500000000 1725500000000 1620600000000 1191600000000 562450000000 15.3238 7.14 0.00862 0.96908 0.68627 20.3293 7.20049 28.6135 0.72244 0.52109 3.05969 12.3842 28.1243 0.1662 1648000000000 915200000000
 0.5400   273621 0.5500   282845      1       -1       -1       -1  0 1.65233e+12 1.65900e+12 284.679000 24.752000 126.910000  1 0.1800 254.810000 25.97066 6.88682 40.14389 -22.760 42.860 67.570 5.667e+11 2.219e+11 -1.841e+11 0.01111 157822 157822 675583 1421 42 157775 157869 31.0169 1658700000000 1696900000000 1506200000000 1182100000000 610110000000 10.2428 8.95 0.00818 0.77541 0.56535 19.1111 12.5917 26.6047 0.67854 0.41401 13.0947 12.8158 25.3517 0.161 1544000000000 753100000000
 0.5300   264373 0.5400   273621      1       -1       -1       -1  0 1.59200e+12 1.57300e+12 280.394000 21.159000 122.610000  1 0.1800 249.640000 25.97473 6.87589 40.11696 -22.510 37.340 65.600 9.029e+11 2.496e+11 -1.051e+10 0.01839 157823 157823 675583 1450 41 157775 157869 32.1705 1572900000000 1611100000000 1496700000000 1201200000000 610110000000 1.8317 9.81 0.01328 0.84677 0.53211 17.5888 23.3615 25.1533 0.82301 0.51472 14.2123 19.0761 23.0006 0.1474 1563000000000 619600000000
 0.5200   255130 0.5300   264373      1       -1       -1       -1  0 1.55367e+12 1.54400e+12 279.378000 32.393000 121.830000  1 0.1800 252.180000 25.98932 6.83480 40.08304 -16.410 38.610 57.660 9.254e+11 1.666e+11 9.721e+10 0.01918 157824 157824 675583 1419 40 157775 157869 30.858 1544300000000 1572900000000 1496700000000 1239300000000 457580000000 24.9967 5.46 0.01393 0.86496 0.65882 -1.3612 29.6033 6.65784 0.81735 0.59784 -6.72535 26.1085 5.19653 0.1468 1570000000000 981900000000
 0.5100   245880 0.5200   255130      1       -1       -1       -1  0 1.54100e+12 1.54400e+12 280.057000 25.585000 121.050000  1 0.1800 249.900000 25.99357 6.82186 40.05935 -18.570 33.400 54.030 7.754e+11 -4.938e+10 -1.581e+11 0.01629 157825 157825 675583 7926 39 157775 157869 33.6726 1544300000000 1553900000000 1496700000000 1220200000000 591050000000 23.8527 3.39 0.01179 0.90378 0.70772 -4.29074 32.338 9.94455 0.79995 0.59117 -2.17232 25.5008 17.8708 0.1418 1547000000000 743600000000
 0.5000   236701 0.5100   245880      1       -1       -1       -1  0 1.54100e+12 1.53500e+12 280.143000 23.283000 122.740000  1 0.1800 263.360000 25.99730 6.82115 40.03679 -19.360 28.490 53.200 5.621e+11 -7.201e+10 -2.956e+11 0.01366 157826 157826 675583 1382 38 157775 157869 27.1955 1534800000000 1534800000000 1515700000000 1134400000000 657780000000 13.9243 5.48 0.00968 0.91319 0.66024 -18.7257 31.5117 0.7961 0.8733 0.63361 -6.7156 29.4337 10.6354 0.139 1558000000000 743600000000
 0.4900   227523 0.5000   236701      1       -1       -1       -1  0 1.52833e+12 1.54400e+12 281.371000 23.823000 123.760000  1 0.1800 268.280000 26.00649 6.80771 40.02322 -20.890 20.290 50.830 6.565e+11 -1.716e+11 -3.175e+11 0.01598 157827 157827 675583 2473 37 157775 157869 26.431 1544300000000 1544300000000 1496700000000 1210700000000 686380000000 12.3483 11.55 0.01133 0.87048 0.60137 -15.8268 26.9846 -2.09011 0.75414 0.50301 -4.90403 26.8478 9.45971 0.1391 1549000000000 734000000000
 0.4800   218371 0.4900   227523      1       -1       -1       -1  0 1.51233e+12 1.50600e+12 279.665000 33.809000 123.410000  1 0.1800 261.620000 26.01710 6.80646 40.00452 -19.170 22.550 43.630 4.771e+11 -2.287e+11 -3.867e+11 0.01484 157828 157828 675583 1391 36 157775 157869 29.5173 1506200000000 1506200000000 1487100000000 1229800000000 533850000000 8.36273 7.99 0.01043 0.82128 0.62516 -13.9253 29.3841 -4.60117 0.67137 0.50017 -7.18776 28.543 6.94463 0.1366 1529000000000 991400000000
 0.4700   209230 0.4800   218371      1       -1       -1       -1  0 1.49333e+12 1.48700e+12 279.092000 32.645000 117.220000  1 0.1800 259.920000 26.03298 6.79854 39.97416 -20.490 23.420 39.400 3.789e+11 -1.587e+11 -4.377e+11 0.01369 157829 157829 675583 2449 35 157775 157869 31.1134 1487100000000 1487100000000 1439500000000 1163000000000 533850000000 8.6599 6.55 0.00985 0.80846 0.51104 -10.5402 36.6105 -3.71329 0.66859 0.28228 -9.79667 33.365 2.91391 0.1304 1519000000000 915200000000
 0.4600   200126 0.4700   209230      1       -1       -1       -1  0 1.49033e+12 1.48700e+12 279.687000 31.203000 113.340000  1 0.1800 254.260000 26.04756 6.79446 39.95506 -24.390 26.370 38.240 2.640e+11 -2.565e+11 -2.375e+11 0.00989 157830 157830 675583 1372 34 157775 157869 36.4812 1496700000000 1496700000000 1401400000000 1105800000000 476650000000 14.8003 5.39 0.00726 0.76664 0.52622 -12.8731 39.8123 -12.762 0.68362 0.3461 -12.6085 37.3042 -8.19374 0.1255 1410000000000 829400000000
 0.4500   191085 0.4600   200126      1       -1       -1       -1  0 1.49033e+12 1.48700e+12 280.266000 39.102000 108.590000  1 0.1800 247.460000 26.05714 6.77510 39.92970 -24.130 23.180 38.740 2.346e+11 -1.816e+10 -2.229e+11 0.00727 157831 157831 675583 297 33 157775 157869 44.8766 1487100000000 1477600000000 1420400000000 991430000000 467120000000 5.30821 3.59 0.00543 0.68208 0.46728 -10.2896 37.27 -6.08098 0.56428 0.41204 -13.5099 29.596 -7.24928 0.1174 1342000000000 953300000000
 0.4400   182046 0.4500   191085      1       -1       -1       -1  0 1.49033e+12 1.49700e+12 281.428000 51.326000 105.430000  1 0.1800 245.050000 26.08146 6.75414 39.91298 -23.420 21.390 38.710 2.041e+11 1.395e+11 -1.719e+11 0.00668 157832 157832 675583 281 32 157775 157869 51.8186 1496700000000 1487100000000 1410900000000 1039100000000 428980000000 4.02843 3.45 0.00504 0.78587 0.64957 -10.7555 31.5739 -10.5457 0.61266 0.52123 -7.75067 20.9983 -16.2493 0.1107 1286000000000 1192000000000
 0.4300   173034 0.4400   182046      1       -1       -1       -1  0 1.48100e+12 1.48700e+12 281.375000 46.116000 101.590000  1 0.1800 246.360000 26.08726 6.75280 39.88108 -22.350 21.770 34.240 2.889e+11 1.464e+11 3.429e+10 0.00727 157833 157833 675583 1315 31 157775 157869 52.8911 1487100000000 1449000000000 1401400000000 962830000000 428980000000 21.8977 2.19 0.00557 0.82267 0.49373 -16.0564 42.8842 -9.72362 0.85044 0.52427 -17.4973 28.3669 -16.4678 0.1043 1275000000000 1039000000000
 0.4200   164094 0.4300   173034      1       -1       -1       -1  0 1.48100e+12 1.45900e+12 280.086000 51.663000 101.960000  1 0.1800 251.350000 26.10504 6.74836 39.85570 -20.410 23.190 31.960 3.254e+11 1.130e+11 1.280e+11 0.00853 157834 157834 675583 1338 30 157775 157869 47.5277 1468100000000 1468100000000 1391800000000 972370000000 362250000000 28.2825 4.29 0.00656 0.77164 0.52844 -10.1982 40.9219 -10.1476 0.88107 0.54393 -5.76858 32.9578 -6.05539 0.1047 1246000000000 1115000000000
 0.4100   155228 0.4200   164094      1       -1       -1       -1  0 1.47133e+12 1.49700e+12 283.019000 56.973000 101.220000  1 0.1800 256.290000 26.12024 6.71874 39.83796 -20.890 22.700 33.600 7.584e+11 1.395e+11 -2.044e+11 0.01789 157835 157835 675583 1285 29 157775 157869 48.1074 1496700000000 1496700000000 1382300000000 981900000000 305060000000 18.1292 5.46 0.01379 0.7585 0.46959 -1.82115 42.1145 -4.77406 0.70047 0.28452 -12.1559 31.8357 -15.4235 0.1008 1265000000000 1258000000000
 0.4000   146479 0.4100   155228      1       -1       -1       -1  0 1.47133e+12 1.43900e+12 279.855000 57.516000 100.240000  1 0.1800 252.280000 26.14903 6.71244 39.82726 -19.550 20.830 31.220 6.251e+11 -6.058e+10 1.922e+11 0.01617 157836 157836 675583 1264 28 157775 157869 52.1845 1439500000000 1429900000000 1382300000000 934230000000 428980000000 15.4734 5.13 0.01225 0.62123 0.56089 -11.1642 41.796 -14.8533 0.52363 0.44013 -14.0484 30.615 -17.1142 0.0954 1257000000000 1287000000000
 0.3900   137807 0.4000   146479      1       -1       -1       -1  0 1.46167e+12 1.47800e+12 282.781000 93.486000 99.860000  1 0.1800 254.770000 26.17288 6.69887 39.81329 -22.800 20.770 24.490 6.954e+11 -3.757e+10 2.372e+11 0.01742 157837 157837 675583 1216 27 157775 157869 56.854 1477600000000 1477600000000 1439500000000 934230000000 409920000000 11.0006 5.74 0.0133 0.68334 0.39083 17.0589 -20.6005 22.9792 0.60575 0.39373 16.2293 -16.2512 16.1722 0.0929 1267000000000 1659000000000
 0.3800   129344 0.3900   137807      1       -1       -1       -1  0 1.44900e+12 1.46800e+12 282.629000 82.401000 97.810000  1 0.1800 255.650000 26.18218 6.67406 39.80169 -24.570 21.940 24.000 6.949e+11 -1.429e+11 3.678e+10 0.01704 157838 157838 675583 2240 26 157775 157869 59.697 1477600000000 1477600000000 1382300000000 962830000000 257390000000 8.64391 5.54 0.01314 0.45185 0.31255 15.0644 -18.7156 25.5226 0.3702 0.26708 10.5286 -16.3528 18.9035 0.0896 1249000000000 1563000000000
 0.3700   120850 0.3800   129344      1       -1       -1       -1  0 1.42033e+12 1.40100e+12 278.712000 49.946000 94.920000  1 0.1800 263.830000 26.19651 6.66618 39.77643 -21.260 22.420 23.600 6.156e+11 -3.177e+11 7.353e+09 0.01830 157839 157839 675583 1201 25 157775 157869 46.5297 1401400000000 1382300000000 1363200000000 1029600000000 162060000000 8.06899 5.15 0.01402 0.6388 0.43835 29.1582 -20.5915 47.4181 0.43145 0.23686 29.5926 -18.5938 39.1324 0.0838 1268000000000 1173000000000
 0.3600   112449 0.3700   120850      1       -1       -1       -1  0 1.35033e+12 1.39200e+12 278.493000 41.184000 96.860000  1 0.1800 271.260000 26.21628 6.64401 39.75781 -20.700 21.460 26.040 8.105e+11 -1.448e+11 -2.013e+11 0.02326 157840 157840 675583 1147 24 157775 157869 42.0227 1391800000000 1353700000000 1315600000000 1067700000000 219260000000 5.14343 4.93 0.01758 0.78293 0.37442 30.8712 -7.13574 43.3536 0.52052 0.1703 32.073 -20.3643 41.1303 0.0841 1258000000000 972400000000
 0.3500   104199 0.3600   112449      1       -1       -1       -1  0 1.30600e+12 1.25800e+12 269.673000 39.862000 102.000000  1 0.1800 272.920000 26.22828 6.58503 39.74355 -21.270 17.490 22.570 1.070e+12 -3.462e+11 -5.353e+11 0.04273 157841 157841 675583 1090 23 157775 157869 35.2673 1258400000000 1239300000000 1229800000000 953300000000 371790000000 26.1941 1.51 0.03096 0.81457 0.40783 24.0069 -0.04317 25.8518 0.66965 0.39442 19.4008 6.09005 22.8149 0.0892 1168000000000 924700000000
 0.3400    96139 0.3500   104199      1       -1       -1       -1  0 1.25200e+12 1.26800e+12 270.719000 47.198000 93.580000  1 0.1800 265.890000 26.24741 6.60697 39.71737 -21.550 15.700 25.750 8.132e+11 -1.412e+11 -3.255e+11 0.02925 157842 157842 675583 215 22 157775 157869 44.9167 1267900000000 1210700000000 1191600000000 886570000000 343190000000 16.9146 4.47 0.02209 0.56543 0.36195 29.5314 -7.93802 37.4159 0.50836 0.25848 22.5995 -8.88289 34.3208 0.0829 1084000000000 962800000000
 0.3300    88314 0.3400    96139      1       -1       -1       -1  0 1.21067e+12 1.23000e+12 268.324000 126.134000 80.680000  1 0.1800 252.020000 26.28130 6.60443 39.68114 -24.160 14.010 23.320 4.402e+11 -1.707e+11 -2.747e+10 0.01560 157843 157843 675583 1029 21 157775 157869 68.7108 1229800000000 1191600000000 1163000000000 705440000000 133460000000 6.87071 3.13 0.01257 0.50995 0.24416 44.8548 3.70371 32.6246 0.37321 0.30698 31.3815 1.03777 18.487 0.0722 1029000000000 1602000000000
 0.3200    80625 0.3300    88314      1       -1       -1       -1  0 1.10577e+12 1.13400e+12 261.523000 236.120000 77.780000  1 0.1800 247.820000 26.30780 6.59749 39.65004 -24.160 16.190 21.540 3.274e+11 -1.480e+11 -7.242e+10 0.01382 157844 157844 675583 989 20 157775 157869 70.2725 1134400000000 1115400000000 1096300000000 514780000000 152530000000 17.7954 1.29 0.01131 0.36513 0.31919 44.5673 13.002 37.2485 0.43528 0.26735 25.8308 19.2072 26.3823 0.0712 956600000000 1544000000000
 0.3100    73211 0.3200    80625      2       -1       -1       -1  0 1.06767e+12 9.53300e+11 247.077000 71.196000 75.070000  1 0.1800 236.010000 26.35831 6.57602 39.61974 -18.670 18.790 17.300 1.373e+11 -1.620e+11 3.728e+10 0.01119 157845 157845 675583 149 19 157775 157869 71.1961 972370000000 867500000000 819840000000 505250000000 209730000000 31.501 0.25 0.00902 0.49383 0.4031 27.3529 26.1369 5.99754 0.63803 0.59414 14.1795 21.9403 6.04958 0.0679 890000000000 1163000000000
 0.3000    66006 0.3100    73211      1       -1       -1       -1  0 9.21500e+11 8.77000e+11 240.568000 57.846000 74.600000  1 0.1800 237.320000 26.36047 6.56329 39.58290 -12.910 18.490 15.630 2.338e+10 -2.073e+11 7.669e+09 0.01260 157846 157846 675583 863 18 157862 157861 57.8455 886570000000 877040000000 877040000000 467120000000 76264000000 38.7719 0.86 0.0102 0.2561 0.21968 47.68 24.6842 18.7747 0.16393 0.02595 42.3696 22.503 17.1617 0.0666 802300000000 867500000000
 0.3000    66007 0.3100    73211      1       -1       -1       -1  0 1.46167e+11 1.43000e+11 131.423000 20.854000 43.520000  0 0.2300 137.450000 26.54800 6.68550 39.84951 -53.900 -43.540 18.850 -8.522e+09 5.844e+09 -2.012e+10 0.02582 157847 157862 675583 864 18 157775 157869 20.8542 200190000000 200190000000 200190000000 114400000000 0 5.60371 0 0.02272 0.06983 0.04113 -24.8698 28.3581 12.1891 0.06967 0.04085 -25.0589 28.5778 12.3492 0.0906 149600000000 95330000000
 0.2900    59067 0.3000    66006      1       -1       -1       -1  0 8.57933e+11 9.34200e+11 245.943000 56.346000 75.140000  1 0.1800 247.750000 26.34235 6.52664 39.57254 -11.760 16.980 14.220 1.123e+10 -1.223e+11 -5.210e+10 0.00738 157848 157847 675583 851 17 157775 157861 56.3457 953300000000 896100000000 857970000000 581510000000 123930000000 19.0336 0.29 0.00597 0.3846 0.15459 53.7677 18.3412 19.721 0.28364 0.03327 44.0631 20.6849 12.8825 0.0647 762000000000 838900000000
 0.2900    59068 0.3000    66007      1       -1       -1       -1  0 1.46167e+11 1.81100e+11 142.345000 42.618000 40.000000  1 0.2300 139.710000 26.58522 6.73863 39.81570 -50.120 -25.930 17.160 1.924e+10 -4.962e+09 -4.431e+10 0.03496 157849 157863 675583 852 17 157775 157869 42.6176 181130000000 181130000000 123930000000 66731000000 9533000000 13.8506 0 0.03343 0.32869 0.09754 31.2956 -21.2319 1.48611 0.54816 0.37502 39.8958 -16.9574 -12.1665 0.0771 158100000000 190700000000
 0.2800    52459 0.2900    59067      1       -1       -1       -1  0 8.54767e+11 7.62600e+11 230.080000 95.539000 74.690000  1 0.1800 225.890000 26.42252 6.53054 39.53801 -8.900 11.460 15.290 9.877e+10 -9.372e+10 -5.343e+10 0.01086 157850 157848 675583 782 16 157775 157861 95.5392 762640000000 714970000000 591050000000 305060000000 95330000000 74.5165 1.53 0.00933 0.27492 0.15464 39.1398 14.5781 -2.40432 0.66816 0.53752 17.3782 8.75967 -2.31336 0.0797 671400000000 1163000000000
 0.2800    52460 0.2900    59068      1       -1       -1       -1  0 1.43000e+11 1.14400e+11 122.248000 16.541000 32.440000  1 0.2300 135.760000 26.68901 6.71422 39.80140 -49.490 -29.610 21.440 -1.512e+10 -1.801e+08 6.555e+09 0.02782 157851 157864 675583 783 16 157775 157869 16.5412 133460000000 133460000000 133460000000 95330000000 9533000000 17.7227 0 0.02482 0.46817 0.09908 -7.42336 43.1803 -13.8693 0.50281 0.35471 -11.686 33.8084 -9.62572 0.0564 115800000000 57200000000
 0.2700    46173 0.2800    52459      1       -1       -1       -1  0 8.38900e+11 8.67500e+11 240.395000 45.968000 69.720000  1 0.1800 256.260000 26.30494 6.47531 39.50115 -7.170 16.080 9.740 -7.521e+09 -2.828e+10 -6.643e+09 0.00197 157852 157849 675583 1392 15 157775 157861 45.968 867500000000 867500000000 838900000000 600580000000 0 14.6403 0 0.00157 0.29102 0.17186 86.9493 19.5935 17.8545 0.03716 0.03133 111.373 25.8281 6.13771 0.0528 733600000000 705400000000
 0.2700    46174 0.2800    52460      1       -1       -1       -1  0 1.33467e+11 1.33500e+11 128.811000 24.343000 37.030000  1 0.2300 137.550000 26.73989 6.75187 39.77999 -40.040 -22.740 15.180 -6.742e+08 -6.743e+09 7.557e+09 0.01307 157853 157865 675583 1393 15 157775 157869 24.3432 133460000000 123930000000 123930000000 66731000000 0 10.5057 3.27 0.01204 0.35387 0.00084 10.0782 32.4128 -11.8638 0.37552 0.0008 5.9509 34.3205 -13.558 0.0695 120900000000 114400000000
 0.2600    40220 0.2700    46173      1       -1       -1       -1  0 8.38900e+11 8.48400e+11 238.824000 54.864000 66.800000  1 0.1800 252.950000 26.34577 6.44225 39.50625 -9.690 13.890 8.260 4.915e+10 -6.545e+10 -1.446e+11 0.01153 157854 157850 675583 112 14 157775 157861 54.8643 848440000000 838900000000 838900000000 448050000000 38132000000 21.5039 0 0.0092 0.41349 0.22704 57.9396 13.6209 22.9112 0.5195 0.15729 34.8969 21.4818 20.3629 0.0487 736000000000 829400000000
 0.2600    40221 0.2700    46174      1       -1       -1       -1  0 1.33467e+11 1.14400e+11 122.464000 25.580000 35.050000  1 0.2300 131.260000 26.78416 6.78313 39.74260 -29.950 -20.780 20.980 -1.624e+09 -1.050e+10 1.436e+10 0.02891 157855 157866 675583 113 14 157775 157869 25.5802 114400000000 114400000000 114400000000 28599000000 0 5.76922 5.82 0.02789 0.16782 0.00181 8.02563 51.7205 9.36181 0.27299 0.11114 12.1935 39.7736 9.69752 0.0761 134900000000 95330000000
 0.2500    34637 0.2600    40220      1       -1       -1       -1  0 7.81700e+11 8.00800e+11 234.451000 53.704000 65.050000  1 0.1800 253.030000 26.33862 6.43526 39.49275 -8.760 14.290 6.160 5.292e+10 -1.387e+10 -1.949e+11 0.01544 157856 157851 675583 1188 13 157775 157861 53.7042 800770000000 762640000000 762640000000 505250000000 38132000000 7.8925 0 0.01258 0.31302 0.179 63.8674 26.5774 27.5267 0.26698 0.07254 42.3646 10.1857 25.891 0.0501 676800000000 753100000000
 0.2500    34638 0.2600    40221      1       -1       -1       -1  0 1.33467e+11 1.43000e+11 132.025000 52.548000 34.730000  1 0.2300 136.790000 26.78595 6.80496 39.70786 -33.160 -24.870 20.750 -6.500e+09 1.406e+09 2.844e+10 0.03401 157857 157867 675583 1189 13 157775 157869 52.5484 142990000000 123930000000 123930000000 47665000000 0 6.42873 2.24 0.03206 0.22149 0.01256 45.5493 33.0197 7.91968 0.39944 0 33.5821 14.5136 11.2079 0.0527 131400000000 200200000000
 0.2400    29405 0.2500    34637      2       -1       -1       -1  0 7.40433e+11 6.95900e+11 223.900000 60.620000 64.610000  1 0.1800 242.050000 26.34812 6.40981 39.47651 -9.390 13.230 3.380 3.075e+10 -4.002e+10 -1.027e+11 0.01118 157858 157852 675583 122 12 157775 157861 60.6198 695910000000 648240000000 648240000000 371790000000 0 10.4205 0 0.00917 0.28315 0.04908 64.0315 27.6147 18.618 0.09353 0 65.2806 26.3495 19.2946 0.053 584600000000 734000000000
 0.2400    29406 0.2500    34638      1       -1       -1       -1  0 1.33467e+11 1.43000e+11 132.123000 30.730000 35.110000  1 0.2300 145.110000 26.82643 6.83440 39.66077 -28.120 -20.230 21.450 -1.540e+09 -5.453e+09 3.552e+10 0.04171 157859 157868 675583 529 12 157775 157869 30.7303 142990000000 142990000000 142990000000 47665000000 28599000000 33.3304 0 0.04027 0.25316 0.21049 28.6002 5.51138 23.5813 0.69562 0.33769 19.9939 7.72883 3.92642 0.0596 130400000000 143000000000
 0.2300    24574 0.2400    29405      1       -1       -1       -1  0 5.78333e+11 5.52900e+11 207.516000 51.613000 54.640000  1 0.1800 230.860000 26.41101 6.42435 39.48917 -14.080 6.590 -1.670 -4.572e+09 -5.746e+10 -3.063e+10 0.00955 157860 157853 675583 533 11 157859 157858 51.6132 552910000000 543380000000 533850000000 333650000000 19066000000 13.1539 0 0.00784 0.35611 0.32408 32.4155 29.7694 8.07069 0.24375 0.01766 19.5604 20.3349 5.70717 0.0423 484700000000 552900000000
 0.2300    24575 0.2400    29405      1       -1       -1       -1  0 1.62100e+11 1.52500e+11 135.088000 27.877000 33.390000  0 0.2100 153.680000 26.19024 6.31532 39.38418 15.010 35.550 19.630 -1.363e+10 1.513e+10 6.823e+09 0.02617 157861 157859 675583 532 11 157775 157861 27.8773 171590000000 171590000000 171590000000 104860000000 38132000000 18.8044 0 0.02206 0.09449 0.00255 -0.38378 -9.92546 28.0693 0.0973 0.00258 -0.37978 -9.71816 27.5575 0.0375 130600000000 123900000000
 0.2300    24576 0.2400    29406      0       -1       -1       -1  0 1.14400e+11 1.14400e+11 122.735000 36.344000 31.360000  1 0.2300 134.370000 26.87153 6.85494 39.62607 -28.170 -11.840 19.600 -2.612e+09 -4.687e+08 1.957e+10 0.03188 157862 157869 675583 930 11 157775 157869 36.3443 114400000000 114400000000 104860000000 38132000000 0 46.7274 0 0.03275 0.33684 0.14777 55.5011 20.1016 9.4563 0.49974 0.25328 35.8847 28.2406 16.7427 0.0609 112000000000 114400000000
 0.2200    20142 0.2300    24574      1       -1       -1       -1  0 4.86167e+11 4.86200e+11 198.933000 35.779000 50.810000  1 0.1800 235.760000 26.45138 6.40159 39.50892 -13.390 4.920 0.020 3.579e+10 -6.742e+10 -1.998e+10 0.01473 157863 157854 675583 472 10 157775 157858 35.7791 486180000000 448050000000 448050000000 190660000000 28599000000 17.1301 0 0.012 0.9134 0.6637 32.4491 4.1104 -23.0132 0.72093 0.19186 32.5755 6.37402 -15.2907 0.0365 428700000000 400400000000
 0.2200    20143 0.2300    24575      1       -1       -1       -1  0 1.62100e+11 1.52500e+11 135.173000 19.106000 30.940000  1 0.2100 166.820000 26.15762 6.23164 39.35062 7.450 31.220 14.810 -1.026e+10 9.675e+09 4.968e+09 0.01809 157864 157860 675583 471 10 157775 157861 19.1062 152530000000 142990000000 142990000000 66731000000 0 15.351 0.56 0.0157 0.73494 0.10569 27.6018 26.3407 31.7638 0.62101 0 -11.1144 35.9971 -28.7806 0.0336 152300000000 76260000000
 0.2100    16139 0.2200    20142      1       -1       -1       -1  0 4.16267e+11 4.19400e+11 189.489000 22.546000 50.880000  1 0.1800 247.270000 26.51126 6.42344 39.50377 -16.490 1.250 1.380 2.586e+10 -5.075e+10 -3.275e+10 0.01681 157865 157855 675583 407 9 157775 157858 22.5462 419450000000 419450000000 419450000000 362250000000 0 12.4592 0 0.01307 0.77334 0.19379 40.0501 -18.544 -18.6215 0.10251 0.01038 47.3117 -11.1713 -2.48742 0.034 436100000000 181100000000
 0.2100    16140 0.2200    20143      0       -1       -1       -1  0 1.62100e+11 1.62100e+11 138.012000 35.199000 28.320000  1 0.2100 159.980000 26.14944 6.18677 39.34119 0.830 25.260 10.160 -6.776e+09 4.161e+09 9.096e+09 0.01306 157866 157861 675583 406 9 157775 157861 35.1991 162060000000 152530000000 152530000000 66731000000 0 6.17361 2.02 0.01173 0.3387 0.02754 30.6953 -9.12634 37.9385 0.27677 0 20.4828 -2.40677 35.9424 0.0282 133600000000 162100000000
 0.2000    12615 0.2100    16139      1       -1       -1       -1  0 3.17767e+11 3.43200e+11 177.322000 34.542000 51.550000  1 0.1800 217.480000 26.58315 6.45975 39.49180 -20.180 -0.010 3.440 1.183e+10 -3.378e+10 -4.448e+10 0.01991 157867 157856 675583 1023 8 157775 157858 34.5424 343190000000 343190000000 343190000000 209730000000 28599000000 38.4123 0 0.01626 0.11916 0.0606 19.8842 11.3488 1.52784 0.2075 0.06806 38.0764 -20.3174 -21.8163 0.0442 307800000000 286000000000
 0.1900     9570 0.2000    12615      1       -1       -1       -1  0 2.22467e+11 1.90700e+11 145.841000 13.514000 45.630000  1 0.1800 210.920000 26.63539 6.50841 39.50650 -14.660 -10.590 5.710 3.916e+09 -1.887e+10 -4.771e+09 0.01966 157868 157857 675583 272 7 157775 157858 13.5142 190660000000 171590000000 171590000000 133460000000 0 17.1076 3.5 0.01545 0.42226 0.15262 25.4439 14.5774 11.852 0.15541 0.00347 26.4091 11.1955 10.3966 0.0461 206500000000 76260000000
 0.1800     6961 0.1900     9570      0       -1       -1       -1  0 1.33500e+11 1.33500e+11 129.548000 20.488000 28.690000  1 0.1800 172.770000 26.14272 6.05579 39.26862 1.380 13.620 6.060 -5.581e+09 6.607e+09 -1.621e+09 0.01433 157869 157858 675583 379 6 157775 157858 20.4877 133460000000 133460000000 133460000000 85797000000 0 24.1353 0 0.01274 0.29895 0.14413 -29.9834 48.8473 -9.28355 0.17145 0 -27.3226 49.6057 -16.6346 0.0272 124300000000 85800000000
