 1.0000   674639 0.0000       -1      1   674638   674640       -1  0 7.24500e+11 7.24500e+11 183.745000 11.009000 144.180000  1 0.8700 178.100000 26.90215 28.39185 12.17517 -106.410 299.620 -136.530 -1.448e+12 -9.271e+11 -4.230e+11 0.07310 248804 248804 674639 154 88 248803 248922 11.0089 5576800000000 5576800000000 5576800000000 4718800000000 438520000000 14.649 3.3 0.07222 0.41782 0.23595 -9.97128 20.219 -7.73376 0.74631 0.48284 -1.03401 11.1209 -6.10242 0.5403 853600000000 238300000000
 0.9900   666464 1.0000   674639      1   666463   666465   674638  0 7.34033e+11 7.81700e+11 189.253000 14.511000 150.200000  1 0.8700 171.860000 26.85174 28.49541 12.15841 -13.780 253.920 6.370 4.223e+11 -1.865e+11 -1.413e+12 0.05385 248805 248805 674639 144 87 248803 248922 14.5114 4270800000000 4270800000000 4270800000000 2259300000000 772170000000 18.8536 0 0.05356 0.70764 0.51507 -0.03257 22.8756 4.73777 0.62764 0.53175 3.13936 17.7375 7.54981 0.5512 1017000000000 390900000000
 0.9800   658128 0.9900   666464      1   658127   658129   666463  0 6.86367e+11 6.95900e+11 182.822000 7.811000 172.160000  1 0.8700 194.460000 26.92319 28.32904 12.19898 -107.940 300.080 -0.900 -3.410e+11 2.817e+11 -7.577e+11 0.04495 248806 248806 674639 156 86 248803 248922 7.81095 5281300000000 5281300000000 5281300000000 2879000000000 448050000000 25.719 13.08 0.0385 0.71787 0.55428 -7.85738 15.5731 -1.95063 0.77561 0.63698 11.8853 -6.76175 -0.48903 0.5616 1199000000000 305100000000
 0.9700   649815 0.9800   658128      1   649816   649816   658127  0 6.22800e+11 5.81500e+11 172.916000 8.282000 158.790000  1 0.8700 177.720000 26.86398 28.42810 12.16324 -72.420 247.320 -41.780 5.381e+11 5.381e+11 -1.041e+12 0.09466 248807 248807 674639 1171 85 248803 248922 8.28243 3641600000000 3641600000000 3641600000000 2602500000000 724510000000 0.00054 0 0.07655 0.72363 0.38084 3.66685 18.2719 6.08039 0.7753 0.35256 2.97812 15.7057 7.38166 0.5215 1077000000000 238300000000
 0.9600   641523 0.9700   649815      1   641524   641524   649816  0 6.16433e+11 5.91000e+11 174.577000 11.170000 146.720000  1 0.8700 165.510000 26.87355 28.38521 12.16355 -120.680 264.500 -56.960 1.059e+12 6.683e+10 -6.869e+11 0.08436 248808 248808 674639 2112 84 248803 248922 11.1699 3860900000000 3860900000000 3860900000000 3031500000000 810300000000 3.92355 0 0.07324 0.57725 0.33937 -0.4192 28.2451 2.72187 0.57337 0.30118 -0.8019 25.463 3.18213 0.5154 989400000000 266900000000
 0.9500   633234 0.9600   641523      1   633235   633235   641524  0 7.65933e+11 6.76800e+11 183.398000 10.415000 145.290000  1 0.8700 179.370000 26.94134 28.23026 12.20880 -35.410 285.140 87.990 -1.425e+11 -1.953e+11 -1.245e+12 0.06710 248809 248809 674639 154 83 248803 248922 10.4148 4251700000000 4251700000000 4251700000000 2640600000000 600580000000 19.8054 5.54 0.05882 0.61961 0.43071 -8.50669 18.9789 -1.84836 0.65521 0.47107 -5.59784 14.6913 -2.69599 0.4873 947100000000 286000000000
 0.9400   624950 0.9500   633234      1   624951   624951   633235  0 9.18600e+11 1.03000e+12 211.784000 15.119000 190.400000  1 0.8700 185.260000 26.94360 28.19555 12.20365 -25.120 180.260 140.380 -1.523e+12 3.879e+11 -2.200e+12 0.05812 248810 248810 674639 1111 82 248803 248922 18.5569 4947600000000 4947600000000 4947600000000 3050600000000 648240000000 40.7975 5.52 0.06253 0.85803 0.5569 -8.1887 -4.79053 21.6237 0.78802 0.57166 0.32257 19.2173 -3.3183 0.6519 1278000000000 438500000000
 0.9300   616642 0.9400   624950      1   616643   616643   624951  0 1.05200e+12 1.04900e+12 213.951000 18.629000 187.590000  1 0.8700 192.600000 26.94781 28.17367 12.18805 -3.100 140.810 131.040 -2.959e+12 -1.043e+11 -2.483e+12 0.08389 248811 248811 674639 161 81 248803 248922 16.5955 4690200000000 4690200000000 4690200000000 3327000000000 714970000000 43.9149 6.5 0.08699 0.87674 0.53401 -5.5902 -10.2434 16.0383 0.82388 0.66184 -7.29367 12.9043 4.99975 0.6248 1227000000000 514800000000
 0.9200   608317 0.9300   616642      1   608318   608318   616643  0 1.33167e+12 1.07700e+12 216.753000 42.426000 189.210000  1 0.8700 208.780000 26.94912 28.15019 12.16716 -16.780 103.830 134.760 -2.905e+12 3.162e+11 -1.484e+12 0.07087 248812 248812 674639 1177 80 248803 248922 12.9125 4661600000000 4661600000000 4661600000000 3574900000000 1086800000000 40.6715 8.16 0.07078 0.89042 0.51373 -0.82415 14.4908 -9.83081 0.74953 0.46792 8.87238 -8.37665 -5.12485 0.6038 1225000000000 981900000000
 0.9100   599978 0.9200   608317      1   599979   599979   608318  0 1.52867e+12 1.86900e+12 261.477000 25.531000 228.880000  1 0.8700 220.180000 26.95551 28.13003 12.13715 7.880 81.750 57.460 -4.345e+12 -1.580e+12 -3.975e+12 0.04917 248813 248813 674639 1191 79 248803 248922 26.8521 5176400000000 5176400000000 4633000000000 3679700000000 1687300000000 36.2524 36.44 0.05277 0.71035 0.50072 -8.88523 23.5454 -5.33117 0.74747 0.53148 -11.8618 16.1334 -1.98581 0.6459 2130000000000 991400000000
 0.9000   591630 0.9100   599978      1   591631   591631   599979  0 1.68767e+12 1.64000e+12 251.337000 17.291000 216.500000  1 0.8700 223.780000 26.96012 28.12161 12.12321 32.150 48.580 -16.420 -3.949e+11 -1.619e+12 -3.294e+12 0.04077 248814 248814 674639 166 78 248803 248922 20.2537 4823700000000 4823700000000 4566300000000 3746500000000 1858900000000 27.2779 32.97 0.03986 0.6221 0.53569 -8.96876 20.6438 -5.85223 0.72631 0.58887 -9.7859 14.1019 -5.65011 0.5938 1942000000000 667300000000
 0.8900   583234 0.9000   591630      1   583235   583235   591631  0 1.74467e+12 1.55400e+12 247.855000 19.555000 201.290000  1 0.8700 224.910000 26.96415 28.11670 12.12375 47.620 89.990 -83.560 -1.443e+12 -1.533e+12 -3.087e+12 0.04834 248815 248815 674639 166 77 248803 248922 18.4695 4671200000000 4671200000000 4461400000000 3565300000000 1306000000000 14.1961 21.02 0.04429 0.74276 0.53938 -10.1595 19.3187 -3.85176 0.92093 0.61471 -9.92902 13.5783 -0.66484 0.531 1840000000000 724500000000
 0.8800   574857 0.8900   583234      1   574858   574858   583235  0 2.81867e+12 2.04000e+12 272.467000 45.934000 227.110000  1 0.8700 230.440000 26.96419 28.10230 12.14041 50.520 137.960 -96.820 -3.444e+12 -5.445e+12 -7.332e+12 0.06727 248816 248816 674639 1204 76 248803 248922 27.2992 4880900000000 4880900000000 4394700000000 3479500000000 810300000000 15.3375 39.22 0.07376 0.65464 0.45247 -13.0755 22.0928 -0.45781 0.72756 0.50156 -11.1051 15.4451 2.24831 0.636 2203000000000 1554000000000
 0.8700   566403 0.8800   574857      1       -1       -1   574858  0 2.95833e+12 4.86200e+12 365.367000 109.965000 283.270000  1 0.8700 279.940000 26.96224 28.08152 12.15652 11.870 206.610 -73.830 -5.012e+13 -2.975e+13 -4.457e+13 0.10857 248817 248817 674639 166 75 248803 248922 60.9475 4861800000000 5157300000000 4280300000000 2678800000000 705440000000 60.1744 154.52 0.13088 0.2212 0.20892 -28.387 55.2221 10.5909 0.2527 0.23882 -14.0274 34.9175 6.87032 0.6475 5046000000000 5224000000000
 0.8600   557944 0.8700   566403      1   557945   557945       -1  0 2.96167e+12 1.97300e+12 271.569000 32.053000 192.370000  1 0.4600 223.440000 26.96201 28.05420 12.17323 37.480 188.780 -91.910 -3.047e+12 -5.734e+12 -5.596e+12 0.07409 248818 248818 674639 165 74 248803 248922 30.8918 4671200000000 4671200000000 3908500000000 1754100000000 734040000000 25.0081 20.6 0.06899 0.7426 0.54388 -15.0495 20.4841 4.27614 0.88324 0.59456 -11.0229 13.3256 5.72079 0.4714 1961000000000 1115000000000
 0.8500   549509 0.8600   557944      1   549510   549510   557945  0 1.99233e+12 2.05000e+12 276.084000 37.670000 196.950000  1 0.4600 229.190000 26.95451 28.02579 12.18354 21.100 205.580 -86.890 -4.068e+12 -7.009e+12 -4.405e+12 0.07554 248819 248819 674639 1225 73 248803 248922 30.1188 4413800000000 4413800000000 3374700000000 1525300000000 705440000000 20.865 22.4 0.06996 0.74582 0.50991 -16.5507 18.0876 5.21618 0.93701 0.52014 -12.8838 13.0998 3.74155 0.4724 2005000000000 1296000000000
 0.8400   540992 0.8500   549509      1   540993   540993   549510  0 1.97667e+12 1.95400e+12 272.775000 45.785000 188.280000  1 0.4600 226.190000 26.94509 27.99309 12.19419 21.130 224.210 -82.220 -3.178e+12 -5.248e+12 -3.687e+12 0.06703 248820 248820 674639 152 72 248803 248922 29.9367 4061100000000 4061100000000 2411800000000 1391800000000 600580000000 18.7428 19.14 0.05901 0.93195 0.63939 -14.4875 19.7078 0.00559 0.83588 0.58288 1.80073 17.1074 -9.83219 0.4301 1992000000000 1487000000000
 0.8300   532468 0.8400   540992      1       -1       -1   540993  0 1.96367e+12 1.92600e+12 272.468000 32.961000 183.810000  1 0.4600 221.230000 26.93338 27.95992 12.20272 21.220 232.780 -78.380 -2.177e+12 -4.371e+12 -2.736e+12 0.05458 248821 248821 674639 2176 71 248803 248922 33.1555 2993400000000 3450900000000 2183100000000 1344200000000 562450000000 10.2493 19.51 0.04749 0.93516 0.72456 -14.3087 18.6236 -5.36818 0.74351 0.64341 -12.2492 13.969 -6.42181 0.4131 2002000000000 1153000000000
 0.8200   523893 0.8300   532468      1       -1       -1       -1  0 1.96367e+12 1.97300e+12 275.732000 40.758000 186.120000  1 0.4600 222.510000 26.92463 27.93114 12.21137 23.770 232.620 -67.930 -1.222e+12 -4.354e+12 -2.434e+12 0.04841 248822 248822 674639 158 70 248803 248922 34.679 2488100000000 2888500000000 2011500000000 1382300000000 562450000000 6.61142 26.65 0.04201 0.89787 0.67919 17.2731 -12.7773 -11.5047 0.89996 0.59421 14.2916 -13.0224 -3.27078 0.4136 2104000000000 1468000000000
 0.8100   515252 0.8200   523893      1       -1       -1       -1  0 1.96367e+12 1.98300e+12 277.206000 31.873000 188.020000  1 0.4600 224.340000 26.92204 27.89810 12.22079 22.920 239.280 -67.790 -1.235e+12 -3.929e+12 -2.350e+12 0.04491 248823 248823 674639 1247 69 248803 248922 34.4612 2307000000000 2659700000000 1839900000000 1429900000000 619640000000 8.42875 25.34 0.03864 0.98218 0.65671 -3.08204 -13.5221 20.5817 0.89221 0.56078 -6.86009 17.8264 -9.60715 0.4125 2128000000000 1192000000000
 0.8000   506585 0.8100   515252      1       -1       -1       -1  0 1.91600e+12 1.93500e+12 275.984000 22.520000 189.860000  1 0.4600 233.780000 26.92426 27.86549 12.22715 23.370 242.070 -70.300 -8.892e+11 -2.600e+12 -1.716e+12 0.03274 248824 248824 674639 191 68 248803 248922 27.7101 2068700000000 2450000000000 1811300000000 1439500000000 695910000000 12.6797 26.81 0.02761 0.83894 0.59979 -11.8223 22.5125 -5.07309 0.76156 0.54329 -10.1229 19.3241 -5.84388 0.4101 2163000000000 819800000000
 0.7900   497954 0.8000   506585      1       -1       -1       -1  0 1.85233e+12 1.83000e+12 271.900000 31.595000 181.420000  1 0.4600 230.220000 26.92137 27.82238 12.23570 12.810 239.690 -70.360 -1.014e+12 -2.286e+12 -7.910e+11 0.03053 248825 248825 674639 173 67 248803 248922 27.4545 1982900000000 2259300000000 1782700000000 1420400000000 638710000000 14.4496 14.16 0.02464 0.81499 0.62526 -15.6134 18.6974 -4.74721 0.77653 0.58814 -13.0164 16.211 -6.16828 0.371 2066000000000 1134000000000
 0.7800   489320 0.7900   497954      1       -1       -1       -1  0 1.81767e+12 1.79200e+12 270.979000 19.730000 172.660000  1 0.4600 223.750000 26.91833 27.76803 12.24742 14.710 236.710 -68.680 -1.619e+12 -1.922e+12 -4.033e+11 0.03070 248826 248826 674639 168 66 248803 248922 30.8843 1897100000000 2154500000000 1744500000000 1468100000000 619640000000 10.3517 15.44 0.02488 0.93727 0.61651 -13.8631 16.7933 -3.93506 0.83886 0.52298 0.51327 -5.61987 18.1013 0.3524 2048000000000 667300000000
 0.7700   480633 0.7800   489320      1       -1       -1       -1  0 1.81767e+12 1.72500e+12 268.536000 27.617000 169.530000  1 0.4600 224.450000 26.91610 27.71552 12.25970 15.010 238.020 -71.340 -1.509e+12 -1.656e+12 -2.367e+11 0.02941 248827 248827 674639 209 65 248803 248922 29.038 1849400000000 2068700000000 1763600000000 1468100000000 619640000000 10.5747 13.27 0.02356 0.92705 0.65278 -15.6739 19.3766 12.7208 0.86373 0.56657 -3.90272 1.48541 23.8042 0.3411 2056000000000 934200000000
 0.7600   471935 0.7700   480633      1       -1       -1       -1  0 1.81767e+12 1.77300e+12 271.953000 32.183000 173.300000  1 0.4600 228.700000 26.91689 27.66117 12.27526 7.110 237.790 -65.750 -1.632e+12 -1.437e+12 -1.287e+11 0.02681 248828 248828 674639 210 64 248803 248922 28.7388 1849400000000 1992400000000 1773100000000 1429900000000 514780000000 14.0775 13.58 0.02188 0.97566 0.74583 -12.5534 22.1191 8.17776 0.89596 0.64743 -5.3523 1.34879 22.6918 0.3544 2003000000000 1163000000000
 0.7500   463196 0.7600   471935      1       -1       -1       -1  0 1.81767e+12 1.80200e+12 274.372000 32.638000 175.510000  1 0.4600 231.830000 26.92070 27.62864 12.29342 3.390 233.910 -63.810 -1.808e+12 -9.463e+11 -3.139e+10 0.02536 248829 248829 674639 224 63 248803 248922 28.5452 1839900000000 1935200000000 1735000000000 1306000000000 610110000000 3.59221 14.27 0.02005 0.8818 0.58556 -8.37651 14.8378 -15.5943 0.75464 0.54542 5.32736 -9.18023 17.2683 0.342 2003000000000 1201000000000
 0.7400   454404 0.7500   463196      1       -1       -1       -1  0 1.81767e+12 1.80200e+12 275.330000 28.250000 175.760000  1 0.4600 236.660000 26.92809 27.59055 12.31592 -4.000 231.600 -64.120 -1.526e+12 -9.717e+11 -1.785e+11 0.02287 248830 248830 674639 1284 62 248803 248922 26.6976 1830300000000 1935200000000 1658700000000 1277400000000 638710000000 10.455 9.68 0.01796 0.92855 0.63592 0.65335 -11.1833 20.5079 0.82118 0.5708 0.95726 -6.06677 19.6368 0.337 1919000000000 1020000000000
 0.7300   445582 0.7400   454404      1       -1       -1       -1  0 1.81133e+12 1.84900e+12 278.697000 37.904000 174.630000  1 0.4600 242.360000 26.93837 27.54519 12.33627 -14.640 235.710 -65.420 -2.510e+12 -1.353e+12 -4.587e+11 0.03410 248831 248831 674639 193 61 248803 248922 25.8625 1849400000000 1897100000000 1620600000000 1220200000000 657780000000 18.6958 7.13 0.02745 0.9354 0.77661 -14.2763 10.9629 10.3652 0.72496 0.65928 -8.3304 13.1312 7.80592 0.3401 1798000000000 1211000000000
 0.7200   436713 0.7300   445582      1       -1       -1       -1  0 1.78567e+12 1.78300e+12 276.245000 25.252000 165.640000  1 0.4600 232.640000 26.94342 27.49001 12.34900 -11.560 229.860 -63.210 -2.841e+12 -9.389e+11 -6.447e+11 0.03902 248832 248832 674639 197 60 248803 248922 29.852 1792200000000 1878000000000 1563400000000 1191600000000 629180000000 16.5118 6.5 0.03109 0.89125 0.63256 -8.07109 -10.5229 22.9267 0.94477 0.63548 -9.40555 -2.69847 19.2507 0.3151 1801000000000 848400000000
 0.7100   427778 0.7200   436713      1       -1       -1       -1  0 1.73500e+12 1.72500e+12 274.182000 27.477000 160.520000  1 0.4600 227.900000 26.94448 27.42572 12.35760 -15.610 219.710 -57.350 -2.907e+12 -1.206e+12 -7.624e+11 0.04375 248833 248833 674639 202 59 248803 248922 31.8257 1725500000000 1820800000000 1544300000000 1172600000000 533850000000 14.2755 10.4 0.03491 0.94659 0.6175 -1.51466 -16.9871 19.2887 0.91502 0.57326 17.2478 -12.8258 0.39554 0.3055 1764000000000 867500000000
 0.7000   418809 0.7100   427778      1       -1       -1       -1  0 1.69667e+12 1.69700e+12 273.569000 42.204000 154.510000  1 0.4600 221.230000 26.94532 27.37087 12.35887 -20.870 218.900 -56.480 -3.454e+12 -8.376e+11 -7.446e+11 0.05042 248834 248834 674639 188 58 248803 248922 36.8668 1696900000000 1773100000000 1563400000000 1210700000000 524310000000 18.8535 6.5 0.04048 0.98008 0.71184 10.3208 -17.6641 10.9222 0.74666 0.6344 15.002 -14.7438 -0.08871 0.2924 1714000000000 1268000000000
 0.6900   409822 0.7000   418809      1       -1       -1       -1  0 1.68400e+12 1.66800e+12 272.922000 42.759000 150.780000  1 0.4600 219.480000 26.94617 27.32807 12.36207 -15.720 211.360 -60.050 -3.038e+12 -6.405e+11 -5.621e+11 0.04519 248835 248835 674639 187 57 248803 248922 38.3481 1668300000000 1744500000000 1525300000000 1115400000000 533850000000 28.2231 8.78 0.03639 0.90516 0.5737 -16.3187 4.8512 22.7332 0.77591 0.57135 18.8535 -12.6484 -7.44365 0.2842 1579000000000 1230000000000
 0.6800   400815 0.6900   409822      1       -1       -1       -1  0 1.67433e+12 1.68700e+12 274.851000 53.711000 149.420000  1 0.4600 223.020000 26.95150 27.28255 12.37027 -15.420 211.480 -64.530 -3.086e+12 -4.013e+11 -3.536e+11 0.04396 248836 248836 674639 204 56 248803 248922 37.2939 1687300000000 1715900000000 1477600000000 991430000000 524310000000 37.8795 7.17 0.03564 0.77968 0.49597 -13.2598 1.4213 21.219 0.72288 0.64935 -8.27536 -0.70433 16.0497 0.2787 1511000000000 1382000000000
 0.6700   391829 0.6800   400815      1       -1       -1       -1  0 1.66167e+12 1.66800e+12 274.693000 37.964000 142.580000  1 0.4600 219.210000 26.94248 27.24461 12.38593 -13.190 205.270 -66.250 -3.232e+12 -7.330e+11 -1.105e+12 0.04969 248837 248837 674639 2502 55 248803 248922 41.4233 1668300000000 1687300000000 1468100000000 962830000000 486180000000 39.5811 11.69 0.04075 0.99414 0.55545 -12.5219 2.56302 24.7965 0.9173 0.69426 17.8749 -9.00738 -5.12189 0.2642 1487000000000 972400000000
 0.6600   382866 0.6700   391829      1       -1       -1       -1  0 1.63633e+12 1.63000e+12 273.450000 52.819000 138.960000  1 0.4600 220.210000 26.95008 27.19180 12.41574 -15.990 208.380 -65.630 -3.111e+12 -1.089e+12 -1.294e+12 0.05329 248838 248838 674639 1308 54 248803 248922 39.7966 1630100000000 1639700000000 1449000000000 962830000000 476650000000 33.121 9.55 0.04318 0.79171 0.39869 30.6725 -11.9472 -12.9342 0.77159 0.39199 24.0215 -9.77649 -8.89203 0.2507 1509000000000 1306000000000
 0.6500   373812 0.6600   382866      1       -1       -1       -1  0 1.59500e+12 1.61100e+12 273.233000 50.801000 137.190000  1 0.4600 221.030000 26.95070 27.14198 12.43795 -15.770 203.360 -66.910 -3.092e+12 -9.711e+11 -1.130e+12 0.05281 248839 248839 674639 210 53 248803 248922 39.4246 1611100000000 1630100000000 1449000000000 905630000000 495720000000 31.9935 10.56 0.04294 0.7328 0.37336 25.6461 -11.4738 -5.85193 0.70179 0.3899 19.8865 -6.18488 -6.69747 0.247 1455000000000 1249000000000
 0.6400   364735 0.6500   373812      1       -1       -1       -1  0 1.55367e+12 1.54400e+12 270.240000 42.551000 133.960000  1 0.4600 222.980000 26.96013 27.08189 12.46230 -17.580 201.220 -60.260 -2.367e+12 -7.134e+11 -1.214e+12 0.04700 248840 248840 674639 286 52 248803 248922 35.6504 1544300000000 1620600000000 1410900000000 905630000000 457580000000 22.7277 6.27 0.0372 0.88855 0.6405 17.0054 -16.5927 1.584 0.75528 0.59778 -1.77641 13.954 -12.75 0.2305 1405000000000 1010000000000
 0.6300   355616 0.6400   364735      1       -1       -1       -1  0 1.48367e+12 1.50600e+12 268.813000 64.425000 131.060000  1 0.4600 226.860000 26.97322 27.02994 12.48211 -15.440 197.060 -63.110 -2.450e+12 -1.119e+12 -1.150e+12 0.05241 248841 248841 674639 267 51 248803 248922 32.1694 1506200000000 1534800000000 1344200000000 867500000000 409920000000 20.4497 10.6 0.04151 0.86715 0.65563 23.3333 -9.79676 -5.84706 0.866 0.61489 0.89459 15.3978 -13.4694 0.2235 1342000000000 1459000000000
 0.6200   346508 0.6300   355616      1       -1       -1       -1  0 1.44267e+12 1.40100e+12 263.211000 44.942000 126.600000  1 0.4600 215.150000 26.97190 26.97023 12.51331 -18.130 190.510 -62.800 -2.405e+12 -5.634e+11 -6.449e+11 0.05256 248842 248842 674639 264 50 248803 248922 37.8753 1401400000000 1506200000000 1296500000000 915170000000 448050000000 17.7569 7.43 0.04107 0.68608 0.53042 28.6617 -12.66 -12.9518 0.71823 0.44897 22.7641 -5.71601 -11.7214 0.2116 1347000000000 1096000000000
 0.6100   337373 0.6200   346508      1       -1       -1       -1  0 1.44267e+12 1.38200e+12 262.785000 45.069000 125.250000  1 0.4600 211.000000 26.97216 26.91203 12.54326 -16.700 189.530 -64.880 -2.502e+12 -5.649e+11 -4.724e+11 0.05510 248843 248843 674639 285 49 248803 248922 42.8213 1382300000000 1477600000000 1277400000000 915170000000 381320000000 22.3575 12.01 0.04322 0.6076 0.45525 22.4742 -10.0052 -8.41942 0.63619 0.41196 17.7375 -10.1716 -2.78032 0.2086 1322000000000 1096000000000
 0.6000   328211 0.6100   337373      1       -1       -1       -1  0 1.44267e+12 1.34400e+12 261.103000 42.844000 124.890000  1 0.4600 215.580000 26.98444 26.84373 12.57151 -18.270 187.290 -63.910 -1.816e+12 -4.124e+11 -1.418e+11 0.04238 248844 248844 674639 1283 48 248803 248922 37.0757 1344200000000 1410900000000 1248800000000 962830000000 343190000000 17.9172 9.72 0.03265 0.60972 0.42015 27.094 -11.6741 -10.6555 0.48733 0.30057 21.2002 -14.1383 -6.97759 0.2002 1310000000000 1068000000000
 0.5900   319014 0.6000   328211      1       -1       -1       -1  0 1.44267e+12 1.30600e+12 259.348000 28.406000 124.370000  1 0.4600 219.090000 26.99548 26.77617 12.59402 -21.280 183.480 -63.550 -1.077e+12 -2.094e+11 2.263e+11 0.02755 248845 248845 674639 285 47 248803 248922 33.3453 1306000000000 1334600000000 1267900000000 1010500000000 457580000000 19.3539 7.1 0.02068 0.72369 0.46861 31.4378 -11.8706 -12.1427 0.70712 0.43956 26.9638 -12.2519 -6.74306 0.1898 1349000000000 695900000000
 0.5800   309766 0.5900   319014      1       -1       -1       -1  0 1.44267e+12 1.30600e+12 260.076000 24.278000 129.210000  1 0.4600 232.240000 27.00517 26.70525 12.61439 -21.670 183.840 -63.970 -1.064e+12 -3.468e+10 1.317e+11 0.02677 248846 248846 674639 295 46 248803 248922 26.1684 1306000000000 1344200000000 1229800000000 1010500000000 409920000000 20.645 9.08 0.01995 0.63301 0.39769 25.3891 -11.5077 -8.59403 0.58157 0.28666 21.8981 -9.89911 -10.2077 0.1981 1349000000000 695900000000
 0.5700   300543 0.5800   309766      1       -1       -1       -1  0 1.44267e+12 1.39200e+12 266.383000 22.005000 134.950000  1 0.4600 243.790000 27.00293 26.64423 12.62403 -20.110 181.830 -58.350 -1.265e+12 -2.289e+09 4.282e+11 0.03083 248847 248847 674639 290 45 248803 248922 24.5372 1391800000000 1410900000000 1287000000000 1001000000000 610110000000 13.7588 10.74 0.0225 0.69731 0.50577 25.5183 -11.5378 -7.39762 0.68276 0.47308 22.8493 -7.53977 -5.95277 0.1957 1367000000000 638700000000
 0.5600   291295 0.5700   300543      1       -1       -1       -1  0 1.44267e+12 1.38200e+12 266.492000 28.756000 137.440000  1 0.4600 243.130000 26.99701 26.58339 12.64354 -22.060 178.520 -50.370 -1.248e+12 -9.979e+10 6.423e+11 0.03364 248848 248848 674639 306 44 248803 248922 25.4076 1382300000000 1401400000000 1315600000000 1020000000000 562450000000 7.9927 10.17 0.02417 0.86429 0.61409 18.0479 -13.7272 -0.66537 0.86365 0.59158 -11.3402 13.3345 -7.06322 0.1955 1370000000000 781700000000
 0.5500   282044 0.5600   291295      1       -1       -1       -1  0 1.44267e+12 1.43000e+12 270.235000 27.118000 129.500000  1 0.4600 232.790000 27.00533 26.53231 12.66857 -24.200 169.990 -44.410 -1.266e+12 5.522e+10 4.936e+11 0.02926 248849 248849 674639 303 43 248803 248922 34.605 1429900000000 1449000000000 1325100000000 1105800000000 371790000000 11.7991 8.5 0.02224 0.6528 0.47894 30.4736 -19.4694 -11.4924 0.60385 0.36752 -23.1088 23.8187 4.54659 0.1896 1448000000000 743600000000
 0.5400   272825 0.5500   282044      1       -1       -1       -1  0 1.44267e+12 1.42000e+12 270.334000 63.406000 127.600000  1 0.4600 234.400000 27.04666 26.44671 12.69234 -24.230 162.540 -46.500 -1.066e+12 3.072e+10 7.006e+11 0.02724 248850 248850 674639 278 42 248803 248922 34.4009 1420400000000 1429900000000 1372800000000 1039100000000 276460000000 31.6975 3.17 0.02126 0.54304 0.38009 39.8976 -20.1844 -9.3325 0.31704 0.18648 38.6518 -21.8904 -7.91163 0.1927 1376000000000 1382000000000
 0.5300   263581 0.5400   272825      1       -1       -1       -1  0 1.44267e+12 1.44900e+12 272.828000 78.481000 124.930000  1 0.4600 224.520000 26.96387 26.42336 12.73485 -23.980 159.290 -47.510 -1.329e+12 1.752e+11 2.301e+11 0.02644 248851 248851 674639 296 41 248803 248922 48.2205 1449000000000 1449000000000 1344200000000 1001000000000 152530000000 55.3339 5.37 0.02211 0.50693 0.28133 38.1019 -17.2143 -22.7715 0.5356 0.2656 24.4653 -11.8622 -19.9381 0.203 1305000000000 1573000000000
 0.5200   254342 0.5300   263581      1       -1       -1       -1  0 1.44267e+12 1.38200e+12 269.242000 74.601000 122.180000  1 0.4600 213.470000 26.94220 26.34741 12.79301 -31.410 158.210 -46.110 -1.457e+12 -3.034e+11 -2.995e+11 0.03002 248852 248852 674639 292 40 248803 248922 65.953 1382300000000 1382300000000 1220200000000 591050000000 85797000000 80.7358 7.23 0.02691 0.25308 0.13559 70.0693 -25.2865 -48.2896 0.56381 0.28444 29.5906 0.72821 -24.4814 0.2217 1182000000000 1459000000000
 0.5100   245098 0.5200   254342      1       -1       -1       -1  0 1.44267e+12 1.46800e+12 275.369000 67.728000 119.440000  1 0.4600 226.300000 27.06720 26.21623 12.73280 -21.020 153.410 -37.350 -1.153e+12 -9.678e+11 1.105e+12 0.03743 248853 248853 674639 291 39 248803 248922 53.1968 1468100000000 1477600000000 1334600000000 934230000000 324120000000 45.5064 12.08 0.03021 0.62939 0.28936 39.0344 -5.15867 -24.0106 0.55734 0.31161 29.3587 -5.71338 -14.4992 0.1727 1329000000000 1439000000000
 0.5000   235922 0.5100   245098      1       -1       -1       -1  0 1.44267e+12 1.44900e+12 274.822000 66.814000 123.180000  1 0.4600 232.600000 27.05917 26.16327 12.74868 -30.250 149.010 -31.590 -9.585e+11 -7.278e+11 7.406e+11 0.03021 248854 248854 674639 285 38 248803 248922 45.6466 1449000000000 1458500000000 1372800000000 991430000000 352720000000 21.7878 12.3 0.02356 0.49225 0.29466 29.4643 -0.34371 -24.3845 0.45082 0.23623 26.6023 -1.37874 -18.827 0.1714 1285000000000 1420000000000
 0.4900   226748 0.5000   235922      1       -1       -1       -1  0 1.40133e+12 1.41100e+12 273.021000 23.432000 126.450000  1 0.4600 257.430000 27.03876 26.11471 12.78413 -27.070 141.280 -28.320 -7.421e+11 -4.402e+11 4.239e+11 0.02295 248855 248855 674639 277 37 248803 248922 26.9389 1420400000000 1458500000000 1229800000000 962830000000 610110000000 16.7263 16.09 0.01691 0.87919 0.52028 18.4804 13.6815 -20.2498 0.93845 0.55308 -10.8913 -15.3999 18.1971 0.1637 1306000000000 648200000000
 0.4800   217593 0.4900   226748      2       -1       -1       -1  0 1.40133e+12 1.28700e+12 265.378000 37.779000 119.520000  1 0.4600 237.420000 27.03934 26.06659 12.81317 -27.200 133.930 -31.600 -7.546e+11 -5.718e+11 -1.437e+10 0.02600 248856 248856 674639 267 36 248803 248922 34.8287 1296500000000 1296500000000 1201200000000 943770000000 314590000000 17.0902 11.02 0.01959 0.54107 0.38401 -21.734 28.9377 8.85838 0.55691 0.31045 -16.663 25.6525 6.96486 0.1612 1187000000000 886600000000
 0.4700   208458 0.4800   217593      1       -1       -1       -1  0 1.40133e+12 1.30600e+12 267.267000 69.576000 108.700000  1 0.4600 227.350000 27.03742 25.97709 12.84981 -24.410 127.760 -41.110 -5.630e+11 -7.576e+11 2.197e+10 0.02413 248857 248857 674639 272 35 248896 248895 49.107 1306000000000 1306000000000 1153500000000 915170000000 295520000000 30.1856 3.22 0.01924 0.57322 0.35598 38.7047 -11.8697 -25.3529 0.66115 0.3936 31.4196 -14.0176 -15.6418 0.1497 1146000000000 1316000000000
 0.4700   208459 0.4800   217593      1   208458   208458       -1  0 2.47900e+11 2.47900e+11 153.590000 13.179000 65.180000  0 0.2100 151.700000 27.13137 25.96122 12.76389 -85.910 110.860 58.560 9.253e+10 -1.577e+10 -1.232e+10 0.04047 248858 248896 674639 273 35 248803 248922 13.1786 800770000000 800770000000 800770000000 524310000000 171590000000 9.8407 0 0.03079 0.45182 0.33322 2.17816 -21.458 34.2411 0.30471 0.11545 -2.61462 -18.4875 41.2111 0.1452 285900000000 123900000000
 0.4600   199360 0.4700   208458      1       -1       -1       -1  0 1.40133e+12 1.14400e+12 256.266000 41.067000 106.780000  1 0.4600 219.870000 27.03289 25.89852 12.88785 -22.570 124.060 -48.270 -5.341e+11 -7.796e+11 -1.790e+11 0.03082 248859 248858 674639 260 34 248803 248895 46.7675 1144000000000 1144000000000 1058200000000 610110000000 324120000000 40.0026 7.35 0.02469 0.81997 0.42443 31.2898 -22.5729 -19.0008 0.3815 0.28754 -9.51759 36.984 1.24675 0.1557 1009000000000 762600000000
 0.4600   199361 0.4700   208459      1   199360   199360   208458  0 2.70133e+11 2.76500e+11 159.623000 17.951000 56.170000  1 0.2100 149.510000 27.17275 25.90157 12.74545 -69.440 110.450 42.490 5.569e+10 2.461e+10 1.385e+10 0.02216 248860 248897 674639 261 34 248803 248922 17.9508 476650000000 476650000000 476650000000 266920000000 57198000000 7.71127 0 0.01709 0.56578 0.42567 11.0843 -18.9057 30.3996 0.6499 0.46207 -0.15552 -14.2459 26.1727 0.1062 276700000000 162100000000
 0.4500   190322 0.4600   199360      1       -1       -1       -1  0 1.00097e+12 9.62800e+11 242.458000 33.077000 103.610000  1 0.3300 220.270000 27.04719 25.82773 12.92132 -21.090 121.360 -53.470 -3.677e+11 -2.763e+11 -9.020e+10 0.02139 248861 248859 674639 1405 33 248803 248895 33.0771 962830000000 962830000000 896100000000 610110000000 324120000000 17.9816 0 0.01619 0.75069 0.67896 -1.9823 22.3231 -1.84875 0.64313 0.55497 -1.23348 18.4352 -2.04952 0.1426 945300000000 600600000000
 0.4500   190323 0.4600   199361      1       -1       -1   199360  0 4.00367e+11 2.86000e+11 161.772000 22.391000 55.900000  1 0.2100 146.570000 27.21681 25.84304 12.71987 -58.360 107.400 33.040 3.092e+10 2.933e+10 2.687e+10 0.01721 248862 248898 674639 1404 33 248803 248922 22.3913 305060000000 305060000000 305060000000 238320000000 95330000000 5.73899 0 0.01316 0.65913 0.42374 10.0911 -13.1392 24.15 0.91022 0.37409 13.9835 14.0608 -6.19976 0.098 270400000000 181100000000
 0.4400   181298 0.4500   190322      1       -1       -1       -1  0 9.05633e+11 8.96100e+11 237.197000 32.941000 99.740000  1 0.3300 216.540000 27.05291 25.74574 12.96051 -19.420 116.360 -54.220 -3.147e+11 -2.110e+11 6.731e+10 0.01993 248863 248860 674639 1388 32 248803 248895 32.9415 905630000000 896100000000 896100000000 552910000000 276460000000 30.6668 1.09 0.01514 0.6526 0.47587 -4.77002 27.9113 -7.59096 0.6354 0.55184 -2.25689 21.8728 -6.08134 0.1368 850800000000 543400000000
 0.4400   181299 0.4500   190323      1       -1       -1       -1  0 4.00367e+11 2.86000e+11 162.097000 20.633000 58.070000  1 0.2100 150.460000 27.24025 25.77950 12.70408 -50.370 102.360 24.770 4.316e+10 5.453e+10 7.609e+09 0.02368 248864 248899 674639 1387 32 248803 248922 20.6331 305060000000 305060000000 305060000000 200190000000 104860000000 1.71912 0 0.01847 0.56795 0.46735 0.77679 -20.4679 25.948 0.73352 0.40585 -0.26937 -17.5907 20.2521 0.1064 258900000000 162100000000
 0.4300   172301 0.4400   181298      1       -1       -1       -1  0 8.70700e+11 8.58000e+11 234.239000 43.765000 94.850000  1 0.3300 205.270000 27.05537 25.66953 12.99047 -18.990 113.950 -52.190 -2.486e+11 -1.875e+10 -6.854e+10 0.01414 248865 248861 674639 246 31 248803 248895 43.7653 857970000000 857970000000 819840000000 571980000000 209730000000 37.4132 0 0.01105 0.49997 0.29693 -11.1947 45.1379 5.10434 0.5054 0.36699 -13.5775 31.3917 -0.80775 0.1335 773500000000 648200000000
 0.4300   172302 0.4400   181299      1       -1       -1       -1  0 4.00367e+11 2.95500e+11 164.197000 22.747000 54.170000  1 0.2100 151.260000 27.26998 25.72998 12.70545 -44.320 97.390 19.660 6.461e+10 5.077e+10 3.733e+10 0.02899 248866 248900 674639 245 31 248803 248922 22.747 305060000000 305060000000 266920000000 171590000000 95330000000 17.584 2.19 0.0228 0.38924 0.27019 2.34401 -15.2351 22.2102 0.3637 0.17456 -0.11887 -15.4169 17.799 0.0933 247600000000 171600000000
 0.4200   163375 0.4300   172301      1       -1       -1       -1  0 8.70667e+11 8.58000e+11 234.679000 39.457000 91.310000  1 0.3300 210.910000 27.07526 25.60004 13.02878 -19.110 109.560 -51.630 -2.626e+11 -7.996e+10 -6.325e+10 0.01545 248867 248862 674639 235 30 248803 248895 39.4573 857970000000 848440000000 781710000000 476650000000 171590000000 38.005 0 0.01217 0.41617 0.29022 -12.9424 27.9871 9.04172 0.48505 0.15882 -11.6252 17.4878 7.90024 0.1256 755000000000 572000000000
 0.4200   163376 0.4300   172302      1       -1       -1       -1  0 4.00367e+11 2.95500e+11 164.506000 23.496000 52.060000  1 0.2100 152.050000 27.29264 25.67510 12.67780 -40.520 93.940 14.930 5.211e+10 7.899e+10 -3.434e+10 0.03122 248868 248901 674639 234 30 248803 248922 23.4956 295520000000 285990000000 228790000000 200190000000 0 13.3089 2.78 0.0257 0.36158 0.13786 0.36941 -26.7439 42.6504 0.03115 0 2.21107 -30.3676 47.6504 0.0928 261300000000 190700000000
 0.4100   154521 0.4200   163375      1       -1       -1       -1  0 8.70667e+11 8.77000e+11 236.834000 71.784000 85.140000  1 0.3300 200.260000 27.10281 25.53763 13.06759 -23.650 111.320 -50.590 -2.741e+11 3.524e+10 1.847e+11 0.01740 248869 248863 674639 249 29 248803 248895 71.7843 877040000000 848440000000 791240000000 476650000000 190660000000 42.0819 0.28 0.014 0.63025 0.5627 -9.1868 36.7893 9.21673 0.87613 0.81219 -8.57163 22.938 1.68168 0.1088 752300000000 972400000000
 0.4100   154522 0.4200   163376      1       -1       -1       -1  0 4.00367e+11 2.57400e+11 157.387000 21.445000 49.390000  1 0.2100 148.120000 27.30744 25.60831 12.69374 -36.680 90.050 11.920 3.693e+10 7.690e+10 3.580e+10 0.03745 248870 248902 674639 248 29 248803 248922 21.4454 257390000000 257390000000 257390000000 190660000000 47665000000 17.8712 0 0.03007 0.25024 0.12942 -7.43674 -12.721 31.0389 0.2788 0.12666 -5.11955 -13.0295 26.8097 0.0839 242100000000 171600000000
 0.4000   145775 0.4100   154521      1       -1       -1       -1  0 8.54767e+11 8.77000e+11 237.249000 47.467000 84.470000  1 0.3300 211.740000 27.10838 25.49068 13.08947 -23.400 108.740 -48.430 -1.956e+11 1.316e+11 1.963e+11 0.01639 248871 248864 674639 232 28 248803 248895 47.467 877040000000 867500000000 829370000000 562450000000 142990000000 17.2049 0 0.01307 0.58652 0.39514 11.9393 46.6708 -1.89915 0.60726 0.29608 7.48773 34.8602 -7.90472 0.1028 771300000000 772200000000
 0.4000   145776 0.4100   154522      1       -1       -1       -1  0 4.00367e+11 2.57400e+11 157.663000 18.799000 49.680000  1 0.2100 153.800000 27.33810 25.55186 12.66428 -34.430 86.930 9.490 4.510e+10 8.210e+10 2.510e+10 0.03948 248872 248903 674639 231 28 248803 248922 18.7986 257390000000 247860000000 238320000000 200190000000 0 9.3414 1.39 0.03188 0.32836 0.29034 -21.645 -11.7921 42.5184 0.8358 0.71451 -25.7109 -9.05026 35.2197 0.084 261900000000 133500000000
 0.3900   137118 0.4000   145775      1       -1       -1       -1  0 8.35700e+11 8.10300e+11 231.462000 32.022000 84.290000  1 0.3300 221.570000 27.13027 25.41442 13.12683 -24.030 104.080 -48.640 -1.118e+11 1.232e+11 2.931e+11 0.02162 248873 248865 674639 227 27 248803 248895 32.0222 810300000000 800770000000 791240000000 610110000000 114400000000 20.0547 0.26 0.01658 0.72696 0.61396 12.1606 39.8509 10.0295 0.78284 0.63763 -0.6911 32.5376 12.122 0.0968 807000000000 524300000000
 0.3900   137119 0.4000   145776      1       -1       -1       -1  0 4.00367e+11 2.95500e+11 165.371000 21.454000 51.620000  1 0.2100 160.250000 27.35337 25.49697 12.66314 -28.860 85.210 6.830 6.513e+10 5.730e+10 1.391e+09 0.02752 248874 248904 674639 226 27 248803 248922 21.4537 295520000000 247860000000 247860000000 200190000000 0 21.1057 1.89 0.02293 0.51676 0.40232 -23.1592 -16.6552 36.4851 0.26674 0.1596 -23.0845 -3.0952 36.8677 0.0842 284200000000 181100000000
 0.3800   128666 0.3900   137118      1       -1       -1       -1  0 8.07100e+11 8.19800e+11 232.742000 28.942000 88.030000  1 0.3300 229.830000 27.14396 25.37639 13.14670 -22.630 100.680 -48.630 -2.171e+11 1.967e+10 3.909e+11 0.02929 248875 248866 674639 1214 26 248803 248895 28.9424 819840000000 810300000000 800770000000 648240000000 152530000000 16.5304 0 0.02186 0.53258 0.47756 -5.87999 22.7075 10.3179 0.39936 0.30486 -7.61823 18.1478 9.8633 0.0978 792500000000 533800000000
 0.3800   128667 0.3900   137119      1       -1       -1       -1  0 4.00367e+11 3.43200e+11 174.105000 22.912000 58.340000  1 0.2100 170.030000 27.37307 25.43841 12.65034 -26.930 82.790 8.640 9.002e+10 5.474e+10 1.670e+10 0.02665 248876 248905 674639 1213 26 248803 248922 22.9119 343190000000 333650000000 285990000000 200190000000 0 11.2568 1.73 0.02224 0.40427 0.17041 -19.9865 -20.5384 49.5346 0.04108 0.01471 -6.97424 -31.776 50.2676 0.0911 301600000000 190700000000
 0.3700   120178 0.3800   128666      1       -1       -1       -1  0 7.72133e+11 7.91200e+11 230.361000 26.186000 89.080000  1 0.3300 234.240000 27.15855 25.33553 13.18236 -23.350 97.760 -44.880 -1.184e+11 2.975e+09 3.279e+11 0.02448 248877 248867 674639 265 25 248803 248895 26.1859 791240000000 781710000000 753110000000 514780000000 257390000000 38.0341 0 0.01829 0.56403 0.42618 -20.0801 29.3935 7.42618 0.49343 0.32791 -17.9733 19.5718 16.4187 0.1024 706000000000 400400000000
 0.3700   120179 0.3800   128667      1       -1       -1       -1  0 4.00367e+11 3.62300e+11 177.546000 32.796000 58.510000  1 0.2100 165.440000 27.41394 25.37467 12.64276 -26.520 82.820 8.920 7.465e+10 7.761e+10 2.626e+10 0.02596 248878 248906 674639 430 25 248803 248922 32.7959 362250000000 352720000000 314590000000 238320000000 0 9.41272 0 0.02138 0.45842 0.22865 -13.5373 -23.9968 39.5932 0.38582 0.24292 -21.3539 -19.5298 29.8278 0.0854 301500000000 266900000000
 0.3600   111795 0.3700   120178      1       -1       -1       -1  0 7.30833e+11 7.05400e+11 222.044000 14.735000 90.590000  1 0.3300 259.320000 27.17128 25.27134 13.21735 -22.620 90.720 -43.340 -4.069e+10 -4.747e+10 1.571e+11 0.01539 248879 248868 674639 257 24 248803 248895 14.7349 705440000000 667310000000 648240000000 390850000000 324120000000 36.6727 0 0.01088 0.76456 0.4337 -6.28887 18.8327 8.68773 0.66505 0.48734 -5.46779 6.77608 14.9918 0.1014 756600000000 314600000000
 0.3600   111796 0.3700   120179      1       -1       -1       -1  0 4.00367e+11 3.52700e+11 176.237000 28.649000 61.710000  1 0.2100 169.490000 27.42309 25.30595 12.62952 -24.460 78.810 8.800 4.702e+10 5.652e+10 5.321e+10 0.02372 248880 248907 674639 424 24 248803 248922 28.649 352720000000 352720000000 352720000000 238320000000 104860000000 13.5351 0 0.01854 0.57425 0.50157 -10.2301 -12.6051 19.5188 0.57199 0.49125 -7.73552 -10.5955 15.9758 0.0861 318000000000 257400000000
 0.3500   103557 0.3600   111795      1       -1       -1       -1  0 6.54600e+11 6.95900e+11 221.354000 47.731000 75.460000  1 0.3300 206.690000 27.20358 25.12876 13.24335 -22.710 86.360 -39.340 -1.545e+11 5.451e+10 2.261e+11 0.02253 248881 248869 674639 257 23 248803 248895 47.7306 695910000000 667310000000 667310000000 457580000000 9533000000 14.0838 1.8 0.01863 0.48091 0.17619 -5.22086 55.3877 0.05505 0.07437 0.00718 -5.26483 82.2552 -4.93464 0.1008 604300000000 638700000000
 0.3500   103558 0.3600   111796      1       -1       -1       -1  0 4.00367e+11 3.81300e+11 181.134000 27.830000 61.480000  1 0.2100 177.990000 27.44769 25.23629 12.61690 -22.910 75.760 8.090 6.051e+10 3.249e+10 5.133e+10 0.01977 248882 248908 674639 409 23 248803 248922 27.8295 381320000000 352720000000 333650000000 228790000000 114400000000 14.2424 0 0.01559 0.72531 0.40465 16.1717 -4.44794 14.8289 0.41037 0.12807 16.9801 -1.42663 9.24179 0.0842 317500000000 257400000000
 0.3400    95518 0.3500   103557      2       -1       -1       -1  0 6.41900e+11 5.62500e+11 206.468000 49.791000 64.060000  1 0.3300 192.630000 27.21331 25.10761 13.23098 -28.010 82.650 -33.490 -3.293e+10 3.489e+10 -4.570e+09 0.00560 248883 248870 674639 1264 22 248803 248895 49.7909 562450000000 533850000000 533850000000 266920000000 0 35.2771 1.03 0.00465 0.58522 0.37562 -10.6721 33.0796 50.4771 0.65582 0.5509 -17.8909 38.6332 8.50657 0.0826 491600000000 533800000000
 0.3400    95519 0.3500   103558      1       -1       -1       -1  0 4.00367e+11 3.62300e+11 178.305000 51.000000 58.110000  1 0.2100 163.630000 27.48115 25.16349 12.66103 -23.720 71.830 5.890 2.552e+10 7.398e+10 3.916e+10 0.02155 248884 248909 674639 1419 22 248803 248922 51.0001 362250000000 352720000000 343190000000 190660000000 66731000000 28.0344 0.44 0.01757 0.79087 0.57403 11.4351 -5.12077 23.4858 0.84949 0.5285 3.64657 4.47577 17.4204 0.083 313300000000 390900000000
 0.3300    87709 0.3400    95518      1       -1       -1       -1  0 4.86200e+11 4.67100e+11 194.325000 35.246000 59.900000  1 0.1700 190.670000 27.24556 25.02166 13.25915 -28.260 79.540 -25.020 -2.647e+10 1.047e+11 -7.275e+10 0.02136 248885 248871 674639 244 21 248888 248887 35.2456 467120000000 419450000000 390850000000 305060000000 19066000000 14.4092 0 0.01737 0.6722 0.46825 1.33996 28.4636 14.5377 0.27425 0.05463 -10.9928 19.0807 11.6084 0.0731 415800000000 343200000000
 0.3300    87710 0.3400    95518      1       -1       -1       -1  0 1.55700e+11 1.33500e+11 127.989000 7.142000 47.660000  0 0.2600 162.550000 27.21020 25.09663 13.47229 -22.980 67.200 -80.290 7.222e+09 5.132e+09 1.982e+10 0.03259 248886 248888 674639 243 21 248803 248895 7.14216 133460000000 133460000000 133460000000 104860000000 76264000000 7.28699 0 0.02336 0.79456 0.59046 13.4135 -10.6945 -12.9462 0.67029 0.55592 15.5032 -12.6952 -6.70878 0.0741 175900000000 38130000000
 0.3300    87711 0.3400    95519      1       -1       -1       -1  0 4.00367e+11 3.90800e+11 183.115000 49.505000 52.730000  1 0.2100 171.090000 27.48984 25.10851 12.61457 -21.900 69.170 3.150 4.207e+10 2.392e+10 3.930e+10 0.01328 248887 248910 674639 393 21 248803 248922 49.5048 390850000000 381320000000 371790000000 200190000000 0 4.23695 0.49 0.01119 0.85007 0.49589 24.3003 -23.9095 29.7958 0.20575 0.10046 48.8058 5.49462 -1.66192 0.0679 328800000000 409900000000
 0.3200    80055 0.3300    87709      1       -1       -1       -1  0 4.25800e+11 4.29000e+11 189.118000 35.835000 59.980000  1 0.1700 186.870000 27.28374 24.95180 13.29347 -27.600 79.260 -26.900 8.886e+10 1.032e+11 -9.673e+10 0.03214 248888 248872 674639 228 20 248803 248887 35.8352 428980000000 428980000000 409920000000 295520000000 9533000000 6.13621 0 0.02606 0.42394 0.20884 28.629 50.5713 13.9985 0.18142 0.14867 38.1674 36.4164 0.28827 0.0752 393000000000 343200000000
 0.3200    80056 0.3300    87710      1       -1       -1       -1  1 1.55700e+11 1.38200e+11 129.655000 11.104000 42.320000  1 0.2600 153.760000 27.21827 25.07378 13.49152 -28.660 79.260 -45.540 9.081e+09 1.569e+09 1.547e+10 0.02575 248889 248889 674639 6913 20 248803 248895 12.3678 138225000000 138225000000 138225000000 109630000000 38132000000 7.74838 2.22 0.01945 0.824165 0.578315 -3.58576 -12.0221 8.68058 0.75882 0.329095 1.90012 -14.6035 14.8259 0.0637 159850000000 57195000000
 0.3200    80057 0.3300    87711      1       -1       -1       -1  0 4.00367e+11 4.00400e+11 184.818000 58.812000 54.070000  1 0.2100 172.790000 27.50698 25.04781 12.61083 -18.400 65.930 3.580 1.140e+11 -2.238e+10 3.417e+10 0.02498 248890 248911 674639 367 20 248803 248922 58.812 400390000000 381320000000 371790000000 171590000000 28599000000 17.7209 0 0.02119 0.34251 0.25821 12.8131 -14.5855 46.5109 0.88956 0.51677 6.53516 -13.1376 21.9518 0.0682 334900000000 448100000000
 0.3100    72662 0.3200    80055      1       -1       -1       -1  0 3.94033e+11 3.81300e+11 182.048000 24.500000 57.720000  1 0.1700 193.230000 27.30709 24.82035 13.29327 -32.580 77.140 -22.540 -5.326e+10 3.846e+10 -3.019e+10 0.01829 248891 248873 674639 1147 19 248803 248887 24.4997 381320000000 381320000000 371790000000 266920000000 123930000000 9.94603 0 0.01394 0.57894 0.31725 -11.094 33.5422 7.96057 0.53371 0.09593 -16.1881 30.1848 0.28149 0.063 335000000000 228800000000
 0.3100    72663 0.3200    80056      1       -1       -1       -1  0 1.55700e+11 1.43000e+11 131.279000 15.065000 35.110000  1 0.2600 143.830000 27.24327 24.96630 13.62131 -22.660 59.500 -63.720 1.094e+10 -1.994e+09 1.112e+10 0.01891 248892 248890 674639 1148 19 248803 248895 15.0653 142990000000 142990000000 142990000000 114400000000 0 8.20977 4.44 0.01554 0.85377 0.56617 -20.585 -13.3496 30.3073 0.84735 0.10227 -11.7029 -16.5117 36.3607 0.0533 143800000000 76260000000
 0.3100    72664 0.3200    80057      1       -1       -1       -1  0 3.81333e+11 4.09900e+11 186.490000 54.927000 57.120000  1 0.2100 177.820000 27.52529 24.98089 12.60921 -15.590 67.190 0.990 8.677e+10 -6.406e+10 -1.541e+10 0.02207 248893 248912 674639 1267 19 248803 248922 54.927 409920000000 381320000000 352720000000 200190000000 47665000000 6.68505 0 0.01862 0.61506 0.34935 3.75728 -17.2681 40.2501 0.48024 0.13353 20.7319 4.016 21.6208 0.0708 337600000000 429000000000
 0.3000    65486 0.3100    72662      1       -1       -1       -1  0 3.78133e+11 3.71800e+11 180.716000 25.591000 53.760000  1 0.1700 192.830000 27.34941 24.74799 13.33286 -31.680 77.230 -25.050 -2.585e+10 2.391e+10 -4.683e+09 0.00952 248894 248874 674639 215 18 248803 248887 25.5907 371790000000 371790000000 371790000000 295520000000 114400000000 10.2002 0 0.00726 0.51912 0.4333 -5.19891 39.9545 -3.9426 0.43867 0.17106 2.40735 35.0192 -8.64703 0.0539 349600000000 247900000000
 0.3000    65487 0.3100    72663      1       -1       -1       -1  0 1.55700e+11 1.33500e+11 128.436000 11.093000 36.050000  1 0.2600 152.130000 27.26799 24.90799 13.68696 -25.440 56.750 -59.230 1.204e+10 -3.544e+09 -3.456e+09 0.01842 248895 248891 674639 216 18 248803 248895 11.0929 133460000000 133460000000 133460000000 95330000000 19066000000 7.83501 0 0.01466 0.74749 0.04851 14.7221 24.6957 -13.0891 0.3778 0 23.3406 25.6847 2.91568 0.0498 150900000000 38130000000
 0.3000    65488 0.3100    72664      1       -1       -1       -1  0 3.49567e+11 3.33700e+11 174.314000 28.493000 57.030000  1 0.2100 181.410000 27.55433 24.89414 12.66677 -9.990 61.810 -0.560 7.741e+10 -1.075e+11 -1.414e+10 0.04026 248896 248913 674639 339 18 248803 248922 28.4925 333650000000 333650000000 333650000000 247860000000 0 19.8437 0 0.03259 0.47021 0.15234 17.5988 -18.2267 47.797 0.60076 0.0339 16.8983 -15.426 27.4201 0.0733 312800000000 247900000000
 0.2900    58570 0.3000    65486      1       -1       -1       -1  0 3.78133e+11 3.81300e+11 182.437000 27.753000 53.680000  1 0.1700 195.170000 27.38548 24.65728 13.35752 -30.330 73.930 -23.460 -3.108e+10 2.752e+10 -9.843e+09 0.01113 248897 248875 674639 299 17 248803 248887 27.7527 381320000000 381320000000 371790000000 276460000000 66731000000 10.6425 0 0.00849 0.77265 0.3723 -4.41887 37.3645 -4.99469 0.88391 0.36464 -1.26636 26.7339 -16.2655 0.0527 338300000000 257400000000
 0.2900    58571 0.3000    65487      1       -1       -1       -1  0 1.55700e+11 1.62100e+11 137.164000 13.682000 42.400000  1 0.2600 159.620000 27.30995 24.84284 13.76177 -22.570 54.970 -50.250 1.042e+10 -1.070e+10 -1.802e+10 0.02489 248898 248892 674639 603 17 248803 248895 13.682 162060000000 162060000000 133460000000 104860000000 66731000000 12.2722 0 0.01939 0.46985 0.22178 -14.1194 -5.83698 18.0287 0.43715 0.21478 -12.6457 -3.50852 14.9033 0.0545 151200000000 76260000000
 0.2900    58572 0.3000    65488      1       -1       -1       -1  0 3.14633e+11 3.05100e+11 169.359000 17.549000 55.920000  1 0.2100 195.430000 27.54655 24.83973 12.67345 -11.900 60.370 -6.750 3.661e+10 -7.218e+10 -3.748e+10 0.03339 248899 248914 674639 319 17 248803 248922 17.5494 305060000000 305060000000 305060000000 276460000000 0 14.9881 0 0.02575 0.74829 0.32603 31.0289 -2.02784 32.936 0.22797 0.08955 -5.36557 29.3612 30.3922 0.0646 342300000000 133500000000
 0.2800    51986 0.2900    58570      1       -1       -1       -1  0 3.78133e+11 3.81300e+11 182.614000 27.928000 55.090000  1 0.1700 198.350000 27.42949 24.57768 13.37223 -28.260 67.490 -20.660 -4.265e+10 2.808e+10 -1.550e+10 0.01426 248900 248876 674639 276 16 248803 248887 27.9278 381320000000 381320000000 381320000000 257390000000 114400000000 9.1949 0 0.01081 0.56333 0.41764 -4.75569 32.2924 19.6357 0.58201 0.345 18.3527 -15.4629 -11.1643 0.0519 351300000000 257400000000
 0.2800    51987 0.2900    58571      1       -1       -1       -1  0 1.55700e+11 1.52500e+11 134.551000 12.473000 42.340000  1 0.2600 161.780000 27.33553 24.77531 13.82374 -22.940 54.060 -48.020 5.938e+09 -1.552e+10 -2.010e+10 0.03123 248901 248893 674639 620 16 248803 248895 12.4728 152530000000 152530000000 152530000000 133460000000 28599000000 7.36782 0 0.02432 0.75428 0.45911 -4.87892 -8.93633 20.1503 0.57002 0.34401 -2.99568 -6.82318 21.3638 0.0566 172300000000 47660000000
 0.2800    51988 0.2900    58572      1       -1       -1       -1  0 2.89200e+11 3.05100e+11 169.524000 40.076000 54.570000  1 0.2100 172.910000 27.57013 24.77226 12.60833 -10.780 58.230 -4.030 3.219e+10 -7.445e+10 -4.344e+10 0.02961 248902 248915 674639 283 16 248803 248922 40.0758 305060000000 285990000000 285990000000 19066000000 9533000000 53.2696 0 0.02702 0.38239 0.31848 -3.16903 -3.27825 62.77 0 0 0 0 0 0.0895 262300000000 286000000000
 0.2700    45718 0.2800    51986      1       -1       -1       -1  0 3.71800e+11 3.71800e+11 181.245000 38.906000 52.460000  1 0.1700 190.200000 27.45351 24.47025 13.37593 -26.630 63.060 -17.100 -9.871e+09 3.773e+10 -3.283e+09 0.01068 248903 248877 674639 934 15 248803 248887 38.9059 371790000000 362250000000 362250000000 238320000000 104860000000 29.0156 0 0.00842 0.59704 0.31761 4.33216 40.8091 4.08787 0.13553 0.02359 10.875 39.4666 -20.8836 0.0505 311700000000 314600000000
 0.2700    45719 0.2800    51987      1       -1       -1       -1  1 1.52500e+11 1.52500e+11 134.670000 20.222000 38.440000  1 0.2600 153.670000 27.34383 24.75585 13.83806 -25.400 59.250 -36.180 -5.090e+08 -1.697e+10 -1.425e+10 0.02695 248904 248894 674639 5358 15 248803 248895 22.8383 152530000000 152530000000 152530000000 104862000000 19066000000 16.6227 0 0.022505 0.44476 0.23575 -5.30042 -12.8777 31.6507 0.499975 0.27216 14.4063 13.3809 29.1667 0.0552 154600000000 90580000000
 0.2700    45720 0.2800    51988      1       -1       -1       -1  0 2.63767e+11 2.57400e+11 160.336000 29.252000 49.010000  1 0.2100 172.110000 27.55167 24.67911 12.73722 -12.550 53.770 -10.400 2.089e+10 -4.049e+10 -2.844e+10 0.02583 248905 248916 674639 960 15 248803 248922 29.2518 257390000000 257390000000 257390000000 142990000000 28599000000 32.8384 0 0.02131 0.47705 0.16891 -12.6764 -6.53398 24.1471 0.53052 0.0213 -8.13537 0.95624 13.896 0.0667 220100000000 200200000000
 0.2600    39796 0.2700    45718      1       -1       -1       -1  0 3.52733e+11 3.62300e+11 179.836000 32.264000 48.380000  1 0.1700 196.960000 27.50138 24.41109 13.41909 -24.390 58.000 -17.310 -7.190e+09 3.027e+10 1.627e+10 0.01011 248906 248878 674639 2212 14 248803 248887 32.2638 362250000000 352720000000 343190000000 247860000000 0 12.3313 0 0.00803 0.55465 0.38607 -2.07571 46.5253 21.9339 0.68252 0.463 -3.95701 36.2882 18.9642 0.0454 311100000000 276500000000
 0.2600    39797 0.2700    45719      0       -1       -1       -1  0 1.52500e+11 1.52500e+11 134.789000 27.971000 33.540000  1 0.2600 144.590000 27.42021 24.63047 13.93916 -23.460 46.980 -39.170 -6.956e+09 -1.842e+10 -8.395e+09 0.02266 248907 248895 674639 2548 14 248803 248895 27.9711 152530000000 152530000000 152530000000 76264000000 9533000000 25.8776 0 0.02069 0.13524 0.01239 -5.72193 -16.8191 43.1511 0.42993 0.20031 31.8084 33.5849 36.9696 0.0538 136900000000 133500000000
 0.2600    39798 0.2700    45720      1       -1       -1       -1  0 2.06567e+11 2.28800e+11 154.295000 31.720000 43.540000  1 0.2100 165.720000 27.57266 24.63018 12.73350 -9.330 50.360 -9.590 4.220e+10 -3.764e+10 -1.151e+10 0.03177 248908 248917 674639 2278 14 248803 248922 31.7204 228790000000 228790000000 228790000000 47665000000 9533000000 15.806 0 0.02839 0.64435 0.10499 14.963 -9.68679 27.9182 0.50293 0.00652 4.85903 -13.3612 17.6421 0.0659 204800000000 200200000000
 0.2500    34243 0.2600    39796      1       -1       -1       -1  0 3.20967e+11 3.24100e+11 173.428000 23.021000 49.170000  1 0.1700 203.780000 27.53888 24.32183 13.43512 -22.660 53.700 -19.000 6.738e+09 1.762e+10 1.148e+10 0.00796 248909 248879 674639 225 13 248803 248887 23.0212 324120000000 324120000000 314590000000 247860000000 38132000000 10.4183 0 0.0062 0.48088 0.45987 -6.84869 43.5245 12.2544 0.41659 0.35792 -7.85914 37.6347 14.6203 0.0446 305200000000 219300000000
 0.2500    34245 0.2600    39798      1       -1       -1       -1  0 1.54133e+11 1.33500e+11 129.024000 14.335000 31.420000  1 0.2100 157.140000 27.57564 24.56421 12.80014 -19.710 37.710 -16.920 -2.779e+09 -4.879e+09 -7.421e+09 0.01350 248910 248918 674639 278 13 248803 248922 14.3349 133460000000 133460000000 133460000000 114400000000 0 5.54769 0 0.01146 0.82938 0.63738 25.2181 15.7995 -19.0786 0.66179 0.54098 -6.66909 15.8891 30.5141 0.0328 142500000000 38130000000
 0.2400    29049 0.2500    34243      1       -1       -1       -1  0 2.92367e+11 2.76500e+11 164.593000 17.723000 49.370000  1 0.1700 205.730000 27.57647 24.24433 13.46197 -22.560 50.080 -17.320 1.871e+10 4.856e+09 2.899e+09 0.00996 248911 248880 674639 1938 12 248803 248887 17.7226 276460000000 276460000000 276460000000 266920000000 66731000000 8.84555 0 0.0073 0.45897 0.42717 9.06557 34.5102 12.9572 0.55383 0.48796 13.1166 26.0296 7.58655 0.0431 310800000000 152500000000
 0.2400    29050 0.2500    34245      1       -1       -1       -1  1 1.00110e+11 1.00100e+11 117.282000 26.451000 33.590000  1 0.2100 137.840000 27.58285 24.55042 12.80633 -19.710 37.710 -16.920 6.451e+09 -7.375e+09 -5.768e+09 0.03552 248912 248919 674639 4304 12 248803 248922 31.1265 100095500000 81029500000 81029500000 57200000000 0 10.9587 14.56 0.044385 0.59665 0.429155 15.4188 18.0218 17.1061 0.330895 0.27049 -3.33454 7.94455 15.257 0.13495 127650000000 66730000000
 0.2300    24254 0.2400    29049      1       -1       -1       -1  0 2.79667e+11 2.76500e+11 164.706000 28.032000 44.810000  1 0.1700 192.740000 27.61274 24.17386 13.49313 -18.170 48.720 -17.350 1.868e+10 -6.842e+08 -1.520e+10 0.01150 248913 248881 674639 185 11 248803 248887 28.0324 276460000000 276460000000 276460000000 190660000000 0 20.866 0 0.00918 0.55159 0.18829 10.718 45.9811 23.0535 0.37333 0.08345 18.6249 6.31933 33.2858 0.0426 259200000000 190700000000
 0.2300    24255 0.2400    29050      1       -1       -1       -1  0 6.51433e+10 6.67300e+10 102.552000 38.568000 35.510000  1 0.2100 110.740000 27.62072 24.43359 12.69444 8.930 55.160 0.990 1.568e+10 -9.871e+09 -4.115e+09 0.05754 248914 248920 674639 280 11 248803 248922 38.5678 66731000000 28599000000 28599000000 0 0 16.3697 29.12 0.07731 0.36392 0.22093 5.61952 20.2441 53.2909 0 0 0 0 0 0.2371 112800000000 95330000000
 0.2200    19853 0.2300    24254      1       -1       -1       -1  0 2.79667e+11 2.86000e+11 166.682000 31.588000 42.140000  1 0.1700 196.010000 27.64319 24.09653 13.52103 -13.590 45.390 -13.460 1.265e+10 8.434e+09 -2.731e+10 0.01359 248915 248882 674639 168 10 248803 248887 31.5877 285990000000 285990000000 285990000000 133460000000 9533000000 14.2403 0 0.01151 0.38016 0.22667 17.2505 48.7568 36.2348 0.2327 0.10679 -14.7353 32.6552 12.1402 0.0365 264900000000 228800000000
 0.2200    19854 0.2300    24255      1       -1       -1       -1  0 4.44867e+10 2.86000e+10 77.367000 28.813000 18.380000  1 0.2100 85.370000 27.64560 24.36027 12.72626 -10.720 39.320 -4.240 -7.235e+08 1.814e+09 -1.229e+09 0.01928 248916 248921 674639 270 10 248803 248922 28.813 28599000000 19066000000 19066000000 9533000000 0 36.6579 8.87 0.03943 0 0 0 0 0 0 0 0 0 0 0.1044 97530000000 47660000000
 0.2100    15893 0.2200    19853      1       -1       -1       -1  0 2.76467e+11 2.76500e+11 164.904000 29.677000 41.840000  1 0.1700 199.840000 27.66094 24.00978 13.54036 -11.500 41.970 -12.380 5.813e+09 1.244e+09 -1.258e+10 0.00687 248917 248883 674639 144 9 248803 248887 29.677 276460000000 276460000000 276460000000 181130000000 0 8.24777 0 0.00554 0.36569 0.11359 -3.8846 47.7338 5.26393 0.04405 0 -3.53359 46.0324 5.68314 0.0316 244000000000 228800000000
 0.2100    15894 0.2200    19854      0       -1       -1       -1  0 3.81300e+10 3.81300e+10 85.203000 21.577000 21.300000  1 0.2100 98.830000 27.64386 24.29447 12.77536 -9.740 35.690 -4.670 3.853e+09 -1.463e+09 -6.160e+08 0.02717 248918 248922 674639 302 9 248803 248922 21.5773 38132000000 38132000000 38132000000 0 0 12.0947 7.58 0.04511 0.64141 0.02039 49.5899 34.4238 14.7831 0 0 0 0 0 0.1509 75740000000 38130000000
 0.2000    12412 0.2100    15893      1       -1       -1       -1  0 2.51033e+11 2.66900e+11 163.072000 29.118000 39.920000  1 0.1700 202.580000 27.68172 23.93953 13.56976 -10.940 39.770 -12.640 3.588e+09 -4.400e+09 -7.880e+09 0.00520 248919 248884 674639 794 8 248803 248887 29.1181 266920000000 266920000000 266920000000 181130000000 9533000000 4.25949 0 0.0042 0.40862 0.34696 0.80809 29.3744 21.6008 0.62135 0.01464 4.65085 22.2591 22.5831 0.0299 249400000000 209700000000
 0.1900     9394 0.2000    12412      1       -1       -1       -1  0 2.22433e+11 2.09700e+11 150.548000 11.428000 42.690000  1 0.1700 228.400000 27.69929 23.86623 13.60860 -11.050 39.400 -12.480 -5.202e+09 -9.964e+09 -2.399e+09 0.01056 248920 248885 674639 107 7 248803 248887 11.428 209730000000 209730000000 209730000000 171590000000 76264000000 8.75455 0 0.00763 0.44547 0.30889 -18.5463 26.918 1.89596 0.58412 0.29818 -15.3497 21.7279 -3.25387 0.0294 251900000000 76260000000
 0.1800     6823 0.1900     9394      1       -1       -1       -1  0 1.77967e+11 1.90700e+11 145.904000 23.213000 36.010000  1 0.1700 194.380000 27.73509 23.80095 13.64761 -10.910 33.920 -14.200 -7.018e+08 -3.382e+09 -7.189e+09 0.00800 248921 248886 674639 100 6 248803 248887 23.2126 190660000000 190660000000 190660000000 114400000000 38132000000 24.9402 0 0.00637 0.31529 0.16813 -18.5825 26.996 12.8776 0.83206 0.65799 -3.25223 8.31379 10.9429 0.0316 172200000000 114400000000
 0.1700     4728 0.1800     6823      0       -1       -1       -1  0 1.33500e+11 1.33500e+11 129.599000 19.475000 27.160000  1 0.1700 179.310000 27.74262 23.72703 13.68534 -7.120 28.870 -14.470 6.344e+08 -4.606e+09 -1.965e+09 0.00844 248922 248887 674639 405 5 248803 248887 19.4746 133460000000 133460000000 133460000000 57198000000 9533000000 11.1445 0 0.00752 0.61182 0.11598 -7.73145 34.9326 1.94611 0.62351 0.45206 -18.1944 26.316 22.3541 0.0281 129600000000 66730000000
