 1.0000   680800 0.0000       -1      1   680801   680801       -1  0 4.09900e+11 4.09900e+11 151.974000 28.669000 115.250000  1 0.4100 115.350000 42.68699 58.10653 13.95714 69.230 -267.850 387.980 -1.563e+10 -2.726e+11 -1.566e+11 0.02548 329412 329412 680800 6315 88 329411 329471 28.6692 867500000000 877040000000 486180000000 181130000000 66731000000 44.3472 0 0.03317 0.80273 0.47687 -5.62149 20.4547 -11.5509 0.15286 0.0819 27.3819 -7.58942 10.3313 0.6562 458600000000 305100000000
 0.9900   672684 1.0000   680800      1       -1       -1   680801  0 4.44900e+11 4.29000e+11 154.944000 18.676000 113.820000  1 0.4100 127.030000 42.68229 58.16714 13.88852 77.090 -264.790 376.970 -6.230e+09 -4.747e+11 -9.294e+10 0.04158 329413 329413 680800 6308 87 329411 329471 18.6759 505250000000 743570000000 457580000000 314590000000 0 13.709 0 0.04739 0.65628 0.31952 11.6621 -25.7172 33.0215 0.14716 0 5.53714 8.41409 34.8924 0.5797 536900000000 257400000000
 0.9800   664253 0.9900   672684      1       -1       -1       -1  0 4.44900e+11 4.29000e+11 155.593000 14.483000 115.870000  1 0.4100 134.730000 42.66578 58.19749 13.84435 81.650 -262.010 369.100 1.078e+10 -4.551e+11 -3.220e+10 0.03920 329414 329414 680800 6312 86 329411 329471 14.4827 495720000000 552910000000 438520000000 333650000000 0 2.49867 0 0.04484 0.51891 0.13579 14.8636 -16.3969 35.3983 0.39965 0.1154 13.8244 -11.7427 32.0141 0.5891 603200000000 104900000000
 0.9700   655866 0.9800   664253      1       -1       -1       -1  0 4.44900e+11 4.38500e+11 157.391000 16.162000 116.890000  1 0.4100 133.170000 42.65919 58.22442 13.80473 80.130 -258.220 359.400 2.243e+10 -5.415e+11 -6.253e+10 0.04530 329415 329415 680800 5321 85 329411 329471 16.1619 476650000000 524310000000 438520000000 305060000000 0 6.4502 0 0.05184 0.61926 0.2705 15.8285 -20.1867 32.6108 0.61052 0.31386 -16.4404 23.3309 -23.1803 0.5891 588300000000 181100000000
 0.9600   647526 0.9700   655866      1       -1       -1       -1  0 4.44900e+11 4.38500e+11 158.043000 17.991000 117.370000  1 0.4100 130.660000 42.64539 58.25263 13.76543 75.090 -257.000 350.700 -5.990e+09 -6.140e+11 -1.343e+11 0.05278 329416 329416 680800 6355 84 329411 329471 17.9906 457580000000 505250000000 428980000000 285990000000 0 3.90317 0 0.05991 0.73452 0.32122 16.0175 -17.7273 30.8142 0.11246 0.01569 -28.5633 37.8356 -6.99782 0.5872 561000000000 257400000000
 0.9500   639198 0.9600   647526      1       -1       -1       -1  0 4.44900e+11 4.48100e+11 159.836000 19.042000 117.450000  1 0.4100 130.790000 42.63651 58.28239 13.72710 76.500 -251.090 343.570 -3.009e+10 -5.368e+11 -1.253e+10 0.04378 329417 329417 680800 6362 83 329411 329471 19.0416 457580000000 476650000000 419450000000 266920000000 0 1.3593 0 0.04961 0.69543 0.35605 16.0807 -15.5722 32.9811 0.55545 0.00762 -17.8388 27.4095 -16.8287 0.5831 559300000000 257400000000
 0.9400   630884 0.9500   639198      1       -1       -1       -1  0 4.41733e+11 4.48100e+11 160.491000 20.324000 115.500000  1 0.4100 129.620000 42.62878 58.31316 13.68845 75.640 -246.380 337.550 2.498e+10 -5.501e+11 -2.371e+10 0.04549 329418 329418 680800 6366 82 329411 329471 20.3241 448050000000 467120000000 419450000000 266920000000 0 2.46669 0 0.05101 0.72867 0.54431 25.3917 -17.2356 25.5228 0.02283 0 -33.364 50.0175 -11.3728 0.5687 553700000000 266900000000
 0.9300   622557 0.9400   630884      1       -1       -1       -1  0 4.35367e+11 4.29000e+11 158.826000 20.870000 114.110000  1 0.4100 127.260000 42.62717 58.33725 13.65783 72.480 -243.400 331.890 -1.290e+10 -3.837e+11 -1.616e+10 0.03385 329419 329419 680800 6389 81 329411 329471 20.8701 428980000000 476650000000 419450000000 257390000000 0 6.05351 0 0.03836 0.75956 0.38851 21.392 -10.7039 33.9879 0.14575 0.03815 28.0748 -20.1824 18.6336 0.5741 536300000000 276500000000
 0.9200   614211 0.9300   622557      1       -1       -1       -1  0 4.03533e+11 4.29000e+11 159.469000 26.877000 108.080000  1 0.4100 122.190000 42.60022 58.37137 13.58603 81.640 -241.620 331.220 8.000e+10 -3.866e+11 -5.509e+10 0.03673 329420 329420 680800 6405 80 329411 329471 26.877 428980000000 448050000000 362250000000 228790000000 28599000000 13.6365 0 0.03994 0.78141 0.34 20.3066 -9.86372 11.4812 0.2263 0.02947 -0.72731 10.3653 7.46399 0.5255 449800000000 324100000000
 0.9100   605842 0.9200   614211      1       -1       -1       -1  0 4.03533e+11 1.43000e+11 111.014000 16.079000 76.930000  1 0.4100 87.250000 42.64449 58.39248 13.55773 86.560 -270.500 378.400 4.174e+09 -1.533e+10 9.255e+10 0.04622 329421 329421 680800 6428 79 329411 329471 16.0794 409920000000 409920000000 305060000000 257390000000 19066000000 14.5505 11.89 0.05891 0.22473 0.03969 31.7221 17.4548 13.605 0.37081 0.22027 15.4537 13.0683 10.2672 0.6024 164300000000 76260000000
 0.9000   597467 0.9100   605842      1       -1       -1       -1  0 4.03533e+11 4.00400e+11 157.096000 27.352000 103.710000  1 0.4100 119.630000 42.58406 58.42738 13.51507 78.050 -238.470 319.550 8.331e+10 -2.783e+11 -3.744e+10 0.02986 329422 329422 680800 6435 78 329411 329471 27.352 419450000000 457580000000 343190000000 181130000000 28599000000 10.7427 0 0.03315 0.93201 0.47588 2.86337 10.6444 27.5913 0.35431 0.05555 -1.06898 16.2711 17.0883 0.5249 420700000000 305100000000
 0.8900   589055 0.9000   597467      1       -1       -1       -1  0 4.03533e+11 4.19400e+11 160.184000 29.817000 100.800000  1 0.4100 120.710000 42.57528 58.45741 13.47953 76.000 -230.450 313.030 5.233e+10 -3.410e+11 -4.537e+10 0.03321 329423 329423 680800 6467 77 329411 329471 29.8167 419450000000 448050000000 333650000000 171590000000 0 8.78772 0 0.03658 0.48732 0.08055 7.77728 4.10271 35.3792 0.5347 0.02646 1.72541 2.3079 24.6973 0.5004 429000000000 324100000000
 0.8800   580671 0.8900   589055      1       -1       -1       -1  0 4.03533e+11 2.47900e+11 134.948000 23.398000 88.320000  1 0.4100 102.770000 42.59257 58.50030 13.41349 97.450 -237.950 330.650 1.272e+11 3.702e+10 -6.619e+10 0.03225 329424 329424 680800 6444 76 329411 329471 23.3981 362250000000 381320000000 333650000000 171590000000 0 21.5023 0 0.03756 0.3091 0.1484 29.3898 1.25867 25.142 0.30315 0 23.5095 -3.72811 19.4622 0.5334 254500000000 190700000000
 0.8700   572198 0.8800   580671      1       -1       -1       -1  0 4.03533e+11 4.00400e+11 158.960000 37.820000 93.750000  1 0.4100 115.970000 42.58245 58.53287 13.42507 69.350 -224.480 301.740 -2.586e+10 -3.653e+11 6.210e+10 0.03584 329425 329425 680800 5527 75 329411 329471 37.8199 400390000000 428980000000 305060000000 66731000000 0 24.7904 0 0.0425 0.43983 0.08562 2.18547 12.433 51.076 0.48683 0.05732 6.57432 23.1053 23.2768 0.5082 383900000000 371800000000
 0.8600   563741 0.8700   572198      1       -1       -1       -1  0 4.03533e+11 3.24100e+11 148.725000 24.256000 92.720000  1 0.4100 114.370000 42.52887 58.56078 13.30989 81.750 -220.130 303.750 4.925e+10 -1.894e+11 -1.641e+11 0.03775 329426 329426 680800 6568 74 329411 329471 24.2564 324120000000 371790000000 276460000000 104860000000 0 22.3814 0.29 0.04172 0.62303 0.4322 15.5137 -16.4829 30.7559 0.73978 0.64252 -4.80304 19.2168 -10.6063 0.4922 344500000000 238300000000
 0.8500   555306 0.8600   563741      1       -1       -1       -1  0 4.03533e+11 2.28800e+11 132.933000 26.969000 86.200000  1 0.4100 98.920000 42.56799 58.59285 13.38087 61.470 -221.310 281.830 -1.452e+11 -3.325e+11 4.749e+10 0.07863 329427 329427 680800 6526 73 329411 329471 26.9691 228790000000 409920000000 181130000000 57198000000 0 18.9488 0 0.10725 0.18706 0.0374 9.86202 21.9006 34.8827 0.43619 0.03608 4.74372 20.7471 23.8677 0.6092 359100000000 181100000000
 0.8400   546806 0.8500   555306      1       -1       -1       -1  0 4.03533e+11 1.71600e+11 121.239000 23.570000 75.000000  1 0.4100 90.770000 42.56530 58.62712 13.34520 35.570 -216.070 261.390 -2.024e+11 -1.281e+11 2.041e+10 0.08816 329428 329428 680800 6599 72 329411 329471 23.5696 238320000000 247860000000 181130000000 47665000000 0 6.01702 7.7 0.11428 0.01452 0 0.44132 14.7523 44.0427 0.49432 0.16132 2.16384 19.3423 25.8868 0.5573 166800000000 133500000000
 0.8300   538287 0.8400   546806      1       -1       -1       -1  0 4.03533e+11 2.19300e+11 132.061000 27.969000 84.960000  1 0.4100 97.760000 42.55227 58.66011 13.29083 59.600 -210.570 273.850 -7.092e+10 -2.087e+11 3.370e+10 0.05251 329429 329429 680800 6588 71 329411 329471 27.9687 219260000000 419450000000 162060000000 38132000000 0 3.70418 0 0.07074 0.21374 0.04375 3.43499 18.1751 42.6842 0.66517 0.06852 -24.0857 23.5696 -3.92948 0.5987 333300000000 181100000000
 0.8200   529694 0.8300   538287      1       -1       -1       -1  0 4.03533e+11 1.71600e+11 122.158000 19.333000 74.240000  1 0.4100 94.510000 42.55645 58.69031 13.26871 57.040 -210.900 267.390 -1.640e+10 -7.841e+10 6.536e+10 0.04490 329430 329430 680800 5593 70 329411 329471 19.3335 171590000000 228790000000 152530000000 104860000000 0 5.13069 0 0.04955 0.60142 0.02379 3.79486 14.0656 28.6921 0.54938 0.0828 8.05371 8.53226 31.8213 0.4576 306800000000 104900000000
 0.8100   521045 0.8200   529694      1       -1       -1       -1  0 4.03533e+11 1.71600e+11 122.614000 14.450000 74.860000  1 0.4100 100.300000 42.54845 58.72122 13.23697 53.740 -204.490 262.790 1.321e+10 -5.854e+10 6.939e+10 0.04222 329431 329431 680800 6645 69 329411 329471 14.45 171590000000 181130000000 142990000000 95330000000 0 2.09744 0 0.04415 0.52707 0.26849 9.54203 5.63223 28.9364 0.10969 0 2.3907 18.7155 13.0271 0.4373 272600000000 95330000000
 0.8000   512364 0.8100   521045      1       -1       -1       -1  0 4.03533e+11 1.52500e+11 118.329000 7.851000 79.010000  1 0.4100 110.810000 42.54049 58.75515 13.19325 48.100 -200.790 262.760 6.330e+09 1.223e+10 3.198e+10 0.02204 329432 329432 680800 5661 68 329411 329471 7.8514 152530000000 171590000000 142990000000 104860000000 57198000000 1.39101 1.15 0.02048 0.48644 0.318 2.29663 -3.60177 22.3629 0.61434 0.06376 4.1733 -0.75948 13.6113 0.4158 290600000000 57200000000
 0.7900   503721 0.8000   512364      1       -1       -1       -1  0 4.03533e+11 2.00200e+11 130.031000 22.617000 80.330000  1 0.4100 99.260000 42.38705 58.81448 12.97804 91.560 -199.970 261.160 2.654e+10 -1.819e+10 5.346e+10 0.02179 329433 329433 680800 6655 67 329411 329471 22.6174 200190000000 219260000000 181130000000 104860000000 0 19.5232 4.21 0.02343 0.71068 0.20971 33.404 -8.77068 4.98713 0.88672 0.04158 25.6654 -7.17279 5.68594 0.4625 230700000000 152500000000
 0.7800   495088 0.7900   503721      1       -1       -1       -1  0 4.03533e+11 1.90700e+11 128.398000 17.769000 81.800000  1 0.4100 102.030000 42.36740 58.84789 12.93058 88.090 -195.310 254.750 2.825e+10 -7.316e+10 1.009e+10 0.03007 329434 329434 680800 5646 66 329411 329471 17.7694 190660000000 209730000000 162060000000 123930000000 0 20.133 0 0.03236 0.69381 0.25606 27.0932 -8.69237 1.72073 0.53216 0.06079 -13.6684 -7.33877 22.7321 0.4804 250000000000 123900000000
 0.7700   486408 0.7800   495088      1       -1       -1       -1  0 4.03533e+11 1.81100e+11 126.676000 8.748000 84.530000  1 0.4100 117.730000 42.34740 58.89061 12.87426 90.730 -188.830 257.770 2.396e+10 -4.890e+10 4.435e+10 0.03141 329435 329435 680800 6688 65 329411 329471 8.74829 181130000000 200190000000 123930000000 123930000000 66731000000 21.9875 6.83 0.03145 0.65183 0.39538 18.4952 -3.11295 -5.35699 0.25457 0.09679 15.0142 7.93928 -9.05697 0.4669 226800000000 66730000000
 0.7600   477706 0.7700   486408      1       -1       -1       -1  0 4.03533e+11 1.43000e+11 117.495000 11.240000 71.490000  1 0.4100 101.010000 42.50681 58.88800 12.99944 56.000 -184.930 254.320 2.778e+09 2.955e+08 2.988e+10 0.01975 329436 329436 680800 6729 64 329411 329471 11.2405 142990000000 142990000000 142990000000 104860000000 0 10.2549 0 0.02002 0.8601 0.41668 11.5882 2.41218 27.0565 0.29167 0 17.8096 1.99119 29.6801 0.4296 247300000000 76260000000
 0.7500   468986 0.7600   477706      1       -1       -1       -1  0 4.03533e+11 1.52500e+11 120.474000 30.197000 67.950000  1 0.4100 88.060000 42.42600 58.92495 12.87721 65.530 -190.040 246.010 3.350e+10 -3.107e+10 3.803e+10 0.02570 329437 329437 680800 6886 63 329411 329471 30.1972 152530000000 324120000000 133460000000 0 0 24.2501 0 0.03579 0.20892 0.05891 -4.17615 -4.40029 53.568 0 0 0 0 0 0.5375 316800000000 152500000000
 0.7400   460184 0.7500   468986      1       -1       -1       -1  0 4.03533e+11 1.43000e+11 118.322000 20.817000 70.700000  1 0.4100 90.700000 42.40005 58.96368 12.83512 59.410 -179.930 244.800 2.101e+10 2.615e+10 6.136e+10 0.03048 329438 329438 680800 6893 62 329411 329471 20.8172 142990000000 324120000000 142990000000 9533000000 0 29.7474 0 0.04713 0.55354 0.11487 -24.0769 18.7045 41.4869 0 0 0 0 0 0.6095 302800000000 57200000000
 0.7300   451361 0.7400   460184      1       -1       -1       -1  1 4.03533e+11 1.39800e+11 117.826000 25.102000 71.970000  1 0.4100 88.840000 42.39091 58.99136 12.79746 59.410 -179.930 244.800 2.045e+10 2.737e+10 4.234e+10 0.02649 329439 329439 680800 8751 61 329411 329471 26.561 139813300000 292343300000 130280000000 6355333000 0 33.7051 0 0.04058 0.477927 0.111653 0.365463 11.0451 25.3238 0 0 0 0 0 0.611333 304933300000 98500000000
 0.7200   442519 0.7300   451361      1       -1       -1       -1  2 4.03533e+11 1.36700e+11 117.326000 29.386000 73.200000  1 0.4100 86.890000 42.38162 59.01950 12.75917 59.410 -179.930 244.800 1.990e+10 2.859e+10 2.332e+10 0.02250 329440 329440 680800 8668 60 329411 329471 30.5297 136636700000 260566700000 117570000000 3177667000 0 37.6628 0 0.03403 0.402313 0.108437 24.8078 3.3857 9.16061 0 0 0 0 0 0.613167 307066700000 139800000000
 0.7100   433616 0.7200   442519      1       -1       -1       -1  0 4.03533e+11 1.33500e+11 116.821000 33.671000 74.390000  1 0.4100 84.860000 42.35477 59.07749 12.67952 69.100 -174.870 239.280 1.934e+10 2.981e+10 4.298e+09 0.01851 329441 329441 680800 5918 59 329411 329471 33.6706 133460000000 228790000000 104860000000 0 0 41.6205 0 0.02748 0.3267 0.10522 49.2501 -4.27369 -7.00255 0 0 0 0 0 0.615 309200000000 181100000000
 0.7000   424648 0.7100   433616      1       -1       -1       -1  0 4.03533e+11 1.43000e+11 119.938000 15.392000 78.140000  1 0.4100 97.910000 42.36204 59.11317 12.61845 70.380 -168.970 239.470 -1.989e+10 -3.598e+10 -3.438e+10 0.03259 329442 329442 680800 7045 58 329411 329471 15.3925 142990000000 219260000000 142990000000 76264000000 38132000000 21.4683 0 0.03688 0.08712 0.02802 26.8602 -1.87332 -4.98929 0.36624 0.11103 24.577 -4.63321 -5.41278 0.4914 315300000000 76260000000
 0.6900   415651 0.7000   424648      1       -1       -1       -1  0 4.03533e+11 1.62100e+11 125.461000 40.517000 74.220000  1 0.4100 90.770000 42.32255 59.15680 12.57449 71.070 -163.270 233.280 4.615e+10 -3.629e+10 -6.816e+10 0.03812 329443 329443 680800 7024 57 329411 329471 40.5167 162060000000 190660000000 114400000000 66731000000 0 40.3341 5.59 0.05053 0.33435 0.04673 43.7061 -4.87527 -20.2277 0.25413 0.02824 33.6295 8.77464 -16.9442 0.5318 302600000000 266900000000
 0.6800   406649 0.6900   415651      1       -1       -1       -1  0 4.03533e+11 1.90700e+11 132.877000 45.593000 69.730000  1 0.4100 96.030000 42.30177 59.19559 12.52323 72.380 -160.470 230.800 1.378e+11 -2.428e+10 -5.604e+10 0.05243 329444 329444 680800 7048 56 329411 329471 45.5926 190660000000 190660000000 114400000000 0 0 49.4751 8.07 0.06495 0.36098 0.24288 44.5628 -6.35119 -34.5708 0 0 0 0 0 0.4402 307800000000 324100000000
 0.6700   397647 0.6800   406649      1       -1       -1       -1  0 4.03533e+11 1.90700e+11 133.305000 47.460000 68.700000  1 0.4100 96.410000 42.28488 59.23658 12.46877 65.730 -150.620 218.800 8.241e+10 -3.230e+10 -8.005e+10 0.04295 329445 329445 680800 7019 55 329411 329471 47.4599 190660000000 228790000000 104860000000 38132000000 0 52.9526 4.17 0.05172 0.41724 0.24631 -36.6373 -0.7483 39.3263 0.49108 0.27843 25.1201 28.6575 -15.9819 0.4135 306900000000 343200000000
 0.6600   388729 0.6700   397647      1       -1       -1       -1  0 4.03533e+11 1.71600e+11 129.113000 40.317000 64.140000  1 0.4100 94.350000 42.26767 59.27807 12.41361 63.140 -145.730 204.290 3.738e+10 -2.422e+10 -3.589e+10 0.02570 329446 329446 680800 7059 54 329411 329471 40.3175 171590000000 238320000000 123930000000 0 0 47.3589 0 0.02972 0.18682 0 35.3684 3.60358 -30.5214 0 0 0 0 0 0.3741 305100000000 257400000000
 0.6500   379704 0.6600   388729      1       -1       -1       -1  0 4.03533e+11 2.86000e+11 153.560000 45.585000 72.010000  1 0.4100 112.970000 42.33113 59.30086 12.34109 59.060 -155.050 211.910 2.216e+11 -2.581e+10 -1.988e+11 0.06323 329447 329447 680800 5985 53 329411 329471 45.5854 285990000000 314590000000 238320000000 9533000000 9533000000 18.4884 2.02 0.06668 0 0 71.3501 -23.6244 82.9229 0 0 0 0 0 0.3046 286900000000 352700000000
 0.6400   370639 0.6500   379704      1       -1       -1       -1  0 4.03533e+11 3.05100e+11 157.384000 34.555000 77.280000  1 0.4100 119.740000 42.31250 59.34306 12.28518 65.480 -153.850 208.150 2.706e+11 7.466e+10 -1.883e+11 0.06482 329448 329448 680800 5990 52 329411 329471 34.5546 305060000000 314590000000 276460000000 9533000000 9533000000 14.4197 0 0.06815 0.18478 0.00528 25.4798 -10.7005 31.1821 0 0 0 0 0 0.3231 289200000000 276500000000
 0.6300   361537 0.6400   370639      1       -1       -1       -1  0 4.03533e+11 2.66900e+11 150.991000 48.365000 77.490000  1 0.4100 111.190000 42.21600 59.40504 12.25021 64.930 -148.830 200.020 8.624e+10 1.904e+10 -1.056e+11 0.02996 329449 329449 680800 7105 51 329411 329471 48.3651 266920000000 266920000000 200190000000 0 0 57.7854 0 0.0349 0.87897 0.16585 55.2735 -40.1755 -19.089 0 0 0 0 0 0.3886 310400000000 390900000000
 0.6200   352442 0.6300   361537      1       -1       -1       -1  0 4.03533e+11 2.66900e+11 151.444000 56.440000 81.100000  1 0.4100 111.040000 42.19390 59.44251 12.18086 63.360 -145.520 190.950 1.385e+11 2.024e+10 -1.187e+11 0.04033 329450 329450 680800 7110 50 329411 329471 56.4396 266920000000 266920000000 219260000000 0 0 53.7189 5.1 0.04683 0.10016 0.00361 99.6725 -33.5132 35.9033 0 0 0 0 0 0.4097 320000000000 448100000000
 0.6100   343311 0.6200   352442      1       -1       -1       -1  0 4.03533e+11 3.14600e+11 160.441000 30.481000 79.930000  1 0.4100 125.790000 42.24883 59.45271 12.09554 63.860 -145.420 190.700 1.511e+11 8.897e+10 -8.984e+10 0.03903 329451 329451 680800 7134 49 329411 329471 30.4809 314590000000 333650000000 257390000000 85797000000 0 33.3332 0 0.03848 0.63048 0.3276 20.5787 -0.60917 44.0365 0.62892 0.47786 18.9027 -6.82455 16.6749 0.3034 297000000000 247900000000
 0.6000   334180 0.6100   343311      1       -1       -1       -1  0 4.03533e+11 2.95500e+11 157.589000 45.577000 85.180000  1 0.4100 118.230000 42.16152 59.53168 12.05760 61.070 -142.540 182.920 1.635e+11 6.360e+10 -1.032e+11 0.04020 329452 329452 680800 7176 48 329411 329471 45.577 295520000000 305060000000 219260000000 66731000000 0 52.8914 0 0.04443 0.38521 0.0303 54.5318 -30.3754 13.2404 0.64025 0.42299 29.982 -27.3656 15.594 0.3881 334400000000 343200000000
 0.5900   325019 0.6000   334180      1       -1       -1       -1  0 4.03533e+11 3.52700e+11 167.640000 40.061000 84.820000  1 0.4100 128.650000 42.21511 59.55226 12.02827 66.010 -138.750 183.330 1.618e+11 6.997e+10 -9.244e+10 0.03589 329453 329453 680800 7190 47 329411 329471 40.0614 352720000000 352720000000 295520000000 190660000000 76264000000 21.9897 3.61 0.03258 0.26226 0.23162 29.0578 -5.1464 31.5249 0.29044 0.22615 22.8474 -8.23062 18.2487 0.2726 306000000000 324100000000
 0.5800   315773 0.5900   325019      1       -1       -1       -1  0 4.03533e+11 3.52700e+11 168.110000 28.830000 86.320000  1 0.4100 135.540000 42.18088 59.60532 11.94502 63.730 -135.850 177.120 1.599e+11 5.977e+10 -9.261e+10 0.03466 329454 329454 680800 7196 46 329411 329471 28.8298 352720000000 352720000000 324120000000 181130000000 38132000000 7.07622 0 0.03201 0.28375 0.16475 34.2094 3.43286 31.7835 0.13491 0.00736 37.9283 5.53868 32.9425 0.2882 332300000000 257400000000
 0.5700   306545 0.5800   315773      1       -1       -1       -1  0 4.03533e+11 2.95500e+11 158.919000 37.669000 83.210000  1 0.4100 123.160000 42.10215 59.66988 11.87304 62.920 -131.510 171.190 1.096e+11 9.140e+10 -7.162e+10 0.03221 329455 329455 680800 7197 45 329411 329471 37.6695 295520000000 400390000000 257390000000 0 0 52.1353 0 0.0356 0.13735 0.03317 -38.6968 66.0989 10.5882 0 0 0 0 0 0.3798 368800000000 295500000000
 0.5600   297306 0.5700   306545      1       -1       -1       -1  0 4.03533e+11 3.81300e+11 173.480000 58.550000 81.050000  1 0.4100 131.100000 42.08552 59.71577 11.81460 57.650 -130.370 166.540 3.392e+10 1.109e+11 -7.870e+10 0.01924 329456 329456 680800 7193 44 329411 329471 58.55 381320000000 400390000000 238320000000 0 0 32.1565 0 0.02059 0.41419 0.01422 55.7433 -53.3066 -10.0601 0 0 0 0 0 0.309 366300000000 467100000000
 0.5500   288065 0.5600   297306      1       -1       -1       -1  0 4.03533e+11 4.09900e+11 178.184000 62.401000 79.000000  1 0.4100 135.070000 42.06112 59.76471 11.75180 55.210 -128.630 160.610 6.833e+10 1.576e+11 -8.017e+10 0.02334 329457 329457 680800 7184 43 329411 329471 62.4013 409920000000 428980000000 257390000000 0 0 28.8662 0 0.02488 0.22407 0.02895 67.8127 -23.2301 7.75496 0 0 0 0 0 0.2833 360200000000 495700000000
 0.5400   278850 0.5500   288065      1       -1       -1       -1  0 3.71767e+11 4.19400e+11 180.021000 59.697000 76.930000  1 0.4100 137.590000 42.04266 59.81053 11.69370 53.790 -124.770 156.010 5.411e+10 1.251e+11 -1.324e+11 0.02274 329458 329458 680800 7137 42 329411 329471 59.6972 419450000000 419450000000 257390000000 9533000000 0 20.9739 0 0.02418 0 0 81.9969 -49.984 38.1842 0 0 0 0 0 0.2706 364000000000 505200000000
 0.5300   269609 0.5400   278850      1       -1       -1       -1  0 3.71767e+11 2.38300e+11 149.482000 24.236000 70.020000  1 0.4100 124.730000 42.11852 59.85863 11.70622 67.460 -127.420 135.330 9.263e+10 -8.797e+09 -9.505e+10 0.04747 329459 329459 680800 7132 41 329411 329471 24.236 238320000000 238320000000 200190000000 152530000000 19066000000 21.1697 0 0.04379 0.72242 0.5658 3.16946 26.2419 25.5214 0.28255 0.05182 -6.25561 -16.7609 28.0474 0.2453 282100000000 181100000000
 0.5200   260374 0.5300   269609      1       -1       -1       -1  0 3.71767e+11 3.81300e+11 175.270000 66.773000 73.340000  1 0.4100 134.600000 42.01188 59.90601 11.56583 50.310 -114.950 140.980 -3.298e+08 3.246e+10 -1.839e+11 0.02621 329460 329460 680800 5979 40 329411 329471 66.7734 381320000000 390850000000 152530000000 0 0 31.306 2.73 0.02832 0.62971 0.42339 57.7419 5.56112 54.4106 0 0 0 0 0 0.26 359200000000 524300000000
 0.5100   251093 0.5200   260374      1       -1       -1       -1  0 3.71767e+11 3.90800e+11 177.148000 71.770000 76.980000  1 0.4100 136.630000 41.98671 59.95810 11.50327 43.760 -109.450 140.940 -1.834e+10 9.936e+10 -2.022e+11 0.03015 329461 329461 680800 5931 39 329411 329471 71.7697 390850000000 390850000000 295520000000 0 0 40.7499 2.31 0.03319 0.27104 0.03249 94.653 12.2058 -25.6657 0 0 0 0 0 0.2814 351900000000 514800000000
 0.5000   241923 0.5100   251093      1       -1       -1       -1  0 3.40000e+11 3.43200e+11 170.035000 70.003000 79.790000  1 0.4100 131.930000 41.96971 60.00740 11.43726 40.740 -106.090 142.460 -5.291e+10 1.538e+11 -2.018e+11 0.04169 329462 329462 680800 5932 38 329411 329471 70.0031 343190000000 343190000000 200190000000 0 0 53.3583 5.64 0.04767 0.92441 0.25011 64.7845 21.5129 -42.1397 0 0 0 0 0 0.3267 334800000000 514800000000
 0.4900   232724 0.5000   241923      1       -1       -1       -1  0 2.82833e+11 2.86000e+11 160.379000 44.063000 80.580000  1 0.4100 128.140000 41.94987 60.05425 11.36700 32.770 -99.620 137.550 -3.151e+10 6.364e+10 -2.479e+11 0.05440 329463 329463 680800 7011 37 329411 329471 44.0629 285990000000 285990000000 123930000000 0 0 63.2123 0 0.06486 0.07914 0.02608 -65.9706 -41.5824 68.685 0 0 0 0 0 0.3672 323500000000 314600000000
 0.4800   223569 0.4900   232724      1       -1       -1       -1  0 2.60600e+11 2.19300e+11 147.117000 53.927000 75.130000  1 0.4100 116.130000 41.93066 60.10075 11.30177 20.890 -88.860 141.910 -2.601e+10 -2.353e+10 -1.525e+11 0.05282 329464 329464 680800 7025 36 329411 329471 53.9269 219260000000 219260000000 162060000000 0 0 63.1244 5.73 0.06185 0.03159 0.02717 -34.6425 -38.0863 81.9364 0 0 0 0 0 0.3561 286000000000 371800000000
 0.4700   214434 0.4800   223569      1       -1       -1       -1  0 2.51067e+11 2.76500e+11 159.284000 33.149000 73.150000  1 0.4100 133.140000 41.93730 60.16525 11.31108 30.880 -95.270 128.750 4.350e+10 1.100e+11 -2.589e+11 0.08459 329465 329465 680800 7092 35 329411 329471 33.1494 276460000000 276460000000 276460000000 181130000000 0 17.1407 0 0.07716 0.16498 0.0315 15.7598 39.8427 -6.35715 0.26697 0.00239 7.53146 31.9332 2.0276 0.2154 259600000000 247900000000
 0.4600   205311 0.4700   214434      1       -1       -1       -1  0 2.47867e+11 2.57400e+11 155.866000 25.823000 72.020000  1 0.4100 135.770000 41.90778 60.20770 11.25952 30.730 -91.240 123.640 4.667e+10 8.565e+10 -2.238e+11 0.08414 329466 329466 680800 5917 34 329411 329471 25.8228 257390000000 257390000000 238320000000 181130000000 0 13.196 0 0.07528 0.32645 0.09684 -12.5875 59.5859 8.53728 0.1859 0.01634 -2.27332 50.7886 0.19155 0.2114 240200000000 190700000000
 0.4500   196256 0.4600   205311      1       -1       -1       -1  0 2.22433e+11 2.09700e+11 145.883000 30.591000 68.270000  1 0.4100 123.710000 41.85479 60.27785 11.20088 37.590 -84.490 120.030 4.837e+10 9.331e+09 -1.249e+11 0.05749 329467 329467 680800 5839 33 329411 329471 30.5907 209730000000 209730000000 200190000000 66731000000 0 39.7559 0 0.05882 0.77201 0.12256 19.4066 36.3999 -16.3644 0.40724 0 12.9056 38.0313 -28.0303 0.2686 234600000000 181100000000
 0.4400   187194 0.4500   196256      1       -1       -1       -1  1 2.00200e+11 2.00200e+11 143.909000 36.087000 65.930000  1 0.4100 120.970000 41.84536 60.29904 11.17077 37.590 -84.490 120.030 5.006e+10 -3.314e+10 -6.165e+10 0.04950 329468 329468 680800 8877 32 329411 329471 36.9047 200195000000 200195000000 147760000000 33365500000 0 31.9624 0 0.053435 0.481865 0.06128 44.9638 14.9013 -17.9517 0.20362 0 6.45282 19.0157 -14.0152 0.28525 215750000000 209700000000
 0.4300   178178 0.4400   187194      1       -1       -1       -1  0 1.58900e+11 1.90700e+11 141.880000 41.582000 63.410000  1 0.4100 118.100000 41.84290 60.33264 11.06836 34.070 -75.300 119.490 5.176e+10 -7.561e+10 1.608e+09 0.04151 329469 329469 680800 5866 31 329411 329471 41.5822 190660000000 190660000000 95330000000 0 0 24.1688 0 0.04805 0.19172 0 70.521 -6.59737 -19.539 0 0 0 0 0 0.3019 196900000000 238300000000
 0.4200   169185 0.4300   178178      1       -1       -1       -1  0 1.04877e+11 8.58000e+10 108.928000 33.696000 41.740000  1 0.4100 91.120000 41.82479 60.39688 11.00965 36.130 -79.450 95.810 1.165e+10 -3.750e+10 -2.948e+10 0.07759 329470 329470 680800 5780 30 329411 329471 33.6958 85797000000 85797000000 0 0 0 29.186 7.59 0.09849 0.09588 0 72.2024 -43.9323 20.594 0 0 0 0 0 0.2563 193900000000 123900000000
 0.4100   160309 0.4200   169185      0       -1       -1       -1  0 3.81300e+10 3.81300e+10 83.279000 33.592000 46.550000  1 0.4100 69.430000 41.86179 60.42233 10.92469 24.810 -71.600 105.980 3.128e+09 -2.339e+10 3.678e+09 0.01573 329471 329471 680800 5838 29 329411 329471 33.5919 38132000000 28599000000 28599000000 0 0 33.0774 23.65 0.18717 0.74287 0.37798 -5.63396 39.6838 -30.1355 0 0 0 0 0 1.0154 163800000000 85800000000
