 1.0000   680863 0.0000       -1      1       -1       -1       -1  0 5.81533e+11 5.72000e+11 169.823000 12.012000 143.490000  1 0.2900 157.590000 48.75703 58.75382 21.55705 32.120 -380.950 -81.650 1.049e+12 7.126e+11 -1.144e+11 0.07309 277741 277741 680863 6378 88 277740 277812 12.012 571980000000 686380000000 476650000000 438520000000 219260000000 8.74663 2.48 0.07702 0.65984 0.4291 -5.84902 25.9989 -2.39349 0.48257 0.2328 -6.20114 27.5562 1.22412 0.6134 795100000000 238300000000
 0.9900   672747 1.0000   680863      1       -1       -1       -1  0 5.81533e+11 5.72000e+11 170.538000 13.392000 135.980000  1 0.2900 153.960000 48.75546 58.79266 21.56601 34.830 -376.710 -82.540 1.038e+12 6.999e+11 -1.152e+11 0.07345 277742 277742 680863 6367 87 277740 277812 13.3921 571980000000 686380000000 476650000000 448050000000 47665000000 9.93871 0 0.07626 0.64301 0.52712 -4.6191 27.175 -13.5155 0.51044 0.4512 -6.77283 26.8268 -8.82976 0.5803 771500000000 286000000000
 0.9800   664315 0.9900   672747      1       -1       -1       -1  0 5.81533e+11 5.62500e+11 170.296000 14.819000 130.250000  1 0.2900 149.800000 48.75369 58.82915 21.57249 33.760 -374.100 -81.150 1.090e+12 7.219e+11 1.698e+10 0.07896 277743 277743 680863 6368 86 277740 277812 14.8188 562450000000 686380000000 476650000000 457580000000 57198000000 9.33956 0 0.08179 0.60778 0.40847 -3.85126 24.8355 -21.1865 0.44981 0.31029 -2.86186 22.3651 -18.4518 0.5599 773700000000 295500000000
 0.9700   655928 0.9800   664315      1       -1       -1       -1  0 5.81533e+11 5.62500e+11 171.006000 17.922000 126.990000  1 0.2900 144.040000 48.74827 58.87120 21.58476 33.200 -370.260 -79.660 1.094e+12 9.379e+11 -5.572e+10 0.08568 277744 277744 680863 5379 85 277740 277812 17.922 562450000000 676840000000 476650000000 428980000000 0 9.51335 0 0.0905 0.55802 0.33648 7.81336 -25.9101 27.4484 0.41479 0.1966 3.59727 -24.4532 24.5368 0.556 723400000000 295500000000
 0.9600   647588 0.9700   655928      1       -1       -1       -1  0 5.81533e+11 5.43400e+11 169.752000 31.275000 122.570000  1 0.2900 128.700000 48.73716 58.93707 21.55045 24.110 -363.790 -76.920 8.144e+11 9.387e+11 -1.854e+11 0.06706 277745 277745 680863 6411 84 277740 277812 31.275 543380000000 657780000000 419450000000 171590000000 47665000000 43.6577 0 0.08378 0.44595 0.28672 6.37066 -23.0724 31.2952 0.42953 0.15778 5.75072 9.61992 13.5796 0.6225 570100000000 419500000000
 0.9500   639261 0.9600   647588      1       -1       -1       -1  0 5.81533e+11 5.72000e+11 173.391000 51.254000 117.990000  1 0.2900 124.400000 48.73146 58.97449 21.55405 24.070 -359.340 -73.960 8.385e+11 1.108e+12 -3.215e+11 0.07216 277746 277746 680863 6426 83 277740 277812 51.2538 571980000000 629180000000 419450000000 171590000000 76264000000 43.8334 0 0.08759 0.33754 0.19518 4.85869 -18.9469 39.4188 0.36144 0.25839 1.95831 8.18893 18.141 0.581 568500000000 619600000000
 0.9400   630946 0.9500   639261      1       -1       -1       -1  0 5.81533e+11 5.81500e+11 175.063000 26.656000 116.590000  1 0.2900 136.640000 48.72662 58.99076 21.60230 29.730 -359.760 -74.640 1.100e+12 1.177e+12 -5.308e+10 0.09140 277747 277747 680863 6435 82 277740 277812 26.6563 581510000000 657780000000 467120000000 343190000000 19066000000 9.17487 0 0.09665 0.26238 0.18531 5.68567 -10.2922 31.6462 0.07296 0.05845 7.82956 -8.86969 30.4579 0.5017 610200000000 390900000000
 0.9300   622619 0.9400   630946      1       -1       -1       -1  0 5.81533e+11 5.72000e+11 174.811000 29.110000 115.790000  1 0.2900 134.300000 48.72278 59.03372 21.61718 32.080 -354.460 -73.820 1.089e+12 1.165e+12 7.190e+09 0.09320 277748 277748 680863 6469 81 277740 277812 29.11 571980000000 648240000000 457580000000 305060000000 9533000000 5.31438 0 0.09859 0.20047 0.16193 5.68369 -12.2827 48.2888 0.3692 0.28782 9.56064 -7.9038 32.3614 0.4986 621700000000 438500000000
 0.9200   614273 0.9300   622619      1       -1       -1       -1  0 5.81533e+11 5.81500e+11 176.488000 31.035000 113.400000  1 0.2900 134.330000 48.73162 59.07170 21.63294 33.330 -350.370 -74.110 1.088e+12 1.198e+12 -4.472e+10 0.09213 277749 277749 680863 6485 80 277740 277812 31.0349 581510000000 638710000000 467120000000 324120000000 0 15.7873 0.92 0.09769 0.15085 0.10019 12.1016 -7.82674 54.1118 0.28371 0.18022 11.9171 -5.88226 36.9489 0.4857 581500000000 438500000000
 0.9100   605904 0.9200   614273      1       -1       -1       -1  0 5.81533e+11 5.72000e+11 176.224000 34.750000 111.300000  1 0.2900 131.810000 48.73490 59.10687 21.64440 32.070 -344.950 -73.420 1.068e+12 1.126e+12 -1.865e+11 0.09039 277750 277750 680863 6488 79 277740 277812 34.7497 571980000000 648240000000 448050000000 295520000000 0 24.0354 0 0.09729 0.36177 0.10375 13.4413 -3.74078 51.8618 0.18342 0 -1.59747 2.90541 31.5663 0.4853 568500000000 457600000000
 0.9000   597529 0.9100   605904      1       -1       -1       -1  0 5.81533e+11 5.52900e+11 174.940000 30.935000 107.720000  1 0.2900 132.900000 48.72231 59.15585 21.65964 34.590 -341.530 -72.100 9.568e+11 8.270e+11 -2.515e+11 0.08317 277751 277751 680863 6491 78 277740 277812 30.9351 552910000000 629180000000 467120000000 276460000000 9533000000 17.0813 0 0.08522 0.19441 0.12855 5.18571 0.82634 47.8107 0.16486 0.06461 1.08268 0.90181 30.3409 0.4458 575200000000 419500000000
 0.8900   589117 0.9000   597529      1       -1       -1       -1  0 5.81533e+11 5.72000e+11 177.631000 34.645000 110.870000  1 0.2900 132.950000 48.71370 59.20344 21.67159 32.600 -337.110 -70.350 8.618e+11 1.230e+12 -3.606e+11 0.09217 277752 277752 680863 6525 77 277740 277812 34.6448 571980000000 610110000000 486180000000 314590000000 0 17.5962 3.36 0.09683 0.18155 0.09055 10.1215 13.2281 49.8621 0.38516 0.02932 10.2114 3.36475 28.6989 0.4648 588600000000 486200000000
 0.8800   580731 0.8900   589117      1       -1       -1       -1  0 5.81533e+11 5.81500e+11 179.316000 37.488000 112.790000  1 0.2900 132.920000 48.71168 59.25265 21.67565 27.830 -334.280 -70.250 8.219e+11 1.352e+12 -3.599e+11 0.09259 277753 277753 680863 6536 76 277740 277812 37.4877 581510000000 610110000000 476650000000 295520000000 0 16.1272 0 0.09931 0.14149 0.07386 11.2753 20.8431 55.2998 0.19355 0.1242 6.81844 18.1593 43.4315 0.4793 583800000000 524300000000
 0.8700   572258 0.8800   580731      1       -1       -1       -1  0 5.81533e+11 5.91000e+11 180.996000 34.732000 114.140000  1 0.2900 135.730000 48.70626 59.28790 21.66868 25.030 -331.050 -69.050 7.583e+11 1.444e+12 -4.183e+11 0.09201 277754 277754 680863 5589 75 277740 277812 34.732 591050000000 629180000000 476650000000 266920000000 0 15.7201 1.4 0.10069 0.12301 0.05049 4.96935 29.382 59.4275 0.12053 0.05662 2.212 27.2873 59.1021 0.4912 601200000000 476600000000
 0.8600   563800 0.8700   572258      1       -1       -1       -1  0 5.81533e+11 5.14800e+11 173.522000 18.403000 107.390000  1 0.2900 144.910000 48.70353 59.36569 21.73447 40.770 -328.450 -65.670 9.333e+11 4.565e+11 -1.979e+11 0.08411 277755 277755 680863 6636 74 277740 277812 18.4026 514780000000 610110000000 352720000000 228790000000 171590000000 37.6183 0 0.07993 0.55607 0.36657 4.70181 15.9228 22.6328 0.68396 0.47615 15.0563 4.73492 1.04925 0.4114 516100000000 219300000000
 0.8500   555365 0.8600   563800      1       -1       -1       -1  0 5.81533e+11 6.00600e+11 183.376000 34.347000 114.240000  1 0.2900 138.010000 48.69418 59.38306 21.68641 23.690 -324.110 -72.280 8.767e+11 1.433e+12 -3.789e+11 0.09435 277756 277756 680863 6590 73 277740 277812 34.3475 600580000000 629180000000 514780000000 352720000000 0 4.80425 0 0.10107 0.18253 0.13536 7.46078 36.9297 56.2728 0.25225 0.0247 -4.50535 29.3999 55.157 0.4717 586600000000 457600000000
 0.8400   546866 0.8500   555365      1       -1       -1       -1  0 5.81533e+11 5.43400e+11 178.037000 24.594000 109.450000  1 0.2900 141.010000 48.68505 59.45709 21.73715 31.830 -319.060 -66.290 1.184e+12 9.568e+11 -2.117e+11 0.11255 277757 277757 680863 6644 72 277740 277812 24.5943 543380000000 638710000000 438520000000 257390000000 133460000000 27.8652 0 0.10699 0.46337 0.35382 0.15457 15.6717 17.1505 0.84224 0.63429 1.70846 10.133 8.74873 0.409 563200000000 286000000000
 0.8300   538347 0.8400   546866      1       -1       -1       -1  0 5.81533e+11 5.62500e+11 180.779000 23.186000 110.820000  1 0.2900 145.260000 48.67428 59.50931 21.74585 29.820 -320.860 -65.350 1.081e+12 1.052e+12 -2.978e+11 0.10472 277758 277758 680863 6646 71 277740 277812 23.1856 562450000000 638710000000 448050000000 266920000000 142990000000 33.3156 3.19 0.10147 0.51481 0.40284 -4.14157 17.96 12.2547 0.68897 0.2993 1.23016 16.2715 1.00302 0.4142 564100000000 286000000000
 0.8200   529754 0.8300   538347      1       -1       -1       -1  0 5.81533e+11 5.62500e+11 181.460000 30.906000 108.990000  1 0.2900 138.700000 48.66454 59.56201 21.75457 28.930 -319.880 -65.480 1.116e+12 6.445e+11 -2.756e+11 0.09109 277759 277759 680863 5663 70 277740 277812 30.9063 562450000000 638710000000 448050000000 257390000000 114400000000 31.6446 1.55 0.08731 0.40127 0.27036 -3.48226 22.8092 11.8053 0.57718 0.33785 3.1172 17.0541 -1.88738 0.3966 550900000000 362300000000
 0.8100   521106 0.8200   529754      1       -1       -1       -1  0 5.81533e+11 5.72000e+11 183.160000 24.200000 111.630000  1 0.2900 146.480000 48.65852 59.58316 21.73139 25.750 -313.070 -72.020 1.093e+12 1.127e+12 -1.613e+11 0.10455 277760 277760 680863 6708 69 277740 277812 24.2003 571980000000 695910000000 476650000000 400390000000 9533000000 15.6419 0 0.10216 0.31377 0.2104 -10.0308 42.3939 26.4415 0.07946 0.00624 -5.84665 53.3177 27.9251 0.4124 620600000000 371800000000
 0.8000   512426 0.8100   521106      1       -1       -1       -1  0 5.81533e+11 5.72000e+11 183.838000 44.159000 115.060000  1 0.2900 134.270000 48.67500 59.58822 21.71330 24.840 -311.550 -76.490 1.044e+12 1.257e+12 -2.231e+11 0.09807 277761 277761 680863 5721 68 277740 277812 44.1594 571980000000 619640000000 448050000000 162060000000 47665000000 43.5196 0 0.10715 0.2959 0.20392 -9.74037 39.3851 19.4551 0.71314 0.29756 13.6345 3.96424 2.88684 0.4809 556300000000 552900000000
 0.7900   503785 0.8000   512426      1       -1       -1       -1  0 5.81533e+11 5.72000e+11 184.512000 22.619000 116.440000  1 0.2900 149.960000 48.64157 59.71312 21.75959 31.290 -307.970 -68.530 1.125e+12 6.447e+11 -1.977e+11 0.09162 277762 277762 680863 6716 67 277740 277812 22.6191 571980000000 610110000000 505250000000 390850000000 152530000000 25.4456 0 0.08561 0.63041 0.44771 -6.58233 33.9369 4.70926 0.67892 0.35142 -1.96268 27.6679 4.12188 0.4051 617800000000 362300000000
 0.7800   495149 0.7900   503785      1       -1       -1       -1  0 5.81533e+11 6.00600e+11 188.219000 25.999000 119.830000  1 0.2900 149.620000 48.62591 59.77580 21.76240 29.970 -305.840 -68.610 1.232e+12 6.103e+11 -1.264e+11 0.08604 277763 277763 680863 5705 66 277740 277812 25.9986 600580000000 629180000000 476650000000 400390000000 152530000000 34.477 0 0.08348 0.40493 0.34308 -13.3081 35.8408 1.4395 0.46604 0.09959 -3.36558 25.8781 0.19316 0.4289 607200000000 400400000000
 0.7700   486469 0.7800   495149      1       -1       -1       -1  0 5.78367e+11 5.72000e+11 185.849000 24.909000 122.770000  1 0.2900 148.730000 48.62361 59.83403 21.75998 29.350 -300.180 -67.410 1.028e+12 4.243e+11 -1.516e+11 0.07624 277764 277764 680863 6751 65 277740 277812 24.9093 571980000000 629180000000 476650000000 409920000000 123930000000 40.5661 0 0.07397 0.36538 0.23346 -14.4593 34.6643 -11.0241 0.45645 0.14646 -9.50242 27.2728 -5.59186 0.4472 606500000000 381300000000
 0.7600   477767 0.7700   486469      1       -1       -1       -1  0 5.52933e+11 5.62500e+11 185.470000 24.889000 124.270000  1 0.2900 148.570000 48.62314 59.88534 21.75922 29.480 -296.110 -64.090 1.067e+12 1.982e+11 -1.713e+11 0.07846 277765 277765 680863 6789 64 277740 277812 24.8888 562450000000 619640000000 476650000000 390850000000 133460000000 40.4286 0 0.07478 0.46624 0.24662 -8.41962 26.5135 -20.1408 0.52922 0.11652 10.9184 15.0708 -7.50367 0.4456 571600000000 362300000000
 0.7500   469047 0.7600   477767      1       -1       -1       -1  0 5.30667e+11 5.24300e+11 181.819000 20.064000 126.480000  1 0.2900 151.690000 48.60838 59.92659 21.76582 29.480 -292.860 -65.100 1.004e+12 3.655e+11 -8.753e+10 0.08914 277766 277766 680863 6788 63 277740 277812 20.0641 524310000000 591050000000 476650000000 381320000000 152530000000 39.7282 0 0.08246 0.39097 0.21498 13.0179 -11.6586 28.7735 0.3933 0.16557 9.9248 -9.71666 24.3909 0.4503 582300000000 286000000000
 0.7400   460247 0.7500   469047      1       -1       -1       -1  0 5.08400e+11 5.05200e+11 180.215000 19.004000 124.700000  1 0.2900 152.050000 48.61094 59.97253 21.77297 30.490 -284.870 -62.930 9.763e+11 2.604e+11 -3.265e+10 0.09241 277767 277767 680863 6809 62 277740 277812 19.0038 505250000000 543380000000 467120000000 362250000000 171590000000 37.8329 1.47 0.08311 0.41918 0.25433 5.75245 1.57129 34.2649 0.51028 0.26796 2.15881 3.56203 23.9606 0.4339 588600000000 238300000000
 0.7300   451424 0.7400   460247      1       -1       -1       -1  0 4.98867e+11 4.95700e+11 179.694000 15.839000 120.270000  1 0.2900 158.140000 48.61330 60.01681 21.78365 29.890 -280.990 -63.380 9.465e+11 2.395e+11 -1.133e+11 0.09191 277768 277768 680863 5759 61 277740 277812 15.8386 495720000000 514780000000 467120000000 352720000000 152530000000 42.9199 0 0.08384 0.50708 0.20663 -8.17266 14.3797 28.8075 0.42872 0.16002 18.7559 -0.79772 -11.2907 0.427 524500000000 200200000000
 0.7200   442581 0.7300   451424      1       -1       -1       -1  0 4.95700e+11 4.95700e+11 180.308000 18.785000 116.090000  1 0.2900 153.050000 48.61895 60.06610 21.79844 29.360 -277.000 -63.830 9.369e+11 2.365e+11 -1.101e+11 0.08918 277769 277769 680863 6886 60 277740 277812 18.7853 495720000000 524310000000 457580000000 257390000000 152530000000 47.9704 0 0.08339 0.55035 0.20875 -6.65686 16.4353 20.9983 0.71668 0.21775 15.9825 6.78781 -6.4321 0.4227 490200000000 219300000000
 0.7100   433679 0.7200   442581      1       -1       -1       -1  0 4.73467e+11 4.95700e+11 180.917000 18.651000 111.860000  1 0.2900 154.220000 48.61568 60.10684 21.81161 31.450 -263.260 -62.690 8.976e+11 3.284e+11 -1.385e+11 0.08675 277770 277770 680863 5848 59 277740 277812 18.6514 495720000000 514780000000 371790000000 247860000000 162060000000 58.4266 7.39 0.08324 0.62872 0.42214 -2.8127 19.1992 20.7122 0.68275 0.35443 13.5826 9.32098 -3.16402 0.4172 447900000000 238300000000
 0.7000   424710 0.7100   433679      1       -1       -1       -1  0 4.13100e+11 4.29000e+11 172.981000 14.801000 106.230000  1 0.2900 154.200000 48.61922 60.15839 21.83009 31.010 -257.000 -65.130 4.402e+11 2.524e+11 -1.495e+11 0.06223 277771 277771 680863 6950 58 277740 277812 14.8013 428980000000 486180000000 266920000000 238320000000 142990000000 48.987 0 0.05834 0.71127 0.27684 -6.65622 20.1948 15.2385 0.45469 0.3837 20.5951 1.17761 0.32263 0.399 432700000000 171600000000
 0.6900   415713 0.7000   424710      1       -1       -1       -1  0 3.55900e+11 3.14600e+11 156.506000 10.630000 103.060000  1 0.2900 148.090000 48.61688 60.21476 21.85002 24.480 -236.510 -64.180 2.105e+11 1.172e+11 -7.489e+10 0.05438 277772 277772 680863 6950 57 277740 277812 10.6303 314590000000 448050000000 276460000000 219260000000 152530000000 23.4556 0 0.04692 0.52352 0.23945 23.7349 5.76502 1.6987 0.44452 0.15994 23.1164 5.05582 0.17583 0.3851 425600000000 143000000000
 0.6800   406712 0.6900   415713      1       -1       -1       -1  0 3.55900e+11 2.95500e+11 153.778000 11.573000 95.560000  1 0.2900 142.100000 48.60453 60.28076 21.86143 22.910 -216.800 -77.190 8.388e+10 6.370e+10 -2.152e+10 0.02588 277773 277773 680863 6973 56 277740 277812 11.5732 295520000000 305060000000 276460000000 209730000000 133460000000 10.2134 16.77 0.02231 0.79602 0.50243 0.61408 20.7208 2.42922 0.69104 0.49215 14.7132 -11.432 -3.82622 0.3671 426500000000 133500000000
 0.6700   397710 0.6800   406712      1       -1       -1       -1  0 3.55900e+11 2.86000e+11 152.596000 12.962000 88.130000  1 0.2900 137.260000 48.58689 60.32358 21.88003 16.550 -221.360 -76.390 2.292e+10 -5.101e+09 -1.122e+11 0.03001 277774 277774 680863 6943 55 277740 277812 12.9619 285990000000 305060000000 247860000000 219260000000 95330000000 7.0849 0 0.02527 0.68563 0.38213 18.4144 14.9383 0.55238 0.68595 0.38329 12.9654 16.3086 -1.49083 0.3082 425500000000 133500000000
 0.6600   388791 0.6700   397710      1       -1       -1       -1  0 3.55900e+11 2.86000e+11 153.080000 12.046000 86.820000  1 0.2900 140.660000 48.60442 60.38458 21.89644 21.490 -217.820 -78.240 -1.426e+10 7.619e+10 -1.737e+11 0.05107 277775 277775 680863 6998 54 277740 277812 12.0456 285990000000 285990000000 247860000000 200190000000 133460000000 25.3125 0 0.04218 0.93832 0.51902 -6.58118 13.0783 5.53379 0.84138 0.37783 11.6351 -3.04031 -7.29282 0.2919 403900000000 133500000000
 0.6500   379766 0.6600   388791      1       -1       -1       -1  0 3.55900e+11 2.76500e+11 151.834000 13.363000 84.320000  1 0.2900 136.200000 48.55957 60.43577 21.91488 19.350 -214.830 -81.410 -7.323e+10 2.133e+10 -1.162e+11 0.03887 277776 277776 680863 5921 53 277740 277812 13.3635 276460000000 285990000000 257390000000 200190000000 76264000000 14.4403 0 0.03282 0.51449 0.38544 26.8179 19.6844 5.97826 0.54772 0.46164 19.2517 19.6339 6.85775 0.2937 410200000000 133500000000
 0.6400   370700 0.6500   379766      1       -1       -1       -1  0 3.55900e+11 2.95500e+11 155.727000 11.005000 85.100000  1 0.2900 147.890000 48.56834 60.49803 21.94248 22.500 -215.350 -78.560 -2.545e+09 7.634e+10 -1.631e+11 0.04747 277777 277777 680863 5937 52 277740 277812 11.0049 295520000000 305060000000 238320000000 200190000000 142990000000 4.55766 0 0.0383 0.9075 0.47974 19.3153 5.71191 -6.83167 0.88949 0.49101 12.9791 14.5536 -2.18894 0.2688 389100000000 133500000000
 0.6300   361597 0.6400   370700      1       -1       -1       -1  0 3.55900e+11 3.05100e+11 157.863000 11.339000 91.750000  1 0.2900 149.790000 48.55785 60.56643 21.96209 22.940 -211.070 -70.280 -1.310e+11 9.329e+10 -2.018e+11 0.06245 277778 277778 680863 7054 51 277740 277812 11.3395 305060000000 324120000000 238320000000 190660000000 142990000000 17.8089 2.69 0.05237 0.8369 0.45598 6.43684 13.9005 -9.09205 0.74147 0.48363 -6.76027 13.6848 -4.05076 0.305 366400000000 143000000000
 0.6200   352502 0.6300   361597      1       -1       -1       -1  0 3.55900e+11 3.52700e+11 166.188000 17.866000 89.350000  1 0.2900 143.940000 48.54500 60.62259 21.98578 19.780 -206.180 -71.300 -3.710e+10 -8.724e+10 -8.859e+10 0.02368 277779 277779 680863 7048 50 277740 277812 17.8656 352720000000 381320000000 238320000000 200190000000 133460000000 21.2157 2.28 0.0208 0.7311 0.41429 11.3621 17.4105 -8.84224 0.53187 0.19164 -3.33432 20.1468 -5.86578 0.288 345500000000 190700000000
 0.6100   343370 0.6200   352502      1       -1       -1       -1  0 3.55900e+11 3.62300e+11 168.167000 18.290000 89.810000  1 0.2900 145.830000 48.53244 60.67772 22.01091 18.030 -204.890 -77.790 -6.276e+10 -1.960e+11 5.135e+10 0.03744 277780 277780 680863 7064 49 277740 277812 18.2902 362250000000 371790000000 276460000000 190660000000 85797000000 20.3574 0 0.03275 0.54178 0.37582 18.1712 8.37556 5.37372 0.77798 0.55578 9.13384 8.34417 -5.40603 0.2814 342900000000 181100000000
 0.6000   334239 0.6100   343370      1       -1       -1       -1  0 3.46367e+11 3.52700e+11 167.162000 15.647000 92.630000  1 0.2900 150.440000 48.52094 60.74267 22.03955 17.790 -201.480 -77.140 -4.971e+10 -2.083e+11 3.372e+10 0.04109 277781 277781 680863 7113 48 277740 277812 15.647 352720000000 371790000000 295520000000 190660000000 142990000000 12.9047 0 0.03523 0.67652 0.46241 25.0468 15.3405 8.01486 0.7105 0.62688 -0.09444 19.43 -3.10747 0.2903 337800000000 171600000000
 0.5900   325078 0.6000   334239      1       -1       -1       -1  0 3.36833e+11 3.24100e+11 162.981000 16.150000 96.030000  1 0.2900 145.400000 48.52867 60.81992 22.07408 16.130 -199.310 -74.290 -3.733e+10 -1.782e+11 3.937e+10 0.03921 277782 277782 680863 7126 47 277740 277812 16.15 324120000000 352720000000 257390000000 209730000000 114400000000 14.8531 0 0.03509 0.36491 0.24001 20.8275 20.4637 2.68471 0.37448 0.22132 15.5175 22.6298 -1.1684 0.3364 319000000000 171600000000
 0.5800   315835 0.5900   325078      1       -1       -1       -1  0 3.27300e+11 3.33700e+11 165.025000 17.293000 90.390000  1 0.2900 146.050000 48.49141 60.86744 22.09191 21.970 -196.750 -81.290 4.076e+09 -3.157e+11 1.592e+11 0.07580 277783 277783 680863 7129 46 277740 277812 17.2929 333650000000 343190000000 314590000000 219260000000 133460000000 3.87931 3.94 0.06394 0.65496 0.59405 28.0543 6.0849 0.38203 0.70597 0.43212 16.1686 -5.57719 -12.8954 0.2773 326500000000 190700000000
 0.5700   306607 0.5800   315835      1       -1       -1       -1  0 3.17767e+11 3.24100e+11 163.889000 16.610000 81.950000  1 0.2900 146.780000 48.47528 60.93843 22.11601 23.020 -194.090 -84.010 4.153e+10 -2.415e+11 1.667e+11 0.06723 277784 277784 680863 7126 45 277740 277812 16.6105 324120000000 324120000000 305060000000 209730000000 133460000000 10.4735 0 0.05665 0.70256 0.45939 23.0741 3.73985 -15.9966 0.81066 0.38088 20.3411 -5.63716 -5.30668 0.2408 298500000000 162100000000
 0.5600   297368 0.5700   306607      1       -1       -1       -1  0 3.14567e+11 2.95500e+11 159.349000 16.887000 79.510000  1 0.2900 142.010000 48.47313 60.99826 22.17078 24.250 -188.920 -86.520 3.756e+10 -2.260e+11 1.669e+11 0.07743 277785 277785 680863 7104 44 277740 277812 16.8867 295520000000 295520000000 285990000000 181130000000 95330000000 9.84317 0 0.06368 0.64611 0.32362 -12.7753 -3.51111 17.9096 0.85944 0.49253 -2.74726 -6.13238 13.721 0.2297 292900000000 162100000000
 0.5500   288126 0.5600   297368      1       -1       -1       -1  0 3.05033e+11 3.24100e+11 164.767000 17.041000 75.400000  1 0.2900 148.360000 48.45663 61.08598 22.19664 24.050 -185.060 -84.720 1.450e+10 -2.462e+11 1.270e+11 0.06323 277786 277786 680863 7272 43 277740 277812 17.0407 324120000000 324120000000 276460000000 152530000000 66731000000 14.2596 0 0.05384 0.36573 0.33359 21.7719 -6.6587 -12.5413 0.2989 0.22009 19.1419 -5.27905 -8.64939 0.2113 301100000000 143000000000
 0.5400   278910 0.5500   288126      1       -1       -1       -1  0 3.05033e+11 2.95500e+11 160.186000 16.408000 69.090000  1 0.2900 145.310000 48.43559 61.14282 22.22639 22.270 -181.790 -91.050 1.005e+10 -1.385e+11 1.261e+11 0.05257 277787 277787 680863 7225 42 277740 277812 16.4082 295520000000 295520000000 285990000000 190660000000 76264000000 12.7183 0 0.04281 0.84059 0.43416 1.67127 25.136 9.37711 0.62281 0.19749 8.82796 26.6117 0.24536 0.1751 294900000000 162100000000
 0.5300   269668 0.5400   278910      1       -1       -1       -1  0 2.85967e+11 2.95500e+11 160.594000 23.175000 70.600000  1 0.2900 136.740000 48.43519 61.23047 22.27046 25.830 -178.670 -87.550 3.379e+10 -1.367e+11 1.259e+11 0.05278 277788 277788 680863 7236 41 277740 277812 23.1749 295520000000 295520000000 285990000000 152530000000 76264000000 12.3446 0 0.04345 0.81247 0.43624 -3.40624 9.83659 12.9883 0.74338 0.39415 -2.94614 6.38039 11.3486 0.182 278200000000 171600000000
 0.5200   260434 0.5300   269668      1       -1       -1       -1  0 2.73267e+11 2.66900e+11 155.623000 15.864000 66.470000  1 0.2900 142.930000 48.41560 61.27943 22.29544 30.990 -169.420 -83.380 -1.116e+10 -5.543e+10 3.403e+10 0.02319 277789 277789 680863 6088 40 277740 277812 15.8638 266920000000 266920000000 247860000000 190660000000 104860000000 9.82993 0 0.01814 0.52789 0.37908 13.6095 4.55217 -5.36537 0.281 0.05371 10.2214 3.26785 -4.44977 0.1562 271600000000 133500000000
 0.5100   251153 0.5200   260434      1       -1       -1       -1  0 2.63733e+11 2.57400e+11 154.121000 13.510000 67.870000  1 0.2900 147.400000 48.40252 61.35797 22.31998 27.860 -168.070 -82.770 6.338e+09 -5.131e+10 -1.554e+10 0.02077 277790 277790 680863 6047 39 277740 277812 13.5103 257390000000 257390000000 257390000000 200190000000 85797000000 10.5358 0 0.0159 0.61432 0.41694 19.1789 5.25143 -8.16922 0.41034 0.19497 19.0887 6.86156 -10.4302 0.158 291300000000 104900000000
 0.5000   241982 0.5100   251153      1       -1       -1       -1  0 2.54200e+11 2.66900e+11 156.371000 14.100000 66.010000  1 0.2900 149.510000 48.39306 61.42657 22.36721 29.090 -164.010 -80.060 -7.376e+09 -5.301e+10 3.296e+10 0.02222 277791 277791 680863 6139 38 277740 277812 14.1004 266920000000 266920000000 219260000000 181130000000 85797000000 5.913 1.12 0.01757 0.65569 0.51778 18.036 7.36037 24.6743 0.89322 0.63564 14.7653 -1.99945 20.1546 0.1569 289800000000 123900000000
 0.4900   232781 0.5000   241982      1       -1       -1       -1  0 2.44667e+11 2.38300e+11 150.923000 12.733000 66.940000  1 0.2900 147.570000 48.39806 61.51208 22.40173 22.260 -161.590 -79.140 1.868e+10 -5.771e+10 -7.578e+10 0.04294 277792 277792 680863 7222 37 277740 277812 12.7328 238320000000 238320000000 209730000000 190660000000 47665000000 8.17205 1.56 0.03308 0.4286 0.3432 16.4261 7.63929 21.0277 0.39708 0.15634 15.3421 1.0429 16.37 0.1603 272600000000 123900000000
 0.4800   223626 0.4900   232781      1       -1       -1       -1  0 2.22433e+11 2.28800e+11 149.219000 13.761000 63.020000  1 0.2900 143.870000 48.36602 61.57010 22.43108 22.940 -158.330 -78.420 5.271e+09 -2.181e+10 -5.557e+10 0.02813 277793 277793 680863 7227 36 277740 277812 13.7612 228790000000 228790000000 209730000000 162060000000 85797000000 21.8072 0 0.02206 0.82722 0.55182 13.8695 18.0607 -10.7164 0.75451 0.3868 11.6899 15.8185 -12.0246 0.1513 247100000000 114400000000
 0.4700   214490 0.4800   223626      1       -1       -1       -1  0 2.09733e+11 2.00200e+11 143.036000 13.045000 58.990000  1 0.2900 139.270000 48.35899 61.65721 22.46851 22.150 -152.900 -74.850 -3.667e+09 5.469e+09 -2.342e+10 0.01433 277794 277794 680863 7209 35 277740 277812 13.0452 200190000000 200190000000 200190000000 152530000000 9533000000 13.7116 0 0.0113 0.90896 0.41909 25.7469 13.9133 -2.94038 0.69266 0.38675 27.9473 4.49974 -1.40939 0.1426 214700000000 104900000000
 0.4600   205366 0.4700   214490      1       -1       -1       -1  0 2.00200e+11 2.00200e+11 143.341000 17.024000 59.120000  1 0.2900 132.750000 48.34334 61.74281 22.51052 20.320 -149.750 -76.170 -1.724e+09 4.533e+09 -2.163e+10 0.01231 277795 277795 680863 6004 34 277740 277812 17.0245 200190000000 200190000000 190660000000 162060000000 0 12.0414 2.49 0.01039 0.39978 0.21102 31.7952 29.2033 0.28506 0.50871 0.26949 35.6084 -3.28623 -4.5863 0.1617 221900000000 104900000000
 0.4500   196308 0.4600   205366      1       -1       -1       -1  0 1.97033e+11 2.00200e+11 143.638000 23.346000 53.390000  1 0.2900 126.510000 48.33605 61.81724 22.54275 19.430 -145.070 -72.690 -2.442e+09 4.656e+09 -1.864e+10 0.01036 277796 277796 680863 6000 33 277740 277812 23.3464 200190000000 200190000000 200190000000 123930000000 0 9.88636 0 0.00917 0.39939 0.01544 37.8208 32.5425 9.01912 0.42382 0.07919 28.2998 22.322 19.4374 0.1498 197200000000 123900000000
 0.4400   187243 0.4500   196308      1       -1       -1       -1  0 1.97033e+11 1.62100e+11 134.138000 10.157000 55.620000  1 0.2900 139.860000 48.36008 61.93196 22.59141 18.130 -149.320 -75.320 -1.147e+09 -3.129e+10 3.235e+10 0.03854 277797 277797 680863 7087 32 277740 277812 10.1573 162060000000 152530000000 142990000000 123930000000 85797000000 4.97002 1.74 0.03063 0.56411 0.49889 31.1347 16.1896 -3.64862 0.8206 0.49656 23.7643 8.25217 -10.9328 0.1371 180500000000 66730000000
 0.4300   178226 0.4400   187243      1       -1       -1       -1  0 1.97033e+11 2.00200e+11 144.206000 38.282000 51.340000  1 0.2900 121.080000 48.31050 61.98141 22.62183 24.190 -143.890 -68.010 -8.076e+09 -2.311e+10 8.659e+09 0.01295 277798 277798 680863 5955 31 277740 277812 38.2825 200190000000 200190000000 181130000000 85797000000 0 19.4618 4.85 0.01255 0.30058 0.0347 35.6292 37.4011 -9.56343 0.19377 0 5.90419 32.1219 11.0879 0.1587 177300000000 209700000000
 0.4200   169232 0.4300   178226      1       -1       -1       -1  0 1.97033e+11 1.43000e+11 129.149000 16.238000 52.360000  1 0.2900 122.300000 48.34808 62.12541 22.69362 20.730 -140.570 -65.970 -1.968e+10 -8.628e+09 3.821e+10 0.04331 277799 277799 680863 5902 30 277740 277812 16.2385 142990000000 142990000000 142990000000 95330000000 0 22.647 0 0.03753 0.12982 0.0016 16.1993 25.4868 17.6995 0.12072 0.0725 15.3209 26.8302 17.3321 0.1539 152700000000 85800000000
 0.4100   160356 0.4200   169232      1       -1       -1       -1  0 1.97033e+11 1.52500e+11 132.197000 24.458000 47.290000  1 0.2900 118.160000 48.34498 62.21547 22.72933 23.080 -138.700 -62.290 2.186e+09 -2.129e+10 4.656e+10 0.04442 277800 277800 680863 5846 29 277740 277812 24.4575 152530000000 142990000000 142990000000 95330000000 0 20.9646 4.42 0.03984 0.52899 0.1683 29.6266 16.9502 33.048 0.21064 0.01539 31.9411 21.3183 30.0823 0.1301 140400000000 123900000000
 0.4000   151570 0.4100   160356      1       -1       -1       -1  0 1.97033e+11 1.81100e+11 140.236000 40.161000 41.150000  1 0.2900 120.270000 48.26357 62.25064 22.74355 22.130 -133.220 -59.260 -2.360e+09 -9.690e+09 1.173e+10 0.00935 277801 277801 680863 6872 28 277740 277812 40.1613 181130000000 181130000000 162060000000 0 0 14.0266 1.37 0.00909 0.56638 0.32976 48.661 42.8687 1.07064 0 0 0 0 0 0.1047 158600000000 200200000000
 0.3900   142878 0.4000   151570      1       -1       -1       -1  0 1.97033e+11 1.43000e+11 129.828000 24.985000 41.820000  1 0.2900 117.690000 48.31570 62.39814 22.81001 21.730 -130.060 -57.770 2.269e+09 3.754e+09 2.732e+10 0.02733 277802 277802 680863 6798 27 277740 277812 24.9854 142990000000 142990000000 142990000000 85797000000 9533000000 21.0482 5.81 0.02451 0.57264 0.51726 18.3812 10.0278 25.6803 0.43801 0.09942 5.26659 -1.11398 36.5002 0.0987 126700000000 114400000000
 0.3800   134401 0.3900   142878      1       -1       -1       -1  0 1.97033e+11 1.90700e+11 143.126000 45.682000 42.820000  1 0.2900 124.310000 48.25873 62.44893 22.81937 16.870 -125.820 -56.620 -6.161e+08 8.739e+09 4.016e+10 0.02478 277803 277803 680863 6740 26 277740 277812 45.6818 190660000000 181130000000 171590000000 95330000000 0 11.3018 1.68 0.02283 0.42868 0.25289 42.011 41.4467 -7.00478 0.24525 0 40.8864 7.32614 -5.6912 0.0914 162600000000 219300000000
 0.3700   125902 0.3800   134401      1       -1       -1       -1  0 1.97033e+11 2.09700e+11 147.976000 44.442000 44.460000  1 0.2900 130.500000 48.25240 0.04828 22.86287 13.260 -119.620 -53.870 1.388e+09 8.927e+09 3.140e+10 0.01728 277804 277804 680863 3743 25 277740 277812 44.4418 209730000000 200190000000 190660000000 95330000000 19066000000 11.0352 0 0.01567 0.27351 0.15496 19.017 34.7108 -21.5174 0.18615 0.03025 -2.7146 27.6697 -0.52816 0.0841 175300000000 209700000000
 0.3600   117404 0.3700   125902      1       -1       -1       -1  0 1.97033e+11 1.90700e+11 143.562000 26.596000 45.360000  1 0.2900 135.260000 48.24344 0.13884 22.90060 10.970 -113.170 -45.900 -4.294e+09 5.818e+09 3.544e+10 0.02364 277805 277805 680863 4656 24 277740 277812 26.5965 190660000000 190660000000 190660000000 95330000000 0 9.20706 3.77 0.02061 0.17133 0.02118 21.4834 33.262 -16.2946 0.2359 0.02601 16.3359 25.3726 -11.9658 0.0834 180300000000 152500000000
 0.3500   109055 0.3600   117404      1       -1       -1       -1  0 1.90700e+11 1.90700e+11 143.766000 15.437000 48.160000  1 0.2900 151.470000 48.24198 0.23546 22.93305 11.370 -110.230 -45.580 -1.740e+09 -4.036e+09 2.429e+10 0.01755 277806 277806 680863 4539 23 277740 277812 15.4372 190660000000 190660000000 190660000000 171590000000 0 5.40051 0 0.01425 0.49114 0.0409 34.5754 24.5746 4.99137 0.70352 0.37914 38.7844 16.0018 35.1458 0.0782 212200000000 95330000000
 0.3400   100869 0.3500   109055      1       -1       -1       -1  0 1.90700e+11 1.90700e+11 143.961000 14.692000 54.080000  1 0.2900 155.280000 48.21469 0.32124 22.97677 12.620 -103.130 -44.700 -9.544e+09 -8.966e+09 2.595e+10 0.02160 277807 277807 680863 4477 22 277740 277812 14.6922 190660000000 190660000000 190660000000 152530000000 19066000000 20.5326 0 0.01702 0.25954 0.09447 34.8646 4.36733 27.6224 0.29885 0.03075 30.5694 4.10416 28.9828 0.092 207800000000 95330000000
 0.3300    92942 0.3400   100869      1       -1       -1       -1  0 1.90700e+11 1.90700e+11 144.147000 11.225000 52.480000  1 0.2900 167.800000 48.22504 0.42610 23.01650 12.000 -101.640 -43.650 -1.643e+10 2.715e+09 2.079e+10 0.02108 277808 277808 680863 4446 21 277740 277812 11.225 190660000000 190660000000 190660000000 171590000000 9533000000 6.4459 0 0.01582 0.7447 0.30923 24.5723 -14.4692 18.0735 0.33792 0.08748 -13.9938 21.6135 -3.51 0.082 239700000000 38130000000
 0.3200    85157 0.3300    92942      1       -1       -1       -1  0 1.87500e+11 1.90700e+11 144.324000 19.927000 46.550000  1 0.2900 150.320000 48.21329 0.52003 23.05817 12.250 -96.670 -41.550 -1.429e+10 2.871e+09 1.839e+10 0.01709 277809 277809 680863 4298 20 277740 277812 19.9269 190660000000 190660000000 190660000000 142990000000 0 6.19818 0 0.01415 0.62119 0.1478 9.19072 22.3469 30.6199 0.41637 0.05396 10.0753 22.0427 37.6525 0.0827 190700000000 123900000000
 0.3100    77606 0.3200    85157      1       -1       -1       -1  0 1.77967e+11 1.81100e+11 142.042000 22.747000 39.760000  1 0.2900 146.150000 48.20121 0.61449 23.10046 14.850 -89.350 -42.700 -1.648e+10 7.769e+09 2.132e+10 0.02066 277810 277810 680863 4145 19 277740 277812 22.7469 181130000000 171590000000 171590000000 85797000000 9533000000 15.3199 0 0.01869 0.73005 0.15003 26.0089 11.0254 47.437 0.46847 0.06385 -5.33158 22.491 -2.41917 0.0764 168300000000 123900000000
 0.3000    70282 0.3100    77606      1       -1       -1       -1  0 1.49367e+11 1.62100e+11 137.023000 49.222000 37.110000  1 0.2900 130.970000 48.18883 0.70948 23.14332 15.200 -85.940 -37.810 -1.128e+10 1.328e+09 1.169e+10 0.01364 277811 277811 680863 3099 18 277740 277812 49.2218 162060000000 142990000000 142990000000 0 0 33.3618 1.36 0.01328 0.76968 0.11154 38.0475 7.4332 28.7524 0 0 0 0 0 0.0807 132400000000 190700000000
 0.2900    63189 0.3000    70282      0       -1       -1       -1  0 1.04900e+11 1.04900e+11 118.638000 33.484000 38.390000  1 0.2900 116.990000 48.17614 0.80498 23.18673 16.850 -82.860 -32.110 5.944e+09 6.786e+09 5.875e+09 0.01702 277812 277812 680863 2914 17 277740 277812 33.4845 104860000000 104860000000 95330000000 9533000000 0 46.6712 0 0.01843 0.18171 0 -8.87306 -14.9237 31.1813 0 0 0 0 0 0.1183 109500000000 123900000000
