 1.0000   676218 0.0000       -1      1       -1       -1       -1  0 2.00233e+11 1.81100e+11 115.752000 6.317000 89.350000  1 0.7500 115.090000 12.29771 25.24855 37.18120 387.140 351.760 7.830 1.823e+11 3.263e+10 -6.911e+10 0.09516 500583 500583 676218 1733 88 500582 500608 6.31714 181130000000 190660000000 162060000000 142990000000 95330000000 12.5104 0 0.08128 0.63571 0.4342 -6.46408 15.4803 -3.13643 0.60278 0.36166 -8.08618 13.7646 -6.35494 0.4541 322000000000 66730000000
 0.9900   668055 1.0000   676218      1       -1       -1       -1  0 2.00233e+11 1.81100e+11 116.240000 5.924000 87.650000  1 0.7500 117.660000 12.25973 25.21585 37.18191 382.670 342.630 10.430 1.259e+11 7.249e+10 -1.000e+11 0.08493 500584 500584 676218 1114 87 500582 500608 5.92383 181130000000 190660000000 162060000000 133460000000 76264000000 8.34412 0 0.07273 0.8041 0.45592 -5.79639 14.0449 -6.07337 0.61007 0.30328 7.40537 -9.62496 13.5065 0.445 300800000000 66730000000
 0.9800   659702 0.9900   668055      1       -1       -1       -1  0 2.00233e+11 1.81100e+11 116.727000 5.800000 83.780000  1 0.7500 118.860000 12.21809 25.18126 37.17877 370.060 336.160 16.360 1.788e+11 2.734e+10 -6.600e+10 0.09722 500585 500585 676218 1687 86 500582 500608 5.79985 181130000000 190660000000 162060000000 133460000000 85797000000 11.3968 0 0.07964 0.40994 0.31545 5.53345 -5.98717 15.3935 0.1401 0.05288 1.42332 -6.50822 13.6711 0.3996 292700000000 57200000000
 0.9700   651381 0.9800   659702      1       -1       -1       -1  0 2.00233e+11 1.81100e+11 117.213000 5.515000 82.180000  1 0.7500 121.090000 12.17285 25.14436 37.17115 361.970 328.550 19.860 1.768e+11 2.569e+10 -6.469e+10 0.09563 500586 500586 676218 682 85 500582 500608 5.51493 181130000000 190660000000 162060000000 133460000000 104860000000 3.04198 0 0.0788 0.41501 0.31704 10.1161 1.46168 17.8174 0.16645 0.03436 10.2478 -0.16717 20.5222 0.3917 315200000000 57200000000
 0.9600   643069 0.9700   651381      1       -1       -1       -1  0 2.00233e+11 1.81100e+11 117.699000 4.604000 81.450000  1 0.7500 128.240000 12.13746 25.11180 37.17986 354.190 321.100 22.890 1.747e+11 2.471e+10 -6.371e+10 0.09847 500587 500587 676218 57 84 500582 500608 4.60412 181130000000 200190000000 162060000000 123930000000 85797000000 15.0947 0 0.07804 0.67263 0.41076 7.63876 -1.23968 11.5665 0.77146 0.19326 9.20526 -4.97657 6.11847 0.3677 304600000000 76260000000
 0.9500   634778 0.9600   643069      1       -1       -1       -1  0 2.00233e+11 1.81100e+11 118.185000 6.839000 81.620000  1 0.7500 114.990000 12.08972 25.07519 37.16895 346.730 313.790 25.480 1.725e+11 2.428e+10 -6.305e+10 0.09282 500588 500588 676218 1727 83 500582 500608 6.8393 181130000000 200190000000 171590000000 152530000000 76264000000 7.0926 0 0.07735 0.4296 0.25668 9.40352 7.89653 13.383 0.7275 0.23247 2.45723 6.51036 10.4798 0.3907 257000000000 76260000000
 0.9400   626495 0.9500   634778      1       -1       -1       -1  0 2.00233e+11 1.43000e+11 109.677000 10.732000 63.590000  1 0.7500 93.530000 12.02612 25.23343 37.26738 273.220 399.310 -24.450 -1.170e+11 2.903e+10 -3.880e+10 0.08175 500589 500589 676218 2718 82 500582 500608 10.7323 142990000000 152530000000 123930000000 95330000000 28599000000 9.17674 8.08 0.07865 0.61728 0.41097 12.0797 -3.10574 -12.2423 0.62883 0.06838 13.1188 -1.941 -4.9175 0.3724 170800000000 76260000000
 0.9300   618186 0.9400   626495      1       -1       -1       -1  0 2.00233e+11 1.81100e+11 119.152000 4.817000 81.900000  1 0.7500 128.230000 12.01658 25.01119 37.17148 336.140 299.190 27.630 1.631e+11 6.014e+10 -7.157e+10 0.10120 500590 500590 676218 1748 81 500582 500608 4.8169 190660000000 200190000000 162060000000 123930000000 95330000000 11.4634 4.08 0.079 0.65788 0.36309 -2.84173 10.8586 -0.61838 0.56838 0.20881 -4.1389 8.54563 3.09516 0.3592 332300000000 66730000000
 0.9200   609846 0.9300   618186      1       -1       -1       -1  0 2.00233e+11 1.81100e+11 119.635000 5.076000 79.900000  1 0.7500 126.830000 11.97519 24.97823 37.16885 329.380 292.640 29.030 1.624e+11 5.959e+10 -6.875e+10 0.09771 500591 500591 676218 699 80 500582 500608 5.07621 190660000000 200190000000 152530000000 133460000000 104860000000 12.7633 3.93 0.07847 0.53479 0.30781 -5.71564 10.8845 -0.58641 0.11292 0.05094 -5.19425 8.32961 1.45551 0.3598 476200000000 66730000000
 0.9100   601503 0.9200   609846      1       -1       -1       -1  0 2.00233e+11 1.71600e+11 117.970000 5.149000 76.530000  1 0.7500 123.970000 11.93387 24.94449 37.16452 323.140 280.340 31.550 1.172e+11 5.947e+10 -5.714e+10 0.08622 500592 500592 676218 716 79 500582 500608 5.14879 181130000000 200190000000 152530000000 133460000000 104860000000 9.85377 4.1 0.06635 0.41462 0.31357 -6.35081 11.6024 -8.86518 0.42599 0.09307 -6.32441 10.7967 -8.0587 0.3238 313700000000 66730000000
 0.9000   593151 0.9100   601503      1       -1       -1       -1  0 2.00233e+11 1.62100e+11 116.207000 4.404000 76.410000  1 0.7500 127.300000 11.89244 24.91263 37.15559 316.850 274.450 32.360 1.411e+11 2.204e+10 -1.426e+10 0.09945 500593 500593 676218 1744 78 500582 500608 4.40411 171590000000 219260000000 152530000000 133460000000 85797000000 11.9487 0 0.07333 0.57499 0.3785 -8.47205 8.87368 -12.1078 0.48911 0.35594 9.5771 -8.34533 11.1902 0.3084 294200000000 76260000000
 0.8900   584755 0.9000   593151      1       -1       -1       -1  0 2.00233e+11 1.52500e+11 114.334000 4.869000 78.790000  1 0.7500 120.920000 11.85059 24.87906 37.14545 312.810 267.780 33.600 1.316e+11 1.574e+10 3.351e+09 0.09929 500594 500594 676218 1768 77 500582 500608 4.86936 152530000000 200190000000 152530000000 142990000000 85797000000 8.78864 0 0.07524 0.65826 0.20593 7.03344 -8.4823 16.9391 0.65551 0.20642 6.95486 -8.43507 17.0124 0.3403 273200000000 57200000000
 0.8800   576378 0.8900   584755      1       -1       -1       -1  0 2.00233e+11 1.62100e+11 117.128000 5.630000 77.300000  1 0.7500 119.560000 11.80906 24.84200 37.14404 304.570 262.780 33.090 1.396e+11 2.227e+10 -1.571e+10 0.09868 500595 500595 676218 2769 76 500582 500608 5.63027 162060000000 181130000000 152530000000 142990000000 95330000000 11.7555 0 0.07322 0.56231 0.24234 7.21294 -4.79736 11.3661 0.5096 0.10941 8.53952 -4.14954 10.6462 0.3124 271000000000 47660000000
 0.8700   567926 0.8800   576378      1       -1       -1       -1  0 2.00233e+11 1.62100e+11 117.586000 5.276000 79.090000  1 0.7500 122.420000 11.76495 24.80488 37.13551 298.420 256.960 32.960 1.380e+11 2.257e+10 -1.599e+10 0.09923 500596 500596 676218 1792 75 500582 500608 5.27591 162060000000 171590000000 152530000000 142990000000 85797000000 9.85477 0 0.0727 0.73545 0.57214 -0.00381 4.77899 9.97054 0.50632 0.37961 -0.94475 4.00045 9.45407 0.3152 277300000000 66730000000
 0.8600   559471 0.8700   567926      1       -1       -1       -1  0 2.00233e+11 1.62100e+11 118.043000 4.311000 82.520000  1 0.7500 130.660000 11.72409 24.76915 37.13144 292.160 251.290 32.460 1.354e+11 2.283e+10 -1.579e+10 0.10062 500597 500597 676218 1786 74 500582 500608 4.31113 162060000000 181130000000 152530000000 142990000000 104860000000 10.8391 0 0.0717 0.77505 0.49331 2.16231 15.3246 -2.0334 0.77332 0.50557 1.04363 13.9348 -5.07784 0.3202 302500000000 66730000000
 0.8500   551051 0.8600   559471      1       -1       -1       -1  0 1.90700e+11 2.76500e+11 141.588000 33.785000 103.400000  1 0.7500 103.270000 11.69402 24.72816 37.18621 264.020 296.770 23.320 -9.250e+11 -2.759e+11 4.886e+11 0.12594 500598 500598 676218 748 73 500582 500608 33.7845 276460000000 305060000000 152530000000 0 0 16.9947 0 0.23132 0.06149 0.00157 7.62264 -8.00122 64.4524 0 0 0 0 0 0.7801 268500000000 266900000000
 0.8400   542525 0.8500   551051      1       -1       -1       -1  0 1.90700e+11 1.23900e+11 108.776000 5.711000 67.260000  1 0.7500 108.310000 11.69573 24.72623 37.26920 221.300 368.360 11.400 -6.714e+09 1.544e+10 -2.771e+10 0.03185 500599 500599 676218 1808 72 500582 500608 5.71085 123930000000 123930000000 123930000000 123930000000 0 3.297 0 0.02651 0.61738 0.16173 -17.5762 2.88183 18.0057 0.53199 0.08067 19.1085 -4.94351 -15.5457 0.3332 225900000000 19070000000
 0.8300   534007 0.8400   542525      1       -1       -1       -1  0 1.90700e+11 1.52500e+11 117.014000 3.706000 86.720000  1 0.7500 135.440000 11.59256 24.65020 37.11710 269.290 238.960 32.170 1.071e+11 2.207e+10 -4.869e+10 0.10110 500600 500600 676218 3806 71 500582 500608 3.70561 152530000000 171590000000 152530000000 152530000000 133460000000 3.77159 0 0.06954 0.56658 0.50022 -6.4708 10.9839 -10.5245 0.56632 0.49922 -6.32693 11.071 -10.6054 0.33 370100000000 57200000000
 0.8200   525429 0.8300   534007      1       -1       -1       -1  1 1.90700e+11 1.57300e+11 118.680000 4.090000 87.070000  1 0.7500 134.040000 11.55689 24.61855 37.11284 269.290 238.960 32.170 1.179e+11 2.276e+10 -3.258e+10 0.09761 500601 500601 676218 8318 70 500582 500608 4.12632 157295000000 166825000000 152530000000 152530000000 128695000000 4.49056 2.33 0.06969 0.700805 0.50419 2.36281 5.06841 -8.57864 0.730095 0.50731 2.55852 3.82307 -7.24204 0.3452 354000000000 57200000000
 0.8100   516785 0.8200   525429      1       -1       -1       -1  0 1.90700e+11 1.62100e+11 120.300000 4.475000 87.410000  1 0.7500 132.620000 11.50095 24.57302 37.10697 257.810 231.690 29.640 1.288e+11 2.344e+10 -1.646e+10 0.09412 500602 500602 676218 713 69 500582 500608 4.47526 162060000000 162060000000 152530000000 152530000000 123930000000 5.20953 4.66 0.06984 0.83503 0.50816 11.1964 -0.84704 -6.63283 0.89387 0.5154 11.444 -3.42486 -3.87864 0.3604 337900000000 57200000000
 0.8000   508120 0.8100   516785      1       -1       -1       -1  0 1.90700e+11 2.47900e+11 139.116000 28.355000 99.860000  1 0.7500 103.680000 11.49978 24.49232 37.16700 231.890 272.570 28.160 -7.642e+11 -3.045e+11 4.617e+11 0.09952 500603 500603 676218 1850 68 500582 500608 28.3549 247860000000 285990000000 190660000000 0 0 22.9619 0 0.24707 0.1 0.06587 31.3163 -30.1288 58.2765 0 0 0 0 0 0.8671 256900000000 200200000000
 0.7900   499484 0.8000   508120      1       -1       -1       -1  0 1.90700e+11 1.62100e+11 121.187000 6.970000 69.660000  1 0.7500 117.990000 11.41857 24.48951 37.10349 247.270 220.690 26.830 1.257e+11 2.255e+10 -1.316e+10 0.09059 500604 500604 676218 1857 67 500582 500608 6.96998 162060000000 162060000000 152530000000 142990000000 66731000000 7.87801 0 0.06858 0.72632 0.61363 -4.81881 -3.12537 14.579 0.67938 0.34806 -2.10422 -4.1384 15.3582 0.2701 254400000000 57200000000
 0.7800   490838 0.7900   499484      1       -1       -1       -1  1 1.62100e+11 1.62100e+11 121.628000 7.203000 65.340000  1 0.7500 117.620000 11.38358 24.45828 37.09969 247.270 220.690 26.830 1.236e+11 2.300e+10 -1.330e+10 0.08897 500605 500605 676218 8398 66 500582 500608 7.21044 162060000000 162060000000 152530000000 133460000000 61964500000 6.38614 0 0.06786 0.75213 0.52383 -6.03957 -4.17908 17.7538 0.691145 0.36217 -1.60278 -6.94595 17.97 0.24465 252700000000 52430000000
 0.7700   482148 0.7800   490838      1       -1       -1       -1  0 1.62100e+11 1.62100e+11 122.066000 7.436000 60.360000  1 0.7500 117.250000 11.32790 24.41122 37.08860 235.310 214.470 26.210 1.216e+11 2.345e+10 -1.344e+10 0.08736 500606 500606 676218 1862 65 500582 500608 7.43585 162060000000 162060000000 152530000000 123930000000 57198000000 4.89426 0 0.06714 0.77794 0.43403 -7.26033 -5.23279 20.9287 0.70291 0.37628 -1.10133 -9.75349 20.5818 0.2192 251000000000 47660000000
 0.7600   473446 0.7700   482148      1       -1       -1       -1  0 1.62100e+11 1.62100e+11 122.501000 6.186000 58.320000  1 0.7500 124.050000 11.28268 24.37033 37.08340 229.510 211.480 26.090 1.196e+11 2.375e+10 -1.358e+10 0.08701 500607 500607 676218 1873 64 500582 500608 6.18622 162060000000 162060000000 152530000000 123930000000 28599000000 5.43384 0 0.06643 0.74039 0.36358 -5.36767 -5.49257 20.8243 0.68399 0.11509 -3.9252 -6.92804 20.1287 0.2022 270000000000 28600000000
 0.7500   464715 0.7600   473446      0       -1       -1       -1  0 1.62100e+11 1.62100e+11 122.933000 5.879000 61.120000  1 0.7500 126.600000 11.24360 24.32448 37.07218 223.860 208.530 26.060 1.177e+11 2.388e+10 -1.360e+10 0.08754 500608 500608 676218 1879 63 500582 500608 5.87887 162060000000 171590000000 162060000000 123930000000 85797000000 10.848 0 0.06581 0.60176 0.3785 -4.85041 1.872 16.8254 0.33028 0.13892 -3.62184 -0.0806 16.5009 0.2086 277600000000 38130000000
