 1.0000   682246 0.0000       -1      1       -1       -1       -1  0 1.90700e+11 1.81100e+11 115.752000 21.430000 71.610000  1 0.6300 88.100000 34.95404 52.68547 32.81637 -23.790 -175.290 -114.920 6.956e+09 8.240e+10 9.464e+10 0.03993 508326 508326 682246 7761 88 508325 508363 21.4304 181130000000 190660000000 133460000000 0 0 22.1479 6.4 0.05167 0.06002 0.05272 -2.07726 32.6792 48.5565 0 0 0 0 0 0.5433 208900000000 133500000000
 0.9900   674142 1.0000   682246      1       -1       -1       -1  0 1.90700e+11 1.52500e+11 109.768000 10.175000 71.210000  1 0.6300 95.260000 34.94480 52.67354 32.78530 -24.970 -175.800 -117.350 -1.830e+10 1.080e+11 8.165e+10 0.07669 508327 508327 682246 7767 87 508325 508363 10.1755 152530000000 162060000000 133460000000 104860000000 0 12.6174 0 0.07501 0.58723 0.27286 21.525 -11.3471 11.0881 0.43946 0.14571 21.1129 -11.4117 12.2765 0.4309 204400000000 76260000000
 0.9800   665688 0.9900   674142      1       -1       -1       -1  0 1.90700e+11 1.90700e+11 118.740000 21.281000 72.770000  1 0.6300 90.590000 34.95029 52.71700 32.83396 -28.990 -169.690 -107.070 9.278e+09 7.129e+10 9.267e+10 0.03785 508328 508328 682246 7837 86 508325 508363 21.2809 190660000000 190660000000 152530000000 0 0 15.3254 0 0.04453 0.38393 0.09575 10.1951 31.6518 45.8936 0 0 0 0 0 0.4882 220200000000 143000000000
 0.9700   657279 0.9800   665688      1       -1       -1       -1  0 1.90700e+11 1.81100e+11 117.213000 35.874000 71.880000  1 0.6300 84.040000 34.96911 52.77536 32.81521 -27.420 -163.620 -105.090 4.573e+10 4.032e+10 7.366e+10 0.02674 508329 508329 682246 6743 85 508325 508363 35.8738 181130000000 190660000000 0 0 0 48.5657 4.78 0.03966 0.10808 0 6.30888 62.6708 -10.6626 0 0 0 0 0 0.6025 181100000000 190700000000
 0.9600   648934 0.9700   657279      1       -1       -1       -1  0 1.90700e+11 1.71600e+11 115.597000 23.496000 71.480000  1 0.6300 86.420000 34.97219 52.79362 32.82637 -29.280 -167.870 -108.970 4.486e+10 3.887e+10 8.271e+10 0.03128 508330 508330 682246 7761 84 508325 508363 23.4961 171590000000 190660000000 114400000000 0 0 49.4197 0 0.04635 0.33055 0.02531 21.6944 54.4464 3.48992 0 0 0 0 0 0.607 189500000000 133500000000
 0.9500   640587 0.9600   648934      1       -1       -1       -1  0 1.90700e+11 1.81100e+11 118.185000 29.897000 70.120000  1 0.6300 86.000000 34.97536 52.81218 32.83772 -27.860 -162.600 -107.140 1.876e+10 4.652e+10 7.403e+10 0.02764 508331 508331 682246 7789 83 508325 508363 29.8966 181130000000 190660000000 123930000000 0 0 49.4034 0 0.03733 0.27818 0.2207 27.0739 55.2787 -2.30891 0 0 0 0 0 0.5402 185700000000 181100000000
 0.9400   632267 0.9500   640587      1       -1       -1       -1  0 1.90700e+11 1.81100e+11 118.669000 25.765000 73.640000  1 0.6300 87.800000 34.97862 52.83106 32.84927 -34.270 -161.300 -105.500 2.370e+10 3.604e+10 6.479e+10 0.02361 508332 508332 682246 7799 82 508325 508363 25.7651 181130000000 190660000000 133460000000 0 0 50.3913 0 0.0326 0.35183 0.275 27.714 47.7874 -4.94634 0 0 0 0 0 0.5708 195000000000 152500000000
 0.9300   623928 0.9400   632267      1       -1       -1       -1  0 1.90700e+11 1.90700e+11 121.207000 11.092000 77.470000  1 0.6300 104.880000 34.96480 52.80822 32.89342 -28.300 -159.410 -100.000 7.190e+09 5.043e+10 1.129e+11 0.04806 508333 508333 682246 7914 81 508325 508363 11.0917 190660000000 190660000000 190660000000 95330000000 0 8.74959 0 0.04778 0.45561 0.15208 20.83 22.5746 7.47221 0.14907 0 13.2262 17.7176 2.21252 0.4262 275000000000 76260000000
 0.9200   615582 0.9300   623928      1       -1       -1       -1  0 1.90700e+11 1.90700e+11 121.698000 9.677000 82.120000  1 0.6300 108.820000 34.96565 52.82375 32.89742 -29.850 -160.080 -102.400 1.031e+09 4.946e+10 1.103e+11 0.04835 508334 508334 682246 7955 80 508325 508363 9.67723 190660000000 190660000000 190660000000 152530000000 19066000000 3.96174 0 0.04679 0.6842 0.53061 11.3037 17.6162 6.22497 0.72382 0.02412 1.17742 21.5983 -5.17753 0.4403 298200000000 66730000000
 0.9100   607202 0.9200   615582      1       -1       -1       -1  0 1.90700e+11 1.90700e+11 122.187000 9.150000 87.660000  1 0.6300 110.830000 34.96921 52.84356 32.91003 -29.470 -158.670 -101.910 5.250e+08 4.985e+10 1.087e+11 0.04916 508335 508335 682246 7983 79 508325 508363 9.14999 190660000000 190660000000 190660000000 181130000000 9533000000 3.91447 0 0.04645 0.62466 0.38226 13.5558 18.9146 11.0111 0.57292 0.03432 13.8462 17.5637 13.7251 0.461 301800000000 85800000000
 0.9000   598822 0.9100   607202      1       -1       -1       -1  0 1.90700e+11 1.90700e+11 122.675000 7.668000 93.610000  1 0.6300 116.540000 34.97287 52.86372 32.92288 -29.020 -157.270 -101.490 4.337e+08 4.994e+10 1.074e+11 0.05002 508336 508336 682246 7989 78 508325 508363 7.66756 190660000000 190660000000 190660000000 190660000000 0 3.79572 0 0.04618 0.76505 0.36215 18.8396 19.781 2.33571 0.6305 0.24662 14.9598 21.7852 8.48827 0.4827 319300000000 47660000000
 0.8900   590407 0.9000   598822      1       -1       -1       -1  0 1.90700e+11 1.90700e+11 123.162000 5.542000 99.460000  1 0.6300 128.170000 34.97664 52.88425 32.93595 -28.460 -155.900 -101.160 8.726e+08 4.951e+10 1.067e+11 0.05125 508337 508337 682246 8057 77 508325 508363 5.54238 190660000000 190660000000 190660000000 190660000000 0 3.58394 0 0.046 0.63143 0.29785 22.4171 13.5746 -7.1727 0.18373 0 19.3335 12.2881 -5.18647 0.4993 355400000000 19070000000
 0.8800   582025 0.8900   590407      1       -1       -1       -1  0 1.90700e+11 1.90700e+11 123.648000 5.306000 105.300000  1 0.6300 130.440000 34.98053 52.90514 32.94926 -27.850 -148.780 -98.290 1.466e+10 5.883e+10 5.599e+10 0.03589 508338 508338 682246 8014 76 508325 508363 5.30649 190660000000 190660000000 190660000000 190660000000 104860000000 3.34661 0 0.0324 0.44144 0.35407 23.176 7.78332 -11.429 0.05161 0.00115 29.0251 16.9182 -15.5467 0.5306 377400000000 28600000000
 0.8700   573546 0.8800   582025      1       -1       -1       -1  0 1.90700e+11 1.90700e+11 124.132000 5.353000 106.370000  1 0.6300 130.740000 34.98452 52.92641 32.96281 -26.820 -147.090 -96.450 1.430e+10 6.118e+10 5.486e+10 0.03674 508339 508339 682246 7074 75 508325 508363 5.3533 190660000000 190660000000 190660000000 190660000000 95330000000 3.13168 0 0.03287 0.51975 0.38714 25.0577 0.80621 -9.20042 0.40909 0.35075 25.461 -1.28185 -8.28402 0.5317 400200000000 38130000000
 0.8600   565067 0.8700   573546      1       -1       -1       -1  0 1.90700e+11 1.90700e+11 124.614000 5.487000 104.470000  1 0.6300 130.450000 34.98864 52.94806 32.97661 -26.110 -146.800 -94.510 -3.525e+09 5.268e+10 1.247e+11 0.06017 508340 508340 682246 8125 74 508325 508363 5.48731 190660000000 190660000000 190660000000 190660000000 123930000000 3.23553 0 0.05356 0.76381 0.41897 19.321 -5.66618 -8.33605 0.68939 0.36243 19.7667 -5.09302 -9.25256 0.5191 387800000000 28600000000
 0.8500   556626 0.8600   565067      1       -1       -1       -1  0 1.90700e+11 1.90700e+11 125.094000 5.746000 101.770000  1 0.6300 129.360000 34.99287 52.97008 32.99066 -27.510 -145.300 -93.440 -3.358e+09 5.135e+10 1.247e+11 0.05961 508341 508341 682246 8105 73 508325 508363 5.74589 190660000000 190660000000 190660000000 190660000000 95330000000 3.57721 0 0.05356 0.86368 0.42524 14.1355 -14.4867 -7.62378 0.78567 0.30903 11.876 -16.2669 -10.7098 0.5113 376000000000 38130000000
 0.8400   548126 0.8500   556626      1       -1       -1       -1  0 1.90700e+11 1.90700e+11 125.573000 7.456000 95.070000  1 0.6300 120.880000 34.99723 52.99250 33.00497 -31.450 -147.930 -97.240 5.699e+09 4.568e+10 8.652e+10 0.04362 508342 508342 682246 8168 72 508325 508363 7.45562 190660000000 190660000000 190660000000 190660000000 76264000000 4.01425 0 0.03908 0.74539 0.16057 -6.16706 21.035 12.3171 0.67993 0.10693 -9.05284 24.3034 9.62177 0.4756 310600000000 57200000000
 0.8300   539601 0.8400   548126      1       -1       -1       -1  0 1.90700e+11 1.90700e+11 126.050000 24.209000 87.170000  1 0.6300 94.570000 35.02260 53.06188 32.98136 -30.910 -146.100 -96.090 5.622e+09 4.426e+10 8.607e+10 0.02201 508343 508343 682246 8062 71 508325 508363 24.2094 190660000000 190660000000 162060000000 0 0 62.6521 0 0.03882 0.29738 0.18704 -16.6048 -37.3923 40.3169 0 0 0 0 0 0.7487 192500000000 162100000000
 0.8200   531007 0.8300   539601      1       -1       -1       -1  0 1.90700e+11 1.90700e+11 126.524000 10.861000 80.780000  1 0.6300 110.970000 35.01345 53.06229 33.04867 -30.470 -144.320 -94.940 5.257e+09 4.295e+10 8.592e+10 0.04068 508344 508344 682246 7158 70 508325 508363 10.861 190660000000 190660000000 162060000000 162060000000 28599000000 24.9456 0 0.03868 0.66769 0.44997 1.51071 17.5474 15.1529 0.76368 0.28114 -4.21836 17.8118 6.59285 0.4265 249100000000 85800000000
 0.8100   522364 0.8200   531007      1       -1       -1       -1  0 1.84333e+11 1.90700e+11 126.996000 12.933000 76.830000  1 0.6300 107.170000 35.02158 53.07822 33.05671 -30.100 -142.560 -93.810 4.724e+09 4.169e+10 8.579e+10 0.04049 508345 508345 682246 8258 69 508325 508363 12.9333 190660000000 190660000000 171590000000 133460000000 19066000000 15.94 0 0.03856 0.72322 0.38478 2.63821 14.0783 8.82469 0.58817 0.00279 0.06076 10.4302 3.86016 0.4033 237600000000 95330000000
 0.8000   513677 0.8100   522364      1       -1       -1       -1  0 1.77967e+11 1.71600e+11 123.067000 11.959000 75.890000  1 0.6300 105.010000 35.02967 53.10411 33.07259 -32.580 -144.250 -94.970 -3.797e+09 5.526e+10 5.831e+10 0.04122 508346 508346 682246 7233 68 508325 508363 11.9594 171590000000 190660000000 162060000000 123930000000 28599000000 11.2403 0 0.03888 0.36652 0.13432 3.73999 18.8394 4.85868 0.20688 0.02062 2.43114 18.6885 2.96884 0.4042 209200000000 85800000000
 0.7900   505031 0.8000   513677      1       -1       -1       -1  0 1.71600e+11 1.71600e+11 123.519000 9.271000 71.270000  1 0.6300 112.170000 35.03354 53.12305 33.08621 -36.640 -143.300 -90.270 -4.574e+09 3.636e+10 4.347e+10 0.02882 508347 508347 682246 8254 67 508325 508363 9.27147 171590000000 190660000000 152530000000 123930000000 0 3.41459 0 0.02761 0.38534 0.17396 16.0511 25.1767 9.73805 0.25842 0.02502 14.6438 27.2925 11.8332 0.38 235700000000 47660000000
 0.7800   496387 0.7900   505031      1       -1       -1       -1  0 1.68433e+11 1.71600e+11 123.967000 14.785000 68.680000  1 0.6300 101.410000 35.03044 53.13826 33.10308 -27.740 -138.860 -92.790 1.190e+09 2.954e+10 6.333e+10 0.03406 508348 508348 682246 7205 66 508325 508363 14.7852 171590000000 190660000000 133460000000 123930000000 0 8.27217 0 0.03409 0.33852 0.11104 35.042 23.35 9.777 0.21882 0.12415 34.6436 24.9162 9.10526 0.3835 189200000000 104900000000
 0.7700   487712 0.7800   496387      1       -1       -1       -1  0 1.58900e+11 1.62100e+11 122.066000 16.333000 63.970000  1 0.6300 97.720000 35.03451 53.16182 33.11962 -34.810 -135.930 -89.380 4.535e+09 9.608e+09 4.496e+10 0.02481 508349 508349 682246 8314 65 508325 508363 16.3331 162060000000 171590000000 133460000000 104860000000 0 12.3819 4.21 0.0249 0.0796 0 40.2044 28.8269 10.0814 0.47793 0 5.28652 19.3896 -18.8664 0.3583 174300000000 104900000000
 0.7600   479013 0.7700   487712      1       -1       -1       -1  0 1.49367e+11 1.43000e+11 117.495000 11.014000 61.160000  1 0.6300 101.480000 35.06219 53.20342 33.12907 -34.490 -135.500 -89.620 4.920e+09 -2.681e+10 6.401e+10 0.04897 508350 508350 682246 8278 64 508325 508363 11.0144 142990000000 162060000000 114400000000 104860000000 0 8.82005 0 0.04642 0.41894 0.14048 29.9951 5.42586 25.4191 0.75694 0.2922 8.16167 5.26509 29.0392 0.3241 175100000000 57200000000
 0.7500   470286 0.7600   479013      1       -1       -1       -1  0 1.36633e+11 1.43000e+11 117.910000 10.743000 54.790000  1 0.6300 102.650000 35.07106 53.23134 33.14663 -39.200 -134.070 -86.290 -2.122e+10 -8.215e+08 3.649e+10 0.03040 508351 508351 682246 8343 63 508325 508363 10.7431 142990000000 142990000000 114400000000 104860000000 0 11.188 1.73 0.02831 0.35636 0.23821 29.0247 2.62627 27.2329 0.72675 0.57369 32.2442 -2.32352 13.3398 0.2677 171700000000 47660000000
 0.7400   461475 0.7500   470286      1       -1       -1       -1  0 1.30267e+11 1.23900e+11 112.810000 11.530000 53.970000  1 0.6300 95.830000 35.07979 53.25956 33.16460 -38.220 -131.220 -84.930 -3.801e+09 -9.919e+09 3.698e+10 0.03532 508352 508352 682246 8326 62 508325 508363 11.5296 123930000000 133460000000 114400000000 95330000000 0 9.54288 0 0.03291 0.15581 0.01632 38.4943 -0.84317 25.4224 0.34393 0.1015 20.5851 -1.46377 23.688 0.2775 149500000000 47660000000
 0.7300   452650 0.7400   461475      1       -1       -1       -1  0 1.23900e+11 1.23900e+11 113.200000 13.371000 51.770000  1 0.6300 93.410000 35.08843 53.28805 33.18296 -41.510 -134.100 -85.880 -6.200e+09 -6.870e+09 3.203e+10 0.03017 508353 508353 682246 7292 61 508325 508363 13.3708 123930000000 133460000000 114400000000 85797000000 0 8.76062 7.48 0.02867 0.31953 0.00951 25.6573 -2.63719 14.4151 0.37625 0.01044 21.5885 -1.28271 14.2232 0.2713 147100000000 76260000000
 0.7200   443810 0.7300   452650      1       -1       -1       -1  0 1.23900e+11 1.23900e+11 113.587000 11.334000 51.740000  1 0.6300 97.340000 35.10968 53.31850 33.20286 -40.210 -131.100 -84.500 -4.472e+09 -6.123e+09 2.370e+10 0.02201 508354 508354 682246 8441 60 508325 508363 11.3339 123930000000 123930000000 104860000000 95330000000 9533000000 17.7448 7.22 0.0215 0.84655 0.1736 19.4508 -7.64561 14.2132 0.526 0.0087 -11.6753 16.3929 6.02474 0.2811 148200000000 47660000000
 0.7100   434902 0.7200   443810      1       -1       -1       -1  0 1.23900e+11 1.14400e+11 110.970000 11.922000 48.560000  1 0.6300 93.750000 35.12502 53.34389 33.22481 -39.890 -125.410 -84.090 1.988e+10 -2.427e+10 3.318e+10 0.04928 508355 508355 682246 7454 59 508325 508363 11.9215 114400000000 133460000000 95330000000 95330000000 0 12.3097 0 0.04533 0.76149 0.13331 25.4979 -22.5587 4.3222 0.32969 0.07122 23.1959 -10.1486 23.6771 0.2236 135600000000 57200000000
 0.7000   425927 0.7100   434902      1       -1       -1       -1  0 1.23900e+11 1.14400e+11 111.341000 10.556000 51.410000  1 0.6300 96.910000 35.12144 53.37656 33.23869 -38.410 -123.290 -82.770 2.056e+10 -2.507e+10 3.178e+10 0.04881 508356 508356 682246 8550 58 508325 508363 10.556 114400000000 123930000000 104860000000 95330000000 19066000000 5.91509 0 0.04531 0.75074 0.14015 18.6118 1.47169 24.6853 0.28338 0.02002 22.8262 -14.5882 23.4938 0.2455 142800000000 38130000000
 0.6900   416931 0.7000   425927      1       -1       -1       -1  0 1.23900e+11 1.23900e+11 114.729000 12.034000 53.050000  1 0.6300 97.850000 35.12818 53.40419 33.25945 -32.010 -119.930 -78.610 2.851e+10 -3.401e+10 2.155e+10 0.04655 508357 508357 682246 8555 57 508325 508363 12.0343 123930000000 123930000000 104860000000 85797000000 0 10.6174 0 0.04333 0.52557 0.09386 24.2546 -2.19209 20.6964 0.21533 0 26.5821 -2.6122 24.7691 0.2426 138600000000 47660000000
 0.6800   407917 0.6900   416931      1       -1       -1       -1  0 1.23900e+11 1.23900e+11 115.103000 11.875000 54.480000  1 0.6300 98.770000 35.13806 53.43281 33.28269 -30.400 -117.770 -77.150 2.874e+10 -3.417e+10 2.122e+10 0.04845 508358 508358 682246 8545 56 508325 508363 11.8751 123930000000 123930000000 114400000000 95330000000 0 7.40181 0 0.04367 0.45372 0.14457 26.0126 2.21245 18.8553 0.84891 0.33678 24.0849 3.23927 24.7112 0.2392 139200000000 66730000000
 0.6700   398921 0.6800   407917      1       -1       -1       -1  0 1.20733e+11 1.23900e+11 115.474000 40.383000 50.930000  1 0.6300 83.590000 35.08046 53.43228 33.30262 -29.680 -127.040 -82.200 -2.822e+10 -1.917e+10 7.046e+10 0.05616 508359 508359 682246 8544 55 508325 508363 40.3831 123930000000 123930000000 57198000000 0 0 55.1681 6.62 0.06955 0.5668 0.33249 64.8797 17.7626 7.06542 0 0 0 0 0 0.3537 123100000000 152500000000
 0.6600   390007 0.6700   398921      1       -1       -1       -1  0 1.11210e+11 1.14400e+11 112.791000 5.998000 62.010000  1 0.6300 114.880000 35.15794 53.49126 33.32186 -23.980 -113.120 -77.880 7.706e+09 -3.983e+10 6.436e+08 0.05180 508360 508360 682246 8617 54 508325 508363 5.99824 114400000000 123930000000 114400000000 104860000000 38132000000 6.18773 0 0.04144 0.35962 0.03646 23.5797 5.14722 9.8173 0.28238 0.01545 15.4038 7.85081 5.034 0.2479 195400000000 9533000000
 0.6500   380980 0.6600   390007      1       -1       -1       -1  0 1.04900e+11 9.53300e+10 106.473000 18.055000 76.420000  1 0.6300 83.790000 35.09817 53.48546 33.33643 -21.550 -120.320 -81.010 -2.503e+09 1.524e+10 -1.271e+10 0.01203 508361 508361 682246 7528 53 508325 508363 18.0545 95330000000 104860000000 85797000000 0 0 48.4331 0 0.02785 0.01728 0 61.7234 39.9102 -2.07043 0 0 0 0 0 0.824 107600000000 57200000000
 0.6400   371911 0.6500   380980      1       -1       -1       -1  0 1.04900e+11 1.04900e+11 110.249000 22.161000 83.790000  1 0.6300 84.850000 35.10432 53.51546 33.35588 -15.210 -115.870 -73.930 -3.470e+09 1.646e+10 -1.985e+09 0.00560 508362 508362 682246 7529 52 508325 508363 22.161 104860000000 104860000000 95330000000 0 0 53.8856 6.69 0.02025 0.07787 0.03186 46.2165 27.5698 7.26305 0 0 0 0 0 0.9303 104800000000 85800000000
 0.6300   362814 0.6400   371911      0       -1       -1       -1  0 1.04900e+11 1.04900e+11 110.585000 29.092000 68.280000  1 0.6300 82.740000 35.11062 53.54590 33.37562 -22.540 -113.230 -75.830 2.780e+09 6.768e+09 -1.151e+10 0.00943 508363 508363 682246 8675 51 508325 508363 29.0919 104860000000 104860000000 85797000000 9533000000 0 55.3584 0 0.01641 0.11784 0.03895 34.757 19.9342 7.05516 0 0 0 0 0 0.6759 105300000000 104900000000
