 1.0000   677302 0.0000       -1      1       -1       -1       -1  0 2.47900e+11 2.28800e+11 125.126000 17.796000 80.460000  1 0.4900 99.490000 18.37807 57.92485 32.69392 -239.240 -194.360 -185.610 2.230e+10 1.296e+11 2.344e+11 0.06603 448276 448276 677302 2817 88 448275 448327 17.7956 228790000000 247860000000 228790000000 114400000000 0 5.47037 0 0.07485 0.55544 0.31604 -5.07753 4.60585 31.631 0.10806 0.01482 16.8021 0.15096 30.1041 0.5054 288000000000 143000000000
 0.9900   669149 1.0000   677302      1       -1       -1       -1  0 2.47900e+11 2.38300e+11 127.375000 23.057000 78.420000  1 0.4900 97.150000 18.39844 57.94413 32.71910 -239.230 -193.580 -184.700 3.884e+10 1.536e+11 1.694e+11 0.05450 448277 448277 677302 2800 87 448275 448327 23.057 238320000000 247860000000 209730000000 114400000000 0 12.9931 0 0.06053 0.53289 0.37013 -16.7566 -1.66507 36.4598 0.75008 0.14382 -13.039 17.2316 29.0089 0.4754 271300000000 190700000000
 0.9800   660778 0.9900   669149      1       -1       -1       -1  0 2.47900e+11 2.47900e+11 129.592000 26.140000 77.410000  1 0.4900 97.190000 18.41448 57.95826 32.73005 -236.860 -190.000 -180.210 -8.545e+09 1.727e+11 1.479e+11 0.05169 448278 448278 677302 2819 86 448275 448327 26.1401 247860000000 247860000000 181130000000 123930000000 0 12.0298 0 0.05579 0.44547 0.26102 -21.7541 -2.99393 31.5074 0.63752 0.5147 -15.5346 1.1592 30.6825 0.4455 261400000000 209700000000
 0.9700   652444 0.9800   660778      1       -1       -1       -1  0 2.47900e+11 2.47900e+11 130.132000 24.252000 78.710000  1 0.4900 98.590000 18.43302 57.97614 32.75849 -231.000 -188.530 -174.640 -1.523e+10 2.003e+11 3.058e+11 0.08193 448279 448279 677302 2852 85 448275 448327 24.2523 247860000000 247860000000 171590000000 123930000000 0 12.5175 0 0.08998 0.49505 0.1475 -23.6438 2.47174 34.7854 0.4281 0.07548 -19.254 5.20647 30.0371 0.4598 261400000000 181100000000
 0.9600   644128 0.9700   652444      1       -1       -1       -1  0 2.47900e+11 2.47900e+11 130.671000 25.689000 79.430000  1 0.4900 98.140000 18.46746 57.99059 32.77578 -231.570 -185.330 -174.900 -9.580e+09 1.722e+11 1.433e+11 0.05093 448280 448280 677302 1804 84 448275 448327 25.6888 247860000000 247860000000 181130000000 133460000000 19066000000 14.8681 0 0.05531 0.48084 0.07012 -14.3443 0.57815 26.4425 0.37739 0.02274 -11.2954 0.71878 19.0531 0.4574 263200000000 219300000000
 0.9500   635827 0.9600   644128      1       -1       -1       -1  0 2.41533e+11 2.47900e+11 131.210000 18.725000 82.120000  1 0.4900 103.690000 18.49943 58.01403 32.79017 -228.450 -181.880 -174.770 -6.147e+09 1.697e+11 1.410e+11 0.05278 448281 448281 677302 2858 83 448275 448327 18.725 247860000000 247860000000 190660000000 114400000000 28599000000 7.72246 2.79 0.05462 0.47568 0.09538 -1.87135 -5.32202 16.4525 0.20383 0.02311 -4.13166 -2.91958 14.8857 0.4486 257200000000 143000000000
 0.9400   627535 0.9500   635827      1       -1       -1       -1  0 2.35167e+11 2.28800e+11 128.279000 32.281000 84.730000  1 0.4900 93.320000 18.52974 58.01247 32.77730 -227.530 -177.270 -174.590 -1.279e+10 9.229e+10 8.490e+10 0.02763 448282 448282 677302 770 82 448275 448327 32.2808 228790000000 257390000000 142990000000 95330000000 0 40.549 0 0.03576 0.39946 0.32713 -10.4131 33.3352 15.4462 0.35931 0.00764 7.36907 29.9209 5.53321 0.5862 238100000000 228800000000
 0.9300   619222 0.9400   627535      1       -1       -1       -1  0 2.28800e+11 2.28800e+11 128.802000 9.554000 92.940000  1 0.4900 117.250000 18.55233 58.05708 32.82983 -221.600 -178.150 -170.280 1.375e+10 1.682e+11 1.610e+11 0.06475 448283 448283 677302 3878 81 448275 448327 9.55356 228790000000 247860000000 200190000000 133460000000 95330000000 11.0711 0 0.0664 0.76417 0.42576 -0.06134 -12.3275 21.4462 0.52383 0.37907 3.48263 -13.4312 16.3593 0.5119 277800000000 104900000000
 0.9200   610889 0.9300   619222      1       -1       -1       -1  0 2.28800e+11 2.28800e+11 129.323000 8.476000 97.470000  1 0.4900 121.440000 18.57941 58.07909 32.84999 -219.050 -175.710 -167.290 1.379e+10 1.666e+11 1.591e+11 0.06567 448284 448284 677302 2884 80 448275 448327 8.47572 228790000000 247860000000 200190000000 133460000000 104860000000 11.0005 0 0.0659 0.80989 0.45883 6.13518 -9.13538 13.9306 0.59709 0.41899 5.50692 -9.73038 11.9801 0.5247 297700000000 95330000000
 0.9100   602535 0.9200   610889      1       -1       -1       -1  0 2.22433e+11 2.28800e+11 129.843000 9.954000 98.460000  1 0.4900 117.090000 18.59288 58.10536 32.87655 -217.750 -174.020 -161.410 6.921e+09 1.858e+11 3.155e+11 0.10243 448285 448285 677302 2886 79 448275 448327 9.95435 228790000000 238320000000 190660000000 152530000000 95330000000 4.62669 0 0.10496 0.439 0.3668 -4.61481 -6.8311 13.8798 0.49364 0.32966 -3.91921 -7.22939 10.9581 0.5406 292200000000 104900000000
 0.9000   594182 0.9100   602535      1       -1       -1       -1  0 2.19300e+11 2.09700e+11 126.635000 7.332000 96.600000  1 0.4900 122.800000 18.63488 58.12411 32.89097 -216.650 -164.530 -162.520 -2.706e+10 9.336e+10 1.696e+11 0.07049 448286 448286 677302 2903 78 448275 448327 7.33241 209730000000 247860000000 190660000000 152530000000 114400000000 7.72413 0 0.06499 0.63994 0.56967 3.79017 -12.3313 14.9212 0.57448 0.37475 -4.87621 15.0662 -8.56988 0.4893 313400000000 76260000000
 0.8900   585782 0.9000   594182      1       -1       -1       -1  0 2.19300e+11 2.09700e+11 127.138000 8.487000 96.960000  1 0.4900 118.660000 18.66327 58.14712 32.91179 -214.890 -168.150 -159.010 -1.751e+10 7.811e+10 4.140e+10 0.03207 448287 448287 677302 2907 77 448275 448327 8.48678 209730000000 238320000000 190660000000 162060000000 85797000000 9.10369 0 0.03008 0.64359 0.59531 -0.01608 -8.82211 18.3793 0.62688 0.48479 -0.34182 -9.48634 18.7649 0.4982 304600000000 85800000000
 0.8800   577403 0.8900   585782      1       -1       -1       -1  0 2.19300e+11 2.09700e+11 127.639000 9.766000 95.820000  1 0.4900 115.030000 18.69211 58.17048 32.93283 -212.320 -165.570 -156.250 -1.880e+10 7.661e+10 4.261e+10 0.03154 448288 448288 677302 3918 76 448275 448327 9.76642 209730000000 238320000000 190660000000 162060000000 76264000000 8.89091 0 0.03003 0.6049 0.43165 2.17868 -6.08328 15.7471 0.59341 0.39461 -0.77806 -4.55296 16.2196 0.4996 295200000000 104900000000
 0.8700   568946 0.8800   577403      1       -1       -1       -1  0 2.19300e+11 2.09700e+11 128.139000 10.551000 91.730000  1 0.4900 113.410000 18.72141 58.19418 32.95411 -209.750 -162.970 -153.500 -2.029e+10 7.513e+10 4.352e+10 0.03165 448289 448289 677302 2922 75 448275 448327 10.5509 209730000000 228790000000 200190000000 162060000000 38132000000 8.69235 0 0.02998 0.72062 0.31123 0.38917 -9.67339 19.7959 0.76865 0.22388 -5.06002 -5.30306 19.4614 0.4753 290200000000 95330000000
 0.8600   560485 0.8700   568946      1       -1       -1       -1  0 2.19300e+11 2.09700e+11 128.636000 10.075000 87.300000  1 0.4900 115.240000 18.74541 58.20776 33.00233 -203.220 -157.530 -153.110 -9.147e+09 7.656e+10 8.535e+10 0.03903 448290 448290 677302 2929 74 448275 448327 10.0748 209730000000 219260000000 209730000000 142990000000 47665000000 21.3923 0 0.03882 0.71748 0.25678 -2.46495 -16.0251 24.1552 0.61021 0.20313 21.9538 -11.2924 1.52841 0.4764 257500000000 104900000000
 0.8500   552049 0.8600   560485      1       -1       -1       -1  0 2.19300e+11 2.09700e+11 129.132000 11.743000 81.580000  1 0.4900 111.630000 18.77535 58.23520 33.02205 -204.620 -157.700 -147.980 -2.316e+10 7.191e+10 4.397e+10 0.03058 448291 448291 677302 2897 73 448275 448327 11.743 209730000000 219260000000 200190000000 133460000000 38132000000 21.4204 0 0.02962 0.65169 0.30446 -9.57125 -15.3312 22.9095 0.70031 0.18724 16.4888 1.49801 -12.6737 0.4287 244600000000 114400000000
 0.8400   543538 0.8500   552049      1       -1       -1       -1  0 2.19300e+11 2.19300e+11 131.561000 20.304000 77.740000  1 0.4900 102.150000 18.80321 58.25077 33.05606 -199.320 -153.930 -145.960 -2.304e+10 1.026e+11 9.731e+10 0.04438 448292 448292 677302 2947 72 448275 448327 20.3041 219260000000 219260000000 152530000000 114400000000 38132000000 31.137 0 0.04526 0.51283 0.09524 -10.0539 -20.1015 27.1353 0.78706 0.17296 6.92433 13.5332 -17.0209 0.4242 218500000000 133500000000
 0.8300   535026 0.8400   543538      1       -1       -1       -1  0 2.19300e+11 2.19300e+11 132.061000 21.227000 74.140000  1 0.4900 101.860000 18.83486 58.27719 33.07746 -194.660 -149.820 -145.460 6.484e+10 1.030e+11 6.882e+10 0.04530 448293 448293 677302 821 71 448275 448327 21.2267 219260000000 219260000000 152530000000 104860000000 47665000000 22.9002 0 0.04436 0.62703 0.31489 -7.00834 -11.7982 16.0342 0.41106 0.12455 14.0257 -3.58143 -2.52419 0.3761 222300000000 133500000000
 0.8200   526448 0.8300   535026      1       -1       -1       -1  0 2.16100e+11 2.19300e+11 132.558000 17.917000 74.280000  1 0.4900 105.490000 18.86817 58.31222 33.09606 -192.340 -148.060 -142.340 6.485e+10 1.031e+11 6.951e+10 0.04443 448294 448294 677302 2934 70 448275 448327 17.9165 219260000000 219260000000 162060000000 95330000000 57198000000 19.5533 0 0.04466 0.36334 0.22851 0.26801 23.9251 -17.2864 0.1876 0.08301 -7.05452 19.8795 -14.0804 0.3884 214400000000 114400000000
 0.8100   517803 0.8200   526448      1       -1       -1       -1  0 2.12900e+11 2.09700e+11 131.096000 24.442000 72.640000  1 0.4900 98.870000 18.91039 58.32489 33.11119 -192.480 -146.200 -139.060 6.086e+10 7.595e+10 2.424e+10 0.03354 448295 448295 677302 2953 69 448275 448327 24.4418 209730000000 219260000000 190660000000 95330000000 38132000000 13.1669 0 0.03455 0.31505 0.11268 -0.76989 -11.5119 24.6954 0.19903 0.06618 2.1018 -6.89186 20.1237 0.3949 217000000000 162100000000
 0.8000   509131 0.8100   517803      1       -1       -1       -1  0 2.09700e+11 2.09700e+11 131.581000 27.117000 69.370000  1 0.4900 97.920000 18.94424 58.34845 33.13696 -190.010 -143.890 -136.190 5.907e+10 7.630e+10 2.388e+10 0.03391 448296 448296 677302 2981 68 448275 448327 27.1166 209730000000 209730000000 181130000000 95330000000 38132000000 15.8322 0 0.03439 0.5274 0.31822 -8.26981 -9.15886 27.135 0.74942 0.07143 15.2708 0.89741 1.61132 0.3657 216800000000 181100000000
 0.7900   500497 0.8000   509131      1       -1       -1       -1  0 2.03367e+11 2.09700e+11 132.063000 38.061000 65.060000  1 0.4900 94.850000 18.97854 58.37246 33.16277 -185.040 -141.220 -137.360 7.253e+10 1.264e+11 7.320e+10 0.05708 448297 448297 677302 2975 67 448275 448327 38.0608 209730000000 219260000000 171590000000 95330000000 9533000000 10.6732 0 0.05667 0.7873 0.34232 -9.80072 -5.03728 15.061 0.73612 0.31863 10.8888 -0.74242 0.02821 0.3228 199500000000 219300000000
 0.7800   491853 0.7900   500497      1       -1       -1       -1  0 1.93833e+11 1.90700e+11 128.398000 22.125000 62.840000  1 0.4900 98.250000 19.01423 58.39102 33.19118 -190.300 -142.020 -140.670 3.141e+10 1.697e+11 4.100e+10 0.07621 448298 448298 677302 2979 66 448275 448327 22.1251 190660000000 219260000000 142990000000 95330000000 9533000000 17.162 4.99 0.07261 0.85094 0.3418 18.3551 1.36435 -14.8863 0.29976 0 7.1252 3.38642 11.4556 0.2961 183800000000 133500000000
 0.7700   483167 0.7800   491853      1       -1       -1       -1  0 1.90700e+11 1.81100e+11 126.676000 10.092000 65.230000  1 0.4900 113.580000 19.03608 58.41756 33.23261 -188.440 -139.250 -136.920 4.290e+10 1.591e+11 5.150e+10 0.08701 448299 448299 677302 2995 65 448275 448327 10.092 181130000000 181130000000 133460000000 123930000000 38132000000 14.3054 5.17 0.07733 0.87273 0.49841 -4.32979 -1.03907 14.1668 0.57718 0.16294 6.31516 3.94969 13.3965 0.2861 208400000000 85800000000
 0.7600   474469 0.7700   483167      1       -1       -1       -1  0 1.90700e+11 1.81100e+11 127.128000 14.119000 64.200000  1 0.4900 105.780000 19.08015 58.44182 33.24405 -185.790 -137.590 -133.210 8.923e+09 1.528e+11 1.110e+11 0.09399 448300 448300 677302 3016 64 448275 448327 14.1185 181130000000 200190000000 142990000000 123930000000 9533000000 11.3995 0.88 0.08509 0.49763 0.07397 7.84082 8.87759 19.5894 0.06333 0.03357 11.4204 10.0235 13.4612 0.2825 196400000000 95330000000
 0.7500   465742 0.7600   474469      1       -1       -1       -1  0 1.90700e+11 1.90700e+11 129.776000 16.524000 66.140000  1 0.4900 105.160000 19.11579 58.47052 33.26369 -182.330 -135.750 -129.910 -1.976e+10 1.339e+11 9.150e+10 0.07319 448301 448301 677302 3031 63 448275 448327 16.524 190660000000 209730000000 152530000000 133460000000 9533000000 8.47146 3.22 0.06783 0.58833 0.2422 -15.5423 -1.25225 31.4171 0.49038 0.16548 4.36467 16.7674 22.4418 0.2944 195500000000 114400000000
 0.7400   456943 0.7500   465742      1       -1       -1       -1  0 1.90700e+11 1.90700e+11 130.230000 13.711000 69.220000  1 0.4900 109.920000 19.15718 58.49918 33.29267 -179.380 -133.750 -128.940 -1.776e+10 1.292e+11 9.152e+10 0.07285 448302 448302 677302 3007 62 448275 448327 13.7112 190660000000 200190000000 142990000000 142990000000 19066000000 8.4424 3.1 0.06646 0.29533 0.17001 -26.001 -1.17806 32.8692 0.27566 0.03377 -26.0117 -0.54164 28.8359 0.3054 215500000000 104900000000
 0.7300   448112 0.7400   456943      1       -1       -1       -1  0 1.90700e+11 1.90700e+11 130.680000 12.843000 73.650000  1 0.4900 112.170000 19.19538 58.52669 33.32261 -176.160 -134.740 -123.220 -1.738e+09 8.699e+10 2.660e+10 0.04221 448303 448303 677302 3031 61 448275 448327 12.843 190660000000 190660000000 142990000000 142990000000 38132000000 9.01003 0 0.03815 0.37659 0.26501 -15.3626 -1.28808 15.9399 0.26377 0.13185 13.984 -3.227 -13.2465 0.324 210200000000 104900000000
 0.7200   439252 0.7300   448112      1       -1       -1       -1  0 1.90700e+11 1.90700e+11 131.126000 13.462000 72.070000  1 0.4900 111.660000 19.23307 58.55497 33.35015 -168.170 -135.500 -117.500 9.899e+09 5.400e+10 3.374e+10 0.03137 448304 448304 677302 3069 60 448275 448327 13.4616 190660000000 190660000000 190660000000 142990000000 57198000000 7.3437 0 0.02716 0.78814 0.25892 -9.49885 -10.3828 17.3456 0.70216 0.06075 -14.9512 -8.36015 17.1133 0.2944 206500000000 104900000000
 0.7100   430332 0.7200   439252      1       -1       -1       -1  0 1.90700e+11 1.90700e+11 131.570000 11.187000 72.180000  1 0.4900 117.220000 19.27253 58.58581 33.37658 -165.460 -133.710 -114.100 9.418e+09 5.398e+10 3.290e+10 0.03172 448305 448305 677302 3092 59 448275 448327 11.1866 190660000000 190660000000 181130000000 123930000000 47665000000 8.96377 0 0.02708 0.64282 0.34923 -4.70837 -13.3269 15.7722 0.64583 0.24066 8.0676 14.1637 -11.0427 0.2881 218800000000 95330000000
 0.7000   421363 0.7100   430332      1       -1       -1       -1  0 1.90700e+11 1.90700e+11 132.009000 9.525000 75.670000  1 0.4900 122.720000 19.31077 58.61104 33.40932 -162.770 -131.790 -110.740 9.581e+09 5.381e+10 3.248e+10 0.03272 448306 448306 677302 3106 58 448275 448327 9.52508 190660000000 190660000000 181130000000 133460000000 85797000000 13.188 0 0.02709 0.70997 0.22744 -1.12172 -6.85801 16.9405 0.56155 0.04282 2.67858 -2.87855 15.0228 0.2945 236400000000 85800000000
 0.6900   412371 0.7000   421363      1       -1       -1       -1  0 1.90700e+11 1.90700e+11 132.445000 8.280000 75.790000  1 0.4900 128.080000 19.35343 58.63836 33.44164 -160.060 -129.800 -107.410 9.924e+09 5.337e+10 3.210e+10 0.03299 448307 448307 677302 3102 57 448275 448327 8.27956 190660000000 190660000000 171590000000 123930000000 104860000000 21.4192 0 0.02702 0.74052 0.54813 -9.07934 -7.79146 16.4681 0.76985 0.42601 -8.14483 -0.59488 17.042 0.2905 264900000000 66730000000
 0.6800   403355 0.6900   412371      1       -1       -1       -1  0 1.90700e+11 1.90700e+11 132.877000 7.705000 72.680000  1 0.4900 131.450000 19.38208 58.67676 33.46025 -158.330 -129.160 -107.580 1.299e+10 5.373e+10 3.052e+10 0.03351 448308 448308 677302 3139 56 448275 448327 7.70461 190660000000 190660000000 171590000000 142990000000 104860000000 7.4279 3.85 0.0272 0.92038 0.73217 -14.6543 -13.9093 12.4313 0.8653 0.77266 -6.79157 -9.57046 18.2947 0.2701 263500000000 38130000000
 0.6700   394367 0.6800   403355      1       -1       -1       -1  0 1.87500e+11 1.90700e+11 133.305000 7.723000 72.050000  1 0.4900 132.240000 19.42936 58.70765 33.48634 -155.380 -127.140 -104.050 -2.049e+10 7.071e+10 7.654e+10 0.05777 448309 448309 677302 2068 55 448275 448327 7.72316 190660000000 190660000000 171590000000 142990000000 95330000000 6.52224 3.25 0.04602 0.84046 0.58609 19.6917 5.36627 -2.26251 0.84886 0.71515 -10.3803 13.5881 -4.88979 0.2568 257300000000 38130000000
 0.6600   385418 0.6700   394367      1       -1       -1       -1  0 1.87500e+11 1.81100e+11 131.461000 6.112000 76.350000  1 0.4900 139.090000 19.47816 58.73877 33.51727 -152.480 -125.040 -100.560 -1.406e+10 3.162e+10 4.602e+10 0.03522 448310 448310 677302 4275 54 448275 448327 6.11238 181130000000 181130000000 171590000000 133460000000 114400000000 17.5285 0 0.02734 0.57046 0.35076 19.0355 -10.8612 -3.30952 0.64362 0.40225 16.8889 -7.15858 -3.81176 0.2739 286400000000 38130000000
 0.6500   376374 0.6600   385418      1       -1       -1       -1  0 1.87500e+11 1.81100e+11 131.873000 5.933000 74.370000  1 0.4900 141.280000 19.51910 58.77437 33.54100 -149.610 -122.860 -97.110 -1.369e+10 3.231e+10 4.507e+10 0.03545 448311 448311 677302 8566 53 448275 448327 5.93326 181130000000 190660000000 162060000000 114400000000 104860000000 16.7287 0 0.02729 0.76368 0.43362 17.9511 -1.93072 2.44184 0.73423 0.34069 14.9981 -1.08058 4.16621 0.2608 281900000000 66730000000
 0.6400   367297 0.6500   376374      1       -1       -1       -1  0 1.87500e+11 1.90700e+11 134.561000 9.881000 69.060000  1 0.4900 126.550000 19.55491 58.81436 33.56334 -145.770 -118.580 -96.930 1.884e+09 1.197e+10 3.552e+10 0.01998 448312 448312 677302 8546 52 448275 448327 9.88112 190660000000 190660000000 181130000000 133460000000 95330000000 12.8174 0 0.01656 0.76762 0.50455 5.93849 -6.80281 17.5342 0.80341 0.50612 -2.91911 -1.88254 16.6593 0.2535 221900000000 85800000000
 0.6300   358180 0.6400   367297      1       -1       -1       -1  0 1.81167e+11 1.90700e+11 134.971000 10.855000 61.940000  1 0.4900 124.520000 19.59763 58.85094 33.58724 -142.890 -116.090 -93.960 2.622e+09 1.233e+10 3.441e+10 0.01884 448313 448313 677302 4311 51 448275 448327 10.8549 190660000000 190660000000 142990000000 123930000000 85797000000 14.367 0 0.01627 0.65895 0.59136 15.7063 3.07497 13.61 0.9674 0.53089 6.56976 11.4632 14.3151 0.23 212200000000 95330000000
 0.6200   349086 0.6300   358180      1       -1       -1       -1  0 1.74800e+11 1.62100e+11 128.237000 12.500000 58.810000  1 0.4900 113.490000 19.64091 58.88789 33.61116 -144.030 -116.930 -90.270 2.601e+10 2.591e+10 6.597e+10 0.05178 448314 448314 677302 4308 50 448275 448327 12.4996 162060000000 181130000000 142990000000 133460000000 9533000000 7.31874 0 0.04425 0.71512 0.5036 22.859 12.746 12.4295 0.7285 0.44349 12.188 19.6111 8.87638 0.2187 179300000000 76260000000
 0.6100   339959 0.6200   349086      1       -1       -1       -1  0 1.62067e+11 1.71600e+11 131.090000 16.593000 55.010000  1 0.4900 110.190000 19.69364 58.91795 33.63368 -140.440 -114.320 -87.880 2.072e+10 2.850e+10 6.408e+10 0.04428 448315 448315 677302 4311 49 448275 448327 16.5931 171590000000 171590000000 133460000000 123930000000 19066000000 17.6589 0.35 0.03922 0.43345 0.20362 36.6117 8.30095 10.9069 0.24687 0.03882 32.3092 12.1085 4.2475 0.2026 174000000000 104900000000
 0.6000   330813 0.6100   339959      1       -1       -1       -1  0 1.58867e+11 1.52500e+11 126.409000 18.718000 53.170000  1 0.4900 103.590000 19.69906 58.93962 33.65856 -135.750 -111.660 -83.750 1.529e+10 3.026e+10 6.996e+10 0.05467 448316 448316 677302 5355 48 448275 448327 18.7184 152530000000 152530000000 152530000000 76264000000 0 28.5359 0 0.05109 0.7358 0.1479 40.6841 5.74628 -1.90876 0.44999 0.08484 33.0099 0.66867 -3.23212 0.2183 160100000000 76260000000
 0.5900   321634 0.6000   330813      1       -1       -1       -1  0 1.52500e+11 1.52500e+11 126.770000 14.003000 50.090000  1 0.4900 110.450000 19.77294 58.98875 33.68981 -132.430 -108.580 -81.980 1.515e+10 3.044e+10 6.862e+10 0.05665 448317 448317 677302 4384 47 448275 448327 14.0031 152530000000 162060000000 142990000000 123930000000 0 9.26685 0 0.05068 0.55586 0.21053 30.5689 -19.5503 -13.4004 0.26683 0.15871 25.9617 -13.0884 -13.8434 0.1844 166200000000 66730000000
 0.5800   312386 0.5900   321634      1       -1       -1       -1  0 1.52500e+11 1.52500e+11 127.126000 16.541000 49.470000  1 0.4900 107.610000 19.80667 59.02932 33.70848 -124.930 -108.710 -79.640 1.468e+10 2.869e+10 6.722e+10 0.05389 448318 448318 677302 4366 46 448275 448327 16.5414 152530000000 152530000000 152530000000 104860000000 0 5.23043 5.47 0.04969 0.18734 0.0628 31.337 -1.96532 -9.45886 0.69758 0.11195 22.8736 -9.8959 -10.7433 0.1905 161300000000 95330000000
 0.5700   303162 0.5800   312386      1       -1       -1       -1  0 1.49333e+11 1.52500e+11 127.476000 22.563000 47.460000  1 0.4900 102.740000 19.84718 59.06340 33.73973 -121.880 -108.470 -70.270 1.110e+10 1.251e+10 2.619e+10 0.02267 448319 448319 677302 4381 45 448275 448327 22.5632 152530000000 152530000000 152530000000 95330000000 0 7.02603 6.18 0.02086 0.85655 0.32208 37.5407 -2.7598 2.35813 0.61993 0.12649 29.9967 -11.5041 -0.95974 0.1729 148400000000 104900000000
 0.5600   293906 0.5700   303162      1       -1       -1       -1  0 1.46167e+11 1.43000e+11 125.100000 16.356000 46.430000  1 0.4900 106.790000 19.89099 59.10219 33.76503 -119.290 -105.360 -70.800 5.475e+09 3.631e+10 3.486e+10 0.04262 448320 448320 677302 4393 44 448275 448327 16.3562 142990000000 142990000000 133460000000 85797000000 0 0.0012 1.69 0.03814 0.12203 0 14.0063 -10.7139 19.9314 0.36595 0.01212 26.6211 -12.6255 15.3176 0.1545 151500000000 76260000000
 0.5500   284651 0.5600   293906      1       -1       -1       -1  0 1.46167e+11 1.33500e+11 122.580000 15.990000 45.120000  1 0.4900 105.220000 19.94540 59.14137 33.78738 -116.590 -102.890 -69.460 -4.349e+09 3.128e+10 3.102e+10 0.04287 448321 448321 677302 4362 43 448275 448327 15.9904 133460000000 133460000000 133460000000 104860000000 0 10.2458 0 0.0377 0.60671 0.23882 22.6442 -22.1966 27.3836 0.09581 0.04805 30.1895 -22.4395 2.82269 0.1461 148000000000 76260000000
 0.5400   275425 0.5500   284651      1       -1       -1       -1  0 1.46167e+11 1.33500e+11 122.899000 13.957000 45.490000  1 0.4900 109.050000 19.99011 59.17801 33.81558 -113.520 -100.570 -67.970 -4.863e+09 3.063e+10 3.102e+10 0.04384 448322 448322 677302 4376 42 448275 448327 13.9567 133460000000 133460000000 133460000000 104860000000 0 8.26461 0 0.03765 0.69925 0.53814 9.71282 -19.4104 30.6578 0.19085 0 -25.2936 34.6252 -5.01203 0.1403 153800000000 76260000000
 0.5300   266177 0.5400   275425      1       -1       -1       -1  0 1.46167e+11 1.43000e+11 126.078000 12.872000 46.660000  1 0.4900 115.090000 20.02602 59.21973 33.84290 -109.350 -95.760 -63.260 7.212e+09 3.539e+10 3.377e+10 0.04516 448323 448323 677302 4354 41 448275 448327 12.8723 142990000000 142990000000 133460000000 133460000000 9533000000 0.00136 2.45 0.03814 0.67494 0.30395 11.2118 -25.2365 25.6756 0.25226 0.00886 -18.5438 47.3699 1.03297 0.1346 170600000000 66730000000
 0.5200   256942 0.5300   266177      1       -1       -1       -1  0 1.46167e+11 1.43000e+11 126.391000 12.139000 47.110000  1 0.4900 117.640000 20.06828 59.25258 33.85836 -108.260 -93.220 -62.850 7.487e+09 3.478e+10 3.382e+10 0.04520 448324 448324 677302 3277 40 448275 448327 12.1388 142990000000 142990000000 133460000000 133460000000 19066000000 13.4086 0 0.03818 0.87585 0.21953 2.29206 22.8119 -3.59596 0.18223 0.00376 0.93927 -35.5543 40.1465 0.1351 174900000000 38130000000
 0.5100   247675 0.5200   256942      1       -1       -1       -1  0 1.46167e+11 1.43000e+11 126.699000 19.369000 53.100000  1 0.4900 108.060000 20.11410 59.26848 33.92190 -108.840 -94.630 -62.880 1.075e+10 1.265e+10 4.543e+10 0.04150 448325 448325 677302 3211 39 448275 448327 19.3689 142990000000 142990000000 142990000000 76264000000 19066000000 38.8768 0 0.03794 0.59311 0.36507 8.06328 30.9226 -23.1687 0.83775 0.29472 -6.00198 -7.47987 21.9548 0.1843 147600000000 76260000000
 0.5000   238495 0.5100   247675      1       -1       -1       -1  0 1.46167e+11 1.52500e+11 129.761000 19.804000 55.240000  1 0.4900 111.400000 20.17026 59.31040 33.96146 -105.230 -91.010 -59.520 3.562e+09 1.160e+10 5.052e+10 0.03854 448326 448326 677302 3284 38 448275 448327 19.8036 152530000000 152530000000 133460000000 66731000000 9533000000 36.9515 0 0.03692 0.76454 0.03086 -11.5123 -10.4761 16.0184 0.44748 0 21.8399 -17.832 10.7553 0.2049 147200000000 95330000000
 0.4900   229311 0.5000   238495      0       -1       -1       -1  0 1.43000e+11 1.43000e+11 127.293000 11.142000 57.120000  1 0.4900 123.380000 20.20080 59.36649 33.94038 -103.400 -88.010 -58.320 1.051e+10 1.178e+10 4.359e+10 0.04249 448327 448327 677302 4416 37 448275 448327 11.1423 142990000000 142990000000 142990000000 114400000000 9533000000 31.7889 0 0.03701 0.92832 0.23416 21.5589 -7.71373 -14.1199 0.32687 0.06869 37.4116 -11.4332 -18.2823 0.1929 172200000000 38130000000
