 1.0000   679775 0.0000       -1      1       -1       -1       -1  0 5.66267e+12 4.57600e+12 339.645000 122.173000 273.880000  1 0.9100 242.290000 46.75185 18.50341 52.04973 34.770 292.710 14.890 -5.841e+13 3.676e+13 -7.157e+12 0.09037 116490 116490 679775 5290 88 116489 116623 120.081 4614000000000 5862800000000 3231700000000 1706400000000 772170000000 89.2259 107.04 0.13114 0.55793 0.4861 12.9167 57.7921 -6.06302 0.97356 0.67286 26.1852 9.29689 -10.371 0.7333 4890000000000 6168000000000
 0.9900   671645 1.0000   679775      1       -1       -1       -1  0 5.66267e+12 4.75700e+12 345.518000 151.093000 272.290000  1 0.9100 245.070000 46.74990 18.46616 52.04654 29.960 282.290 16.780 -6.091e+13 4.138e+13 4.521e+11 0.09031 116491 116491 679775 5187 87 116489 116623 137.562 4852300000000 5929500000000 3222200000000 1744500000000 648240000000 98.3508 112.17 0.13084 0.5224 0.48755 6.61738 54.0459 0.38458 0.79824 0.60161 -7.25127 -19.0399 21.9417 0.7231 4887000000000 6597000000000
 0.9800   663229 0.9900   671645      1       -1       -1       -1  0 5.66267e+12 4.96700e+12 351.992000 209.367000 271.630000  1 0.9100 250.430000 46.75253 18.43847 52.04577 24.900 260.380 14.390 -5.967e+13 4.723e+13 8.764e+12 0.09130 116492 116492 679775 5206 86 116489 116623 124.935 5023900000000 6091600000000 3279300000000 1782700000000 581510000000 97.8154 118.82 0.12704 0.553 0.52189 2.20335 52.9772 6.86606 0.72722 0.57177 2.83656 -19.7288 23.0792 0.6982 5032000000000 6692000000000
 0.9700   654857 0.9800   663229      1       -1       -1       -1  0 5.66267e+12 5.25300e+12 360.117000 170.290000 274.270000  1 0.9100 257.560000 46.74684 18.41934 52.03632 23.390 249.460 12.740 -6.039e+13 6.008e+13 1.653e+13 0.09833 116493 116493 679775 4257 85 116489 116623 114.277 5281300000000 6215500000000 3555800000000 1935200000000 667310000000 92.1409 128.5 0.13149 0.8451 0.49862 36.5091 25.4676 -7.5159 0.68863 0.51949 -6.05147 19.6599 -12.1794 0.6754 5235000000000 6721000000000
 0.9600   646525 0.9700   654857      1       -1       -1       -1  0 5.66267e+12 5.32900e+12 363.351000 130.795000 277.860000  1 0.9100 260.740000 46.74458 18.39168 52.04026 13.250 229.720 18.560 -5.916e+13 6.609e+13 2.023e+13 0.10223 116494 116494 679775 5264 84 116489 116623 108.479 5376600000000 6215500000000 3918100000000 1992400000000 791240000000 88.329 144.9 0.13501 0.56644 0.41597 55.6716 15.794 -15.1645 0.81848 0.80414 -8.22185 24.6342 -12.152 0.672 5335000000000 6568000000000
 0.9500   638200 0.9600   646525      1       -1       -1       -1  0 5.66267e+12 5.53900e+12 369.574000 113.751000 283.350000  1 0.9100 270.100000 46.75240 18.36879 52.03653 1.020 211.280 20.140 -5.799e+13 7.326e+13 2.948e+13 0.10638 116495 116495 679775 5229 83 116489 116623 89.7227 5548200000000 6206000000000 4223100000000 2087700000000 981900000000 76.0465 163.16 0.13677 0.33741 0.31568 61.124 10.7149 -11.652 0.76271 0.74023 24.7587 -2.13297 8.36303 0.6609 5588000000000 6130000000000
 0.9400   629884 0.9500   638200      1       -1       -1       -1  0 5.66267e+12 5.69100e+12 374.464000 93.694000 288.850000  1 0.9100 276.890000 46.75447 18.35231 52.04660 -13.280 194.040 18.030 -5.134e+13 7.108e+13 3.723e+13 0.10162 116496 116496 679775 5219 82 116489 116623 81.7128 5700700000000 6253600000000 4766500000000 2287900000000 1029600000000 59.3711 176.98 0.1275 0.31008 0.25042 50.3958 2.78948 -8.61317 0.64384 0.55716 26.8206 -3.55002 7.01291 0.6534 5784000000000 5691000000000
 0.9300   621559 0.9400   629884      1       -1       -1       -1  0 5.66267e+12 5.66300e+12 375.359000 83.071000 292.400000  1 0.9100 279.040000 46.75535 18.34428 52.03660 -37.460 177.760 13.430 -4.572e+13 7.713e+13 4.593e+13 0.11105 116497 116497 679775 5241 81 116489 116623 78.0963 5662600000000 6234600000000 4785600000000 2507200000000 1058200000000 46.3715 193.43 0.13643 0.31158 0.25858 66.873 -8.31628 -1.15711 0.62515 0.50114 28.6343 -9.27387 9.90469 0.649 5945000000000 5338000000000
 0.9200   613214 0.9300   621559      1       -1       -1       -1  0 5.62133e+12 5.63400e+12 376.243000 73.861000 292.340000  1 0.9100 277.230000 46.76388 18.32214 52.02815 -50.870 164.320 2.790 -4.876e+13 7.790e+13 4.594e+13 0.11653 116498 116498 679775 5268 80 116489 116623 83.4898 5634000000000 6110600000000 4556800000000 2707400000000 981900000000 47.587 200.64 0.14079 0.34379 0.2963 57.745 -13.8248 11.4961 0.40355 0.27939 35.9138 -5.16371 12.7023 0.6414 5806000000000 4814000000000
 0.9100   604840 0.9200   613214      1       -1       -1       -1  0 4.66167e+12 5.56700e+12 376.259000 122.202000 291.280000  1 0.9100 279.400000 46.76975 18.30258 52.02771 -59.520 168.710 -4.140 -4.477e+13 8.189e+13 4.496e+13 0.12142 116499 116499 679775 5274 79 116489 116623 78.2396 5567300000000 6043900000000 4366100000000 2869400000000 943770000000 56.6858 196.16 0.14531 0.4532 0.33662 36.304 -20.6309 17.0092 0.37898 0.24575 24.299 -15.0932 16.3137 0.6365 5596000000000 6263000000000
 0.9000   596465 0.9100   604840      1   596466   596466       -1  0 3.65133e+12 2.78400e+12 299.830000 36.726000 226.520000  1 0.4600 238.780000 46.77840 18.28032 52.03546 -104.120 183.100 -10.220 -1.285e+13 8.086e+12 -7.175e+12 0.06935 116500 116500 679775 5271 78 116489 116623 40.3291 5481500000000 5729300000000 4308900000000 3022000000000 819840000000 22.1926 64.98 0.07504 0.75854 0.60596 -7.25784 25.6213 -18.7799 0.65224 0.57587 -8.85392 18.8939 -16.6166 0.5995 2988000000000 1668000000000
 0.8900   588052 0.9000   596465      1   588053   588053   596466  0 2.65667e+12 2.60300e+12 294.344000 26.318000 221.310000  1 0.4600 243.150000 46.79384 18.24403 52.03275 -104.340 205.270 -27.720 -4.691e+12 4.326e+12 -2.874e+12 0.03464 116501 116501 679775 5306 77 116489 116623 32.9204 5243100000000 5614900000000 4127800000000 3088700000000 829370000000 19.1224 42.81 0.03511 0.74394 0.58984 -3.97285 34.9973 -24.4267 0.65979 0.57969 -5.08198 29.1413 -22.1469 0.5544 2963000000000 1249000000000
 0.8800   579671 0.8900   588052      1   579672   579672   588053  0 2.57067e+12 2.58300e+12 294.781000 31.490000 214.960000  1 0.4600 244.920000 46.81006 18.20546 52.04504 -108.620 229.220 -45.170 -3.473e+12 3.350e+12 8.907e+11 0.02577 116502 116502 679775 5294 76 116489 116623 32.046 4985800000000 5452900000000 3956200000000 2983800000000 743570000000 18.1756 35.62 0.02501 0.75433 0.52052 -7.58347 27.4731 -26.3055 0.67275 0.39565 -4.42441 24.372 -21.0376 0.5135 3027000000000 1525000000000
 0.8700   571194 0.8800   579671      1   571195   571195   579672  0 2.52933e+12 2.52600e+12 293.734000 38.858000 204.040000  1 0.4600 239.560000 46.81977 18.17357 52.05280 -103.020 242.530 -68.860 -2.584e+12 9.786e+11 3.138e+12 0.02402 116503 116503 679775 4332 75 116489 116623 34.8774 4547200000000 4919000000000 3841800000000 2392800000000 619640000000 16.4041 22.63 0.02221 0.75797 0.53176 -15.8736 23.2527 -24.3746 0.70578 0.4733 -9.03082 21.9758 -20.4692 0.4604 2944000000000 1668000000000
 0.8600   562731 0.8700   571194      1   562732   562732   571195  0 2.49133e+12 2.47900e+12 293.009000 32.460000 201.540000  1 0.4600 233.620000 46.82442 18.15693 52.03942 -85.170 251.790 -102.630 -2.296e+12 3.572e+12 2.674e+12 0.03083 116504 116504 679775 5360 74 116489 116623 39.0143 4185000000000 4347000000000 3450900000000 1944700000000 705440000000 18.374 9.56 0.02762 0.57055 0.48554 27.2914 -18.3601 23.5551 0.49724 0.40991 24.5552 -12.3527 15.2376 0.4355 2722000000000 1373000000000
 0.8500   554294 0.8600   562731      1   554295   554295   562732  0 2.46933e+12 2.46900e+12 293.761000 36.207000 207.120000  1 0.4600 233.270000 46.81936 18.12117 52.04321 -70.750 245.230 -113.960 -1.405e+12 3.934e+12 2.529e+12 0.02943 116505 116505 679775 5344 73 116489 116623 39.9733 3889500000000 4146900000000 3002900000000 1715900000000 657780000000 27.8555 8.99 0.02716 0.48726 0.40001 33.6836 -20.602 28.0221 0.49102 0.36624 27.6272 -17.4479 19.5955 0.4619 2820000000000 1478000000000
 0.8400   545793 0.8500   554294      1   545794   545794   554295  0 2.49133e+12 2.46000e+12 294.505000 21.545000 205.780000  1 0.4600 239.990000 46.84558 18.07331 52.06456 -65.370 255.090 -123.980 -1.843e+12 2.686e+12 2.420e+12 0.02544 116506 116506 679775 5392 72 116489 116623 35.1489 3441400000000 3870400000000 2507200000000 1763600000000 857970000000 19.7241 19.07 0.0228 0.62259 0.48122 24.0019 -15.5492 22.6366 0.49163 0.44383 20.2239 -11.7614 19.482 0.4451 2733000000000 905600000000
 0.8300   537275 0.8400   545793      1   537276   537276   545794  0 2.51367e+12 2.54500e+12 299.021000 28.194000 213.530000  1 0.4600 242.240000 46.84301 18.02739 52.08691 -49.630 249.100 -130.940 -8.040e+11 3.681e+12 3.276e+12 0.02997 116507 116507 679775 5392 71 116489 116623 36.8034 2964800000000 3756000000000 2411800000000 1849400000000 762640000000 19.852 15.24 0.02661 0.79546 0.52744 21.3528 -12.0405 16.5458 0.54422 0.40738 21.2048 -7.35541 14.4146 0.4508 2824000000000 1201000000000
 0.8200   528681 0.8300   537275      1       -1       -1   537276  0 2.52633e+12 2.53600e+12 299.771000 27.139000 212.150000  1 0.4600 250.090000 46.86101 17.98610 52.11891 -44.400 248.230 -139.650 -1.090e+12 3.171e+12 4.078e+12 0.03279 116508 116508 679775 4378 70 116489 116623 32.0907 2640600000000 3193600000000 2307000000000 1830300000000 857970000000 11.1049 19.22 0.02843 0.88726 0.64199 21.7655 -17.3039 12.3471 0.7474 0.6236 22.1193 -9.87223 9.04213 0.4365 2812000000000 1230000000000
 0.8100   520037 0.8200   528681      1       -1       -1       -1  0 2.49800e+12 2.49800e+12 299.374000 24.674000 207.310000  1 0.4600 254.130000 46.86794 17.95771 52.15298 -41.140 235.180 -144.200 -2.134e+12 3.009e+12 3.723e+12 0.03335 116509 116509 679775 5431 69 116489 116623 29.6871 2593000000000 2964800000000 2297500000000 1782700000000 905630000000 5.01329 19.57 0.02907 0.8709 0.68444 -2.70677 30.5849 -14.7756 0.84725 0.75941 -3.68161 22.6371 -16.4694 0.4289 2733000000000 1153000000000
 0.8000   511358 0.8100   520037      1       -1       -1       -1  0 2.49167e+12 2.46000e+12 298.945000 26.281000 203.940000  1 0.4600 255.290000 46.87254 17.90847 52.17715 -37.580 226.840 -138.310 -1.869e+12 2.955e+12 3.823e+12 0.03434 116510 116510 679775 4433 68 116489 116623 28.9468 2573900000000 2926600000000 2249800000000 1830300000000 848440000000 9.19906 14.68 0.02961 0.82406 0.62822 -7.66326 32.302 -16.9612 0.71277 0.66086 -6.68208 26.5921 -14.8884 0.4157 2678000000000 1230000000000
 0.7900   502721 0.8000   511358      1       -1       -1       -1  0 2.47233e+12 2.51700e+12 302.350000 29.467000 203.870000  1 0.4600 248.110000 46.87179 17.86114 52.20405 -19.640 216.230 -132.730 -1.424e+12 4.646e+12 4.310e+12 0.04095 116511 116511 679775 5454 67 116489 116623 35.3422 2516700000000 2945700000000 2211700000000 1801700000000 676840000000 14.1967 12.88 0.03589 0.71998 0.57417 -20.6161 23.0775 -18.7469 0.59935 0.52829 -18.2105 20.0974 -14.9167 0.417 3294000000000 1287000000000
 0.7800   494091 0.7900   502721      1       -1       -1       -1  0 2.47233e+12 2.42100e+12 299.567000 29.069000 199.450000  1 0.4600 249.190000 46.87002 17.83049 52.21430 -12.930 208.440 -127.320 -4.071e+11 2.649e+12 3.603e+12 0.03072 116512 116512 679775 4416 66 116489 116623 32.9609 2421400000000 2755000000000 2192600000000 1677800000000 638710000000 10.6505 19.01 0.02658 0.61273 0.49449 28.5131 -21.4018 22.6612 0.44673 0.33334 22.7688 -21.4916 19.2349 0.4042 3268000000000 1296000000000
 0.7700   485406 0.7800   494091      1       -1       -1       -1  0 2.43400e+12 2.47900e+12 302.995000 46.002000 195.640000  1 0.4600 242.950000 46.88006 17.78567 52.25258 -13.120 213.280 -128.690 -1.274e+12 3.961e+12 2.450e+12 0.03130 116513 116513 679775 5470 65 116489 116623 40.2043 2478600000000 2650200000000 2144900000000 1687300000000 781710000000 14.5958 13.75 0.02762 0.63198 0.55278 22.9522 -16.5293 20.3832 0.6271 0.56381 -17.4483 17.4868 -12.8802 0.3999 2982000000000 1802000000000
 0.7600   476705 0.7700   485406      1       -1       -1       -1  0 2.41833e+12 2.40200e+12 300.923000 37.983000 189.210000  1 0.4600 245.590000 46.88264 17.74801 52.27736 -6.910 217.600 -132.780 -1.350e+11 3.108e+12 3.590e+12 0.03350 116514 116514 679775 5477 64 116489 116623 36.7108 2402300000000 2564400000000 2173500000000 1592000000000 819840000000 12.4897 8.76 0.02877 0.70435 0.5256 26.1861 -17.1033 23.3308 0.80381 0.49105 -11.1785 22.215 -15.8028 0.3741 2783000000000 1506000000000
 0.7500   467974 0.7600   476705      1       -1       -1       -1  0 2.34500e+12 2.37400e+12 300.782000 29.044000 188.200000  1 0.4600 250.400000 46.87983 17.71929 52.30210 -1.230 216.450 -124.440 4.768e+10 3.724e+12 2.569e+12 0.03296 116515 116515 679775 5496 63 116489 116623 33.5385 2373700000000 2478600000000 2021000000000 1515700000000 724510000000 7.50144 17.94 0.02808 0.70078 0.53763 25.5908 -17.8189 26.5534 0.78796 0.58312 -7.57389 23.6207 -18.1971 0.3682 2861000000000 1144000000000
 0.7400   459165 0.7500   467974      1       -1       -1       -1  0 2.27200e+12 2.25900e+12 296.904000 30.241000 181.420000  1 0.4600 243.330000 46.86991 17.69341 52.30744 6.500 208.740 -130.140 -1.994e+11 1.698e+12 1.502e+12 0.01838 116516 116516 679775 5510 62 116489 116623 35.971 2259300000000 2411800000000 1963800000000 1515700000000 724510000000 18.7127 10.29 0.01542 0.67006 0.50337 22.5065 -24.6075 20.2065 0.56681 0.47064 -15.8149 25.7678 -13.9417 0.3479 2669000000000 1153000000000
 0.7300   450341 0.7400   459165      1       -1       -1       -1  0 2.18667e+12 2.18300e+12 294.539000 44.034000 176.340000  1 0.4600 231.000000 46.85131 17.67329 52.32149 12.070 200.450 -134.680 -2.684e+11 2.230e+11 2.860e+11 0.00365 116517 116517 679775 4465 61 116489 116623 45.5368 2183100000000 2268900000000 1830300000000 1363200000000 571980000000 44.3955 13.85 0.00325 0.43662 0.35821 -25.051 37.9493 -19.6404 0.3369 0.2382 -23.8278 30.2447 -13.1518 0.3657 2579000000000 1478000000000
 0.7200   441494 0.7300   450341      1       -1       -1       -1  0 2.18667e+12 2.11600e+12 292.504000 24.195000 171.910000  1 0.4600 238.090000 46.85098 17.57878 52.35840 12.840 198.010 -133.850 -1.192e+12 5.563e+11 7.955e+11 0.01401 116518 116518 679775 5564 60 116489 116623 37.3133 2116300000000 2240300000000 1792200000000 1506200000000 571980000000 20.6892 16.04 0.01173 0.83344 0.56626 26.5664 -19.1569 15.6667 0.90098 0.52446 -3.0387 28.3104 -10.0812 0.3283 2470000000000 905600000000
 0.7100   432574 0.7200   441494      1       -1       -1       -1  0 2.18667e+12 2.05900e+12 290.824000 35.980000 162.560000  1 0.4600 237.510000 46.85463 17.53063 52.39078 19.820 206.680 -128.120 -1.209e+12 -5.627e+11 5.801e+11 0.01406 116519 116519 679775 4504 59 116489 116623 36.8408 2068700000000 2230700000000 1744500000000 1506200000000 467120000000 18.3377 13.48 0.01168 0.81075 0.58093 -19.7655 36.8437 -15.672 0.73993 0.4679 -7.63382 38.0718 -8.00631 0.3024 2354000000000 1325000000000
 0.7000   423596 0.7100   432574      1       -1       -1       -1  0 2.18667e+12 2.05000e+12 291.345000 26.787000 159.470000  1 0.4600 236.800000 46.84353 17.49082 52.41227 15.290 205.690 -133.760 -1.077e+12 -1.181e+11 1.809e+11 0.01067 116520 116520 679775 5585 58 116489 116623 38.2326 2049600000000 2173500000000 1715900000000 1410900000000 438520000000 24.7449 2.09 0.00894 0.80231 0.57427 19.8897 -28.9951 21.2433 0.82945 0.59094 -14.1316 26.3181 -13.2502 0.2959 2267000000000 905600000000
 0.6900   414602 0.7000   423596      1       -1       -1       -1  0 2.18667e+12 2.08800e+12 294.108000 38.694000 158.500000  1 0.4600 236.280000 46.85154 17.43799 52.45482 22.520 203.510 -136.870 -1.302e+12 -3.346e+11 4.293e+11 0.01340 116521 116521 679775 5609 57 116489 116623 41.5544 2087700000000 2164000000000 1763600000000 1363200000000 524310000000 15.9241 7.87 0.0112 0.62208 0.46291 -6.35125 26.4958 -12.5588 0.50171 0.29083 -5.20722 22.3607 -8.96418 0.2873 2219000000000 1306000000000
 0.6800   405598 0.6900   414602      1       -1       -1       -1  0 2.18667e+12 2.03100e+12 292.347000 38.712000 161.530000  1 0.4600 237.370000 46.83949 17.38852 52.47892 27.980 198.740 -137.900 -1.404e+12 2.048e+11 7.325e+10 0.01442 116522 116522 679775 5645 56 116489 116623 39.5282 2040100000000 2183100000000 1792200000000 1258400000000 629180000000 22.0854 10.9 0.01187 0.62976 0.43898 -6.72322 33.4304 -13.8397 0.51382 0.39634 -5.00054 28.1369 -10.2666 0.2892 2138000000000 1230000000000
 0.6700   396602 0.6800   405598      1       -1       -1       -1  0 2.18667e+12 1.99200e+12 291.441000 48.361000 160.900000  1 0.4600 231.670000 46.84746 17.36617 52.51615 22.290 187.460 -138.670 -3.112e+11 4.288e+11 -1.247e+11 0.00578 116523 116523 679775 5630 55 116489 116623 44.9467 1992400000000 2183100000000 1820800000000 1201200000000 591050000000 19.3985 12.96 0.00472 0.73298 0.53239 0.68838 26.3151 -13.623 0.6037 0.54069 8.61008 21.493 -5.90053 0.2831 1957000000000 1506000000000
 0.6600   387676 0.6700   396602      1       -1       -1       -1  0 2.18667e+12 1.97300e+12 291.431000 37.469000 159.340000  1 0.4600 243.650000 46.81915 17.28604 52.55579 17.120 189.820 -142.440 -3.508e+10 2.441e+11 -2.835e+11 0.00413 116524 116524 679775 5658 54 116489 116623 34.879 1973300000000 2154500000000 1858900000000 1210700000000 619640000000 24.6573 11.04 0.00333 0.64562 0.46266 -0.31883 34.8065 -11.5165 0.56106 0.45285 2.3729 27.8193 -5.77877 0.274 1925000000000 1096000000000
 0.6500   378645 0.6600   387676      1       -1       -1       -1  0 2.18667e+12 2.04000e+12 295.603000 61.717000 153.060000  1 0.4600 227.100000 46.80727 17.22703 52.58150 22.200 184.630 -134.750 -1.107e+12 3.290e+11 -1.700e+11 0.01180 116525 116525 679775 4554 53 116489 116623 58.8644 2040100000000 2192600000000 1801700000000 1229800000000 457580000000 34.9067 11.29 0.00985 0.68051 0.4586 -1.7713 33.4411 -14.135 0.56819 0.39785 4.19271 26.7615 -8.00244 0.2641 1834000000000 1773000000000
 0.6400   369567 0.6500   378645      1       -1       -1       -1  0 2.18667e+12 2.03100e+12 296.054000 64.553000 149.450000  1 0.4600 231.260000 46.80285 17.19610 52.61432 18.300 186.190 -136.340 -1.091e+12 2.981e+10 -8.327e+10 0.01111 116526 116526 679775 4541 52 116489 116623 53.7001 2030500000000 2106800000000 1830300000000 1306000000000 333650000000 33.6395 7.89 0.00937 0.52153 0.38517 -2.71851 50.7494 -18.9936 0.34241 0.24772 4.40726 43.0787 -13.8255 0.2571 1861000000000 1830000000000
 0.6300   360457 0.6400   369567      1       -1       -1       -1  0 2.18667e+12 2.21200e+12 305.535000 147.358000 149.100000  1 0.4600 225.940000 46.80837 17.08918 52.67025 12.280 175.400 -140.560 -1.142e+12 -3.433e+11 1.577e+12 0.01660 116527 116527 679775 5650 51 116489 116623 92.1878 2211700000000 2278400000000 1897100000000 1039100000000 276460000000 46.1825 23.67 0.01477 0.44954 0.29636 -10.9665 54.0231 -18.0171 0.33682 0.27763 -5.92686 41.5562 -6.68612 0.2646 1948000000000 2879000000000
 0.6200   351355 0.6300   360457      1       -1       -1       -1  0 2.18667e+12 2.19300e+12 305.568000 143.110000 148.840000  1 0.4600 226.210000 46.79334 17.02464 52.70562 4.630 177.630 -146.760 -5.068e+11 -1.174e+12 8.328e+11 0.01289 116528 116528 679775 5705 50 116489 116623 95.3619 2192600000000 2268900000000 1849400000000 943770000000 295520000000 56.4796 26.2 0.01164 0.34483 0.23332 -3.11237 60.673 -15.5423 0.34139 0.25949 -0.50947 42.8478 -6.88841 0.2683 1922000000000 2669000000000
 0.6100   342226 0.6200   351355      2       -1       -1       -1  0 2.15733e+12 2.15500e+12 304.683000 106.455000 146.430000  1 0.4600 231.320000 46.78834 16.98431 52.74911 4.150 170.110 -145.550 -5.108e+11 -1.054e+12 3.834e+11 0.01113 116529 116529 679775 5650 49 116489 116623 74.6028 2154500000000 2268900000000 1897100000000 1182100000000 295520000000 46.0442 26.89 0.00974 0.38415 0.25204 -8.62374 59.2805 -20.7071 0.27718 0.20001 -14.7307 44.5586 -12.1417 0.2486 1918000000000 2593000000000
 0.6000   333087 0.6100   342226      1       -1       -1       -1  0 2.15733e+12 1.94500e+12 295.312000 47.446000 145.590000  1 0.4600 236.990000 46.77804 17.00557 52.76896 2.640 170.260 -142.190 -8.458e+11 -1.386e+12 1.398e+11 0.01881 116530 116530 679775 5751 48 116591 116590 49.4536 1944700000000 2001900000000 1763600000000 1258400000000 438520000000 49.7021 22.02 0.01539 0.56259 0.42689 -18.2923 35.4515 -27.2202 0.40109 0.25431 -1.60534 37.8338 -16.1076 0.2329 1733000000000 1401000000000
 0.6000   333088 0.6100   342226      1   333087   333087       -1  0 2.28800e+11 2.28800e+11 144.702000 24.087000 81.390000  0 0.2800 116.240000 46.88787 16.88593 52.93659 27.790 231.630 -114.790 -1.141e+10 -4.737e+10 5.820e+10 0.02618 116531 116591 679775 5750 48 116489 116623 24.0866 629180000000 629180000000 629180000000 266920000000 66731000000 6.4654 6.41 0.02538 0.27149 0.05069 14.5358 -18.1288 27.9118 0.25959 0.00923 1.61188 -13.5812 23.3043 0.3347 204000000000 162100000000
 0.5900   323919 0.6000   333087      1       -1       -1       -1  0 2.15733e+12 2.11600e+12 304.622000 52.462000 147.360000  1 0.4600 239.930000 46.78889 16.94188 52.83316 2.210 173.010 -147.670 -2.843e+12 -1.495e+12 1.442e+12 0.03518 116532 116531 679775 5761 47 116489 116590 59.2886 2116300000000 2154500000000 1887500000000 1239300000000 476650000000 51.5346 30.03 0.02909 0.4587 0.38045 21.9514 -30.0364 35.4908 0.60647 0.36602 13.4188 -20.4841 28.4242 0.2273 1843000000000 1544000000000
 0.5900   323920 0.6000   333088      1   323919   323919   333087  0 3.08233e+11 2.66900e+11 152.767000 26.146000 88.980000  1 0.2800 122.670000 46.88532 16.79621 52.97491 33.270 218.700 -98.810 -1.259e+11 -4.531e+09 2.223e+11 0.07135 116533 116592 679775 5760 47 116489 116623 26.1462 772170000000 772170000000 772170000000 333650000000 76264000000 12.5842 0 0.06654 0.28285 0.1969 -8.21275 20.9423 -15.3858 0.26476 0.08626 -5.21988 18.8758 -14.9995 0.3359 248400000000 209700000000
 0.5800   314675 0.5900   323919      1       -1       -1       -1  0 2.15733e+12 2.05000e+12 302.232000 70.975000 149.430000  1 0.4600 242.210000 46.78281 16.90036 52.85375 5.060 177.920 -138.800 -2.730e+12 -1.450e+12 1.353e+12 0.03620 116534 116532 679775 5770 46 116489 116590 53.8644 2068700000000 2078200000000 1773100000000 1153500000000 581510000000 64.9341 25.09 0.02961 0.4959 0.346 -16.9661 37.049 -29.501 0.64803 0.44772 2.592 31.5345 -8.59939 0.2298 1770000000000 1907000000000
 0.5800   314677 0.5900   323920      1   314675   314675   323919  0 3.81333e+11 4.29000e+11 179.445000 37.105000 99.510000  1 0.2800 140.780000 46.86771 16.69393 53.00363 73.910 167.800 -59.670 1.911e+10 1.694e+10 4.411e+11 0.05505 116535 116593 679775 5769 46 116489 116623 37.105 1067700000000 1067700000000 1067700000000 448050000000 38132000000 12.105 0 0.05256 0.54497 0.38837 -5.88472 40.0138 -3.53778 0.79753 0.53724 -0.02409 22.8312 -7.65566 0.3292 400000000000 381300000000
 0.5700   305442 0.5800   314675      1       -1       -1       -1  0 2.15733e+12 1.92600e+12 296.829000 96.354000 147.840000  1 0.4600 225.000000 46.78394 16.86895 52.87947 6.500 169.780 -128.680 -2.789e+12 -7.012e+11 1.549e+12 0.03717 116536 116533 679775 5745 45 116489 116590 88.8866 1944700000000 1992400000000 1601500000000 1029600000000 381320000000 85.9384 18.93 0.03204 0.29009 0.24593 -10.3527 47.1701 -25.7455 0.40455 0.32888 -4.73013 32.8752 -15.0492 0.2513 1720000000000 2307000000000
 0.5700   305444 0.5800   314677      1   305442   305442   314675  0 5.02100e+11 4.48100e+11 182.567000 30.382000 107.890000  1 0.2800 148.580000 46.85289 16.64225 53.02299 62.590 177.170 -58.810 1.976e+11 1.592e+10 3.314e+11 0.04624 116537 116594 679775 5743 45 116489 116623 30.3819 1248800000000 1248800000000 1248800000000 600580000000 114400000000 8.49835 0 0.04304 0.79962 0.45688 17.1976 31.836 4.72325 0.76864 0.23942 28.0483 9.31672 2.54204 0.3451 422900000000 352700000000
 0.5600   296193 0.5700   305442      1       -1       -1       -1  0 2.15733e+12 2.25900e+12 313.914000 87.052000 146.880000  1 0.4600 245.970000 46.78981 16.76279 52.96102 1.480 177.880 -129.640 -2.548e+12 -1.479e+12 1.364e+12 0.02895 116538 116534 679775 5751 44 116489 116590 70.5512 2259300000000 2268900000000 2078200000000 1315600000000 343190000000 55.7315 32.97 0.02459 0.29654 0.1577 -11.6143 67.3468 -36.2979 0.20529 0.14522 -11.531 54.8382 -31.4427 0.2209 2012000000000 2326000000000
 0.5600   296195 0.5700   305444      1   296193   296193   305442  0 6.13300e+11 6.29200e+11 204.995000 33.628000 126.960000  1 0.2800 168.030000 46.83765 16.58825 53.03134 66.320 128.390 -38.130 5.127e+11 -9.580e+10 3.946e+11 0.04335 116539 116595 679775 5750 44 116489 116623 33.6277 1525300000000 1525300000000 1525300000000 943770000000 0 24.3625 0 0.0417 0.78782 0.37959 49.4215 -1.20053 17.3453 0.42547 0.11036 47.0113 8.66028 11.8154 0.385 613700000000 457600000000
 0.5500   286950 0.5600   296193      1       -1       -1       -1  0 2.15733e+12 2.20200e+12 312.068000 90.687000 146.620000  1 0.4600 251.160000 46.82914 16.61939 53.07270 19.560 163.900 -106.310 -2.219e+12 -2.227e+12 5.349e+11 0.03014 116540 116535 679775 5722 43 116489 116590 59.5301 2202100000000 2230700000000 2097300000000 1248800000000 285990000000 52.8007 6.79 0.0254 0.44409 0.23165 -14.7574 49.956 -35.5426 0.57619 0.26404 -5.45535 34.413 -11.669 0.2186 2060000000000 2307000000000
 0.5500   286952 0.5600   296195      1   286950   286950   296193  0 6.89533e+11 7.62600e+11 219.150000 37.187000 119.730000  1 0.2800 179.550000 46.78283 16.75504 52.96452 38.070 128.340 -76.940 -4.142e+11 -2.464e+10 8.520e+11 0.05000 116541 116596 679775 5723 43 116489 116623 37.1868 1630100000000 1630100000000 1630100000000 800770000000 247860000000 31.5959 0 0.04419 0.59242 0.34812 16.8967 41.4248 -10.324 0.83596 0.44012 13.8225 29.6693 -1.97851 0.2824 691800000000 533800000000
 0.5400   277737 0.5500   286950      1       -1       -1       -1  0 2.05567e+12 2.01100e+12 303.575000 111.063000 146.600000  1 0.4600 238.270000 46.78239 16.68465 53.01376 23.100 154.400 -98.800 -1.032e+12 -3.898e+11 1.313e+12 0.01790 116542 116536 679775 5722 42 116489 116590 73.5323 2011500000000 2040100000000 1878000000000 934230000000 76264000000 90.4445 8.19 0.01601 0.33556 0.19458 -0.14614 65.6242 -20.7322 0.39276 0.36391 7.19763 42.5671 -6.6539 0.2484 1771000000000 2355000000000
 0.5400   277738 0.5500   286952      1   277737   277737   286950  1 6.76800e+11 6.76800e+11 211.077000 41.508000 120.130000  1 0.2800 170.740000 46.77643 16.72099 52.98512 22.140 188.150 -116.450 -1.485e+11 -5.058e+10 6.151e+11 0.03891 116543 116597 679775 9131 42 116489 116623 41.9535 1663500000000 1663500000000 1663500000000 1067685000000 190660000000 18.7576 0 0.036705 0.58597 0.220355 11.7037 49.5078 -16.3642 0.58639 0.221465 22.776 14.2814 0.28479 0.3416 613800000000 543350000000
 0.5300   268491 0.5400   277737      1       -1       -1       -1  0 2.04957e+12 1.95400e+12 301.434000 269.355000 142.980000  1 0.4600 231.100000 46.84242 16.45916 53.20266 14.330 167.600 -100.880 -2.026e+12 -1.960e+12 5.300e+11 0.03041 116544 116537 679775 5713 41 116489 116590 104.455 1954300000000 1963800000000 1735000000000 810300000000 133460000000 99.4608 12.7 0.02833 0.37629 0.15555 19.2478 -36.557 50.9634 0.46362 0.11574 -0.08868 30.9765 -9.33461 0.2578 1678000000000 2412000000000
 0.5300   268492 0.5400   277738      1   268491   268491   277737  0 5.62400e+11 5.91000e+11 202.335000 45.830000 120.530000  1 0.2800 160.920000 46.72635 16.55049 53.05048 64.410 46.660 -48.760 1.171e+11 -7.652e+10 3.782e+11 0.02782 116545 116598 679775 5712 41 116489 116623 45.8299 1696900000000 1696900000000 1696900000000 1334600000000 133460000000 5.91931 0 0.02922 0.57952 0.09259 6.51078 57.5907 -22.4044 0.33682 0.00281 31.7295 -1.10648 2.54809 0.4008 535800000000 552900000000
 0.5200   259261 0.5300   268491      1       -1       -1       -1  0 2.04957e+12 2.10700e+12 309.850000 93.233000 139.060000  1 0.4600 250.640000 46.79251 16.48279 53.12775 39.940 156.630 -103.580 -9.508e+11 -9.183e+11 4.488e+11 0.01444 116546 116538 679775 4555 40 116489 116590 64.2479 2106800000000 2106800000000 1944700000000 1287000000000 123930000000 38.3837 15.59 0.01226 0.30666 0.21619 -18.4007 61.2728 -46.3348 0.26042 0.15677 -11.8743 49.8682 -30.8759 0.2057 1824000000000 2278000000000
 0.5200   259262 0.5300   268492      1   259261   259261   268491  0 5.08400e+11 4.19400e+11 180.928000 36.761000 113.010000  1 0.2800 146.760000 46.73799 16.38451 53.17044 54.090 52.370 -67.880 -2.965e+11 -4.073e+11 -4.651e+10 0.06541 116547 116599 679775 4556 40 116489 116623 36.7608 1506200000000 1506200000000 1506200000000 1039100000000 19066000000 38.1054 0 0.06546 0.40019 0.2365 -9.55939 -28.8047 32.7735 0.24591 0.04728 -6.34781 -20.729 33.8269 0.4052 470700000000 324100000000
 0.5100   249980 0.5200   259261      1       -1       -1       -1  0 1.49667e+12 1.09600e+12 249.828000 83.130000 119.570000  1 0.4600 192.590000 46.85433 16.25260 53.31861 8.560 168.170 -94.800 -4.116e+11 -9.821e+11 1.585e+10 0.03018 116548 116539 679775 4510 39 116489 116590 103.454 1105800000000 1105800000000 762640000000 533850000000 95330000000 92.5879 5.02 0.02803 0.44148 0.25052 50.093 -25.4098 38.9866 0.46561 0.33947 43.1927 -1.7627 7.37037 0.2521 1230000000000 1573000000000
 0.5100   249981 0.5200   259262      1       -1       -1   259261  0 5.52900e+11 5.14800e+11 194.181000 70.100000 88.240000  1 0.2800 150.360000 46.72548 16.45772 53.15237 34.740 32.940 -67.400 -4.429e+11 1.743e+11 1.033e+11 0.04730 116549 116600 679775 4509 39 116489 116623 70.1 1344200000000 1344200000000 1344200000000 1058200000000 152530000000 23.9918 0 0.04518 0.38614 0.17728 7.72415 39.7907 -28.2067 0.30387 0.06961 30.5044 -5.85778 3.9233 0.247 451100000000 667300000000
 0.5000   240805 0.5100   249980      1       -1       -1       -1  0 1.37600e+12 1.28700e+12 264.169000 248.227000 126.480000  1 0.4600 206.000000 46.80573 16.17596 53.33768 23.010 168.780 -100.470 -5.796e+09 -1.328e+12 -6.566e+11 0.03391 116550 116540 679775 4518 38 116489 116590 93.8609 1315600000000 1325100000000 1096300000000 524310000000 257390000000 85.6029 1.38 0.0301 0.23105 0.16916 22.234 -36.7061 37.6519 0.45292 0.32279 8.62608 -14.7062 21.8255 0.233 1193000000000 2269000000000
 0.5000   240806 0.5100   249981      1       -1       -1       -1  0 5.52900e+11 5.24300e+11 195.836000 66.445000 85.240000  1 0.2800 153.070000 46.71293 16.43809 53.18846 11.430 44.930 -66.280 -5.180e+11 -3.645e+09 -2.007e+11 0.05430 116551 116601 679775 4519 38 116489 116623 66.4452 1153500000000 1153500000000 1153500000000 619640000000 57198000000 23.4548 2.43 0.05042 0.39161 0.16632 16.261 57.9637 -27.5178 0.73302 0.05357 -5.34705 31.1408 -7.58943 0.2153 500900000000 695900000000
 0.4900   231616 0.5000   240805      1       -1       -1       -1  0 1.37600e+12 1.46800e+12 276.661000 57.267000 119.940000  1 0.4600 225.810000 46.76645 16.14426 53.32213 32.160 169.940 -104.080 1.931e+11 -1.403e+12 -1.378e+12 0.03842 116552 116541 679775 5606 37 116489 116590 62.1267 1468100000000 1468100000000 1372800000000 896100000000 9533000000 34.8626 9.54 0.03253 0.27352 0.2333 -33.5797 57.5615 -56.8613 0 0 -28.5454 53.0949 -45.063 0.1854 1276000000000 1296000000000
 0.4900   231617 0.5000   240806      1       -1       -1       -1  0 5.52900e+11 3.90800e+11 177.979000 36.850000 70.460000  1 0.2800 146.770000 46.68428 16.40685 53.21617 7.050 50.370 -65.980 -3.920e+11 4.721e+10 -1.335e+11 0.07068 116553 116602 679775 5607 37 116489 116623 36.8495 638710000000 638710000000 600580000000 247860000000 0 14.555 0 0.06228 0.42046 0.26692 17.1383 53.7765 -11.4835 0.21364 0 28.6396 36.3247 10.0826 0.1647 412300000000 352700000000
 0.4800   222473 0.4900   231616      1       -1       -1       -1  0 1.35067e+12 1.37300e+12 271.149000 58.519000 115.830000  1 0.4600 227.980000 46.73145 16.06486 53.37061 39.410 169.470 -104.920 1.238e+11 -1.422e+12 -1.422e+12 0.04490 116554 116542 679775 5622 36 116489 116590 51.3356 1372800000000 1372800000000 1267900000000 924700000000 0 27.4181 14.5 0.03745 0.28819 0.24129 42.3693 -30.4895 42.2226 0.10561 0.03702 39.5118 -33.7431 33.4271 0.1759 1195000000000 1192000000000
 0.4800   222474 0.4900   231617      1       -1       -1       -1  0 5.52900e+11 4.29000e+11 184.003000 32.711000 69.120000  1 0.2800 156.170000 46.69022 16.37814 53.26007 6.840 61.710 -69.700 -3.896e+11 1.356e+11 -1.616e+11 0.06544 116555 116603 679775 5623 36 116489 116623 32.7107 514780000000 514780000000 438520000000 219260000000 0 5.29652 1.41 0.05721 0.23646 0.05177 -4.09688 62.6594 14.0899 0.73446 0.62673 11.0326 51.5213 -0.34189 0.151 420600000000 314600000000
 0.4700   213338 0.4800   222473      2       -1       -1       -1  0 1.23633e+12 1.21100e+12 260.599000 50.817000 112.420000  1 0.4600 225.670000 46.70236 15.97969 53.41505 42.740 163.380 -99.220 1.809e+11 -1.371e+12 -1.730e+12 0.06424 116556 116543 679775 5607 35 116489 116590 42.7412 1210700000000 1210700000000 1144000000000 829370000000 200190000000 12.6583 6.66 0.05122 0.40444 0.24965 46.8316 -8.57952 28.5632 0.15139 0.10415 44.1775 -13.2632 31.6182 0.1621 1114000000000 1030000000000
 0.4700   213339 0.4800   222474      1       -1       -1       -1  0 5.52900e+11 4.29000e+11 184.406000 39.482000 64.800000  1 0.2800 153.570000 46.69243 16.33765 53.28043 2.380 66.500 -66.150 -2.281e+11 1.543e+11 -1.061e+11 0.04276 116557 116604 679775 5608 35 116489 116623 39.4817 543380000000 543380000000 467120000000 133460000000 0 12.3337 0 0.03847 0.25419 0.12786 -13.0154 81.933 3.05891 0.66512 0.64447 -4.71659 49.922 16.0935 0.1414 382200000000 371800000000
 0.4600   204215 0.4700   213338      1       -1       -1       -1  0 1.23610e+12 1.12500e+12 254.834000 37.476000 110.940000  1 0.4600 226.340000 46.72058 15.90999 53.44544 43.510 150.600 -90.820 1.531e+11 -1.345e+12 -1.629e+12 0.06976 116558 116544 679775 4421 34 116567 116566 37.6768 1124900000000 1115400000000 1058200000000 762640000000 133460000000 31.1619 5.25 0.0559 0.56233 0.36771 58.3974 25.0896 -3.3741 0.54596 0.25205 45.9314 16.7013 12.494 0.1652 1011000000000 734000000000
 0.4600   204216 0.4700   213338      1   204215   204215       -1  0 4.57600e+11 4.57600e+11 188.818000 22.707000 76.500000  0 0.4500 174.430000 46.61945 15.88054 53.45211 8.120 212.600 -137.820 1.044e+10 2.898e+11 -1.391e+11 0.04878 116559 116567 679775 4420 34 116489 116590 22.7069 934230000000 934230000000 934230000000 705440000000 162060000000 14.079 0 0.03801 0.68844 0.58745 -25.1215 -11.2254 24.5411 0.72688 0.57325 -20.534 -8.56446 23.8416 0.1372 438600000000 286000000000
 0.4600   204217 0.4700   213339      1       -1       -1       -1  0 5.52900e+11 5.72000e+11 203.398000 64.314000 72.640000  1 0.2800 164.260000 46.68016 16.31108 53.32082 2.310 80.760 -74.530 -2.046e+11 8.624e+10 -1.604e+11 0.02416 116560 116605 679775 4422 34 116489 116623 64.314 581510000000 581510000000 514780000000 47665000000 0 7.42057 0 0.02232 0.218 0.18507 -5.47538 67.1819 22.9474 0.73325 0.30044 20.2375 -17.3719 -19.4818 0.1473 487300000000 648200000000
 0.4500   195158 0.4600   204215      1   195159   195159       -1  0 8.48467e+11 4.86200e+11 193.072000 27.454000 72.150000  1 0.4400 174.060000 46.68961 15.85743 53.47446 89.140 103.270 -46.190 5.881e+10 -2.460e+11 -1.509e+10 0.03465 116561 116545 679775 4388 33 116489 116566 27.4537 953300000000 953300000000 953300000000 638710000000 104860000000 1.96228 1.36 0.02733 0.97721 0.52985 -19.763 -20.9612 14.1375 0.70209 0.35915 27.9089 -5.41029 15.9077 0.121 524700000000 324100000000
 0.4500   195159 0.4600   204216      1       -1       -1   204215  0 1.23610e+12 1.03000e+12 247.935000 81.666000 106.550000  1 0.4500 212.580000 46.61491 15.76753 53.53617 38.640 153.170 -92.490 -1.185e+10 -8.502e+11 -1.617e+12 0.06881 116562 116568 679775 4389 33 116489 116590 47.9628 1029600000000 1029600000000 972370000000 629180000000 171590000000 51.6924 2.13 0.05645 0.40359 0.27576 44.2959 36.6998 -22.2951 0.72416 0.24279 29.7333 10.2655 -19.5611 0.1662 910300000000 1153000000000
 0.4500   195160 0.4600   204217      1       -1       -1       -1  0 5.52900e+11 5.33800e+11 199.186000 48.801000 66.470000  1 0.2800 165.800000 46.68552 16.27107 53.34946 2.600 77.890 -68.520 -3.474e+11 2.217e+11 -7.843e+10 0.04256 116563 116606 679775 4390 33 116489 116623 48.8012 600580000000 591050000000 533850000000 19066000000 0 14.7742 1.34 0.03873 0.10591 0.0273 7.70997 87.7833 15.6545 0 0 0 0 0 0.1244 459600000000 514800000000
 0.4400   186099 0.4500   195158      1       -1       -1   195159  0 1.23610e+12 9.34200e+11 240.515000 93.147000 99.340000  1 0.4400 195.420000 46.64782 15.80124 53.48698 42.900 134.730 -83.840 7.655e+10 -1.142e+12 -1.219e+12 0.06900 116564 116546 679775 5493 32 116489 116566 93.1467 934230000000 915170000000 838900000000 362250000000 123930000000 74.7359 0 0.06136 0.28961 0.16837 -8.18306 -47.0637 48.2277 0.82226 0.39497 -11.7099 -18.7073 24.5215 0.1809 1006000000000 1506000000000
 0.4400   186100 0.4500   195159      1   186099   186099       -1  0 7.56433e+11 4.86200e+11 193.460000 23.365000 74.530000  1 0.2300 181.460000 46.62722 15.67468 53.60420 -12.250 173.510 -121.240 -7.851e+10 3.344e+11 -2.346e+11 0.05861 116565 116569 679775 5494 32 116489 116590 23.3649 896100000000 896100000000 896100000000 428980000000 152530000000 11.8794 0 0.04534 0.85837 0.70232 24.6872 -3.62662 -22.292 0.76143 0.641 -10.4893 10.4676 26.3069 0.1193 443700000000 286000000000
 0.4400   186101 0.4500   195160      1       -1       -1       -1  0 5.46533e+11 5.52900e+11 201.934000 47.530000 67.780000  1 0.2800 170.230000 46.68200 16.23502 53.39424 0.540 80.140 -68.210 -2.376e+11 2.445e+11 -1.802e+11 0.03756 116566 116607 679775 5495 32 116489 116623 47.5301 562450000000 562450000000 524310000000 0 0 6.14109 0 0.03392 0.46319 0.1606 38.9356 63.5728 17.033 0 0 0 0 0 0.1231 486000000000 533800000000
 0.4300   177086 0.4400   186099      1       -1       -1       -1  0 6.29167e+11 4.86200e+11 193.836000 28.157000 72.450000  1 0.2400 177.020000 46.59323 15.73695 53.53101 83.070 110.230 -57.770 -4.371e+10 -3.380e+11 -9.109e+10 0.05110 116567 116547 679775 4351 31 116489 116566 28.1571 562450000000 562450000000 514780000000 371790000000 171590000000 9.6164 2.42 0.03887 0.98541 0.61448 23.2964 -1.04037 16.2891 0.55493 0.29627 22.0965 8.31826 7.91831 0.1065 538300000000 333700000000
 0.4300   177087 0.4400   186100      1       -1       -1   186099  0 6.06933e+11 7.53100e+11 224.278000 92.193000 91.000000  1 0.2300 183.500000 46.62452 15.56749 53.69339 9.860 146.160 -94.960 -4.679e+10 -1.642e+11 -8.326e+11 0.05175 116568 116570 679775 4350 31 116489 116590 92.1932 753110000000 695910000000 581510000000 352720000000 95330000000 48.3984 5.36 0.04515 0.38234 0.20018 -11.0539 14.4838 32.8771 0.14894 0.0216 -4.94086 18.5782 32.1694 0.167 726500000000 1163000000000
 0.4300   177088 0.4400   186101      1       -1       -1       -1  0 5.37000e+11 5.52900e+11 202.327000 45.379000 69.330000  1 0.2800 173.010000 46.67535 16.16016 53.44626 -0.600 81.770 -65.300 -2.317e+11 1.577e+11 -1.938e+11 0.03334 116569 116608 679775 4352 31 116489 116623 45.3787 562450000000 552910000000 543380000000 28599000000 0 21.4007 1.64 0.0303 0.78601 0.22613 52.9377 57.5468 16.018 0.23628 0.13562 -23.982 25.2898 -14.0865 0.1271 490000000000 533800000000
 0.4200   168107 0.4300   177086      1       -1       -1       -1  0 5.59300e+11 4.67100e+11 191.628000 26.081000 67.920000  1 0.2400 178.710000 46.55082 15.67439 53.56268 78.620 107.670 -60.770 4.360e+10 -2.332e+11 -6.381e+10 0.03869 116570 116548 679775 4314 30 116489 116566 26.081 533850000000 533850000000 486180000000 352720000000 123930000000 15.8716 0 0.02925 0.61542 0.33778 3.25311 21.0461 -7.02716 0.38854 0.24173 1.27575 16.5959 -6.96042 0.096 471400000000 305100000000
 0.4200   168108 0.4300   177087      1       -1       -1       -1  0 6.06933e+11 5.43400e+11 201.536000 32.912000 80.500000  1 0.2300 181.990000 46.64722 15.48457 53.75472 -4.860 141.680 -98.650 -6.004e+10 2.019e+11 -4.137e+11 0.05323 116571 116571 679775 4315 30 116489 116590 32.9117 543380000000 543380000000 524310000000 362250000000 0 16.5414 2.31 0.04295 0.57014 0.33393 -31.9897 6.02208 33.439 0.289 0.01676 -21.8442 20.0746 34.4284 0.1337 676700000000 371800000000
 0.4200   168109 0.4300   177088      1       -1       -1       -1  0 5.27467e+11 5.05200e+11 196.707000 45.820000 69.290000  1 0.2800 168.960000 46.68377 16.16863 53.46320 -1.490 79.840 -61.920 -1.218e+11 1.459e+11 -1.446e+11 0.02796 116572 116609 679775 4316 30 116489 116623 45.8205 533850000000 533850000000 505250000000 162060000000 0 19.2335 0.64 0.02494 0.10753 0.03575 54.7128 56.3716 -45.5768 0.30223 0.07043 46.4831 2.10539 -16.4397 0.123 442500000000 476600000000
 0.4100   159229 0.4200   168107      1       -1       -1       -1  0 5.59300e+11 4.29000e+11 186.603000 26.330000 62.660000  1 0.2400 174.480000 46.48466 15.60180 53.60193 80.490 103.970 -58.350 4.712e+10 -1.979e+11 -2.128e+10 0.03663 116573 116549 679775 4255 29 116489 116566 26.3297 486180000000 486180000000 486180000000 343190000000 114400000000 6.82693 0 0.02838 0.70828 0.35607 34.9742 1.35421 -10.3117 0.51895 0.12861 28.9915 4.14089 -15.0472 0.0898 385900000000 266900000000
 0.4100   159230 0.4200   168108      1       -1       -1       -1  0 5.87867e+11 5.24300e+11 199.512000 31.197000 76.310000  1 0.2300 183.180000 46.65267 15.39563 53.81842 -7.890 134.390 -94.870 -1.388e+10 2.469e+11 -4.060e+11 0.05775 116574 116572 679775 4256 29 116489 116590 31.1968 524310000000 524310000000 505250000000 381320000000 38132000000 15.1513 2.53 0.0472 0.31054 0.29558 47.4528 7.52722 -26.6557 0.28089 0.16821 45.0335 -4.5525 -24.3542 0.126 616200000000 381300000000
 0.4100   159231 0.4200   168109      1       -1       -1       -1  0 5.17933e+11 5.24300e+11 199.512000 35.358000 72.800000  1 0.2800 179.490000 46.68344 16.10231 53.50505 1.500 81.180 -60.310 -2.020e+11 9.550e+10 -4.644e+10 0.02604 116575 116610 679775 4257 29 116489 116623 35.3575 524310000000 524310000000 505250000000 228790000000 0 15.4872 0 0.02266 0.45089 0.15657 33.3827 61.8255 -23.0371 0.08142 0.00707 28.0576 68.736 -18.8086 0.1266 629100000000 362300000000
 0.4000   150440 0.4100   159229      1       -1       -1       -1  0 5.59300e+11 4.67100e+11 192.312000 34.447000 63.070000  1 0.2400 174.420000 46.43381 15.52233 53.65972 69.100 99.160 -61.380 3.616e+10 -1.777e+11 -8.960e+10 0.03146 116576 116550 679775 5292 28 116489 116566 34.4471 495720000000 495720000000 476650000000 343190000000 85797000000 12.046 0 0.02463 0.77462 0.3779 27.6427 7.13189 -14.3746 0.43586 0.14477 20.8184 10.7879 -19.3846 0.0864 415600000000 371800000000
 0.4000   150441 0.4100   159230      1       -1       -1       -1  0 5.87867e+11 5.43400e+11 202.255000 41.239000 71.780000  1 0.2300 180.040000 46.65880 15.30589 53.87788 -7.460 125.710 -91.220 -9.943e+10 3.164e+11 -3.460e+11 0.05410 116577 116573 679775 5293 28 116489 116590 41.2389 543380000000 524310000000 505250000000 352720000000 9533000000 5.96722 2.69 0.04536 0.31806 0.13385 47.0817 11.1194 -15.8215 0.32127 0.08293 40.7895 12.2166 -21.8779 0.1144 548200000000 429000000000
 0.4000   150442 0.4100   159231      1       -1       -1       -1  0 4.98900e+11 5.24300e+11 199.861000 37.506000 71.810000  1 0.2800 180.000000 46.68662 16.03419 53.53880 1.360 80.810 -57.490 -2.261e+11 9.468e+10 -8.390e+10 0.02990 116578 116611 679775 5294 28 116489 116623 37.506 524310000000 514780000000 476650000000 190660000000 9533000000 17.7533 0 0.02602 0.52837 0.0729 18.1347 38.7927 5.90968 0.07514 0.0185 18.9918 34.4667 6.39063 0.1238 579900000000 429000000000
 0.3900   141757 0.4000   150440      1       -1       -1       -1  0 5.59300e+11 4.95700e+11 196.490000 32.177000 63.350000  1 0.2400 182.600000 46.39317 15.46095 53.69215 62.640 96.930 -62.270 5.834e+09 -1.789e+11 -8.025e+10 0.02765 116579 116551 679775 5264 27 116489 116566 32.1766 495720000000 495720000000 457580000000 343190000000 47665000000 5.11076 2.45 0.02189 0.70766 0.61527 38.5955 6.47357 7.43168 0.66101 0.45733 28.9761 6.8012 18.4574 0.0859 477600000000 362300000000
 0.3900   141758 0.4000   150441      1       -1       -1       -1  0 5.87867e+11 5.05200e+11 197.742000 75.273000 67.870000  1 0.2300 168.440000 46.60264 15.19951 53.95349 -10.080 119.070 -84.100 -9.517e+10 3.586e+11 -2.935e+11 0.05757 116580 116574 679775 5265 27 116489 116590 75.2726 505250000000 486180000000 438520000000 162060000000 47665000000 55.7008 1.63 0.05114 0.21168 0.08845 36.3144 3.17948 1.56387 0.15031 0.00832 25.3782 1.73251 1.98646 0.1175 417700000000 629200000000
 0.3900   141759 0.4000   150442      1       -1       -1       -1  0 4.89367e+11 4.48100e+11 189.979000 54.868000 65.590000  1 0.2800 164.480000 46.66776 15.94023 53.60213 -3.320 79.630 -54.820 -2.175e+11 2.727e+10 -2.144e+09 0.03342 116581 116612 679775 5345 27 116489 116623 54.8682 448050000000 448050000000 428980000000 219260000000 0 42.0637 0 0.02896 0.44389 0.09711 4.46307 55.5596 15.1608 0.86529 0.12371 28.277 17.4138 -2.57617 0.1138 431100000000 514800000000
 0.3800   133284 0.3900   141757      1       -1       -1       -1  0 5.59300e+11 5.05200e+11 198.062000 33.699000 67.180000  1 0.2400 184.870000 46.35151 15.38885 53.74779 60.510 92.640 -62.020 5.740e+09 -1.069e+11 -4.473e+10 0.01618 116582 116552 679775 5130 26 116489 116566 33.6989 505250000000 486180000000 486180000000 295520000000 85797000000 4.82513 0 0.01269 0.55111 0.28301 41.8789 16.951 -0.27952 0.56486 0.25232 37.0829 15.079 -2.8525 0.0861 441600000000 362300000000
 0.3800   133285 0.3900   141758      1       -1       -1       -1  0 5.87867e+11 5.43400e+11 202.924000 31.447000 67.980000  1 0.2300 192.370000 46.68803 15.15212 54.01294 -10.340 110.980 -79.780 -7.167e+10 2.621e+11 -2.098e+11 0.04020 116583 116575 679775 5131 26 116489 116590 31.4472 543380000000 533850000000 514780000000 381320000000 9533000000 8.93077 1.59 0.03328 0.55049 0.14686 66.739 12.5035 12.3114 0.06424 0 43.7484 13.0223 21.6714 0.0933 522700000000 381300000000
 0.3800   133286 0.3900   141759      1       -1       -1       -1  0 4.51233e+11 4.95700e+11 196.808000 44.027000 64.920000  1 0.2800 176.740000 46.69156 15.95538 53.63391 0.120 81.840 -58.180 -2.973e+11 1.058e+11 -1.009e+11 0.04396 116584 116613 679775 5132 26 116489 116623 44.0268 495720000000 495720000000 486180000000 276460000000 19066000000 18.7804 0 0.03742 0.45492 0.2543 -5.42116 65.9306 17.6737 0.77445 0.22324 3.98223 32.2405 19.7177 0.0995 435100000000 476600000000
 0.3700   124790 0.3800   133284      1       -1       -1       -1  0 5.59300e+11 5.43400e+11 203.240000 37.473000 67.740000  1 0.2400 189.430000 46.31288 15.32661 53.79522 58.430 88.880 -61.220 -4.014e+10 -1.363e+11 -8.162e+10 0.02051 116585 116553 679775 4089 25 116489 116566 37.4734 543380000000 533850000000 505250000000 362250000000 142990000000 5.45601 0 0.01609 0.4754 0.39352 33.3569 16.284 5.26837 0.63884 0.43245 25.0917 11.345 -4.311 0.0814 459100000000 409900000000
 0.3700   124791 0.3800   133285      1       -1       -1       -1  0 5.87867e+11 5.72000e+11 206.744000 34.888000 68.830000  1 0.2300 195.360000 46.69170 15.05538 54.06776 -7.240 106.920 -75.360 -7.706e+10 2.811e+11 -3.216e+11 0.04753 116586 116576 679775 4223 25 116489 116590 34.8879 571980000000 562450000000 552910000000 409920000000 0 16.5322 0 0.03911 0.67563 0.25395 60.9226 36.8257 7.92117 0.69353 0.42183 47.0133 37.2974 11.5585 0.0895 510400000000 448100000000
 0.3700   124792 0.3800   133286      1       -1       -1       -1  0 4.51233e+11 3.81300e+11 180.608000 28.081000 64.710000  1 0.2800 173.010000 46.69965 15.93033 53.71398 3.970 83.200 -66.830 3.292e+10 3.731e+10 -3.661e+10 0.01402 116587 116614 679775 4090 25 116489 116623 28.0808 381320000000 381320000000 362250000000 276460000000 38132000000 7.61107 0 0.01094 0.51936 0.37769 -19.8281 24.8211 3.55114 0.20156 0.03492 -17.051 29.4577 -0.22207 0.0937 363700000000 276500000000
 0.3600   116309 0.3700   124790      1       -1       -1       -1  0 5.59300e+11 5.62500e+11 205.895000 39.217000 69.200000  1 0.2400 193.200000 46.27853 15.27171 53.82556 57.710 85.730 -58.990 -2.350e+10 -1.723e+11 -4.378e+10 0.02130 116588 116554 679775 5126 24 116489 116566 39.2168 562450000000 552910000000 533850000000 371790000000 19066000000 10.752 0.83 0.01684 0.54382 0.44006 39.0092 28.8925 -5.44191 0.49808 0.44918 26.2327 23.5456 -16.885 0.082 492300000000 457600000000
 0.3600   116310 0.3700   124791      1       -1       -1       -1  0 5.87867e+11 6.00600e+11 210.447000 36.891000 70.560000  1 0.2300 199.950000 46.70306 14.98627 54.13000 -3.910 101.540 -72.490 -1.569e+11 1.791e+11 -3.320e+11 0.04210 116589 116577 679775 5096 24 116489 116590 36.8909 600580000000 591050000000 562450000000 428980000000 9533000000 10.8155 0 0.03438 0.68456 0.38483 27.3592 36.9656 31.3708 0.3146 0.06198 28.8529 34.3584 38.3794 0.0891 516800000000 467100000000
 0.3600   116311 0.3700   124792      1       -1       -1       -1  0 3.97233e+11 4.76700e+11 194.844000 62.194000 61.720000  1 0.2800 173.080000 46.65923 15.79399 53.68843 1.070 80.140 -53.010 -2.450e+11 1.094e+11 -5.314e+10 0.03553 116590 116615 679775 5098 24 116489 116623 62.1939 476650000000 476650000000 400390000000 38132000000 0 46.3373 0 0.03384 0.06088 0.01386 25.6796 88.2958 85.1106 0.76766 0.01797 12.2958 -17.9078 27.7325 0.1152 400700000000 533800000000
 0.3500   107981 0.3600   116309      1       -1       -1       -1  0 5.59300e+11 5.52900e+11 205.017000 30.778000 70.250000  1 0.2400 202.270000 46.23028 15.20281 53.87305 53.970 81.620 -56.680 -4.977e+10 -1.494e+11 -4.043e+10 0.02027 116591 116555 679775 5020 23 116489 116566 30.7778 552910000000 552910000000 543380000000 428980000000 57198000000 13.0424 0 0.01592 0.19953 0.09986 44.6524 24.5798 -26.5317 0.12441 0.05225 37.7199 16.3513 -15.0664 0.0846 515000000000 381300000000
 0.3500   107982 0.3600   116310      1       -1       -1       -1  0 5.75133e+11 5.91000e+11 209.625000 42.204000 71.010000  1 0.2300 197.520000 46.69208 14.89893 54.18889 -4.470 96.960 -69.490 -1.336e+11 1.675e+11 -3.116e+11 0.04079 116592 116578 679775 4996 23 116489 116590 42.2038 591050000000 562450000000 552910000000 400390000000 0 16.306 1.15 0.03313 0.69052 0.18351 -16.4267 33.6782 37.3218 0.50961 0.13062 -0.22202 34.6346 35.347 0.0898 499700000000 486200000000
 0.3500   107983 0.3600   116311      1       -1       -1       -1  0 3.43233e+11 3.33700e+11 173.248000 60.536000 54.290000  1 0.2800 154.930000 46.63683 15.73985 53.79457 4.820 96.810 -63.290 8.046e+10 2.148e+10 -1.553e+10 0.02139 116593 116616 679775 5014 23 116489 116623 60.5362 333650000000 305060000000 305060000000 104860000000 0 44.6047 8.71 0.01924 0.48856 0.26192 41.5751 50.0438 2.32496 0.53373 0.36022 34.6362 -10.1354 -17.3336 0.098 335300000000 476600000000
 0.3400    99828 0.3500   107981      1       -1       -1       -1  0 5.59300e+11 5.62500e+11 206.468000 31.596000 67.880000  1 0.2400 205.570000 46.18462 15.13314 53.91892 51.540 76.950 -54.410 -3.818e+10 -2.041e+11 -1.468e+10 0.02504 116594 116556 679775 4864 22 116489 116566 31.5962 562450000000 524310000000 514780000000 390850000000 0 7.87089 0 0.02008 0.57062 0.22616 45.5338 41.2228 -15.881 0.22731 0.07229 40.2898 33.549 -2.7557 0.0819 526600000000 381300000000
 0.3400    99829 0.3500   107982      1       -1       -1       -1  0 5.30633e+11 5.33800e+11 202.907000 47.862000 71.380000  1 0.2300 189.780000 46.67502 14.85631 54.27024 -2.890 91.750 -63.950 -1.587e+11 1.739e+11 -3.502e+11 0.05423 116595 116579 679775 4844 22 116489 116590 47.8617 533850000000 533850000000 533850000000 324120000000 95330000000 30.431 0 0.04441 0.84994 0.47579 31.2137 -8.68861 -23.8345 0.64941 0.41343 26.1033 4.49449 -17.3514 0.0956 469400000000 533800000000
 0.3400    99830 0.3500   107983      1       -1       -1       -1  0 2.63767e+11 2.19300e+11 150.827000 47.875000 54.260000  1 0.2800 137.340000 46.73092 15.78886 53.88976 4.840 82.470 -51.180 6.408e+10 -2.935e+10 -3.971e+10 0.03766 116596 116617 679775 4868 22 116489 116623 47.8747 219260000000 219260000000 133460000000 57198000000 0 34.4929 0 0.03752 0.89143 0.57701 0.84413 53.8931 -4.0345 0.14629 0 24.3393 -14.24 42.4323 0.1558 246500000000 295500000000
 0.3300    91921 0.3400    99828      1       -1       -1       -1  0 5.27533e+11 5.62500e+11 206.735000 49.798000 65.860000  1 0.2400 195.430000 46.13683 15.05768 53.97167 50.690 73.560 -51.470 4.097e+10 -2.398e+11 2.241e+10 0.02904 116597 116557 679775 4753 21 116489 116566 49.7976 562450000000 562450000000 552910000000 343190000000 0 4.2882 0 0.0239 0.39697 0.24621 37.6151 47.5996 0.1433 0.07879 0 42.701 61.7195 4.50034 0.0811 477800000000 552900000000
 0.3300    91922 0.3400    99829      1       -1       -1       -1  0 4.54400e+11 4.67100e+11 194.325000 42.616000 67.070000  1 0.2300 185.730000 46.64880 14.75381 54.29412 -2.270 91.020 -59.200 -1.187e+11 1.098e+11 -2.617e+11 0.04904 116598 116580 679775 4732 21 116489 116590 42.6155 467120000000 457580000000 428980000000 171590000000 95330000000 35.7687 0 0.04102 0.82448 0.40539 34.0058 -4.37267 -22.2516 0.29238 0.18708 -12.6099 16.6377 21.3862 0.0965 425500000000 429000000000
 0.3300    91923 0.3400    99830      1       -1       -1       -1  0 2.25600e+11 2.38300e+11 155.278000 24.441000 48.300000  1 0.2800 155.870000 46.66108 15.55575 53.88648 -1.320 93.750 -54.020 -3.926e+10 -4.832e+09 7.458e+10 0.03957 116599 116618 679775 4746 21 116489 116623 24.4415 238320000000 238320000000 238320000000 162060000000 0 14.4046 0 0.03456 0.24526 0.01251 57.652 -8.45232 -15.8385 0.5785 0.10975 38.7999 -4.78078 -11.3796 0.0799 297200000000 162100000000
 0.3200    84152 0.3300    91921      1       -1       -1       -1  0 4.79833e+11 4.57600e+11 193.230000 36.323000 60.380000  1 0.2400 191.160000 46.11482 14.97111 54.04210 45.560 71.060 -47.100 6.531e+10 -1.684e+11 -5.711e+09 0.03043 116600 116558 679775 4593 20 116489 116566 36.3232 457580000000 457580000000 457580000000 266920000000 9533000000 25.2787 0 0.02531 0.58515 0.25078 56.6781 23.6956 -4.02717 0.29828 0.01028 36.3939 -13.1534 5.6893 0.0776 416300000000 371800000000
 0.3200    84153 0.3300    91922      1       -1       -1       -1  0 3.46367e+11 3.62300e+11 178.754000 64.457000 63.180000  1 0.2300 165.970000 46.62486 14.65990 54.33205 0.280 92.020 -51.680 -7.374e+10 9.312e+10 -1.345e+11 0.04211 116601 116581 679775 4584 20 116489 116590 64.4569 362250000000 295520000000 285990000000 152530000000 28599000000 38.8863 0 0.03711 0.31985 0.27392 28.094 -4.70884 -25.8819 0.36988 0.15634 -19.277 10.183 22.818 0.1108 356900000000 543400000000
 0.3200    84154 0.3300    91923      1       -1       -1       -1  1 2.19233e+11 2.19200e+11 151.187000 30.159000 47.690000  1 0.2800 149.490000 46.66150 15.52664 53.90325 -1.320 93.750 -54.020 -3.715e+10 -8.050e+08 7.947e+10 0.04896 116602 116619 679775 7519 20 116489 116623 31.2064 219255000000 214490000000 214490000000 133460000000 0 16.8395 0 0.043065 0.331335 0.033965 24.3816 24.4347 -1.80645 0.72355 0.26278 31.4522 -12.1275 -7.59393 0.08375 262300000000 176400000000
 0.3100    76627 0.3200    84152      1       -1       -1       -1  0 4.32133e+11 4.19400e+11 187.924000 37.112000 57.730000  1 0.2400 187.230000 46.04944 14.92301 54.07465 44.830 64.070 -43.070 5.088e+10 -1.568e+11 -1.638e+10 0.03318 116603 116559 679775 4415 19 116489 116566 37.1125 419450000000 390850000000 390850000000 228790000000 66731000000 15.1207 1.33 0.02725 0.74707 0.21545 25.1873 34.9855 -6.95164 0.4384 0.13503 -3.73837 29.5756 -9.32089 0.072 381400000000 362300000000
 0.3100    76628 0.3200    84153      1       -1       -1       -1  0 2.73300e+11 2.09700e+11 149.156000 21.662000 50.840000  1 0.2300 156.110000 46.61133 14.55197 54.36378 7.360 100.130 -24.880 -6.337e+09 2.455e+10 -6.943e+10 0.04575 116604 116582 679775 4387 19 116489 116590 21.662 209730000000 181130000000 152530000000 142990000000 47665000000 19.2773 9.37 0.03859 0.74738 0.20661 14.7979 25.3371 -3.78898 0.12677 0.01408 4.75729 34.3279 3.97674 0.092 342600000000 143000000000
 0.3100    76629 0.3200    84154      1       -1       -1       -1  0 1.97000e+11 2.00200e+11 146.861000 35.877000 47.070000  1 0.2800 142.510000 46.68601 15.38487 53.97514 -3.400 83.080 -46.860 -3.504e+10 3.222e+09 8.437e+10 0.05836 116605 116620 679775 4430 19 116489 116623 35.8769 200190000000 190660000000 190660000000 104860000000 0 19.2745 0 0.05157 0.41741 0.05542 -8.88879 57.3217 12.2256 0.8686 0.41581 24.1044 -19.4742 -3.80822 0.0876 227400000000 190700000000
 0.3000    69323 0.3100    76627      1       -1       -1       -1  0 3.87633e+11 4.19400e+11 188.131000 66.813000 53.280000  1 0.2400 179.920000 46.00741 14.87404 54.11598 43.480 61.140 -41.590 3.734e+10 -1.378e+11 -2.144e+10 0.02828 116606 116560 679775 3352 18 116489 116566 66.8134 419450000000 381320000000 352720000000 219260000000 0 9.08774 0.83 0.02412 0.58184 0.28817 20.9178 41.0202 -20.149 0.79978 0.63431 30.895 35.4932 -17.3547 0.0675 343100000000 486200000000
 0.3000    69324 0.3100    76628      1       -1       -1       -1  0 2.25633e+11 2.47900e+11 157.870000 20.548000 53.650000  1 0.2300 171.150000 46.79172 14.61915 54.54493 5.110 56.110 -78.580 4.800e+10 1.423e+10 -8.161e+09 0.02655 116607 116583 679775 3348 18 116489 116590 20.5484 247860000000 247860000000 247860000000 181130000000 85797000000 13.2274 0 0.02036 0.37204 0.13703 20.6921 11.204 29.8677 0.53526 0.13632 16.0393 8.04537 24.77 0.0689 250100000000 152500000000
 0.3000    69325 0.3100    76629      1       -1       -1       -1  0 1.46177e+11 1.71600e+11 139.658000 40.357000 40.940000  1 0.2800 135.350000 46.67426 15.31957 54.07142 -8.640 76.580 -49.040 -2.589e+10 1.270e+10 4.182e+10 0.03940 116608 116621 679775 3545 18 116489 116623 40.3567 171590000000 162060000000 133460000000 0 0 13.1115 1.63 0.03764 0.5706 0.14812 11.2887 -0.26145 65.0952 0 0 0 0 0 0.0891 193000000000 219300000000
 0.2900    62274 0.3000    69323      1       -1       -1       -1  0 3.40000e+11 3.24100e+11 172.816000 44.772000 49.930000  1 0.2400 171.780000 45.93559 14.79133 54.15298 41.810 62.670 -42.190 6.346e+10 -7.099e+10 4.959e+10 0.03273 116609 116561 679775 3159 17 116489 116566 44.7715 324120000000 314590000000 314590000000 171590000000 28599000000 14.5919 0 0.02802 0.90487 0.20194 31.7017 16.1386 -3.26138 0.48418 0.0376 -5.30764 8.62531 14.4048 0.0674 284000000000 333700000000
 0.2900    62275 0.3000    69324      1       -1       -1       -1  0 2.19300e+11 2.19300e+11 151.705000 20.757000 47.280000  1 0.2300 165.440000 46.79812 14.56692 54.66630 2.950 54.970 -70.930 3.353e+10 3.929e+10 -1.496e+10 0.03353 116610 116584 679775 3165 17 116489 116590 20.7566 219260000000 209730000000 200190000000 162060000000 38132000000 32.6041 1.46 0.02692 0.54545 0.11388 -2.27258 19.8352 3.90221 0.51027 0.13681 -2.15792 16.518 4.65474 0.0666 205800000000 143000000000
 0.2900    62276 0.3000    69325      1       -1       -1       -1  0 1.08043e+11 6.67300e+10 102.045000 28.823000 30.190000  1 0.2800 100.620000 46.69901 15.33341 54.02991 -22.730 59.700 -41.120 -2.489e+09 -3.928e+09 4.507e+09 0.01921 116611 116622 679775 3188 17 116489 116623 28.8232 66731000000 66731000000 57198000000 9533000000 0 59.1759 4.25 0.02355 0.33948 0 1.43356 39.1996 -12.7197 0 0 0 0 0 0.1202 244400000000 76260000000
 0.2800    55503 0.2900    62274      1       -1       -1       -1  0 2.76467e+11 2.76500e+11 164.052000 47.274000 45.190000  1 0.2400 164.120000 45.88387 14.71022 54.22705 38.090 66.870 -41.500 8.597e+09 -1.428e+10 4.318e+10 0.01860 116612 116562 679775 3768 16 116489 116566 47.2738 276460000000 219260000000 219260000000 152530000000 0 21.269 0 0.01602 0.88805 0.49229 34.6463 -9.51073 -22.3044 0.65634 0.49442 35.0812 -6.69513 -14.6093 0.0581 244600000000 314600000000
 0.2800    55504 0.2900    62275      1       -1       -1       -1  0 2.12933e+11 1.90700e+11 144.941000 18.960000 43.910000  1 0.2300 162.000000 46.77995 14.50762 54.74380 5.640 50.600 -72.490 3.970e+10 2.427e+10 -5.872e+08 0.03657 116613 116585 679775 3772 16 116489 116590 18.9599 190660000000 190660000000 190660000000 133460000000 0 17.8653 0 0.02992 0.70107 0.40295 32.4499 9.60223 26.2937 0.87279 0.58597 4.26049 17.3082 24.8159 0.0631 174700000000 114400000000
 0.2800    55505 0.2900    62276      0       -1       -1       -1  0 8.58000e+10 8.58000e+10 111.070000 26.197000 32.300000  1 0.2800 113.320000 46.67575 15.22768 54.11849 -19.490 56.890 -42.870 -1.359e+09 -4.687e+09 1.048e+10 0.02447 116614 116623 679775 3845 16 116489 116623 26.197 85797000000 85797000000 85797000000 0 0 56.561 0 0.02813 0.24309 0.08695 65.7827 -34.9723 -9.36165 0 0 0 0 0 0.1095 169900000000 85800000000
 0.2700    49075 0.2800    55503      1       -1       -1       -1  0 2.41533e+11 2.28800e+11 154.163000 42.877000 46.250000  1 0.2400 157.310000 45.89072 14.67447 54.25301 39.110 70.110 -35.930 1.110e+10 3.564e+09 4.960e+10 0.02562 116615 116563 679775 3592 15 116489 116566 42.8768 228790000000 228790000000 200190000000 19066000000 0 50.4736 4.77 0.02461 0.18491 0 21.2259 62.671 -5.51725 0 0 0 0 0 0.0821 225100000000 276500000000
 0.2700    49076 0.2800    55504      1       -1       -1       -1  0 1.87500e+11 2.28800e+11 154.163000 33.756000 37.480000  1 0.2300 161.370000 46.75796 14.40686 54.79192 8.240 53.960 -61.490 3.834e+10 2.433e+09 -7.063e+09 0.02007 116616 116586 679775 3729 15 116489 116590 33.7563 228790000000 228790000000 228790000000 38132000000 0 7.92097 0 0.01886 0.04867 0.01514 30.4128 64.2035 54.0229 0 0 5.31387 43.7975 0.73624 0.0581 204500000000 181100000000
 0.2600    42975 0.2700    49075      1       -1       -1       -1  0 2.22467e+11 2.19300e+11 152.121000 16.720000 48.330000  1 0.2400 182.300000 45.80574 14.51971 54.32560 36.950 59.860 -38.820 4.334e+09 8.400e+09 2.189e+10 0.01636 116617 116564 679775 3533 14 116489 116566 16.7196 219260000000 219260000000 219260000000 200190000000 19066000000 16.1161 0 0.01259 0.8442 0.29159 0.87671 27.4899 18.1766 0.65426 0.04924 -16.2457 7.46042 25.7576 0.0552 236600000000 123900000000
 0.2600    42976 0.2700    49076      1       -1       -1       -1  0 1.62067e+11 1.43000e+11 131.920000 34.578000 41.270000  1 0.2300 137.760000 46.74778 14.33999 54.87251 7.370 47.100 -58.050 1.590e+09 -7.030e+09 4.229e+09 0.00922 116618 116587 679775 3491 14 116489 116590 34.5778 142990000000 142990000000 133460000000 0 0 36.4351 0 0.009 0.1545 0 34.4874 54.6588 47.3816 0 0 0 0 0 0.0817 152900000000 143000000000
 0.2500    37231 0.2600    42975      1       -1       -1       -1  0 1.81167e+11 2.19300e+11 152.242000 23.169000 41.920000  1 0.2400 174.480000 45.75788 14.44028 54.37846 35.090 54.430 -37.820 8.329e+07 -1.250e+09 2.233e+10 0.01423 116619 116565 679775 2586 13 116489 116566 23.1689 219260000000 209730000000 209730000000 162060000000 19066000000 15.7933 0 0.01204 0.84204 0.38663 -27.0581 -11.7706 26.3301 0.31774 0.02482 24.0278 3.27329 -23.6771 0.0546 197400000000 162100000000
 0.2500    37232 0.2600    42976      1       -1       -1       -1  0 1.22367e+11 1.14400e+11 122.561000 10.220000 34.600000  1 0.2300 159.280000 46.74041 14.29531 54.96272 12.190 43.280 -55.350 7.315e+09 1.778e+09 3.066e+09 0.01501 116620 116588 679775 2674 13 116489 116590 10.22 114400000000 95330000000 95330000000 66731000000 28599000000 46.3539 2.12 0.01294 0.57068 0.28105 8.48522 9.79751 15.4013 0.2408 0.06453 8.35614 -6.51082 -0.40861 0.0523 108700000000 28600000000
 0.2400    31822 0.2500    37231      0       -1       -1       -1  0 1.04900e+11 1.04900e+11 119.145000 29.962000 30.050000  1 0.2400 129.740000 46.57046 13.84558 54.62840 13.790 59.580 -29.420 -8.578e+09 5.074e+09 -1.189e+09 0.01736 116621 116566 679775 3064 12 116489 116566 29.9623 104860000000 104860000000 104860000000 0 0 52.0269 0 0.01885 0.34652 0 -7.00277 -32.4338 53.3645 0 0 0 0 0 0.074 102600000000 104900000000
 0.2400    31823 0.2500    37232      1       -1       -1       -1  1 1.09667e+11 1.09700e+11 120.917000 23.488000 32.230000  1 0.2300 146.160000 46.73595 14.27949 54.98295 12.190 43.280 -55.350 7.074e+09 1.620e+09 3.765e+09 0.01570 116622 116589 679775 4995 12 116489 116590 29.3801 109630000000 95330000000 95330000000 52431500000 14299500000 36.4618 2.05 0.01442 0.492785 0.274195 8.51451 27.0965 13.9489 0.17221 0.07364 9.51811 17.4726 5.10453 0.05345 99395000000 66750000000
 0.2300    26832 0.2400    31823      0       -1       -1       -1  0 1.04900e+11 1.04900e+11 119.227000 36.755000 29.460000  1 0.2300 130.140000 46.72249 14.19204 55.12626 8.460 35.660 -45.320 6.834e+09 1.461e+09 4.465e+09 0.01639 116623 116590 679775 2760 11 116489 116590 36.7551 104860000000 95330000000 95330000000 38132000000 0 26.5696 1.98 0.0159 0.41489 0.26734 8.5438 44.3955 12.4966 0.10362 0.08275 10.6801 41.456 10.6177 0.0546 90090000000 104900000000
