 1.0000   677992 0.0000       -1      1       -1       -1       -1  0 5.62467e+11 5.43400e+11 166.944000 10.390000 142.490000  1 0.2400 160.170000 4.78904 57.07275 39.10158 53.070 -227.650 41.830 1.373e+11 7.529e+11 1.632e+11 0.05235 283910 283910 677992 3507 88 283909 283986 10.3898 543380000000 581510000000 457580000000 381320000000 257390000000 17.5593 0 0.05155 0.63023 0.46884 6.61462 18.6408 -8.35804 0.57194 0.3976 8.32583 15.5771 -5.92293 0.5806 792600000000 238300000000
 0.9900   669846 1.0000   677992      1       -1       -1       -1  0 5.62467e+11 5.52900e+11 168.622000 9.186000 144.400000  1 0.2400 167.530000 4.78954 57.09468 39.09501 55.850 -227.300 43.060 1.295e+11 8.035e+11 1.081e+11 0.05491 283911 283911 677992 3460 87 283909 283986 9.18601 552910000000 581510000000 457580000000 400390000000 266920000000 16.6322 0 0.0527 0.54345 0.49081 3.98091 18.1412 -7.08093 0.55363 0.40798 5.31294 15.6868 -4.01759 0.5703 830100000000 209700000000
 0.9800   661460 0.9900   669846      1       -1       -1       -1  0 5.62467e+11 5.52900e+11 169.328000 11.360000 142.040000  1 0.2400 158.890000 4.78523 57.11779 39.08969 55.500 -225.250 42.650 1.278e+11 7.961e+11 1.079e+11 0.05598 283912 283912 677992 3507 86 283909 283986 11.36 552910000000 581510000000 467120000000 400390000000 228790000000 15.3832 0 0.05237 0.58218 0.41575 2.34465 17.4499 -4.47576 0.44867 0.17498 -0.21689 17.0043 -0.65963 0.5491 766200000000 247900000000
 0.9700   653122 0.9800   661460      1       -1       -1       -1  0 5.62467e+11 5.72000e+11 171.966000 13.546000 134.600000  1 0.2400 154.770000 4.77756 57.13830 39.08782 54.720 -222.720 42.060 1.450e+11 7.799e+11 2.070e+11 0.05270 283913 283913 677992 3525 85 283909 283986 13.546 571980000000 581510000000 467120000000 390850000000 219260000000 16.8934 2.19 0.05003 0.6813 0.49611 -5.50866 20.5085 -9.2491 0.67281 0.4056 -5.29665 18.4249 -2.44232 0.523 730700000000 266900000000
 0.9600   644798 0.9700   653122      1       -1       -1       -1  0 5.62467e+11 5.62500e+11 171.714000 15.410000 129.460000  1 0.2400 149.640000 4.78050 57.17203 39.07550 56.930 -221.650 40.940 1.776e+11 8.035e+11 2.224e+11 0.05754 283914 283914 677992 3510 84 283909 283986 15.4098 562450000000 581510000000 495720000000 419450000000 171590000000 14.4767 0 0.05366 0.82758 0.55706 -13.6265 15.9575 -4.45977 0.49977 0.43376 15.0756 -9.22216 -4.5995 0.4968 727400000000 276500000000
 0.9500   636490 0.9600   644798      1       -1       -1       -1  0 5.59300e+11 5.52900e+11 171.443000 17.072000 123.100000  1 0.2400 145.760000 4.77300 57.20047 39.07236 57.910 -221.160 41.420 1.424e+11 7.813e+11 2.370e+11 0.05815 283915 283915 677992 3520 83 283909 283986 17.0719 552910000000 581510000000 505250000000 409920000000 152530000000 13.9129 0 0.05385 0.91782 0.60655 -5.84577 18.6055 -8.22912 0.76251 0.48172 13.4148 -5.28975 -8.41777 0.4691 713100000000 247900000000
 0.9400   628199 0.9500   636490      1       -1       -1       -1  0 5.59300e+11 5.43400e+11 171.150000 19.529000 120.190000  1 0.2400 141.180000 4.76649 57.23377 39.05701 56.670 -217.450 40.780 3.020e+10 7.041e+11 1.816e+11 0.05218 283916 283916 677992 3523 82 283909 283986 19.5288 543380000000 581510000000 495720000000 343190000000 133460000000 24.5802 0 0.04884 0.76962 0.59267 5.30611 18.554 -18.8438 0.65968 0.61788 -9.88036 -10.4875 16.4105 0.4638 679100000000 305100000000
 0.9300   619887 0.9400   628199      1       -1       -1       -1  0 5.59300e+11 5.62500e+11 173.834000 19.187000 119.950000  1 0.2400 144.290000 4.75879 57.25046 39.06311 56.470 -216.030 40.610 9.618e+10 7.277e+11 2.140e+11 0.05228 283917 283917 677992 2606 81 283909 283986 19.1869 562450000000 581510000000 524310000000 352720000000 162060000000 13.2771 0 0.04861 0.7175 0.59484 9.40534 18.6932 -12.0971 0.5538 0.41411 12.374 13.976 -7.35822 0.4524 665400000000 324100000000
 0.9200   611546 0.9300   619887      1       -1       -1       -1  0 5.59300e+11 5.62500e+11 174.538000 18.286000 123.640000  1 0.2400 146.410000 4.75926 57.27740 39.06165 55.620 -213.470 40.980 5.383e+10 7.440e+11 2.330e+11 0.05388 283918 283918 677992 3546 80 283909 283986 18.2859 562450000000 571980000000 514780000000 362250000000 181130000000 9.19504 0 0.04985 0.66611 0.47652 5.2999 18.8446 -11.03 0.73028 0.40784 2.78186 15.0821 -6.41676 0.4632 675800000000 324100000000
 0.9100   603189 0.9200   611546      1       -1       -1       -1  0 5.56100e+11 5.52900e+11 174.244000 15.592000 127.270000  1 0.2400 151.380000 4.75882 57.30483 39.05381 55.100 -210.110 39.060 -2.145e+10 6.358e+11 1.560e+11 0.04730 283919 283919 677992 3563 79 283909 283986 15.5921 552910000000 571980000000 505250000000 352720000000 190660000000 11.6428 0 0.04314 0.52577 0.47159 5.3777 17.397 -7.17231 0.45354 0.35954 5.95081 15.6888 -2.70889 0.4724 667300000000 295500000000
 0.9000   594826 0.9100   603189      1       -1       -1       -1  0 5.46533e+11 5.52900e+11 174.940000 12.494000 129.760000  1 0.2400 160.510000 4.75432 57.32896 39.04575 54.780 -210.440 39.160 6.675e+10 7.247e+11 2.326e+11 0.05635 283920 283920 677992 3565 78 283909 283986 12.4944 552910000000 571980000000 486180000000 352720000000 190660000000 14.9184 0 0.05049 0.696 0.55756 12.2736 13.9283 -4.84168 0.71208 0.54438 9.09127 12.9489 0.28418 0.4713 726700000000 238300000000
 0.8900   586428 0.9000   594826      1       -1       -1       -1  0 5.40167e+11 5.33800e+11 173.592000 12.182000 130.480000  1 0.2400 159.940000 4.74912 57.35241 39.04265 53.740 -207.050 35.490 -6.842e+10 5.859e+11 1.863e+11 0.04924 283921 283921 677992 3610 77 283909 283986 12.1819 533850000000 571980000000 448050000000 371790000000 219260000000 12.398 0 0.0435 0.49365 0.42899 12.6267 11.7607 -8.96066 0.53515 0.35529 13.4757 9.78639 -5.37213 0.4715 742200000000 219300000000
 0.8800   578054 0.8900   586428      1       -1       -1       -1  0 5.27467e+11 5.33800e+11 174.277000 11.837000 129.480000  1 0.2400 161.880000 4.74505 57.37963 39.03962 53.620 -204.760 35.110 -7.044e+10 5.782e+11 1.807e+11 0.04898 283922 283922 677992 4608 76 283909 283986 11.8369 533850000000 571980000000 448050000000 381320000000 247860000000 13.1043 0 0.04305 0.5592 0.45589 13.3751 11.0961 -10.7988 0.53166 0.43405 12.2614 9.24975 -9.20295 0.4646 716200000000 247900000000
 0.8700   569598 0.8800   578054      1       -1       -1       -1  0 5.17933e+11 5.14800e+11 172.850000 11.494000 128.670000  1 0.2400 161.420000 4.73962 57.40231 39.04243 55.910 -198.920 35.640 8.498e+10 6.514e+11 4.587e+11 0.07013 283923 283923 677992 7672 75 283909 283986 11.4937 514780000000 552910000000 438520000000 362250000000 228790000000 22.9049 0 0.06031 0.82493 0.45084 10.1913 6.46788 -7.20699 0.82164 0.46542 9.25346 5.68645 -6.31416 0.453 710400000000 228800000000
 0.8600   561144 0.8700   569598      1       -1       -1       -1  0 5.11600e+11 5.05200e+11 172.444000 10.655000 127.090000  1 0.2400 164.190000 4.72833 57.42813 39.03358 55.000 -195.410 36.470 7.908e+10 5.613e+11 5.564e+11 0.07316 283924 283924 677992 3648 74 283909 283986 10.6554 505250000000 552910000000 438520000000 381320000000 219260000000 23.9097 0 0.06192 0.69497 0.60421 14.4502 6.5513 -8.94867 0.63667 0.55965 13.7015 5.32136 -7.09513 0.4414 638900000000 190700000000
 0.8500   552708 0.8600   561144      1       -1       -1       -1  0 5.08433e+11 5.14800e+11 174.191000 15.587000 120.840000  1 0.2400 151.150000 4.73768 57.46465 39.02454 54.900 -193.090 34.610 2.348e+10 6.038e+11 3.113e+11 0.05472 283925 283925 677992 3627 73 283909 283986 15.5873 514780000000 552910000000 428980000000 352720000000 181130000000 33.6787 1.63 0.05157 0.52306 0.43857 23.3563 5.07744 -15.6827 0.5294 0.29072 18.8585 3.86335 -14.5524 0.4672 565000000000 238300000000
 0.8400   544198 0.8500   552708      1       -1       -1       -1  0 5.08433e+11 4.95700e+11 172.671000 12.604000 115.700000  1 0.2400 157.480000 4.71187 57.48109 39.02803 52.910 -187.650 31.200 2.433e+11 5.638e+11 2.678e+11 0.06412 283926 283926 677992 3687 72 283909 283986 12.6037 495720000000 524310000000 419450000000 371790000000 219260000000 16.0851 0 0.05434 0.82044 0.75021 12.5761 15.2069 -4.11921 0.6325 0.50883 9.24979 16.8147 4.32218 0.3965 597500000000 228800000000
 0.8300   535686 0.8400   544198      1       -1       -1       -1  0 4.92533e+11 5.14800e+11 175.521000 22.543000 114.850000  1 0.2400 141.000000 4.68719 57.52160 39.01482 52.410 -187.430 33.510 1.583e+11 5.280e+11 5.175e+11 0.06050 283927 283927 677992 1555 71 283909 283986 22.543 514780000000 524310000000 428980000000 352720000000 123930000000 12.4032 1.51 0.05783 0.64309 0.44138 -7.84404 14.2614 -13.6585 0.54112 0.18093 9.1267 -7.23796 11.7859 0.447 555900000000 333700000000
 0.8200   527101 0.8300   535686      1       -1       -1       -1  0 4.73467e+11 4.67100e+11 170.567000 14.877000 109.090000  1 0.2400 149.040000 4.70668 57.53925 39.03417 55.060 -180.540 27.010 1.291e+11 3.722e+11 6.152e+10 0.04015 283928 283928 677992 7792 70 283909 283986 14.877 467120000000 486180000000 428980000000 324120000000 190660000000 23.5468 0 0.03601 0.63128 0.5192 22.4988 12.1788 -2.32563 0.616 0.41274 18.9974 5.49609 -1.54907 0.4027 498600000000 209700000000
 0.8100   518459 0.8200   527101      1       -1       -1       -1  0 4.48033e+11 4.38500e+11 167.636000 17.777000 101.470000  1 0.2400 140.220000 4.68303 57.55177 39.03296 55.180 -170.950 22.580 2.073e+10 2.252e+11 4.474e+10 0.02785 283929 283929 677992 3712 69 283909 283986 17.7769 438520000000 476650000000 409920000000 305060000000 142990000000 11.8152 3.34 0.02322 0.99596 0.85183 4.01303 17.0934 -2.19448 0.72988 0.52438 14.9746 -5.24926 -4.82466 0.3423 493400000000 247900000000
 0.8000   509786 0.8100   518459      1       -1       -1       -1  0 4.28967e+11 4.38500e+11 168.256000 16.263000 98.260000  1 0.2400 143.740000 4.67875 57.59113 39.02766 54.540 -171.810 24.640 -1.432e+10 2.294e+11 2.328e+10 0.02733 283930 283930 677992 7902 68 283909 283986 16.2634 438520000000 476650000000 409920000000 295520000000 142990000000 16.6949 0 0.02338 0.73754 0.54354 16.3864 21.4489 -4.99719 0.65279 0.42172 15.518 15.627 -9.49138 0.3377 464800000000 209700000000
 0.7900   501151 0.8000   509786      1       -1       -1       -1  0 4.19433e+11 4.09900e+11 165.119000 17.760000 94.670000  1 0.2400 137.890000 4.65148 57.60331 39.03263 54.330 -165.780 19.960 -7.162e+10 1.347e+11 -5.469e+10 0.02277 283931 283931 677992 3741 67 283909 283986 17.7601 409920000000 409920000000 390850000000 314590000000 133460000000 14.2883 0 0.01844 0.79826 0.66563 6.94294 21.2049 3.47368 0.87666 0.49521 8.86744 15.9106 -1.67864 0.301 481000000000 219300000000
 0.7800   492511 0.7900   501151      1       -1       -1       -1  0 4.06733e+11 4.09900e+11 165.719000 16.989000 93.660000  1 0.2400 139.970000 4.63097 57.63178 39.02274 54.220 -164.600 20.310 -7.003e+10 1.323e+11 -5.486e+10 0.02194 283932 283932 677992 7870 66 283909 283986 16.9892 409920000000 419450000000 371790000000 324120000000 104860000000 20.184 0 0.01822 0.85134 0.65549 20.8877 16.4036 8.32251 0.6919 0.42404 21.8554 10.1174 8.32535 0.3052 489300000000 190700000000
 0.7700   483837 0.7800   492511      1       -1       -1       -1  0 4.03567e+11 4.00400e+11 165.016000 16.610000 92.120000  1 0.2400 140.090000 4.63189 57.66452 39.01927 54.940 -161.650 18.690 -3.910e+10 1.316e+11 -3.982e+10 0.02142 283933 283933 677992 3770 65 283909 283986 16.61 400390000000 409920000000 381320000000 333650000000 114400000000 7.1625 0 0.01706 0.94264 0.76412 7.23692 20.5539 9.3518 0.86655 0.64053 19.7902 3.81917 11.7545 0.2803 485500000000 209700000000
 0.7600   475140 0.7700   483837      1       -1       -1       -1  0 4.00400e+11 4.00400e+11 165.605000 13.869000 94.620000  1 0.2400 146.870000 4.61751 57.70497 39.02324 54.640 -160.240 19.200 -3.613e+10 1.280e+11 -3.968e+10 0.02098 283934 283934 677992 3781 64 283909 283986 13.8689 400390000000 400390000000 390850000000 314590000000 123930000000 17.8579 0 0.01665 0.92917 0.75771 18.3731 -1.55083 8.35291 0.7829 0.47171 20.1174 0.50328 6.53487 0.288 473200000000 200200000000
 0.7500   466411 0.7600   475140      1       -1       -1       -1  0 4.00400e+11 4.00400e+11 166.189000 9.841000 101.890000  1 0.2400 161.260000 4.61992 57.72520 39.02552 52.370 -160.940 17.660 -4.188e+09 8.928e+10 -4.237e+09 0.01394 283935 283935 677992 3788 63 283909 283986 9.84081 400390000000 400390000000 400390000000 295520000000 190660000000 15.6843 0 0.01079 0.89178 0.77857 -11.2172 -1.71058 12.0232 0.60694 0.38398 12.5826 3.08929 -9.82376 0.306 533900000000 171600000000
 0.7400   457621 0.7500   466411      1       -1       -1       -1  0 4.00400e+11 4.00400e+11 166.769000 7.175000 107.130000  1 0.2400 177.360000 4.59596 57.75561 39.02253 54.830 -158.940 16.970 2.384e+10 7.726e+10 4.327e+10 0.01499 283936 283936 677992 3801 62 283909 283986 7.1749 400390000000 400390000000 381320000000 295520000000 200190000000 18.6793 0 0.01111 0.94268 0.69252 -3.18802 2.25817 14.0391 0.79586 0.58713 -3.23053 1.50467 12.3361 0.3068 603700000000 171600000000
 0.7300   448792 0.7400   457621      1       -1       -1       -1  0 3.94033e+11 4.00400e+11 167.346000 9.554000 104.060000  1 0.2400 164.510000 4.58272 57.78554 39.01731 52.490 -157.070 15.580 -3.803e+10 9.843e+10 -1.416e+10 0.01729 283937 283937 677992 8000 61 283909 283986 9.5538 400390000000 400390000000 381320000000 305060000000 209730000000 16.0511 0 0.01296 0.81289 0.65876 5.69545 15.9084 -7.9386 0.74283 0.52947 7.71854 12.2055 -7.8445 0.2991 512800000000 152500000000
 0.7200   439949 0.7300   448792      1       -1       -1       -1  0 3.84500e+11 3.81300e+11 165.209000 9.876000 102.400000  1 0.2400 160.680000 4.56756 57.82072 39.00864 54.900 -155.550 15.720 -2.077e+10 7.105e+10 1.845e+10 0.01338 283938 283938 677992 3850 60 283909 283986 9.87572 381320000000 400390000000 362250000000 285990000000 200190000000 9.72642 0 0.01013 0.83499 0.68754 10.8712 13.6411 -5.22749 0.61119 0.50766 16.6291 9.8805 -3.5286 0.3009 552500000000 123900000000
 0.7100   431035 0.7200   439949      1       -1       -1       -1  0 3.71800e+11 3.71800e+11 164.374000 11.543000 97.340000  1 0.2400 153.540000 4.55558 57.85471 38.99316 53.670 -154.530 17.260 1.581e+10 5.086e+10 6.151e+09 0.00978 283939 283939 677992 8108 59 283909 283986 11.5431 371790000000 400390000000 362250000000 305060000000 142990000000 6.38568 0 0.00746 0.7372 0.60469 13.961 6.98707 -12.0232 0.70742 0.32898 14.675 8.22562 -10.3148 0.2854 500100000000 143000000000
 0.7000   422063 0.7100   431035      1       -1       -1       -1  0 3.62267e+11 3.62300e+11 163.502000 14.053000 92.070000  1 0.2400 145.600000 4.53657 57.88448 39.00452 51.070 -150.390 17.050 -1.952e+10 3.476e+10 5.286e+10 0.01232 283940 283940 677992 3903 58 283909 283986 14.0527 362250000000 381320000000 352720000000 305060000000 114400000000 19.6766 0 0.00968 0.65175 0.56096 -16.0797 -7.26019 18.6396 0.64039 0.51896 -14.2088 -10.4403 14.8309 0.2759 451900000000 181100000000
 0.6900   413065 0.7000   422063      1       -1       -1       -1  0 3.55900e+11 3.52700e+11 162.590000 13.462000 90.580000  1 0.2400 146.410000 4.52616 57.91890 38.99191 51.470 -146.740 15.700 4.124e+10 6.604e+09 8.286e+10 0.01855 283941 283941 677992 3906 57 283909 283986 13.462 352720000000 352720000000 352720000000 295520000000 142990000000 11.4957 0 0.01426 0.53314 0.38396 22.0108 3.66465 -5.71389 0.5056 0.29645 20.1492 3.13908 -6.28186 0.262 435100000000 152500000000
 0.6800   404061 0.6900   413065      1       -1       -1       -1  0 3.52700e+11 3.52700e+11 163.120000 12.153000 92.070000  1 0.2400 151.120000 4.51847 57.95961 38.98030 50.180 -144.800 16.010 4.064e+10 5.658e+09 8.086e+10 0.01877 283942 283942 677992 3911 56 283909 283986 12.153 352720000000 352720000000 352720000000 285990000000 133460000000 6.89971 0 0.01401 0.58146 0.32425 22.6765 0.85843 -8.03205 0.37088 0.1812 22.6661 4.12396 -8.10291 0.2559 464000000000 143000000000
 0.6700   395087 0.6800   404061      1       -1       -1       -1  0 3.46367e+11 3.52700e+11 163.645000 9.902000 92.170000  1 0.2400 160.440000 4.51201 57.99904 38.97470 48.900 -142.790 16.240 3.992e+10 5.213e+09 7.881e+10 0.01883 283943 283943 677992 1805 55 283909 283986 9.90224 352720000000 362250000000 333650000000 276460000000 152530000000 7.02189 0 0.01376 0.89901 0.61429 16.6275 -3.55017 -0.03714 0.9077 0.50216 9.46213 3.29049 10.403 0.2474 438300000000 152500000000
 0.6600   386148 0.6700   395087      1       -1       -1       -1  0 3.46367e+11 3.33700e+11 161.152000 11.001000 86.170000  1 0.2400 153.480000 4.50102 58.02700 38.96799 47.730 -137.960 15.860 1.334e+10 2.424e+10 8.273e+10 0.02025 283944 283944 677992 3976 54 283909 283986 11.0012 333650000000 371790000000 324120000000 276460000000 152530000000 6.09274 1.05 0.01496 0.72169 0.48956 18.0634 -11.2138 3.5038 0.69915 0.42179 16.8377 -12.2745 -1.95564 0.2303 393100000000 152500000000
 0.6500   377113 0.6600   386148      1       -1       -1       -1  0 3.46367e+11 3.33700e+11 161.657000 14.301000 78.460000  1 0.2400 144.840000 4.48289 58.07872 38.94989 45.750 -139.310 17.070 -9.648e+09 2.928e+10 8.884e+10 0.02145 283945 283945 677992 8289 53 283909 283986 14.3009 333650000000 343190000000 295520000000 257390000000 142990000000 18.6023 0 0.01623 0.77612 0.64874 19.5077 -0.83835 8.18429 0.86609 0.55837 11.252 2.58939 12.9689 0.2029 361400000000 162100000000
 0.6400   368034 0.6500   377113      1       -1       -1       -1  0 3.46367e+11 3.24100e+11 160.597000 14.473000 75.150000  1 0.2400 143.720000 4.48175 58.11493 38.94334 43.840 -135.160 16.090 -5.616e+10 3.439e+09 4.447e+10 0.01727 283946 283946 677992 8270 52 283909 283986 14.4727 324120000000 333650000000 305060000000 247860000000 85797000000 16.1971 0 0.01307 0.56303 0.42151 16.2713 1.44348 2.49095 0.63105 0.18045 11.7402 0.4813 -0.00537 0.1904 352500000000 162100000000
 0.6300   358920 0.6400   368034      1       -1       -1       -1  0 3.46367e+11 3.24100e+11 161.086000 14.845000 74.340000  1 0.2400 143.880000 4.49384 58.15240 38.93703 42.830 -132.200 14.630 -5.641e+10 1.540e+10 3.508e+10 0.01603 283947 283947 677992 4000 51 283909 283986 14.8454 324120000000 324120000000 314590000000 219260000000 95330000000 26.0115 1.45 0.01251 0.44517 0.14298 25.1929 -0.57595 -5.89533 0.38196 0.0916 24.3226 1.24205 -7.18913 0.1946 331800000000 143000000000
 0.6200   349829 0.6300   358920      1       -1       -1       -1  0 3.46367e+11 3.43200e+11 164.677000 12.439000 76.330000  1 0.2400 154.830000 4.47574 58.19188 38.94523 44.180 -132.850 14.470 -2.590e+10 2.410e+10 3.257e+10 0.01040 283948 283948 677992 4014 50 283909 283986 12.4393 343190000000 352720000000 295520000000 238320000000 114400000000 17.5456 0 0.00807 0.33594 0.29167 27.5542 -0.40752 -0.35699 0.336 0.2252 22.4701 2.54852 -1.95827 0.1925 333400000000 143000000000
 0.6100   340710 0.6200   349829      1       -1       -1       -1  0 3.46367e+11 3.52700e+11 166.678000 12.150000 79.350000  1 0.2400 158.710000 4.46209 58.23410 38.93440 41.960 -133.340 16.940 -5.901e+09 -8.000e+09 7.998e+10 0.01728 283949 283949 677992 4044 49 283909 283986 12.1504 352720000000 352720000000 285990000000 228790000000 142990000000 19.651 0 0.01301 0.55482 0.35203 18.1368 -3.34772 2.4318 0.57034 0.17768 15.3162 -0.15228 4.57331 0.1878 372500000000 143000000000
 0.6000   331568 0.6100   340710      1       -1       -1       -1  0 3.46367e+11 3.43200e+11 165.643000 11.260000 83.100000  1 0.2400 161.200000 4.44541 58.26186 38.93256 41.340 -131.570 16.920 1.175e+09 -1.754e+08 9.100e+10 0.02090 283950 283950 677992 5074 48 283909 283986 11.2604 343190000000 352720000000 333650000000 228790000000 171590000000 5.77525 0 0.01548 0.61032 0.57614 19.6501 -12.8895 6.715 0.62719 0.49961 -11.3756 12.0005 -10.0451 0.1984 402300000000 162100000000
 0.5900   322401 0.6000   331568      1       -1       -1       -1  0 3.46367e+11 3.43200e+11 166.116000 11.201000 81.970000  1 0.2400 162.670000 4.43179 58.31219 38.92410 42.410 -129.710 17.660 5.579e+08 -5.047e+09 8.443e+10 0.01965 283951 283951 677992 4087 47 283909 283986 11.2013 343190000000 343190000000 314590000000 247860000000 152530000000 10.5113 1.94 0.01449 0.74136 0.66152 14.7133 -14.0065 -0.62384 0.785 0.51325 -5.97795 15.7004 -2.765 0.1921 389400000000 143000000000
 0.5800   313156 0.5900   322401      1       -1       -1       -1  0 3.46367e+11 3.24100e+11 163.438000 12.570000 78.870000  1 0.2400 155.470000 4.41727 58.34990 38.92519 42.120 -126.870 17.170 -2.306e+10 2.951e+10 1.154e+11 0.03089 283952 283952 677992 4081 46 283909 283986 12.5697 324120000000 343190000000 305060000000 266920000000 114400000000 1.22572 0 0.02302 0.43801 0.35428 26.7225 -16.9169 -0.65797 0.47473 0.17059 25.4095 -13.6395 0.08024 0.1868 390100000000 143000000000
 0.5700   303933 0.5800   313156      1       -1       -1       -1  0 3.46367e+11 3.24100e+11 163.889000 16.294000 76.040000  1 0.2400 147.410000 4.40395 58.39154 38.91613 42.360 -124.280 16.710 -2.185e+10 3.316e+10 1.114e+11 0.02996 283953 283953 677992 4084 45 283909 283986 16.2941 324120000000 324120000000 305060000000 276460000000 114400000000 3.40197 0 0.02261 0.43475 0.30569 23.5542 -15.3533 1.79205 0.17603 0.08278 19.7398 -18.3125 3.25669 0.1786 368300000000 181100000000
 0.5600   294681 0.5700   303933      1       -1       -1       -1  0 3.46367e+11 3.52700e+11 169.029000 13.910000 74.270000  1 0.2400 159.630000 4.37493 58.43639 38.91956 42.690 -119.710 17.320 -8.865e+10 5.086e+10 8.554e+10 0.02877 283954 283954 677992 4111 44 283909 283986 13.9101 352720000000 352720000000 324120000000 247860000000 142990000000 4.76972 0 0.0223 0.75055 0.39772 19.2923 -11.8978 3.15043 0.65902 0.14956 -5.50999 16.9172 -4.37253 0.1702 354900000000 152500000000
 0.5500   285429 0.5600   294681      1       -1       -1       -1  0 3.46367e+11 3.52700e+11 169.478000 13.297000 76.740000  1 0.2400 162.750000 4.35775 58.48852 38.90799 42.710 -118.580 17.780 -7.236e+10 2.470e+10 9.619e+10 0.02715 283955 283955 677992 4089 43 283909 283986 13.2969 352720000000 352720000000 314590000000 228790000000 162060000000 9.55341 2.09 0.02071 0.60118 0.43415 22.1255 -14.4898 -1.2132 0.64554 0.31195 -7.5363 18.3348 -0.00399 0.1733 354200000000 162100000000
 0.5400   276210 0.5500   285429      1       -1       -1       -1  0 3.36833e+11 3.33700e+11 166.799000 12.091000 76.840000  1 0.2400 164.240000 4.34985 58.53560 38.89909 40.510 -115.790 15.140 -5.703e+10 7.018e+10 7.575e+10 0.02996 283956 283956 677992 4105 42 283909 283986 12.091 333650000000 333650000000 285990000000 238320000000 152530000000 11.27 0 0.02199 0.38643 0.3228 25.1961 -15.3537 -0.3854 0.41835 0.36767 18.4328 -14.013 -3.71948 0.1642 347300000000 133500000000
 0.5300   266972 0.5400   276210      1       -1       -1       -1  0 3.30500e+11 3.24100e+11 165.616000 17.096000 71.960000  1 0.2400 150.810000 4.33137 58.58858 38.88936 39.110 -111.630 14.540 -3.490e+10 9.568e+10 4.758e+10 0.02916 283957 283957 677992 4082 41 283909 283986 17.0963 324120000000 324120000000 305060000000 228790000000 133460000000 19.6325 0 0.02217 0.32682 0.30499 19.4832 -18.8128 8.9161 0.34108 0.23545 -13.7885 18.1272 -8.66649 0.1578 323000000000 181100000000
 0.5200   257744 0.5300   266972      1       -1       -1       -1  0 3.27300e+11 3.33700e+11 167.640000 12.604000 68.690000  1 0.2400 165.420000 4.32453 58.62992 38.89237 40.380 -110.760 15.770 -1.805e+10 1.106e+11 5.750e+10 0.03104 283958 283958 677992 2965 40 283909 283986 12.6044 333650000000 343190000000 314590000000 219260000000 162060000000 16.2973 1.51 0.02386 0.54852 0.44447 -18.9982 25.9822 -13.5229 0.66876 0.53668 19.0816 -19.9155 6.33753 0.1426 389500000000 152500000000
 0.5100   248473 0.5200   257744      1       -1       -1       -1  0 3.27300e+11 3.14600e+11 164.783000 17.368000 67.330000  1 0.2400 151.160000 4.31879 58.67253 38.88235 37.250 -111.040 18.030 -9.477e+09 1.047e+11 7.929e+10 0.03636 283959 283959 677992 2913 39 283909 283986 17.3684 314590000000 314590000000 314590000000 228790000000 114400000000 17.9613 0 0.02775 0.52441 0.41923 10.5097 -16.1774 15.6305 0.40496 0.28889 14.6867 -13.9628 13.1043 0.1369 304400000000 162100000000
 0.5000   239305 0.5100   248473      1       -1       -1       -1  0 3.27300e+11 3.14600e+11 165.174000 16.917000 68.380000  1 0.2400 153.440000 4.30792 58.71613 38.88464 37.260 -108.020 17.690 -8.504e+09 1.033e+11 7.801e+10 0.03636 283960 283960 677992 2940 38 283909 283986 16.9166 314590000000 314590000000 314590000000 247860000000 114400000000 22.6869 0 0.02758 0.79381 0.44963 12.8862 -13.0567 2.38133 0.5335 0.34567 -8.98595 12.5295 -4.49451 0.1378 328200000000 143000000000
 0.4900   230125 0.5000   239305      1       -1       -1       -1  0 3.27300e+11 3.24100e+11 167.212000 15.790000 72.910000  1 0.2400 159.240000 4.25425 58.77338 38.87148 38.890 -106.940 14.920 -9.039e+09 5.887e+10 6.895e+10 0.02500 283961 283961 677992 4027 37 283909 283986 15.7902 324120000000 324120000000 305060000000 238320000000 123930000000 9.6703 1.65 0.0186 0.7151 0.39354 24.3788 -3.72074 -0.32756 0.49113 0.20715 26.0323 -5.45992 4.61103 0.1449 337000000000 152500000000
 0.4800   220972 0.4900   230125      1       -1       -1       -1  0 3.27300e+11 3.24100e+11 167.589000 9.771000 72.860000  1 0.2400 181.370000 4.25278 58.81497 38.87780 36.710 -102.190 14.560 4.678e+09 8.657e+10 6.127e+10 0.02972 283962 283962 677992 4038 36 283909 283986 9.77104 324120000000 324120000000 305060000000 238320000000 162060000000 13.6565 0.98 0.02187 0.37317 0.35145 26.8539 -11.2541 6.99283 0.41095 0.30992 23.279 -11.0949 8.70004 0.142 383800000000 133500000000
 0.4700   211839 0.4800   220972      1       -1       -1       -1  0 3.27300e+11 3.24100e+11 167.957000 19.633000 69.470000  1 0.2400 154.880000 4.22250 58.86245 38.87536 35.700 -98.390 11.630 -1.160e+08 1.118e+11 2.425e+10 0.03026 283963 283963 677992 4037 35 283909 283986 19.6333 324120000000 324120000000 305060000000 228790000000 104860000000 22.9896 0 0.02378 0.73587 0.4456 -7.94599 15.6487 -14.9983 0.37907 0.21544 -11.6019 17.0172 -9.16615 0.1443 296100000000 190700000000
 0.4600   202731 0.4700   211839      1       -1       -1       -1  0 3.27300e+11 3.33700e+11 169.950000 21.235000 66.600000  1 0.2400 155.800000 4.19837 58.91442 38.86244 34.490 -95.840 10.020 -1.838e+10 1.027e+11 4.116e+10 0.02836 283964 283964 677992 8151 34 283909 283986 21.2353 333650000000 333650000000 324120000000 200190000000 95330000000 18.8238 0 0.02245 0.72869 0.25859 24.877 15.1631 -8.87241 0.92508 0.30304 -16.4059 14.3157 -8.4958 0.1336 295600000000 181100000000
 0.4500   193694 0.4600   202731      1       -1       -1       -1  0 3.27300e+11 3.24100e+11 168.664000 20.184000 63.060000  1 0.2400 157.200000 4.16103 58.96741 38.85298 33.220 -89.490 8.360 -4.838e+10 1.078e+11 1.420e+10 0.03176 283965 283965 677992 8094 33 283909 283986 20.1839 324120000000 324120000000 305060000000 190660000000 123930000000 15.9115 0 0.02524 0.9088 0.48851 27.6081 -4.86633 -5.11028 0.47627 0.20506 12.3923 -8.39165 21.0205 0.1206 283700000000 171600000000
 0.4400   184646 0.4500   193694      1       -1       -1       -1  0 3.17767e+11 3.24100e+11 169.003000 30.513000 61.110000  1 0.2400 147.590000 4.17226 59.01259 38.84204 34.220 -86.570 7.670 -1.091e+10 1.214e+11 2.790e+10 0.03223 283966 283966 677992 3965 32 283909 283986 30.5133 324120000000 324120000000 285990000000 181130000000 0 20.4026 0 0.02679 0.42535 0.1357 41.366 -4.2657 -6.16256 0.4513 0.16866 39.7458 0.89315 -4.91777 0.1196 286400000000 257400000000
 0.4300   175640 0.4400   184646      1       -1       -1       -1  0 3.08233e+11 3.05100e+11 165.944000 23.996000 61.730000  1 0.2400 151.670000 4.11299 59.06836 38.83549 33.240 -81.430 6.650 2.885e+09 1.188e+11 4.542e+10 0.03854 283967 283967 677992 8108 31 283909 283986 23.9961 305060000000 305060000000 295520000000 190660000000 95330000000 34.4305 0 0.03047 0.54054 0.34153 22.7838 -16.5759 16.1096 0.37744 0.29803 15.1542 -12.9325 18.4977 0.1116 275300000000 190700000000
 0.4200   166682 0.4300   175640      1       -1       -1       -1  0 2.92367e+11 2.95500e+11 164.506000 18.701000 62.590000  1 0.2400 159.000000 4.11430 59.10318 38.83856 33.020 -78.550 7.000 -3.936e+09 1.339e+11 3.887e+10 0.04682 283968 283968 677992 8038 30 283909 283986 18.7015 295520000000 295520000000 295520000000 257390000000 114400000000 12.3883 0 0.03562 0.66865 0.4805 33.2537 -11.2776 16.6954 0.561 0.41981 33.9801 -0.45554 9.76123 0.1074 317300000000 162100000000
 0.4100   157812 0.4200   166682      1       -1       -1       -1  0 2.86000e+11 2.76500e+11 161.181000 14.347000 61.310000  1 0.2400 166.010000 4.08904 59.14661 38.82529 30.590 -77.890 6.900 1.149e+10 1.143e+11 2.625e+10 0.04487 283969 283969 677992 7953 29 283909 283986 14.3466 276460000000 276460000000 276460000000 247860000000 19066000000 7.332 0 0.03399 0.80387 0.48847 21.314 -1.9126 19.2202 0.3763 0.14841 25.1111 0.08287 25.5645 0.1057 320600000000 114400000000
 0.4000   149043 0.4100   157812      1       -1       -1       -1  0 2.73300e+11 2.86000e+11 163.298000 16.459000 61.950000  1 0.2400 165.090000 4.05949 59.18744 38.82193 27.930 -74.290 6.540 -6.097e+09 9.806e+10 2.321e+10 0.03638 283970 283970 677992 3870 28 283909 283986 16.4585 285990000000 285990000000 276460000000 219260000000 66731000000 16.8257 0 0.02785 0.86228 0.53448 -9.24666 -21.731 17.1108 0.84901 0.43673 5.31145 -11.7284 21.3138 0.1083 293400000000 152500000000
 0.3900   140374 0.4000   149043      1       -1       -1       -1  0 2.66933e+11 2.57400e+11 157.929000 16.249000 59.550000  1 0.2400 160.550000 4.03895 59.23100 38.81512 24.950 -69.880 6.130 2.117e+10 6.862e+10 5.125e+10 0.03925 283971 283971 677992 3802 27 283909 283986 16.2486 257390000000 257390000000 257390000000 209730000000 95330000000 13.6859 0 0.02935 0.53461 0.38329 -7.32927 -9.24971 15.8211 0.65862 0.36301 9.18402 10.7977 -7.85705 0.099 258800000000 133500000000
 0.3800   131903 0.3900   140374      1       -1       -1       -1  0 2.51033e+11 2.57400e+11 158.184000 13.152000 58.310000  1 0.2400 170.690000 4.02560 59.27892 38.81374 23.290 -68.170 4.340 -1.068e+10 4.112e+10 5.112e+10 0.02976 283972 283972 677992 3737 26 283909 283986 13.1522 257390000000 257390000000 257390000000 181130000000 104860000000 16.1442 0 0.02238 0.89888 0.5046 -1.48048 -11.1613 23.5273 0.84869 0.53999 -0.85109 -9.64532 22.6484 0.0959 275400000000 114400000000
 0.3700   123419 0.3800   131903      1       -1       -1       -1  0 2.51033e+11 2.38300e+11 154.418000 20.857000 52.910000  1 0.2400 151.720000 4.02727 59.35387 38.81384 16.650 -67.370 5.310 5.198e+09 -6.583e+09 2.470e+10 0.01281 283973 283973 677992 7442 25 283909 283986 20.8573 238320000000 228790000000 228790000000 181130000000 76264000000 14.3777 0 0.01011 0.6982 0.39454 7.07015 -26.1545 30.2127 0.07617 0.01189 18.0241 -39.3368 44.5827 0.089 227300000000 152500000000
 0.3600   114967 0.3700   123419      1       -1       -1       -1  0 2.44667e+11 2.57400e+11 158.666000 38.251000 47.350000  1 0.2400 144.470000 3.99765 59.36119 38.83670 20.200 -64.090 8.070 -2.586e+10 -2.787e+10 6.677e+10 0.03078 283974 283974 677992 3573 24 283909 283986 38.2512 257390000000 219260000000 219260000000 152530000000 9533000000 32.0809 0 0.02654 0.68562 0.17462 15.875 -23.9577 41.058 0.51154 0.13134 17.3515 0.7803 41.4902 0.0806 214000000000 219300000000
 0.3500   106671 0.3600   114967      1       -1       -1       -1  0 2.38333e+11 2.38300e+11 154.867000 27.189000 44.220000  1 0.2400 148.880000 3.98976 59.43111 38.84027 21.050 -63.000 3.450 -1.491e+10 -2.835e+10 3.631e+10 0.02292 283975 283975 677992 3508 23 283909 283986 27.1891 238320000000 238320000000 238320000000 133460000000 0 27.4139 0 0.01927 0.70045 0.11962 -6.91204 28.567 -21.0045 0.10109 0 -14.4545 40.0543 -10.6692 0.0653 212000000000 162100000000
 0.3400    98556 0.3500   106671      1       -1       -1       -1  0 2.31967e+11 2.19300e+11 150.827000 15.282000 46.670000  1 0.2400 162.950000 3.97022 59.47386 38.82665 22.800 -61.630 1.730 -2.811e+10 -3.740e+10 1.390e+10 0.02929 283976 283976 677992 3440 22 283909 283986 15.2821 219260000000 219260000000 219260000000 171590000000 0 17.1536 0 0.02263 0.87879 0.7151 -17.2327 3.69047 28.4144 0.8026 0.69187 -10.7635 26.7506 9.31958 0.0618 219400000000 114400000000
 0.3300    90682 0.3400    98556      1       -1       -1       -1  0 2.31967e+11 2.28800e+11 153.179000 17.654000 52.120000  1 0.2400 163.090000 3.96859 59.53464 38.83809 20.760 -54.710 2.440 -5.023e+09 -3.464e+10 1.808e+10 0.02289 283977 283977 677992 3407 21 283909 283986 17.6545 228790000000 228790000000 228790000000 181130000000 47665000000 21.3148 0 0.01726 0.95098 0.48811 9.10638 3.98636 21.7471 0.46441 0.0734 8.27275 13.4776 12.4281 0.0691 238700000000 133500000000
 0.3200    82940 0.3300    90682      1       -1       -1       -1  0 2.31967e+11 2.38300e+11 155.468000 13.696000 52.950000  1 0.2400 178.080000 3.94870 59.57933 38.82721 20.330 -55.940 3.500 -2.301e+10 -3.598e+10 2.489e+10 0.02812 283978 283978 677992 3304 20 283909 283986 13.6962 238320000000 238320000000 238320000000 200190000000 114400000000 22.5093 0 0.02054 0.61449 0.52787 12.2696 -12.9855 20.2502 0.65941 0.53193 12.7261 -8.15973 17.7139 0.0668 246700000000 114400000000
 0.3100    75452 0.3200    82940      1       -1       -1       -1  0 2.31967e+11 2.28800e+11 153.545000 9.450000 54.160000  1 0.2400 195.230000 3.93811 59.64648 38.81463 19.660 -49.040 4.850 -7.040e+09 -1.914e+10 7.386e+09 0.01385 283979 283979 677992 3250 19 283909 283986 9.4496 228790000000 228790000000 228790000000 190660000000 47665000000 9.34756 0 0.00979 0.61811 0.45376 -5.22 -15.2072 28.0732 0.61776 0.45669 -5.14701 -15.1684 28.0245 0.0658 318000000000 47660000000
 0.3000    68198 0.3100    75452      1       -1       -1       -1  0 2.12900e+11 2.28800e+11 153.714000 11.130000 52.500000  1 0.2400 190.130000 3.90690 59.70572 38.80269 19.220 -47.330 5.030 -1.460e+10 -1.520e+10 5.890e+09 0.01367 283980 283980 677992 6132 18 283909 283986 11.1296 228790000000 228790000000 228790000000 171590000000 123930000000 13.9179 0 0.01004 0.5995 0.55501 12.1207 10.7774 -4.9349 0.63459 0.49807 12.2729 8.52785 -4.68814 0.0683 263600000000 85800000000
 0.2900    61197 0.3000    68198      1       -1       -1       -1  0 1.97000e+11 1.81100e+11 142.345000 14.384000 42.200000  1 0.2400 165.170000 3.89777 59.77668 38.76820 13.980 -49.500 12.990 -1.416e+10 4.609e+09 -1.387e+10 0.01771 283981 283981 677992 5751 17 283909 283986 14.3839 181130000000 181130000000 181130000000 114400000000 47665000000 27.2184 0 0.01401 0.65176 0.27456 11.4312 2.34327 24.4052 0.67325 0.19961 11.7608 1.61991 20.9705 0.0596 171900000000 95330000000
 0.2800    54478 0.2900    61197      1       -1       -1       -1  0 1.65233e+11 1.81100e+11 142.484000 39.984000 34.390000  1 0.2400 142.860000 3.85906 59.81450 38.79103 15.050 -43.860 11.270 3.131e+09 -1.307e+10 -1.544e+10 0.01602 283982 283982 677992 2778 16 283909 283986 39.9838 181130000000 162060000000 162060000000 85797000000 0 29.8948 2.35 0.01434 0.3348 0.02367 9.18613 -31.2779 34.6427 0.25521 0 16.2008 -14.0285 18.2718 0.0534 149300000000 190700000000
 0.2700    48094 0.2800    54478      1       -1       -1       -1  0 1.46167e+11 1.33500e+11 128.811000 28.468000 29.140000  1 0.2400 134.680000 3.83702 59.86871 38.78760 17.910 -40.830 9.210 -6.027e+09 4.460e+09 -1.305e+10 0.01902 283983 283983 677992 2591 15 283909 283986 28.4676 133460000000 133460000000 123930000000 38132000000 0 20.2313 0 0.01784 0.45799 0.29352 3.469 -27.7948 45.0052 0.59566 0.12566 -4.95957 -22.9581 34.9628 0.0501 137200000000 123900000000
 0.2600    42045 0.2700    48094      1       -1       -1       -1  0 1.30300e+11 1.23900e+11 125.775000 31.646000 29.010000  1 0.2400 131.880000 3.84215 59.91113 38.74268 17.920 -41.580 9.170 -2.891e+09 -5.924e+08 -1.116e+10 0.01604 283984 283984 677992 1899 14 283909 283986 31.6462 123930000000 123930000000 123930000000 9533000000 0 12.8224 0 0.01578 0.36311 0.0998 -21.7299 -33.1729 36.6811 0 0 0 0 0 0.0567 134600000000 123900000000
 0.2500    36363 0.2600    42045      1       -1       -1       -1  0 1.20767e+11 1.33500e+11 129.024000 37.306000 29.250000  1 0.2400 136.040000 3.79634 59.94844 38.75753 19.080 -32.010 9.360 -3.898e+09 -7.691e+09 -1.816e+10 0.02334 283985 283985 677992 4472 13 283909 283986 37.306 133460000000 133460000000 57198000000 0 0 16.6847 6.5 0.02475 0.12995 0.05457 46.7818 80.3003 -51.275 0 0 0 0 0 0.0667 114800000000 143000000000
 0.2400    31016 0.2500    36363      0       -1       -1       -1  0 1.04900e+11 1.04900e+11 119.145000 25.155000 22.620000  1 0.2400 132.420000 3.82554 60.05845 38.68657 14.670 -41.190 9.760 3.653e+09 5.583e+09 5.638e+09 0.01701 283986 283986 677992 1675 12 283909 283986 25.1553 104860000000 104860000000 95330000000 28599000000 0 11.4905 0 0.0164 0.62084 0.25594 -16.5995 -16.3737 39.5713 0 0 12.4221 22.8539 18.3411 0.0286 95660000000 85800000000
