 1.0000   681857 0.0000       -1      1       -1       -1       -1  0 3.11433e+11 2.76500e+11 133.274000 8.543000 102.910000  1 0.2300 126.870000 51.18230 37.52215 57.11600 323.050 -609.960 -262.680 1.767e+10 6.831e+10 -1.902e+10 0.01720 410782 410782 681857 7372 88 410781 410859 8.54255 285990000000 314590000000 266920000000 209730000000 133460000000 6.03311 2.86 0.01485 0.42079 0.35749 -4.52016 3.64114 17.9475 0.47648 0.37718 -2.55709 2.69833 13.4557 0.4642 430100000000 123900000000
 0.9900   673753 1.0000   681857      1       -1       -1       -1  0 3.11433e+11 2.86000e+11 135.356000 8.370000 98.800000  1 0.2300 129.920000 51.14591 37.58492 57.14307 316.080 -601.100 -260.400 -8.287e+09 9.745e+10 -7.649e+10 0.02708 410783 410783 681857 7341 87 410781 410859 8.36973 285990000000 295520000000 266920000000 209730000000 142990000000 6.95064 0 0.02391 0.55594 0.33911 -6.1662 6.97757 21.071 0.59962 0.39247 -0.66332 6.89742 16.7836 0.4474 415700000000 104900000000
 0.9800   665306 0.9900   673753      1       -1       -1       -1  0 3.11433e+11 2.86000e+11 135.923000 9.242000 100.830000  1 0.2300 127.100000 51.11181 37.63593 57.16240 305.740 -590.460 -261.730 -1.534e+10 1.605e+11 -1.677e+11 0.05012 410784 410784 681857 7425 86 410781 410859 9.24246 295520000000 305060000000 266920000000 219260000000 114400000000 8.81401 3 0.04494 0.77443 0.40241 -6.0642 4.56446 20.8007 0.85763 0.44091 -6.59629 -7.58811 15.6868 0.4601 447400000000 114400000000
 0.9700   656901 0.9800   665306      1       -1       -1       -1  0 3.11433e+11 2.86000e+11 136.490000 9.573000 101.340000  1 0.2300 126.470000 51.07656 37.69974 57.18750 300.510 -579.380 -259.410 -9.739e+09 1.602e+11 -1.667e+11 0.04993 410785 410785 681857 6472 85 410781 410859 9.57303 285990000000 295520000000 266920000000 219260000000 104860000000 11.7109 0 0.04483 0.79017 0.35588 -6.06595 5.89291 23.6147 0.75442 0.24225 11.0499 14.1127 -9.84669 0.4619 410100000000 133500000000
 0.9600   648558 0.9700   656901      1       -1       -1       -1  0 3.11433e+11 2.76500e+11 135.515000 8.967000 102.780000  1 0.2300 127.350000 51.04924 37.75648 57.20343 290.830 -570.960 -257.620 -5.796e+09 9.112e+10 -1.538e+11 0.04107 410786 410786 681857 7447 84 410781 410859 8.96701 276460000000 305060000000 257390000000 219260000000 104860000000 19.2878 0 0.03678 0.70156 0.28384 0.05979 17.6539 20.6849 0.8802 0.35268 10.9997 18.6124 -0.99328 0.4711 418500000000 104900000000
 0.9500   640220 0.9600   648558      1       -1       -1       -1  0 3.11433e+11 2.76500e+11 136.074000 7.002000 103.800000  1 0.2300 136.770000 51.01733 37.82029 57.23154 284.390 -562.390 -255.720 -6.720e+09 9.446e+10 -1.547e+11 0.04274 410787 410787 681857 7491 83 410781 410859 7.00246 276460000000 305060000000 257390000000 219260000000 162060000000 19.7328 0 0.03742 0.69561 0.46657 4.37108 17.77 14.1946 0.6692 0.47368 6.80673 19.0667 6.12828 0.4635 460800000000 76260000000
 0.9400   631902 0.9500   640220      1       -1       -1       -1  0 3.11433e+11 2.86000e+11 138.184000 8.128000 105.610000  1 0.2300 133.750000 50.98022 37.88894 57.27326 280.240 -554.060 -252.810 9.579e+07 1.616e+11 -1.593e+11 0.05092 410788 410788 681857 7461 82 410781 410859 8.12752 285990000000 295520000000 257390000000 238320000000 133460000000 11.6565 0 0.04438 0.60836 0.31404 -1.0705 13.1197 14.6848 0.65454 0.20475 1.55153 12.973 12.4114 0.4639 460300000000 95330000000
 0.9300   623566 0.9400   631902      1       -1       -1       -1  0 3.11433e+11 2.95500e+11 140.272000 8.755000 107.190000  1 0.2300 133.520000 50.94991 37.95500 57.30296 271.630 -546.700 -249.750 4.254e+10 1.278e+11 -1.055e+11 0.03570 410789 410789 681857 7630 81 410781 410859 8.75494 295520000000 295520000000 257390000000 247860000000 142990000000 13.1761 0 0.03179 0.40915 0.29588 -2.69202 13.0129 15.0381 0.24413 0.05868 -2.11042 14.4499 17.0317 0.476 443800000000 104900000000
 0.9200   615221 0.9300   623566      1       -1       -1       -1  0 3.11433e+11 2.95500e+11 140.840000 9.238000 111.230000  1 0.2300 132.230000 50.92196 38.02311 57.33300 269.970 -537.560 -247.370 1.409e+10 1.361e+11 -1.747e+11 0.04406 410790 410790 681857 7504 80 410781 410859 9.23779 295520000000 295520000000 257390000000 238320000000 114400000000 9.20516 0 0.04137 0.37887 0.19466 -2.72886 16.4523 22.4646 0.22101 0.09015 1.4124 12.5299 16.7446 0.5191 474400000000 114400000000
 0.9100   606845 0.9200   615221      1       -1       -1       -1  0 3.11433e+11 2.95500e+11 141.406000 8.109000 108.890000  1 0.2300 137.540000 50.88835 38.08916 57.37103 263.510 -529.170 -245.000 1.764e+10 1.322e+11 -1.694e+11 0.04228 410791 410791 681857 7536 79 410781 410859 8.10911 295520000000 295520000000 266920000000 238320000000 0 5.36872 0 0.04033 0.48642 0.22536 -4.11885 15.4087 27.447 0.26431 0.06241 -4.29908 19.0257 26.1484 0.5166 500800000000 66730000000
 0.9000   598469 0.9100   606845      1       -1       -1       -1  0 3.11433e+11 2.95500e+11 141.972000 10.634000 100.380000  1 0.2300 128.710000 50.86024 38.14781 57.40136 256.540 -518.160 -242.910 -3.108e+10 1.104e+11 -1.676e+11 0.04222 410792 410792 681857 7539 78 410781 410859 10.6344 295520000000 295520000000 266920000000 238320000000 47665000000 12.4984 0 0.03813 0.75636 0.58502 -6.91535 7.45659 21.5663 0.57631 0.13771 4.95769 3.13381 22.4524 0.4478 413400000000 114400000000
 0.8900   590056 0.9000   598469      1       -1       -1       -1  0 3.11433e+11 2.95500e+11 142.535000 10.280000 95.290000  1 0.2300 130.410000 50.82965 38.21420 57.43288 250.490 -509.670 -240.550 -3.110e+10 1.121e+11 -1.708e+11 0.04407 410793 410793 681857 7598 77 410781 410859 10.2797 295520000000 295520000000 266920000000 219260000000 38132000000 14.334 0 0.03894 0.7304 0.59239 -15.1497 4.84294 17.2785 0.75062 0.53885 -5.03596 -0.89304 19.8699 0.4108 420100000000 114400000000
 0.8800   581675 0.8900   590056      1       -1       -1       -1  0 3.11433e+11 2.86000e+11 141.541000 11.392000 94.980000  1 0.2300 125.980000 50.80060 38.28495 57.44038 244.930 -501.720 -241.680 -3.856e+10 5.101e+10 -1.743e+11 0.04137 410794 410794 681857 7685 76 410781 410859 11.3922 285990000000 295520000000 247860000000 209730000000 85797000000 27.7882 2.11 0.03709 0.55786 0.42604 -12.0675 9.94399 17.509 0.68668 0.46271 -9.96421 4.59848 15.2907 0.4198 380400000000 123900000000
 0.8700   573199 0.8800   581675      1       -1       -1       -1  0 3.11433e+11 2.95500e+11 143.657000 9.702000 96.580000  1 0.2300 133.620000 50.76169 38.36232 57.50038 238.340 -492.970 -235.580 -2.737e+10 1.147e+11 -1.747e+11 0.04488 410795 410795 681857 6519 75 410781 410859 9.70218 295520000000 295520000000 257390000000 219260000000 95330000000 4.3861 0 0.04002 0.55246 0.38474 -15.1003 12.2409 22.3584 0.19978 0.09284 -4.40955 11.2624 20.7441 0.4185 425200000000 95330000000
 0.8600   564731 0.8700   573199      1       -1       -1       -1  0 3.11433e+11 2.76500e+11 141.044000 8.547000 100.570000  1 0.2300 134.990000 50.73468 38.42091 57.51751 235.120 -483.460 -232.380 -5.909e+10 6.637e+10 -1.513e+11 0.04543 410796 410796 681857 7833 74 410781 410859 8.54703 276460000000 295520000000 238320000000 209730000000 142990000000 20.8115 0 0.03737 0.72956 0.48994 -8.08911 6.26721 10.7241 0.9343 0.6204 -5.53914 2.0109 10.4198 0.4062 394700000000 114400000000
 0.8500   556293 0.8600   564731      1       -1       -1       -1  0 3.11433e+11 2.66900e+11 139.942000 7.925000 98.860000  1 0.2300 136.430000 50.68545 38.49263 57.56343 229.200 -474.470 -232.480 -6.193e+10 1.303e+11 -1.325e+11 0.05109 410797 410797 681857 7778 73 410781 410859 7.92484 266920000000 295520000000 266920000000 209730000000 133460000000 12.9472 0 0.04441 0.38444 0.31582 26.1971 -0.52341 -19.3373 0.12772 0.03685 31.3575 4.7706 -19.1883 0.4283 428600000000 47660000000
 0.8400   547795 0.8500   556293      1       -1       -1       -1  0 3.11433e+11 2.66900e+11 140.477000 8.581000 92.760000  1 0.2300 134.200000 50.67966 38.56428 57.58739 219.290 -469.510 -225.790 -1.913e+10 5.506e+10 -8.956e+10 0.02962 410798 410798 681857 7879 72 410781 410859 8.5808 266920000000 285990000000 238320000000 200190000000 123930000000 24.3746 0 0.02432 0.68187 0.41105 9.29848 -5.5834 -8.70273 0.74244 0.38636 -2.06708 5.79055 8.03476 0.3694 358700000000 104900000000
 0.8300   539273 0.8400   547795      1       -1       -1       -1  0 3.11433e+11 2.66900e+11 141.010000 10.374000 86.720000  1 0.2300 128.390000 50.65126 38.64063 57.62507 211.740 -460.580 -224.000 -2.130e+10 1.431e+11 -7.326e+10 0.04379 410799 410799 681857 7912 71 410781 410859 10.3737 266920000000 276460000000 238320000000 162060000000 104860000000 33.7635 0 0.03707 0.7213 0.3832 12.3399 -6.78752 -13.5494 0.53084 0.17185 -4.0972 7.46401 14.6049 0.3497 299100000000 114400000000
 0.8200   530684 0.8300   539273      1       -1       -1       -1  0 3.11433e+11 2.66900e+11 141.541000 13.135000 79.880000  1 0.2300 121.900000 50.58918 38.72434 57.67498 205.640 -452.480 -221.370 -2.062e+10 1.409e+11 -7.383e+10 0.04472 410800 410800 681857 6750 70 410781 410859 13.1348 266920000000 276460000000 257390000000 228790000000 85797000000 4.55759 0 0.03681 0.57592 0.3091 31.1105 -9.08618 -13.7977 0.11557 0.04013 40.1424 -8.53294 -15.0447 0.2996 348500000000 133500000000
 0.8100   522042 0.8200   530684      1       -1       -1       -1  0 3.11433e+11 2.66900e+11 142.069000 13.524000 78.150000  1 0.2300 121.710000 50.57721 38.79425 57.70535 199.460 -444.440 -218.670 -1.979e+10 1.381e+11 -7.403e+10 0.04346 410801 410801 681857 7992 69 410781 410859 13.5241 266920000000 285990000000 238320000000 200190000000 66731000000 24.0314 0 0.0364 0.68557 0.52139 20.21 -6.60298 -4.42503 0.81324 0.73233 12.4932 -5.87855 -2.18583 0.2955 322900000000 123900000000
 0.8000   513357 0.8100   522042      1       -1       -1       -1  0 3.11433e+11 2.57400e+11 140.877000 11.285000 78.420000  1 0.2300 125.790000 50.51657 38.87018 57.74376 191.210 -438.740 -214.760 -4.285e+10 1.606e+11 -6.716e+10 0.05476 410802 410802 681857 6962 68 410781 410859 11.2847 257390000000 266920000000 257390000000 190660000000 85797000000 8.0861 0 0.0441 0.65636 0.23584 32.621 -6.26289 12.455 0.86384 0.491 22.6195 6.28173 21.253 0.2809 342900000000 114400000000
 0.7900   504714 0.8000   513357      1       -1       -1       -1  0 3.11433e+11 2.76500e+11 144.802000 11.611000 79.230000  1 0.2300 129.370000 50.49699 38.94912 57.78662 185.490 -427.820 -211.160 4.245e+10 1.189e+11 -2.299e+10 0.03439 410803 410803 681857 7978 67 410781 410859 11.6113 276460000000 276460000000 247860000000 209730000000 47665000000 10.208 0 0.02814 0.85223 0.45124 21.346 -0.37961 12.8419 0.67355 0.3454 10.7936 6.50275 20.1465 0.2825 361500000000 123900000000
 0.7800   496072 0.7900   504714      1       -1       -1       -1  0 3.11433e+11 2.66900e+11 143.638000 9.754000 83.930000  1 0.2300 133.930000 50.46286 39.03075 57.83122 181.630 -421.210 -209.950 -5.381e+10 1.669e+11 -9.156e+10 0.05807 410804 410804 681857 6826 66 410781 410859 9.75372 266920000000 285990000000 247860000000 209730000000 95330000000 10.6371 0 0.04621 0.77978 0.41365 14.6238 5.05657 18.0618 0.53622 0.34669 3.67619 9.04921 21.5299 0.2929 376200000000 95330000000
 0.7700   487398 0.7800   496072      1       -1       -1       -1  0 3.11433e+11 2.76500e+11 145.851000 9.201000 89.130000  1 0.2300 138.790000 50.42305 39.11177 57.86848 174.330 -411.770 -205.530 1.367e+09 1.558e+11 -4.145e+10 0.04538 410805 410805 681857 8035 65 410781 410859 9.20127 285990000000 295520000000 257390000000 219260000000 104860000000 12.6321 0 0.03568 0.60302 0.37303 2.00811 6.41188 20.4706 0.41725 0.19885 0.24845 7.70661 21.7006 0.3075 395500000000 104900000000
 0.7600   478702 0.7700   487398      1       -1       -1       -1  0 3.11433e+11 2.76500e+11 146.371000 8.357000 95.770000  1 0.2300 143.250000 50.38623 39.19501 57.90359 175.010 -405.480 -204.560 -4.314e+10 2.202e+11 -1.773e+11 0.08213 410806 410806 681857 8025 64 410781 410859 8.35723 285990000000 285990000000 257390000000 209730000000 152530000000 12.2868 0 0.06359 0.58471 0.38067 -1.34311 3.60338 15.054 0.38653 0.2688 -0.47956 3.03974 14.9325 0.3294 411300000000 114400000000
 0.7500   469981 0.7600   478702      1       -1       -1       -1  0 3.11433e+11 2.76500e+11 146.888000 7.836000 98.360000  1 0.2300 146.670000 50.35939 39.27596 57.94235 169.390 -397.270 -201.970 -4.164e+10 2.160e+11 -1.748e+11 0.08384 410807 410807 681857 7965 63 410781 410859 7.83552 285990000000 285990000000 266920000000 219260000000 162060000000 8.07079 0 0.06279 0.90967 0.53947 14.2524 5.25261 -1.11316 0.65988 0.5592 9.96427 -5.74275 -10.1026 0.3261 441500000000 95330000000
 0.7400   461172 0.7500   469981      1       -1       -1       -1  0 3.11433e+11 2.76500e+11 147.401000 7.685000 97.710000  1 0.2300 148.350000 50.32048 39.35730 57.98318 163.750 -388.980 -199.510 -4.041e+10 2.120e+11 -1.724e+11 0.08313 410808 410808 681857 8011 62 410781 410859 7.68496 285990000000 285990000000 247860000000 228790000000 171590000000 12.3883 0 0.06204 0.89951 0.59735 -11.3527 7.07962 8.44485 0.73489 0.58099 -10.6646 6.63379 8.89798 0.3212 455600000000 95330000000
 0.7300   452350 0.7400   461172      1       -1       -1       -1  0 3.11433e+11 2.76500e+11 147.910000 7.602000 96.900000  1 0.2300 149.710000 50.28905 39.43800 58.02551 158.010 -380.620 -197.180 -3.924e+10 2.083e+11 -1.702e+11 0.08138 410809 410809 681857 6887 61 410781 410859 7.60179 276460000000 285990000000 247860000000 238320000000 181130000000 11.1357 0 0.06136 0.83986 0.52246 6.67554 10.5515 14.1124 0.7 0.47458 5.03481 9.94268 14.6576 0.3216 447900000000 66730000000
 0.7200   443513 0.7300   452350      1       -1       -1       -1  0 3.11433e+11 2.76500e+11 148.416000 9.558000 91.350000  1 0.2300 141.510000 50.25045 39.51607 58.06590 151.560 -370.680 -193.410 -3.639e+10 2.087e+11 -1.710e+11 0.07887 410810 410810 681857 8002 60 410781 410859 9.5581 276460000000 285990000000 247860000000 228790000000 114400000000 13.0342 2.32 0.06178 0.85268 0.4184 -5.00452 4.45439 21.9864 0.74141 0.28936 0.09419 5.36216 24.0219 0.3125 395100000000 104900000000
 0.7100   434609 0.7200   443513      1       -1       -1       -1  0 3.11433e+11 2.95500e+11 152.265000 12.941000 98.140000  1 0.2300 135.670000 50.21698 39.59745 58.10386 150.160 -369.980 -190.020 1.607e+11 2.014e+11 -1.736e+11 0.07133 410811 410811 681857 6941 59 410781 410859 12.9411 295520000000 295520000000 247860000000 228790000000 114400000000 17.6493 6.28 0.06341 0.74321 0.32241 -9.38919 -0.4271 21.8041 0.63419 0.24892 -7.58563 1.84198 22.0193 0.3868 369300000000 133500000000
 0.7000   425640 0.7100   434609      1       -1       -1       -1  0 3.11433e+11 3.05100e+11 154.399000 14.872000 93.240000  1 0.2300 133.900000 50.20789 39.68399 58.15238 126.950 -356.160 -193.840 1.362e+11 1.864e+11 -1.608e+11 0.05858 410812 410812 681857 8079 58 410781 410859 14.8717 381320000000 390850000000 305060000000 209730000000 0 4.69047 26.07 0.05477 0.96629 0.33972 23.3373 15.0958 16.8452 0.65829 0.19721 -8.12864 -3.70102 31.6709 0.3963 342300000000 162100000000
 0.6900   416645 0.7000   425640      1       -1       -1       -1  0 3.11433e+11 3.05100e+11 154.909000 19.066000 88.330000  1 0.2300 127.790000 50.17847 39.76861 58.20157 117.400 -350.900 -191.590 1.620e+11 9.452e+10 -4.756e+10 0.04116 410813 410813 681857 8086 57 410781 410859 19.0655 390850000000 390850000000 343190000000 238320000000 0 8.67576 26.93 0.03787 0.9057 0.28883 17.7224 15.123 26.7856 0.34136 0.00562 3.59457 1.92544 36.0667 0.3658 323200000000 190700000000
 0.6800   407635 0.6900   416645      1       -1       -1       -1  0 3.11433e+11 3.14600e+11 157.016000 21.154000 98.120000  1 0.2300 127.580000 50.14028 39.84306 58.23346 146.720 -329.340 -172.370 4.119e+11 -2.194e+10 -3.610e+09 0.08155 410814 410814 681857 8098 56 410781 410859 21.154 371790000000 400390000000 343190000000 209730000000 85797000000 4.38531 14.92 0.07714 0.73479 0.42585 -2.41926 -2.55022 28.733 0.53199 0.42658 -3.26526 -5.79291 24.5083 0.4067 312700000000 209700000000
 0.6700   398641 0.6800   407635      1       -1       -1       -1  0 2.89200e+11 3.14600e+11 157.521000 27.855000 92.620000  1 0.2300 122.440000 50.10628 39.92834 58.28811 134.840 -316.350 -178.200 2.810e+11 6.799e+10 -4.663e+10 0.05823 410815 410815 681857 8040 55 410781 410859 27.8546 343190000000 343190000000 305060000000 190660000000 85797000000 6.65542 0 0.05508 0.81601 0.38859 17.0233 16.959 12.0627 0.62206 0.36388 12.3905 -5.86105 -10.1617 0.3752 308400000000 228800000000
 0.6600   389730 0.6700   398641      1       -1       -1       -1  0 2.89200e+11 9.53300e+10 106.140000 10.254000 49.930000  1 0.2300 92.910000 50.37671 39.87335 58.35464 184.180 -221.610 -156.160 2.366e+10 9.980e+09 4.080e+09 0.03574 410816 410816 681857 8082 54 410781 410859 10.254 95330000000 114400000000 85797000000 76264000000 9533000000 7.05365 4.77 0.03599 0.10801 0 -1.12193 30.04 -7.95728 0.23411 0.13354 -0.78007 29.5527 -2.65698 0.2865 214100000000 28600000000
 0.6500   380711 0.6600   389730      1       -1       -1       -1  0 2.89200e+11 3.05100e+11 156.899000 25.503000 81.550000  1 0.2300 124.320000 50.03932 40.09053 58.38455 121.100 -309.530 -171.620 4.682e+10 1.583e+11 6.597e+10 0.03651 410817 410817 681857 6984 53 410781 410859 25.5035 305060000000 305060000000 238320000000 152530000000 19066000000 10.7257 4.47 0.03562 0.42745 0.20748 30.0195 13.595 0.33129 0.35736 0.25407 25.544 9.1959 1.58327 0.3322 273200000000 200200000000
 0.6400   371645 0.6500   380711      1       -1       -1       -1  0 2.89200e+11 2.86000e+11 154.034000 23.996000 74.940000  1 0.2300 123.320000 50.01996 40.18845 58.42229 117.410 -302.740 -171.450 1.482e+10 1.358e+11 5.422e+10 0.03620 410818 410818 681857 7000 52 410781 410859 23.9958 285990000000 305060000000 257390000000 152530000000 19066000000 10.4002 0 0.033 0.64123 0.21353 33.5526 17.6408 -3.26717 0.66288 0.1342 27.7451 18.9674 -7.14465 0.2688 257900000000 200200000000
 0.6300   362549 0.6400   371645      1       -1       -1       -1  0 2.76467e+11 2.76500e+11 152.767000 26.288000 74.010000  1 0.2300 120.710000 49.97995 40.27156 58.48938 109.290 -293.300 -169.900 5.169e+10 1.172e+11 3.145e+10 0.03406 410819 410819 681857 8151 51 410781 410859 26.288 276460000000 295520000000 238320000000 181130000000 0 12.1721 5.9 0.03154 0.38129 0.2569 46.4777 23.1811 -8.85825 0.03403 0 38.9273 -3.84372 -5.99359 0.2744 255700000000 200200000000
 0.6200   353443 0.6300   362549      1       -1       -1       -1  0 2.70100e+11 2.66900e+11 151.444000 23.449000 71.970000  1 0.2300 122.200000 49.95307 40.35511 58.53779 104.220 -285.330 -164.440 5.279e+10 6.680e+10 7.002e+10 0.03087 410820 410820 681857 8111 50 410781 410859 23.4487 266920000000 285990000000 247860000000 190660000000 0 12.6744 3.34 0.02813 0.06033 0.03376 39.687 11.1407 2.22675 0.04608 0 30.1934 8.38297 1.76943 0.2565 269400000000 190700000000
 0.6100   344308 0.6200   353443      1       -1       -1       -1  0 2.66933e+11 2.66900e+11 151.891000 21.426000 71.560000  1 0.2300 125.070000 49.91883 40.44842 58.58889 95.740 -279.360 -162.600 3.222e+10 3.557e+10 6.984e+10 0.02381 410821 410821 681857 8155 49 410781 410859 21.4256 266920000000 285990000000 247860000000 181130000000 0 17.3469 7.1 0.02177 0.30413 0.10943 52.4183 14.6668 -7.21307 0.51984 0.17316 44.2256 11.793 -7.01062 0.2551 273700000000 181100000000
 0.6000   335183 0.6100   344308      1       -1       -1       -1  0 2.66933e+11 2.47900e+11 148.615000 23.413000 68.690000  1 0.2300 120.480000 49.93608 40.54709 58.63537 94.980 -269.250 -157.860 7.736e+10 -3.049e+10 -1.034e+11 0.04551 410822 410822 681857 8235 48 410781 410859 23.4128 247860000000 247860000000 228790000000 142990000000 76264000000 24.0877 3.02 0.03882 0.52743 0.26141 20.2122 24.0109 16.159 0.62373 0.23541 6.65637 22.968 5.44 0.2185 246200000000 181100000000
 0.5900   326016 0.6000   335183      1       -1       -1       -1  0 2.66933e+11 2.66900e+11 152.767000 19.919000 66.660000  1 0.2300 128.700000 49.87852 40.62429 58.68179 93.230 -261.120 -156.550 4.339e+10 1.140e+08 -4.259e+10 0.01857 410823 410823 681857 8235 47 410781 410859 19.9194 266920000000 266920000000 228790000000 200190000000 0 9.09924 0 0.01583 0.40918 0.28361 33.8933 32.013 17.7245 0.57774 0.04441 24.1059 28.2016 -1.17902 0.1986 274300000000 162100000000
 0.5800   316785 0.5900   326016      1       -1       -1       -1  0 2.66933e+11 2.66900e+11 153.196000 20.939000 65.030000  1 0.2300 128.470000 49.83889 40.71362 58.72388 86.190 -250.220 -153.710 1.927e+10 5.588e+10 -5.546e+09 0.01820 410824 410824 681857 8292 46 410781 410859 20.9387 266920000000 266920000000 247860000000 190660000000 0 8.12454 0 0.01557 0.39473 0.25093 39.1302 22.8383 16.2301 0.71177 0.56854 33.2851 31.6578 4.12171 0.1894 262100000000 181100000000
 0.5700   307562 0.5800   316785      1       -1       -1       -1  0 2.66933e+11 2.57400e+11 151.767000 18.852000 66.020000  1 0.2300 130.240000 49.80432 40.78109 58.77169 84.120 -241.790 -148.440 5.002e+10 4.947e+10 -2.285e+10 0.02375 410825 410825 681857 8288 45 410781 410859 18.8522 257390000000 257390000000 247860000000 181130000000 0 18.5765 0 0.02076 0.47784 0.07341 30.5651 28.1084 9.00957 0.29074 0.01476 26.8641 25.8346 9.84906 0.2039 260200000000 162100000000
 0.5600   298320 0.5700   307562      1       -1       -1       -1  0 2.66933e+11 2.57400e+11 152.177000 18.477000 64.730000  1 0.2300 131.820000 49.78194 40.86979 58.83776 82.180 -230.180 -148.010 -9.647e+09 5.256e+10 -3.776e+10 0.02181 410826 410826 681857 8252 44 410781 410859 18.4766 257390000000 257390000000 228790000000 181130000000 0 7.97091 0 0.01851 0.54093 0.33939 23.2858 33.0581 -13.6918 0.4053 0.00882 28.2852 22.1872 1.92431 0.1848 261900000000 152500000000
 0.5500   289073 0.5600   298320      1       -1       -1       -1  0 2.66933e+11 2.57400e+11 152.581000 15.320000 63.500000  1 0.2300 138.290000 49.76810 40.99076 58.89261 76.170 -222.840 -141.710 -8.536e+09 5.614e+10 -4.185e+10 0.02451 410827 410827 681857 8231 43 410781 410859 15.32 257390000000 257390000000 238320000000 142990000000 95330000000 22.1501 0 0.02011 0.72562 0.22597 7.05676 -14.3419 18.0467 0.79689 0.22709 2.31415 -1.2474 20.3019 0.1696 230900000000 114400000000
 0.5400   279851 0.5500   289073      1       -1       -1       -1  0 2.66933e+11 2.38300e+11 149.103000 21.405000 61.570000  1 0.2300 126.370000 49.69735 41.06364 58.95107 77.700 -212.880 -138.510 -4.251e+10 8.742e+10 -6.644e+10 0.04421 410828 410828 681857 8352 42 410781 410859 21.4045 238320000000 238320000000 228790000000 171590000000 0 30.4747 0 0.03845 0.37236 0.30133 28.088 15.6123 -26.1203 0.18087 0.05435 23.3105 18.8375 -20.7593 0.1797 243700000000 143000000000
 0.5300   270615 0.5400   279851      1       -1       -1       -1  0 2.66933e+11 2.38300e+11 149.482000 16.168000 62.520000  1 0.2300 134.750000 49.69738 41.12869 59.00021 75.530 -204.800 -135.730 -3.981e+10 8.696e+10 -6.470e+10 0.04708 410829 410829 681857 8318 41 410781 410859 16.1684 238320000000 247860000000 219260000000 181130000000 28599000000 10.396 0 0.03802 0.31385 0.1731 6.68651 -13.0759 23.0065 0.22112 0.08348 3.82342 -13.2375 20.3015 0.1612 244600000000 123900000000
 0.5200   261387 0.5300   270615      1       -1       -1       -1  0 2.66933e+11 2.47900e+11 151.826000 14.993000 60.210000  1 0.2300 140.430000 49.66271 41.21436 59.05542 72.100 -198.450 -133.900 -3.053e+10 8.796e+10 -7.862e+10 0.04704 410830 410830 681857 7185 40 410781 410859 14.9925 247860000000 247860000000 228790000000 171590000000 0 5.45468 0 0.0379 0.85278 0.32216 12.8014 -0.50783 33.8193 0.47275 0.04386 2.98387 -6.34014 29.3563 0.1456 244300000000 123900000000
 0.5100   252113 0.5200   261387      1       -1       -1       -1  0 2.66933e+11 2.47900e+11 152.195000 19.869000 62.680000  1 0.2300 133.610000 49.62971 41.28421 59.10892 68.400 -196.050 -131.970 -1.855e+10 4.006e+10 -2.215e+10 0.01874 410831 410831 681857 7131 39 410781 410859 19.8692 247860000000 247860000000 228790000000 190660000000 0 19.8076 0 0.01549 0.71039 0.2324 15.5476 7.16676 32.3389 0.45788 0.14947 19.766 -13.7985 28.4514 0.1573 245000000000 152500000000
 0.5000   242942 0.5100   252113      1       -1       -1       -1  0 2.66933e+11 2.86000e+11 160.009000 25.934000 69.120000  1 0.2300 135.970000 49.57519 41.42477 59.17498 74.150 -188.340 -126.870 -2.834e+10 1.027e+11 -1.123e+11 0.04293 410832 410832 681857 7114 38 410781 410859 25.9339 285990000000 285990000000 285990000000 209730000000 0 17.9828 0 0.03858 0.44235 0.15427 -8.19642 53.3444 16.8779 0.41058 0.02403 -2.85001 44.333 3.50241 0.1947 278100000000 209700000000
 0.4900   233733 0.5000   242942      1       -1       -1       -1  0 2.63733e+11 2.66900e+11 156.733000 19.814000 68.620000  1 0.2300 140.270000 49.56841 41.47278 59.23719 67.250 -180.570 -125.310 -1.533e+10 5.277e+10 -7.459e+10 0.03162 410833 410833 681857 8085 37 410781 410859 19.8135 266920000000 266920000000 238320000000 200190000000 19066000000 12.6717 0 0.02614 0.4921 0.37845 21.1667 22.9366 21.6802 0.22318 0.09126 17.6131 5.90292 29.9824 0.1735 280600000000 162100000000
 0.4800   224559 0.4900   233733      1       -1       -1       -1  0 2.47833e+11 2.38300e+11 151.263000 11.994000 68.170000  1 0.2300 151.180000 49.52157 41.53572 59.28556 69.410 -169.450 -121.790 4.738e+08 1.011e+10 -5.596e+10 0.02524 410834 410834 681857 8107 36 410781 410859 11.9943 238320000000 238320000000 238320000000 152530000000 95330000000 20.0893 5.18 0.01956 0.60607 0.31669 -7.71339 21.8128 -13.1074 0.63101 0.22377 -10.195 21.0578 -13.4295 0.163 240900000000 95330000000
 0.4700   215422 0.4800   224559      1       -1       -1       -1  0 2.41500e+11 2.38300e+11 151.595000 15.763000 60.840000  1 0.2300 143.310000 49.49312 41.64112 59.34827 67.860 -164.890 -117.450 1.348e+09 2.375e+10 -9.448e+10 0.04234 410835 410835 681857 8100 35 410781 410859 15.7631 238320000000 238320000000 238320000000 209730000000 28599000000 8.13067 0 0.03382 0.36378 0.09103 3.6666 28.6425 -4.45309 0.20136 0.03322 9.17076 34.6363 -12.745 0.1383 275200000000 95330000000
 0.4600   206293 0.4700   215422      1       -1       -1       -1  0 2.41500e+11 2.47900e+11 153.918000 17.547000 59.520000  1 0.2300 143.760000 49.45698 41.73278 59.41032 68.340 -156.480 -112.430 3.075e+10 1.074e+10 -1.219e+11 0.05111 410836 410836 681857 6882 34 410781 410859 17.5474 247860000000 247860000000 238320000000 181130000000 19066000000 9.41792 0 0.04143 0.55331 0.17512 4.56582 31.7558 0.01669 0.657 0.00626 -7.72186 -5.36092 13.4126 0.1323 280300000000 123900000000
 0.4500   197222 0.4600   206293      1       -1       -1       -1  0 2.35167e+11 2.38300e+11 152.233000 16.227000 63.230000  1 0.2300 145.370000 49.42196 41.78392 59.46871 64.580 -147.890 -109.320 2.962e+10 8.900e+09 -1.221e+11 0.05565 410837 410837 681857 6817 33 410781 410859 16.2265 238320000000 228790000000 228790000000 162060000000 85797000000 23.4475 1.8 0.04458 0.89718 0.33171 15.2561 18.603 -7.00151 0.72138 0.16465 12.9442 24.1484 -2.30758 0.1451 237000000000 123900000000
 0.4400   188152 0.4500   197222      1       -1       -1       -1  0 2.28800e+11 2.19300e+11 148.358000 14.861000 60.170000  1 0.2300 144.790000 49.39571 41.87222 59.53222 59.030 -145.450 -106.300 2.508e+10 8.916e+09 -6.939e+10 0.03929 410838 410838 681857 7916 32 410781 410859 14.8612 219260000000 209730000000 209730000000 162060000000 76264000000 17.9641 3.98 0.03055 0.70233 0.63185 -9.23073 16.0821 -2.00453 0.8161 0.33404 2.23475 14.1396 -10.5171 0.1313 257300000000 123900000000
 0.4300   179141 0.4400   188152      1       -1       -1       -1  0 2.19267e+11 2.28800e+11 150.770000 17.764000 65.850000  1 0.2300 143.360000 49.34642 41.96225 59.59662 57.260 -140.790 -103.710 -3.015e+10 -3.900e+10 -7.462e+10 0.04182 410839 410839 681857 6749 31 410781 410859 17.7639 228790000000 228790000000 228790000000 152530000000 47665000000 4.57071 11.6 0.0346 0.69969 0.20083 19.7414 -6.45719 17.6037 0.40834 0.01465 8.74281 -1.52755 19.2307 0.1624 258700000000 133500000000
 0.4200   170143 0.4300   179141      1       -1       -1       -1  0 2.09733e+11 2.09700e+11 146.735000 11.859000 64.290000  1 0.2300 153.220000 49.32143 42.04716 59.65255 60.420 -141.850 -88.370 -5.428e+10 -1.210e+10 -1.283e+10 0.03192 410840 410840 681857 6719 30 410781 410859 11.8595 209730000000 209730000000 209730000000 171590000000 28599000000 4.88317 0 0.02581 0.81896 0.64608 17.0183 -0.5307 21.4398 0.84881 0.73913 -3.90992 5.31934 23.29 0.153 260600000000 57200000000
 0.4100   161264 0.4200   170143      1       -1       -1       -1  0 1.97033e+11 1.90700e+11 142.405000 30.136000 65.980000  1 0.2300 124.920000 49.21988 42.10159 59.66007 59.860 -131.280 -80.630 -1.822e+10 -8.959e+10 -8.416e+10 0.05907 410841 410841 681857 6660 29 410781 410859 30.1357 190660000000 190660000000 190660000000 0 0 57.98 0 0.0666 0.25467 0.1087 69.2522 27.0062 61.8343 0 0 0 0 0 0.2911 198000000000 162100000000
 0.4000   152473 0.4100   161264      1       -1       -1       -1  0 1.97033e+11 1.71600e+11 137.731000 18.852000 39.300000  1 0.2300 130.780000 49.26934 42.20060 59.76765 52.940 -121.460 -86.560 -1.273e+10 1.578e+10 2.439e+09 0.01615 410842 410842 681857 7684 28 410781 410859 18.8525 171590000000 171590000000 171590000000 123930000000 0 16.1607 0 0.0132 0.80058 0.47733 -18.6335 25.8661 18.8219 0.62669 0.53124 -8.44767 35.4356 26.5391 0.0709 173900000000 114400000000
 0.3900   143772 0.4000   152473      1       -1       -1       -1  0 1.97033e+11 1.52500e+11 132.652000 10.742000 40.080000  1 0.2300 142.540000 49.23443 42.28906 59.83560 51.870 -116.310 -81.630 -1.108e+10 6.143e+09 -4.856e+09 0.01345 410843 410843 681857 7616 27 410781 410859 10.7424 152530000000 152530000000 152530000000 152530000000 38132000000 3.98349 0 0.01079 0.85199 0.48279 22.1044 -18.1504 -3.72422 0.27351 0.0296 10.3911 5.21052 16.7342 0.0723 201400000000 38130000000
 0.3800   135281 0.3900   143772      1       -1       -1       -1  0 1.97033e+11 1.62100e+11 135.579000 31.038000 41.530000  1 0.2300 121.420000 49.12107 42.35693 59.90172 51.880 -114.390 -80.460 -3.400e+09 2.320e+10 -2.757e+09 0.01740 410844 410844 681857 7535 26 410781 410859 31.0376 162060000000 162060000000 142990000000 0 0 64.553 0 0.01719 0.12868 0.08246 78.425 -2.93708 7.81356 0 0 0 0 0 0.1057 163100000000 143000000000
 0.3700   126771 0.3800   135281      1       -1       -1       -1  0 1.97033e+11 1.52500e+11 133.073000 9.829000 55.060000  1 0.2300 149.480000 49.12879 42.45878 59.93547 49.590 -109.150 -78.670 -7.774e+09 9.116e+09 -4.427e+09 0.01289 410845 410845 681857 6617 25 410781 410859 9.8292 152530000000 152530000000 152530000000 142990000000 0 28.6233 0 0.01042 0.24077 0.0348 47.2587 -17.4288 25.1517 0.12336 0.03044 48.938 -18.11 25.1836 0.1236 196100000000 19070000000
 0.3600   118253 0.3700   126771      1       -1       -1       -1  0 1.97033e+11 1.52500e+11 133.271000 7.809000 51.540000  1 0.2300 160.880000 49.12980 42.53986 60.02509 44.750 -98.570 -71.190 1.513e+10 3.505e+10 -1.976e+10 0.04797 410846 410846 681857 7446 24 410781 410859 7.80887 152530000000 152530000000 133460000000 123930000000 76264000000 21.6562 0 0.03552 0.81138 0.32356 -12.0521 8.5304 22.1639 0.83381 0.19597 -9.93428 11.1391 21.7641 0.0944 209000000000 28600000000
 0.3500   109892 0.3600   118253      1       -1       -1       -1  0 1.97033e+11 1.43000e+11 130.620000 24.972000 44.050000  1 0.2300 123.970000 49.05486 42.58648 60.09011 42.880 -92.430 -70.360 1.310e+10 3.809e+10 -8.002e+09 0.04137 410847 410847 681857 7129 23 410781 410859 24.9719 142990000000 142990000000 123930000000 95330000000 9533000000 43.2139 0 0.0383 0.82396 0.25753 9.38397 31.4908 -6.29856 0.46481 0.2502 -9.15046 -7.48155 15.7407 0.1142 142500000000 114400000000
 0.3400   101693 0.3500   109892      1       -1       -1       -1  0 1.97033e+11 1.52500e+11 133.642000 25.039000 30.930000  1 0.2300 128.810000 49.01431 42.71959 60.13313 45.290 -93.120 -70.050 -5.807e+09 6.498e+09 -6.827e+09 0.01032 410848 410848 681857 7076 22 410781 410859 25.0393 152530000000 133460000000 123930000000 57198000000 0 21.4994 3.1 0.0094 0.54538 0.37066 28.1998 -27.2971 -11.2897 0.91592 0.04824 -13.4927 8.50653 12.9229 0.0599 139900000000 123900000000
 0.3300    93741 0.3400   101693      1       -1       -1       -1  0 1.97033e+11 1.81100e+11 141.703000 45.640000 33.780000  1 0.2300 130.590000 49.00183 42.77999 60.18380 48.570 -88.020 -60.320 -2.075e+10 2.249e+09 1.299e+10 0.01685 410849 410849 681857 6805 21 410781 410859 45.64 181130000000 171590000000 152530000000 57198000000 9533000000 5.96703 0 0.0159 0.53538 0.15339 31.0277 15.3697 -15.3501 0.68001 0.02613 6.37309 25.0281 19.0056 0.0614 161000000000 209700000000
 0.3200    85930 0.3300    93741      1       -1       -1       -1  0 1.97033e+11 2.00200e+11 146.690000 47.203000 38.620000  1 0.2300 137.040000 48.95694 42.84709 60.24679 44.720 -84.410 -57.360 -1.218e+10 3.858e+09 1.736e+10 0.01250 410850 410850 681857 6729 20 410781 410859 47.2032 200190000000 181130000000 152530000000 38132000000 19066000000 10.6001 0 0.01197 0.10329 0.0478 60.2077 15.6171 -16.0125 0.4107 0.20783 27.1179 11.9624 -3.75025 0.0721 167200000000 200200000000
 0.3100    78362 0.3200    85930      1       -1       -1       -1  0 1.97033e+11 1.71600e+11 139.505000 34.489000 35.470000  1 0.2300 135.200000 48.91047 42.95790 60.29605 38.340 -75.290 -60.270 3.366e+08 -1.954e+10 -2.224e+10 0.02314 410851 410851 681857 6440 19 410781 410859 34.4893 171590000000 171590000000 171590000000 47665000000 0 11.4295 3.8 0.02159 0.21485 0.00285 29.2448 30.8408 -25.2809 0.70053 0.01555 28.7748 -17.3446 -24.9647 0.0591 149800000000 171600000000
 0.3000    70996 0.3100    78362      1       -1       -1       -1  0 1.97033e+11 1.62100e+11 137.023000 34.349000 33.800000  1 0.2300 134.570000 48.86302 43.02206 60.37645 36.260 -70.740 -57.290 1.671e+09 6.115e+09 1.732e+09 0.00593 410852 410852 681857 5284 18 410781 410859 34.3486 162060000000 162060000000 162060000000 57198000000 9533000000 21.5307 0 0.00536 0.72063 0.52329 15.6652 15.6642 -9.64371 0.61292 0.46122 14.7313 9.2045 -1.70497 0.0508 140900000000 162100000000
 0.2900    63878 0.3000    70996      1       -1       -1       -1  0 1.97033e+11 1.62100e+11 137.164000 26.713000 34.370000  1 0.2300 141.120000 48.83155 43.11603 60.42911 34.410 -65.680 -54.660 1.988e+09 4.490e+09 5.378e+09 0.00684 410853 410853 681857 4987 17 410781 410859 26.7132 162060000000 162060000000 162060000000 95330000000 28599000000 17.5664 0 0.00603 0.5683 0.17815 31.0619 18.1241 -9.4531 0.64884 0.21281 13.1599 6.29555 -2.99594 0.0473 143600000000 143000000000
 0.2800    57033 0.2900    63878      1       -1       -1       -1  0 1.97033e+11 1.71600e+11 139.939000 30.837000 36.090000  1 0.2300 143.930000 48.80172 43.18255 60.48629 32.340 -63.840 -52.150 -5.926e+09 4.047e+08 1.363e+09 0.00535 410854 410854 681857 5541 16 410781 410859 30.8374 171590000000 171590000000 171590000000 104860000000 28599000000 18.4368 0 0.00467 0.28318 0.14278 34.6417 6.08226 -1.79085 0.30416 0.06354 21.0543 3.65138 3.27176 0.0488 149700000000 152500000000
 0.2700    50523 0.2800    57033      1       -1       -1       -1  0 1.97033e+11 2.00200e+11 147.452000 24.363000 35.020000  1 0.2300 160.760000 48.75970 43.26313 60.55841 32.300 -58.380 -47.440 -5.032e+09 4.924e+09 4.256e+09 0.00568 410855 410855 681857 5245 15 410781 410859 24.3634 200190000000 200190000000 200190000000 85797000000 0 6.17006 0 0.00496 0.7811 0.20312 37.8505 29.7669 -12.5688 0.70721 0.02218 0.29665 -8.78563 35.6165 0.0391 194200000000 104900000000
 0.2600    44328 0.2700    50523      1       -1       -1       -1  0 1.97033e+11 2.00200e+11 147.578000 20.888000 38.300000  1 0.2300 168.210000 48.71944 43.33686 60.61765 28.760 -54.270 -41.650 -1.587e+09 1.830e+09 9.472e+09 0.00724 410856 410856 681857 4894 14 410781 410859 20.8883 200190000000 200190000000 190660000000 152530000000 0 7.09889 0 0.00601 0.03811 0 -36.6927 12.8596 50.4704 0.06294 0.02389 -29.4107 11.8526 41.5474 0.0402 201400000000 123900000000
 0.2500    38500 0.2600    44328      1       -1       -1       -1  0 1.93867e+11 1.90700e+11 145.312000 16.924000 42.450000  1 0.2300 175.240000 48.67905 43.41017 60.67686 28.660 -49.460 -40.310 -8.724e+08 -4.989e+09 -1.377e+09 0.00440 410857 410857 681857 3870 13 410781 410859 16.9241 190660000000 190660000000 190660000000 171590000000 0 13.0604 0 0.00357 0.78737 0.16496 31.2151 -18.5171 -32.1238 0.13858 0 -1.68865 -12.7047 60.4121 0.05 206600000000 85800000000
 0.2400    33012 0.2500    38500      1       -1       -1       -1  0 1.74800e+11 1.90700e+11 145.420000 27.136000 36.600000  1 0.2300 164.420000 48.64618 43.48213 60.74062 27.070 -48.150 -38.680 -1.671e+09 5.754e+09 4.971e+09 0.00639 410858 410858 681857 4187 12 410781 410859 27.136 190660000000 181130000000 181130000000 133460000000 0 9.05628 2.21 0.0054 0.76184 0.40804 -6.75083 17.2455 40.4942 0.70047 0.13714 10.7109 27.2532 13.9837 0.0431 168400000000 162100000000
 0.2300    27910 0.2400    33012      0       -1       -1       -1  0 1.43000e+11 1.43000e+11 132.213000 17.844000 32.590000  1 0.2300 161.110000 48.60666 43.55762 60.81752 22.630 -45.040 -40.060 7.125e+09 7.519e+08 -5.262e+09 0.01202 410859 410859 681857 3737 11 410781 410859 17.8444 142990000000 142990000000 142990000000 114400000000 28599000000 10.7841 0 0.01016 0.91108 0.68556 16.9312 7.86592 6.41796 0.85907 0.41337 15.3187 -8.69935 -4.3889 0.0383 141600000000 66730000000
