 1.0000   677013 0.0000       -1      1       -1       -1       -1  0 2.00200e+11 1.62100e+11 111.539000 5.721000 86.850000  1 0.4600 112.840000 20.71429 41.09066 21.53306 50.020 55.460 323.650 -8.517e+10 9.838e+10 -4.365e+10 0.07834 521984 521984 677013 2528 88 521983 522038 5.7211 162060000000 181130000000 162060000000 162060000000 66731000000 4.2901 0 0.06792 0.48788 0.25072 13.918 -1.29333 2.26171 0.38232 0.04971 9.87169 -2.02458 1.83558 0.4624 330200000000 47660000000
 0.9900   668860 1.0000   677013      1       -1       -1       -1  0 2.00200e+11 1.62100e+11 112.009000 6.361000 86.340000  1 0.4600 110.020000 20.71260 41.08779 21.51973 43.550 50.640 305.580 -6.266e+10 1.387e+11 -5.539e+10 0.08493 521985 521985 677013 2523 87 521983 522038 6.36105 162060000000 181130000000 162060000000 152530000000 38132000000 17.8548 0 0.08036 0.86976 0.63605 5.36461 -0.56272 12.1042 0.76108 0.39057 10.3364 -1.18983 10.9593 0.4995 291300000000 38130000000
 0.9800   660492 0.9900   668860      1       -1       -1       -1  0 2.00200e+11 1.71600e+11 114.642000 6.400000 88.650000  1 0.4600 113.000000 20.71857 41.08209 21.47030 47.850 53.350 306.240 -5.080e+10 1.543e+11 -7.248e+10 0.09205 521986 521986 677013 2569 86 521983 522038 6.40006 171590000000 171590000000 162060000000 152530000000 47665000000 8.31402 0 0.08049 0.80596 0.51406 17.2951 8.30312 -1.13536 0.5533 0.42101 9.23649 14.405 -8.12666 0.4662 318000000000 47660000000
 0.9700   652164 0.9800   660492      1       -1       -1       -1  0 2.00200e+11 1.62100e+11 112.947000 5.089000 89.650000  1 0.4600 118.150000 20.70049 41.06830 21.43797 42.510 52.870 297.900 -6.107e+10 1.392e+11 -5.535e+10 0.09532 521987 521987 677013 2325 85 521983 522038 5.0891 162060000000 181130000000 162060000000 133460000000 85797000000 11.1686 0 0.08075 0.76423 0.56571 13.3156 6.74081 -1.9721 0.77458 0.56566 11.0071 7.23715 -5.55241 0.4605 321100000000 47660000000
 0.9600   643849 0.9700   652164      1       -1       -1       -1  0 2.00200e+11 1.71600e+11 115.597000 4.648000 90.330000  1 0.4600 124.920000 20.70209 41.05999 21.40501 45.350 55.300 297.390 -5.010e+10 1.508e+11 -7.089e+10 0.09319 521988 521988 677013 1291 84 521983 522038 4.64822 171590000000 219260000000 152530000000 142990000000 104860000000 6.87567 0 0.07924 0.85226 0.63609 12.4433 -2.88654 5.0647 0.83078 0.33836 -3.1491 8.68414 -7.22811 0.4596 336000000000 57200000000
 0.9500   635552 0.9600   643849      1       -1       -1       -1  0 2.00200e+11 1.81100e+11 118.185000 5.457000 88.850000  1 0.4600 122.520000 20.70734 41.06111 21.37131 46.140 57.250 292.840 -5.342e+10 1.561e+11 -6.573e+10 0.08666 521989 521989 677013 2873 83 521983 522038 5.45657 181130000000 209730000000 152530000000 142990000000 85797000000 6.32432 0 0.07414 0.60511 0.45835 19.7482 2.90271 8.25518 0.73146 0.57165 16.2003 -0.77273 6.10221 0.4443 306500000000 76260000000
 0.9400   627264 0.9500   635552      1       -1       -1       -1  0 2.00200e+11 2.00200e+11 122.695000 8.293000 98.860000  1 0.4600 114.460000 20.70007 41.06851 21.33074 41.480 76.340 291.730 1.912e+11 1.164e+11 3.720e+10 0.07262 521990 521990 677013 283 82 521983 522038 8.29329 200190000000 219260000000 171590000000 142990000000 38132000000 5.82357 0 0.08042 0.81712 0.37055 7.12461 18.0814 -4.05468 0.84891 0.36831 -2.30477 14.7524 -5.48804 0.6005 299300000000 57200000000
 0.9300   618956 0.9400   627264      1       -1       -1       -1  0 2.00200e+11 2.00200e+11 123.194000 6.091000 100.910000  1 0.4600 125.030000 20.69654 41.04997 21.30884 41.220 77.970 287.230 1.887e+11 1.147e+11 3.684e+10 0.08104 521991 521991 677013 3881 81 521983 522038 6.091 200190000000 209730000000 171590000000 133460000000 123930000000 14.6526 0 0.07962 0.44645 0.32067 14.2781 2.74058 10.9904 0.42579 0.21319 13.864 1.12127 11.6423 0.5524 344800000000 66730000000
 0.9200   610625 0.9300   618956      1       -1       -1       -1  0 2.00200e+11 2.00200e+11 123.693000 6.422000 98.640000  1 0.4600 123.740000 20.69460 41.04286 21.27684 41.850 72.840 283.810 5.334e+10 1.800e+11 8.753e+10 0.07733 521992 521992 677013 2888 80 521983 522038 6.42218 200190000000 209730000000 181130000000 133460000000 114400000000 4.33525 0 0.07392 0.4382 0.3155 9.61831 5.78532 19.6437 0.35032 0.20565 8.51039 6.42264 21.8447 0.5265 317500000000 76260000000
 0.9100   602275 0.9200   610625      1       -1       -1       -1  0 2.00200e+11 2.00200e+11 124.191000 8.102000 96.100000  1 0.4600 116.700000 20.68562 41.03607 21.24379 41.730 74.000 280.040 5.490e+10 1.746e+11 8.544e+10 0.07422 521993 521993 677013 2892 79 521983 522038 8.10243 200190000000 219260000000 181130000000 142990000000 85797000000 7.57433 0 0.07233 0.68158 0.433 3.24144 3.99883 18.3862 0.60852 0.35429 2.35132 2.56771 18.8882 0.5232 301200000000 85800000000
 0.9000   593923 0.9100   602275      1       -1       -1       -1  0 1.97033e+11 2.00200e+11 124.687000 6.982000 95.340000  1 0.4600 122.020000 20.68760 41.02048 21.20350 40.880 83.910 278.510 1.117e+11 1.059e+11 8.868e+10 0.06845 521994 521994 677013 2909 78 521983 522038 6.98231 200190000000 200190000000 171590000000 152530000000 76264000000 12.1078 0 0.06383 0.59226 0.34582 -2.12754 -8.57297 21.6894 0.7394 0.17325 3.5432 -9.67905 17.2708 0.4944 325500000000 57200000000
 0.8900   585524 0.9000   593923      1       -1       -1       -1  0 1.93867e+11 1.90700e+11 123.162000 5.662000 96.450000  1 0.4600 127.380000 20.68338 41.01434 21.15944 38.640 87.130 273.680 1.181e+11 1.100e+11 7.300e+10 0.07650 521995 521995 677013 2914 77 521983 522038 5.66174 190660000000 209730000000 181130000000 152530000000 114400000000 5.58401 0 0.06929 0.58729 0.55789 -7.98399 -9.27183 20.7953 0.68034 0.47706 -7.69394 -8.07625 18.1137 0.491 337200000000 19070000000
 0.8800   577147 0.8900   585524      1       -1       -1       -1  0 1.90700e+11 1.90700e+11 123.648000 6.670000 96.690000  1 0.4600 122.180000 20.67710 40.99931 21.13063 38.880 87.910 269.120 1.171e+11 1.082e+11 7.181e+10 0.07475 521996 521996 677013 3933 76 521983 522038 6.66982 190660000000 209730000000 171590000000 152530000000 66731000000 11.1308 0 0.06864 0.87579 0.47272 -8.81335 -11.2069 13.1175 0.94756 0.42056 -9.88649 -4.32658 13.3395 0.499 326800000000 57200000000
 0.8700   568691 0.8800   577147      1       -1       -1       -1  0 1.87500e+11 1.90700e+11 124.132000 7.270000 95.160000  1 0.4600 119.910000 20.67375 40.99094 21.09297 37.450 75.190 268.610 1.413e+11 1.041e+11 7.277e+10 0.08117 521997 521997 677013 2940 75 521983 522038 7.26962 190660000000 209730000000 171590000000 152530000000 66731000000 11.6824 14.17 0.07487 0.79317 0.50476 9.78053 13.9076 -7.53285 0.78778 0.50715 9.01729 12.0981 -8.1086 0.499 304100000000 66730000000
 0.8600   560232 0.8700   568691      1       -1       -1       -1  0 1.87467e+11 1.81100e+11 122.501000 8.161000 90.790000  1 0.4600 114.340000 20.67205 40.98769 21.05229 31.050 73.430 262.080 3.405e+10 1.278e+11 9.088e+10 0.07520 521998 521998 677013 2950 74 521983 522038 8.16118 181130000000 200190000000 171590000000 152530000000 57198000000 13.3702 12.29 0.06917 0.50424 0.30186 17.179 18.8185 -2.06737 0.19019 0.08253 20.0433 16.009 0.70461 0.4814 279700000000 57200000000
 0.8500   551801 0.8600   560232      1       -1       -1       -1  0 1.87467e+11 1.81100e+11 122.974000 8.314000 89.070000  1 0.4600 114.350000 20.66290 40.97094 21.01540 32.130 76.990 258.350 3.327e+10 1.259e+11 9.000e+10 0.07396 521999 521999 677013 2930 73 521983 522038 8.31442 181130000000 200190000000 171590000000 152530000000 66731000000 9.46091 9.68 0.06849 0.47595 0.29981 19.3041 18.9512 6.66035 0.26267 0.04033 20.6393 18.8326 13.7301 0.4728 282500000000 66730000000
 0.8400   543290 0.8500   551801      1       -1       -1       -1  0 1.81133e+11 2.00200e+11 127.632000 19.432000 85.470000  1 0.4600 99.330000 20.62187 40.95432 20.97213 39.690 88.180 257.040 9.946e+10 1.209e+11 -2.065e+10 0.04846 522000 522000 677013 2990 72 521983 522038 19.432 200190000000 219260000000 162060000000 95330000000 38132000000 24.1777 0 0.05805 0.39388 0.2247 36.817 13.4109 8.86 0.79967 0.23435 20.6001 5.78202 -0.01509 0.5624 210600000000 143000000000
 0.8300   534781 0.8400   543290      1       -1       -1       -1  0 1.71600e+11 1.62100e+11 119.403000 5.713000 82.940000  1 0.4600 122.090000 20.65564 40.94883 20.93777 33.920 74.510 255.990 -1.035e+11 1.327e+11 1.597e+10 0.10409 522001 522001 677013 867 71 521983 522038 5.71325 171590000000 181130000000 152530000000 142990000000 57198000000 3.96717 0 0.08875 0.4149 0.22889 21.417 6.66026 13.8936 0.31633 0.03273 16.4416 -0.96498 6.26337 0.4046 300700000000 28600000000
 0.8200   526203 0.8300   534781      1       -1       -1       -1  0 1.71600e+11 1.52500e+11 117.455000 5.648000 81.920000  1 0.4600 119.980000 20.64749 40.93154 20.89398 31.610 72.120 249.440 -9.598e+10 1.172e+11 3.501e+10 0.10618 522002 522002 677013 2990 70 521983 522038 5.64816 152530000000 200190000000 152530000000 142990000000 0 10.1553 0 0.09069 0.43892 0.28803 22.3102 11.3061 23.5932 0.47998 0.33788 21.1478 12.1589 20.5782 0.4052 286900000000 0
 0.8100   517559 0.8200   526203      1       -1       -1       -1  0 1.71600e+11 1.90700e+11 126.996000 16.840000 78.450000  1 0.4600 101.490000 20.61179 40.90323 20.84566 36.150 88.290 248.200 -8.276e+09 1.580e+11 -4.492e+10 0.05426 522003 522003 677013 3020 69 521983 522038 16.8397 190660000000 219260000000 152530000000 28599000000 0 21.2812 0 0.06642 0.16808 0.02753 42.1296 39.2705 16.9827 0.21067 0.09359 8.80818 27.0113 -18.6283 0.5348 212000000000 104900000000
 0.8000   508886 0.8100   517559      1       -1       -1       -1  0 1.71600e+11 1.43000e+11 115.811000 7.164000 69.390000  1 0.4600 110.470000 20.64110 40.91520 20.81034 37.400 80.710 237.580 -6.767e+10 7.607e+10 3.991e+08 0.08280 522004 522004 677013 3052 68 521983 522038 7.16418 142990000000 152530000000 142990000000 142990000000 57198000000 8.04923 0 0.06669 0.54459 0.41973 12.0104 -0.50874 22.2114 0.39299 0.28542 11.7777 -5.52394 24.6753 0.3095 237300000000 47660000000
 0.7900   500253 0.8000   508886      1       -1       -1       -1  0 1.71600e+11 1.81100e+11 125.765000 23.266000 70.370000  1 0.4600 95.100000 20.59873 40.87077 20.76336 35.120 80.060 236.790 -4.627e+10 1.473e+11 -4.886e+10 0.06059 522005 522005 677013 3054 67 521983 522038 23.266 181130000000 209730000000 162060000000 9533000000 0 28.9865 7.47 0.07187 0.10614 0.00561 49.9202 48.3023 18.5492 0 0 0 0 0 0.4692 185300000000 133500000000
 0.7800   491611 0.7900   500253      1       -1       -1       -1  0 1.71600e+11 1.71600e+11 123.967000 24.550000 66.560000  1 0.4600 92.920000 20.59212 40.85372 20.72174 33.610 81.590 235.440 -1.216e+11 1.500e+11 1.308e+09 0.08189 522006 522006 677013 3066 66 521983 522038 24.5496 171590000000 181130000000 152530000000 9533000000 0 37.7039 0 0.09419 0.17548 0.02963 43.356 28.8058 5.55335 0 0 0 0 0 0.4292 171100000000 152500000000
 0.7700   482928 0.7800   491611      1       -1       -1       -1  0 1.68433e+11 1.62100e+11 122.066000 20.619000 63.780000  1 0.4600 93.800000 20.58546 40.83614 20.67982 37.120 84.840 230.020 -1.025e+11 1.178e+11 -2.479e+10 0.07601 522007 522007 677013 3068 65 521983 522038 20.6187 162060000000 181130000000 133460000000 9533000000 0 36.712 0 0.08524 0.26561 0.01423 39.7898 33.7634 -0.32 0 0 0 0 0 0.4001 161800000000 123900000000
 0.7600   474233 0.7700   482928      1       -1       -1       -1  0 1.68433e+11 1.52500e+11 120.050000 7.720000 65.920000  1 0.4600 113.800000 20.61470 40.85393 20.65481 35.860 82.790 223.750 -9.917e+10 1.062e+11 -1.079e+10 0.10910 522008 522008 677013 3070 64 521983 522038 7.71969 152530000000 152530000000 133460000000 123930000000 66731000000 6.4673 0 0.08731 0.74334 0.22374 -5.85728 -12.001 17.3846 0.60804 0.06308 -5.92273 -15.1534 19.0493 0.267 227200000000 57200000000
 0.7500   465508 0.7600   474233      1       -1       -1       -1  0 1.68433e+11 1.33500e+11 115.229000 5.927000 71.200000  1 0.4600 116.240000 20.60017 40.83476 20.61352 39.460 82.380 218.110 -8.386e+10 8.995e+10 -1.828e+10 0.12348 522009 522009 677013 3155 63 521983 522038 5.92739 133460000000 152530000000 133460000000 114400000000 76264000000 1.28944 0 0.09352 0.72575 0.32022 -6.99581 11.4551 13.8503 0.57257 0.20473 -7.22891 10.6716 17.8913 0.2858 227300000000 47660000000
 0.7400   456711 0.7500   465508      1       -1       -1       -1  0 1.68433e+11 1.33500e+11 115.631000 5.462000 72.870000  1 0.4600 119.680000 20.60093 40.81837 20.57663 38.890 82.790 213.300 -8.283e+10 8.891e+10 -1.801e+10 0.12157 522010 522010 677013 2933 62 521983 522038 5.46151 133460000000 133460000000 133460000000 114400000000 76264000000 11.0255 0 0.09286 0.70976 0.36337 17.4893 3.16061 -5.46553 0.61308 0.21667 18.6688 0.13238 -6.49726 0.2982 237800000000 28600000000
 0.7300   447880 0.7400   456711      1       -1       -1       -1  0 1.68433e+11 1.43000e+11 118.730000 19.299000 71.530000  1 0.4600 92.330000 20.55855 40.76058 20.50962 32.640 80.130 214.780 -8.780e+10 1.233e+11 -3.839e+10 0.09239 522011 522011 677013 3088 61 521983 522038 19.2995 142990000000 142990000000 142990000000 85797000000 9533000000 37.7119 0 0.10576 0.30608 0.04093 22.768 33.1647 22.7018 0.31116 0.16491 15.2793 17.3671 14.3503 0.4693 154800000000 104900000000
 0.7200   439020 0.7300   447880      1       -1       -1       -1  0 1.68433e+11 1.62100e+11 124.212000 8.959000 69.170000  1 0.4600 115.020000 20.56239 40.77855 20.45846 31.190 81.660 207.180 -1.168e+11 1.511e+11 -2.145e+10 0.11697 522012 522012 677013 3162 60 521983 522038 8.95858 162060000000 162060000000 133460000000 123930000000 28599000000 18.265 0 0.10621 0.53802 0.02416 19.1186 10.2259 19.8628 0.15502 0.03546 2.99023 -9.44215 15.8993 0.3249 207000000000 47660000000
 0.7100   430100 0.7200   439020      1       -1       -1       -1  0 1.68433e+11 1.62100e+11 124.632000 11.687000 66.840000  1 0.4600 108.520000 20.55591 40.75884 20.41331 32.140 82.040 202.300 -1.040e+11 1.331e+11 -2.866e+10 0.10653 522013 522013 677013 3193 59 521983 522038 11.687 162060000000 171590000000 133460000000 114400000000 28599000000 17.3945 2.08 0.09518 0.45188 0.31833 16.371 9.55928 29.9932 0.57126 0.01394 4.19631 0.55063 21.0335 0.2994 188500000000 85800000000
 0.7000   421132 0.7100   430100      1       -1       -1       -1  0 1.68433e+11 1.71600e+11 127.453000 13.578000 62.910000  1 0.4600 108.100000 20.54941 40.73857 20.36793 29.630 83.010 196.540 -9.771e+10 1.312e+11 -3.099e+10 0.09400 522014 522014 677013 3207 58 521983 522038 13.5778 171590000000 171590000000 133460000000 114400000000 38132000000 10.9116 2.23 0.08455 0.45757 0.35611 9.12196 5.21554 28.0732 0.41307 0.36629 5.03662 1.06866 24.294 0.2663 183500000000 85800000000
 0.6900   412141 0.7000   421132      1       -1       -1       -1  0 1.68433e+11 1.52500e+11 122.951000 7.317000 61.510000  1 0.4600 120.480000 20.55220 40.72018 20.35232 31.320 80.140 193.200 -1.023e+11 1.260e+11 -2.630e+10 0.12631 522015 522015 677013 3209 57 521983 522038 7.31715 152530000000 152530000000 133460000000 114400000000 85797000000 11.5358 0 0.10218 0.65157 0.4131 -6.50569 -3.88045 24.4067 0.43087 0.32405 -5.60651 -8.56552 23.2201 0.2346 210100000000 28600000000
 0.6800   403124 0.6900   412141      1       -1       -1       -1  0 1.68433e+11 1.62100e+11 125.870000 8.730000 61.740000  1 0.4600 118.750000 20.54378 40.70643 20.31480 32.660 82.980 186.720 -9.881e+10 1.050e+11 -3.441e+10 0.09970 522016 522016 677013 3222 56 521983 522038 8.73037 162060000000 171590000000 152530000000 104860000000 28599000000 11.497 5.35 0.08374 0.71877 0.31388 -10.5236 -3.84109 23.8163 0.58512 0.07874 -11.0553 -11.0605 19.2359 0.2363 215100000000 57200000000
 0.6700   394137 0.6800   403124      1       -1       -1       -1  0 1.68433e+11 1.71600e+11 128.704000 15.991000 63.960000  1 0.4600 106.500000 20.52983 40.67453 20.23063 27.230 83.350 180.990 -8.887e+10 1.236e+11 -2.950e+10 0.08741 522017 522017 677013 4329 55 521983 522038 15.9906 171590000000 181130000000 162060000000 104860000000 0 12.1617 4.39 0.08008 0.23047 0.06011 -0.83905 23.9241 36.5655 0.25969 0 0.49754 23.4349 25.2152 0.2753 196400000000 95330000000
 0.6600   385191 0.6700   394137      1       -1       -1       -1  0 1.68433e+11 1.71600e+11 129.113000 11.368000 66.670000  1 0.4600 115.470000 20.52021 40.66455 20.19689 29.070 86.410 177.960 -1.032e+11 1.355e+11 -2.524e+10 0.10598 522018 522018 677013 3193 54 521983 522038 11.3682 171590000000 181130000000 171590000000 142990000000 57198000000 7.53939 0 0.08947 0.36363 0.19548 -3.85526 10.3016 28.1747 0.56072 0.2742 -3.08981 7.00379 18.956 0.2526 200200000000 76260000000
 0.6500   376148 0.6600   385191      1       -1       -1       -1  0 1.68433e+11 1.62100e+11 127.073000 7.057000 66.800000  1 0.4600 128.260000 20.50264 40.64102 20.16543 31.460 87.430 174.380 -7.817e+10 8.890e+10 -1.409e+10 0.08725 522019 522019 677013 3311 53 521983 522038 7.05662 162060000000 171590000000 152530000000 142990000000 76264000000 7.37784 0 0.06855 0.82553 0.21393 12.5644 16.3261 -12.633 0.4364 0.00552 11.8925 17.5074 -12.6438 0.2318 215700000000 47660000000
 0.6400   367073 0.6500   376148      1       -1       -1       -1  0 1.68433e+11 1.62100e+11 127.466000 6.468000 71.660000  1 0.4600 132.340000 20.48903 40.61422 20.11727 32.290 88.440 171.580 -7.906e+10 9.005e+10 -1.770e+10 0.09116 522020 522020 677013 3299 52 521983 522038 6.46806 162060000000 162060000000 152530000000 133460000000 76264000000 10.5875 3.8 0.07009 0.65381 0.31942 -8.21294 0.56833 25.5409 0.54931 0.27885 -2.83971 2.96211 25.1873 0.2499 258800000000 38130000000
 0.6300   357957 0.6400   367073      1       -1       -1       -1  0 1.68433e+11 1.71600e+11 130.313000 11.839000 77.570000  1 0.4600 116.780000 20.51161 40.60285 20.05317 24.830 81.890 164.340 -1.021e+11 1.297e+11 -2.751e+10 0.10121 522021 522021 677013 2168 51 521983 522038 11.8389 171590000000 181130000000 171590000000 133460000000 66731000000 22.0017 0 0.08859 0.42015 0.2273 17.6843 7.46033 -14.5294 0.48871 0.00809 -0.83373 -4.21805 14.3819 0.3287 198200000000 85800000000
 0.6200   348867 0.6300   357957      1       -1       -1       -1  0 1.68433e+11 1.71600e+11 130.704000 15.528000 71.560000  1 0.4600 110.860000 20.50492 40.57905 20.00661 25.510 83.460 159.370 -8.956e+10 1.105e+11 -5.542e+09 0.08412 522022 522022 677013 3295 50 521983 522038 15.528 171590000000 171590000000 171590000000 133460000000 47665000000 21.9205 0 0.07585 0.28927 0.04077 39.8165 18.8981 -13.4298 0.02886 0 20.3479 12.9589 0.49676 0.306 195200000000 95330000000
 0.6100   339742 0.6200   348867      1       -1       -1       -1  0 1.68433e+11 1.62100e+11 128.616000 7.743000 67.290000  1 0.4600 128.740000 20.46549 40.53337 19.97275 24.180 80.320 158.370 -7.574e+10 8.378e+10 -1.800e+10 0.08590 522023 522023 677013 3269 49 521983 522038 7.74291 162060000000 162060000000 142990000000 123930000000 85797000000 12.2508 0 0.06748 0.70468 0.33522 17.487 7.10578 -10.0194 0.52715 0.2975 15.9054 5.38891 -9.64929 0.2372 212100000000 66730000000
 0.6000   330600 0.6100   339742      1       -1       -1       -1  0 1.68433e+11 1.62100e+11 128.990000 7.487000 64.820000  1 0.4600 130.900000 20.46229 40.50528 19.92396 21.530 82.550 151.320 -8.084e+10 1.041e+11 2.084e+10 0.09677 522024 522024 677013 4286 48 521983 522038 7.48725 162060000000 162060000000 152530000000 104860000000 85797000000 12.1988 0 0.07927 0.56043 0.31245 18.8344 8.43287 17.9123 0.77928 0.43852 15.9544 9.57624 5.29892 0.2372 215700000000 47660000000
 0.5900   321423 0.6000   330600      1       -1       -1       -1  0 1.58900e+11 1.81100e+11 134.244000 22.295000 61.340000  1 0.4600 108.320000 20.48045 40.49812 19.86038 22.260 76.140 140.850 -1.095e+11 1.586e+11 -2.811e+10 0.10027 522025 522025 677013 2171 47 521983 522038 22.2946 181130000000 181130000000 142990000000 114400000000 9533000000 5.95582 4.24 0.09678 0.07199 0.03615 50.7581 22.207 -0.70611 0.19124 0.09126 22.6498 3.77199 5.47793 0.2621 161400000000 114400000000
 0.5800   312180 0.5900   321423      1       -1       -1       -1  0 1.55700e+11 1.33500e+11 121.591000 8.018000 56.620000  1 0.4600 120.280000 20.43505 40.45239 19.80884 19.100 77.330 154.610 -6.420e+10 3.884e+10 5.564e+09 0.07945 522026 522026 677013 3331 46 521983 522038 8.0181 133460000000 133460000000 104860000000 104860000000 76264000000 10.0725 0 0.06265 0.86337 0.39134 -10.3479 -1.35792 12.3241 0.27753 0.00042 -4.17515 0.67581 14.9717 0.1935 169400000000 47660000000
 0.5700   302958 0.5800   312180      1       -1       -1       -1  0 1.46167e+11 1.52500e+11 127.476000 22.883000 54.210000  1 0.4600 102.510000 20.46749 40.44715 19.76659 19.490 76.040 138.870 -7.100e+10 8.231e+10 -5.608e+09 0.07633 522027 522027 677013 3319 45 521983 522038 22.8827 152530000000 162060000000 133460000000 76264000000 0 13.8653 0 0.07308 0.38267 0.13635 39.0831 26.563 6.5798 0.39722 0.02449 37.9086 25.6151 4.69656 0.2264 139700000000 123900000000
 0.5600   293704 0.5700   302958      1       -1       -1       -1  0 1.46167e+11 1.43000e+11 125.100000 22.346000 48.770000  1 0.4600 101.160000 20.46106 40.42119 19.71970 18.090 75.120 134.980 -6.626e+10 7.715e+10 2.567e+09 0.07954 522028 522028 677013 3314 44 521983 522038 22.3464 142990000000 142990000000 133460000000 85797000000 0 23.7189 0 0.07664 0.13947 0.03846 45.183 33.9432 12.3201 0.27635 0 -0.36987 10.2375 34.0946 0.1995 136600000000 95330000000
 0.5500   284451 0.5600   293704      1       -1       -1       -1  0 1.43000e+11 1.43000e+11 125.432000 23.191000 45.790000  1 0.4600 101.420000 20.45465 40.39495 19.67281 16.780 73.020 130.520 -6.523e+10 7.748e+10 1.962e+09 0.07781 522029 522029 677013 3283 43 521983 522038 23.1911 142990000000 142990000000 133460000000 38132000000 0 25.6735 0 0.0769 0.07528 0.02013 34.3045 35.9159 21.4963 0.5701 0.02626 14.7441 26.3782 28.2088 0.1869 136200000000 95330000000
 0.5400   275226 0.5500   284451      1       -1       -1       -1  0 1.43000e+11 1.43000e+11 125.758000 26.803000 48.220000  1 0.4600 100.220000 20.44826 40.36844 19.62592 15.620 71.020 126.240 -6.407e+10 7.771e+10 1.595e+09 0.07547 522030 522030 677013 3295 42 521983 522038 26.8034 142990000000 142990000000 142990000000 28599000000 19066000000 27.7292 0 0.07707 0.38299 0.05315 9.93326 18.7382 27.0429 0.34748 0 -4.08408 9.42015 15.0755 0.211 134900000000 123900000000
 0.5300   265982 0.5400   275226      1       -1       -1       -1  0 1.39833e+11 1.43000e+11 126.078000 34.530000 51.150000  1 0.4600 98.290000 20.44189 40.34169 19.57902 15.270 69.370 123.770 -7.230e+10 6.540e+10 -5.772e+09 0.07083 522031 522031 677013 3298 41 521983 522038 34.5298 142990000000 142990000000 133460000000 28599000000 9533000000 32.0248 0 0.07533 0.14833 0.02236 36.8999 28.8456 42.6465 0.46085 0 15.4131 -4.39652 -11.221 0.2394 124500000000 143000000000
 0.5200   256750 0.5300   265982      1       -1       -1       -1  0 1.36667e+11 1.33500e+11 123.518000 33.873000 53.730000  1 0.4600 96.840000 20.43553 40.31469 19.53210 17.140 66.750 124.170 -4.328e+10 6.329e+10 -1.703e+10 0.06072 522032 522032 677013 8685 40 521983 522038 33.8729 133460000000 133460000000 123930000000 9533000000 9533000000 46.7066 1.84 0.06854 0.1488 0.0053 47.3011 42.2631 35.0438 0 0 0 0 0 0.2832 115700000000 143000000000
 0.5100   247484 0.5200   256750      1       -1       -1       -1  0 1.20777e+11 1.33500e+11 123.818000 49.897000 49.810000  1 0.4600 95.510000 20.43266 40.29079 19.49747 27.600 69.110 112.860 -6.759e+10 1.205e+11 -2.827e+10 0.10041 522033 522033 677013 2171 39 521983 522038 49.8973 133460000000 133460000000 9533000000 0 0 64.97 15.16 0.12408 0.22954 0.15145 43.4254 34.6766 50.6987 0 0 0 0 0 0.31 118100000000 171600000000
 0.5000   238309 0.5100   247484      1       -1       -1       -1  0 1.14410e+11 9.53300e+10 110.944000 25.372000 44.830000  1 0.4600 89.760000 20.42006 40.25679 19.44369 17.250 64.340 105.990 -2.787e+10 3.403e+10 -1.393e+10 0.05842 522034 522034 677013 8649 38 521983 522038 25.3717 95330000000 95330000000 95330000000 0 0 48.1477 0 0.07176 0.03118 0 32.039 31.4764 35.2423 0 0 0 0 0 0.2754 108400000000 85800000000
 0.4900   229131 0.5000   238309      1       -1       -1       -1  0 9.53300e+10 1.14400e+11 118.169000 8.492000 51.180000  1 0.4600 120.210000 20.37607 40.20510 19.32440 10.770 56.550 113.190 -2.621e+10 3.254e+10 -1.019e+10 0.06270 522035 522035 677013 2113 37 521983 522038 8.49158 114400000000 114400000000 114400000000 104860000000 47665000000 7.5356 0 0.04981 0.65973 0.23385 -5.88938 -6.68374 25.8237 0.84726 0.39143 21.9052 20.4187 18.6621 0.1581 153800000000 47660000000
 0.4800   219983 0.4900   229131      1       -1       -1       -1  0 8.89733e+10 7.62600e+10 103.463000 16.499000 41.820000  1 0.4600 89.370000 20.40832 40.20349 19.35028 8.180 51.910 88.720 -1.079e+10 -2.197e+09 -3.114e+09 0.02156 522036 522036 677013 3242 36 521983 522038 16.4988 76264000000 76264000000 76264000000 0 0 54.5027 0 0.02629 0.29826 0.02479 22.4484 31.5676 40.5561 0 0 0 0 0 0.2595 93370000000 28600000000
 0.4700   210844 0.4800   219983      1       -1       -1       -1  0 7.62600e+10 7.62600e+10 103.690000 16.906000 36.480000  1 0.4600 89.880000 20.39702 40.18086 19.30298 14.200 56.460 81.280 -1.407e+10 9.788e+09 -7.978e+09 0.03839 522037 522037 677013 2056 35 521983 522038 16.9063 76264000000 76264000000 76264000000 9533000000 9533000000 29.2113 0 0.04385 0.58669 0.29406 8.31414 29.726 49.883 0 0 0 0 0 0.189 99950000000 28600000000
 0.4600   201739 0.4700   210844      0       -1       -1       -1  0 7.62600e+10 7.62600e+10 103.911000 18.775000 32.390000  1 0.4600 89.290000 20.38902 40.14994 19.24148 9.300 50.390 88.100 -1.336e+10 -1.085e+09 -2.665e+09 0.03105 522038 522038 677013 3156 34 521983 522038 18.7753 76264000000 76264000000 66731000000 28599000000 0 33.7253 0 0.03199 0.32829 0.03345 10.5051 17.5381 35.6148 0.16563 0.05195 11.7564 38.6455 -22.5536 0.1326 92360000000 57200000000
