 1.0000   679682 0.0000       -1      1   679681   679681       -1  0 3.24100e+11 3.24100e+11 140.531000 7.233000 133.780000  1 0.8800 142.030000 47.08586 33.76440 61.97350 445.680 -27.440 185.250 6.865e+09 -3.964e+11 -4.000e+11 0.08736 376073 376073 679682 5197 88 376072 376102 7.23308 4652100000000 4652100000000 4652100000000 4652100000000 314590000000 20.8785 9.84 0.08778 0.62465 0.45987 10.3976 19.2982 -6.94896 0.76964 0.53713 10.2415 15.0348 -2.13659 0.6371 560900000000 114400000000
 0.9900   671551 1.0000   679682      1   671549   671549   679681  0 3.46367e+11 3.62300e+11 146.453000 7.069000 146.670000  1 0.8800 150.540000 47.04427 33.77552 61.94624 528.180 30.500 183.620 -1.437e+11 -4.506e+11 -2.120e+11 0.06028 376074 376074 679682 5091 87 376072 376102 7.06877 5157300000000 5157300000000 5157300000000 5157300000000 333650000000 18.3958 14.79 0.06732 0.5203 0.375 4.28021 15.4849 -8.63058 0.52072 0.26328 4.60587 14.4905 -6.76959 0.7095 670200000000 104900000000
 0.9800   663134 0.9900   671551      1   663132   663132   671549  0 3.90867e+11 3.52700e+11 145.765000 7.909000 142.530000  1 0.8800 144.810000 46.98166 33.75587 61.93595 595.720 82.260 179.010 4.649e+10 -1.834e+11 1.071e+11 0.02833 376075 376075 679682 5118 86 376072 376102 7.90873 5433800000000 5433800000000 5433800000000 5433800000000 200190000000 26.0106 10.63 0.0296 0.55282 0.25564 4.26619 17.6112 -14.3772 0.5677 0.14531 6.55083 12.8688 -10.8056 0.6713 577500000000 143000000000
 0.9700   654764 0.9800   663134      1   654763   654763   663132  0 4.03567e+11 4.57600e+11 159.639000 8.688000 144.100000  1 0.8800 158.280000 46.91102 33.75723 61.90062 627.460 190.930 140.010 1.051e+11 -1.121e+11 9.501e+10 0.01456 376076 376076 679682 4178 85 376072 376102 8.68775 5500500000000 5500500000000 5500500000000 5500500000000 371790000000 2.39992 11.71 0.01599 0.49997 0.32655 2.88745 17.9638 -12.5696 0.54112 0.30375 1.03419 16.776 -9.95497 0.662 753000000000 123900000000
 0.9600   646431 0.9700   654764      1   646430   646430   654763  0 4.19467e+11 4.00400e+11 153.323000 7.881000 129.580000  1 0.8800 154.300000 46.84129 33.74119 61.87889 639.150 235.260 101.710 -5.840e+09 -1.116e+10 1.527e+11 0.01916 376077 376077 679682 5182 84 376072 376102 7.88111 4366100000000 4366100000000 4366100000000 838900000000 257390000000 1.3567 0 0.01699 0.56474 0.43808 2.58343 24.1343 -14.9192 0.57389 0.42841 3.45615 22.4896 -12.8045 0.5252 704700000000 95330000000
 0.9500   638105 0.9600   646431      1   638104   638104   646430  0 4.03567e+11 4.00400e+11 153.955000 7.408000 129.970000  1 0.8800 157.720000 46.76553 33.71117 61.87176 623.730 300.180 69.500 1.531e+11 -1.766e+11 8.601e+10 0.03211 376078 376078 679682 5136 83 376072 376102 7.40764 2926600000000 2926600000000 2926600000000 629180000000 209730000000 7.6085 4.24 0.02771 0.75154 0.48354 3.31038 16.1546 -11.7176 0.74603 0.38961 -0.21727 17.6945 -7.02107 0.5122 732200000000 114400000000
 0.9400   629791 0.9500   638105      1   629790   629790   638104  0 4.25800e+11 4.09900e+11 155.803000 6.354000 130.490000  1 0.8800 167.360000 46.69263 33.67532 61.86280 612.480 346.550 38.610 3.355e+11 -5.943e+10 2.642e+11 0.05382 376079 376079 679682 5130 82 376072 376102 6.35379 2097300000000 2097300000000 2097300000000 581510000000 314590000000 13.5119 3.25 0.04629 0.70357 0.51152 3.92324 -14.1439 19.1687 0.6834 0.56078 4.43549 -13.4596 15.43 0.506 796700000000 95330000000
 0.9300   621468 0.9400   629791      1   621467   621467   629790  0 4.44867e+11 4.67100e+11 163.399000 11.325000 142.550000  1 0.8800 151.330000 46.62185 33.62751 61.84240 593.760 424.500 -20.580 8.798e+11 -2.873e+11 -1.056e+11 0.07530 376080 376080 679682 5160 81 376072 376102 11.3251 1878000000000 1878000000000 1715900000000 467120000000 142990000000 13.9666 20.92 0.0807 0.52985 0.38847 -0.81793 -7.67675 24.0869 0.26733 0.14874 -2.67636 -8.70568 23.5462 0.636 660500000000 200200000000
 0.9200   613122 0.9300   621468      1   613121   613121   621467  0 4.83000e+11 4.57600e+11 162.937000 9.586000 136.940000  1 0.8800 157.480000 46.55764 33.58940 61.85621 569.730 436.110 -37.760 6.388e+11 4.601e+10 1.064e+11 0.06364 376081 376081 679682 5189 80 376072 376102 9.58601 1677800000000 1677800000000 1201200000000 438520000000 247860000000 8.44598 18.01 0.05841 0.81809 0.67288 -5.90375 12.3537 -12.2584 0.88219 0.6969 1.01225 -8.53141 12.7347 0.5464 678700000000 171600000000
 0.9100   604750 0.9200   613122      1   604749   604749   613121  0 4.73467e+11 5.24300e+11 171.187000 9.680000 156.820000  1 0.8800 167.150000 46.48752 33.53283 61.86388 547.960 479.440 -99.360 1.593e+12 -5.037e+11 -2.379e+11 0.11047 376082 376082 679682 5189 79 376072 376102 9.67996 1582500000000 1582500000000 1172600000000 457580000000 219260000000 14.4131 23.99 0.12144 0.93194 0.53685 2.4155 12.579 -10.2252 0.91517 0.44428 8.14085 8.18541 -6.7305 0.674 707400000000 209700000000
 0.9000   596376 0.9100   604750      1   596375   596375   604749  0 4.92533e+11 4.38500e+11 161.932000 7.643000 123.840000  1 0.8800 166.270000 46.41335 33.47738 61.86797 524.600 464.070 -86.190 4.617e+11 -4.284e+11 -1.864e+11 0.07864 376083 376083 679682 5190 78 376072 376102 7.643 1439500000000 1439500000000 896100000000 428980000000 257390000000 9.28559 13.86 0.06388 0.88353 0.45726 2.95681 15.891 -5.56112 0.6226 0.51366 0.88909 13.795 -7.70115 0.4399 682500000000 162100000000
 0.8900   587963 0.9000   596376      1   587962   587962   596375  0 5.02067e+11 5.14800e+11 171.501000 9.718000 133.150000  1 0.8800 167.220000 46.35211 33.42605 61.87713 500.820 488.980 -116.130 1.221e+12 -2.164e+11 -7.068e+10 0.09875 376084 376084 679682 5215 77 376072 376102 9.71839 1582500000000 1582500000000 695910000000 428980000000 247860000000 17.4462 5.19 0.09277 0.64841 0.52804 0.62359 12.7888 -11.5473 0.55821 0.42095 -4.60817 -9.08854 10.7289 0.5151 698000000000 219300000000
 0.8800   579578 0.8900   587963      1   579577   579577   587962  0 5.43400e+11 5.52900e+11 176.327000 14.699000 131.700000  1 0.8800 155.610000 46.28694 33.35644 61.89204 480.150 497.540 -142.290 1.469e+12 -3.530e+11 -6.872e+10 0.10489 376085 376085 679682 5203 76 376072 376102 14.6992 1487100000000 1487100000000 1001000000000 371790000000 219260000000 16.5154 2.79 0.1007 0.77295 0.59249 -1.12353 -15.1473 15.8496 0.55672 0.44631 -2.16755 -9.6428 18.8465 0.506 624400000000 247900000000
 0.8700   571102 0.8800   579578      1   571101   571101   579577  0 5.40200e+11 5.62500e+11 178.029000 14.751000 129.160000  1 0.7700 157.320000 46.22327 33.28783 61.91170 458.740 498.960 -159.410 1.540e+12 -5.517e+11 6.083e+10 0.11190 376086 376086 679682 4247 75 376072 376102 14.7514 1468100000000 1468100000000 610110000000 362250000000 219260000000 16.3757 4.77 0.10634 0.7552 0.59399 4.45541 -13.7094 19.5304 0.63694 0.39297 3.86756 -9.29269 17.9657 0.4869 643400000000 266900000000
 0.8600   562637 0.8700   571102      1   562635   562635   571101  0 5.43400e+11 5.05200e+11 172.444000 11.083000 117.530000  1 0.7700 162.480000 46.16311 33.22360 61.92632 439.450 492.290 -168.920 7.510e+11 -4.467e+11 3.109e+11 0.08485 376087 376087 679682 5272 74 376072 376102 11.0835 1086800000000 1086800000000 734040000000 333650000000 238320000000 12.2555 2.59 0.0723 0.78006 0.55106 -1.09475 -15.5397 17.1125 0.82024 0.57407 2.72373 -11.9439 15.2757 0.4016 680000000000 219300000000
 0.8500   554199 0.8600   562637      1       -1       -1   562635  0 6.60933e+11 5.62500e+11 179.409000 13.426000 122.490000  1 0.7700 162.570000 46.10741 33.15412 61.95190 417.960 498.980 -179.390 1.059e+12 -6.979e+11 -4.694e+10 0.09117 376088 376088 679682 5257 73 376072 376102 13.4258 981900000000 991430000000 724510000000 438520000000 257390000000 16.1103 4.38 0.08307 0.85473 0.54213 19.9252 4.96642 12.3075 0.71651 0.60811 16.5601 -1.22929 11.1814 0.4381 683600000000 266900000000
 0.8400   545697 0.8500   554199      1       -1       -1       -1  0 6.60933e+11 5.81500e+11 182.108000 12.730000 126.880000  1 0.7700 167.920000 46.03990 33.07961 61.97564 395.290 494.460 -189.280 1.125e+12 -9.916e+11 -1.196e+11 0.10405 376089 376089 679682 5297 72 376072 376102 12.7297 915170000000 991430000000 629180000000 409920000000 276460000000 19.4334 1.18 0.09351 0.93686 0.60189 11.6719 -6.93639 12.0254 0.90525 0.69747 8.25201 -3.8622 10.8623 0.4416 704000000000 266900000000
 0.8300   537180 0.8400   545697      1       -1       -1       -1  0 6.60933e+11 5.81500e+11 182.799000 11.134000 131.380000  1 0.7700 174.810000 45.97682 33.00069 62.00665 378.550 480.070 -198.660 7.357e+11 -8.601e+11 -1.353e+11 0.08321 376090 376090 679682 5292 71 376072 376102 11.134 838900000000 1115400000000 543380000000 352720000000 266920000000 16.0465 0 0.07115 0.87209 0.53764 16.3885 1.0612 7.38752 0.78397 0.55022 14.4227 1.63181 5.25936 0.4304 724400000000 238300000000
 0.8200   528583 0.8300   537180      1       -1       -1       -1  0 6.60933e+11 5.72000e+11 182.479000 8.275000 128.670000  1 0.7700 189.580000 45.92289 32.93084 62.03764 361.690 475.910 -204.750 6.937e+11 -7.125e+11 -1.625e+10 0.07588 376091 376091 679682 4294 70 376072 376102 8.27476 705440000000 1020000000000 543380000000 371790000000 257390000000 22.6041 3.68 0.06408 0.91778 0.6366 0.70415 20.0149 -8.00868 0.9443 0.61171 -10.5846 12.4533 -4.54715 0.4161 891700000000 247900000000
 0.8100   519937 0.8200   528583      1       -1       -1       -1  0 6.60933e+11 6.00600e+11 186.163000 13.602000 127.030000  1 0.7700 169.960000 45.86428 32.85208 62.07056 343.370 470.580 -220.710 1.000e+12 -9.339e+11 -8.832e+10 0.09330 376092 376092 679682 5335 69 376072 376102 13.6018 772170000000 1029600000000 524310000000 362250000000 257390000000 25.5293 0 0.0818 0.72112 0.61786 2.49199 21.3962 -8.96591 0.72404 0.6277 -0.84105 16.5661 -7.67603 0.4159 676500000000 266900000000
 0.8000   511254 0.8100   519937      1       -1       -1       -1  0 6.60933e+11 6.00600e+11 186.852000 14.882000 121.190000  1 0.7700 167.080000 45.80235 32.76614 62.09864 322.980 467.000 -222.410 7.701e+11 -1.020e+12 -4.673e+11 0.09255 376093 376093 679682 4351 68 376072 376102 14.8823 886570000000 1029600000000 552910000000 352720000000 247860000000 18.8848 0 0.08153 0.93789 0.63021 24.6802 15.2233 0.26399 0.71645 0.61797 10.8731 -7.68294 18.8524 0.3913 664800000000 276500000000
 0.7900   502616 0.8000   511254      1       -1       -1       -1  0 6.60933e+11 6.38700e+11 191.425000 24.431000 120.820000  1 0.7700 154.340000 45.75587 32.67421 62.14272 317.500 455.950 -218.230 1.140e+12 -1.551e+12 -1.038e+12 0.12674 376094 376094 679682 5382 67 376072 376102 24.4311 848440000000 981900000000 610110000000 419450000000 190660000000 24.888 24.57 0.11878 0.72592 0.58741 27.9065 9.73582 0.60712 0.69693 0.59324 19.5587 -9.21643 7.37647 0.4186 638000000000 381300000000
 0.7800   493981 0.7900   502616      1       -1       -1       -1  0 6.60933e+11 6.38700e+11 192.121000 19.793000 122.460000  1 0.7700 162.100000 45.69703 32.59713 62.17252 291.050 462.880 -235.530 1.112e+12 -1.438e+12 -1.183e+12 0.12682 376095 376095 679682 4345 66 376072 376102 19.7926 781710000000 991430000000 562450000000 419450000000 171590000000 29.8618 3.79 0.11835 0.5743 0.49156 27.5808 10.9897 -6.34485 0.68754 0.4506 23.5158 0.50104 1.07951 0.4134 676100000000 352700000000
 0.7700   485295 0.7800   493981      1       -1       -1       -1  0 6.60933e+11 6.95900e+11 198.404000 25.115000 128.130000  1 0.7700 160.550000 45.63634 32.51041 62.21385 273.750 457.330 -237.200 1.381e+12 -1.870e+12 -1.742e+12 0.14582 376096 376096 679682 5385 65 376072 376102 25.1145 800770000000 962830000000 600580000000 409920000000 181130000000 35.3296 7.86 0.13804 0.57404 0.39295 21.9884 15.7972 -7.63359 0.7003 0.30943 17.6565 2.47604 -2.51595 0.4286 675800000000 390900000000
 0.7600   476598 0.7700   485295      1       -1       -1       -1  0 6.60933e+11 6.48200e+11 194.458000 16.953000 127.430000  1 0.7100 170.820000 45.58912 32.42459 62.25846 260.050 454.080 -238.010 9.116e+11 -1.463e+12 -1.131e+12 0.12598 376097 376097 679682 5398 64 376072 376102 16.9528 772170000000 943770000000 533850000000 419450000000 247860000000 28.7749 0 0.11079 0.77082 0.53813 13.8574 14.5779 -10.2965 0.78405 0.6113 16.9682 -1.84604 1.29172 0.3988 702600000000 314600000000
 0.7500   467865 0.7600   476598      1       -1       -1       -1  0 6.29167e+11 6.38700e+11 194.183000 10.620000 133.560000  1 0.7100 192.560000 45.53464 32.33493 62.30412 248.760 440.240 -227.440 7.319e+11 -1.254e+12 -1.018e+12 0.11852 376098 376098 679682 5420 63 376072 376102 10.6204 676840000000 934230000000 524310000000 419450000000 276460000000 19.3904 7.29 0.09817 0.70075 0.56051 6.02029 18.5647 -9.57808 0.80936 0.6469 16.5064 -1.34255 0.95458 0.3935 797600000000 228800000000
 0.7400   459054 0.7500   467865      1       -1       -1       -1  0 6.06933e+11 6.00600e+11 190.903000 10.362000 124.360000  1 0.7100 189.990000 45.48022 32.24226 62.34534 237.380 435.070 -227.710 4.308e+11 -1.055e+12 -6.641e+11 0.10145 376099 376099 679682 5453 62 376072 376102 10.3617 743570000000 915170000000 591050000000 428980000000 276460000000 9.71004 1.17 0.08129 0.82739 0.63795 21.226 -0.71469 -4.72697 0.58442 0.47506 20.6408 -1.98536 -1.70125 0.3509 808200000000 257400000000
 0.7300   450230 0.7400   459054      1       -1       -1       -1  0 5.91033e+11 5.81500e+11 189.514000 13.461000 120.620000  1 0.7100 175.850000 45.43274 32.15080 62.39943 231.340 428.890 -228.080 4.551e+11 -8.723e+11 -4.532e+11 0.08715 376100 376100 679682 4412 61 376072 376102 13.4612 743570000000 886570000000 629180000000 448050000000 247860000000 7.68429 0 0.07081 0.83491 0.77653 14.532 18.0577 4.37213 0.81764 0.78275 16.685 6.92975 7.78834 0.3458 645900000000 247900000000
 0.7200   441382 0.7300   450230      1       -1       -1       -1  0 5.84667e+11 5.91000e+11 191.195000 19.312000 114.610000  1 0.7100 163.400000 45.37194 32.07147 62.44159 223.970 424.000 -225.640 5.049e+11 -8.204e+11 -3.267e+11 0.07717 376101 376101 679682 5511 60 376072 376102 19.3117 705440000000 819840000000 619640000000 476650000000 181130000000 10.333 3.52 0.06505 0.68588 0.51291 7.47214 27.4501 1.05097 0.71824 0.36579 7.49024 23.2122 2.09125 0.3369 611600000000 324100000000
 0.7100   432463 0.7200   441382      0       -1       -1       -1  0 5.81500e+11 5.81500e+11 190.805000 21.056000 107.930000  1 0.7100 160.280000 45.32790 31.96401 62.48660 216.080 417.550 -226.550 5.280e+11 -8.131e+11 -2.755e+11 0.07990 376102 376102 679682 4448 59 376072 376102 21.0563 686380000000 762640000000 619640000000 419450000000 152530000000 11.4676 0.98 0.06658 0.85381 0.52131 10.5014 12.1019 -11.15 0.77991 0.33143 10.7308 7.93694 -7.75254 0.3059 598300000000 343200000000
