 1.0000   682195 0.0000       -1      1       -1       -1       -1  0 1.62100e+11 1.62100e+11 111.539000 14.095000 77.380000  1 0.7100 90.700000 29.56135 44.86865 44.55749 -102.910 -254.190 -159.730 -1.605e+11 6.921e+10 -1.188e+11 0.08070 527192 527192 682195 7710 88 527191 527221 14.095 162060000000 190660000000 123930000000 95330000000 0 24.0393 0 0.10459 0.64079 0.32211 -3.68644 18.1762 23.2607 0 0 1.64223 4.0741 27.4048 0.6109 181000000000 95330000000
 0.9900   674091 1.0000   682195      1       -1       -1       -1  0 1.55733e+11 1.62100e+11 112.009000 18.324000 75.310000  1 0.7100 86.810000 29.57186 44.89363 44.57357 -102.480 -251.440 -159.390 -1.581e+11 6.931e+10 -1.182e+11 0.08158 527193 527193 682195 7712 87 527191 527221 18.3242 162060000000 190660000000 114400000000 95330000000 0 24.1113 0 0.10381 0.6036 0.35832 -0.17147 13.5797 25.0565 0.83757 0.24887 -3.50815 7.68323 32.1746 0.5884 182400000000 104900000000
 0.9800   665639 0.9900   674091      1       -1       -1       -1  0 1.52500e+11 1.43000e+11 107.882000 7.705000 65.200000  1 0.7100 99.610000 29.58374 44.90629 44.56314 -107.450 -253.680 -147.320 -1.293e+10 1.787e+10 -1.007e+11 0.07418 527194 527194 682195 7767 86 527191 527221 7.70506 142990000000 181130000000 114400000000 104860000000 38132000000 5.16375 0 0.0632 0.44752 0.31356 11.8051 -11.4437 2.91125 0.04134 0 25.715 -17.2119 4.04945 0.3315 218100000000 57200000000
 0.9700   657232 0.9800   665639      1       -1       -1       -1  0 1.52500e+11 1.43000e+11 108.332000 8.075000 63.800000  1 0.7100 98.850000 29.59183 44.93636 44.57336 -106.610 -251.990 -147.140 -1.449e+10 1.666e+10 -9.884e+10 0.07292 527195 527195 682195 6764 85 527191 527221 8.07489 142990000000 171590000000 123930000000 104860000000 47665000000 8.80673 0 0.0623 0.4566 0.40714 -7.75246 9.50902 -0.85755 0.59597 0.14042 -3.32133 6.8881 1.43059 0.3208 206500000000 57200000000
 0.9600   648887 0.9700   657232      1       -1       -1       -1  0 1.52500e+11 1.43000e+11 108.781000 8.775000 62.250000  1 0.7100 97.240000 29.61264 44.96449 44.60873 -105.770 -250.110 -146.910 -1.515e+10 1.577e+10 -9.739e+10 0.06871 527196 527196 682195 7856 84 527191 527221 8.77464 142990000000 190660000000 114400000000 114400000000 19066000000 16.6906 0 0.06159 0.67256 0.53313 -12.4336 12.6703 -3.3258 0.78533 0.49484 10.8262 -11.1999 -2.75178 0.3283 191900000000 57200000000
 0.9500   640543 0.9600   648887      1       -1       -1       -1  0 1.52500e+11 1.33500e+11 106.746000 5.764000 63.190000  1 0.7100 105.860000 29.62262 44.98604 44.60790 -105.520 -246.650 -150.330 7.232e+09 3.794e+10 -9.084e+10 0.08347 527197 527197 682195 7882 83 527191 527221 5.76403 133460000000 162060000000 133460000000 104860000000 38132000000 8.61162 0 0.06855 0.79337 0.35905 -0.12333 16.5263 -1.43538 0.89176 0.27234 -7.52053 13.3442 0.99212 0.3046 224900000000 38130000000
 0.9400   632224 0.9500   640543      1       -1       -1       -1  0 1.52500e+11 1.33500e+11 107.184000 6.362000 66.530000  1 0.7100 103.490000 29.63036 45.02536 44.62212 -105.080 -244.070 -150.300 7.147e+09 3.725e+10 -8.995e+10 0.08021 527198 527198 682195 7802 82 527191 527221 6.36183 133460000000 162060000000 123930000000 104860000000 19066000000 3.89329 0 0.06801 0.69764 0.31954 -2.46259 19.9077 -5.03359 0.63388 0.14472 1.113 21.1703 -4.37184 0.3385 218700000000 28600000000
 0.9300   623885 0.9400   632224      1       -1       -1       -1  0 1.52500e+11 1.33500e+11 107.620000 7.494000 68.500000  1 0.7100 99.550000 29.65283 45.02341 44.66136 -109.110 -239.770 -143.440 4.040e+09 4.116e+09 -3.696e+10 0.02882 527199 527199 682195 7857 81 527191 527221 7.49398 133460000000 162060000000 114400000000 104860000000 28599000000 26.7093 0 0.02614 0.49104 0.30483 -11.3589 17.6738 -11.895 0.77986 0.24156 -2.78648 -8.99733 10.8676 0.3762 185900000000 47660000000
 0.9200   615539 0.9300   623885      1       -1       -1       -1  0 1.52500e+11 1.33500e+11 108.056000 4.380000 77.150000  1 0.7100 116.120000 29.65680 45.08197 44.65860 -104.350 -238.340 -150.110 6.926e+09 3.605e+10 -8.865e+10 0.08116 527200 527200 682195 7852 80 527191 527221 4.38008 133460000000 142990000000 133460000000 114400000000 95330000000 2.54119 0 0.0673 0.36761 0.14918 17.7066 -10.8806 5.78601 0.04841 0.01594 19.4542 -11.1332 4.85575 0.3944 269500000000 28600000000
 0.9100   607159 0.9200   615539      1       -1       -1       -1  0 1.52500e+11 1.43000e+11 111.014000 5.745000 81.810000  1 0.7100 111.100000 29.67041 45.08822 44.69757 -107.360 -236.180 -143.150 -2.617e+10 1.017e+09 -1.058e+11 0.07421 527201 527201 682195 7878 79 527191 527221 5.74474 142990000000 142990000000 123930000000 114400000000 66731000000 25.7784 7.06 0.06837 0.75956 0.28679 4.61285 -10.5624 12.4117 0.96464 0.25575 -3.40194 -5.39488 12.0473 0.4641 216700000000 38130000000
 0.9000   598781 0.9100   607159      1       -1       -1       -1  0 1.52500e+11 1.33500e+11 108.924000 4.085000 86.690000  1 0.7100 119.690000 29.68270 45.13956 44.69813 -106.340 -234.140 -142.990 3.452e+09 3.704e+09 -3.488e+10 0.03279 527202 527202 682195 7868 78 527191 527221 4.08533 133460000000 142990000000 133460000000 123930000000 104860000000 10.4692 0 0.02489 0.73822 0.46822 9.08601 -9.05536 5.92203 0.76054 0.50369 6.94871 -7.21933 8.26301 0.4026 292300000000 38130000000
 0.8900   590366 0.9000   598781      1       -1       -1       -1  0 1.52500e+11 1.33500e+11 109.356000 3.120000 92.180000  1 0.7100 130.800000 29.69676 45.17144 44.71777 -105.230 -231.950 -142.830 3.361e+09 3.625e+09 -3.435e+10 0.03291 527203 527203 682195 7971 77 527191 527221 3.12017 133460000000 152530000000 123930000000 123930000000 104860000000 11.5876 0 0.0246 0.693 0.44473 12.2775 -9.16304 0.99043 0.693 0.44473 12.2775 -9.16304 0.99043 0.425 330800000000 57200000000
 0.8800   581984 0.8900   590366      1       -1       -1       -1  0 1.52500e+11 1.43000e+11 112.341000 4.661000 96.030000  1 0.7100 119.700000 29.70176 45.18520 44.74796 -104.420 -231.150 -139.570 -1.316e+10 1.289e+10 -3.126e+10 0.02508 527204 527204 682195 7925 76 527191 527221 4.66103 142990000000 152530000000 123930000000 123930000000 95330000000 13.7881 0 0.02301 0.54904 0.32213 -11.9776 -1.83541 12.701 0.1423 0.00816 -7.93259 -2.94745 14.3548 0.5358 279600000000 38130000000
 0.8700   573507 0.8800   581984      1       -1       -1       -1  0 1.52500e+11 1.43000e+11 112.781000 4.850000 95.180000  1 0.7100 118.880000 29.71389 45.21862 44.76473 -102.770 -227.040 -142.500 -1.506e+10 8.376e+09 -3.344e+10 0.02667 527205 527205 682195 6989 75 527191 527221 4.85039 142990000000 152530000000 123930000000 123930000000 85797000000 14.4116 3.9 0.02395 0.49465 0.25224 19.9417 0.02317 -6.98814 0.30169 0.16158 19.6074 -3.85405 -4.41828 0.5216 290500000000 28600000000
 0.8600   565033 0.8700   573507      1       -1       -1       -1  0 1.52500e+11 1.43000e+11 113.219000 7.574000 87.830000  1 0.7100 105.560000 29.73025 45.27156 44.80276 -95.850 -224.860 -144.010 -1.255e+10 1.435e+10 -8.798e+10 0.04667 527206 527206 682195 8050 74 527191 527221 7.57445 142990000000 142990000000 123930000000 123930000000 0 28.0894 0 0.05753 0.39991 0.29585 -15.9702 14.1497 32.1052 0.19786 0.03792 -12.3421 18.446 39.956 0.6407 221300000000 9533000000
 0.8500   556592 0.8600   565033      1       -1       -1       -1  0 1.52500e+11 1.33500e+11 111.072000 4.808000 82.040000  1 0.7100 116.860000 29.75795 45.28926 44.79774 -99.960 -221.430 -142.100 2.948e+09 3.422e+09 -3.284e+10 0.03170 527207 527207 682195 8075 73 527191 527221 4.8082 133460000000 133460000000 133460000000 123930000000 85797000000 2.29326 0 0.02385 0.70801 0.34405 7.0449 -7.61673 12.0728 0.71104 0.2922 4.61457 -7.07768 13.0083 0.374 268000000000 38130000000
 0.8400   548092 0.8500   556592      1       -1       -1       -1  0 1.52500e+11 1.33500e+11 111.497000 5.203000 74.790000  1 0.7100 114.800000 29.77523 45.32113 44.81860 -98.400 -218.370 -141.880 2.659e+09 3.306e+09 -3.258e+10 0.02979 527208 527208 682195 8129 72 527191 527221 5.20323 133460000000 142990000000 133460000000 123930000000 85797000000 2.32597 0 0.02374 0.74636 0.31728 4.8909 -7.00165 12.0857 0.86286 0.26788 1.72565 -6.37898 10.8305 0.3586 232200000000 28600000000
 0.8300   539568 0.8400   548092      1       -1       -1       -1  0 1.52500e+11 1.33500e+11 111.920000 5.563000 64.320000  1 0.7100 113.210000 29.78940 45.35657 44.83943 -96.710 -215.110 -141.670 2.447e+09 3.024e+09 -3.241e+10 0.02995 527209 527209 682195 8137 71 527191 527221 5.56312 133460000000 142990000000 133460000000 114400000000 76264000000 0.00088 0 0.02369 0.64616 0.47153 15.6501 -10.4732 15.3212 0.78578 0.47713 14.7639 -8.75459 12.1293 0.2907 214600000000 19070000000
 0.8200   530976 0.8300   539568      1       -1       -1       -1  0 1.52500e+11 1.43000e+11 114.955000 10.192000 60.300000  1 0.7100 100.060000 29.79779 45.38283 44.86468 -96.330 -216.110 -136.310 -1.482e+10 1.328e+10 -2.784e+10 0.02651 527210 527210 682195 7161 70 527191 527221 10.1925 142990000000 142990000000 142990000000 123930000000 28599000000 6.89462 0 0.02223 0.66282 0.54534 8.73274 -9.67454 12.1228 0.56313 0.29756 -0.70597 10.7772 -5.66549 0.2745 188000000000 76260000000
 0.8100   522333 0.8200   530976      1       -1       -1       -1  0 1.52500e+11 1.43000e+11 115.384000 9.786000 58.400000  1 0.7100 101.550000 29.81870 45.42277 44.88599 -94.710 -213.280 -135.760 -1.452e+10 1.240e+10 -2.755e+10 0.02633 527211 527211 682195 8262 69 527191 527221 9.78634 142990000000 142990000000 142990000000 114400000000 47665000000 0.0022 0 0.02186 0.68004 0.51081 15.2234 -7.76199 14.6446 0.71039 0.04751 9.78396 -4.10284 16.4506 0.2558 181500000000 57200000000
 0.8000   513646 0.8100   522333      1       -1       -1       -1  0 1.52500e+11 1.43000e+11 115.811000 11.894000 57.930000  1 0.7100 97.610000 29.84372 45.45791 44.91597 -92.980 -210.350 -135.230 -1.402e+10 1.105e+10 -2.740e+10 0.02445 527212 527212 682195 7237 68 527191 527221 11.894 142990000000 142990000000 142990000000 114400000000 0 11.4471 0 0.02142 0.5081 0.39301 23.2633 -2.39625 22.6398 0.55074 0.3892 20.8423 -0.95644 15.7451 0.2708 180800000000 66730000000
 0.7900   505001 0.8000   513646      1       -1       -1       -1  0 1.52500e+11 1.43000e+11 116.235000 11.011000 61.280000  1 0.7100 99.840000 29.85915 45.49303 44.94065 -94.380 -213.850 -132.160 -5.126e+09 2.173e+10 8.965e+09 0.01752 527213 527213 682195 8258 67 527191 527221 11.0113 142990000000 142990000000 142990000000 95330000000 0 12.7941 0 0.01583 0.5042 0.30944 22.8901 -1.93095 26.7538 0 0 17.8719 10.3264 6.70242 0.2995 188700000000 66730000000
 0.7800   496358 0.7900   505001      1       -1       -1       -1  0 1.52500e+11 1.43000e+11 116.658000 10.548000 64.530000  1 0.7100 101.380000 29.87460 45.52856 44.96574 -92.600 -211.800 -131.710 -5.895e+09 1.975e+10 1.052e+10 0.01657 527214 527214 682195 7210 66 527191 527221 10.5477 142990000000 142990000000 142990000000 123930000000 0 12.4832 0 0.0153 0.68076 0.2518 27.4379 1.11622 18.3682 0.40885 0.00875 28.2181 -0.33792 5.88613 0.3285 194800000000 57200000000
 0.7700   487683 0.7800   496358      1       -1       -1       -1  0 1.52500e+11 1.43000e+11 117.078000 10.494000 68.350000  1 0.7100 102.050000 29.88979 45.56477 44.99125 -89.860 -207.870 -130.320 -1.015e+10 1.843e+10 -3.051e+09 0.01509 527215 527215 682195 8318 65 527191 527221 10.4943 142990000000 152530000000 142990000000 123930000000 9533000000 20.5317 0 0.01412 0.57251 0.07441 30.8656 -0.34168 5.62734 0.63041 0.22033 22.795 -1.75267 15.8945 0.357 199500000000 57200000000
 0.7600   478984 0.7700   487683      1       -1       -1       -1  0 1.52500e+11 1.52500e+11 120.050000 9.091000 67.920000  1 0.7100 109.130000 29.88058 45.62015 45.01537 -89.550 -204.530 -130.730 -1.445e+10 1.373e+10 -4.140e+08 0.01350 527216 527216 682195 8316 64 527191 527221 9.09114 152530000000 152530000000 152530000000 104860000000 38132000000 21.9775 0 0.01195 0.64522 0.34595 -12.3116 15.9164 11.208 0.63598 0.12324 -8.48121 18.0496 8.59278 0.3208 196600000000 47660000000
 0.7500   470259 0.7600   478984      1       -1       -1       -1  0 1.52500e+11 1.52500e+11 120.474000 8.002000 72.800000  1 0.7100 113.390000 29.89681 45.65765 45.04102 -90.060 -198.060 -131.130 -2.316e+10 9.269e+09 -2.601e+10 0.02470 527217 527217 682195 8377 63 527191 527221 8.00186 152530000000 152530000000 152530000000 114400000000 76264000000 15.6177 0 0.0217 0.59734 0.45373 -14.0791 17.1886 12.1134 0.34665 0.0581 -9.41404 24.9994 7.05098 0.343 194500000000 57200000000
 0.7400   461448 0.7500   470259      1       -1       -1       -1  0 1.52500e+11 1.52500e+11 120.895000 6.983000 71.910000  1 0.7100 118.280000 29.91088 45.69057 45.05375 -89.080 -194.940 -130.950 -2.211e+10 1.136e+10 -2.541e+10 0.02690 527218 527218 682195 8360 62 527191 527221 6.98281 152530000000 152530000000 133460000000 114400000000 76264000000 13.4957 0 0.02151 0.79249 0.49375 14.2904 -3.8948 1.0189 0.80363 0.44078 14.1864 -2.06458 1.98094 0.2965 216600000000 66730000000
 0.7300   452623 0.7400   461448      1       -1       -1       -1  0 1.52500e+11 1.52500e+11 121.312000 5.853000 72.010000  1 0.7100 125.010000 29.93936 45.72763 45.08042 -86.840 -188.520 -129.400 -1.927e+10 -1.178e+10 -2.293e+10 0.02583 527219 527219 682195 7327 61 527191 527221 5.85287 152530000000 162060000000 133460000000 123930000000 104860000000 11.7848 0 0.01957 0.68888 0.38695 11.4487 1.77615 8.98517 0.66985 0.50145 11.4321 8.12342 -0.09508 0.2712 255900000000 57200000000
 0.7200   443783 0.7300   452623      1       -1       -1       -1  1 1.52500e+11 1.52500e+11 121.726000 6.351000 73.940000  1 0.7100 123.090000 29.95294 45.75712 45.10067 -86.840 -188.520 -129.400 -2.230e+10 -9.348e+09 -2.394e+10 0.02637 527220 527220 682195 8764 60 527191 527221 6.38964 152530000000 157295000000 142995000000 128695000000 81029000000 7.50401 0 0.020915 0.57976 0.30882 20.0599 -0.953755 14.0787 0.688565 0.263685 18.9892 6.46023 0.281125 0.29805 251450000000 47665000000
 0.7100   434877 0.7200   443783      0       -1       -1       -1  0 1.52500e+11 1.52500e+11 122.138000 6.849000 75.770000  1 0.7100 121.110000 29.98166 45.80711 45.15676 -77.660 -184.320 -125.490 -2.533e+10 -6.916e+09 -2.494e+10 0.02691 527221 527221 682195 7460 59 527191 527221 6.84879 152530000000 152530000000 152530000000 133460000000 57198000000 3.22324 0 0.02226 0.47064 0.23069 28.6712 -3.68366 19.1722 0.70728 0.02592 26.5463 4.79705 0.65733 0.3249 247000000000 38130000000
