 1.0000   680177 0.0000       -1      1       -1       -1       -1  0 2.95500e+11 2.95500e+11 136.270000 10.427000 107.010000  1 0.3500 123.970000 54.17953 32.35965 43.29162 161.370 364.840 166.310 1.474e+11 -2.988e+10 -1.329e+11 0.03675 394710 394710 680177 5692 88 394709 394775 10.4268 295520000000 324120000000 257390000000 228790000000 57198000000 14.0985 0 0.03649 0.78603 0.37536 7.07412 23.0093 1.15141 0.35662 0.18539 -5.00897 -11.9945 16.6868 0.5382 406300000000 114400000000
 0.9900   672049 1.0000   680177      1       -1       -1       -1  0 2.89167e+11 2.86000e+11 135.356000 10.644000 109.000000  1 0.3500 122.150000 54.16587 32.32173 43.27298 158.860 361.220 168.000 1.281e+11 9.800e+10 -9.656e+10 0.03720 394711 394711 680177 5591 87 394709 394775 10.6445 285990000000 314590000000 266920000000 238320000000 114400000000 15.1617 0 0.0362 0.90185 0.40815 0.91217 21.2337 -2.11355 0.309 0.05567 -4.89827 -9.62356 14.8245 0.5414 405300000000 123900000000
 0.9800   663630 0.9900   672049      1       -1       -1       -1  0 2.89167e+11 2.86000e+11 135.923000 8.645000 110.940000  1 0.3500 129.340000 54.14818 32.28251 43.26003 157.340 358.690 165.830 1.253e+11 9.639e+10 -9.448e+10 0.03840 394712 394712 680177 5613 86 394709 394775 8.6446 285990000000 314590000000 266920000000 238320000000 123930000000 10.27 0 0.03557 0.68308 0.51885 -4.28302 16.5615 2.32323 0.75631 0.44382 -4.98042 13.5298 -0.98578 0.5247 425200000000 123900000000
 0.9700   655252 0.9800   663630      1       -1       -1       -1  0 2.89167e+11 2.86000e+11 136.490000 7.796000 111.980000  1 0.3500 133.540000 54.12735 32.23846 43.24620 155.830 356.140 163.660 1.231e+11 9.493e+10 -9.281e+10 0.03903 394713 394713 680177 4682 85 394709 394775 7.79567 285990000000 314590000000 266920000000 228790000000 133460000000 6.01513 0 0.03507 0.61088 0.49002 -8.85928 15.1767 -2.32588 0.35652 0.1048 -10.2829 10.8381 -5.58488 0.5135 448600000000 104900000000
 0.9600   646914 0.9700   655252      1       -1       -1       -1  0 2.89167e+11 2.86000e+11 137.056000 7.915000 110.860000  1 0.3500 133.560000 54.10942 32.20388 43.23083 154.300 353.570 161.470 1.213e+11 9.360e+10 -9.151e+10 0.03856 394714 394714 680177 5676 84 394709 394775 7.91463 285990000000 305060000000 266920000000 219260000000 142990000000 3.60345 0 0.03468 0.83769 0.62342 -7.12675 13.7802 3.12392 0.88887 0.7002 9.86351 -9.20541 0.6945 0.5083 452600000000 85800000000
 0.9500   638589 0.9600   646914      1       -1       -1       -1  0 2.89167e+11 2.86000e+11 137.620000 7.748000 110.360000  1 0.3500 134.920000 54.09396 32.16041 43.21668 153.040 354.470 152.580 3.416e+10 2.555e+09 -1.227e+11 0.02777 394715 394715 680177 5642 83 394709 394775 7.74806 285990000000 305060000000 266920000000 219260000000 152530000000 6.13999 0 0.02484 0.89085 0.57585 -2.51546 12.8652 9.12882 0.86643 0.61406 -1.13146 10.2567 9.38844 0.5016 447000000000 85800000000
 0.9400   630273 0.9500   638589      1       -1       -1       -1  0 2.89167e+11 2.86000e+11 138.184000 8.284000 109.280000  1 0.3500 133.060000 54.07735 32.12219 43.19338 151.150 351.540 150.430 3.397e+10 2.331e+09 -1.212e+11 0.02645 394716 394716 680177 5654 82 394709 394775 8.28396 285990000000 295520000000 266920000000 238320000000 133460000000 10.1211 0 0.02463 0.82067 0.48933 2.15991 1.22801 22.6845 0.63672 0.48719 -0.84533 2.18423 20.4338 0.5164 439900000000 95330000000
 0.9300   621947 0.9400   630273      1       -1       -1       -1  0 2.89167e+11 2.86000e+11 138.747000 8.707000 105.950000  1 0.3500 131.880000 54.05488 32.08321 43.17864 149.280 348.580 148.280 3.409e+10 1.739e+09 -1.198e+11 0.02626 394717 394717 680177 5661 81 394709 394775 8.70709 285990000000 295520000000 266920000000 257390000000 114400000000 8.41374 0 0.02445 0.76204 0.5172 2.83437 -10.0269 17.2598 0.56756 0.18016 -0.45456 -8.64318 15.1466 0.5004 427500000000 114400000000
 0.9200   613602 0.9300   621947      1       -1       -1       -1  0 2.89167e+11 2.86000e+11 139.309000 9.886000 102.070000  1 0.3500 128.160000 54.03682 32.04427 43.15976 148.270 343.290 150.540 6.510e+10 1.176e+11 -6.580e+10 0.03118 394718 394718 680177 5760 80 394709 394775 9.8863 285990000000 295520000000 266920000000 228790000000 19066000000 11.5459 0 0.02947 0.76327 0.42303 -0.97661 20.3258 -18.0402 0.56938 0.11767 -0.57045 21.8973 -17.3993 0.4875 413700000000 114400000000
 0.9100   605228 0.9200   613602      1       -1       -1       -1  0 2.89167e+11 2.86000e+11 139.869000 9.654000 98.590000  1 0.3500 129.520000 54.01217 31.99012 43.16191 147.330 339.600 141.820 2.162e+10 -5.336e+10 -1.055e+11 0.02635 394719 394719 680177 5702 79 394709 394775 9.6537 285990000000 285990000000 266920000000 209730000000 95330000000 9.31192 0 0.02375 0.73531 0.55264 -6.03252 20.5827 -3.45962 0.58943 0.15085 -9.8166 17.7704 -5.40826 0.4451 424800000000 104900000000
 0.9000   596854 0.9100   605228      1       -1       -1       -1  0 2.89167e+11 2.86000e+11 140.428000 9.141000 95.680000  1 0.3500 131.980000 54.00031 31.94462 43.12602 144.850 337.470 146.420 6.210e+10 1.171e+11 -6.514e+10 0.03281 394720 394720 680177 5700 78 394709 394775 9.14072 285990000000 295520000000 247860000000 228790000000 0 3.59051 0 0.02928 0.65188 0.46488 -0.31228 -7.64334 28.1266 0.46816 0.14997 0.19527 -4.44181 26.622 0.4258 414300000000 76260000000
 0.8900   588442 0.9000   596854      1       -1       -1       -1  0 2.89167e+11 2.86000e+11 140.986000 8.919000 92.750000  1 0.3500 133.450000 53.97652 31.89636 43.11504 145.400 332.990 141.590 1.849e+10 -5.472e+10 -1.006e+11 0.02645 394721 394721 680177 5806 77 394709 394775 8.91888 285990000000 305060000000 257390000000 219260000000 85797000000 6.04724 3.79 0.02308 0.9126 0.4969 -9.00242 17.847 -15.4672 0.8523 0.14592 -14.8508 19.9794 -6.14748 0.398 416200000000 95330000000
 0.8800   580061 0.8900   588442      1       -1       -1       -1  0 2.89167e+11 2.86000e+11 141.541000 10.239000 93.010000  1 0.3500 129.370000 53.95267 31.85063 43.09402 141.380 330.660 136.710 2.408e+10 -5.452e+10 -1.025e+11 0.02684 394722 394722 680177 5749 76 394709 394775 10.2393 285990000000 305060000000 247860000000 209730000000 123930000000 8.85544 0 0.02368 0.78595 0.54117 -7.39931 21.4748 4.45429 0.60236 0.35373 -11.6853 19.8158 -4.52107 0.4026 369100000000 123900000000
 0.8700   571585 0.8800   580061      1       -1       -1       -1  0 2.89167e+11 2.66900e+11 138.865000 9.374000 95.070000  1 0.3500 129.180000 53.94268 31.80625 43.07902 142.660 328.320 135.300 -4.076e+10 5.911e+10 -8.996e+10 0.03031 394723 394723 680177 4815 75 394709 394775 9.37364 266920000000 295520000000 257390000000 190660000000 123930000000 4.6003 0 0.02589 0.36724 0.29633 19.3579 -18.462 -0.96552 0.23051 0.15794 19.7523 -17.4373 -1.13101 0.4042 357700000000 123900000000
 0.8600   563120 0.8700   571585      1       -1       -1       -1  0 2.89167e+11 2.66900e+11 139.404000 7.859000 94.190000  1 0.3500 136.060000 53.91526 31.75827 43.05876 140.810 325.290 133.380 -3.934e+10 5.746e+10 -8.977e+10 0.03070 394724 394724 680177 5864 74 394709 394775 7.85928 266920000000 295520000000 257390000000 200190000000 142990000000 4.86668 0 0.02565 0.51583 0.37809 12.9346 -8.63798 -1.97782 0.33792 0.09606 15.3057 -8.8869 -1.21379 0.3884 387000000000 104900000000
 0.8500   554680 0.8600   563120      1       -1       -1       -1  0 2.89167e+11 2.66900e+11 139.942000 27.342000 92.590000  1 0.3500 104.680000 53.87526 31.72628 42.99109 138.730 320.230 129.220 -2.170e+10 7.583e+10 -8.874e+08 0.01420 394725 394725 680177 5804 73 394709 394775 27.3423 266920000000 295520000000 228790000000 104860000000 0 51.279 0 0.01788 0.16865 0.03998 12.8979 -26.7979 42.8139 0.32911 0.18795 6.36764 -14.9057 36.9912 0.58 277600000000 228800000000
 0.8400   546180 0.8500   554680      1       -1       -1       -1  0 2.89167e+11 2.66900e+11 140.477000 9.389000 90.140000  1 0.3500 131.050000 53.86945 31.66863 43.02557 136.170 316.990 127.260 -2.150e+10 7.501e+10 -1.555e+09 0.02092 394726 394726 680177 5910 72 394709 394775 9.3887 266920000000 295520000000 257390000000 190660000000 95330000000 8.99894 0 0.01776 0.52969 0.4494 -3.96469 18.7763 16.2894 0.4919 0.36522 -3.20521 16.7412 14.3374 0.3715 377500000000 95330000000
 0.8300   537664 0.8400   546180      1       -1       -1       -1  0 2.89167e+11 2.76500e+11 142.669000 9.997000 86.970000  1 0.3500 131.510000 53.84915 31.61968 43.00487 133.720 312.070 126.550 -3.039e+10 4.264e+10 -4.188e+10 0.01693 394727 394727 680177 5918 71 394709 394775 9.99729 276460000000 285990000000 257390000000 190660000000 123930000000 10.0201 0 0.01445 0.70808 0.62593 7.65606 16.1475 18.1705 0.6702 0.6517 4.95404 2.14315 20.2312 0.351 372300000000 123900000000
 0.8200   529072 0.8300   537664      1       -1       -1       -1  0 2.89167e+11 2.86000e+11 144.834000 10.523000 86.890000  1 0.3500 132.340000 53.83287 31.55191 42.97198 128.500 309.380 128.980 -9.613e+08 -4.191e+10 -3.969e+10 0.01343 394728 394728 680177 4935 70 394709 394775 10.5228 285990000000 285990000000 238320000000 190660000000 123930000000 8.51542 0 0.01181 0.7294 0.47239 6.58426 18.1478 15.9512 0.79564 0.30986 7.05828 16.2852 12.1587 0.3549 365000000000 133500000000
 0.8100   520428 0.8200   529072      1       -1       -1       -1  0 2.89167e+11 2.86000e+11 145.374000 10.335000 83.440000  1 0.3500 133.640000 53.80140 31.50702 42.95326 129.680 304.520 128.520 3.622e+10 -4.306e+10 -1.237e+11 0.03230 394729 394729 680177 5984 69 394709 394775 10.3349 285990000000 295520000000 228790000000 200190000000 0 12.3639 0 0.02792 0.77217 0.51542 2.34488 19.9628 23.5454 0.72255 0.6398 1.66523 2.78498 25.8422 0.3268 375200000000 114400000000
 0.8000   511751 0.8100   520428      1       -1       -1       -1  0 2.89167e+11 2.95500e+11 147.516000 12.770000 82.060000  1 0.3500 129.280000 53.78654 31.46131 42.94439 123.910 301.630 122.610 -2.951e+10 -3.594e+09 -8.647e+10 0.02046 394730 394730 680177 4983 68 394709 394775 12.7702 295520000000 295520000000 238320000000 200190000000 57198000000 10.6952 2.4 0.01786 0.70253 0.29124 -15.1226 28.8177 4.25076 0.82085 0.34106 -12.6266 24.6026 -0.00081 0.3192 346700000000 143000000000
 0.7900   503110 0.8000   511751      1       -1       -1       -1  0 2.86000e+11 2.86000e+11 146.447000 13.332000 81.620000  1 0.3500 126.940000 53.76976 31.39842 42.92286 122.980 297.500 123.930 -1.594e+10 4.274e+10 -1.017e+11 0.02630 394731 394731 680177 5996 67 394709 394775 13.3322 285990000000 295520000000 247860000000 209730000000 38132000000 9.96703 3.17 0.0231 0.5959 0.30249 -19.1696 30.6612 1.93425 0.44822 0.05966 -23.9376 30.2847 -10.2994 0.3206 336500000000 123900000000
 0.7800   494479 0.7900   503110      1       -1       -1       -1  0 2.79667e+11 2.76500e+11 145.328000 16.058000 83.640000  1 0.3500 120.780000 53.74852 31.34113 42.89852 119.650 295.360 120.350 3.745e+10 -1.982e+10 -1.394e+11 0.03698 394732 394732 680177 4953 66 394709 394775 16.0579 276460000000 295520000000 247860000000 209730000000 66731000000 8.92024 0 0.0321 0.58328 0.4141 -17.2921 20.5514 4.72962 0.4303 0.31026 -17.6403 23.1768 -3.31261 0.3258 316600000000 152500000000
 0.7700   485798 0.7800   494479      1       -1       -1       -1  0 2.79667e+11 2.76500e+11 145.851000 15.531000 85.000000  1 0.3500 122.310000 53.72167 31.28197 42.87285 117.670 291.280 118.300 3.675e+10 -1.951e+10 -1.365e+11 0.03677 394733 394733 680177 6017 65 394709 394775 15.5311 276460000000 285990000000 257390000000 190660000000 85797000000 13.1623 0 0.03158 0.70789 0.43701 -4.349 18.5154 0.43098 0.53012 0.29261 -2.81569 17.0128 -0.69696 0.3271 311800000000 162100000000
 0.7600   477097 0.7700   485798      1       -1       -1       -1  0 2.79667e+11 2.76500e+11 146.371000 8.104000 85.900000  1 0.3500 144.470000 53.69616 31.23946 42.85044 115.410 285.290 115.900 1.550e+10 -6.377e+09 -1.495e+11 0.04084 394734 394734 680177 6035 64 394709 394775 8.10357 276460000000 285990000000 276460000000 181130000000 133460000000 8.17014 0 0.03345 0.66101 0.49611 -11.8839 26.7997 0.32964 0.58644 0.49393 -7.37323 23.0503 1.70936 0.3077 385600000000 76260000000
 0.7500   468368 0.7600   477097      1       -1       -1       -1  0 2.79667e+11 2.76500e+11 146.888000 7.680000 90.100000  1 0.3500 147.500000 53.67501 31.18073 42.81768 111.270 283.340 115.490 7.701e+10 -4.525e+10 -9.873e+10 0.03660 394735 394735 680177 6056 63 394709 394775 7.6803 276460000000 285990000000 238320000000 209730000000 142990000000 7.61316 0 0.02975 0.87035 0.41495 11.2651 2.62601 12.2233 0.48089 0.30755 11.6111 3.82719 11.4189 0.3261 405800000000 76260000000
 0.7400   459557 0.7500   468368      1       -1       -1       -1  0 2.79667e+11 2.66900e+11 145.686000 10.061000 90.880000  1 0.3500 135.940000 53.66023 31.13576 42.79834 111.040 277.030 113.500 2.575e+10 -6.906e+09 -1.454e+11 0.04357 394736 394736 680177 6036 62 394709 394775 10.061 266920000000 295520000000 257390000000 219260000000 133460000000 5.24228 0 0.0352 0.93737 0.48736 15.3083 0.32445 15.7209 0.69766 0.40216 17.7236 -5.11199 11.2947 0.3284 349700000000 114400000000
 0.7300   450736 0.7400   459557      1       -1       -1       -1  0 2.79667e+11 2.86000e+11 149.591000 9.713000 90.300000  1 0.3500 142.070000 53.63399 31.07349 42.77534 106.330 272.480 115.010 3.856e+10 1.234e+10 -1.255e+11 0.03483 394737 394737 680177 5010 61 394709 394775 9.71333 285990000000 295520000000 247860000000 200190000000 152530000000 12.2152 0 0.02814 0.69015 0.42631 -14.5855 18.7567 -7.11143 0.53282 0.40129 -14.8931 15.1895 -9.16597 0.3129 374500000000 114400000000
 0.7200   441888 0.7300   450736      1       -1       -1       -1  0 2.79667e+11 2.76500e+11 148.416000 11.052000 92.730000  1 0.3500 136.320000 53.61085 31.01271 42.75400 106.940 270.520 111.910 4.708e+10 9.255e+09 -1.449e+11 0.04289 394738 394738 680177 6047 60 394709 394775 11.0521 276460000000 295520000000 257390000000 209730000000 85797000000 11.8954 2.2 0.03463 0.36426 0.27735 -16.8311 23.7693 -8.08348 0.42262 0.13823 -14.982 20.2485 -4.99392 0.3269 347300000000 114400000000
 0.7100   432973 0.7200   441888      1       -1       -1       -1  0 2.76500e+11 2.76500e+11 148.917000 12.974000 89.350000  1 0.3500 131.910000 53.58702 30.95497 42.72939 103.270 265.860 111.730 4.496e+10 6.651e+09 -1.443e+11 0.04189 394739 394739 680177 5030 59 394709 394775 12.9744 276460000000 285990000000 266920000000 219260000000 85797000000 11.1661 0 0.03452 0.66611 0.30661 -13.067 19.0088 -7.29683 0.58516 0.20989 -14.1133 13.9952 -7.11645 0.3192 341700000000 143000000000
 0.7000   423998 0.7100   432973      1       -1       -1       -1  0 2.73300e+11 2.76500e+11 149.415000 13.928000 87.640000  1 0.3500 130.550000 53.55989 30.89561 42.70522 100.570 263.280 109.200 4.985e+10 5.931e+10 -1.675e+11 0.05100 394740 394740 680177 6191 58 394709 394775 13.9278 276460000000 285990000000 266920000000 219260000000 95330000000 5.63751 0 0.04233 0.78796 0.32835 -13.315 24.1127 -10.7674 0.74257 0.18485 -6.51433 25.4185 -7.48445 0.31 339900000000 133500000000
 0.6900   415004 0.7000   423998      1       -1       -1       -1  0 2.70100e+11 2.66900e+11 148.165000 11.980000 84.210000  1 0.3500 134.190000 53.53419 30.83426 42.67927 101.410 257.830 108.220 4.684e+10 5.675e+10 -1.606e+11 0.05283 394741 394741 680177 6181 57 394709 394775 11.9796 266920000000 276460000000 266920000000 238320000000 0 5.06707 0 0.0432 0.75225 0.55461 -9.23912 30.4923 6.8065 0.73204 0.34776 -10.9803 29.5841 0.43731 0.2892 361500000000 114400000000
 0.6800   405998 0.6900   415004      1       -1       -1       -1  0 2.63733e+11 2.66900e+11 148.648000 9.662000 83.550000  1 0.3500 142.620000 53.51340 30.76425 42.65160 99.080 254.320 106.210 4.675e+10 5.653e+10 -1.584e+11 0.05299 394742 394742 680177 6211 56 394709 394775 9.66209 266920000000 266920000000 257390000000 219260000000 57198000000 11.4502 0 0.04293 0.48213 0.39743 -12.8258 29.536 -2.43585 0.22086 0.0263 -15.1956 23.9973 -1.80051 0.2817 384900000000 57200000000
 0.6700   397001 0.6800   405998      1       -1       -1       -1  0 2.60567e+11 2.57400e+11 147.329000 9.041000 85.570000  1 0.3500 143.900000 53.48961 30.70099 42.63152 93.720 251.950 104.220 3.907e+10 3.550e+10 -9.934e+10 0.03749 394743 394743 680177 6158 55 394709 394775 9.04051 257390000000 285990000000 257390000000 219260000000 76264000000 5.81907 0 0.02956 0.63698 0.4712 -7.65191 18.7866 -15.2107 0.33991 0.08651 1.515 -22.1009 24.8544 0.2836 366700000000 66730000000
 0.6600   388076 0.6700   397001      1       -1       -1       -1  0 2.60567e+11 2.57400e+11 147.797000 9.327000 87.070000  1 0.3500 143.690000 53.46466 30.64137 42.60900 91.650 247.980 102.020 3.777e+10 3.465e+10 -9.703e+10 0.03740 394744 394744 680177 6142 54 394709 394775 9.32688 257390000000 276460000000 247860000000 209730000000 133460000000 6.53241 0 0.02901 0.81509 0.51154 9.20265 -6.08089 19.639 0.69213 0.22624 14.4377 -7.173 16.6413 0.2837 348500000000 95330000000
 0.6500   379041 0.6600   388076      1       -1       -1       -1  0 2.44667e+11 2.66900e+11 150.069000 7.306000 90.960000  1 0.3500 157.160000 53.44030 30.57329 42.57629 91.380 243.210 101.450 -5.046e+09 5.677e+10 -8.849e+10 0.03503 394745 394745 680177 5131 53 394709 394775 7.30568 266920000000 276460000000 219260000000 200190000000 142990000000 4.62727 0 0.02635 0.6091 0.58588 12.5187 4.12337 16.1565 0.60865 0.36518 13.4177 2.35602 13.9329 0.2825 371300000000 85800000000
 0.6400   369965 0.6500   379041      1       -1       -1       -1  0 2.38300e+11 2.09700e+11 138.905000 14.176000 97.580000  1 0.3500 120.850000 53.42232 30.52453 42.49752 86.900 241.060 102.010 -1.061e+10 1.029e+10 -2.029e+10 0.00830 394746 394746 680177 5052 52 394709 394775 14.1762 209730000000 228790000000 200190000000 181130000000 0 46.4857 0 0.00945 0.25381 0.07042 -2.59857 -15.649 62.3869 0.26984 0.01432 -8.15362 -19.0903 57.3385 0.5457 251500000000 95330000000
 0.6300   360854 0.6400   369965      1       -1       -1       -1  0 2.19233e+11 2.38300e+11 145.393000 12.464000 82.470000  1 0.3500 132.090000 53.37522 30.46024 42.52256 86.610 232.120 96.480 -4.140e+10 -1.159e+09 -1.139e+10 0.01510 394747 394747 680177 6153 51 394709 394775 12.4643 238320000000 276460000000 190660000000 162060000000 85797000000 31.2467 3.61 0.01315 0.39072 0.29875 -21.3873 23.3516 -13.8499 0.17722 0.01131 -19.7942 24.571 -13.295 0.3197 275800000000 123900000000
 0.6200   351753 0.6300   360854      1       -1       -1       -1  0 2.19233e+11 2.09700e+11 139.746000 10.459000 68.390000  1 0.3500 131.700000 53.37238 30.36996 42.52103 84.150 225.140 93.810 -6.319e+10 -2.549e+10 -7.862e+09 0.03218 394748 394748 680177 6203 50 394709 394775 10.4586 209730000000 219260000000 190660000000 162060000000 76264000000 21.2401 0 0.02616 0.57627 0.48055 20.0124 -8.71863 20.7989 0.24988 0.07559 23.5694 -1.75676 12.8689 0.2285 242900000000 76260000000
 0.6100   342629 0.6200   351753      1       -1       -1       -1  0 2.03367e+11 2.09700e+11 140.158000 19.702000 61.800000  1 0.3500 115.490000 53.34815 30.30096 42.50207 82.200 220.900 92.500 -6.217e+10 -2.526e+10 -9.640e+09 0.02976 394749 394749 680177 6238 49 394709 394775 19.7023 209730000000 209730000000 181130000000 142990000000 28599000000 29.7953 0 0.02603 0.36941 0.22963 28.8335 -2.70432 27.4962 0.1104 0.01962 29.0998 1.87614 12.8025 0.2197 210600000000 133500000000
 0.6000   333493 0.6100   342629      1       -1       -1       -1  0 1.93867e+11 1.90700e+11 136.170000 15.367000 54.650000  1 0.3500 117.620000 53.31892 30.23187 42.46118 76.380 221.350 91.030 1.316e+10 3.755e+09 -1.763e+10 0.01203 394750 394750 680177 6290 48 394709 394775 15.3672 190660000000 200190000000 171590000000 152530000000 0 11.9542 0 0.01011 0.31151 0.12145 31.2709 -0.36425 35.228 0.60219 0 4.18184 -16.0333 22.6918 0.1757 211000000000 95330000000
 0.5900   324321 0.6000   333493      1       -1       -1       -1  0 1.93867e+11 1.71600e+11 131.846000 14.937000 52.990000  1 0.3500 114.260000 53.29456 30.16056 42.43346 74.600 214.380 87.380 4.421e+09 7.988e+09 -2.603e+10 0.01847 394751 394751 680177 6316 47 394709 394775 14.9372 171590000000 181130000000 162060000000 142990000000 28599000000 4.29766 0 0.015 0.33487 0.23178 24.673 1.79622 35.0252 0.27641 0 20.2765 -4.72803 29.6956 0.1591 189300000000 95330000000
 0.5800   315078 0.5900   324321      1       -1       -1       -1  0 1.93867e+11 1.71600e+11 132.216000 10.228000 57.340000  1 0.3500 125.590000 53.26727 30.09087 42.40270 73.320 209.870 87.020 4.631e+09 6.083e+09 -2.569e+10 0.01849 394752 394752 680177 6339 46 394709 394775 10.2278 171590000000 181130000000 152530000000 123930000000 76264000000 5.99797 0 0.01468 0.31581 0.13313 10.5025 0.16741 19.0991 0.52784 0.15906 1.30588 -1.10743 15.8743 0.1721 184500000000 76260000000
 0.5700   305838 0.5800   315078      1       -1       -1       -1  0 1.93867e+11 1.62100e+11 130.078000 10.307000 60.880000  1 0.3500 123.390000 53.22834 30.02156 42.37460 67.850 198.520 81.390 -1.117e+10 -5.094e+08 -2.775e+10 0.02336 394753 394753 680177 6322 45 394709 394775 10.3067 162060000000 171590000000 162060000000 114400000000 66731000000 6.80085 0 0.01816 0.62067 0.23536 -2.27159 1.88371 16.5617 0.69536 0.10451 -4.11354 2.26256 15.2192 0.1829 187900000000 76260000000
 0.5600   296590 0.5700   305838      1       -1       -1       -1  0 1.93867e+11 1.71600e+11 132.939000 13.121000 58.350000  1 0.3500 120.340000 53.21134 29.94646 42.36396 66.040 197.650 81.400 -3.298e+10 -4.283e+09 -8.160e+09 0.02356 394754 394754 680177 6292 44 394709 394775 13.1207 171590000000 171590000000 162060000000 123930000000 66731000000 11.8644 0 0.01904 0.51081 0.32012 14.6363 -3.28511 32.1343 0.48049 0.08789 5.36597 -12.6184 23.4813 0.1756 179500000000 85800000000
 0.5500   287347 0.5600   296590      1       -1       -1       -1  0 1.93867e+11 1.81100e+11 135.716000 12.401000 55.260000  1 0.3500 125.660000 53.18981 29.86672 42.33154 66.180 194.680 80.970 -4.031e+10 1.147e+10 -1.779e+10 0.02892 394755 394755 680177 6277 43 394709 394775 12.4007 181130000000 181130000000 181130000000 133460000000 66731000000 10.0624 0 0.02331 0.47239 0.14334 17.1403 0.68834 31.6349 0.18159 0.01245 27.9534 -1.31005 31.6005 0.1529 188700000000 95330000000
 0.5400   278132 0.5500   287347      1       -1       -1       -1  0 1.93867e+11 1.81100e+11 136.068000 17.655000 58.790000  1 0.3500 117.530000 53.14207 29.78326 42.26822 62.000 192.250 77.920 -6.386e+10 -1.022e+10 -1.431e+08 0.03910 394756 394756 680177 6299 42 394709 394775 17.6554 181130000000 181130000000 162060000000 104860000000 38132000000 38.1033 1.89 0.03337 0.50091 0.26261 8.00842 3.36635 17.7443 0.42395 0.27963 -5.48977 1.06011 13.7589 0.1836 167300000000 104900000000
 0.5300   268890 0.5400   278132      1       -1       -1       -1  0 1.93867e+11 1.71600e+11 133.978000 8.744000 62.950000  1 0.3500 136.290000 53.13578 29.70824 42.26740 63.570 187.260 76.420 -4.131e+10 1.239e+10 1.830e+10 0.03514 394757 394757 680177 6294 41 394709 394775 8.7435 171590000000 171590000000 171590000000 152530000000 38132000000 10.0403 11.88 0.02667 0.44729 0.41463 4.03733 16.1007 29.4965 0.2816 0.08466 1.35 8.97855 35.0475 0.1715 246700000000 38130000000
 0.5200   259653 0.5300   268890      1       -1       -1       -1  0 1.93867e+11 1.71600e+11 134.311000 6.760000 70.090000  1 0.3500 147.510000 53.11295 29.63638 42.23611 56.930 193.710 75.940 -3.455e+10 1.391e+10 1.432e+10 0.03218 394758 394758 680177 5201 40 394709 394775 6.76041 171590000000 171590000000 171590000000 162060000000 76264000000 5.59195 0 0.0229 0.17837 0.04166 -10.0856 16.5985 26.939 0.06027 0.00642 -7.90229 13.0073 20.3949 0.1797 287600000000 19070000000
 0.5100   250369 0.5200   259653      1       -1       -1       -1  0 1.93867e+11 1.90700e+11 139.450000 8.528000 72.450000  1 0.3500 146.050000 53.08796 29.55184 42.20866 57.270 184.670 73.630 -1.755e+10 1.972e+09 3.406e+09 0.01231 394759 394759 680177 5149 39 394709 394775 8.52782 190660000000 200190000000 171590000000 162060000000 104860000000 2.20506 0 0.00873 0.75472 0.52945 -1.15283 11.3826 20.1209 0.60485 0.3532 -6.66023 13.1152 20.3756 0.1796 279500000000 76260000000
 0.5000   241196 0.5100   250369      1       -1       -1       -1  0 1.93867e+11 1.90700e+11 139.781000 27.407000 63.090000  1 0.3500 115.360000 53.00803 29.47993 42.14931 57.670 177.800 68.230 -1.463e+09 3.823e+09 -3.696e+09 0.00274 394760 394760 680177 5059 38 394709 394775 27.407 190660000000 190660000000 181130000000 123930000000 9533000000 53.8416 0 0.0027 0.43259 0.12309 29.295 -3.10878 15.2893 0.51368 0.18109 45.9789 -4.57456 33.9086 0.2444 169800000000 133500000000
 0.4900   232007 0.5000   241196      1       -1       -1       -1  0 1.93867e+11 2.00200e+11 142.402000 13.624000 60.320000  1 0.3500 135.210000 53.03996 29.38073 42.13657 55.570 175.530 66.470 -1.439e+10 -2.096e+09 4.553e+10 0.02721 394761 394761 680177 6255 37 394709 394775 13.6238 200190000000 200190000000 190660000000 171590000000 38132000000 4.84141 3.66 0.02178 0.73756 0.37512 9.65701 8.69068 21.2326 0.76839 0.18381 12.5445 4.32113 11.9862 0.1562 232300000000 66730000000
 0.4800   222861 0.4900   232007      1       -1       -1       -1  0 1.87500e+11 1.90700e+11 140.420000 12.318000 57.140000  1 0.3500 136.980000 53.01436 29.29881 42.11192 54.010 171.610 65.260 1.021e+10 -7.610e+08 4.311e+10 0.02792 394762 394762 680177 6335 36 394709 394775 12.3178 190660000000 190660000000 190660000000 171590000000 9533000000 4.42918 0 0.02211 0.88408 0.57829 16.0436 -17.6849 -13.8894 0.5716 0.43602 21.3232 -15.1606 10.5212 0.1417 236700000000 85800000000
 0.4700   213727 0.4800   222861      1       -1       -1       -1  0 1.87500e+11 1.71600e+11 135.872000 10.745000 60.220000  1 0.3500 136.870000 52.98682 29.20844 42.07796 54.030 165.880 61.350 1.099e+10 -8.209e+09 4.765e+10 0.03726 394763 394763 680177 6305 35 394709 394775 10.745 171590000000 171590000000 171590000000 171590000000 0 6.507 0 0.02976 0.66517 0.21929 -15.9952 30.1458 18.9582 0.78874 0.07911 25.324 -17.675 -13.0734 0.1624 232700000000 47660000000
 0.4600   204606 0.4700   213727      1       -1       -1       -1  0 1.87500e+11 1.81100e+11 138.638000 13.814000 55.560000  1 0.3500 133.300000 52.95898 29.11975 42.04461 54.170 167.210 61.070 1.391e+10 -8.274e+09 4.905e+10 0.03455 394764 394764 680177 5089 34 394709 394775 13.8143 181130000000 181130000000 181130000000 162060000000 9533000000 13.1864 4.98 0.02861 0.26954 0.02938 -5.08845 28.7177 19.172 0.23466 0.09544 -13.119 27.6124 13.3049 0.1494 207700000000 95330000000
 0.4500   195550 0.4600   204606      1       -1       -1       -1  0 1.87500e+11 1.81100e+11 138.925000 17.083000 55.990000  1 0.3500 128.780000 52.92828 29.03009 42.00996 53.890 159.980 59.320 4.225e+09 -6.042e+09 4.640e+10 0.03067 394765 394765 680177 5069 33 394709 394775 17.0826 181130000000 181130000000 171590000000 152530000000 9533000000 4.16051 0 0.02628 0.21855 0.00997 -0.32321 32.901 7.88368 0.2112 0.01048 0.35496 33.4722 7.08715 0.1534 191800000000 104900000000
 0.4400   186489 0.4500   195550      1       -1       -1       -1  0 1.87500e+11 1.71600e+11 136.718000 15.041000 53.050000  1 0.3500 130.740000 52.90552 28.93895 41.97846 49.790 156.000 56.540 8.460e+09 -1.204e+10 3.757e+10 0.02946 394766 394766 680177 6154 32 394709 394775 15.0407 171590000000 171590000000 171590000000 152530000000 0 6.72364 0 0.02495 0.29311 0.02478 -9.76867 39.0513 13.039 0.38857 0.17768 -4.66071 33.6767 23.8058 0.1391 191100000000 85800000000
 0.4300   177469 0.4400   186489      1       -1       -1       -1  0 1.87500e+11 1.71600e+11 136.984000 15.076000 47.880000  1 0.3500 132.120000 52.87674 28.84259 41.94714 48.670 154.220 53.720 -1.696e+10 -1.198e+10 3.809e+10 0.03257 394767 394767 680177 4993 31 394709 394775 15.0758 171590000000 171590000000 162060000000 133460000000 0 10.3224 0 0.02712 0.567 0.13112 -8.44572 28.1533 24.4236 0.0392 0 -12.7378 27.7408 15.2813 0.1085 179100000000 76260000000
 0.4200   168487 0.4300   177469      1       -1       -1       -1  0 1.87500e+11 1.90700e+11 142.147000 19.690000 51.490000  1 0.3500 132.130000 52.83853 28.74900 41.89250 48.400 148.910 52.590 -5.739e+09 -1.319e+10 8.935e+09 0.01045 394768 394768 680177 4979 30 394709 394775 19.6902 190660000000 190660000000 171590000000 123930000000 9533000000 22.2048 0 0.00898 0.07742 0.04337 -17.0929 38.0557 10.6104 0.18587 0.06672 -14.5188 33.6409 11.2979 0.1197 173900000000 123900000000
 0.4100   159609 0.4200   168487      1       -1       -1       -1  0 1.87500e+11 1.81100e+11 139.991000 11.884000 52.110000  1 0.3500 145.810000 52.78698 28.66693 41.85061 46.530 141.290 47.740 8.601e+08 1.019e+10 -1.492e+10 0.01284 394769 394769 680177 4919 29 394709 394775 11.8836 181130000000 181130000000 162060000000 104860000000 28599000000 26.5873 0 0.01056 0.4452 0.24237 -5.92803 18.734 3.97378 0.14999 0.02666 12.5853 -12.4804 0.79065 0.1129 189400000000 95330000000
 0.4000   150820 0.4100   159609      1       -1       -1       -1  0 1.87500e+11 1.90700e+11 142.654000 26.225000 50.580000  1 0.3500 128.870000 52.78688 28.55470 41.82167 42.980 139.250 48.400 -3.582e+08 -1.166e+10 1.096e+10 0.01010 394770 394770 680177 5996 28 394709 394775 26.2255 190660000000 190660000000 190660000000 114400000000 19066000000 22.1277 0 0.00868 0.69668 0.3479 -17.8827 28.2331 -1.29361 0.47122 0.21823 -19.0173 30.4353 -5.68597 0.1135 171800000000 143000000000
 0.3900   142131 0.4000   150820      1       -1       -1       -1  0 1.84333e+11 1.90700e+11 142.895000 15.451000 48.720000  1 0.3500 143.710000 52.74432 28.46081 41.80379 40.410 135.310 46.150 -2.323e+09 -9.439e+09 1.177e+10 0.00992 394771 394771 680177 5913 27 394709 394775 15.4512 190660000000 190660000000 171590000000 123930000000 9533000000 12.9251 0 0.00838 0.71129 0.15469 -9.5689 28.3822 -14.0748 0.44491 0.02015 -2.18556 29.1307 7.1578 0.1025 191000000000 95330000000
 0.3800   133652 0.3900   142131      1       -1       -1       -1  0 1.77967e+11 1.71600e+11 138.187000 25.813000 44.160000  1 0.3500 127.140000 52.71362 28.36491 41.76523 40.450 126.210 43.520 1.120e+10 8.254e+09 -1.204e+10 0.01429 394772 394772 680177 5854 26 394709 394775 25.8128 171590000000 171590000000 152530000000 114400000000 19066000000 15.6635 0 0.01218 0.502 0.13692 -2.7449 28.9532 -0.57373 0.89383 0.07615 10.923 -0.48423 5.39506 0.0908 155500000000 133500000000
 0.3700   125154 0.3800   133652      1       -1       -1       -1  0 1.68433e+11 1.71600e+11 138.402000 30.082000 42.630000  1 0.3500 126.110000 52.69637 28.27657 41.74757 37.070 123.210 40.770 -2.857e+09 -6.922e+09 9.980e+09 0.00955 394773 394773 680177 4755 25 394709 394775 30.0818 171590000000 171590000000 171590000000 104860000000 0 4.89902 0 0.00836 0.33099 0.08942 9.04562 49.0937 26.282 0.70266 0.03443 3.54422 35.3251 3.91576 0.0873 154500000000 152500000000
 0.3600   116665 0.3700   125154      1       -1       -1       -1  0 1.58900e+11 1.62100e+11 135.992000 24.845000 43.490000  1 0.3500 128.390000 52.66539 28.18027 41.71400 35.160 120.320 38.030 -9.435e+09 -1.153e+10 2.889e+09 0.01294 394774 394774 680177 5619 24 394709 394775 24.8453 162060000000 162060000000 162060000000 95330000000 19066000000 6.01993 0 0.01133 0.54633 0.36307 4.42044 32.4863 3.65745 0.52945 0.00299 11.0532 18.1247 6.51988 0.0919 142200000000 104900000000
 0.3500   108323 0.3600   116665      0       -1       -1       -1  0 1.43000e+11 1.43000e+11 130.620000 18.557000 44.090000  1 0.3500 130.150000 52.63424 28.08322 41.68016 32.650 117.460 38.300 -5.861e+09 -1.109e+10 1.208e+10 0.01884 394775 394775 680177 5481 23 394709 394775 18.5573 142990000000 142990000000 142990000000 85797000000 19066000000 24.4584 0 0.01624 0.7385 0.16624 -9.53469 28.4286 4.86001 0.38992 0.07928 10.227 16.1533 12.3881 0.094 133300000000 76260000000
