 1.0000   681713 0.0000       -1      1       -1       -1       -1  0 1.52500e+12 1.52500e+12 235.497000 12.881000 196.800000  1 0.4100 219.240000 60.05993 42.92856 40.41290 265.840 1.820 200.620 -1.378e+12 -1.790e+12 -8.231e+11 0.03079 181675 181675 681713 7228 88 181674 181782 16.4462 1525300000000 1611100000000 1267900000000 1001000000000 657780000000 6.84864 16.06 0.02835 0.82022 0.77428 16.4105 -9.09168 2.46953 0.68092 0.63376 14.0723 -8.43672 1.40208 0.5434 2052000000000 552900000000
 0.9900   673609 1.0000   681713      1       -1       -1       -1  0 1.52500e+12 1.52500e+12 236.489000 16.937000 194.090000  1 0.4100 214.660000 60.02784 42.93812 40.39474 261.970 1.620 195.640 -1.787e+12 -1.579e+12 -9.752e+11 0.03259 181676 181676 681713 7108 87 181674 181782 18.1668 1525300000000 1611100000000 1296500000000 1029600000000 619640000000 11.9753 15.42 0.03048 0.7348 0.5265 15.6968 -14.0891 -0.97715 0.60868 0.38107 14.7853 -11.5407 -2.79593 0.5423 1860000000000 667300000000
 0.9800   665164 0.9900   673609      1       -1       -1       -1  0 1.51567e+12 1.52500e+12 237.480000 15.016000 188.430000  1 0.4100 216.690000 60.00918 42.93223 40.37715 261.480 4.120 189.360 -1.770e+12 -1.619e+12 -8.790e+11 0.03278 181677 181677 681713 7267 86 181674 181782 17.7771 1525300000000 1611100000000 1239300000000 1039100000000 581510000000 3.85283 17.48 0.03031 0.76346 0.53876 18.6779 -15.9087 -2.73224 0.69148 0.42727 16.1112 -14.185 -3.6931 0.5208 1867000000000 591000000000
 0.9700   656760 0.9800   665164      1       -1       -1       -1  0 1.50000e+12 1.49700e+12 236.970000 16.576000 184.140000  1 0.4100 207.710000 59.97491 42.93860 40.35643 260.900 4.520 189.970 -1.978e+12 -1.973e+12 -9.010e+11 0.03913 181678 181678 681713 6128 85 181674 181782 20.834 1496700000000 1592000000000 1258400000000 1029600000000 543380000000 13.2493 15.73 0.03605 0.69602 0.52394 -21.1053 19.6133 6.56531 0.58943 0.38787 19.589 -17.8717 -3.20162 0.5088 1869000000000 610100000000
 0.9600   648417 0.9700   656760      1       -1       -1       -1  0 1.47800e+12 1.47800e+12 236.937000 19.242000 181.750000  1 0.4100 205.810000 59.94599 42.93382 40.33998 256.570 3.850 189.700 -1.979e+12 -1.513e+12 -8.909e+11 0.03679 181679 181679 681713 7154 84 181674 181782 21.5584 1477600000000 1592000000000 1239300000000 1010500000000 467120000000 13.0121 13.41 0.03329 0.62041 0.58046 18.0872 -12.4029 -9.37803 0.39645 0.36087 20.2892 -11.8963 -5.16127 0.494 1794000000000 724500000000
 0.9500   640081 0.9600   648417      1       -1       -1       -1  0 1.45233e+12 1.45900e+12 236.886000 18.228000 179.000000  1 0.4100 204.370000 59.91644 42.93213 40.32018 252.210 2.410 186.910 -2.206e+12 -9.957e+11 -9.360e+11 0.03755 181680 181680 681713 7180 83 181674 181782 22.1121 1458500000000 1611100000000 1239300000000 1020000000000 505250000000 12.8278 12.68 0.03349 0.65991 0.62796 16.356 -11.8472 -12.0004 0.68794 0.54222 14.8449 -11.3182 -7.3676 0.4795 1839000000000 619600000000
 0.9400   631764 0.9500   640081      1       -1       -1       -1  0 1.45200e+12 1.42000e+12 235.766000 22.400000 177.610000  1 0.4100 203.180000 59.88800 42.92677 40.30198 247.330 2.280 181.690 -1.908e+12 -5.700e+11 -6.647e+11 0.03229 181681 181681 681713 7299 82 181674 181782 22.0279 1420400000000 1572900000000 1248800000000 1029600000000 457580000000 11.6435 13.13 0.02841 0.76921 0.60647 -16.2834 9.70593 14.0006 0.85093 0.55495 15.4213 -8.44883 -7.30937 0.4714 1739000000000 724500000000
 0.9300   623428 0.9400   631764      1       -1       -1       -1  0 1.45200e+12 1.44900e+12 238.304000 21.549000 172.510000  1 0.4100 199.960000 59.86212 42.92484 40.27542 243.780 4.450 179.400 -2.293e+12 -8.152e+11 -7.075e+11 0.03781 181682 181682 681713 7320 81 181674 181782 25.0084 1449000000000 1572900000000 1239300000000 981900000000 467120000000 10.8905 8.55 0.03328 0.69488 0.59714 -14.9999 9.97856 16.3915 0.79454 0.58721 13.9115 -8.39867 -10.6198 0.4525 1656000000000 705400000000
 0.9200   615083 0.9300   623428      1       -1       -1       -1  0 1.45200e+12 1.42000e+12 237.684000 22.643000 167.590000  1 0.4100 199.560000 59.82904 42.92787 40.25392 239.850 10.390 178.320 -2.441e+12 -3.721e+11 -7.961e+11 0.04045 181683 181683 681713 7338 80 181674 181782 24.7987 1420400000000 1534800000000 1210700000000 972370000000 467120000000 15.687 4.81 0.03534 0.69325 0.65699 16.2682 -14.6191 -14.7645 0.7215 0.57418 -14.6259 14.2722 8.28837 0.4357 1597000000000 715000000000
 0.9100   606707 0.9200   615083      1       -1       -1       -1  0 1.45200e+12 1.43000e+12 239.173000 34.258000 162.580000  1 0.4100 198.580000 59.80593 42.92846 40.23145 233.790 7.800 175.140 -2.404e+12 -4.078e+11 -7.588e+11 0.03957 181684 181684 681713 7308 79 181674 181782 26.2137 1429900000000 1525300000000 1220200000000 934230000000 438520000000 13.4508 2.28 0.03451 0.70052 0.64025 18.9246 -16.61 -7.37756 0.62465 0.58708 15.5499 -13.9112 -2.60796 0.4173 1540000000000 1001000000000
 0.9000   598331 0.9100   606707      1       -1       -1       -1  0 1.45200e+12 1.43000e+12 240.129000 31.607000 161.590000  1 0.4100 197.980000 59.78492 42.92183 40.21270 227.880 11.690 171.920 -2.408e+12 -4.305e+11 -7.682e+11 0.03999 181685 181685 681713 7348 78 181674 181782 27.1505 1429900000000 1515700000000 1277400000000 953300000000 448050000000 5.73427 3.34 0.03478 0.6798 0.62823 19.5423 -11.744 -4.34619 0.67455 0.53952 15.632 -10.0866 -3.38781 0.4112 1527000000000 943800000000
 0.8900   589919 0.9000   598331      1       -1       -1       -1  0 1.45200e+12 1.42000e+12 240.545000 22.070000 163.370000  1 0.4100 199.710000 59.75517 42.91586 40.19373 221.690 11.590 176.670 -1.937e+12 -3.754e+11 -1.085e+12 0.03582 181686 181686 681713 7327 77 181674 181782 26.2725 1420400000000 1496700000000 1277400000000 838900000000 419450000000 8.43932 9.88 0.03099 0.58936 0.47551 17.6705 -12.3379 -6.48106 0.59401 0.3432 13.9955 -11.3093 -4.21229 0.4132 1581000000000 657800000000
 0.8800   581536 0.8900   589919      1       -1       -1       -1  0 1.45200e+12 1.43900e+12 242.569000 33.970000 161.690000  1 0.4100 199.720000 59.72537 42.91228 40.17115 222.960 11.990 176.510 -2.116e+12 -5.088e+11 -9.076e+11 0.03643 181687 181687 681713 7371 76 181674 181782 27.5267 1439500000000 1487100000000 1220200000000 934230000000 400390000000 7.96047 11.4 0.03186 0.70563 0.65505 26.5575 -9.99092 -4.80088 0.64565 0.46813 21.6108 -14.5412 -1.76273 0.4099 1486000000000 962800000000
 0.8700   573058 0.8800   581536      1       -1       -1       -1  0 1.45200e+12 1.46800e+12 245.120000 27.410000 160.110000  1 0.4100 203.940000 59.69232 42.91990 40.14574 216.090 10.980 172.760 -1.874e+12 -5.671e+11 -8.522e+11 0.03257 181688 181688 681713 6445 75 181674 181782 26.4537 1468100000000 1487100000000 1220200000000 943770000000 476650000000 11.6363 12.55 0.02803 0.72754 0.61786 23.7182 -0.18661 -3.1229 0.68998 0.65558 18.2565 -4.88929 -1.86108 0.3923 1527000000000 810300000000
 0.8600   564591 0.8700   573058      1       -1       -1       -1  0 1.44267e+12 1.44900e+12 245.003000 21.918000 160.620000  1 0.4100 203.770000 59.65764 42.92472 40.11853 210.400 11.530 170.620 -1.836e+12 -6.419e+11 -1.062e+12 0.03541 181689 181689 681713 7501 74 181674 181782 26.4849 1449000000000 1487100000000 1191600000000 905630000000 467120000000 13.8898 14.8 0.02984 0.7178 0.5731 19.9873 1.87884 -7.82975 0.72109 0.66587 14.1594 -0.6653 -10.189 0.3839 1558000000000 695900000000
 0.8500   556155 0.8600   564591      1       -1       -1       -1  0 1.40767e+12 1.41100e+12 243.771000 23.347000 160.960000  1 0.4100 208.110000 59.62769 42.92792 40.08902 208.300 10.220 165.630 -1.893e+12 -4.060e+11 -1.081e+12 0.03733 181690 181690 681713 7467 73 181674 181782 23.4142 1410900000000 1468100000000 1191600000000 896100000000 438520000000 15.3904 11.99 0.03134 0.81478 0.65586 21.9877 3.35043 -10.3684 0.90009 0.62039 16.2966 1.87064 -10.8628 0.3847 1606000000000 753100000000
 0.8400   547657 0.8500   556155      1       -1       -1       -1  0 1.37900e+12 1.36300e+12 241.916000 22.117000 162.160000  1 0.4100 208.710000 59.59160 42.92551 40.07226 204.850 9.370 159.940 -2.269e+12 -4.937e+10 -1.254e+12 0.04686 181691 181691 681713 7515 72 181674 181782 22.2103 1363200000000 1458500000000 1220200000000 915170000000 486180000000 16.9024 9.41 0.03896 0.93181 0.77383 22.1266 5.26587 -7.1027 0.94496 0.76435 1.85734 19.2146 2.59359 0.3861 1527000000000 705400000000
 0.8300   539135 0.8400   547657      1       -1       -1       -1  0 1.35667e+12 1.36300e+12 242.834000 23.391000 161.190000  1 0.4100 208.290000 59.56304 42.91896 40.04677 198.360 7.040 155.380 -2.257e+12 -8.490e+10 -1.203e+12 0.04730 181692 181692 681713 7519 71 181674 181782 22.8961 1363200000000 1439500000000 1191600000000 962830000000 486180000000 9.7832 10 0.03861 0.98608 0.86765 -11.0415 16.8961 -6.06488 0.83775 0.71341 -4.13402 16.7417 -5.98467 0.3733 1565000000000 762600000000
 0.8200   530545 0.8300   539135      1       -1       -1       -1  0 1.35033e+12 1.34400e+12 242.607000 16.863000 159.140000  1 0.4100 207.310000 59.53884 42.90801 40.01737 192.440 4.180 152.390 -2.179e+12 1.767e+11 -1.498e+12 0.05164 181693 181693 681713 6539 70 181674 181782 23.3004 1344200000000 1429900000000 1182100000000 981900000000 486180000000 2.87379 10.42 0.04112 0.9563 0.90018 10.1367 -3.77803 14.7579 0.83113 0.77917 5.01898 -10.2653 11.3631 0.3563 1521000000000 514800000000
 0.8100   521900 0.8200   530545      1       -1       -1       -1  0 1.32500e+12 1.34400e+12 243.512000 17.558000 159.110000  1 0.4100 216.460000 59.50384 42.90247 39.98210 190.320 2.360 152.860 -2.070e+12 2.792e+11 -1.508e+12 0.05025 181694 181694 681713 7620 69 181674 181782 19.8174 1344200000000 1401400000000 1182100000000 1010500000000 476650000000 11.0395 10.05 0.04014 0.94149 0.8578 9.89015 4.44171 17.5223 0.89414 0.77397 -11.1693 -2.80013 14.1592 0.356 1542000000000 543400000000
 0.8000   513214 0.8100   521900      1       -1       -1       -1  0 1.30933e+12 1.28700e+12 240.896000 15.440000 158.680000  1 0.4100 206.250000 59.48059 42.89314 39.95346 188.650 -2.660 149.180 -2.107e+12 1.988e+11 -1.381e+12 0.05350 181695 181695 681713 6590 68 181674 181782 23.0609 1306000000000 1391800000000 1191600000000 991430000000 457580000000 19.3901 8.79 0.0425 0.96638 0.86471 -2.46214 12.3398 17.6376 0.89367 0.70346 15.5284 3.59208 -11.6805 0.3568 1540000000000 457600000000
 0.7900   504570 0.8000   513214      1       -1       -1       -1  0 1.30933e+12 1.27700e+12 241.181000 18.008000 158.930000  1 0.4100 210.640000 59.45099 42.88603 39.92952 187.310 -4.630 149.050 -1.826e+12 1.329e+11 -1.292e+12 0.04831 181696 181696 681713 7627 67 181674 181782 21.2607 1277400000000 1391800000000 1182100000000 1010500000000 419450000000 21.9676 7.95 0.03833 0.86127 0.8281 -11.0994 16.5005 7.62251 0.83257 0.58704 -11.7053 14.3917 5.17463 0.3556 1508000000000 524300000000
 0.7800   495930 0.7900   504570      1       -1       -1       -1  0 1.30933e+12 1.25800e+12 240.847000 20.460000 158.190000  1 0.4100 210.610000 59.42287 42.88435 39.89362 179.980 -4.580 145.720 -1.687e+12 -7.421e+10 -1.223e+12 0.04609 181697 181697 681713 6548 66 181674 181782 21.2023 1258400000000 1363200000000 1153500000000 934230000000 486180000000 28.6707 9.49 0.03674 0.78407 0.70159 -10.2561 14.8634 15.7345 0.72165 0.61746 -12.4308 10.7292 13.4984 0.3566 1474000000000 591000000000
 0.7700   487255 0.7800   495930      1       -1       -1       -1  0 1.30933e+12 1.26800e+12 242.323000 16.851000 154.710000  1 0.4100 217.240000 59.38575 42.89833 39.86958 177.530 -8.110 142.320 -1.833e+12 -2.077e+10 -9.860e+11 0.04698 181698 181698 681713 7645 65 181674 181782 19.3175 1267900000000 1353700000000 1134400000000 943770000000 505250000000 20.9534 9.86 0.03639 0.9894 0.92996 -3.20195 12.1694 13.0648 0.90854 0.76852 13.9449 -2.77008 -7.51366 0.3306 1473000000000 524300000000
 0.7600   478560 0.7700   487255      1       -1       -1       -1  0 1.30933e+12 1.26800e+12 243.187000 19.910000 147.710000  1 0.4100 207.650000 59.34195 42.90730 39.85300 177.520 -6.100 131.820 -1.626e+12 -8.127e+10 -9.280e+11 0.04197 181699 181699 681713 7647 64 181674 181782 23.9843 1267900000000 1344200000000 1172600000000 943770000000 457580000000 9.29867 6.37 0.03293 0.95081 0.9033 23.5685 -0.06632 4.84204 0.89284 0.81304 21.2803 2.45358 0.5375 0.3139 1437000000000 581500000000
 0.7500   469838 0.7600   478560      1       -1       -1       -1  0 1.30933e+12 1.26800e+12 244.045000 23.834000 142.680000  1 0.4100 206.770000 59.31028 42.91741 39.82532 178.210 -8.470 127.260 -1.441e+12 -4.513e+11 -8.090e+11 0.03830 181700 181700 681713 7708 63 181674 181782 25.0757 1267900000000 1325100000000 1172600000000 915170000000 362250000000 15.1273 6.85 0.03024 0.76635 0.72933 -12.7488 18.3169 8.79827 0.69985 0.65473 -10.3813 15.3553 8.96425 0.2999 1439000000000 629200000000
 0.7400   461026 0.7500   469838      1       -1       -1       -1  0 1.30933e+12 1.25800e+12 244.282000 28.129000 140.200000  1 0.4100 201.180000 59.27081 42.92006 39.80309 173.480 -7.580 124.080 -1.401e+12 -4.668e+11 -7.192e+11 0.03723 181701 181701 681713 7692 62 181674 181782 28.897 1258400000000 1306000000000 1201200000000 943770000000 362250000000 11.8233 6.48 0.0295 0.67019 0.58911 21.996 -20.1575 -13.3008 0.64781 0.45934 17.7928 -16.5099 -11.5176 0.293 1357000000000 753100000000
 0.7300   452204 0.7400   461026      1       -1       -1       -1  0 1.30933e+12 1.26800e+12 245.744000 35.068000 140.610000  1 0.4100 204.310000 59.22194 42.91628 39.77864 170.710 -8.510 119.590 -1.435e+12 -4.633e+11 -6.163e+11 0.03695 181702 181702 681713 6653 61 181674 181782 27.985 1267900000000 1306000000000 1182100000000 934230000000 419450000000 11.2764 8.37 0.02904 0.69644 0.59437 20.9567 -9.44816 -11.3203 0.48947 0.44099 19.1619 -5.26072 -9.38558 0.2877 1386000000000 924700000000
 0.7200   443368 0.7300   452204      1       -1       -1       -1  0 1.30933e+12 1.29600e+12 248.424000 32.781000 138.800000  1 0.4100 202.640000 59.18451 42.91284 39.75271 169.510 -7.170 115.970 -1.072e+12 -5.591e+11 -8.767e+11 0.03293 181703 181703 681713 7799 60 181674 181782 31.3514 1296500000000 1306000000000 1163000000000 924700000000 419450000000 9.32067 6.9 0.02579 0.91896 0.84653 16.1249 3.51481 -11.8369 0.95146 0.86856 13.8208 8.34326 -3.75173 0.2752 1328000000000 829400000000
 0.7100   434465 0.7200   443368      1       -1       -1       -1  0 1.30933e+12 1.28700e+12 248.651000 32.093000 140.730000  1 0.4100 211.900000 59.14486 42.90645 39.72915 167.240 -6.470 114.980 -1.030e+12 -5.631e+11 -8.458e+11 0.03249 181704 181704 681713 6774 59 181674 181782 25.6688 1287000000000 1334600000000 1182100000000 934230000000 419450000000 9.04439 5.23 0.02542 0.91089 0.79772 -11.1516 20.5802 9.53594 0.8396 0.63345 -10.5746 18.2976 -1.89712 0.2796 1344000000000 791200000000
 0.7000   425496 0.7100   434465      1       -1       -1       -1  0 1.30933e+12 1.29600e+12 250.096000 36.984000 140.720000  1 0.4100 217.130000 59.11860 42.90150 39.70424 162.850 -6.500 114.240 -1.286e+12 -5.935e+11 -1.070e+12 0.03983 181705 181705 681713 7831 58 181674 181782 23.9763 1296500000000 1325100000000 1201200000000 886570000000 400390000000 7.95237 3.65 0.03098 0.93535 0.86841 18.0969 -11.6373 -5.85295 0.8093 0.66229 14.9795 -11.9583 4.76852 0.2735 1291000000000 905600000000
 0.6900   416502 0.7000   425496      1       -1       -1       -1  0 1.30933e+12 1.29600e+12 250.922000 30.365000 136.440000  1 0.4100 205.760000 59.07991 42.89144 39.68060 157.900 -8.490 113.860 -1.528e+12 -5.536e+11 -1.056e+12 0.04266 181706 181706 681713 7846 57 181674 181782 31.8277 1296500000000 1325100000000 1182100000000 867500000000 390850000000 19.3909 2.84 0.03403 0.91598 0.8552 -3.11004 21.5161 2.1042 0.7931 0.60792 -3.51248 17.9269 -3.94214 0.2697 1284000000000 791200000000
 0.6800   407494 0.6900   416502      1       -1       -1       -1  0 1.30933e+12 1.31600e+12 252.968000 36.436000 136.500000  1 0.4100 204.490000 59.05410 42.89888 39.64777 153.500 -10.410 110.300 -1.217e+12 -6.494e+11 -1.112e+12 0.03817 181707 181707 681713 7862 56 181674 181782 35.0256 1315600000000 1344200000000 1191600000000 886570000000 400390000000 17.3452 3.53 0.03053 0.68853 0.61198 -9.28019 21.7212 7.10144 0.44341 0.36061 -6.64776 21.8027 0.93618 0.2671 1242000000000 886600000000
 0.6700   398498 0.6800   407494      1       -1       -1       -1  0 1.30933e+12 1.29600e+12 252.550000 39.878000 135.690000  1 0.4100 214.190000 59.01465 42.89475 39.61565 151.340 -8.920 109.390 -8.840e+11 -6.975e+11 -8.271e+11 0.03116 181708 181708 681713 7841 55 181674 181782 27.8413 1296500000000 1344200000000 1163000000000 800770000000 409920000000 19.7683 4.1 0.02481 0.68373 0.63209 -7.32476 23.6963 8.1598 0.54557 0.42719 -8.19676 21.6874 4.82086 0.263 1257000000000 924700000000
 0.6600   389587 0.6700   398498      1       -1       -1       -1  0 1.29967e+12 1.31600e+12 254.588000 49.951000 133.550000  1 0.4100 200.720000 58.97802 42.88634 39.59319 144.780 -5.240 111.180 -9.856e+11 -8.592e+11 -9.007e+11 0.03388 181709 181709 681713 7892 54 181674 181782 41.9112 1315600000000 1315600000000 1182100000000 810300000000 390850000000 25.7691 6.75 0.02768 0.73505 0.68279 -1.56786 27.846 -6.10293 0.56629 0.37598 -4.92548 23.7242 -5.79334 0.2634 1248000000000 1115000000000
 0.6500   380571 0.6600   389587      1       -1       -1       -1  0 1.28067e+12 1.28700e+12 253.522000 40.138000 132.100000  1 0.4100 202.650000 58.94209 42.90741 39.56426 140.970 -6.970 106.440 -8.847e+11 -9.529e+11 -1.160e+12 0.03991 181710 181710 681713 6804 53 181674 181782 39.1381 1287000000000 1325100000000 1182100000000 867500000000 362250000000 12.9156 5.87 0.0317 0.92723 0.90928 -2.5155 20.7402 -6.83841 0.79618 0.63521 19.0504 -1.13645 3.47985 0.2496 1219000000000 915200000000
 0.6400   371506 0.6500   380571      1       -1       -1       -1  0 1.24567e+12 1.23900e+12 251.126000 41.560000 127.170000  1 0.4100 201.190000 58.90027 42.92656 39.54085 140.650 -7.290 104.320 -1.054e+12 -8.288e+11 -1.262e+12 0.04489 181711 181711 681713 6812 52 181674 181782 38.9535 1239300000000 1267900000000 1124900000000 829370000000 305060000000 14.7921 5.5 0.0359 0.74846 0.72094 -14.2355 21.0532 -11.2826 0.60941 0.50337 -14.1172 17.5726 -6.8307 0.2413 1203000000000 962800000000
 0.6300   362409 0.6400   371506      1       -1       -1       -1  0 1.21400e+12 1.21100e+12 249.938000 44.173000 124.950000  1 0.4100 197.470000 58.84534 42.95371 39.51169 144.860 -12.130 96.410 -8.467e+11 -8.225e+11 -1.124e+12 0.04113 181712 181712 681713 7951 51 181674 181782 43.0427 1210700000000 1267900000000 1124900000000 772170000000 276460000000 22.7744 7.91 0.03325 0.79401 0.59334 -12.8895 29.6606 -1.17691 0.63057 0.51182 -7.885 26.2095 -4.54193 0.2381 1176000000000 1001000000000
 0.6200   353302 0.6300   362409      1       -1       -1       -1  0 1.19500e+12 1.19200e+12 249.365000 47.819000 120.250000  1 0.4100 196.630000 58.80741 42.97142 39.46658 141.330 -10.010 92.410 -7.650e+11 -7.172e+11 -9.373e+11 0.03632 181713 181713 681713 7928 50 181674 181782 44.4734 1191600000000 1248800000000 1124900000000 743570000000 333650000000 29.4084 5.87 0.02965 0.83505 0.57808 -11.2895 28.9502 1.19407 0.82623 0.59856 -3.51108 24.5598 -1.05433 0.2284 1117000000000 1020000000000
 0.6100   344166 0.6200   353302      1       -1       -1       -1  0 1.19500e+12 1.18200e+12 249.432000 75.812000 121.480000  1 0.4100 196.770000 58.77276 42.98842 39.43263 137.000 -7.930 81.580 -5.795e+11 -6.688e+11 -9.856e+11 0.03440 181714 181714 681713 7954 49 181674 181782 45.4519 1191600000000 1267900000000 1077200000000 667310000000 324120000000 42.4355 3.46 0.02849 0.78983 0.67068 -15.2421 26.6125 -0.00597 0.79602 0.6426 15.2629 -0.17853 -14.3712 0.235 1053000000000 1335000000000
 0.6000   335041 0.6100   344166      1       -1       -1       -1  0 1.19167e+12 1.21100e+12 252.158000 106.274000 122.550000  1 0.4100 214.820000 58.71536 42.98341 39.40415 136.000 -2.660 77.200 -7.063e+11 -6.852e+11 -1.059e+12 0.03741 181715 181715 681713 7988 48 181674 181782 30.4358 1229800000000 1258400000000 1067700000000 676840000000 305060000000 35.359 9.03 0.03008 0.73626 0.53112 -10.5764 18.3823 -3.8153 0.76612 0.4991 8.96768 -9.07338 8.2638 0.2211 1063000000000 1506000000000
 0.5900   325874 0.6000   335041      1       -1       -1       -1  0 1.18867e+12 1.18200e+12 250.871000 57.708000 117.550000  1 0.4100 198.410000 58.67742 42.95128 39.39362 126.890 -5.410 79.750 -5.422e+11 -7.269e+11 -6.580e+11 0.02984 181716 181716 681713 8021 47 181674 181782 47.4444 1182100000000 1239300000000 1105800000000 772170000000 200190000000 5.54346 2.11 0.02443 0.49407 0.42198 -8.61765 41.3561 -13.3621 0.22887 0.21601 -5.19209 30.314 -19.7264 0.2126 1120000000000 1125000000000
 0.5800   316643 0.5900   325874      1       -1       -1       -1  0 1.18867e+12 1.15400e+12 249.530000 90.939000 115.890000  1 0.4100 198.450000 58.63797 42.97802 39.35150 120.610 -6.030 80.020 -3.729e+11 -6.981e+11 -5.985e+11 0.02802 181717 181717 681713 8076 46 181674 181782 46.8008 1153500000000 1201200000000 1096300000000 676840000000 228790000000 31.3064 5.39 0.0227 0.71853 0.52982 -9.09468 34.5466 -6.7856 0.58382 0.26118 -3.67769 26.1114 -8.95524 0.2055 1100000000000 1487000000000
 0.5700   307420 0.5800   316643      1       -1       -1       -1  0 1.18867e+12 1.20100e+12 253.617000 75.656000 115.750000  1 0.4100 204.150000 58.59665 42.96174 39.32747 119.470 -4.780 79.450 -5.057e+11 -8.527e+11 -5.057e+11 0.02970 181718 181718 681713 8049 45 181674 181782 45.2376 1201200000000 1201200000000 1124900000000 714970000000 257390000000 21.7558 5.44 0.02397 0.89513 0.55029 -4.65647 24.409 16.4675 0.74197 0.36649 0.37512 24.9959 3.07981 0.1969 1072000000000 1325000000000
 0.5600   298177 0.5700   307420      1       -1       -1       -1  0 1.18867e+12 1.19200e+12 253.629000 45.681000 120.130000  1 0.4100 209.960000 58.55390 42.96511 39.30758 119.330 -7.600 80.870 -7.432e+11 -6.643e+11 -6.966e+11 0.03456 181719 181719 681713 8014 44 181674 181782 39.2436 1191600000000 1220200000000 1096300000000 772170000000 343190000000 16.0374 5.07 0.02675 0.79394 0.53694 -13.4409 14.5249 15.5068 0.92323 0.47208 -11.6464 8.68597 12.2678 0.1938 1055000000000 915200000000
 0.5500   288932 0.5600   298177      1       -1       -1       -1  0 1.17300e+12 1.17300e+12 252.938000 32.075000 120.810000  1 0.4100 217.900000 58.49195 42.96136 39.27106 117.080 -7.840 77.250 -5.191e+11 -5.814e+11 -3.987e+11 0.02584 181720 181720 681713 8023 43 181674 181782 32.3825 1172600000000 1191600000000 1029600000000 800770000000 314590000000 15.1481 2.84 0.01993 0.87337 0.64085 18.6019 -9.49497 -13.3293 0.9562 0.65209 6.35571 19.3498 -4.92424 0.1931 1095000000000 743600000000
 0.5400   279713 0.5500   288932      1       -1       -1       -1  0 1.16033e+12 1.15400e+12 252.213000 38.621000 119.280000  1 0.4100 219.470000 58.46271 42.95488 39.24834 113.380 -6.220 74.470 -5.282e+11 -6.019e+11 -4.230e+11 0.02773 181721 181721 681713 8007 42 181674 181782 31.5198 1153500000000 1163000000000 1039100000000 810300000000 324120000000 14.6144 5.3 0.02136 0.81239 0.3987 -24.6517 8.56864 25.3675 0.82644 0.29082 -19.2556 14.9008 21.2283 0.1888 1083000000000 819800000000
 0.5300   270478 0.5400   279713      1       -1       -1       -1  0 1.16033e+12 1.15400e+12 252.854000 32.982000 116.080000  1 0.4100 221.890000 58.41290 42.94858 39.21795 109.720 -7.960 74.960 -5.030e+11 -6.220e+11 -3.948e+11 0.02712 181722 181722 681713 7996 41 181674 181782 31.1393 1153500000000 1182100000000 1067700000000 724510000000 400390000000 20.3599 3.35 0.02121 0.70766 0.50852 23.3542 -17.4883 -13.3931 0.63262 0.52713 19.3851 -17.6249 -7.87864 0.1851 1022000000000 657800000000
 0.5200   261249 0.5300   270478      1       -1       -1       -1  0 1.16033e+12 1.17300e+12 254.872000 69.667000 111.680000  1 0.4100 211.460000 58.36808 42.95016 39.17813 103.570 -9.690 72.340 -6.173e+11 -4.669e+11 -5.140e+11 0.02714 181723 181723 681713 6847 40 181674 181782 44.373 1182100000000 1191600000000 1039100000000 667310000000 305060000000 25.7903 4.54 0.02167 0.8044 0.59492 -17.2534 22.9399 16.8399 0.7289 0.59327 -18.7106 18.947 4.85586 0.1776 1009000000000 1211000000000
 0.5100   251977 0.5200   261249      1       -1       -1       -1  0 1.15700e+12 1.15400e+12 254.099000 85.797000 100.960000  1 0.4100 200.760000 58.31972 42.97036 39.16933 104.790 -11.740 71.430 -6.438e+11 -4.315e+11 -5.033e+11 0.02725 181724 181724 681713 6803 39 181674 181782 68.4787 1153500000000 1182100000000 1039100000000 610110000000 238320000000 5.84821 3.93 0.02234 0.67994 0.58717 -17.592 25.9976 28.7552 0.76616 0.57703 -12.0982 18.1194 21.8676 0.1567 986300000000 1373000000000
 0.5000   242808 0.5100   251977      1       -1       -1       -1  0 1.10600e+12 1.14400e+12 253.999000 115.131000 95.710000  1 0.4100 202.120000 58.26219 42.98616 39.13346 103.220 -16.360 67.530 -5.093e+11 -2.503e+11 -3.643e+11 0.01967 181725 181725 681713 6794 38 181674 181782 67.8504 1144000000000 1144000000000 1058200000000 552910000000 47665000000 9.94092 3.96 0.01667 0.61171 0.32041 -32.2146 33.832 16.1069 0.49242 0.13481 -20.3759 29.6314 8.91849 0.149 982800000000 1478000000000
 0.4900   233601 0.5000   242808      1       -1       -1       -1  0 1.06467e+12 1.02000e+12 245.040000 134.532000 94.810000  1 0.4100 197.610000 58.25688 42.95375 39.09373 100.300 -17.240 67.840 -2.034e+11 -1.384e+11 -3.588e+11 0.01588 181726 181726 681713 7861 37 181674 181782 61.2085 1020000000000 1039100000000 915170000000 524310000000 152530000000 29.8372 2.24 0.01314 0.83951 0.75097 -15.2096 3.58088 23.4548 0.719 0.35414 11.8562 16.7695 -12.0594 0.1473 930500000000 1468000000000
 0.4800   224432 0.4900   233601      1       -1       -1       -1  0 1.06467e+12 9.81900e+11 242.493000 99.078000 94.160000  1 0.4100 195.570000 58.20769 42.95959 39.07748 99.300 -17.860 65.350 -2.352e+11 -3.538e+11 -2.167e+11 0.01897 181727 181727 681713 7881 36 181674 181782 64.9096 981900000000 981900000000 896100000000 533850000000 162060000000 35.8009 0.79 0.01549 0.54999 0.41477 29.1998 -16.6393 -4.42477 0.55939 0.50315 21.3313 -1.91767 1.78033 0.142 947000000000 1401000000000
 0.4700   215296 0.4800   224432      1       -1       -1       -1  0 1.06467e+12 1.01000e+12 245.362000 235.220000 95.600000  1 0.4100 207.110000 58.17850 42.96710 39.05815 96.970 -19.770 58.060 -5.088e+11 -4.015e+11 -8.379e+10 0.02478 181728 181728 681713 7876 35 181674 181782 47.5219 1010500000000 1010500000000 819840000000 543380000000 181130000000 52.4183 2.6 0.02043 0.48616 0.33769 36.2948 -22.4363 -7.79698 0.70087 0.49125 23.5857 -14.1142 -1.91136 0.1419 895000000000 1382000000000
 0.4600   206169 0.4700   215296      1       -1       -1       -1  0 1.06467e+12 1.04900e+12 248.940000 133.171000 97.300000  1 0.4100 204.720000 58.10255 42.98903 39.01516 90.710 -18.260 54.090 -3.411e+11 -4.332e+11 -1.345e+11 0.02069 181729 181729 681713 6641 34 181674 181782 63.4967 1048600000000 1048600000000 1001000000000 552910000000 228790000000 34.5546 2.21 0.01684 0.52855 0.4153 38.0037 -25.5244 -13.3053 0.67873 0.39831 22.496 -3.31188 17.446 0.1376 932300000000 1382000000000
 0.4500   197101 0.4600   206169      1       -1       -1       -1  0 1.06467e+12 1.10600e+12 253.911000 80.618000 98.320000  1 0.4100 215.300000 58.04123 43.01880 38.99357 88.800 -19.570 49.970 -5.656e+11 -3.771e+11 -4.210e+11 0.02719 181730 181730 681713 6572 33 181674 181782 53.2721 1105800000000 1096300000000 972370000000 619640000000 219260000000 22.361 4.33 0.02193 0.57308 0.50096 38.2758 -19.5158 -20.297 0.60868 0.58574 25.4789 -15.904 13.5106 0.1309 932200000000 1230000000000
 0.4400   188033 0.4500   197101      1       -1       -1       -1  0 1.04547e+12 1.03900e+12 249.197000 35.959000 101.880000  1 0.4100 226.450000 57.96632 43.03966 38.96856 87.970 -16.890 46.590 -3.563e+11 -2.742e+11 -4.695e+11 0.02615 181731 181731 681713 7709 32 181674 181782 35.4842 1039100000000 1029600000000 991430000000 667310000000 247860000000 14.6005 2 0.01998 0.81907 0.52389 -23.3967 4.27775 29.1619 0.69494 0.36403 -20.5403 3.15524 27.9341 0.1292 971300000000 667300000000
 0.4300   179022 0.4400   188033      1       -1       -1       -1  0 9.97733e+11 9.91400e+11 245.804000 46.988000 104.840000  1 0.4100 227.840000 57.87723 43.06953 38.94372 86.280 -15.130 43.450 -3.379e+11 -2.122e+11 -5.222e+11 0.02960 181732 181732 681713 6556 31 181674 181782 32.9539 991430000000 991430000000 972370000000 667310000000 362250000000 31.2983 1.7 0.02208 0.77557 0.71714 15.5301 -12.9955 8.59108 0.74066 0.59562 -9.46599 13.0768 -7.08451 0.1335 886400000000 829400000000
 0.4200   170024 0.4300   179022      2       -1       -1       -1  0 9.91433e+11 9.62800e+11 243.875000 47.086000 98.550000  1 0.4100 214.610000 57.81268 43.09386 38.93766 82.020 -14.240 40.860 -2.748e+11 -1.218e+11 -5.286e+11 0.02723 181733 181733 681713 6468 30 181674 181782 47.0855 962830000000 953300000000 877040000000 638710000000 228790000000 42.6825 0.66 0.02168 0.69965 0.53669 38.5047 -15.2284 -3.07587 0.53489 0.23903 32.9776 -1.8102 10.3015 0.1378 837100000000 791200000000
 0.4100   161144 0.4200   170024      1       -1       -1       -1  0 9.91433e+11 8.38900e+11 233.351000 53.317000 94.450000  1 0.4100 202.770000 57.73513 43.10524 38.93185 80.750 -12.610 37.580 -2.356e+11 -9.309e+10 -4.016e+11 0.02647 181734 181734 681713 6395 29 181761 181760 53.3167 838900000000 838900000000 810300000000 448050000000 209730000000 58.4635 0 0.02154 0.53994 0.39634 25.331 -15.4194 -18.6006 0.74698 0.63285 15.2765 -13.4327 3.94854 0.1439 724300000000 800800000000
 0.4100   161145 0.4200   170024      1   161144   161144       -1  0 2.86000e+11 2.86000e+11 163.013000 24.389000 70.320000  0 0.2000 150.820000 57.88075 43.05235 38.82870 33.300 -20.800 89.660 1.071e+11 -4.659e+10 8.259e+10 0.04612 181735 181761 681713 6394 29 181674 181782 24.3895 619640000000 619640000000 619640000000 209730000000 38132000000 23.8394 0 0.039 0.56674 0.23866 16.102 20.32 9.93672 0.19635 0.04819 14.9917 22.3513 11.008 0.1536 256200000000 171600000000
 0.4000   152357 0.4100   161144      1       -1       -1       -1  0 6.70467e+11 6.19600e+11 211.306000 29.827000 84.630000  1 0.1500 199.490000 57.67762 43.10124 38.92560 89.370 -10.880 25.050 -1.059e+11 4.404e+10 -2.733e+11 0.02898 181736 181735 681713 7434 28 181674 181760 29.8269 619640000000 610110000000 591050000000 371790000000 181130000000 25 0 0.02253 0.67891 0.54983 15.6322 -13.5654 -10.1211 0.6636 0.35119 -10.9093 2.57171 12.342 0.1264 665300000000 371800000000
 0.4000   152358 0.4100   161145      1       -1       -1   161144  0 3.20967e+11 3.24100e+11 170.256000 20.247000 82.220000  1 0.2000 166.170000 57.86145 43.04915 38.77666 44.040 -30.560 74.740 1.886e+11 -3.971e+10 1.011e+11 0.06025 181737 181762 681713 7435 28 181674 181782 20.2467 438520000000 438520000000 428980000000 276460000000 142990000000 23.0207 0 0.04873 0.60682 0.31453 33.6007 -17.128 21.6125 0.80988 0.43883 27.4245 -4.85344 15.2176 0.169 284900000000 181100000000
 0.3900   143658 0.4000   152357      1       -1       -1       -1  0 5.49733e+11 5.52900e+11 203.774000 28.107000 77.040000  1 0.1500 195.180000 57.61768 43.07209 38.91936 81.870 -6.860 25.330 -1.940e+10 2.040e+10 -1.991e+11 0.02347 181738 181736 681713 7292 27 181674 181760 28.1065 552910000000 543380000000 533850000000 295520000000 171590000000 12.8005 0.89 0.01871 0.50135 0.47037 -12.3381 38.5727 -3.33108 0.70914 0.58493 -5.38053 26.3757 -5.67987 0.1191 599600000000 286000000000
 0.3900   143659 0.4000   152358      1       -1       -1       -1  0 3.20967e+11 3.05100e+11 167.131000 19.276000 79.120000  1 0.2000 165.820000 57.85353 43.07009 38.73923 33.040 -29.360 62.180 1.234e+11 -9.033e+10 4.403e+10 0.04962 181739 181763 681713 7293 27 181674 181782 19.2765 419450000000 419450000000 419450000000 266920000000 152530000000 7.39945 2.31 0.03989 0.63989 0.3352 0.33964 -12.6212 17.5086 0.70252 0.35048 4.70495 -10.1211 17.2297 0.1676 283700000000 181100000000
 0.3800   135167 0.3900   143658      1       -1       -1       -1  0 4.79833e+11 4.76700e+11 194.252000 24.330000 71.920000  1 0.1500 191.550000 57.55952 43.07430 38.89521 82.480 0.320 20.360 2.437e+09 -7.270e+09 1.259e+10 0.00235 181740 181737 681713 7227 26 181674 181760 24.3302 476650000000 457580000000 390850000000 285990000000 162060000000 9.97623 1.62 0.00178 0.52617 0.32021 23.4057 -10.3482 -2.62172 0.2695 0.21941 22.134 -9.61563 -1.90315 0.0982 514500000000 257400000000
 0.3800   135168 0.3900   143659      1       -1       -1       -1  0 2.73300e+11 3.33700e+11 172.477000 13.230000 77.780000  1 0.2000 189.820000 57.82999 43.08615 38.70007 49.240 -26.500 60.050 1.063e+11 -4.198e+10 3.724e+10 0.03393 181741 181764 681713 7228 26 181674 181782 13.2301 343190000000 343190000000 333650000000 257390000000 85797000000 15.6169 0 0.02627 0.76387 0.44273 16.4368 -7.03848 2.57462 0.72294 0.19833 21.324 -4.32404 0.49807 0.1468 316800000000 114400000000
 0.3700   126660 0.3800   135167      1       -1       -1       -1  0 4.19467e+11 4.09900e+11 185.015000 18.897000 67.690000  1 0.1500 192.500000 57.48082 43.06062 38.89275 77.600 2.170 21.320 2.240e+09 5.594e+10 2.800e+10 0.01329 181742 181738 681713 6091 25 181674 181760 18.8974 409920000000 409920000000 362250000000 266920000000 142990000000 18.7694 0 0.00983 0.72531 0.30114 -10.0676 9.49975 19.7882 0.69451 0.24531 -6.29852 10.5856 20.4216 0.0895 421200000000 200200000000
 0.3700   126661 0.3800   135168      1       -1       -1       -1  0 2.54233e+11 1.81100e+11 140.919000 11.751000 52.340000  1 0.2000 153.640000 57.82850 43.09198 38.66111 22.520 -12.150 42.770 4.365e+09 -1.240e+10 -1.306e+09 0.01051 181743 181765 681713 6092 25 181674 181782 11.7512 238320000000 238320000000 209730000000 162060000000 95330000000 11.6537 10.19 0.00809 0.66252 0.386 10.5173 9.85373 5.97702 0.61178 0.18177 7.18841 7.34534 5.17036 0.1062 195700000000 76260000000
 0.3600   118146 0.3700   126660      1       -1       -1       -1  0 3.97167e+11 3.71800e+11 179.357000 20.521000 62.670000  1 0.1500 184.230000 57.42053 43.05288 38.88232 74.340 4.340 21.550 -4.265e+10 -3.360e+09 7.322e+10 0.02125 181744 181739 681713 6932 24 181674 181760 20.5214 371790000000 371790000000 371790000000 266920000000 152530000000 18.5149 0 0.01587 0.50941 0.43973 12.393 -11.6578 -12.376 0.45803 0.30301 10.8301 -12.1848 -10.1019 0.0813 367100000000 200200000000
 0.3600   118147 0.3700   126661      1       -1       -1       -1  0 2.22467e+11 2.47900e+11 156.682000 34.221000 56.410000  1 0.2000 144.330000 57.78746 43.09223 38.65855 40.910 -22.420 47.290 -6.049e+10 -2.377e+10 -3.781e+10 0.03174 181745 181766 681713 6931 24 181674 181782 34.2215 247860000000 247860000000 209730000000 152530000000 0 9.51095 3.47 0.02766 0.59082 0.14903 24.7759 -27.5392 20.4033 0.08516 0.02616 14.372 -16.0837 25.9 0.1145 236900000000 209700000000
 0.3500   109789 0.3600   118146      1       -1       -1       -1  0 3.97167e+11 3.81300e+11 181.134000 25.169000 57.430000  1 0.1500 181.230000 57.36516 43.07366 38.85482 69.650 3.270 21.480 -3.686e+10 -2.325e+09 5.973e+10 0.01648 181746 181740 681713 6756 23 181674 181760 25.1689 381320000000 381320000000 371790000000 266920000000 85797000000 11.0378 0 0.01277 0.92649 0.70283 -9.54629 11.777 30.2502 0.79994 0.70673 -6.74541 -8.49849 27.2274 0.0718 346500000000 247900000000
 0.3500   109790 0.3600   118147      1       -1       -1       -1  0 2.22467e+11 2.19300e+11 150.622000 19.151000 53.090000  1 0.2000 153.270000 57.76740 43.12311 38.60019 36.300 -24.340 43.330 -2.310e+10 -9.232e+10 -3.506e+10 0.05529 181747 181767 681713 6757 23 181674 181782 19.1506 228790000000 228790000000 219260000000 133460000000 38132000000 21.0721 5.55 0.04639 0.77535 0.20053 -14.405 22.0726 0.63357 0.77449 0.1762 24.6051 -10.4546 -0.04443 0.1008 214600000000 133500000000
 0.3400   101597 0.3500   109789      1       -1       -1       -1  0 3.97167e+11 4.09900e+11 185.805000 33.077000 57.820000  1 0.1500 180.470000 57.31820 43.08286 38.82562 64.960 3.600 22.210 -4.353e+10 -7.287e+09 1.055e+11 0.02315 181748 181741 681713 6581 22 181674 181760 33.0775 409920000000 409920000000 409920000000 266920000000 9533000000 7.32491 0 0.0187 0.9187 0.44167 10.0997 34.5955 -11.3101 0.0271 0.00639 -13.0045 -25.7273 29.7294 0.0721 361000000000 314600000000
 0.3400   101598 0.3500   109790      1       -1       -1       -1  0 2.19267e+11 2.00200e+11 146.322000 15.599000 55.840000  1 0.2000 156.340000 57.73189 43.12790 38.56969 40.320 -27.810 33.140 -3.042e+10 -7.331e+10 -1.339e+10 0.05522 181749 181768 681713 6582 22 181674 181782 15.5989 200190000000 200190000000 200190000000 152530000000 38132000000 11.3468 0 0.04344 0.72728 0.54889 22.5975 19.8401 -7.25052 0.32169 0.0582 38.4482 15.3195 -2.79331 0.0976 207600000000 104900000000
 0.3300    93647 0.3400   101597      1       -1       -1       -1  0 3.97167e+11 3.90800e+11 183.115000 24.531000 57.660000  1 0.1500 189.220000 57.24970 43.06015 38.81021 57.820 2.490 22.280 -4.850e+10 6.840e+07 1.155e+11 0.02941 181750 181742 681713 6398 21 181674 181760 24.5307 390850000000 390850000000 381320000000 247860000000 142990000000 17.2952 0 0.02249 0.49377 0.26728 29.7712 -20.8723 -19.5792 0.06651 0.00586 28.3777 -22.1387 -15.8368 0.0647 336400000000 219300000000
 0.3300    93648 0.3400   101598      1       -1       -1       -1  0 2.19267e+11 2.00200e+11 146.511000 13.611000 51.250000  1 0.2000 163.530000 57.68229 43.13731 38.55880 42.090 -19.440 30.460 1.997e+09 -3.996e+10 2.371e+10 0.03323 181751 181769 681713 6399 21 181674 181782 13.6109 200190000000 162060000000 162060000000 152530000000 66731000000 12.1758 2.84 0.02546 0.66695 0.28652 22.6106 14.7644 -7.06253 0.63114 0.13317 22.1297 13.6654 -3.29861 0.0782 209300000000 104900000000
 0.3200    85840 0.3300    93647      1       -1       -1       -1  0 3.94000e+11 3.90800e+11 183.339000 22.512000 62.520000  1 0.1500 195.330000 57.19460 43.07095 38.77826 57.630 2.730 22.230 -6.972e+10 2.357e+10 1.581e+11 0.04282 181752 181743 681713 6253 20 181674 181760 22.5117 390850000000 381320000000 362250000000 276460000000 142990000000 15.2298 0 0.03177 0.91247 0.59486 21.0643 -10.584 -16.7874 0.75226 0.60789 22.6419 10.6064 3.50995 0.0689 355200000000 228800000000
 0.3200    85841 0.3300    93648      1       -1       -1       -1  0 2.19267e+11 1.90700e+11 144.324000 13.681000 50.810000  1 0.2000 162.530000 57.65209 43.15759 38.52386 41.970 -23.990 31.370 -3.502e+10 -1.627e+10 9.894e+09 0.03142 181753 181770 681713 6254 20 181674 181782 13.6807 190660000000 181130000000 181130000000 142990000000 76264000000 2.0942 0 0.02402 0.53235 0.35976 -19.4915 20.3406 9.15228 0.73717 0.06655 -11.1542 16.6072 2.67096 0.0774 197600000000 104900000000
 0.3100    78276 0.3200    85840      1       -1       -1       -1  0 3.94000e+11 3.90800e+11 183.553000 19.628000 63.320000  1 0.1500 204.120000 57.16836 43.08562 38.75568 49.340 4.600 20.100 -5.462e+10 -2.311e+10 1.141e+11 0.03253 181754 181744 681713 6002 19 181674 181760 19.6285 390850000000 362250000000 362250000000 314590000000 152530000000 13.4323 0 0.02379 0.91766 0.53066 24.5494 -10.4406 -20.49 0.55094 0.34815 32.1102 6.06065 8.46243 0.0663 385900000000 209700000000
 0.3100    78277 0.3200    85841      1       -1       -1       -1  0 2.19267e+11 2.09700e+11 149.156000 20.093000 49.860000  1 0.2000 158.290000 57.61100 43.17285 38.49426 37.680 -17.980 33.040 -3.279e+10 -1.575e+10 -2.795e+10 0.03017 181755 181771 681713 6003 19 181674 181782 20.093 209730000000 200190000000 181130000000 162060000000 66731000000 7.03639 1.28 0.02395 0.75769 0.50915 -14.9217 17.1057 18.6535 0.69894 0.55084 -11.066 23.2658 9.83074 0.0716 193900000000 133500000000
 0.3000    70912 0.3100    78276      1       -1       -1       -1  0 3.84500e+11 4.00400e+11 185.236000 25.318000 59.550000  1 0.1500 198.960000 57.12133 43.08037 38.73452 44.990 2.480 16.530 -2.952e+10 6.419e+09 1.156e+11 0.02839 181756 181745 681713 4883 18 181674 181760 25.3182 400390000000 400390000000 400390000000 324120000000 85797000000 7.27964 0 0.02157 0.84943 0.53506 31.7464 -5.94141 -11.7704 0.43808 0.16852 34.6641 -6.19691 -7.79623 0.062 388000000000 247900000000
 0.3000    70913 0.3100    78277      1       -1       -1       -1  0 2.19267e+11 1.81100e+11 142.198000 15.327000 48.710000  1 0.2000 160.210000 57.56639 43.17271 38.46417 39.670 -15.500 33.420 1.445e+09 -1.808e+10 -2.428e+10 0.02659 181757 181772 681713 4884 18 181674 181782 15.3274 181130000000 181130000000 181130000000 162060000000 47665000000 4.13027 0 0.02052 0.76264 0.37987 -11.9977 24.5523 18.8834 0.3576 0.16152 -5.68213 15.6069 24.1833 0.0709 199700000000 85800000000
 0.2900    63803 0.3000    70912      1       -1       -1       -1  0 3.78167e+11 3.62300e+11 179.344000 18.796000 57.530000  1 0.1500 206.440000 57.10276 43.08877 38.72598 34.620 1.850 9.700 1.451e+10 -3.845e+10 1.796e+10 0.01284 181758 181746 681713 4713 17 181674 181760 18.7957 362250000000 333650000000 333650000000 305060000000 0 21.7828 2.51 0.00973 0.92726 0.39387 -16.214 26.5796 23.6699 0.47563 0.11861 -2.90152 26.412 35.0552 0.0594 374000000000 171600000000
 0.2900    63804 0.3000    70913      1       -1       -1       -1  0 2.19267e+11 1.81100e+11 142.345000 19.736000 38.490000  1 0.2000 154.850000 57.51262 43.19446 38.43682 41.570 -22.620 28.880 -3.402e+09 -2.252e+10 -1.912e+10 0.02459 181759 181773 681713 4853 17 181674 181782 19.7364 181130000000 181130000000 181130000000 114400000000 38132000000 10.0228 3.78 0.02047 0.96996 0.51575 -10.7453 -10.1775 21.1454 0.47669 0.15079 -5.463 17.8402 0.31651 0.0549 183800000000 85800000000
 0.2800    56961 0.2900    63803      1       -1       -1       -1  0 3.59100e+11 3.71800e+11 181.080000 24.124000 59.430000  1 0.1500 201.690000 57.04828 43.11388 38.71045 35.010 2.900 9.500 5.201e+10 -3.649e+10 -1.193e+10 0.01808 181760 181747 681713 5111 16 181674 181760 24.1236 371790000000 343190000000 343190000000 257390000000 142990000000 21.0026 0 0.01365 0.77869 0.36031 19.2299 -1.02244 22.9513 0.37886 0.12513 8.99618 8.06351 29.9412 0.062 317900000000 228800000000
 0.2800    56962 0.2900    63804      1       -1       -1       -1  0 2.19267e+11 1.62100e+11 137.298000 23.516000 38.910000  1 0.2000 146.340000 57.47725 43.20913 38.39446 38.350 -23.840 30.140 -1.303e+10 -1.423e+10 -1.581e+10 0.02490 181761 181774 681713 5112 16 181674 181782 23.5163 162060000000 152530000000 152530000000 85797000000 38132000000 12.034 1.57 0.02102 0.18319 0.09087 -0.33106 18.8542 18.7774 0.22837 0.03221 -1.22119 10.4134 13.3181 0.0577 176700000000 114400000000
 0.2700    50454 0.2800    56961      1       -1       -1       -1  0 3.40033e+11 3.43200e+11 176.473000 30.685000 49.790000  1 0.1500 190.830000 57.02125 43.08230 38.72272 31.710 6.830 7.240 4.119e+10 -4.409e+10 -3.901e+10 0.02226 181762 181748 681713 4893 15 181674 181760 30.685 343190000000 343190000000 343190000000 219260000000 47665000000 12.4648 0 0.01765 0.97828 0.73129 29.6638 15.0462 15.4487 0.68394 0.50598 27.438 22.8335 -3.7861 0.0514 298700000000 238300000000
 0.2700    50455 0.2800    56962      1       -1       -1       -1  0 2.19267e+11 1.90700e+11 145.073000 19.816000 39.500000  1 0.2000 163.550000 57.41547 43.25703 38.35779 35.990 -26.040 31.100 -4.276e+09 -2.083e+10 -1.086e+10 0.01891 181763 181775 681713 5047 15 181674 181782 19.8157 190660000000 181130000000 152530000000 95330000000 57198000000 24.0985 0 0.01563 0.77026 0.27868 15.7977 5.54759 23.0685 0.47697 0.01683 17.1245 -1.31721 17.2315 0.0463 194300000000 95330000000
 0.2600    44268 0.2700    50454      1       -1       -1       -1  0 3.05067e+11 3.05100e+11 169.824000 34.727000 47.440000  1 0.1500 182.530000 57.00215 43.08068 38.71777 29.180 5.830 8.330 9.992e+09 -4.150e+10 4.800e+09 0.01602 181764 181749 681713 4594 14 181674 181760 34.7265 305060000000 295520000000 295520000000 171590000000 0 19.2743 0 0.01308 0.43573 0.11052 16.4012 21.228 35.6497 0.43548 0.04766 19.2884 12.8136 28.3276 0.0519 253100000000 247900000000
 0.2600    44269 0.2700    50455      1       -1       -1       -1  0 2.19267e+11 2.19300e+11 152.121000 26.156000 42.240000  1 0.2000 167.710000 57.35612 43.29274 38.32751 35.490 -24.790 29.060 -7.047e+09 -4.857e+08 -3.476e+09 0.00494 181765 181776 681713 4693 14 181674 181782 26.1563 219260000000 181130000000 181130000000 142990000000 28599000000 10.1862 2.05 0.00416 0.58362 0.28479 -0.85524 32.7015 17.2462 0.3311 0.02664 0.07076 17.3926 25.6743 0.0455 193300000000 171600000000
 0.2500    38445 0.2600    44268      1       -1       -1       -1  0 2.63767e+11 2.66900e+11 162.559000 21.477000 45.840000  1 0.1500 191.190000 56.94219 43.06241 38.68597 31.530 5.210 9.830 1.018e+10 -2.407e+10 1.028e+10 0.01397 181766 181750 681713 3621 13 181674 181760 21.4766 266920000000 247860000000 247860000000 190660000000 76264000000 10.36 0.84 0.01089 0.41495 0.09439 12.249 36.6375 28.4687 0.32778 0.03928 -1.08912 33.125 16.7163 0.0461 228100000000 143000000000
 0.2500    38446 0.2600    44269      1       -1       -1       -1  0 2.19267e+11 2.09700e+11 150.003000 21.997000 45.250000  1 0.2000 173.040000 57.30597 43.28588 38.27692 31.840 -26.110 27.340 1.894e+10 -2.592e+10 -1.687e+09 0.02365 181767 181777 681713 3706 13 181674 181782 21.9971 209730000000 209730000000 209730000000 162060000000 38132000000 16.4211 0 0.01863 0.17977 0.03501 3.65604 23.1255 37.6775 0.17069 0.02219 3.66273 19.0278 36.1326 0.0488 205600000000 143000000000
 0.2400    32967 0.2500    38445      1       -1       -1       -1  0 2.25633e+11 2.19300e+11 152.355000 15.339000 44.390000  1 0.1500 193.250000 56.89537 43.03872 38.65640 31.150 2.920 10.490 -1.189e+10 -3.052e+10 3.302e+10 0.03326 181768 181751 681713 3974 12 181674 181760 15.3387 219260000000 219260000000 209730000000 171590000000 28599000000 9.62685 0 0.02554 0.54004 0.3123 27.2623 13.5962 13.4771 0.35903 0.04014 17.5097 19.8213 23.7418 0.0458 235200000000 95330000000
 0.2400    32968 0.2500    38446      1       -1       -1       -1  0 2.12900e+11 2.28800e+11 154.531000 24.302000 42.510000  1 0.2000 179.540000 57.25819 43.33800 38.27347 34.680 -21.430 21.690 2.044e+09 -5.197e+09 -1.270e+10 0.00874 181769 181778 681713 4032 12 181674 181782 24.3015 228790000000 228790000000 228790000000 181130000000 9533000000 15.5545 0 0.0071 0.61866 0.31071 5.16887 23.7033 23.0546 0.22178 0.0024 -9.75409 22.4184 0.86883 0.0449 208200000000 162100000000
 0.2300    27872 0.2400    32967      1       -1       -1       -1  0 2.25633e+11 1.81100e+11 143.052000 19.341000 34.190000  1 0.1500 174.270000 56.85575 43.03368 38.62766 29.970 3.490 19.070 -9.238e+09 1.138e+10 1.308e+10 0.01918 181770 181752 681713 3530 11 181674 181760 19.3405 181130000000 171590000000 171590000000 114400000000 66731000000 9.19873 2.98 0.01515 0.61477 0.3698 35.8429 -5.26365 -6.35374 0.73363 0.12635 22.9804 -10.2733 -10.6278 0.0323 191700000000 114400000000
 0.2300    27873 0.2400    32968      1       -1       -1       -1  0 1.90667e+11 2.00200e+11 147.905000 24.923000 43.600000  1 0.2000 173.360000 57.20669 43.36481 38.25552 32.160 -19.180 16.070 -8.958e+08 5.857e+09 -2.135e+09 0.00512 181771 181779 681713 3637 11 181674 181782 24.9228 200190000000 200190000000 200190000000 142990000000 0 7.55102 0 0.00411 0.17618 0.08867 -29.9655 -22.6665 36.2771 0.61792 0.33769 25.9728 15.9361 -20.5981 0.0461 192300000000 143000000000
 0.2200    23114 0.2300    27872      1       -1       -1       -1  0 2.25633e+11 1.43000e+11 132.296000 14.624000 27.670000  1 0.1500 171.410000 56.78976 43.02998 38.60251 32.970 3.250 22.120 3.496e+09 -8.369e+09 1.094e+10 0.02076 181772 181753 681713 3159 10 181674 181760 14.6243 142990000000 142990000000 142990000000 114400000000 0 7.98922 0 0.01661 0.74238 0.13857 36.6603 2.96149 24.161 0.10265 0 39.5487 -9.48072 10.9119 0.0248 180500000000 76260000000
 0.2200    23115 0.2300    27873      1       -1       -1       -1  0 1.62067e+11 1.43000e+11 132.296000 16.746000 37.320000  1 0.2000 166.730000 57.17345 43.42545 38.18895 27.420 -27.100 17.170 -1.943e+09 4.277e+09 -5.157e+08 0.00668 181773 181780 681713 3197 10 181674 181782 16.7457 142990000000 133460000000 133460000000 114400000000 19066000000 18.6418 3.96 0.00552 0.39575 0.12977 -14.141 -19.5959 30.9082 0.8889 0.58174 5.91932 38.1978 13.9961 0.0463 146400000000 76260000000
 0.2100    18779 0.2200    23114      1       -1       -1       -1  0 2.25633e+11 2.28800e+11 154.823000 38.000000 36.330000  1 0.1500 180.180000 56.72561 43.02190 38.56048 23.950 3.620 13.640 -1.175e+10 -4.228e+09 1.266e+10 0.01151 181774 181754 681713 2736 9 181674 181760 38.0003 228790000000 228790000000 228790000000 133460000000 28599000000 17.5343 0 0.00972 0.68965 0.24843 28.826 18.8251 22.6264 0.4005 0.19375 22.5815 17.3716 -9.68108 0.0279 198300000000 228800000000
 0.2100    18780 0.2200    23115      1       -1       -1       -1  0 1.23933e+11 1.43000e+11 132.372000 53.676000 31.450000  1 0.2000 148.980000 57.10593 43.44397 38.18396 28.180 -22.340 14.400 7.519e+09 -2.734e+09 6.357e+09 0.01321 181775 181781 681713 2798 9 181674 181782 53.6763 142990000000 123930000000 123930000000 66731000000 19066000000 9.71421 1.37 0.01222 0.00468 0 -27.3721 -30.1385 35.669 0.33879 0.30319 14.9604 16.834 -14.7468 0.0455 120300000000 190700000000
 0.2000    14914 0.2100    18779      1       -1       -1       -1  0 2.25633e+11 2.47900e+11 159.093000 29.974000 38.530000  1 0.1500 196.060000 56.69504 43.03448 38.51206 22.740 2.200 13.660 -1.044e+10 2.219e+08 8.878e+09 0.00820 181776 181755 681713 2292 8 181674 181760 29.9739 247860000000 247860000000 247860000000 152530000000 9533000000 10.765 0 0.00671 0.2309 0.12722 51.9606 8.99858 20.9974 0.20871 0.03521 44.7112 4.23532 21.4002 0.0283 222800000000 190700000000
 0.2000    14915 0.2100    18780      0       -1       -1       -1  0 8.58000e+10 8.58000e+10 111.706000 36.658000 24.430000  1 0.2000 129.880000 57.05632 43.47191 38.14358 35.400 -13.240 21.500 -1.942e+09 3.094e+09 4.724e+08 0.01023 181777 181782 681713 2354 8 181674 181782 36.6584 85797000000 57198000000 57198000000 47665000000 0 16.2986 9.85 0.01057 0.48067 0.06784 4.12338 9.70341 40.1274 0.07092 0 5.3627 17.0099 40.4566 0.0485 85320000000 104900000000
 0.1900    11535 0.2000    14914      1       -1       -1       -1  0 2.06567e+11 2.00200e+11 148.232000 14.838000 40.680000  1 0.1500 210.670000 56.59205 43.02366 38.44587 21.540 0.220 20.060 7.157e+08 -1.881e+10 2.047e+09 0.01799 181778 181756 681713 1885 7 181674 181760 14.8381 200190000000 200190000000 200190000000 123930000000 76264000000 35.9916 0 0.01358 0.49274 0.3589 27.5856 -2.22942 9.4678 0.58305 0.13333 2.2307 7.50064 13.0376 0.0301 174700000000 85800000000
 0.1800     8577 0.1900    11535      1       -1       -1       -1  0 1.71600e+11 1.71600e+11 140.868000 21.920000 35.090000  1 0.1500 188.380000 56.59821 43.02252 38.46469 15.660 -0.160 14.990 -1.746e+09 -3.556e+09 3.326e+09 0.00597 181779 181757 681713 1510 6 181674 181760 21.9197 171590000000 171590000000 171590000000 133460000000 47665000000 26.6826 0 0.00493 0.91361 0.62518 15.1389 6.90408 28.7423 0.18545 0.02724 13.8856 -14.8163 40.734 0.0307 158900000000 114400000000
 0.1700     6109 0.1800     8577      1       -1       -1       -1  0 1.23933e+11 1.43000e+11 132.614000 28.300000 28.400000  1 0.1500 173.920000 56.53202 43.02339 38.39021 20.150 0.800 13.590 2.061e+09 1.885e+09 4.854e+09 0.00802 181780 181758 681713 1134 5 181674 181760 28.2997 142990000000 142990000000 142990000000 47665000000 0 20.8139 0 0.00744 0.32392 0.09298 16.2577 -13.4704 26.222 0.34004 0.09681 15.7919 -14.9485 27.2789 0.034 139200000000 133500000000
 0.1600     4125 0.1700     6109      1       -1       -1       -1  0 7.94433e+10 5.72000e+10 97.744000 39.854000 21.750000  1 0.1500 125.600000 56.48423 43.02302 38.35488 16.540 0.040 12.110 2.602e+09 -4.275e+09 4.861e+09 0.03343 181781 181759 681713 811 4 181674 181760 39.8542 57198000000 0 0 0 0 53.5999 10.15 0.04397 0.55323 0.20419 61.9094 44.1551 5.97933 0 0 0 0 0 0.0718 116400000000 152500000000
 0.1500     2598 0.1600     4125      0       -1       -1       -1  0 3.81300e+10 3.81300e+10 85.414000 36.243000 15.450000  1 0.1500 113.220000 56.45574 42.98903 38.40088 13.770 2.600 7.590 -1.808e+07 1.922e+08 3.991e+09 0.03084 181782 181760 681713 531 3 181674 181760 36.2429 38132000000 9533000000 9533000000 0 0 20.5861 19.48 0.05112 0.38855 0.07221 62.7788 7.77125 36.5909 0 0 0 0 0 0.0939 78070000000 85800000000
