 1.0000   675833 0.0000       -1      1       -1       -1       -1  0 6.10100e+11 6.10100e+11 173.516000 15.653000 145.050000  1 0.8100 151.720000 1.56277 13.89699 61.20078 66.280 -47.880 -6.850 -3.381e+11 -2.945e+11 -8.401e+11 0.04744 268207 268207 675833 1348 88 268206 268226 15.653 648240000000 838900000000 543380000000 390850000000 219260000000 5.90819 4.44 0.05172 0.37295 0.32212 19.2412 22.7332 -19.317 0.50027 0.32038 -14.4459 -13.4614 17.1817 0.6204 716600000000 295500000000
 0.9900   667667 1.0000   675833      1       -1       -1       -1  0 6.00567e+11 6.00600e+11 173.334000 15.246000 148.410000  1 0.8100 152.270000 1.56292 13.90292 61.21028 72.410 -39.690 -0.690 2.429e+11 -2.575e+11 -6.890e+11 0.04053 268208 268208 675833 1364 87 268206 268226 15.2465 638710000000 695910000000 524310000000 400390000000 181130000000 6.98347 5.08 0.04332 0.40263 0.32028 13.6157 18.1717 -11.8921 0.44318 0.36349 10.4479 13.285 -8.72725 0.623 749100000000 305100000000
 0.9800   659318 0.9900   667667      1       -1       -1       -1  0 5.84700e+11 5.91000e+11 173.135000 14.665000 146.770000  1 0.8100 153.270000 1.54094 13.90704 61.20861 69.960 -37.670 3.150 -2.223e+11 -4.096e+11 -7.010e+11 0.04499 268209 268209 675833 1410 86 268206 268226 14.6651 610110000000 686380000000 524310000000 409920000000 142990000000 10.1935 8.82 0.04849 0.43131 0.37751 20.4293 24.2986 -13.6839 0.50675 0.3599 15.8633 18.5786 -11.9236 0.6236 751000000000 305100000000
 0.9700   651001 0.9800   659318      1       -1       -1       -1  0 5.72000e+11 5.62500e+11 171.006000 15.015000 150.790000  1 0.8100 149.940000 1.53733 13.89686 61.21229 65.190 -38.610 -5.070 8.291e+09 -3.949e+11 -6.332e+11 0.04310 268210 268210 675833 375 85 268206 268226 15.0155 581510000000 676840000000 524310000000 438520000000 200190000000 20.7938 4.3 0.04684 0.31898 0.27318 12.8101 22.2249 -4.88451 0.27452 0.13605 11.0775 16.0014 -3.03035 0.645 752000000000 295500000000
 0.9600   642695 0.9700   651001      1       -1       -1       -1  0 5.56133e+11 5.62500e+11 171.714000 12.838000 155.040000  1 0.8100 156.400000 1.54098 13.91467 61.20927 64.060 -34.410 6.230 -5.335e+10 -1.259e+11 -7.833e+11 0.04758 268211 268211 675833 366 84 268206 268226 12.8376 571980000000 667310000000 524310000000 467120000000 209730000000 5.77792 4.29 0.05006 0.4062 0.26655 17.4791 27.4809 -10.39 0.39781 0.19202 17.0006 23.0206 -8.50119 0.6411 811600000000 257400000000
 0.9500   634408 0.9600   642695      1       -1       -1       -1  0 5.49767e+11 5.43400e+11 170.452000 12.211000 155.380000  1 0.8100 156.780000 1.52705 13.91316 61.21712 61.890 -34.970 -3.590 -8.200e+10 4.032e+10 -7.920e+11 0.04899 268212 268212 675833 1408 83 268206 268226 12.2114 543380000000 648240000000 514780000000 486180000000 162060000000 8.13128 4.38 0.05333 0.41297 0.3164 15.6987 26.0977 -13.3677 0.39065 0.2631 15.5925 23.6253 -12.0379 0.6613 833400000000 219300000000
 0.9400   626128 0.9500   634408      1       -1       -1       -1  0 5.40200e+11 5.43400e+11 171.150000 11.105000 154.000000  1 0.8100 161.370000 1.50579 13.90396 61.22978 61.220 -30.300 1.710 -9.322e+10 3.612e+10 -7.812e+11 0.04597 268213 268213 675833 2394 82 268206 268226 11.1055 543380000000 610110000000 524310000000 409920000000 200190000000 29.225 0 0.05285 0.35581 0.24688 19.215 27.8687 -19.8792 0.53425 0.24801 13.7836 21.7784 -12.5384 0.6815 713500000000 200200000000
 0.9300   617819 0.9400   626128      1       -1       -1       -1  0 5.33833e+11 5.33800e+11 170.836000 9.828000 151.090000  1 0.8100 166.230000 1.50857 13.92750 61.22882 59.750 -28.520 3.790 -4.300e+10 -1.488e+11 -6.154e+11 0.04311 268214 268214 675833 1461 81 268206 268226 9.82846 543380000000 571980000000 533850000000 419450000000 257390000000 16.8857 4.56 0.04401 0.46936 0.26358 15.1542 22.75 -20.5431 0.56998 0.09506 10.6173 19.7044 -13.0824 0.6221 791900000000 219300000000
 0.9200   609480 0.9300   617819      1       -1       -1       -1  0 5.30633e+11 5.24300e+11 170.501000 11.037000 150.910000  1 0.8100 160.630000 1.50866 13.93675 61.21157 56.760 -27.080 6.540 -4.441e+10 -1.594e+11 -6.831e+11 0.05242 268215 268215 675833 413 80 268206 268226 11.0371 533850000000 552910000000 514780000000 409920000000 228790000000 2.91758 4.7 0.0504 0.3722 0.28088 6.9595 15.7806 -10.9573 0.39009 0.25295 3.56898 14.3 -8.39494 0.5957 739700000000 228800000000
 0.9100   601136 0.9200   609480      1       -1       -1       -1  0 5.24300e+11 5.33800e+11 172.218000 10.643000 145.710000  1 0.8100 164.170000 1.49737 13.92818 61.22123 57.010 -23.050 6.150 -5.431e+10 5.702e+10 -7.190e+11 0.05023 268216 268216 675833 377 79 268206 268226 10.6431 533850000000 571980000000 467120000000 371790000000 190660000000 8.22813 0 0.05051 0.32234 0.28773 10.9486 19.9225 -16.5863 0.35677 0.2084 -7.97404 -12.4027 15.9448 0.5975 788300000000 190700000000
 0.9000   592785 0.9100   601136      1       -1       -1       -1  0 5.21133e+11 5.14800e+11 170.823000 13.743000 136.270000  1 0.8100 152.150000 1.47796 13.92651 61.22188 58.330 -19.130 6.050 -2.219e+11 1.344e+10 -8.034e+11 0.06090 268217 268217 675833 1463 78 268206 268226 13.7431 533850000000 571980000000 457580000000 371790000000 219260000000 10.445 3.39 0.06206 0.36863 0.30198 13.8518 23.3072 -12.3768 0.403 0.29403 13.1566 17.9509 -9.34897 0.5764 667400000000 238300000000
 0.8900   584391 0.9000   592785      1       -1       -1       -1  0 5.11600e+11 5.14800e+11 171.501000 18.135000 130.510000  1 0.8100 143.380000 1.48837 13.94796 61.20659 54.090 -17.850 10.250 -8.098e+10 2.468e+10 -8.349e+11 0.05696 268218 268218 675833 1428 77 268206 268226 18.1352 514780000000 552910000000 448050000000 333650000000 123930000000 12.8907 0 0.06271 0.31377 0.22202 16.7771 34.2931 -14.0259 0.42996 0.02245 10.9711 23.3798 -8.45304 0.5948 597800000000 295500000000
 0.8800   576016 0.8900   584391      1       -1       -1       -1  0 5.02067e+11 5.05200e+11 171.107000 22.707000 121.750000  1 0.8100 136.540000 1.48333 13.96329 61.20464 53.130 -18.470 9.070 -1.573e+10 -1.640e+11 -6.918e+11 0.04733 268219 268219 675833 2492 76 268206 268226 22.707 505250000000 562450000000 381320000000 324120000000 85797000000 23.0651 0 0.05502 0.27113 0.23093 19.0498 41.146 -10.9682 0.42294 0.24388 21.1409 45.9678 -15.0433 0.5911 536000000000 324100000000
 0.8700   567566 0.8800   576016      1       -1       -1       -1  0 4.79833e+11 4.86200e+11 169.588000 17.004000 120.400000  1 0.8100 143.390000 1.46159 13.93989 61.22014 51.500 -9.970 7.040 -1.889e+11 3.340e+11 -7.859e+11 0.06605 268220 268220 675833 1496 75 268206 268226 17.0042 486180000000 562450000000 390850000000 276460000000 0 9.30692 7.74 0.07241 0.18213 0.08399 21.4989 39.5407 -10.9447 0.09432 0.00149 15.6034 30.9298 -7.95293 0.5593 520300000000 238300000000
 0.8600   559112 0.8700   567566      1       -1       -1       -1  0 4.54433e+11 4.48100e+11 165.675000 28.134000 110.630000  1 0.8100 126.570000 1.47016 13.95129 61.20914 49.950 -11.450 9.390 1.640e+11 3.020e+11 -4.610e+11 0.04942 268221 268221 675833 1487 74 268206 268226 28.1341 448050000000 552910000000 390850000000 247860000000 47665000000 17.9459 6.47 0.05476 0.17647 0.0564 18.2083 47.0551 -18.9155 0.00447 0 1.98223 34.8152 -6.29015 0.5347 463100000000 324100000000
 0.8500   550690 0.8600   559112      1       -1       -1       -1  0 4.29000e+11 4.29000e+11 163.920000 39.087000 108.780000  1 0.8100 119.560000 1.45527 13.96525 61.19130 41.510 -13.040 10.510 1.791e+11 3.186e+11 -4.447e+11 0.05079 268222 268222 675833 321 73 268206 268226 39.0874 428980000000 514780000000 352720000000 190660000000 66731000000 26.1697 0 0.05918 0.26939 0.15503 15.4664 23.4115 -3.22853 0.40893 0.02795 7.41978 6.36053 0.67959 0.5569 484800000000 419500000000
 0.8400   542165 0.8500   550690      1       -1       -1       -1  0 3.74967e+11 4.09900e+11 162.072000 41.009000 98.370000  1 0.8100 117.490000 1.39190 13.87374 61.26997 46.410 12.360 9.220 -1.340e+11 1.418e+11 -2.956e+11 0.03386 268223 268223 675833 1332 72 268206 268226 41.0094 409920000000 438520000000 285990000000 133460000000 0 34.1792 0 0.03944 0.27065 0.10469 -23.4777 -22.3014 40.2942 0.30015 0.05438 22.7381 -0.20522 -17.6732 0.5061 427000000000 409900000000
 0.8300   533647 0.8400   542165      1       -1       -1       -1  0 2.73267e+11 2.86000e+11 144.291000 48.183000 100.260000  1 0.8100 102.320000 1.44666 13.99074 61.14449 26.550 -30.340 31.280 1.342e+11 1.492e+11 -1.874e+11 0.03825 268224 268224 675833 3342 71 268206 268226 48.183 285990000000 362250000000 219260000000 114400000000 0 39.2279 5.62 0.05594 0.09615 0.02122 -6.78268 -24.8793 40.8217 0.15199 0.00149 -4.79448 -14.3344 27.05 0.6791 449300000000 429000000000
 0.8200   525072 0.8300   533647      1       -1       -1       -1  0 1.68410e+11 1.23900e+11 109.600000 39.310000 101.890000  1 0.8100 77.460000 1.43493 13.95372 61.08078 23.310 -9.000 31.130 4.904e+10 -8.429e+10 -5.863e+10 0.08241 268225 268225 675833 1349 70 268206 268226 39.3102 123930000000 200190000000 0 0 0 85.3479 30.42 0.09381 0.4108 0.05052 18.3375 31.2934 82.8708 0 0 0 0 0 1.8915 541300000000 209700000000
 0.8100   516427 0.8200   525072      0       -1       -1       -1  0 9.53300e+10 9.53300e+10 100.797000 27.197000 57.420000  1 0.8100 72.700000 1.50358 14.12393 61.09336 37.620 -67.110 35.320 -5.247e+10 -9.854e+09 3.233e+10 0.04734 268226 268226 675833 272 69 268206 268226 27.1972 133460000000 162060000000 66731000000 0 0 18.0811 0 0.08002 0.29275 0.00466 7.94397 -4.64197 64.5428 0 0 0 0 0 0.6397 146900000000 104900000000
