 1.0000   677424 0.0000       -1      1       -1       -1       -1  0 1.68433e+11 1.52500e+11 109.308000 4.038000 79.270000  1 0.8200 121.740000 14.06036 42.81654 16.06859 -296.470 -125.710 32.690 -2.716e+10 6.042e+10 5.557e+10 0.06246 529839 529839 677424 2939 88 529838 529857 4.03832 152530000000 181130000000 133460000000 123930000000 95330000000 9.45335 0 0.04734 0.68508 0.23702 -6.35319 16.0247 -0.58391 0.64086 0.05504 -2.28528 15.2963 1.60189 0.3621 305900000000 57200000000
 0.9900   669271 1.0000   677424      1       -1       -1       -1  0 1.68433e+11 1.52500e+11 109.768000 3.010000 80.520000  1 0.8200 134.020000 14.08663 42.82562 16.06205 -294.000 -125.510 33.270 -3.012e+10 6.073e+10 5.461e+10 0.06490 529840 529840 677424 2876 87 529838 529857 3.01016 152530000000 181130000000 133460000000 123930000000 95330000000 4.63962 0 0.04779 0.47728 0.37725 -4.52784 16.3646 -0.02509 0.40326 0.137 -2.19738 17.4934 0.79308 0.3544 358700000000 76260000000
 0.9800   660893 0.9900   669271      1       -1       -1       -1  0 1.68433e+11 1.52500e+11 110.228000 4.534000 80.260000  1 0.8200 118.570000 14.11371 42.82831 16.04959 -288.320 -128.020 33.990 -3.611e+10 5.692e+10 5.938e+10 0.06210 529841 529841 677424 2887 86 529838 529857 4.53404 162060000000 181130000000 152530000000 114400000000 95330000000 10.7722 4.11 0.04947 0.39159 0.1573 -5.35641 18.8461 3.13295 0.26149 0.05351 -4.79993 17.7071 5.4684 0.3889 285300000000 66730000000
 0.9700   652557 0.9800   660893      1       -1       -1       -1  0 1.68433e+11 1.71600e+11 115.120000 8.499000 84.240000  1 0.8200 105.290000 14.15507 42.82128 16.05318 -283.400 -132.530 40.470 -1.051e+11 1.675e+10 9.749e+10 0.06157 529842 529842 677424 2913 85 529838 529857 8.49875 171590000000 171590000000 152530000000 114400000000 19066000000 18.6514 0 0.0655 0.31415 0.14922 -7.83332 15.3575 1.51895 0.13358 0.02005 -8.13027 14.1982 2.68089 0.5308 248300000000 47660000000
 0.9600   644238 0.9700   652557      1       -1       -1       -1  0 1.68433e+11 1.71600e+11 115.597000 8.699000 86.380000  1 0.8200 105.120000 14.18609 42.83449 16.04754 -276.510 -132.220 39.710 -1.010e+11 1.686e+10 1.094e+11 0.06280 529843 529843 677424 1864 84 529838 529857 8.69866 171590000000 171590000000 152530000000 123930000000 19066000000 19.9208 4.4 0.06823 0.37912 0.13194 -9.51824 26.2347 -0.52805 0.17991 0.07044 -10.4707 26.7173 1.11245 0.5538 244900000000 57200000000
 0.9500   635934 0.9600   644238      1       -1       -1       -1  0 1.65267e+11 1.62100e+11 113.883000 7.962000 86.910000  1 0.8200 105.400000 14.21764 42.84809 16.04175 -273.840 -133.030 40.160 -1.113e+11 -3.555e+09 4.608e+10 0.05680 529844 529844 677424 2907 83 529838 529857 7.96233 162060000000 171590000000 152530000000 133460000000 9533000000 17.0497 0 0.06057 0.13307 0.0202 -10.7488 25.9464 -0.0451 0.2352 0.08554 -10.0301 25.4016 -0.70091 0.555 243700000000 38130000000
 0.9400   627637 0.9500   635934      1       -1       -1       -1  0 1.62100e+11 1.62100e+11 114.350000 8.462000 83.310000  1 0.8200 104.230000 14.24973 42.86208 16.03580 -271.240 -133.830 40.620 -1.101e+11 -3.756e+09 4.593e+10 0.05966 529845 529845 677424 858 82 529838 529857 8.46197 162060000000 171590000000 152530000000 133460000000 38132000000 18.8269 0 0.06017 0.32025 0.22331 -8.66482 21.9852 1.61787 0.27583 0.13619 -6.90374 16.3413 2.37674 0.5054 235800000000 38130000000
 0.9300   619322 0.9400   627637      1       -1       -1       -1  0 1.62100e+11 1.62100e+11 114.815000 7.380000 83.280000  1 0.8200 108.450000 14.26161 42.87607 16.03437 -268.700 -134.590 41.090 -1.088e+11 -3.911e+09 4.591e+10 0.05960 529846 529846 677424 3959 81 529838 529857 7.37952 162060000000 162060000000 152530000000 133460000000 9533000000 23.6022 0 0.05975 0.41982 0.26905 9.06461 23.6906 1.88623 0.26916 0.00892 13.2413 32.3159 5.28559 0.5009 265900000000 47660000000
 0.9200   610987 0.9300   619322      1       -1       -1       -1  0 1.62100e+11 1.62100e+11 115.280000 7.866000 87.670000  1 0.8200 107.130000 14.29480 42.89031 16.02794 -266.220 -135.350 41.570 -1.073e+11 -4.044e+09 4.600e+10 0.05757 529847 529847 677424 2963 80 529838 529857 7.86618 162060000000 162060000000 142990000000 133460000000 28599000000 25.1657 0 0.0593 0.4726 0.34818 9.58337 21.4593 2.52405 0.2942 0.00029 11.4947 11.292 1.42115 0.5391 243800000000 66730000000
 0.9100   602632 0.9200   610987      1       -1       -1       -1  0 1.62100e+11 1.62100e+11 115.744000 7.619000 90.230000  1 0.8200 108.510000 14.32330 42.90870 16.02427 -263.800 -136.110 42.040 -1.061e+11 -4.173e+09 4.619e+10 0.05707 529848 529848 677424 2995 79 529838 529857 7.61866 162060000000 171590000000 133460000000 133460000000 66731000000 26.7101 0 0.05894 0.23599 0.07842 20.7559 14.9606 -1.63904 0.05997 0.016 20.7278 11.3055 -0.57714 0.554 246700000000 66730000000
 0.9000   594278 0.9100   602632      1       -1       -1       -1  0 1.62100e+11 1.62100e+11 116.207000 6.341000 92.530000  1 0.8200 114.530000 14.35775 42.92419 16.01747 -261.470 -136.890 42.470 -1.051e+11 -4.216e+09 4.652e+10 0.05617 529849 529849 677424 3014 78 529838 529857 6.34079 162060000000 171590000000 133460000000 123930000000 76264000000 27.8905 0 0.05879 0.54429 0.27584 13.4512 19.9776 -3.91621 0.07596 0.01436 19.089 17.6671 -0.59531 0.5725 264800000000 28600000000
 0.8900   585878 0.9000   594278      1       -1       -1       -1  0 1.62100e+11 1.62100e+11 116.668000 7.007000 97.000000  1 0.8200 111.980000 14.39282 42.94014 16.01046 -260.520 -134.220 43.370 -1.088e+11 1.339e+10 9.375e+10 0.06462 529850 529850 677424 3025 77 529838 529857 7.00715 162060000000 171590000000 133460000000 114400000000 57198000000 32.9143 0 0.07397 0.35033 0.17819 7.40459 26.5668 -6.26053 0.17175 0.03255 12.9889 19.8247 -1.13843 0.6361 257700000000 57200000000
 0.8800   577497 0.8900   585878      1       -1       -1       -1  0 1.62100e+11 1.62100e+11 117.128000 14.640000 92.110000  1 0.8200 94.560000 14.43757 42.94385 15.99326 -255.950 -138.640 44.400 -1.165e+11 9.698e+09 1.051e+11 0.04970 529851 529851 677424 3994 76 529838 529857 14.6401 162060000000 171590000000 123930000000 114400000000 0 44.8534 4.63 0.08095 0.15737 0.03393 -4.03519 41.2893 3.71463 0.1421 0.06135 -1.26493 40.8219 8.87275 0.7619 181700000000 104900000000
 0.8700   569039 0.8800   577497      1       -1       -1       -1  0 1.62100e+11 1.52500e+11 115.234000 15.890000 82.350000  1 0.8200 91.270000 14.47350 42.96071 15.98626 -259.880 -135.660 44.560 -8.075e+10 3.182e+10 8.966e+10 0.05185 529852 529852 677424 2998 75 529838 529857 15.8904 152530000000 171590000000 123930000000 95330000000 0 43.9663 5.06 0.07133 0.09231 0.03193 -4.7359 30.5054 0.11744 0.23771 0.07603 -3.50174 27.4851 1.39193 0.6526 163600000000 104900000000
 0.8600   560576 0.8700   569039      1       -1       -1       -1  0 1.62100e+11 1.62100e+11 118.043000 5.414000 81.560000  1 0.8200 122.110000 14.51550 43.02645 15.98600 -255.390 -134.740 39.540 -9.584e+10 5.740e+09 7.101e+10 0.08011 529853 529853 677424 3082 74 529838 529857 5.41401 162060000000 171590000000 152530000000 133460000000 104860000000 8.62889 0 0.06194 0.80232 0.57173 10.3594 7.04383 10.5112 0.73254 0.50408 10.266 3.79066 10.9908 0.3567 284600000000 57200000000
 0.8500   552138 0.8600   560576      1       -1       -1       -1  0 1.62100e+11 1.62100e+11 118.498000 5.295000 83.190000  1 0.8200 123.530000 14.55326 43.04667 15.97952 -255.980 -130.330 40.920 -9.566e+10 5.873e+09 6.849e+10 0.07651 529854 529854 677424 3058 73 529838 529857 5.29499 162060000000 171590000000 142990000000 142990000000 104860000000 8.44497 5.14 0.06134 0.57894 0.34645 13.2723 7.31417 13.4234 0.08858 0.03816 17.4044 -0.19379 11.4807 0.383 283700000000 57200000000
 0.8400   543626 0.8500   552138      1       -1       -1       -1  1 1.62100e+11 1.62100e+11 118.952000 6.013000 78.190000  1 0.8200 120.170000 14.58607 43.06337 15.97428 -255.980 -130.330 40.920 -8.198e+10 1.494e+10 6.854e+10 0.07022 529855 529855 677424 8334 72 529838 529857 6.09735 162060000000 166825000000 142990000000 133460000000 85795500000 9.41445 2.57 0.05685 0.52605 0.266475 11.3682 8.94902 14.1963 0.247995 0.03734 10.9648 7.61501 10.924 0.3544 264450000000 57200000000
 0.8300   535114 0.8400   543626      1       -1       -1       -1  0 1.58900e+11 1.62100e+11 119.403000 6.731000 72.460000  1 0.8200 116.610000 14.63090 43.08921 15.96636 -250.180 -130.220 40.980 -6.831e+10 2.401e+10 6.860e+10 0.06393 529856 529856 677424 991 71 529838 529857 6.7307 162060000000 162060000000 142990000000 123930000000 66731000000 10.3839 0 0.05236 0.47316 0.1865 9.46416 10.5839 14.9692 0.40741 0.03652 4.52511 15.4238 10.3673 0.3258 245200000000 57200000000
 0.8200   526534 0.8300   535114      0       -1       -1       -1  0 1.52500e+11 1.52500e+11 117.455000 7.875000 66.900000  1 0.8200 109.560000 14.67391 43.10812 15.97172 -248.140 -129.300 40.200 -7.146e+10 2.183e+10 7.049e+10 0.07001 529857 529857 677424 3099 70 529838 529857 7.87528 152530000000 162060000000 142990000000 133460000000 0 8.97824 0 0.05991 0.47237 0.12461 4.73318 6.65378 28.8294 0.13186 0 2.77717 7.81701 23.7169 0.3182 221800000000 38130000000
