 1.0000   680744 0.0000       -1      1       -1       -1       -1  0 1.48700e+12 1.40100e+12 228.938000 115.655000 171.620000  1 0.1900 170.400000 40.72163 46.77637 9.51121 151.600 -147.170 178.160 2.903e+12 -2.212e+12 -2.903e+11 0.04296 189792 189792 680744 6259 88 189791 189884 49.8805 1401400000000 1506200000000 1144000000000 533850000000 295520000000 59.8885 14.74 0.04973 0.36753 0.23136 -23.3533 -1.84972 41.8223 0.57178 0.49272 2.82102 10.6039 17.2174 0.5961 1471000000000 1621000000000
 0.9900   672628 1.0000   680744      1       -1       -1       -1  0 1.48700e+12 1.48700e+12 234.501000 33.344000 172.650000  1 0.1900 188.660000 40.68805 46.78314 9.55684 135.120 -160.620 173.250 3.143e+12 -1.212e+12 -2.771e+11 0.03915 189793 189793 680744 6250 87 189791 189884 31.1084 1487100000000 1563400000000 1325100000000 934230000000 0 10.0016 15.24 0.0417 0.37691 0.21417 -37.4386 -4.00111 57.3239 0.07241 0.02681 -7.83045 1.34483 54.9223 0.546 1809000000000 1077000000000
 0.9800   664199 0.9900   672628      2       -1       -1       -1  0 1.48700e+12 1.48700e+12 235.484000 32.602000 177.970000  1 0.1900 193.590000 40.67027 46.80005 9.53670 131.730 -155.230 170.260 3.380e+12 -1.409e+12 -5.090e+11 0.04270 189794 189794 680744 6256 86 189791 189884 27.8408 1496700000000 1553900000000 1363200000000 1048600000000 0 11.7375 16.59 0.04575 0.32904 0.18739 -33.3733 1.61298 53.708 0.53773 0.41076 -37.9233 -1.98585 59.9345 0.5621 1842000000000 1077000000000
 0.9700   655811 0.9800   664199      1       -1       -1       -1  0 1.48700e+12 1.48700e+12 236.466000 58.074000 182.630000  1 0.1900 177.540000 40.62160 46.81970 9.58757 123.330 -165.610 177.720 3.604e+12 -3.018e+12 4.099e+11 0.04976 189795 189795 680744 5261 85 189874 189873 46.9376 1496700000000 1544300000000 1267900000000 667310000000 276460000000 62.592 21.89 0.05857 0.29177 0.23877 -27.7271 -1.07141 49.1626 0.69129 0.63145 -15.0839 -5.01068 16.978 0.619 1585000000000 1449000000000
 0.9700   655812 0.9800   664199      1   655811   655811       -1  0 3.90800e+11 3.90800e+11 151.468000 8.345000 110.400000  0 0.8700 149.670000 40.68421 46.82478 9.45705 138.980 -131.370 161.960 -2.674e+11 1.420e+11 1.123e+11 0.04766 189796 189874 680744 5260 85 189791 189884 8.34488 1325100000000 1325100000000 1229800000000 619640000000 238320000000 2.31828 0 0.03718 0.72772 0.59924 12.3083 9.58313 16.1515 0.58717 0.31595 18.2522 7.60773 15.4163 0.388 710000000000 133500000000
 0.9600   647469 0.9700   655811      1       -1       -1       -1  0 1.48067e+12 1.48700e+12 237.446000 42.496000 189.940000  1 0.1900 185.470000 40.60373 46.83850 9.55535 122.310 -159.470 178.530 3.284e+12 -2.286e+12 3.607e+10 0.04339 189797 189796 680744 6299 84 189791 189873 36.3683 1496700000000 1544300000000 1344200000000 753110000000 352720000000 55.9432 21.57 0.04982 0.27231 0.25455 -22.7219 2.34975 36.7185 0.60514 0.47474 -15.741 -4.25443 17.5997 0.6245 1705000000000 1287000000000
 0.9600   647470 0.9700   655812      1   647469   647469   655811  0 3.84467e+11 3.81300e+11 150.849000 7.916000 110.750000  1 0.8700 150.930000 40.66465 46.83915 9.43616 144.170 -125.670 134.840 -2.402e+11 1.038e+11 3.807e+10 0.04053 189798 189875 680744 6298 84 189791 189884 7.91629 1353700000000 1353700000000 1277400000000 619640000000 257390000000 7.06764 3.63 0.03182 0.92839 0.69099 17.6939 7.29053 4.13468 0.91808 0.65034 15.5436 9.3609 6.6772 0.3945 705500000000 95330000000
 0.9500   639141 0.9600   647469      1       -1       -1       -1  0 1.47767e+12 1.46800e+12 237.401000 51.176000 196.680000  1 0.1900 186.580000 40.58015 46.84970 9.53701 118.850 -159.800 182.740 3.518e+12 -2.195e+12 1.113e+12 0.04459 189799 189797 680744 6301 83 189791 189873 34.922 1477600000000 1534800000000 1353700000000 753110000000 352720000000 58.3002 25.81 0.05479 0.29458 0.21082 -23.0811 1.15246 36.2726 0.84572 0.75864 11.8183 8.67458 -12.7642 0.6725 1699000000000 1392000000000
 0.9500   639142 0.9600   647470      1   639141   639141   647469  0 3.84467e+11 3.81300e+11 151.471000 7.213000 120.330000  1 0.8700 155.630000 40.65290 46.85027 9.42522 153.820 -100.840 124.090 -2.520e+11 7.111e+09 -3.626e+10 0.03909 189800 189876 680744 6300 83 189791 189884 7.21339 1353700000000 1353700000000 1334600000000 695910000000 362250000000 4.00097 7.37 0.03075 0.88987 0.48139 19.507 -4.53808 -9.90919 0.90357 0.44442 19.8542 -3.72192 -7.92547 0.4313 740800000000 114400000000
 0.9400   630827 0.9500   639141      1       -1       -1       -1  0 1.46500e+12 1.47800e+12 238.889000 25.362000 203.080000  1 0.1900 195.710000 40.57664 46.88353 9.51628 125.100 -155.430 186.030 3.427e+12 -1.643e+12 4.853e+11 0.04047 189801 189798 680744 6315 82 189791 189873 28.1801 1477600000000 1525300000000 1353700000000 1001000000000 305060000000 52.0337 24.47 0.04853 0.26549 0.14786 -25.9677 10.5027 52.3424 0.40829 0.21744 -15.16 0.70059 27.0924 0.6748 1786000000000 695900000000
 0.9400   630828 0.9500   639142      1   630827   630827   639141  0 4.63900e+11 3.90800e+11 153.349000 5.994000 137.240000  1 0.8700 166.830000 40.63990 46.86150 9.41197 176.420 -100.610 89.950 -1.079e+11 -5.420e+10 9.588e+10 0.02274 189802 189877 680744 6314 82 189791 189884 5.99416 1372800000000 1372800000000 1334600000000 791240000000 400390000000 10.5515 0 0.01792 0.69905 0.40862 15.9145 -7.32061 -11.2156 0.71036 0.25511 16.0949 -7.98406 -9.55122 0.4916 822900000000 133500000000
 0.9300   622500 0.9400   630827      1       -1       -1       -1  0 1.45867e+12 1.44900e+12 238.304000 32.504000 207.030000  1 0.1900 196.020000 40.61865 46.87284 9.39712 141.490 -144.890 159.920 3.765e+12 -1.943e+12 6.981e+11 0.04863 189803 189799 680744 6335 81 189791 189873 27.4632 1449000000000 1534800000000 1306000000000 943770000000 438520000000 62.1256 14.16 0.05638 0.37198 0.22545 -13.8057 12.3305 38.0113 0.57671 0.33347 -9.28482 9.34125 22.021 0.6708 1672000000000 1020000000000
 0.9300   622501 0.9400   630828      1   622500   622500   630827  0 5.57100e+11 6.19600e+11 179.538000 12.795000 168.420000  1 0.8700 165.100000 40.56615 46.89727 9.49482 53.710 -174.130 249.100 5.618e+11 -3.616e+11 1.535e+11 0.02983 189804 189878 680744 6336 81 189791 189884 12.7947 1458500000000 1458500000000 1363200000000 1172600000000 333650000000 22.9927 0 0.03709 0.91876 0.80357 -12.9387 -1.53343 19.8703 0.84214 0.72907 14.7662 7.47498 12.6996 0.7345 843600000000 286000000000
 0.9200   614154 0.9300   622500      1       -1       -1       -1  0 1.45867e+12 1.44900e+12 239.269000 21.341000 208.180000  1 0.1900 203.200000 40.59119 46.88519 9.39007 147.070 -150.970 155.410 3.236e+12 -2.254e+12 6.904e+11 0.04996 189805 189800 680744 6351 80 189791 189873 23.7051 1449000000000 1515700000000 1306000000000 1105800000000 419450000000 50.3626 15.06 0.05275 0.45246 0.27895 -5.06011 10.8145 26.683 0.42046 0.26953 -6.98714 7.96867 21.033 0.6306 1816000000000 667300000000
 0.9200   614155 0.9300   622501      1   614154   614154   622500  1 6.60933e+11 6.60900e+11 184.282000 15.561000 163.090000  1 0.8700 163.550000 40.56057 46.91663 9.46587 45.730 -169.760 264.650 6.229e+11 -1.653e+11 -9.310e+10 0.03183 189806 189879 680744 8227 80 189791 189884 16.5404 1458500000000 1458500000000 1353667000000 1159867000000 378140000000 19.4757 0 0.0378367 0.882273 0.719973 -11.3398 2.34347 21.2239 0.735917 0.59422 6.479 8.01924 14.5858 0.690767 854666700000 336833300000
 0.9100   605784 0.9200   614154      1       -1       -1       -1  0 1.45867e+12 1.45900e+12 240.757000 15.081000 205.870000  1 0.1900 209.980000 40.56355 46.89824 9.38488 139.190 -157.160 150.780 3.709e+12 -2.090e+12 7.433e+11 0.05570 189807 189801 680744 6368 79 189791 189873 21.1857 1458500000000 1496700000000 1334600000000 1144000000000 486180000000 39.5741 14.07 0.05652 0.58587 0.35773 1.31715 18.2807 28.2861 0.60455 0.29019 3.71938 15.9199 22.889 0.605 1945000000000 495700000000
 0.9100   605785 0.9200   614155      1   605784   605784   614154  2 7.02267e+11 7.02300e+11 188.793000 18.328000 157.380000  1 0.8700 161.970000 40.55584 46.93544 9.43425 37.530 -158.990 287.650 6.840e+11 3.107e+10 -3.397e+11 0.03382 189808 189880 680744 8138 79 189791 189884 19.089 1458500000000 1458500000000 1344133000000 1147133000000 422630000000 15.9587 0 0.0385833 0.845787 0.636377 -9.74091 6.22037 22.5775 0.629693 0.45937 -1.80818 8.5635 16.4721 0.647033 865733300000 387666700000
 0.9000   597409 0.9100   605784      1       -1       -1       -1  0 1.44900e+12 1.46800e+12 242.245000 11.132000 197.100000  1 0.1900 209.400000 40.54153 46.92437 9.38407 129.430 -157.570 145.900 3.650e+12 -1.611e+12 2.385e+11 0.05465 189809 189802 680744 6369 78 189791 189873 22.1064 1468100000000 1496700000000 1334600000000 1182100000000 543380000000 26.0661 15.3 0.05188 0.82769 0.5385 -1.14115 16.8705 24.3748 0.81464 0.36862 11.462 14.4684 20.147 0.5504 1941000000000 400400000000
 0.9000   597410 0.9100   605785      1   597409   597409   605784  0 6.66267e+11 7.43600e+11 193.099000 21.094000 151.230000  1 0.8700 160.360000 40.56604 46.94948 9.39691 90.070 -134.630 276.310 7.451e+11 2.274e+11 -5.863e+11 0.03582 189810 189881 680744 6370 78 189791 189884 21.0944 1458500000000 1458500000000 1334600000000 1134400000000 467120000000 12.4417 0 0.03933 0.8093 0.55278 -8.14202 10.0973 23.931 0.52347 0.32452 -10.0953 9.10776 18.3583 0.6033 876800000000 438500000000
 0.8900   588998 0.9000   597409      1       -1       -1       -1  0 1.42333e+12 1.42000e+12 240.545000 13.902000 187.100000  1 0.1900 211.770000 40.55620 46.97470 9.36643 118.650 -152.720 152.190 2.789e+12 -1.237e+12 3.005e+11 0.04409 189811 189803 680744 6413 77 189791 189873 20.2806 1429900000000 1506200000000 1344200000000 1105800000000 362250000000 27.3396 14.82 0.0422 0.7599 0.61136 23.9062 5.39344 -21.7251 0.67311 0.34668 21.5017 11.1289 -17.1938 0.5334 1875000000000 371800000000
 0.8900   588999 0.9000   597410      1   588998   588998   597409  0 6.92733e+11 5.52900e+11 175.635000 11.753000 128.940000  1 0.8700 163.820000 40.52047 46.94957 9.38294 168.240 -193.300 17.120 -1.516e+11 3.355e+11 1.234e+11 0.02944 189812 189882 680744 6414 77 189791 189884 11.7526 1391800000000 1391800000000 1334600000000 1134400000000 486180000000 9.67205 0 0.02575 0.7417 0.55366 -4.4882 5.72531 17.2279 0.68685 0.41411 -3.18148 4.97441 14.9783 0.4556 733300000000 247900000000
 0.8800   580615 0.8900   588998      1       -1       -1       -1  0 1.39467e+12 1.38200e+12 239.313000 43.856000 179.200000  1 0.1900 197.570000 40.49435 46.97601 9.38678 124.910 -152.840 146.180 3.249e+12 -1.817e+12 6.962e+11 0.05589 189813 189804 680744 6385 76 189791 189873 26.8083 1382300000000 1496700000000 1334600000000 1039100000000 343190000000 35.4631 12.16 0.05475 0.60461 0.42702 -22.1651 -4.00691 29.0135 0.56333 0.3003 -19.5022 -4.74884 22.0191 0.5274 1685000000000 1239000000000
 0.8800   580616 0.8900   588999      1   580615   580615   588998  0 6.16467e+11 7.81700e+11 197.901000 25.210000 132.320000  1 0.8700 159.170000 40.53764 46.99103 9.33476 102.530 -111.500 256.610 6.533e+11 -1.224e+11 -7.189e+11 0.03772 189814 189883 680744 6386 76 189791 189884 25.2097 1410900000000 1439500000000 1325100000000 1077200000000 200190000000 12.0299 0 0.0366 0.72323 0.6649 4.38232 -0.93801 33.3536 0.69146 0.5274 -1.0412 -1.41187 27.9446 0.4632 837400000000 495700000000
 0.8700   572142 0.8800   580615      1       -1       -1       -1  0 1.36933e+12 1.38200e+12 240.249000 52.290000 171.470000  1 0.1900 193.030000 40.52116 47.00841 9.29590 119.330 -146.230 164.140 2.904e+12 -1.614e+12 3.020e+11 0.04754 189815 189805 680744 5453 75 189791 189873 30.7449 1382300000000 1449000000000 1315600000000 943770000000 142990000000 36.7379 9.24 0.0484 0.45835 0.31803 -20.2876 2.54508 50.8479 0.41134 0.1301 -3.49498 6.66048 38.2519 0.5247 1606000000000 1335000000000
 0.8700   572143 0.8800   580616      0   572142   572142   580615  0 5.14800e+11 5.14800e+11 172.850000 12.140000 121.410000  1 0.8700 159.160000 40.47506 47.01085 9.38309 148.670 -208.580 25.470 -2.886e+11 1.705e+11 -1.869e+10 0.03087 189816 189884 680744 5452 75 189791 189884 12.1395 1344200000000 1344200000000 1267900000000 810300000000 305060000000 9.37586 0 0.02527 0.8267 0.54923 -3.74509 -1.25474 16.5389 0.89855 0.40848 -8.78569 -3.97689 10.2134 0.3978 656600000000 238300000000
 0.8600   563683 0.8700   572142      1       -1       -1       -1  0 1.32167e+12 1.34400e+12 238.944000 78.904000 165.650000  1 0.1900 180.180000 40.44621 47.03976 9.37744 126.790 -160.520 132.940 3.520e+12 -2.072e+12 1.234e+12 0.05936 189817 189806 680744 6497 74 189791 189873 44.1478 1344200000000 1468100000000 1210700000000 533850000000 228790000000 65.6371 21.65 0.06512 0.37041 0.28469 -23.9867 7.24469 34.5974 0.82438 0.58397 12.8138 5.45175 -9.42862 0.549 1397000000000 1525000000000
 0.8500   555248 0.8600   563683      1       -1       -1       -1  0 1.19467e+12 1.23900e+12 233.458000 226.253000 161.680000  1 0.1900 167.870000 40.42436 47.07251 9.38078 131.100 -165.340 121.810 3.092e+12 -1.497e+12 1.372e+12 0.05336 189818 189807 680744 6464 73 189791 189873 64.1254 1239300000000 1420400000000 848440000000 448050000000 276460000000 79.8023 29.39 0.06489 0.27159 0.20477 -33.5477 14.9625 49.4586 0.92936 0.59393 16.1548 -8.16803 -0.4763 0.5997 1215000000000 1563000000000
 0.8400   546749 0.8500   555248      1       -1       -1       -1  0 9.91333e+11 1.00100e+12 218.248000 40.495000 156.420000  1 0.1900 166.950000 40.41078 47.11014 9.37939 128.500 -167.020 123.630 1.399e+12 -1.666e+12 8.745e+11 0.04750 189819 189808 680744 6536 72 189791 189873 36.8139 1001000000000 1353700000000 533850000000 409920000000 238320000000 73.4668 4.97 0.05896 0.2783 0.24027 -19.2182 12.0162 34.6007 0.85941 0.76098 13.5405 -10.8049 -2.25727 0.6246 1133000000000 591000000000
 0.8300   538229 0.8400   546749      1       -1       -1       -1  0 7.84867e+11 7.34000e+11 197.558000 15.491000 141.790000  1 0.1900 177.040000 40.38715 47.13195 9.36187 119.800 -179.080 94.710 1.018e+11 -8.025e+11 2.065e+11 0.03624 189820 189809 680744 6522 71 189791 189873 15.4911 734040000000 1258400000000 533850000000 419450000000 285990000000 40.6244 5.29 0.03534 0.67378 0.38013 -3.27282 7.04906 25.4014 0.81833 0.48581 14.871 1.49876 10.4487 0.5036 1094000000000 324100000000
 0.8200   529635 0.8300   538229      1       -1       -1       -1  0 6.51400e+11 6.19600e+11 187.413000 13.168000 132.250000  1 0.1900 172.720000 40.36919 47.16164 9.36359 111.690 -188.100 79.250 -1.805e+11 -3.743e+11 2.456e+11 0.03115 189821 189810 680744 5525 70 189791 189873 13.1675 619640000000 810300000000 467120000000 409920000000 276460000000 35.8402 7.12 0.02722 0.80744 0.45235 2.94381 1.52091 22.479 0.81277 0.42796 18.9643 0.54713 3.65573 0.4372 983200000000 276500000000
 0.8100   520988 0.8200   529635      1       -1       -1       -1  0 5.75133e+11 6.00600e+11 186.163000 12.069000 129.750000  1 0.1900 175.280000 40.35529 47.19239 9.34083 112.320 -182.830 82.680 1.322e+10 -1.846e+11 1.429e+11 0.01727 189822 189811 680744 6578 69 189791 189873 12.0692 600580000000 743570000000 467120000000 409920000000 285990000000 21.7347 0 0.01395 0.71535 0.58685 11.3886 -5.39501 9.45944 0.66721 0.41465 11.6501 -4.95966 7.74435 0.3898 954800000000 247900000000
 0.8000   512309 0.8100   520988      1       -1       -1       -1  0 5.72000e+11 5.05200e+11 176.391000 10.942000 115.590000  1 0.1900 168.140000 40.32987 47.22038 9.31731 105.290 -186.870 67.270 -2.953e+10 1.336e+11 -8.266e+10 0.01705 189823 189812 680744 5594 68 189791 189873 10.942 581510000000 695910000000 505250000000 419450000000 305060000000 4.61241 0 0.01277 0.89508 0.73547 -1.16759 -0.31989 14.5196 0.97557 0.72604 -2.43942 0.64015 12.6796 0.323 684500000000 190700000000
 0.7900   503666 0.8000   512309      1       -1       -1       -1  0 5.72000e+11 5.33800e+11 180.317000 11.654000 113.260000  1 0.1900 170.160000 40.30110 47.25819 9.30827 103.860 -180.880 78.080 -2.042e+11 3.234e+11 -8.429e+10 0.03699 189824 189813 680744 6595 67 189791 189873 11.6541 552910000000 591050000000 505250000000 419450000000 247860000000 8.14973 0 0.02868 0.88996 0.56566 20.2138 -4.28382 -14.8961 0.80645 0.37339 -11.8165 9.10869 17.4779 0.319 703400000000 238300000000
 0.7800   495031 0.7900   503666      1       -1       -1       -1  0 5.72000e+11 5.52900e+11 183.102000 13.327000 106.860000  1 0.1900 167.730000 40.29034 47.28878 9.27807 101.560 -179.450 80.540 -4.513e+10 3.090e+11 -1.854e+11 0.03219 189825 189814 680744 5574 66 189791 189873 13.3266 571980000000 581510000000 514780000000 428980000000 209730000000 12.5061 0 0.0252 0.70242 0.55492 23.6684 -1.73476 5.97952 0.54945 0.51006 19.6539 -3.58341 5.90831 0.2914 702600000000 238300000000
 0.7700   486349 0.7800   495031      1       -1       -1       -1  0 5.72000e+11 5.72000e+11 185.849000 17.159000 107.940000  1 0.1900 160.890000 40.27576 47.31810 9.26618 99.340 -174.830 88.400 -1.995e+11 4.529e+11 -1.543e+11 0.04300 189826 189815 680744 6609 65 189791 189873 17.1592 571980000000 581510000000 524310000000 457580000000 228790000000 12.4485 0 0.03415 0.8542 0.52549 28.2582 -1.0439 8.07587 0.56001 0.36863 22.3213 -4.73533 17.9472 0.2938 674600000000 286000000000
 0.7600   477650 0.7700   486349      1       -1       -1       -1  0 5.72000e+11 5.62500e+11 185.470000 19.479000 108.400000  1 0.1900 156.180000 40.25363 47.35160 9.24535 96.430 -174.180 88.120 -2.949e+11 4.416e+11 -8.281e+10 0.04607 189827 189816 680744 6659 64 189791 189873 19.4792 571980000000 581510000000 552910000000 438520000000 200190000000 14.9721 0 0.03659 0.89696 0.48293 19.8697 -2.9923 12.4355 0.6425 0.38811 12.7937 -5.20071 15.281 0.296 660100000000 295500000000
 0.7500   468930 0.7600   477650      1       -1       -1       -1  0 5.72000e+11 5.43400e+11 183.997000 16.074000 109.390000  1 0.1900 161.770000 40.22119 47.38456 9.22798 96.080 -174.360 91.780 -3.460e+11 4.859e+11 -7.149e+10 0.05524 189828 189817 680744 6663 63 189791 189873 16.0745 562450000000 581510000000 562450000000 448050000000 228790000000 18.5059 0 0.04353 0.82218 0.45036 23.016 4.1526 -5.79119 0.72955 0.44954 20.4355 2.88299 -5.89921 0.3 618100000000 266900000000
 0.7400   460127 0.7500   468930      1       -1       -1       -1  0 5.72000e+11 5.72000e+11 187.824000 11.397000 119.530000  1 0.1900 181.330000 40.21291 47.41781 9.20907 93.360 -164.860 90.910 -2.650e+11 4.306e+11 -8.781e+10 0.04516 189829 189818 680744 6690 62 189791 189873 11.397 571980000000 581510000000 562450000000 438520000000 276460000000 14.4795 0 0.03431 0.89545 0.54759 21.9787 3.42571 1.81511 0.87813 0.54264 16.7201 8.36916 -7.37837 0.3139 753900000000 228800000000
 0.7300   451304 0.7400   460127      1       -1       -1       -1  0 5.72000e+11 5.72000e+11 188.473000 10.969000 130.590000  1 0.1900 184.310000 40.19576 47.45061 9.18593 89.750 -164.270 90.930 -2.725e+11 4.187e+11 -1.390e+11 0.04732 189830 189819 680744 5651 61 189791 189873 10.9693 571980000000 581510000000 543380000000 457580000000 324120000000 14.495 0 0.03485 0.65042 0.51219 20.73 2.91343 0.51704 0.60529 0.49615 18.7884 4.41168 -1.10162 0.3377 833400000000 238300000000
 0.7200   442460 0.7300   451304      1       -1       -1       -1  0 5.56100e+11 5.72000e+11 189.117000 8.365000 134.990000  1 0.1900 200.180000 40.17480 47.48558 9.17885 86.890 -161.830 90.450 -2.651e+11 4.139e+11 -1.383e+11 0.04741 189831 189820 680744 6764 60 189791 189873 8.36533 571980000000 591050000000 505250000000 467120000000 381320000000 1.79689 1.56 0.03448 0.73251 0.42655 18.6401 -0.00219 4.94216 0.73412 0.41867 17.2768 -0.02771 5.81895 0.347 978300000000 219300000000
 0.7100   433556 0.7200   442460      1       -1       -1       -1  0 5.40200e+11 5.24300e+11 184.332000 8.919000 132.640000  1 0.1900 190.490000 40.14146 47.51601 9.15042 85.150 -155.200 93.630 -1.718e+11 3.175e+11 -8.107e+10 0.04184 189832 189821 680744 5720 59 189791 189873 8.919 524310000000 581510000000 495720000000 457580000000 305060000000 14.2984 0 0.02905 0.72385 0.53374 16.8947 5.16903 -4.75063 0.72727 0.47297 16.2692 6.57968 -4.52961 0.3288 819100000000 200200000000
 0.7000   424588 0.7100   433556      1       -1       -1       -1  0 5.21133e+11 5.24300e+11 184.947000 9.483000 121.540000  1 0.1900 188.400000 40.11716 47.55424 9.13498 83.390 -152.820 93.850 -1.664e+11 3.150e+11 -8.158e+10 0.03945 189833 189822 680744 6807 58 189791 189873 9.48347 524310000000 562450000000 486180000000 457580000000 343190000000 16.2507 0 0.02884 0.6992 0.48928 18.7218 6.16993 -0.59845 0.69118 0.45703 17.3837 7.05045 -0.02242 0.3139 817500000000 152500000000
 0.6900   415592 0.7000   424588      1       -1       -1       -1  0 5.17967e+11 5.14800e+11 184.427000 10.996000 116.630000  1 0.1900 180.630000 40.08776 47.58414 9.11347 84.120 -148.940 97.340 -1.241e+11 2.701e+11 -1.697e+10 0.03270 189834 189823 680744 6835 57 189791 189873 10.9959 514780000000 543380000000 486180000000 381320000000 276460000000 26.5079 0 0.02437 0.76946 0.56115 18.6718 4.14419 -2.78935 0.95044 0.68337 14.6593 -0.91398 0.20962 0.3053 696000000000 219300000000
 0.6800   406594 0.6900   415592      1       -1       -1       -1  0 5.11600e+11 5.14800e+11 185.028000 13.026000 108.910000  1 0.1900 173.890000 40.06696 47.62039 9.08306 83.420 -146.860 96.430 -1.111e+11 2.143e+11 -3.093e+10 0.02611 189835 189824 680744 6851 56 189791 189873 13.0258 514780000000 514780000000 505250000000 343190000000 209730000000 22.1015 0 0.02003 0.68975 0.52848 18.9012 -0.96111 0.93153 0.84708 0.56435 14.0815 -3.44662 4.61739 0.2881 650400000000 209700000000
 0.6700   397590 0.6800   406594      1       -1       -1       -1  0 5.02067e+11 5.05200e+11 184.470000 18.942000 95.320000  1 0.1900 158.870000 40.04182 47.67240 9.07504 82.260 -143.050 96.130 -1.129e+11 2.166e+11 1.601e+10 0.02547 189836 189825 680744 6814 55 189791 189873 18.9416 514780000000 533850000000 486180000000 314590000000 181130000000 29.9084 0 0.0209 0.791 0.49332 30.2401 5.8775 -3.94398 0.66966 0.61647 18.5301 8.82632 14.9632 0.2651 520700000000 257400000000
 0.6600   388673 0.6700   397590      1       -1       -1       -1  0 4.86167e+11 4.86200e+11 182.699000 21.213000 88.110000  1 0.1900 153.700000 40.00848 47.70871 9.05013 82.550 -141.230 98.300 -8.009e+10 1.274e+11 -3.529e+10 0.01692 189837 189826 680744 6878 54 189791 189873 21.2127 495720000000 495720000000 409920000000 276460000000 142990000000 36.5223 0 0.01416 0.62675 0.49873 28.1085 3.65388 -8.69016 0.8541 0.51709 15.5859 7.61975 -11.6947 0.2455 435800000000 247900000000
 0.6500   379647 0.6600   388673      1       -1       -1       -1  0 4.86167e+11 4.57600e+11 179.605000 19.937000 87.400000  1 0.1900 152.970000 39.99370 47.74666 9.02687 84.360 -134.830 99.710 -5.191e+10 1.236e+11 -2.305e+10 0.01706 189838 189827 680744 5791 53 189791 189873 19.9366 457580000000 495720000000 419450000000 257390000000 133460000000 25.2517 0 0.01387 0.76975 0.2656 15.5663 6.46203 6.95881 0.9083 0.29623 -2.88933 -5.94446 13.2359 0.2334 461700000000 238300000000
 0.6400   370581 0.6500   379647      1       -1       -1       -1  0 4.86167e+11 4.19400e+11 175.010000 12.484000 90.230000  1 0.1900 165.810000 39.96778 47.78694 8.99852 88.970 -130.970 99.050 -5.929e+10 1.101e+11 -7.776e+10 0.02244 189839 189828 680744 5789 52 189791 189873 12.4837 419450000000 428980000000 371790000000 238320000000 190660000000 24.2132 3.11 0.01746 0.59154 0.3333 16.5962 -1.70299 13.6334 0.39714 0.21165 17.3718 -1.8559 13.1021 0.2344 475600000000 190700000000
 0.6300   361480 0.6400   370581      1       -1       -1       -1  0 4.86167e+11 3.81300e+11 170.053000 10.767000 91.280000  1 0.1900 166.730000 39.94909 47.83026 8.97690 80.130 -135.600 98.270 -1.796e+11 1.607e+11 8.454e+10 0.04827 189840 189829 680744 6902 51 189791 189873 10.7666 381320000000 409920000000 324120000000 295520000000 219260000000 20.3501 3.7 0.03572 0.70618 0.44926 5.56284 13.7334 15.0849 0.45182 0.30333 11.6376 12.2468 6.63811 0.2246 502300000000 143000000000
 0.6200   352387 0.6300   361480      1       -1       -1       -1  0 4.86167e+11 3.71800e+11 169.130000 10.978000 91.570000  1 0.1900 165.320000 39.92596 47.86543 8.94117 74.780 -130.630 96.130 -1.997e+11 1.773e+11 8.118e+10 0.05730 189841 189830 680744 7058 50 189791 189873 10.9782 371790000000 381320000000 333650000000 305060000000 200190000000 13.7218 0 0.04099 0.76707 0.48314 -4.17334 10.0968 17.8315 0.75005 0.45529 -5.53153 8.11453 16.673 0.2149 473700000000 152500000000
 0.6100   343255 0.6200   352387      1       -1       -1       -1  0 4.86167e+11 3.71800e+11 169.629000 9.353000 95.550000  1 0.1900 173.910000 39.91101 47.90340 8.90289 73.990 -131.850 98.630 -1.921e+11 1.706e+11 8.157e+10 0.05516 189842 189831 680744 7086 49 189791 189873 9.35302 371790000000 371790000000 352720000000 305060000000 238320000000 8.33189 5.29 0.03986 0.71189 0.42584 20.1089 6.23175 -1.5445 0.59795 0.37292 20.3501 6.24991 -2.37548 0.2333 544000000000 95330000000
 0.6000   334124 0.6100   343255      1       -1       -1       -1  0 4.86167e+11 3.62300e+11 168.655000 9.656000 95.150000  1 0.1900 171.800000 39.88831 47.94274 8.87775 70.200 -125.670 95.880 -2.149e+11 1.464e+11 1.024e+11 0.06020 189843 189832 680744 6970 48 189791 189873 9.65602 362250000000 371790000000 333650000000 285990000000 171590000000 4.48996 0 0.04344 0.53962 0.27768 20.3913 -0.15142 11.6517 0.41683 0.18149 22.5068 -0.24562 12.4507 0.2335 531500000000 133500000000
 0.5900   324964 0.6000   334124      1       -1       -1       -1  0 4.86167e+11 3.62300e+11 169.137000 11.718000 84.310000  1 0.1900 164.470000 39.86764 47.98504 8.84883 66.970 -124.850 92.380 -7.087e+10 1.701e+11 -1.113e+10 0.03942 189844 189833 680744 7157 47 189791 189873 11.7183 362250000000 371790000000 324120000000 285990000000 162060000000 8.25055 0 0.0289 0.81111 0.68809 10.4687 -4.47359 17.167 0.73821 0.60385 12.9438 -4.43256 15.6906 0.1954 466500000000 152500000000
 0.5800   315719 0.5900   324964      1       -1       -1       -1  0 4.86167e+11 3.43200e+11 166.582000 11.201000 85.250000  1 0.1900 163.960000 39.84113 48.03138 8.81430 66.530 -122.070 93.360 -7.316e+10 1.629e+11 -1.350e+10 0.04384 189845 189834 680744 7169 46 189791 189873 11.2009 343190000000 343190000000 333650000000 266920000000 142990000000 9.44946 0 0.03089 0.76703 0.71693 -2.67148 -0.79697 17.2118 0.75613 0.71182 4.23727 -3.32201 14.4396 0.1896 424800000000 143000000000
 0.5700   306491 0.5800   315719      1       -1       -1       -1  0 4.86167e+11 3.43200e+11 167.041000 10.964000 84.080000  1 0.1900 166.200000 39.81843 48.07548 8.78444 63.740 -118.820 92.450 -7.369e+10 1.575e+11 -8.899e+09 0.04260 189846 189835 680744 7170 45 189791 189873 10.9643 343190000000 343190000000 305060000000 285990000000 152530000000 12.3424 0 0.03026 0.70361 0.50058 12.67 3.91285 -9.01581 0.61524 0.37686 14.174 2.5321 -5.56745 0.1876 401500000000 133500000000
 0.5600   297251 0.5700   306491      1       -1       -1       -1  0 4.86167e+11 3.14600e+11 162.705000 9.786000 81.230000  1 0.1900 166.480000 39.79216 48.12049 8.74989 62.570 -118.630 88.190 -3.894e+10 7.395e+10 4.802e+10 0.02788 189847 189836 680744 6983 44 189791 189873 9.78606 314590000000 324120000000 295520000000 285990000000 181130000000 7.98128 0 0.01951 0.84852 0.78746 18.8522 -0.59092 -7.96207 0.7344 0.22361 21.5349 -3.57752 2.52768 0.1768 417700000000 123900000000
 0.5500   288010 0.5600   297251      1       -1       -1       -1  0 4.86167e+11 3.33700e+11 166.367000 11.472000 79.870000  1 0.1900 165.040000 39.76854 48.16008 8.72277 60.650 -116.430 85.540 -3.177e+10 5.351e+10 5.289e+10 0.02118 189848 189837 680744 6973 43 189791 189873 11.4722 333650000000 343190000000 314590000000 266920000000 181130000000 11.0791 1.86 0.0151 0.67148 0.56206 -2.80734 -7.93 16.6322 0.71196 0.56716 -0.81901 -6.42381 15.1132 0.1678 410100000000 143000000000
 0.5400   278795 0.5500   288010      1       -1       -1       -1  0 4.86167e+11 3.43200e+11 168.373000 13.698000 78.430000  1 0.1900 161.110000 39.74933 48.20785 8.68860 56.680 -112.630 83.380 -7.835e+10 5.164e+10 2.547e+10 0.02374 189849 189838 680744 7106 42 189791 189873 13.6979 343190000000 352720000000 333650000000 257390000000 142990000000 6.32353 0 0.01729 0.75873 0.49883 2.97076 -8.07922 26.2134 0.7538 0.55223 1.02635 -7.62803 23.0522 0.1648 402000000000 162100000000
 0.5300   269555 0.5400   278795      1       -1       -1       -1  0 4.86167e+11 3.71800e+11 173.366000 13.881000 76.670000  1 0.1900 167.450000 39.72126 48.24188 8.66545 56.740 -110.040 80.750 -1.067e+11 9.416e+10 -2.084e+09 0.02899 189850 189839 680744 7112 41 189791 189873 13.8806 371790000000 371790000000 324120000000 238320000000 152530000000 22.9393 0 0.02232 0.61152 0.40625 13.4711 -2.28982 22.885 0.48132 0.39882 14.1507 -1.60001 17.3408 0.1639 370000000000 152500000000
 0.5200   260321 0.5300   269555      1       -1       -1       -1  0 4.86167e+11 3.71800e+11 173.797000 13.866000 74.140000  1 0.1900 168.990000 39.69678 48.29722 8.62001 56.540 -110.480 79.200 -1.367e+11 3.404e+10 5.020e+09 0.02937 189851 189840 680744 5954 40 189791 189873 13.8662 371790000000 371790000000 352720000000 266920000000 152530000000 13.2275 0 0.0223 0.62505 0.37134 20.301 6.26484 17.0354 0.56843 0.14602 14.8642 6.23186 17.3425 0.1501 369400000000 152500000000
 0.5100   251040 0.5200   260321      1       -1       -1       -1  0 4.86167e+11 4.00400e+11 178.577000 20.793000 73.630000  1 0.1900 160.400000 39.70433 48.33112 8.56277 51.900 -106.420 75.570 -1.466e+11 7.387e+10 1.025e+10 0.02919 189852 189841 680744 5906 39 189791 189873 20.7926 400390000000 400390000000 371790000000 266920000000 133460000000 20.0216 0 0.0232 0.62359 0.36296 25.4139 -13.2086 -17.0207 0.50753 0.25121 21.4557 -12.9897 -17.294 0.1496 361600000000 219300000000
 0.5000   241870 0.5100   251040      1       -1       -1       -1  0 4.86167e+11 4.00400e+11 179.000000 19.753000 75.880000  1 0.1900 163.630000 39.66982 48.39078 8.52793 52.160 -103.520 72.710 -1.698e+11 9.833e+10 -2.820e+10 0.03685 189853 189842 680744 5908 38 189791 189873 19.7525 400390000000 400390000000 390850000000 247860000000 123930000000 17.6577 0 0.0282 0.33976 0.19759 21.1789 10.588 22.749 0.34964 0.1488 16.1677 8.67823 18.8705 0.1459 375600000000 209700000000
 0.4900   232672 0.5000   241870      1       -1       -1       -1  0 4.86167e+11 4.00400e+11 179.415000 24.180000 71.780000  1 0.1900 158.600000 39.65290 48.44433 8.48754 49.280 -103.010 71.100 -1.392e+11 8.884e+10 -2.315e+10 0.03061 189854 189843 680744 6982 37 189791 189873 24.1799 400390000000 400390000000 371790000000 257390000000 114400000000 27.0656 0 0.02393 0.41914 0.31904 24.6364 13.243 33.3469 0.40608 0.08238 26.612 10.1034 22.5923 0.1353 385600000000 247900000000
 0.4800   223518 0.4900   232672      1       -1       -1       -1  0 4.86167e+11 4.09900e+11 181.235000 24.856000 73.790000  1 0.1900 160.790000 39.64468 48.49171 8.44884 47.800 -99.120 66.660 -1.579e+11 1.846e+11 -6.995e+10 0.04449 189855 189844 680744 6993 36 189791 189873 24.8565 409920000000 409920000000 371790000000 266920000000 133460000000 32.4787 1.28 0.03521 0.55087 0.32179 13.0204 11.4866 34.6161 0.35733 0.26435 17.5877 14.3091 26.3104 0.1419 387800000000 257400000000
 0.4700   214383 0.4800   223518      1       -1       -1       -1  0 4.86167e+11 4.48100e+11 187.099000 28.298000 76.650000  1 0.1900 164.270000 39.63459 48.54599 8.42444 48.910 -94.150 65.370 -1.643e+11 2.237e+11 -5.896e+10 0.04386 189856 189845 680744 6986 35 189791 189873 28.2983 448050000000 448050000000 409920000000 266920000000 114400000000 35.0081 0 0.0344 0.82026 0.3461 5.346 0.77231 24.8485 0.58733 0.25843 16.3921 6.34069 14.2486 0.1386 390000000000 266900000000
 0.4600   205260 0.4700   214383      1       -1       -1       -1  0 4.86167e+11 4.76700e+11 191.405000 19.586000 78.250000  1 0.1900 182.960000 39.62064 48.59002 8.40212 53.050 -91.120 64.330 -1.435e+11 3.015e+11 -3.118e+10 0.04806 189857 189846 680744 5824 34 189791 189873 19.5863 476650000000 476650000000 419450000000 266920000000 162060000000 39.1234 0 0.03703 0.67629 0.43572 -5.04459 -0.49268 21.2887 0.51937 0.3311 5.08149 4.75447 13.0525 0.1329 416500000000 219300000000
 0.4500   196205 0.4600   205260      1       -1       -1       -1  0 4.86167e+11 4.67100e+11 190.514000 22.139000 76.750000  1 0.1900 178.640000 39.58502 48.64701 8.38355 51.820 -87.470 61.350 -1.260e+11 2.729e+11 -4.629e+10 0.04568 189858 189847 680744 5762 33 189791 189873 22.1394 467120000000 467120000000 448050000000 324120000000 152530000000 23.5766 0 0.03508 0.89526 0.50391 28.2847 17.2575 -0.55832 0.46623 0.34873 11.9051 17.9134 20.1192 0.1282 443600000000 266900000000
 0.4400   187143 0.4500   196205      1       -1       -1       -1  0 4.86167e+11 4.86200e+11 193.460000 25.378000 72.480000  1 0.1900 178.530000 39.53161 48.68861 8.36317 50.490 -84.580 61.470 -1.878e+11 2.983e+11 -9.424e+10 0.04989 189859 189848 680744 6866 32 189791 189873 25.3776 486180000000 476650000000 467120000000 400390000000 47665000000 6.66898 1.34 0.03978 0.76594 0.41426 25.9882 12.5695 -2.24843 0.64698 0.34793 21.3154 4.91244 -8.48065 0.1205 491600000000 266900000000
 0.4300   178126 0.4400   187143      1       -1       -1       -1  0 4.76633e+11 5.05200e+11 196.337000 31.532000 68.930000  1 0.1900 176.210000 39.50266 48.73024 8.32710 50.890 -80.570 60.880 -2.016e+11 3.121e+11 -1.059e+11 0.04855 189860 189849 680744 5710 31 189791 189873 31.5319 505250000000 505250000000 505250000000 285990000000 28599000000 9.36252 0 0.03991 0.3435 0.25183 26.7288 19.655 26.3221 0.43227 0.18293 12.6008 16.0236 25.2716 0.1129 478100000000 362300000000
 0.4200   169132 0.4300   178126      1       -1       -1       -1  0 4.60733e+11 4.38500e+11 187.635000 36.408000 65.880000  1 0.1900 165.000000 39.50071 48.82003 8.32703 51.630 -77.500 50.480 -1.113e+11 2.121e+11 -7.729e+10 0.03999 189861 189850 680744 5626 30 189791 189873 36.4081 438520000000 438520000000 428980000000 285990000000 0 36.7522 0 0.03329 0.36385 0.18586 38.4652 41.5004 35.7248 0.05459 0 24.8475 8.99993 51.3854 0.1125 385500000000 371800000000
 0.4100   160257 0.4200   169132      1       -1       -1       -1  0 4.32133e+11 4.38500e+11 187.975000 28.074000 67.750000  1 0.1900 173.970000 39.45076 48.84305 8.28894 49.100 -74.720 48.980 -1.413e+11 2.459e+11 -8.696e+10 0.04946 189862 189851 680744 5600 29 189791 189873 28.074 438520000000 438520000000 438520000000 285990000000 19066000000 12.1705 0 0.03967 0.34887 0.16758 28.525 33.3369 41.8234 0.30212 0.22566 17.9702 28.9797 29.7561 0.1071 445200000000 286000000000
 0.4000   151473 0.4100   160257      1       -1       -1       -1  0 4.16233e+11 4.19400e+11 185.535000 27.745000 72.250000  1 0.1900 173.350000 39.41057 48.88562 8.21688 46.960 -73.800 49.610 -8.895e+10 2.168e+11 -8.354e+10 0.04389 189863 189852 680744 6595 28 189791 189873 27.7451 419450000000 419450000000 381320000000 305060000000 0 28.1655 0 0.03624 0.25067 0.04727 1.85063 19.1813 47.3843 0.27554 0.093 0.66946 15.2154 45.8813 0.1297 384600000000 305100000000
 0.3900   142780 0.4000   151473      1       -1       -1       -1  0 3.90833e+11 3.90800e+11 181.524000 22.521000 69.350000  1 0.1900 177.450000 39.38805 48.94409 8.25951 45.770 -69.100 45.220 -9.110e+10 2.052e+11 -4.266e+10 0.04865 189864 189853 680744 6481 27 189791 189873 22.5206 390850000000 371790000000 371790000000 247860000000 142990000000 32.2117 0 0.03789 0.66956 0.32314 14.2937 7.54362 25.2815 0.51261 0.38337 24.4002 0.88833 8.75541 0.1122 329800000000 190700000000
 0.3800   134305 0.3900   142780      1       -1       -1       -1  0 3.68600e+11 3.62300e+11 177.271000 23.782000 59.870000  1 0.1900 172.490000 39.36434 48.98618 8.19537 45.960 -69.970 42.430 -4.148e+10 1.308e+11 -2.116e+10 0.03282 189865 189854 680744 6407 26 189791 189873 23.7816 362250000000 343190000000 343190000000 266920000000 0 8.31028 1.6 0.02646 0.72016 0.31169 -13.5011 12.1105 42.3988 0.45735 0.13306 39.5452 15.8679 -23.4061 0.0974 346300000000 238300000000
 0.3700   125808 0.3800   134305      1       -1       -1       -1  0 3.08233e+11 3.52700e+11 175.975000 33.570000 56.260000  1 0.1900 163.200000 39.32935 49.04083 8.16431 44.080 -67.220 42.290 -4.816e+10 1.328e+11 -1.896e+10 0.03355 189866 189855 680744 5294 25 189791 189873 33.5702 352720000000 314590000000 314590000000 228790000000 0 6.38141 0 0.02875 0.35675 0.10145 41.6836 29.4745 0.62845 0.32534 0.0152 45.3127 29.7117 0.88727 0.0987 298200000000 276500000000
 0.3600   117314 0.3700   125808      1       -1       -1       -1  0 2.54233e+11 2.09700e+11 148.196000 23.266000 47.850000  1 0.1900 143.360000 39.24014 49.02993 8.11770 53.280 -49.390 56.680 -4.564e+10 2.031e+10 -1.327e+10 0.03021 189867 189856 680744 6147 24 189791 189873 23.2657 209730000000 209730000000 190660000000 114400000000 57198000000 10.7186 5.46 0.02512 0.79445 0.15386 26.5689 8.38775 16.4196 0.93046 0.20683 6.08581 -0.47683 24.6861 0.0892 247000000000 133500000000
 0.3500   108969 0.3600   117314      1       -1       -1       -1  0 2.54233e+11 2.00200e+11 146.123000 23.838000 43.640000  1 0.1900 142.140000 39.19498 49.08148 8.05187 48.290 -50.570 55.360 -4.095e+10 9.818e+09 -5.758e+09 0.02718 189868 189857 680744 6031 23 189791 189873 23.838 200190000000 190660000000 181130000000 104860000000 38132000000 12.5126 1 0.02262 0.54878 0.36328 16.4091 -7.08954 24.8473 0.53539 0.20759 22.3722 -6.68245 11.1057 0.0728 212600000000 123900000000
 0.3400   100786 0.3500   108969      1       -1       -1       -1  0 2.54233e+11 1.62100e+11 136.370000 13.859000 42.940000  1 0.1900 147.230000 39.14293 49.09757 8.01242 41.660 -47.930 64.580 -6.685e+09 -9.413e+09 2.717e+09 0.01107 189869 189858 680744 5828 22 189791 189873 13.8594 162060000000 152530000000 152530000000 123930000000 9533000000 10.182 2.9 0.0091 0.49801 0.22609 30.1362 27.2738 9.07557 0.0362 0 29.6954 17.1319 25.628 0.0762 195000000000 76260000000
 0.3300    92861 0.3400   100786      1       -1       -1       -1  0 2.54233e+11 1.43000e+11 130.966000 17.129000 36.050000  1 0.1900 135.960000 39.10574 49.13820 7.95193 40.370 -49.970 66.460 4.833e+09 -2.016e+09 -9.116e+09 0.01231 189870 189859 680744 5764 21 189791 189873 17.1288 142990000000 142990000000 142990000000 114400000000 9533000000 13.8804 0 0.01008 0.44849 0.17917 29.0728 19.5922 18.0293 0.62668 0.38068 21.129 12.9023 16.9263 0.0564 143900000000 85800000000
 0.3200    85075 0.3300    92861      1       -1       -1       -1  0 2.54233e+11 1.43000e+11 131.127000 10.917000 38.460000  1 0.1900 152.230000 39.08417 49.18717 7.87490 36.610 -49.430 61.920 -1.269e+10 3.467e+08 -1.015e+10 0.01938 189871 189860 680744 5614 20 189791 189873 10.9175 142990000000 142990000000 142990000000 114400000000 0 17.2935 0 0.01582 0.41282 0.10903 22.4518 19.0006 35.217 0.27633 0.00767 22.3044 16.443 41.6685 0.0608 171200000000 9533000000
 0.3100    77526 0.3200    85075      1       -1       -1       -1  0 2.54233e+11 1.04900e+11 118.385000 44.595000 35.460000  1 0.1900 111.280000 38.66787 48.71185 7.22037 55.340 -53.510 59.320 2.167e+10 1.920e+08 2.622e+10 0.05470 189872 189861 680744 5279 19 189791 189873 44.5948 104860000000 76264000000 76264000000 0 0 30.2949 4.59 0.05638 0.04632 0.02484 20.6543 57.7642 -12.8232 0 0 0 0 0 0.0924 249400000000 200200000000
 0.3000    70203 0.3100    77526      1       -1       -1       -1  0 2.54233e+11 2.66900e+11 161.819000 51.881000 45.930000  1 0.1900 155.640000 38.63453 48.83231 7.21003 51.390 -54.460 49.280 4.186e+06 -4.861e+10 1.530e+10 0.01994 189873 189862 680744 4204 18 189791 189873 51.8806 266920000000 209730000000 171590000000 114400000000 0 22.5387 0 0.01808 0.50322 0.11393 31.1176 45.2589 -9.00913 0.5752 0.10263 26.7208 35.2325 -0.04641 0.0687 223000000000 305100000000
 0.2900    63117 0.3000    70203      1       -1       -1       -1  0 2.54233e+11 2.47900e+11 158.034000 42.481000 48.930000  1 0.1900 156.530000 38.56860 48.92336 7.16867 49.410 -48.790 45.080 -1.567e+10 3.254e+09 3.312e+10 0.01693 189874 189863 680744 3962 17 189791 189873 42.4813 247860000000 247860000000 247860000000 142990000000 0 6.98613 0 0.01501 0.38003 0.04595 -10.8419 29.467 44.951 0.35047 0.14072 -8.7716 26.7491 44.0494 0.0744 217300000000 266900000000
 0.2800    56305 0.2900    63117      1       -1       -1       -1  0 2.32000e+11 2.47900e+11 158.188000 49.523000 43.150000  1 0.1900 157.260000 38.52252 48.98207 7.12208 48.390 -49.090 45.560 -2.701e+10 8.106e+09 5.166e+10 0.02726 189875 189864 680744 4631 16 189791 189873 49.5234 247860000000 219260000000 219260000000 76264000000 38132000000 18.4723 1.57 0.02443 0.24626 0.1648 -2.32541 45.5704 34.5524 0.41038 0.13422 -3.42672 18.2283 27.2381 0.0633 205800000000 295500000000
 0.2700    49838 0.2800    56305      1       -1       -1       -1  0 2.12933e+11 2.00200e+11 147.452000 47.268000 39.950000  1 0.1900 148.840000 38.47120 49.04702 7.07028 47.140 -48.540 43.520 -2.717e+10 3.731e+09 2.427e+10 0.02488 189876 189865 680744 4361 15 189791 189873 47.2681 200190000000 181130000000 181130000000 95330000000 19066000000 19.0176 0 0.02209 0.51269 0.26118 36.6848 9.56004 15.1557 0.37787 0.02303 21.0805 -11.0137 19.0709 0.0566 183900000000 247900000000
 0.2600    43697 0.2700    49838      1       -1       -1       -1  0 1.87500e+11 1.90700e+11 145.197000 34.288000 41.930000  1 0.1900 153.300000 38.41069 49.10460 7.01869 47.350 -46.770 40.400 -1.966e+10 1.769e+09 -1.279e+09 0.01446 189877 189866 680744 4125 14 189791 189873 34.2879 190660000000 190660000000 190660000000 76264000000 0 41.382 0 0.01319 0.26944 0.08742 31.5048 -30.3386 -18.2412 0.13482 0.09552 35.6275 -34.9438 -24.379 0.0635 167300000000 190700000000
 0.2500    37910 0.2600    43697      1       -1       -1       -1  0 1.77967e+11 1.71600e+11 140.298000 16.066000 37.880000  1 0.1900 169.790000 38.29094 49.17690 6.96124 48.420 -46.400 41.000 -1.803e+10 -4.671e+09 -4.742e+08 0.01865 189878 189867 680744 3151 13 189791 189873 16.0659 171590000000 171590000000 171590000000 133460000000 0 8.52369 0 0.01509 0.4568 0.28518 9.76271 19.949 44.0759 0.42278 0.02179 16.5023 12.7065 44.4525 0.0419 177800000000 76260000000
 0.2400    32462 0.2500    37910      1       -1       -1       -1  0 1.49367e+11 1.71600e+11 140.401000 27.771000 37.100000  1 0.1900 157.420000 38.81019 49.65444 7.46618 22.410 -33.140 32.650 -1.432e+10 1.296e+10 -1.832e+09 0.01817 189879 189868 680744 3630 12 189791 189873 27.771 171590000000 152530000000 152530000000 95330000000 0 16.6957 2.12 0.01603 0.26823 0.14446 30.322 41.2188 23.7791 0.10203 0 28.8112 46.4899 20.7859 0.053 156200000000 143000000000
 0.2300    27427 0.2400    32462      1       -1       -1       -1  0 1.27133e+11 1.04900e+11 119.227000 13.338000 27.650000  1 0.1900 150.840000 38.77237 49.73925 7.44907 23.770 -31.790 20.360 1.741e+09 2.360e+09 -1.040e+09 0.00680 189880 189869 680744 3256 11 189791 189873 13.3384 104860000000 104860000000 104860000000 85797000000 0 21.5437 0 0.00597 0.25952 0.00105 -14.0144 -6.06585 52.1397 0.91777 0.05652 -0.77904 1.19699 37.8954 0.0349 120300000000 9533000000
 0.2200    22714 0.2300    27427      1       -1       -1       -1  0 8.26433e+10 1.04900e+11 119.302000 19.170000 26.030000  1 0.1900 143.960000 38.74329 49.79327 7.41947 21.610 -27.840 20.730 4.309e+09 7.921e+09 -2.520e+09 0.02056 189881 189870 680744 2886 10 189791 189873 19.17 104860000000 104860000000 104860000000 66731000000 19066000000 9.89233 0 0.01835 0.49198 0.01004 23.5136 13.6668 23.8995 0.89521 0.01446 15.8245 15.4753 1.26501 0.0321 102300000000 66730000000
 0.2100    18435 0.2200    22714      1       -1       -1       -1  0 6.03867e+10 3.81300e+10 85.203000 3.479000 31.880000  1 0.1900 145.980000 38.69414 49.81895 7.29541 6.640 -17.540 46.840 -1.454e+09 -3.196e+09 -9.208e+08 0.04213 189882 189871 680744 2466 9 189791 189873 3.47939 38132000000 38132000000 38132000000 28599000000 28599000000 19.207 17.01 0.03929 0.58434 0.21144 16.733 -2.66243 6.00466 0.58434 0.21144 16.733 -2.66243 6.00466 0.0874 97820000000 0
 0.2000    14606 0.2100    18435      1       -1       -1       -1  0 3.81300e+10 3.81300e+10 85.247000 11.633000 18.320000  1 0.1900 110.880000 38.66227 49.87980 7.25087 22.270 -10.110 23.420 -5.959e+08 6.100e+08 -3.058e+09 0.02423 189883 189872 680744 2069 8 189791 189873 11.6325 38132000000 38132000000 38132000000 0 0 19.7477 0 0.03521 0.11525 0.04244 47.2249 39.8089 -13.5262 0 0 0 0 0 0.0756 82560000000 0
 0.1900    11282 0.2000    14606      0       -1       -1       -1  0 3.81300e+10 3.81300e+10 85.288000 13.897000 22.450000  1 0.1900 110.220000 38.63892 49.94296 7.21985 32.970 -18.590 26.450 3.278e+08 -9.081e+08 -7.544e+08 0.00937 189884 189873 680744 1700 7 189791 189873 13.8973 38132000000 38132000000 38132000000 0 0 57.4051 0 0.01394 0.38573 0.06416 -21.3783 -1.99111 53.2023 0 0 0 0 0 0.0851 68110000000 0
