 1.0000   675553 0.0000       -1      1   675556   675556       -1  0 7.53100e+11 7.53100e+11 186.132000 22.428000 151.750000  1 0.8500 152.800000 20.55131 17.94093 55.33567 281.770 214.960 1.410 -1.137e+11 -2.142e+11 -3.590e+11 0.01319 243971 243971 675553 1068 88 243970 244043 22.4285 1820800000000 1839900000000 1115400000000 600580000000 123930000000 37.1843 8.38 0.01657 0.64571 0.32767 17.8748 25.2459 -7.35668 0.50245 0.17014 -9.51572 16.3981 -12.3881 0.6724 921900000000 457600000000
 0.9900   667383 1.0000   675553      1   667386   667386   675556  0 7.81700e+11 7.62600e+11 187.701000 21.933000 155.750000  1 0.8500 154.860000 20.52998 17.91892 55.34118 273.270 251.170 -10.040 -1.621e+11 -4.162e+10 -5.056e+11 0.01592 243972 243972 675553 1086 87 243970 244043 21.9332 1763600000000 1792200000000 1086800000000 667310000000 38132000000 34.1142 9.96 0.02 0.66745 0.37885 15.4988 30.8081 -13.1902 0.22277 0.17902 -10.6296 22.3837 -9.99937 0.6816 947300000000 429000000000
 0.9800   659038 0.9900   667383      1   659041   659041   667386  0 8.10300e+11 8.29400e+11 193.832000 19.778000 157.210000  1 0.8500 164.410000 20.52726 17.93098 55.33677 259.370 282.340 -22.150 -3.747e+11 3.617e+11 -7.560e+11 0.02802 243973 243973 675553 1073 86 243970 244043 19.7779 1458500000000 1658700000000 1020000000000 610110000000 152530000000 3.50879 12.11 0.03007 0.77751 0.5339 23.6651 25.0597 -5.64423 0.48167 0.38478 27.6745 16.0961 -1.71441 0.5995 986100000000 448100000000
 0.9700   650721 0.9800   659038      1   650724   650724   659041  0 8.48433e+11 8.38900e+11 195.383000 19.940000 158.220000  1 0.8500 165.530000 20.49819 17.90254 55.34089 244.700 311.910 -37.310 -5.113e+11 3.518e+11 -9.490e+11 0.03449 243974 243974 675553 40 85 243970 244043 19.9402 1382300000000 1572900000000 981900000000 638710000000 181130000000 4.52163 13.21 0.03655 0.79312 0.52906 -2.03049 27.0993 -5.39621 0.92257 0.566 17.9911 11.3324 0.87011 0.5948 1038000000000 448100000000
 0.9600   642419 0.9700   650721      1   642422   642422   650724  0 8.70667e+11 8.77000e+11 199.122000 19.440000 163.660000  1 0.8500 170.200000 20.47322 17.86696 55.34702 229.350 345.610 -50.770 -7.462e+10 4.511e+11 -1.167e+12 0.03428 243975 243975 675553 40 84 243970 244043 19.4399 1296500000000 1515700000000 962830000000 629180000000 152530000000 3.29679 16.13 0.03764 0.69334 0.4769 -9.36433 25.713 -3.7487 0.76403 0.5976 -14.3078 14.3823 -1.57614 0.6188 1077000000000 476600000000
 0.9500   634123 0.9600   642419      1   634126   634126   642422  0 8.89733e+11 8.96100e+11 201.381000 22.108000 166.250000  1 0.8500 167.610000 20.44646 17.83354 55.34851 212.080 374.750 -59.470 4.532e+11 4.547e+11 -1.404e+12 0.03926 243976 243976 675553 1057 83 243970 244043 22.1079 1287000000000 1468100000000 1010500000000 591050000000 57198000000 5.46849 17.99 0.04485 0.54418 0.47477 -16.6944 32.3355 -6.54817 0.59936 0.51348 -17.41 18.0461 -10.5244 0.6408 1022000000000 524300000000
 0.9400   625836 0.9500   634123      1   625839   625839   634126  0 8.96100e+11 8.96100e+11 202.206000 24.864000 161.440000  1 0.8500 164.270000 20.44458 17.77198 55.37557 185.980 396.990 -77.730 2.913e+11 7.219e+11 -1.487e+12 0.04378 243977 243977 675553 2016 82 243970 244043 24.8645 1477600000000 1696900000000 962830000000 543380000000 285990000000 26.6623 11.15 0.04892 0.59181 0.30467 -8.25036 35.5404 -5.12526 0.82169 0.33193 -4.43091 24.8413 3.00789 0.6142 947100000000 514800000000
 0.9300   617522 0.9400   625836      1       -1       -1   625839  0 9.94600e+11 8.96100e+11 203.030000 27.509000 158.130000  1 0.8500 161.740000 20.42290 17.72570 55.39011 162.720 420.840 -89.380 3.206e+11 6.808e+11 -1.644e+12 0.04709 243978 243978 675553 1080 81 243970 244043 27.5086 1544300000000 1725500000000 981900000000 591050000000 238320000000 28.4336 7.6 0.05289 0.6028 0.32317 -13.2085 36.2892 -13.2507 0.92247 0.37449 -11.1804 23.5616 -9.59575 0.606 963400000000 562400000000
 0.9200   609183 0.9300   617522      1       -1       -1       -1  0 9.94600e+11 8.96100e+11 203.852000 24.812000 154.710000  1 0.8500 165.710000 20.38708 17.68281 55.39012 138.920 447.800 -98.440 8.569e+10 5.105e+11 -2.103e+12 0.05994 243979 243979 675553 42 80 243970 244043 24.8117 1515700000000 1649200000000 1067700000000 686380000000 38132000000 15.7397 6.64 0.06357 0.60502 0.35599 -10.286 38.0388 -15.9503 0.60346 0.33499 -11.5321 30.3051 -6.92451 0.5661 1008000000000 572000000000
 0.9100   600833 0.9200   609183      1       -1       -1       -1  0 9.94600e+11 8.77000e+11 203.210000 23.783000 150.430000  1 0.8500 166.420000 20.36636 17.62837 55.40536 111.720 470.930 -109.560 2.777e+11 4.622e+11 -2.017e+12 0.06200 243980 243980 675553 19 79 243970 244043 23.7834 1677800000000 1735000000000 1306000000000 676840000000 9533000000 15.2988 3.3 0.06374 0.72462 0.39279 -7.31749 35.2375 -20.6814 0.74065 0.39224 -4.40797 31.403 -13.0534 0.5379 1029000000000 543400000000
 0.9000   592484 0.9100   600833      1       -1       -1       -1  0 9.94600e+11 8.77000e+11 204.022000 22.560000 146.150000  1 0.8500 169.000000 20.36127 17.57000 55.41876 86.780 495.590 -121.590 3.353e+11 5.180e+11 -1.968e+12 0.06375 243981 243981 675553 1087 78 243970 244043 22.5595 1687300000000 1754100000000 1458500000000 810300000000 76264000000 10.4404 3.11 0.06318 0.9519 0.554 -11.2719 25.7719 -17.748 0.76141 0.44717 21.5574 22.6851 -1.76779 0.5044 1068000000000 505200000000
 0.8900   584085 0.9000   592484      1       -1       -1       -1  0 9.94600e+11 8.86600e+11 205.571000 22.868000 143.170000  1 0.8500 170.010000 20.35283 17.50492 55.43501 57.830 520.820 -135.000 4.712e+11 5.558e+11 -1.995e+12 0.06607 243982 243982 675553 1085 77 243970 244043 22.8676 1735000000000 1744500000000 1372800000000 972370000000 142990000000 9.88401 1.17 0.06414 0.86133 0.62847 26.6503 16.6113 9.85887 0.60576 0.47375 21.2973 20.2618 3.18777 0.4803 1038000000000 533800000000
 0.8800   575707 0.8900   584085      1       -1       -1       -1  0 9.94600e+11 9.05600e+11 207.850000 23.313000 142.960000  1 0.8500 171.550000 20.35402 17.42569 55.44654 30.370 546.670 -149.040 4.905e+11 1.014e+12 -2.028e+12 0.06965 243983 243983 675553 2097 76 243970 244043 23.3131 1696900000000 1763600000000 1353700000000 991430000000 38132000000 10.9938 3.14 0.06786 0.81247 0.65442 23.9 23.037 13.8523 0.54516 0.36052 17.4283 23.1201 12.0618 0.4755 1029000000000 552900000000
 0.8700   567251 0.8800   575707      1       -1       -1       -1  0 9.94600e+11 8.67500e+11 205.693000 22.437000 138.970000  1 0.8500 170.750000 20.33114 17.34595 55.46087 8.200 564.150 -152.290 5.945e+11 6.422e+11 -1.604e+12 0.06037 243984 243984 675553 1104 75 243970 244043 22.4368 1773100000000 1773100000000 1277400000000 905630000000 19066000000 13.9901 0 0.05764 0.79208 0.61872 25.0311 28.9663 11.144 0.56173 0.23537 21.9621 26.009 5.8015 0.456 1020000000000 486200000000
 0.8600   558789 0.8700   567251      1       -1       -1       -1  0 9.94600e+11 8.96100e+11 208.737000 24.255000 139.680000  1 0.8500 170.990000 20.34120 17.27167 55.49107 -16.880 584.180 -161.820 7.299e+11 6.941e+11 -1.802e+12 0.06592 243985 243985 675553 1099 74 243970 244043 24.2551 1820800000000 1820800000000 1344200000000 743570000000 133460000000 9.02209 0 0.06193 0.84418 0.62044 2.66328 27.5361 1.67916 0.78601 0.53207 0.99225 22.4016 -0.64559 0.4438 1062000000000 486200000000
 0.8500   550355 0.8600   558789      1       -1       -1       -1  0 9.94600e+11 9.43800e+11 213.193000 30.454000 140.820000  1 0.8500 167.780000 20.33670 17.19292 55.51093 -39.340 598.210 -162.990 5.196e+11 4.835e+11 -1.903e+12 0.05917 243986 243986 675553 53 73 243970 244043 30.4539 1935200000000 1935200000000 1353700000000 667310000000 123930000000 10.9633 1.5 0.05611 0.70304 0.45674 -2.30509 26.1422 5.18453 0.50158 0.31423 -4.87334 21.2141 4.18501 0.4421 994100000000 648200000000
 0.8400   541836 0.8500   550355      1       -1       -1       -1  0 9.94600e+11 9.24700e+11 212.558000 23.383000 145.550000  1 0.3200 176.170000 20.35662 17.11271 55.52975 -60.380 605.800 -165.000 1.012e+11 4.670e+11 -2.446e+12 0.07566 243987 243987 675553 1100 72 243970 244043 23.3827 2021000000000 2021000000000 1096300000000 686380000000 190660000000 16.3381 2.63 0.07151 0.77876 0.45986 3.6507 23.8469 3.23972 0.77727 0.29804 2.82205 21.3349 3.25036 0.4574 1041000000000 552900000000
 0.8300   533310 0.8400   541836      1       -1       -1       -1  0 9.94600e+11 8.86600e+11 210.390000 20.262000 146.520000  1 0.3200 179.590000 20.35845 17.01883 55.54564 -89.370 607.630 -158.160 2.441e+11 1.117e+11 -2.135e+12 0.07230 243988 243988 675553 3123 71 243970 244043 20.2625 1944700000000 1944700000000 1077200000000 743570000000 152530000000 19.259 0.83 0.06651 0.89429 0.65635 3.76679 30.1568 2.40026 0.85934 0.50998 -3.4981 25.5974 2.97489 0.4511 1008000000000 495700000000
 0.8200   524731 0.8300   533310      1       -1       -1       -1  0 9.94600e+11 9.15200e+11 213.429000 19.814000 147.550000  1 0.3200 183.800000 20.38469 16.91963 55.57492 -111.830 604.310 -152.690 1.070e+11 9.857e+10 -1.886e+12 0.06242 243989 243989 675553 1111 70 243970 244043 19.8139 1858900000000 1858900000000 1077200000000 753110000000 257390000000 12.5016 1.45 0.05568 0.69672 0.61292 28.6564 14.1022 2.92095 0.82652 0.52412 24.3252 9.88925 3.07289 0.4327 1075000000000 476600000000
 0.8100   516090 0.8200   524731      1       -1       -1       -1  0 9.94600e+11 9.72400e+11 218.599000 23.260000 148.360000  1 0.3200 180.080000 20.40075 16.81627 55.62054 -136.140 594.780 -145.060 -1.456e+11 -2.604e+11 -1.736e+12 0.05016 243990 243990 675553 54 69 243970 244043 24.9045 1725500000000 1763600000000 1039100000000 724510000000 181130000000 5.18893 1.47 0.04707 0.93724 0.6192 -4.43727 5.3926 30.0855 0.91082 0.52774 22.9013 8.55496 8.1907 0.4485 1059000000000 552900000000
 0.8000   507418 0.8100   516090      1       -1       -1       -1  0 9.94600e+11 9.72400e+11 219.408000 21.246000 147.050000  1 0.3200 178.360000 20.42439 16.71522 55.64595 -154.030 583.690 -134.350 -7.691e+11 -4.167e+11 -1.631e+12 0.05270 243991 243991 675553 1126 68 243970 244043 26.7583 1410900000000 1572900000000 962830000000 705440000000 104860000000 6.78401 1.35 0.04966 0.82691 0.65851 -1.1708 14.9967 37.7005 0.82897 0.66439 17.401 23.9417 16.0282 0.4434 1055000000000 495700000000
 0.7900   498784 0.8000   507418      1       -1       -1       -1  0 9.94600e+11 9.15200e+11 215.807000 21.476000 144.970000  1 0.3200 183.310000 20.45444 16.62564 55.65249 -169.850 567.470 -130.610 -9.029e+11 -4.764e+11 -1.626e+12 0.06382 243992 243992 675553 1125 67 243970 244043 21.4762 1220200000000 1439500000000 943770000000 676840000000 85797000000 13.3769 0 0.05727 0.67972 0.51451 14.5088 32.4872 11.7374 0.65115 0.23378 6.18689 30.497 12.4522 0.421 1041000000000 495700000000
 0.7800   490149 0.7900   498784      1       -1       -1       -1  0 9.94600e+11 9.15200e+11 216.591000 26.686000 140.080000  1 0.3200 176.020000 20.47879 16.51745 55.67221 -182.720 549.910 -127.890 -8.674e+11 -4.697e+11 -1.602e+12 0.06272 243993 243993 675553 1123 66 243970 244043 26.686 1144000000000 1334600000000 943770000000 695910000000 171590000000 19.4513 0 0.05637 0.65564 0.51804 10.1157 36.7219 8.15068 0.64741 0.47755 5.75657 31.5273 7.61765 0.4051 1037000000000 533800000000
 0.7700   481457 0.7800   490149      1       -1       -1       -1  0 9.94600e+11 9.15200e+11 217.371000 28.192000 135.440000  1 0.3200 175.060000 20.51939 16.42219 55.69913 -193.250 531.490 -126.170 -8.181e+11 -4.494e+11 -1.570e+12 0.06140 243994 243994 675553 1136 65 243970 244043 28.1922 1105800000000 1267900000000 943770000000 695910000000 190660000000 13.7454 0 0.05497 0.80872 0.67461 0.48591 25.1728 3.19213 0.63753 0.51542 -3.37288 19.3037 3.63164 0.3868 1067000000000 543400000000
 0.7600   472755 0.7700   481457      1       -1       -1       -1  0 9.94600e+11 9.43800e+11 220.395000 28.893000 128.270000  1 0.3200 177.340000 20.55893 16.31374 55.74307 -201.740 511.630 -122.270 -8.616e+11 -7.482e+11 -1.592e+12 0.06142 243995 243995 675553 1132 64 243970 244043 28.8933 1058200000000 1172600000000 934230000000 695910000000 95330000000 17.4064 0 0.05628 0.723 0.64962 -4.82207 42.7731 -11.1896 0.71365 0.32031 -5.68164 31.0649 -8.68021 0.3661 1061000000000 591000000000
 0.7500   464018 0.7600   472755      1       -1       -1       -1  0 9.94600e+11 9.53300e+11 221.914000 37.501000 123.720000  1 0.3200 170.950000 20.56530 16.24810 55.76903 -208.090 493.230 -121.420 -9.836e+11 -7.029e+11 -1.492e+12 0.05838 243996 243996 675553 1154 63 243970 244043 37.5011 1010500000000 1029600000000 905630000000 514780000000 76264000000 29.7055 0 0.05452 0.66564 0.54961 -18.836 28.3284 -0.24612 0.44536 0.23823 18.0306 -3.94564 -8.00875 0.3551 952500000000 762600000000
 0.7400   455227 0.7500   464018      1       -1       -1       -1  0 9.94600e+11 9.81900e+11 224.895000 46.813000 119.270000  1 0.3200 169.640000 20.64161 16.11787 55.79067 -213.560 476.560 -121.200 -8.868e+11 -6.370e+11 -1.375e+12 0.05168 243997 243997 675553 52 62 243970 244043 44.1286 1029600000000 1124900000000 915170000000 562450000000 0 9.61817 1.21 0.0477 0.50401 0.42159 -29.5393 51.7993 -8.98707 0.52054 0.44642 -25.0744 34.4812 -15.3644 0.3276 929200000000 858000000000
 0.7300   446403 0.7400   455227      1       -1       -1       -1  0 9.94600e+11 1.00100e+12 227.123000 63.576000 117.930000  1 0.3200 169.230000 20.68628 16.02722 55.82063 -206.660 457.480 -120.390 -7.799e+11 -5.890e+11 -1.285e+12 0.04568 243998 243998 675553 1523 61 243970 244043 49.472 1029600000000 1077200000000 896100000000 543380000000 0 6.52999 9.8 0.0427 0.33349 0.22893 -33.4907 49.0365 -1.63446 0.01894 0.01099 -37.7934 41.8466 -14.4213 0.3244 925800000000 1049000000000
 0.7200   437530 0.7300   446403      1       -1       -1       -1  0 9.94600e+11 9.91400e+11 227.174000 85.797000 116.420000  1 0.3200 167.450000 20.73534 15.92093 55.84450 -217.280 441.730 -120.510 -5.367e+11 -3.501e+11 -1.066e+12 0.03535 243999 243999 675553 1146 60 243970 244043 55.077 1020000000000 1067700000000 915170000000 467120000000 0 7.01571 1.09 0.03359 0.34676 0.23601 -35.3525 56.3776 16.8216 0.42938 0.12081 -30.1497 38.7515 19.5535 0.323 934400000000 1087000000000
 0.7100   428593 0.7200   437530      1       -1       -1       -1  0 9.27900e+11 9.91400e+11 227.942000 90.337000 112.500000  1 0.3200 170.470000 20.77937 15.82571 55.87628 -216.660 426.440 -119.370 -5.309e+11 -3.981e+11 -1.178e+12 0.03866 244000 244000 675553 1558 59 243970 244043 49.6658 1010500000000 1048600000000 924700000000 448050000000 0 9.43971 2.45 0.03671 0.33128 0.17791 -35.8229 58.4848 33.0565 0.49527 0.29849 -25.5899 40.8002 18.7652 0.3051 952800000000 1087000000000
 0.7000   419614 0.7100   428593      1       -1       -1       -1  0 9.27900e+11 7.81700e+11 211.283000 51.764000 110.140000  1 0.3200 156.190000 20.77267 15.80484 55.91546 -211.640 411.470 -122.920 -8.063e+11 -7.426e+11 -8.202e+11 0.05774 244001 244001 675553 1555 58 243970 244043 51.7636 781710000000 867500000000 638710000000 305060000000 28599000000 47.202 2.21 0.05553 0.72277 0.37328 31.8262 30.2912 8.99333 0.78537 0.18461 13.6785 27.1712 3.88031 0.3348 739000000000 781700000000
 0.6900   410620 0.7000   419614      1       -1       -1       -1  0 9.27900e+11 8.29400e+11 216.205000 71.701000 107.990000  1 0.3200 156.180000 20.80958 15.70397 55.94805 -208.870 403.600 -133.510 -6.661e+11 -4.743e+11 -8.798e+11 0.04509 244002 244002 675553 1590 57 243970 244043 71.7014 838900000000 857970000000 562450000000 305060000000 47665000000 57.2079 9.78 0.04439 0.70285 0.33799 -11.0696 46.1793 12.9663 0.82852 0.27871 -2.69093 29.7231 0.62991 0.3246 749200000000 1010000000000
 0.6800   401611 0.6900   410620      1       -1       -1       -1  0 9.27900e+11 8.58000e+11 219.375000 55.413000 108.090000  1 0.3200 162.400000 20.91656 15.60516 55.97802 -205.100 379.520 -124.970 -1.671e+11 -1.832e+11 -9.503e+11 0.03708 244003 244003 675553 1577 56 243970 244043 55.4127 867500000000 943770000000 734040000000 419450000000 9533000000 36.054 5.98 0.0345 0.67902 0.39043 13.2453 49.7914 14.9771 0.56508 0.09605 0.77784 42.2355 12.0017 0.2886 797600000000 858000000000
 0.6700   392622 0.6800   401611      1       -1       -1       -1  0 9.27900e+11 9.43800e+11 227.185000 43.466000 107.360000  1 0.3200 174.530000 20.97522 15.45804 55.98050 -207.180 361.930 -123.240 -1.263e+11 -1.604e+11 -1.016e+12 0.03458 244004 244004 675553 468 55 243970 244043 43.4656 953300000000 991430000000 896100000000 438520000000 0 10.2469 2.28 0.03125 0.60162 0.41172 -24.3576 47.6048 16.6579 0.7914 0.1505 -11.0258 33.5894 -11.0609 0.259 925800000000 743600000000
 0.6600   383655 0.6700   392622      1       -1       -1       -1  0 9.27900e+11 9.24700e+11 226.362000 40.984000 109.190000  1 0.3200 175.800000 21.03418 15.35967 56.01389 -205.480 351.310 -124.030 -9.089e+10 -7.203e+10 -1.090e+12 0.03862 244005 244005 675553 485 54 243970 244043 40.9837 924700000000 924700000000 886570000000 486180000000 19066000000 15.8804 0 0.0344 0.67246 0.46768 -23.2919 43.4963 16.1105 0.46729 0.26568 -21.5901 19.6101 24.4138 0.2585 915000000000 743600000000
 0.6500   374594 0.6600   383655      1       -1       -1       -1  0 9.05633e+11 9.15200e+11 226.288000 37.116000 112.000000  1 0.3200 179.040000 21.09064 15.26703 56.04326 -202.050 339.130 -124.100 -6.617e+10 -2.194e+10 -1.075e+12 0.03909 244006 244006 675553 1619 53 243970 244043 37.1163 915170000000 924700000000 886570000000 600580000000 66731000000 21.3484 0 0.0346 0.77664 0.45346 -20.7759 41.9553 13.6337 0.42684 0.17616 -20.4309 42.0301 -16.3531 0.2654 909000000000 695900000000
 0.6400   365509 0.6500   374594      1       -1       -1       -1  0 8.86567e+11 8.77000e+11 223.790000 32.934000 117.700000  1 0.3200 180.950000 21.13001 15.21160 56.12496 -198.400 328.450 -124.160 1.444e+10 3.563e+10 -9.665e+11 0.03868 244007 244007 675553 1588 52 243970 244043 32.9337 877040000000 905630000000 791240000000 638710000000 47665000000 34.871 0 0.03355 0.43321 0.23189 -20.3091 56.6557 0.1837 0.45469 0.11519 -19.6888 47.179 -6.70919 0.2808 863000000000 638700000000
 0.6300   356390 0.6400   365509      1       -1       -1       -1  0 8.70667e+11 8.67500e+11 223.655000 33.374000 123.540000  1 0.3200 181.000000 21.20034 15.05950 56.16198 -194.660 317.520 -123.460 9.954e+10 4.470e+10 -9.611e+11 0.04070 244008 244008 675553 2667 51 243970 244043 33.3735 867500000000 877040000000 781710000000 552910000000 276460000000 40.7109 0 0.03438 0.54161 0.37216 -16.1195 36.4532 -5.36491 0.81044 0.49798 13.0913 -16.7651 12.6357 0.2905 845900000000 591000000000
 0.6200   347281 0.6300   356390      1       -1       -1       -1  0 8.57967e+11 8.67500e+11 224.326000 60.075000 127.220000  1 0.3200 168.150000 21.29164 14.94337 56.19439 -188.480 304.260 -120.000 3.533e+10 2.734e+11 -8.652e+11 0.03376 244009 244009 675553 1589 50 243970 244043 60.0754 867500000000 896100000000 734040000000 448050000000 123930000000 65.3088 0 0.03249 0.23418 0.14852 -24.19 36.9392 -10.0536 0.35929 0.10258 -18.8126 26.1439 -6.73898 0.3592 766500000000 896100000000
 0.6100   338150 0.6200   347281      2       -1       -1       -1  0 8.38867e+11 8.38900e+11 222.488000 36.260000 123.860000  1 0.3200 178.640000 21.33502 14.85984 56.22224 -185.710 292.930 -119.000 -3.745e+10 3.852e+11 -8.961e+11 0.04120 244010 244010 675553 1579 49 243970 244043 36.2604 838900000000 896100000000 743570000000 505250000000 190660000000 57.1157 0 0.03718 0.33941 0.30499 -28.4039 46.1068 2.51215 0.59161 0.48908 -10.7261 26.0131 4.70758 0.3211 805200000000 648200000000
 0.6000   328985 0.6100   338150      1       -1       -1       -1  0 8.38867e+11 8.00800e+11 219.701000 40.970000 119.940000  1 0.3200 173.400000 21.39405 14.76705 56.24121 -186.540 285.160 -116.930 -1.005e+11 2.445e+11 -1.056e+12 0.04922 244011 244011 675553 2588 48 244040 244039 40.9698 819840000000 848440000000 762640000000 438520000000 123930000000 55.4489 2.43 0.04513 0.44779 0.37471 -31.355 43.2796 14.9471 0.71368 0.23233 -14.8413 15.8592 25.8908 0.3196 770700000000 629200000000
 0.6000   328986 0.6100   338150      1   328985   328985       -1  0 1.71600e+11 1.71600e+11 131.471000 8.777000 78.830000  0 0.5700 128.550000 21.31262 14.91146 56.26433 -118.050 204.930 -137.490 1.723e+10 4.456e+10 8.045e+08 0.03169 244012 244040 675553 2589 48 243970 244043 8.7766 438520000000 438520000000 438520000000 295520000000 104860000000 10.0946 0 0.02581 0.78449 0.50675 -6.19383 11.6596 16.5594 0.52421 0.44319 2.29355 4.4527 20.3644 0.2898 210800000000 76260000000
 0.5900   319788 0.6000   328985      1       -1       -1       -1  0 8.38867e+11 7.91200e+11 219.450000 41.788000 110.170000  1 0.3200 173.390000 21.46259 14.68926 56.27601 -181.270 275.810 -112.980 -2.609e+11 -2.227e+11 -9.041e+11 0.04631 244013 244012 675553 2723 47 243970 244039 41.7884 810300000000 829370000000 724510000000 486180000000 9533000000 42.1364 3.83 0.04117 0.66105 0.4927 48.1372 -10.6629 -19.0343 0.57493 0.45003 43.1102 -9.00765 -15.4798 0.2728 703100000000 638700000000
 0.5900   319789 0.6000   328986      1   319788   319788   328985  0 1.68400e+11 1.52500e+11 126.770000 8.719000 73.530000  1 0.5700 123.500000 21.34702 14.84469 56.31472 -107.310 208.290 -139.280 -4.029e+10 -3.332e+09 -4.227e+10 0.04726 244014 244041 675553 2724 47 243970 244043 8.71932 285990000000 285990000000 257390000000 171590000000 76264000000 8.27641 8.47 0.03871 0.81081 0.3945 -15.3659 17.3722 -6.15657 0.53484 0.1997 12.5681 -2.15343 18.5824 0.2787 209800000000 66730000000
 0.5800   310535 0.5900   319788      1       -1       -1       -1  0 6.29167e+11 6.76800e+11 208.904000 37.440000 104.040000  1 0.3200 167.270000 21.54992 14.59731 56.30626 -186.130 273.220 -108.960 -1.459e+11 4.817e+10 -9.125e+11 0.05820 244015 244013 675553 1592 46 243970 244039 37.4404 676840000000 695910000000 648240000000 371790000000 0 46.2462 0 0.05147 0.54026 0.45395 54.6906 6.37111 -19.9316 0.51607 0.31955 38.4355 3.06295 21.0952 0.2628 630900000000 552900000000
 0.5800   310536 0.5900   319789      1       -1       -1   319788  1 2.09700e+11 1.81100e+11 134.678000 9.732000 85.410000  1 0.5700 130.020000 21.36948 14.80184 56.34188 -118.900 223.600 -135.390 -2.305e+10 -5.000e+10 -6.308e+10 0.05148 244016 244042 675553 8978 46 243970 244043 9.83642 257390000000 257390000000 224025000000 152525000000 85797000000 11.8838 10.43 0.044655 0.7607 0.45919 -13.632 17.2683 2.97367 0.59805 0.415845 11.0465 1.46626 18.0338 0.33975 339100000000 81030000000
 0.5700   301305 0.5800   310535      1       -1       -1       -1  0 6.29167e+11 3.71800e+11 171.558000 59.923000 82.580000  1 0.3200 128.790000 21.52081 14.47043 56.40266 -203.080 293.630 -101.730 3.314e+10 -1.250e+11 -4.968e+11 0.08070 244017 244014 675553 1602 45 243970 244039 59.9232 581510000000 581510000000 533850000000 238320000000 47665000000 51.3265 1.3 0.07808 0.37713 0.15088 -13.7641 -19.8599 20.5534 0.37595 0.19263 -1.73543 -11.7346 15.5212 0.2798 340000000000 476600000000
 0.5700   301306 0.5800   310536      0       -1       -1       -1  0 2.09700e+11 2.09700e+11 141.752000 10.745000 94.680000  1 0.5700 135.940000 21.42984 14.69069 56.40181 -122.080 208.010 -115.020 -5.804e+09 -9.666e+10 -8.389e+10 0.05569 244018 244043 675553 1603 45 243970 244043 10.745 228790000000 228790000000 190660000000 133460000000 95330000000 15.4913 12.39 0.0506 0.71059 0.52388 -11.8981 17.1644 12.1039 0.66126 0.63199 9.52492 5.08594 17.4852 0.4008 468400000000 95330000000
 0.5600   292050 0.5700   301305      1       -1       -1       -1  0 6.29167e+11 6.67300e+11 209.055000 38.899000 98.220000  1 0.3200 168.020000 21.62826 14.46631 56.38991 -173.590 252.490 -102.530 -1.452e+11 8.402e+10 -7.161e+11 0.04771 244019 244015 675553 1591 44 243970 244039 38.8986 667310000000 695910000000 657780000000 295520000000 76264000000 33.4626 0 0.04251 0.42121 0.1893 -1.37862 32.086 -1.46109 0.26468 0.06879 -2.21578 21.0615 -1.23296 0.2438 647600000000 514800000000
 0.5500   282794 0.5600   292050      1       -1       -1       -1  0 6.29167e+11 6.29200e+11 205.538000 37.970000 93.970000  1 0.3200 166.200000 21.70499 14.32372 56.43390 -169.400 246.260 -102.880 -2.554e+11 -5.726e+10 -7.252e+11 0.05568 244020 244016 675553 1593 43 243970 244039 37.9697 629180000000 648240000000 591050000000 381320000000 0 12.8478 1.48 0.04954 0.26638 0.06511 -8.00911 59.4451 -13.7786 0.0866 0.01652 -5.51843 47.7234 -15.388 0.2326 599900000000 514800000000
 0.5400   273571 0.5500   282794      1       -1       -1       -1  0 4.98900e+11 5.91000e+11 201.822000 48.786000 90.930000  1 0.3200 158.440000 21.76578 14.27748 56.47222 -159.840 236.300 -101.530 -2.673e+11 3.366e+10 -7.362e+11 0.06097 244021 244017 675553 1584 42 243970 244039 48.7856 591050000000 600580000000 552910000000 190660000000 0 32.9203 2.38 0.05635 0.35374 0.26499 -29.5613 60.2458 -5.91538 0.66864 0.63728 -22.5212 23.218 11.7292 0.2419 541300000000 572000000000
 0.5300   264324 0.5400   273571      1       -1       -1       -1  0 4.06733e+11 2.76500e+11 157.063000 33.419000 79.800000  1 0.3200 125.890000 21.89045 14.02759 56.55005 -192.000 234.950 -90.150 -1.070e+11 3.845e+10 -4.127e+11 0.11448 244022 244018 675553 1609 41 243970 244039 33.4185 276460000000 276460000000 238320000000 123930000000 38132000000 31.253 4.58 0.11006 0.6387 0.44506 11.3886 32.5785 -1.57166 0.47742 0.03796 17.5558 6.32504 3.42508 0.2872 396600000000 228800000000
 0.5200   255079 0.5300   264324      1       -1       -1       -1  0 3.46367e+11 3.52700e+11 170.774000 60.346000 65.870000  1 0.3200 131.560000 21.83909 14.15240 56.56678 -131.480 217.580 -106.110 9.440e+10 3.568e+10 3.567e+10 0.02003 244023 244019 675553 1597 40 243970 244039 60.3455 352720000000 362250000000 247860000000 152530000000 9533000000 30.1772 0 0.01849 0.86118 0.43984 25.9352 -16.7481 9.6879 0.5402 0.08453 21.9203 12.2225 -2.12535 0.1806 477500000000 543400000000
 0.5100   245828 0.5200   255079      1       -1       -1       -1  0 3.46367e+11 3.43200e+11 169.632000 53.573000 63.140000  1 0.3200 132.330000 21.90244 14.06357 56.59316 -129.260 214.020 -102.380 7.242e+10 2.717e+10 4.241e+10 0.01691 244024 244020 675553 8099 39 243970 244039 53.573 343190000000 343190000000 247860000000 95330000000 0 32.5801 0 0.01608 0.51572 0.43688 -30.2945 43.1809 -19.8348 0.512 0.24157 14.1213 30.2516 8.00543 0.1798 445700000000 467100000000
 0.5000   236644 0.5100   245828      1       -1       -1       -1  0 3.43200e+11 3.43200e+11 170.035000 38.051000 61.040000  1 0.3200 137.920000 21.97571 13.93022 56.65288 -123.510 205.790 -103.920 3.505e+09 4.273e+10 1.251e+10 0.00887 244025 244021 675553 1564 38 243970 244039 38.0506 343190000000 343190000000 314590000000 0 0 10.2444 0 0.00821 0.19441 0.05617 -23.7568 76.4572 -3.60692 0 0 0 0 0 0.159 410800000000 314600000000
 0.4900   227469 0.5000   236644      1       -1       -1       -1  0 3.33667e+11 3.43200e+11 170.429000 53.042000 73.320000  1 0.3200 134.820000 22.17198 13.72330 56.68408 -147.860 193.010 -84.810 -1.726e+11 1.097e+11 -4.592e+11 0.08434 244026 244022 675553 2658 37 243970 244039 53.0421 343190000000 343190000000 162060000000 0 0 18.5739 0 0.09328 0.1367 0.01849 80.8778 -73.9374 9.1107 0 0 0 0 0 0.2893 347000000000 409900000000
 0.4800   218312 0.4900   227469      1       -1       -1       -1  0 3.33667e+11 1.90700e+11 140.420000 36.735000 53.870000  1 0.3200 113.500000 22.03253 13.82673 56.70587 -130.330 200.190 -93.350 2.100e+10 -6.253e+09 -3.551e+10 0.02179 244027 244023 675553 1580 36 243970 244039 36.7347 190660000000 190660000000 181130000000 57198000000 0 22.643 0 0.02081 0.4126 0.02224 -12.8337 36.724 -21.2903 0.6843 0.3074 -12.8387 22.741 -12.672 0.1704 339700000000 190700000000
 0.4700   209171 0.4800   218312      1       -1       -1       -1  0 3.33667e+11 1.62100e+11 133.308000 23.884000 57.750000  1 0.3200 113.830000 22.40396 13.47729 56.77945 -174.770 169.450 -78.490 -2.827e+10 1.695e+10 -2.964e+10 0.03157 244028 244024 675553 2618 35 243970 244039 23.8839 162060000000 162060000000 152530000000 66731000000 19066000000 19.9716 0 0.02926 0.40478 0.07126 -14.5877 -18.4175 26.3382 0.5203 0.00538 -5.57787 -3.15365 19.9589 0.1966 271500000000 123900000000
 0.4600   200064 0.4700   209171      1       -1       -1       -1  0 3.33667e+11 3.24100e+11 168.315000 40.993000 60.200000  1 0.3200 139.090000 22.19065 13.59855 56.82712 -110.050 185.850 -89.010 -4.437e+10 8.516e+10 3.436e+10 0.02397 244029 244025 675553 1537 34 243970 244039 40.9928 324120000000 324120000000 314590000000 152530000000 0 22.1807 0 0.02142 0.68719 0.39338 -30.6813 47.263 -5.52375 0.30682 0.10584 24.3446 -15.6269 34.1974 0.1309 345600000000 314600000000
 0.4500   191023 0.4600   200064      1       -1       -1       -1  0 3.33667e+11 3.71800e+11 176.557000 47.482000 60.750000  1 0.3200 145.590000 22.24843 13.48980 56.87682 -107.700 178.200 -85.520 -7.195e+10 6.349e+10 5.801e+10 0.02171 244030 244026 675553 530 33 243970 244039 47.4823 371790000000 371790000000 324120000000 190660000000 0 14.7912 1.61 0.01892 0.75955 0.29683 30.3283 -17.4836 41.8202 0.76701 0.33044 25.3798 -4.27596 38.1914 0.1152 311800000000 381300000000
 0.4400   181984 0.4500   191023      1       -1       -1       -1  0 3.33667e+11 1.90700e+11 141.605000 36.447000 48.400000  1 0.3200 118.240000 22.66702 13.23152 56.87224 -153.920 152.460 -70.870 -2.995e+10 3.214e+10 1.160e+10 0.02490 244031 244027 675553 544 32 243970 244039 36.4471 190660000000 190660000000 181130000000 57198000000 19066000000 15.6693 0 0.02357 0.46122 0.31246 8.68262 -24.7827 27.7711 0.36688 0.04976 11.9225 -19.6059 25.849 0.1387 227700000000 190700000000
 0.4300   172972 0.4400   181984      1       -1       -1       -1  0 3.33667e+11 3.43200e+11 172.589000 18.039000 74.210000  1 0.3200 168.310000 22.38553 13.26323 57.00197 -98.490 172.110 -84.290 3.733e+10 9.640e+10 4.699e+10 0.02735 244032 244028 675553 1593 31 243970 244039 18.0389 343190000000 324120000000 324120000000 257390000000 0 27.6634 3.39 0.02235 0.19069 0.06132 25.0075 -27.1717 48.0066 0.42606 0.31636 22.2697 -18.2011 39.8059 0.1517 359200000000 162100000000
 0.4200   164031 0.4300   172972      1       -1       -1       -1  0 3.33667e+11 3.33700e+11 171.297000 16.232000 74.150000  1 0.3200 172.280000 22.43546 13.18979 57.02849 -95.050 165.360 -82.410 1.645e+10 5.898e+10 3.333e+10 0.01943 244033 244029 675553 1723 30 243970 244039 16.2315 333650000000 333650000000 314590000000 266920000000 95330000000 10.2721 0 0.01454 0.83293 0.38678 5.05278 -21.061 25.0861 0.83968 0.3422 -13.1369 -7.38211 23.4459 0.1314 355000000000 171600000000
 0.4100   155163 0.4200   164031      1       -1       -1       -1  0 3.30500e+11 3.24100e+11 169.958000 18.018000 69.780000  1 0.3200 168.290000 22.49845 13.08739 57.07514 -91.380 157.810 -79.020 1.968e+10 5.689e+10 3.869e+10 0.02038 244034 244030 675553 1700 29 243970 244039 18.0178 324120000000 324120000000 314590000000 285990000000 9533000000 10.2797 0 0.01584 0.69043 0.42944 -21.6035 28.5386 -15.5093 0.81108 0.33958 20.3882 -22.0657 14.8212 0.1294 363900000000 171600000000
 0.4000   146409 0.4100   155163      1       -1       -1       -1  0 3.27300e+11 3.33700e+11 171.909000 27.760000 64.070000  1 0.3200 158.520000 22.53934 12.97513 57.12674 -87.160 152.510 -75.730 2.926e+10 7.815e+10 5.061e+10 0.02454 244035 244031 675553 1708 28 243970 244039 27.7601 333650000000 324120000000 314590000000 238320000000 0 15.4863 1.34 0.02082 0.59719 0.1217 -27.5221 36.2831 21.328 0.08514 0.07358 -30.9102 41.7338 25.4227 0.1312 304300000000 257400000000
 0.3900   137736 0.4000   146409      1       -1       -1       -1  0 3.08233e+11 3.24100e+11 170.542000 50.234000 58.880000  1 0.3200 147.420000 22.60994 12.86991 57.16874 -82.460 145.500 -70.640 1.780e+10 8.925e+10 5.566e+10 0.02639 244036 244032 675553 1646 27 243970 244039 50.2341 324120000000 324120000000 295520000000 162060000000 0 15.5576 0 0.02417 0.75848 0.07495 12.3852 18.5659 51.3842 0.27686 0.01069 -10.3888 27.6113 55.8986 0.1347 276900000000 343200000000
 0.3800   129275 0.3900   137736      1       -1       -1       -1  0 2.73267e+11 2.66900e+11 160.114000 41.993000 55.450000  1 0.3200 141.310000 22.67131 12.77448 57.21605 -80.360 141.330 -72.610 1.446e+10 1.049e+11 3.347e+10 0.03571 244037 244033 675553 2623 26 243970 244039 41.9932 266920000000 266920000000 257390000000 19066000000 0 36.3914 0 0.0352 0.5781 0.367 14.2769 12.9907 66.1738 0 0 0 0 0 0.1509 242100000000 286000000000
 0.3700   120782 0.3800   129275      1       -1       -1       -1  0 2.09733e+11 2.28800e+11 152.331000 50.898000 49.760000  1 0.3200 133.390000 22.73147 12.67311 57.26453 -73.840 133.670 -66.920 1.322e+10 9.441e+10 3.036e+10 0.03933 244038 244034 675553 1617 25 243970 244039 50.8978 228790000000 171590000000 76264000000 9533000000 0 38.078 0 0.04152 0.19268 0.05749 24.6547 5.6767 73.6809 0 0 0 0 0 0.1527 216800000000 295500000000
 0.3600   112380 0.3700   120782      1       -1       -1       -1  0 1.62067e+11 1.33500e+11 127.469000 39.112000 45.550000  1 0.3200 113.540000 22.80032 12.57177 57.33120 -76.520 131.340 -75.990 1.189e+10 6.546e+09 7.760e+08 0.01262 244039 244035 675553 1603 24 243970 244039 39.1117 133460000000 133460000000 47665000000 9533000000 0 59.4482 0 0.01403 0.3447 0.208 31.6816 -22.7806 58.2385 0 0 0 0 0 0.1697 187100000000 190700000000
 0.3500   104128 0.3600   112380      1       -1       -1       -1  0 1.04867e+11 1.23900e+11 124.536000 53.032000 38.270000  1 0.3200 110.650000 22.83155 12.48661 57.41773 -57.420 118.680 -68.620 9.042e+08 1.839e+10 1.655e+10 0.02786 244040 244036 675553 1636 23 243970 244039 53.0319 123930000000 114400000000 85797000000 9533000000 9533000000 46.5657 3.84 0.0293 0.27813 0.05855 32.8041 -11.6214 73.2778 0 0 0 0 0 0.107 155700000000 238300000000
 0.3400    96064 0.3500   104128      1       -1       -1       -1  0 9.53300e+10 5.72000e+10 96.372000 27.984000 38.000000  1 0.3200 88.330000 22.89961 12.40089 57.44347 -60.530 124.200 -50.730 1.890e+10 -5.562e+09 2.732e+09 0.06711 244041 244037 675553 706 22 243970 244039 27.9835 57198000000 57198000000 47665000000 19066000000 0 31.6031 11.79 0.08661 0.24772 0.02275 26.1095 47.9337 -28.9597 0 0 0 0 0 0.2131 126700000000 57200000000
 0.3300    88242 0.3400    96064      1       -1       -1       -1  1 9.53300e+10 7.62600e+10 106.239000 31.932000 35.690000  1 0.3200 98.670000 22.91805 12.36305 57.45893 -60.530 124.200 -50.730 1.560e+09 -4.515e+09 2.918e+09 0.04706 244042 244038 675553 7191 21 243970 244039 32.4136 76264000000 76264000000 33365500000 19066000000 0 39.0827 11.8 0.05904 0.39491 0.20201 30.8815 12.2399 -11.5598 0 0 0 0 0 0.17375 127750000000 104850000000
 0.3200    80556 0.3300    88242      0       -1       -1       -1  0 9.53300e+10 9.53300e+10 114.550000 35.881000 33.040000  1 0.3200 107.210000 23.04843 12.11654 57.65590 -40.620 104.650 -50.850 -1.578e+10 -3.467e+09 3.105e+09 0.02701 244043 244039 675553 1740 20 243970 244039 35.8814 95330000000 95330000000 19066000000 19066000000 0 46.5622 11.81 0.03147 0.5421 0.38127 35.6535 -23.4539 5.8402 0 0 0 0 0 0.1344 128800000000 152500000000
