 1.0000   678087 0.0000       -1      1       -1       -1       -1  0 2.76500e+11 2.76500e+11 133.274000 17.737000 104.540000  1 0.4700 107.290000 3.20333 59.54512 61.45061 -160.580 -48.630 -253.180 5.864e+11 -5.178e+10 -1.929e+11 0.09533 407353 407353 678087 3602 88 407352 407406 17.7373 276460000000 371790000000 219260000000 152530000000 9533000000 21.1685 0 0.12586 0.82022 0.49099 9.47666 24.9624 5.35631 0.53334 0.38148 5.08165 23.4277 4.4876 0.6758 337400000000 152500000000
 0.9900   669941 1.0000   678087      1       -1       -1       -1  0 2.73300e+11 2.76500e+11 133.835000 17.123000 103.770000  1 0.4700 108.430000 3.22297 59.54917 61.47986 -156.740 -48.850 -250.390 5.916e+11 -2.812e+10 -3.111e+11 0.10682 407354 407354 678087 3559 87 407352 407406 17.1225 276460000000 362250000000 238320000000 152530000000 9533000000 19.354 0 0.13632 0.71629 0.48028 5.72022 20.5794 4.63853 0.12383 0.05195 5.49913 27.9131 14.0798 0.6567 317800000000 152500000000
 0.9800   661554 0.9900   669941      1       -1       -1       -1  0 2.63767e+11 2.66900e+11 132.833000 15.436000 103.630000  1 0.4700 109.590000 3.24557 59.56141 61.50440 -157.900 -47.270 -248.500 5.722e+11 -6.372e+10 -2.084e+11 0.11264 407355 407355 678087 3597 86 407352 407406 15.4356 276460000000 333650000000 238320000000 181130000000 57198000000 9.97374 2.62 0.13267 0.82503 0.55019 5.33514 22.4199 3.57427 0.52797 0.28986 2.20553 22.7134 1.5573 0.6214 311300000000 162100000000
 0.9700   653213 0.9800   661554      1       -1       -1       -1  0 2.47867e+11 2.47900e+11 130.132000 9.213000 106.460000  1 0.4700 120.290000 3.26109 59.56801 61.53674 -161.320 -54.160 -250.080 3.776e+11 -1.422e+09 -2.416e+11 0.10238 407356 407356 678087 3623 85 407352 407406 9.21327 247860000000 295520000000 209730000000 190660000000 85797000000 7.23648 4.77 0.11024 0.76469 0.4326 3.41103 21.7678 1.35734 0.41342 0.13083 1.17287 23.7659 1.91872 0.6002 384300000000 95330000000
 0.9600   644888 0.9700   653213      1       -1       -1       -1  0 2.32000e+11 2.28800e+11 127.231000 7.077000 113.390000  1 0.4700 125.260000 3.28797 59.57344 61.57124 -158.970 -56.610 -248.490 2.800e+11 -7.448e+09 -1.890e+11 0.09769 407357 407357 678087 3604 84 407352 407406 7.07742 228790000000 285990000000 200190000000 200190000000 95330000000 9.41461 0 0.09526 0.85118 0.44788 -2.27503 12.5277 -0.12506 0.64264 0.37427 1.1025 12.0083 1.10352 0.5907 398100000000 76260000000
 0.9500   636580 0.9600   644888      1       -1       -1       -1  0 2.28800e+11 2.19300e+11 125.956000 4.980000 123.200000  1 0.4700 136.670000 3.30227 59.57872 61.59689 -158.890 -52.110 -243.610 2.610e+11 -1.797e+10 -1.215e+11 0.09490 407358 407358 678087 3628 83 407352 407406 4.9803 219260000000 285990000000 200190000000 200190000000 133460000000 6.21231 0 0.08757 0.69613 0.54395 12.001 -7.3835 6.30574 0.75974 0.60244 11.4832 -5.14165 6.76335 0.6097 420800000000 85800000000
 0.9400   628287 0.9500   636580      1       -1       -1       -1  0 2.28800e+11 2.09700e+11 124.612000 4.371000 127.310000  1 0.4700 140.090000 3.33420 59.57909 61.63302 -161.520 -53.650 -245.070 2.104e+11 -6.422e+10 -1.133e+11 0.08285 407359 407359 678087 3614 82 407352 407406 4.37144 209730000000 257390000000 200190000000 190660000000 162060000000 16.5845 3.57 0.08115 0.53689 0.33864 15.4918 -9.89048 4.34987 0.43994 0.10015 12.3543 -11.9982 0.94084 0.659 464000000000 66730000000
 0.9300   619974 0.9400   628287      1       -1       -1       -1  0 2.19267e+11 2.57400e+11 133.959000 27.138000 117.340000  1 0.4700 99.940000 3.31220 59.59174 61.56655 -155.520 -45.600 -226.780 3.918e+11 -1.286e+11 -1.983e+11 0.06753 407360 407360 678087 2710 81 407352 407406 27.1376 257390000000 343190000000 0 0 0 61.072 0 0.10703 0.09423 0.03325 24.943 5.64661 87.964 0 0 0 0 0 1.3456 291200000000 181100000000
 0.9200   611633 0.9300   619974      1       -1       -1       -1  0 2.19267e+11 1.90700e+11 121.698000 4.281000 117.520000  1 0.4700 136.510000 3.36725 59.60477 61.68834 -159.720 -58.750 -236.730 1.316e+11 -6.718e+10 -2.174e+10 0.06649 407361 407361 678087 3653 80 407352 407406 4.28133 200190000000 238320000000 200190000000 190660000000 133460000000 4.69447 3.95 0.0578 0.48725 0.33765 -5.3751 15.2804 -7.01886 0.19683 0.12203 -7.50894 16.3268 -7.32124 0.5789 418800000000 66730000000
 0.9100   603273 0.9200   611633      1       -1       -1       -1  0 2.09733e+11 2.09700e+11 126.131000 5.197000 112.650000  1 0.4700 134.810000 3.38527 59.61307 61.71645 -155.130 -50.550 -230.740 1.979e+11 -5.768e+10 -1.032e+11 0.08098 407362 407362 678087 3666 79 407352 407406 5.1971 209730000000 238320000000 190660000000 181130000000 142990000000 10.6411 0 0.07637 0.80174 0.41325 8.62593 12.4097 1.38753 0.71525 0.38643 5.58254 12.8721 -3.64529 0.5863 417000000000 47660000000
 0.9000   594909 0.9100   603273      1       -1       -1       -1  0 2.09733e+11 2.00200e+11 124.687000 6.706000 103.580000  1 0.4700 123.380000 3.40092 59.61815 61.74887 -156.350 -56.830 -227.780 1.357e+11 -4.060e+10 -6.172e+10 0.06041 407363 407363 678087 3667 78 407352 407406 6.70621 200190000000 238320000000 190660000000 171590000000 95330000000 3.81593 0 0.05551 0.66421 0.46545 6.03577 12.4476 0.44289 0.28569 0.20152 0.73721 14.1417 0.73843 0.5383 338300000000 47660000000
 0.8900   586510 0.9000   594909      1       -1       -1       -1  0 2.09733e+11 2.00200e+11 125.182000 6.817000 92.430000  1 0.4700 123.410000 3.42142 59.62221 61.78579 -158.290 -62.430 -231.030 1.669e+11 -4.731e+10 -5.525e+10 0.07253 407364 407364 678087 3707 77 407352 407406 6.81673 200190000000 219260000000 181130000000 162060000000 104860000000 9.76313 0 0.06564 0.65084 0.56232 7.65893 17.802 -2.11585 0.46934 0.33 4.27919 18.7206 1.66577 0.4708 306300000000 47660000000
 0.8800   578135 0.8900   586510      1       -1       -1       -1  1 2.09733e+11 1.95400e+11 124.659000 8.859000 86.600000  1 0.4700 116.300000 3.44043 59.62971 61.81353 -158.290 -62.430 -231.030 1.690e+11 -2.578e+10 -5.267e+10 0.07428 407365 407365 678087 8304 76 407352 407406 9.30635 195425000000 204960000000 181130000000 147760000000 76262500000 11.3646 0 0.067935 0.781095 0.496025 13.4267 9.32157 -3.25659 0.272675 0.16775 11.9818 6.09289 -0.32725 0.4428 270700000000 66730000000
 0.8700   569679 0.8800   578135      1       -1       -1       -1  0 2.09733e+11 1.90700e+11 124.132000 10.901000 79.850000  1 0.4700 108.190000 3.46771 59.65322 61.83730 -150.920 -62.120 -221.110 1.710e+11 -4.256e+09 -5.009e+10 0.07602 407366 407366 678087 7776 75 407352 407406 10.9006 190660000000 190660000000 181130000000 133460000000 47665000000 12.9662 0 0.07023 0.91135 0.42973 19.1944 0.84119 -4.39734 0.07601 0.0055 19.6845 -6.53478 -2.32027 0.4148 235100000000 85800000000
 0.8600   561225 0.8700   569679      1       -1       -1       -1  0 2.09733e+11 1.81100e+11 122.501000 10.939000 79.160000  1 0.4700 106.340000 3.47927 59.63986 61.85934 -147.420 -60.690 -219.850 1.518e+11 -1.598e+10 -6.995e+10 0.07440 407367 407367 678087 3732 74 407352 407406 10.9389 181130000000 190660000000 171590000000 123930000000 9533000000 13.174 0 0.07234 0.70331 0.55622 14.6646 14.2747 14.2261 0.82173 0.50499 -2.72413 16.544 12.3814 0.4403 224200000000 76260000000
 0.8500   552789 0.8600   561225      1       -1       -1       -1  0 2.09733e+11 1.81100e+11 122.974000 13.402000 78.670000  1 0.4700 102.110000 3.50238 59.64516 61.88731 -146.340 -60.090 -215.940 1.503e+11 -1.518e+10 -6.980e+10 0.06969 407368 407368 678087 3733 73 407352 407406 13.4016 181130000000 190660000000 171590000000 123930000000 0 18.1482 0 0.07198 0.726 0.23779 -2.57328 20.7037 18.4327 0.34195 0.13773 -12.5116 22.1951 16.6048 0.4665 207700000000 95330000000
 0.8400   544279 0.8500   552789      1       -1       -1       -1  0 2.09733e+11 1.71600e+11 121.239000 12.003000 74.870000  1 0.4700 102.820000 3.54600 59.68588 61.93530 -147.380 -64.200 -213.600 1.112e+11 -6.641e+09 -4.327e+10 0.05530 407369 407369 678087 3771 72 407352 407406 12.0027 171590000000 190660000000 162060000000 142990000000 0 23.4202 0 0.05681 0.4596 0.14483 34.5414 17.2414 -2.67947 0.10379 0 39.009 8.40807 -3.40577 0.4438 219800000000 76260000000
 0.8300   535767 0.8400   544279      1       -1       -1       -1  0 2.09733e+11 1.71600e+11 121.700000 12.077000 70.070000  1 0.4700 103.190000 3.56049 59.68734 61.96785 -144.930 -63.360 -206.350 1.141e+11 -1.049e+10 -4.378e+10 0.06167 407370 407370 678087 1656 71 407352 407406 12.0771 171590000000 181130000000 162060000000 123930000000 0 12.0202 3.39 0.05853 0.73821 0.31083 26.9699 11.6617 -3.30426 0.23511 0.0523 28.9306 -14.3351 1.71693 0.374 204100000000 76260000000
 0.8200   527180 0.8300   535767      1       -1       -1       -1  0 2.09733e+11 1.62100e+11 119.852000 10.372000 66.250000  1 0.4700 104.920000 3.57038 59.68850 62.00698 -143.830 -62.360 -202.680 8.543e+10 -3.745e+09 -3.244e+10 0.05461 407371 407371 678087 7885 70 407352 407406 10.3716 162060000000 171590000000 162060000000 114400000000 38132000000 9.19677 0 0.04822 0.75638 0.38746 9.58254 15.1471 -3.34888 0.63243 0.27791 3.45847 16.841 -4.394 0.3206 200400000000 76260000000
 0.8100   518538 0.8200   527180      1       -1       -1       -1  0 2.09733e+11 1.71600e+11 122.614000 13.876000 62.220000  1 0.4700 101.150000 3.60356 59.71266 62.03925 -143.750 -62.020 -201.480 1.075e+11 -7.186e+09 -3.968e+10 0.05879 407372 407372 678087 3814 69 407352 407406 13.8765 171590000000 181130000000 142990000000 123930000000 9533000000 14.3055 0 0.05524 0.34683 0.07221 15.9047 17.5775 -5.30193 0.11437 0.00954 9.12234 17.6736 -4.21015 0.3139 196500000000 85800000000
 0.8000   509865 0.8100   518538      1       -1       -1       -1  0 2.09733e+11 1.71600e+11 123.067000 14.297000 60.140000  1 0.4700 101.040000 3.62349 59.72311 62.06771 -137.490 -62.430 -196.180 6.760e+10 3.111e+09 -4.596e+10 0.04248 407373 407373 678087 8004 68 407352 407406 14.2967 171590000000 181130000000 142990000000 123930000000 0 9.53364 6.49 0.03954 0.48013 0.09053 25.1345 21.23 -11.0738 0.03276 0 -10.5936 21.1629 -12.1959 0.2917 193700000000 104900000000
 0.7900   501230 0.8000   509865      1       -1       -1       -1  0 2.09733e+11 1.52500e+11 118.763000 10.984000 59.080000  1 0.4700 102.570000 3.64787 59.73219 62.10132 -136.470 -61.300 -192.490 7.444e+10 -3.176e+10 8.312e+09 0.05325 407374 407374 678087 3837 67 407352 407406 10.9839 152530000000 181130000000 133460000000 123930000000 0 5.62277 0 0.04807 0.48403 0.17533 31.0421 23.7327 -10.9404 0.04564 0 48.2355 6.16367 -0.62896 0.2818 195100000000 57200000000
 0.7800   492589 0.7900   501230      1       -1       -1       -1  0 2.09733e+11 1.52500e+11 119.195000 13.818000 57.550000  1 0.4700 98.070000 3.67613 59.73908 62.13020 -135.400 -60.210 -188.900 7.318e+10 -3.036e+10 8.222e+09 0.05135 407375 407375 678087 7993 66 407352 407406 13.8182 152530000000 190660000000 133460000000 114400000000 9533000000 10.9167 0 0.04728 0.58951 0.0341 31.8602 18.0443 -8.57832 0.22 0.03207 31.14 26.8601 -14.0954 0.2771 173600000000 85800000000
 0.7700   483915 0.7800   492589      1       -1       -1       -1  0 2.09733e+11 1.62100e+11 122.066000 13.139000 57.180000  1 0.4700 102.120000 3.70139 59.74886 62.16525 -135.640 -56.350 -182.190 6.200e+10 -2.333e+10 -1.315e+09 0.03896 407376 407376 678087 3875 65 407352 407406 13.1387 162060000000 190660000000 142990000000 114400000000 9533000000 16.0435 0 0.03572 0.47677 0.17701 23.8857 14.5583 -12.7634 0.38119 0.04793 17.2893 12.0894 -8.67588 0.2594 185400000000 76260000000
 0.7600   475217 0.7700   483915      1       -1       -1       -1  0 2.09733e+11 1.62100e+11 122.501000 10.147000 62.860000  1 0.4700 108.930000 3.72137 59.75113 62.21583 -136.400 -55.080 -179.350 1.037e+11 -1.891e+10 2.179e+10 0.06730 407377 407377 678087 3908 64 407352 407406 10.1474 162060000000 171590000000 133460000000 123930000000 0 4.57258 6.19 0.0583 0.60727 0.27886 25.7523 3.07755 -10.3162 0.13076 0 25.5966 -3.50191 -12.052 0.2679 208200000000 66730000000
 0.7500   466488 0.7600   475217      1       -1       -1       -1  1 2.09733e+11 1.52500e+11 120.448000 7.550000 68.400000  1 0.4700 118.570000 3.74166 59.75932 0.24251 -136.400 -55.080 -179.350 6.508e+10 -1.024e+10 1.569e+10 0.04609 407378 407378 678087 8517 63 407352 407406 8.35479 152525000000 171590000000 138225000000 128695000000 33365500000 3.36619 3.095 0.03865 0.613415 0.21576 22.8396 1.68697 -9.76503 0.187315 0.00753 6.22712 0.940465 0.859215 0.278 241600000000 47665000000
 0.7400   457698 0.7500   466488      1       -1       -1       -1  0 2.09733e+11 1.43000e+11 118.322000 4.953000 73.170000  1 0.4700 126.860000 3.77472 59.77228 62.28898 -134.860 -47.740 -172.700 2.647e+10 -1.572e+09 9.584e+09 0.02487 407379 407379 678087 4136 62 407352 407406 4.95287 142990000000 171590000000 142990000000 133460000000 66731000000 2.1598 0 0.019 0.61956 0.15266 19.9269 0.29639 -9.21384 0.24387 0.01506 -13.1424 5.38284 13.7704 0.2881 275000000000 28600000000
 0.7300   448869 0.7400   457698      1       -1       -1       -1  0 2.09733e+11 1.43000e+11 118.730000 4.220000 79.060000  1 0.4700 133.940000 3.80203 59.78335 62.32639 -133.700 -46.360 -168.490 2.623e+10 -1.415e+09 8.949e+09 0.02592 407380 407380 678087 8363 61 407352 407406 4.21957 142990000000 152530000000 142990000000 142990000000 114400000000 1.414 0 0.01879 0.7405 0.48934 19.962 3.24 0.42229 0.71538 0.49072 19.7917 0.66898 0.22574 0.2987 302400000000 38130000000
 0.7200   440025 0.7300   448869      1       -1       -1       -1  0 2.09733e+11 1.43000e+11 119.136000 4.298000 84.020000  1 0.4700 134.020000 3.82815 59.78926 62.36299 -137.480 -52.590 -175.150 4.997e+10 -8.479e+09 4.323e+10 0.06347 407381 407381 678087 4221 60 407352 407406 4.29846 142990000000 152530000000 142990000000 142990000000 104860000000 3.85148 0 0.04535 0.77536 0.34259 15.3872 -12.236 4.68982 0.79684 0.27689 15.599 -12.6877 5.4469 0.3188 295200000000 38130000000
 0.7100   431111 0.7200   440025      1       -1       -1       -1  0 2.09733e+11 1.62100e+11 124.632000 8.449000 85.390000  1 0.4700 117.480000 3.86105 59.80483 62.36922 -129.950 -49.530 -167.620 7.285e+10 -3.307e+10 1.226e+10 0.04758 407382 407382 678087 8417 59 407352 407406 8.44889 162060000000 162060000000 142990000000 133460000000 0 24.2256 0 0.04497 0.5575 0.39065 -3.75439 -6.51582 31.0612 0.73817 0.33018 1.96595 4.25475 26.7813 0.439 219800000000 28600000000
 0.7000   422139 0.7100   431111      1       -1       -1       -1  0 2.09733e+11 1.62100e+11 125.048000 5.139000 83.330000  1 0.4700 135.810000 3.89437 59.80891 62.43420 -130.470 -49.900 -163.490 8.750e+10 -1.823e+10 1.245e+10 0.06800 407383 407383 678087 4233 58 407352 407406 5.13866 162060000000 162060000000 142990000000 142990000000 104860000000 12.0588 2.21 0.05041 0.82982 0.59195 12.8689 4.67277 -8.76153 0.82937 0.59765 12.9189 4.69441 -8.57647 0.3145 280500000000 57200000000
 0.6900   413141 0.7000   422139      1       -1       -1       -1  0 2.09733e+11 1.71600e+11 127.874000 21.682000 73.040000  1 0.4700 99.560000 3.93704 59.87080 62.44933 -122.380 -48.460 -162.290 4.930e+10 -1.494e+10 1.054e+10 0.02390 407384 407384 678087 4208 57 407352 407406 21.6818 171590000000 181130000000 162060000000 66731000000 0 36.4612 0 0.02685 0.33516 0.01977 3.8558 45.2015 -25.5509 0.2101 0.00676 -10.307 47.7054 -10.7969 0.4346 177200000000 133500000000
 0.6800   404137 0.6900   413141      1       -1       -1       -1  0 2.09733e+11 1.81100e+11 130.624000 25.308000 65.180000  1 0.4700 99.910000 3.96734 59.88118 62.48804 -123.750 -45.790 -161.520 4.894e+10 -3.773e+10 -9.942e+09 0.02788 407385 407385 678087 4394 56 407352 407406 25.3081 181130000000 200190000000 162060000000 76264000000 0 40.0357 0 0.02937 0.54197 0.0515 -6.62106 39.5984 -13.3253 0.53985 0.01447 -15.4161 29.7728 -2.5329 0.3444 176000000000 152500000000
 0.6700   395163 0.6800   404137      1       -1       -1       -1  0 2.09733e+11 1.81100e+11 131.045000 28.112000 58.690000  1 0.4700 99.120000 3.99820 59.89162 0.02715 -119.400 -47.680 -154.260 6.468e+10 -2.102e+10 8.574e+08 0.03222 407386 407386 678087 4219 55 407352 407406 28.1121 181130000000 200190000000 171590000000 95330000000 0 35.5906 0 0.03211 0.01996 0.00729 45.572 33.7187 -24.1844 0.75797 0.0435 29.5308 -2.04832 -12.3464 0.2719 176300000000 171600000000
 0.6600   386224 0.6700   395163      1       -1       -1       -1  0 2.09733e+11 1.81100e+11 131.461000 19.256000 53.730000  1 0.4700 105.740000 4.02391 59.84787 0.08150 -118.890 -42.450 -152.870 2.733e+10 -2.673e+10 -2.797e+10 0.02452 407387 407387 678087 3114 54 407352 407406 19.2555 181130000000 181130000000 162060000000 104860000000 0 20.3181 0 0.02249 0.67085 0.21106 33.0181 -27.588 -4.49772 0.39576 0.09266 38.2608 -18.3639 -10.2122 0.2069 191400000000 114400000000
 0.6500   377189 0.6600   386224      1       -1       -1       -1  0 2.09733e+11 1.90700e+11 134.147000 15.036000 55.290000  1 0.4700 114.020000 4.04182 59.87770 0.13525 -117.060 -45.480 -148.180 6.591e+10 -3.699e+10 -1.637e+10 0.03777 407388 407388 678087 3154 53 407352 407406 15.0362 190660000000 190660000000 171590000000 133460000000 0 12.5776 2.06 0.03392 0.65174 0.34913 -15.107 32.6223 -6.91631 0.25828 0.22521 -21.4608 27.6488 -11.1815 0.2043 195100000000 114400000000
 0.6400   368108 0.6500   377189      1       -1       -1       -1  0 2.09733e+11 1.81100e+11 132.280000 14.062000 57.790000  1 0.4700 114.070000 4.06760 59.90015 0.16627 -115.440 -38.980 -144.860 5.178e+10 -2.629e+10 -2.502e+10 0.03464 407389 407389 678087 3136 52 407352 407406 14.0615 181130000000 190660000000 171590000000 142990000000 0 4.70799 0 0.0304 0.55553 0.12506 31.6456 -14.4298 -9.30057 0.08483 0 30.4806 -21.7813 -17.751 0.2078 202400000000 85800000000
 0.6300   358993 0.6400   368108      1       -1       -1       -1  0 2.09733e+11 1.71600e+11 130.313000 11.464000 60.380000  1 0.4700 117.670000 4.09930 59.90616 0.20422 -114.020 -39.700 -139.350 3.443e+10 -1.955e+10 -1.161e+10 0.02539 407390 407390 678087 2009 51 407352 407406 11.4638 171590000000 200190000000 171590000000 142990000000 0 10.0918 0 0.02184 0.69269 0.43678 -21.9057 28.8301 -9.66341 0.63782 0.11875 -16.8031 30.3014 9.23876 0.2182 217000000000 47660000000
 0.6200   349902 0.6300   358993      1       -1       -1       -1  0 2.09733e+11 1.81100e+11 133.081000 14.934000 67.230000  1 0.4700 114.220000 4.16092 59.92704 0.23647 -111.970 -33.950 -135.260 3.191e+10 -2.039e+10 2.075e+10 0.02340 407391 407391 678087 3128 50 407352 407406 14.9344 181130000000 209730000000 181130000000 123930000000 28599000000 20.7033 0 0.02103 0.51406 0.27138 23.1695 -21.7155 7.51379 0.47886 0.00448 -6.83981 21.2753 -6.53901 0.264 186800000000 104900000000
 0.6100   340783 0.6200   349902      1       -1       -1       -1  0 2.09733e+11 1.71600e+11 131.090000 10.919000 73.750000  1 0.4700 120.790000 4.16793 59.94794 0.27748 -109.180 -35.450 -131.840 2.646e+10 -4.096e+08 4.465e+10 0.03435 407392 407392 678087 3138 49 407352 407406 10.9185 171590000000 181130000000 162060000000 152530000000 66731000000 9.06964 4.01 0.02784 0.53275 0.38601 -2.75317 16.9321 -6.88916 0.47732 0.31629 -5.85847 15.0417 -5.54048 0.2677 208500000000 76260000000
 0.6000   331641 0.6100   340783      1       -1       -1       -1  0 2.09733e+11 2.00200e+11 138.403000 12.893000 69.460000  1 0.4700 124.700000 4.22993 59.94867 0.32102 -111.810 -30.290 -131.330 3.159e+10 2.431e+10 2.627e+10 0.02269 407393 407393 678087 4167 48 407352 407406 12.8935 200190000000 219260000000 190660000000 133460000000 0 8.26828 0 0.01994 0.9449 0.47078 30.4861 -7.71091 -4.75344 0.71133 0.31692 22.6214 -21.8547 1.44446 0.2555 221200000000 95330000000
 0.5900   322473 0.6000   331641      1       -1       -1       -1  0 2.09733e+11 1.81100e+11 134.244000 12.567000 69.030000  1 0.4700 121.310000 4.24002 59.97976 0.36169 -109.620 -25.510 -128.350 3.061e+10 2.290e+10 6.841e+10 0.04670 407394 407394 678087 2047 47 407352 407406 12.5667 181130000000 181130000000 162060000000 142990000000 76264000000 16.5931 0 0.03895 0.75254 0.63131 6.68547 16.904 -15.3518 0.89399 0.67739 -2.13123 17.0803 -8.05882 0.2464 194000000000 95330000000
 0.5800   313227 0.5900   322473      1       -1       -1       -1  0 2.09733e+11 1.90700e+11 136.942000 18.866000 65.470000  1 0.4700 114.670000 4.27815 59.99258 0.40251 -106.460 -31.330 -122.980 3.281e+10 8.907e+09 3.208e+10 0.02423 407395 407395 678087 3230 46 407352 407406 18.866 190660000000 190660000000 171590000000 133460000000 0 25.3415 0 0.02148 0.69891 0.59076 22.9946 -19.1617 0.53852 0.79317 0.1905 -10.3435 20.5425 0.0185 0.2407 189700000000 133500000000
 0.5700   304003 0.5800   313227      1       -1       -1       -1  0 2.09733e+11 2.00200e+11 139.571000 18.399000 68.500000  1 0.4700 118.390000 4.33414 60.00023 0.44000 -104.770 -27.890 -124.440 6.152e+10 4.176e+10 5.855e+10 0.04373 407396 407396 678087 3228 45 407352 407406 18.3994 200190000000 209730000000 190660000000 133460000000 0 19.2146 0 0.04039 0.44479 0.35019 48.2471 -18.9762 0.18867 0.49684 0.04101 -10.1304 -17.0256 25.3873 0.2657 194200000000 133500000000
 0.5600   294751 0.5700   304003      1       -1       -1       -1  0 2.09733e+11 2.19300e+11 144.257000 32.905000 63.260000  1 0.4700 112.830000 4.38182 60.00330 0.49012 -102.280 -27.380 -120.620 6.133e+10 5.021e+10 5.680e+10 0.03918 407397 407397 678087 3217 44 407352 407406 32.9048 219260000000 219260000000 171590000000 114400000000 19066000000 13.32 0 0.03603 0.51591 0.39853 37.2437 -23.624 5.20202 0.81891 0.65141 -15.4072 17.4551 -7.78101 0.225 191600000000 190700000000
 0.5500   285500 0.5600   294751      1       -1       -1       -1  0 2.09733e+11 2.09700e+11 142.512000 29.768000 61.120000  1 0.4700 113.270000 4.42493 60.01053 0.53680 -103.330 -27.550 -117.880 5.788e+10 5.307e+10 3.866e+10 0.03851 407398 407398 678087 3204 43 407352 407406 29.7677 209730000000 209730000000 181130000000 123930000000 19066000000 6.02905 0 0.0351 0.50708 0.2482 -24.5588 33.232 -13.345 0.88659 0.36337 -9.70204 22.2627 -12.673 0.2125 182900000000 181100000000
 0.5400   276281 0.5500   285500      1       -1       -1       -1  0 2.06533e+11 2.00200e+11 140.684000 31.330000 61.450000  1 0.4700 111.500000 4.45702 60.00217 0.59197 -103.160 -24.990 -117.810 5.894e+10 4.181e+10 1.295e+10 0.03372 407399 407399 678087 3223 42 407352 407406 31.3303 200190000000 209730000000 181130000000 123930000000 9533000000 16.8362 2.75 0.03206 0.25038 0.02824 -21.518 51.5248 -34.0021 0.87836 0.44355 -3.81265 20.7328 -8.92379 0.2333 178300000000 181100000000
 0.5300   267040 0.5400   276281      1       -1       -1       -1  0 1.97000e+11 2.09700e+11 143.246000 53.504000 58.700000  1 0.4700 109.450000 4.49699 60.01317 0.63729 -98.980 -26.120 -108.970 7.150e+10 3.137e+10 1.994e+10 0.03367 407400 407400 678087 3229 41 407352 407406 53.5044 209730000000 219260000000 162060000000 95330000000 0 14.9636 5.07 0.03283 0.24399 0.10416 -8.13777 54.915 -38.343 0.78021 0.34888 -7.67411 28.2849 -19.7546 0.2201 185200000000 228800000000
 0.5200   257810 0.5300   267040      1       -1       -1       -1  0 1.81100e+11 1.81100e+11 136.753000 32.824000 57.240000  1 0.4700 108.670000 4.53763 60.02425 0.68287 -99.450 -30.830 -105.210 5.401e+10 2.558e+10 4.471e+09 0.03144 407401 407401 678087 8612 40 407352 407406 32.8236 181130000000 181130000000 152530000000 95330000000 0 13.7723 5.6 0.03143 0.61255 0.0351 -21.1658 34.4529 -12.5331 0.67373 0.19726 -23.072 28.6937 -18.5859 0.236 177200000000 171600000000
 0.5100   248536 0.5200   257810      1       -1       -1       -1  0 1.55700e+11 1.52500e+11 129.454000 26.576000 48.070000  1 0.4700 105.500000 4.59799 60.03861 0.73218 -108.560 -27.120 -101.300 5.064e+10 1.122e+10 -1.847e+10 0.03864 407402 407402 678087 2062 39 407352 407406 26.5758 152530000000 152530000000 152530000000 66731000000 9533000000 9.19074 7.6 0.03879 0.23326 0.05166 17.1615 -30.6384 35.9683 0.31658 0.0793 -14.0431 24.486 38.0131 0.1954 166700000000 104900000000
 0.5000   239366 0.5100   248536      1       -1       -1       -1  0 1.52500e+11 1.33500e+11 124.112000 25.990000 43.480000  1 0.4700 101.520000 4.64066 60.05043 0.77807 -110.690 -33.750 -94.610 3.798e+10 2.470e+10 -6.992e+09 0.04121 407403 407403 678087 8567 38 407352 407406 25.9903 133460000000 142990000000 123930000000 47665000000 0 8.22679 6.13 0.04069 0.67589 0.23073 -22.2866 15.2052 43.8644 0.616 0.29655 -23.7428 5.84665 33.1834 0.1651 153700000000 123900000000
 0.4900   230185 0.5000   239366      1       -1       -1       -1  0 1.52500e+11 1.52500e+11 130.061000 26.176000 41.590000  1 0.4700 107.660000 4.68395 60.06230 0.82418 -107.950 -33.480 -90.610 6.726e+10 1.021e+10 8.521e+09 0.05060 407404 407404 678087 2025 37 407352 407406 26.1758 152530000000 152530000000 123930000000 57198000000 0 15.0196 5.35 0.04916 0.13338 0.03358 -19.8497 21.2269 40.958 0.1252 0.03579 -19.7716 20.8137 42.716 0.1279 141000000000 114400000000
 0.4800   221031 0.4900   230185      1       -1       -1       -1  0 1.52500e+11 1.43000e+11 127.580000 27.568000 42.040000  1 0.4700 105.350000 4.72787 60.07421 0.87049 -106.850 -32.370 -89.680 5.614e+10 1.674e+10 1.683e+09 0.04895 407405 407405 678087 3153 36 407352 407406 27.5682 142990000000 142990000000 123930000000 57198000000 0 15.0611 2.79 0.04722 0.0675 0 38.5614 -32.1406 -29.1781 0.65549 0.04089 44.2853 25.9238 3.14681 0.1333 126500000000 123900000000
 0.4700   211897 0.4800   221031      0       -1       -1       -1  0 1.52500e+11 1.52500e+11 130.641000 36.930000 40.770000  1 0.4700 105.610000 4.77240 60.08618 0.91699 -103.190 -28.110 -85.840 5.539e+10 1.239e+10 1.085e+10 0.04373 407406 407406 678087 2007 35 407352 407406 36.9304 152530000000 152530000000 114400000000 19066000000 0 29.6836 0 0.04221 0.28462 0.04695 44.9466 5.46989 -31.0265 0 0 0 0 0 0.1195 131600000000 152500000000
