 1.0000   681346 0.0000       -1      1       -1       -1       -1  0 1.84300e+11 1.71600e+11 113.685000 4.503000 90.750000  1 0.3700 123.980000 34.97143 61.30210 18.87893 -47.110 -291.020 178.730 1.295e+10 5.581e+10 4.567e+10 0.04043 517587 517587 681346 6861 88 517586 517650 4.5029 171590000000 190660000000 162060000000 162060000000 123930000000 4.68048 0 0.03296 0.68482 0.50205 3.65582 -6.96832 18.0544 0.70314 0.42371 0.944 -1.7292 18.5292 0.4452 364500000000 38130000000
 0.9900   673231 1.0000   681346      1       -1       -1       -1  0 1.84300e+11 1.81100e+11 116.240000 5.346000 86.630000  1 0.3700 121.160000 34.97469 61.33280 18.85364 -46.210 -287.490 178.870 3.645e+10 6.299e+10 3.383e+10 0.04087 517588 517588 681346 6862 87 517586 517650 5.34583 181130000000 190660000000 162060000000 142990000000 104860000000 11.7611 1.75 0.03309 0.75106 0.49723 1.31456 11.7261 -9.57054 0.81582 0.36828 2.31765 12.5054 -4.61766 0.4097 344600000000 66730000000
 0.9800   664789 0.9900   673231      1       -1       -1       -1  0 1.84300e+11 1.71600e+11 114.642000 5.013000 88.280000  1 0.3700 121.120000 34.97744 61.35617 18.83928 -45.350 -283.890 178.960 1.297e+10 5.515e+10 4.482e+10 0.04191 517589 517589 681346 6871 86 517586 517650 5.01252 171590000000 181130000000 162060000000 142990000000 95330000000 5.18359 0 0.03269 0.58733 0.52483 -2.33205 -7.9927 10.3245 0.58181 0.5053 -2.27759 -6.7393 10.8581 0.4075 306100000000 66730000000
 0.9700   656392 0.9800   664789      1       -1       -1       -1  0 1.84300e+11 1.81100e+11 117.213000 5.731000 84.600000  1 0.3700 119.770000 34.98296 61.38763 18.81696 -44.530 -280.200 179.030 3.569e+10 6.330e+10 3.353e+10 0.04225 517590 517590 681346 5906 85 517586 517650 5.73051 181130000000 181130000000 162060000000 142990000000 95330000000 7.96199 2.29 0.0332 0.70965 0.35232 -5.19282 -8.31276 13.6069 0.71168 0.18796 -4.14124 -6.50448 15.2211 0.3809 312100000000 66730000000
 0.9600   648047 0.9700   656392      1       -1       -1       -1  0 1.84300e+11 1.81100e+11 117.699000 5.828000 83.510000  1 0.3700 119.710000 34.98911 61.41750 18.79778 -44.230 -277.920 176.980 3.344e+10 6.202e+10 3.493e+10 0.04154 517591 517591 681346 6923 84 517586 517650 5.82809 181130000000 181130000000 171590000000 142990000000 76264000000 6.63767 0 0.03272 0.67266 0.37035 -6.778 -7.4363 15.2969 0.76941 0.46739 -5.40853 -4.43622 13.5172 0.3741 326300000000 66730000000
 0.9500   639711 0.9600   648047      1       -1       -1       -1  0 1.84300e+11 1.71600e+11 116.074000 3.929000 85.740000  1 0.3700 132.050000 34.99213 61.44510 18.78460 -43.010 -272.440 179.190 1.356e+10 5.531e+10 4.425e+10 0.04310 517592 517592 681346 6935 83 517586 517650 3.92915 171590000000 181130000000 171590000000 133460000000 114400000000 6.02616 0 0.03294 0.65448 0.58513 -6.68567 -3.47764 15.3286 0.67338 0.47684 -7.87276 0.43562 12.9528 0.3794 371500000000 66730000000
 0.9400   631394 0.9500   639711      1       -1       -1       -1  0 1.84300e+11 1.71600e+11 116.549000 3.696000 87.320000  1 0.3700 135.190000 34.99744 61.46950 18.76796 -41.140 -270.740 174.990 2.870e+10 5.102e+10 2.919e+10 0.04068 517593 517593 681346 6935 82 517586 517650 3.69648 171590000000 181130000000 171590000000 133460000000 114400000000 6.64605 0 0.02998 0.88309 0.75365 -0.46871 10.7458 8.64522 0.85862 0.45967 -8.93975 4.16395 8.40325 0.3672 385300000000 76260000000
 0.9300   623060 0.9400   631394      1       -1       -1       -1  0 1.84300e+11 1.81100e+11 119.152000 4.398000 86.760000  1 0.3700 131.800000 35.00375 61.49649 18.74534 -40.420 -267.400 175.440 3.584e+10 6.263e+10 3.714e+10 0.04613 517594 517594 681346 6972 81 517586 517650 4.39755 181130000000 181130000000 171590000000 142990000000 104860000000 12.7296 1.81 0.0341 0.89743 0.66016 -1.21489 11.4195 -4.47 0.74986 0.53495 9.11534 -1.88295 5.99178 0.358 344900000000 85800000000
 0.9200   614712 0.9300   623060      1       -1       -1       -1  0 1.84300e+11 1.81100e+11 119.635000 3.646000 86.550000  1 0.3700 140.320000 35.00756 61.53156 18.72487 -40.930 -263.940 176.580 3.386e+10 6.211e+10 3.486e+10 0.04384 517595 517595 681346 6977 80 517586 517650 3.64617 181130000000 181130000000 152530000000 142990000000 114400000000 11.636 0 0.03325 0.73837 0.39199 -4.16189 11.3245 -5.11199 0.65137 0.2864 -4.00656 11.688 -1.69252 0.3673 418300000000 85800000000
 0.9100   606338 0.9200   614712      1       -1       -1       -1  0 1.84300e+11 1.81100e+11 120.116000 4.578000 85.570000  1 0.3700 131.420000 35.01291 61.56321 18.70221 -40.120 -260.350 176.490 3.382e+10 6.204e+10 3.470e+10 0.04423 517596 517596 681346 7003 79 517586 517650 4.57773 181130000000 181130000000 152530000000 152530000000 114400000000 11.998 0 0.0333 0.61059 0.50871 -1.9968 16.4704 -3.39524 0.47816 0.4174 -2.75409 16.4847 -0.47489 0.3574 352500000000 66730000000
 0.9000   597958 0.9100   606338      1       -1       -1       -1  0 1.84300e+11 1.81100e+11 120.596000 4.688000 87.600000  1 0.3700 131.100000 35.01876 61.59875 18.67709 -37.690 -251.800 174.160 5.167e+10 8.246e+10 4.961e+10 0.06087 517597 517597 681346 6942 78 517586 517650 4.68778 181130000000 181130000000 162060000000 152530000000 114400000000 10.6414 0 0.04637 0.6461 0.47915 -1.43299 -3.74749 15.9222 0.51135 0.36372 -2.51051 1.79873 15.3903 0.3693 346900000000 66730000000
 0.8900   589542 0.9000   597958      1       -1       -1       -1  0 1.84300e+11 1.81100e+11 121.074000 4.546000 89.070000  1 0.3700 132.950000 35.02767 61.63108 18.65165 -36.680 -248.610 173.790 5.082e+10 8.190e+10 4.909e+10 0.05986 517598 517598 681346 6978 77 517586 517650 4.54647 181130000000 181130000000 162060000000 152530000000 123930000000 6.40865 0 0.04609 0.53084 0.35361 -3.60349 -3.34502 17.453 0.4147 0.22343 -3.1104 0.86319 15.5106 0.3811 373100000000 66730000000
 0.8800   581152 0.8900   589542      1       -1       -1       -1  0 1.84300e+11 1.71600e+11 119.381000 4.921000 87.720000  1 0.3700 127.440000 35.03764 61.66252 18.62510 -36.950 -246.730 176.280 2.865e+10 6.320e+10 3.024e+10 0.04583 517599 517599 681346 6951 76 517586 517650 4.92132 171590000000 181130000000 171590000000 142990000000 114400000000 7.36809 0 0.03542 0.64064 0.42751 -8.82923 -5.11604 19.0854 0.70918 0.48275 -11.3966 -0.22455 15.0419 0.3834 335800000000 47660000000
 0.8700   572676 0.8800   581152      1       -1       -1       -1  0 1.84300e+11 1.71600e+11 119.848000 5.170000 87.720000  1 0.3700 126.220000 35.04567 61.69147 18.59998 -34.350 -242.960 174.550 4.794e+10 7.145e+10 4.291e+10 0.05751 517600 517600 681346 6026 75 517586 517650 5.16974 171590000000 171590000000 171590000000 142990000000 104860000000 9.47887 0 0.04517 0.56858 0.36733 -15.2421 3.28899 15.7863 0.50457 0.34379 -13.3187 -0.72727 15.3408 0.389 328700000000 66730000000
 0.8600   564211 0.8700   572676      1       -1       -1       -1  0 1.84300e+11 1.71600e+11 120.313000 4.333000 84.530000  1 0.3700 133.750000 35.04035 61.73114 18.58534 -28.910 -238.190 170.220 4.262e+10 3.158e+10 2.320e+10 0.03868 517601 517601 681346 7153 74 517586 517650 4.33317 171590000000 171590000000 171590000000 142990000000 123930000000 8.90076 0 0.0273 0.82605 0.58302 -7.03192 12.1291 2.90235 0.70636 0.56425 -5.5414 12.8272 0.85266 0.32 361600000000 76260000000
 0.8500   555769 0.8600   564211      1       -1       -1       -1  0 1.84300e+11 1.71600e+11 120.777000 3.449000 84.600000  1 0.3700 144.360000 35.04454 61.76772 18.55854 -27.640 -235.220 170.490 4.180e+10 2.817e+10 2.121e+10 0.03684 517602 517602 681346 7099 73 517586 517650 3.44913 171590000000 171590000000 171590000000 142990000000 114400000000 7.61647 0 0.02589 0.73881 0.64205 2.40698 15.4285 2.38903 0.71782 0.4841 4.589 14.3675 2.29647 0.3172 397300000000 76260000000
 0.8400   547264 0.8500   555769      1       -1       -1       -1  0 1.84300e+11 1.71600e+11 121.239000 5.004000 82.680000  1 0.3700 129.390000 35.05068 61.79746 18.53017 -26.640 -232.230 170.780 4.099e+10 2.621e+10 1.992e+10 0.03516 517603 517603 681346 7121 72 517586 517650 5.00447 171590000000 171590000000 162060000000 142990000000 114400000000 6.09211 0 0.02499 0.85918 0.34494 -2.42547 -5.68827 8.88006 0.94099 0.37118 2.46746 8.41496 -4.77679 0.3112 310900000000 76260000000
 0.8300   538739 0.8400   547264      1       -1       -1       -1  0 1.84300e+11 1.71600e+11 121.700000 6.103000 78.870000  1 0.3700 122.790000 35.05773 61.83493 18.49894 -25.820 -229.120 170.900 4.022e+10 2.572e+10 1.928e+10 0.03404 517604 517604 681346 7124 71 517586 517650 6.10254 171590000000 171590000000 162060000000 152530000000 95330000000 3.08737 0 0.02457 0.82976 0.58388 -2.71004 -4.34068 11.058 0.76258 0.56894 -2.72959 -4.37671 10.8959 0.2966 305400000000 57200000000
 0.8200   530142 0.8300   538739      1       -1       -1       -1  0 1.84300e+11 1.71600e+11 122.158000 5.128000 80.150000  1 0.3700 129.810000 35.06169 61.86968 18.47336 -25.050 -225.870 170.830 3.950e+10 2.562e+10 1.877e+10 0.03425 517605 517605 681346 6144 70 517586 517650 5.12837 171590000000 171590000000 162060000000 152530000000 104860000000 4.71965 0 0.02429 0.75029 0.57656 0.51359 15.4908 -7.84498 0.62258 0.59301 1.37284 14.6721 -8.41898 0.294 299500000000 76260000000
 0.8100   521491 0.8200   530142      1       -1       -1       -1  0 1.84300e+11 1.71600e+11 122.614000 4.369000 84.170000  1 0.3700 136.960000 35.06781 61.90650 18.44331 -24.310 -222.540 170.680 3.880e+10 2.555e+10 1.823e+10 0.03418 517606 517606 681346 7201 69 517586 517650 4.36921 171590000000 171590000000 152530000000 152530000000 104860000000 5.5292 0 0.02402 0.67227 0.39774 -3.36584 -5.91215 9.04051 0.6242 0.39558 -4.41754 -4.87066 8.84138 0.3092 340800000000 66730000000
 0.8000   512807 0.8100   521491      1       -1       -1       -1  0 1.84300e+11 1.71600e+11 123.067000 4.935000 81.790000  1 0.3700 132.730000 35.07426 61.94365 18.41241 -23.580 -219.150 170.470 3.815e+10 2.549e+10 1.768e+10 0.03321 517607 517607 681346 6226 68 517586 517650 4.93525 171590000000 171590000000 152530000000 152530000000 123930000000 7.71107 0 0.02377 0.90142 0.48735 -9.08538 0.96815 9.29295 0.72121 0.45382 -8.24921 -2.27096 9.83775 0.3039 334200000000 66730000000
 0.7900   504161 0.8000   512807      1       -1       -1       -1  0 1.84300e+11 1.71600e+11 123.519000 4.949000 76.330000  1 0.3700 133.360000 35.08061 61.98117 18.38110 -23.550 -215.080 168.920 3.883e+10 2.698e+10 1.714e+10 0.03387 517608 517608 681346 7223 67 517586 517650 4.94913 171590000000 171590000000 152530000000 152530000000 114400000000 10.1772 1.58 0.02442 0.66523 0.49156 -12.2011 -2.56161 14.2065 0.56241 0.47902 -12.4781 -1.80419 14.2699 0.2772 320000000000 57200000000
 0.7800   495520 0.7900   504161      1       -1       -1       -1  0 1.84300e+11 1.62100e+11 121.628000 3.986000 79.610000  1 0.3700 139.750000 35.08466 62.01840 18.35229 -22.610 -211.980 168.550 2.138e+10 1.516e+10 2.038e+10 0.02576 517609 517609 681346 6167 66 517586 517650 3.98592 162060000000 171590000000 152530000000 152530000000 114400000000 4.31544 0 0.01781 0.71128 0.58751 13.1134 4.55379 8.7078 0.35023 0.11996 12.2767 8.0601 11.0303 0.2819 351700000000 66730000000
 0.7700   486835 0.7800   495520      1       -1       -1       -1  0 1.84300e+11 1.62100e+11 122.066000 4.859000 86.060000  1 0.3700 132.310000 35.08437 62.07348 18.32330 -21.670 -208.840 168.150 2.113e+10 1.509e+10 2.031e+10 0.02284 517610 517610 681346 7170 65 517586 517650 4.85928 162060000000 162060000000 162060000000 142990000000 114400000000 14.5084 0 0.01777 0.49397 0.23035 2.57519 19.9468 6.33696 0.42274 0.06227 4.49256 21.3216 8.33113 0.3667 293000000000 38130000000
 0.7600   478131 0.7700   486835      1       -1       -1       -1  1 1.84300e+11 1.62100e+11 122.501000 4.991000 78.900000  1 0.3700 132.040000 35.08754 0.10403 18.29870 -21.670 -208.840 168.150 2.116e+10 1.541e+10 2.062e+10 0.02412 517611 517611 681346 8569 64 517586 517650 4.99504 162060000000 162060000000 152525000000 138225000000 114400000000 13.0283 0 0.01805 0.65137 0.254575 6.93617 13.6215 -1.27023 0.64174 0.18195 7.4109 13.3211 0.38788 0.30835 296850000000 47665000000
 0.7500   469410 0.7600   478131      1       -1       -1       -1  0 1.84300e+11 1.62100e+11 122.933000 5.124000 70.120000  1 0.3700 131.770000 35.10290 62.13651 18.25186 -19.830 -202.520 167.390 2.120e+10 1.573e+10 2.092e+10 0.02540 517612 517612 681346 7326 63 517586 517650 5.12379 162060000000 162060000000 142990000000 133460000000 114400000000 11.5481 0 0.01833 0.80877 0.2788 11.2972 7.2963 -8.87742 0.86074 0.30163 10.3292 5.32064 -7.55537 0.25 300700000000 57200000000
 0.7400   460606 0.7500   469410      1       -1       -1       -1  0 1.84300e+11 1.62100e+11 123.362000 6.695000 58.250000  1 0.3700 122.780000 35.09925 62.18090 18.22248 -21.530 -194.480 166.980 1.922e+10 6.714e+09 -4.639e+09 0.01518 517613 517613 681346 7244 62 517586 517650 6.69524 162060000000 162060000000 142990000000 133460000000 95330000000 0.00256 0 0.01142 0.60548 0.38159 20.0491 4.50863 -14.2189 0.54051 0.36118 20.2258 1.01612 -12.3582 0.1961 242400000000 38130000000
 0.7300   451779 0.7400   460606      1       -1       -1       -1  0 1.84300e+11 1.52500e+11 121.312000 7.676000 54.760000  1 0.3700 116.010000 35.10778 62.21591 18.18820 -20.220 -192.920 165.100 4.728e+09 -2.802e+09 5.397e+09 0.00633 517614 517614 681346 6240 61 517586 517650 7.6758 152530000000 152530000000 133460000000 133460000000 76264000000 0.00093 0 0.00469 0.50962 0.47422 23.344 5.21277 -11.3372 0.43639 0.30887 23.9355 4.70525 -10.4155 0.1761 235400000000 66730000000
 0.7200   442934 0.7300   451779      1       -1       -1       -1  0 1.84300e+11 1.52500e+11 121.727000 7.743000 58.560000  1 0.3700 116.440000 35.10444 62.26204 18.15228 -20.810 -187.650 166.450 1.672e+10 -2.246e+09 -1.180e+10 0.01621 517615 517615 681346 7353 60 517586 517650 7.74343 152530000000 152530000000 142990000000 133460000000 47665000000 10.1077 0 0.01259 0.50307 0.339 29.8614 -0.57645 -6.91571 0.06658 0 31.0663 -6.4741 -4.48813 0.2049 237300000000 47660000000
 0.7100   434028 0.7200   442934      1       -1       -1       -1  0 1.84300e+11 1.52500e+11 122.138000 6.899000 65.440000  1 0.3700 120.870000 35.10984 62.30259 18.11605 -19.550 -184.030 165.540 1.636e+10 -3.018e+09 -1.218e+10 0.01599 517616 517616 681346 6321 59 517586 517650 6.89894 152530000000 152530000000 142990000000 133460000000 47665000000 10.0154 0 0.01267 0.63013 0.28722 26.9086 3.95228 -8.99844 0.26122 0.086 21.5185 3.69096 -18.0211 0.2485 246000000000 28600000000
 0.7000   425056 0.7100   434028      1       -1       -1       -1  0 1.84300e+11 1.52500e+11 122.546000 6.491000 71.560000  1 0.3700 123.700000 35.11438 62.34517 18.07674 -18.360 -180.420 164.680 1.609e+10 -3.806e+09 -1.220e+10 0.01595 517617 517617 681346 7406 58 517586 517650 6.49138 152530000000 152530000000 142990000000 133460000000 66731000000 8.82107 0 0.0127 0.46346 0.27663 29.7406 2.85713 1.70149 0.49835 0.31664 27.5156 3.43481 1.77588 0.2844 254000000000 19070000000
 0.6900   416054 0.7000   425056      1       -1       -1       -1  0 1.84300e+11 1.52500e+11 122.951000 6.675000 65.930000  1 0.3700 123.550000 35.11912 62.38580 18.04145 -17.220 -176.830 163.880 1.595e+10 -4.676e+09 -1.211e+10 0.01609 517618 517618 681346 7350 57 517586 517650 6.6745 152530000000 152530000000 142990000000 142990000000 9533000000 11.3292 0 0.01278 0.38229 0.31646 25.2515 2.23315 -2.18588 0.28239 0.01126 31.4443 -0.16769 -7.29952 0.2508 249800000000 19070000000
 0.6800   407044 0.6900   416054      1       -1       -1       -1  0 1.84300e+11 1.71600e+11 128.291000 8.468000 64.190000  1 0.3700 122.600000 35.13269 62.42741 17.99172 -16.080 -173.250 163.160 6.073e+10 -6.355e+10 -3.350e+10 0.06067 517619 517619 681346 7377 56 517586 517650 8.46802 171590000000 171590000000 142990000000 133460000000 38132000000 15.1619 9.3 0.04831 0.31273 0.16189 28.138 0.44734 7.81472 0.07911 0.00316 35.9959 0.40989 10.5782 0.2243 230400000000 47660000000
 0.6700   398036 0.6800   407044      1       -1       -1       -1  0 1.84300e+11 1.71600e+11 128.704000 9.165000 65.950000  1 0.3700 120.920000 35.13665 62.47499 17.95337 -9.320 -161.860 159.720 5.937e+10 -6.024e+10 -2.413e+10 0.05733 517620 517620 681346 7475 55 517586 517650 9.16468 171590000000 171590000000 162060000000 133460000000 85797000000 11.1107 0 0.04543 0.26982 0.16752 27.3339 0.46515 11.7291 0.20167 0.00724 24.5138 2.06147 12.4885 0.2279 230800000000 66730000000
 0.6600   389116 0.6700   398036      1       -1       -1       -1  0 1.84300e+11 1.71600e+11 129.113000 8.453000 66.720000  1 0.3700 124.310000 35.13906 0.02025 17.91060 -13.560 -166.300 162.300 6.308e+10 -6.492e+10 -2.806e+10 0.06327 517621 517621 681346 5362 54 517586 517650 8.45276 171590000000 171590000000 162060000000 142990000000 85797000000 7.7881 11.03 0.04924 0.57743 0.31705 22.9337 10.0152 10.4505 0.37706 0.18366 22.1611 6.25896 16.1752 0.2291 220500000000 66730000000
 0.6500   380091 0.6600   389116      1       -1       -1       -1  0 1.84300e+11 1.71600e+11 129.518000 7.914000 69.300000  1 0.3700 127.380000 35.13723 0.07449 17.86837 -10.800 -157.670 162.450 6.613e+10 -6.215e+10 -1.865e+10 0.06341 517622 517622 681346 4196 53 517586 517650 7.9138 171590000000 171590000000 162060000000 162060000000 66731000000 10.6623 8.06 0.04843 0.335 0.28784 16.5597 10.7735 11.7031 0.27202 0.16725 11.5171 10.4062 10.2887 0.2327 236500000000 47660000000
 0.6400   371022 0.6500   380091      1       -1       -1       -1  0 1.84300e+11 1.71600e+11 129.918000 7.015000 71.580000  1 0.3700 132.560000 35.14509 0.11036 17.81985 -8.250 -152.880 162.060 6.021e+10 -6.348e+10 -2.378e+10 0.06247 517623 517623 681346 4178 52 517586 517650 7.01517 171590000000 171590000000 171590000000 152530000000 104860000000 5.24623 8.04 0.04769 0.59994 0.303 14.8738 21.2114 12.84 0.1115 0.00357 12.7782 19.0414 14.5809 0.2443 266700000000 19070000000
 0.6300   361911 0.6400   371022      1       -1       -1       -1  0 1.84300e+11 1.71600e+11 130.313000 7.271000 66.380000  1 0.3700 132.210000 35.14195 0.15216 17.77637 -7.100 -148.970 163.110 2.568e+10 8.967e+09 -1.583e+09 0.01993 517624 517624 681346 5257 51 517586 517650 7.27089 171590000000 181130000000 171590000000 152530000000 85797000000 0.001 0 0.01443 0.9594 0.37167 -12.1981 16.1032 3.07717 0.89036 0.25879 17.4688 11.9683 4.37899 0.1935 239700000000 38130000000
 0.6200   352809 0.6300   361911      1       -1       -1       -1  0 1.84300e+11 1.81100e+11 133.081000 5.729000 68.880000  1 0.3700 145.870000 35.13470 0.20850 17.72931 -4.420 -142.540 158.590 -1.518e+10 1.112e+09 -2.174e+10 0.01805 517625 517625 681346 5250 50 517586 517650 5.72885 181130000000 181130000000 171590000000 152530000000 95330000000 9.82663 0 0.01292 0.89315 0.46399 13.2961 4.30897 -1.45774 0.52026 0.36174 11.8211 6.14241 -0.78481 0.1946 276700000000 76260000000
 0.6100   343675 0.6200   352809      1       -1       -1       -1  0 1.84300e+11 1.71600e+11 131.090000 7.226000 66.670000  1 0.3700 134.400000 35.14805 0.24472 17.67462 -4.120 -140.110 160.220 2.426e+10 9.023e+09 -3.835e+09 0.01991 517626 517626 681346 5212 49 517586 517650 7.22615 171590000000 171590000000 171590000000 152530000000 95330000000 7.62724 0 0.01404 0.69688 0.39177 15.7136 10.229 -0.21868 0.6788 0.38835 11.8584 11.1449 1.48942 0.1849 253500000000 57200000000
 0.6000   334535 0.6100   343675      1       -1       -1       -1  0 1.84300e+11 1.81100e+11 133.862000 7.071000 70.350000  1 0.3700 139.420000 35.14580 0.29125 17.62160 -2.000 -133.130 155.500 -1.387e+10 7.723e+08 -2.205e+10 0.01803 517627 517627 681346 757 48 517586 517650 7.07137 181130000000 181130000000 171590000000 152530000000 114400000000 9.23761 0 0.01286 0.49194 0.41551 11.4819 8.38857 0.77974 0.37104 0.29351 9.67323 7.82805 4.16642 0.1981 269300000000 57200000000
 0.5900   325368 0.6000   334535      1       -1       -1       -1  0 1.84300e+11 1.81100e+11 134.244000 6.084000 73.210000  1 0.3700 146.660000 35.14175 0.32895 17.57556 -1.080 -128.670 153.920 -1.307e+10 5.994e+08 -2.180e+10 0.01811 517628 517628 681346 5325 47 517586 517650 6.08412 181130000000 181130000000 181130000000 142990000000 114400000000 5.61331 0 0.01264 0.76265 0.32488 14.5881 10.0128 -8.33254 0.87381 0.36732 13.7441 8.05616 -7.78151 0.2035 284600000000 66730000000
 0.5800   316121 0.5900   325368      1       -1       -1       -1  0 1.84300e+11 1.81100e+11 134.621000 8.035000 66.030000  1 0.3700 136.750000 35.14885 0.37533 17.52202 4.770 -120.670 150.680 -2.398e+10 1.279e+10 -1.032e+10 0.01951 517629 517629 681346 5224 46 517586 517650 8.03505 181130000000 181130000000 181130000000 152530000000 66731000000 8.31982 0 0.01455 0.59315 0.39703 19.152 15.3647 2.82285 0.46456 0.17863 20.169 18.4111 9.51083 0.1896 257200000000 57200000000
 0.5700   306888 0.5800   316121      1       -1       -1       -1  0 1.84300e+11 1.81100e+11 134.992000 10.704000 59.800000  1 0.3700 128.030000 35.14270 0.41871 17.46847 5.510 -115.780 148.680 -2.341e+10 1.343e+10 -9.124e+09 0.01888 517630 517630 681346 5189 45 517586 517650 10.7039 181130000000 181130000000 171590000000 152530000000 47665000000 5.47087 0 0.01436 0.53533 0.24263 13.7232 8.00689 0.29547 0.32307 0.03098 16.1634 12.341 2.24458 0.1658 227100000000 76260000000
 0.5600   297645 0.5700   306888      1       -1       -1       -1  0 1.84300e+11 1.81100e+11 135.357000 8.460000 60.420000  1 0.3700 137.080000 35.14690 0.46126 17.41916 6.160 -111.050 146.580 -2.296e+10 1.421e+10 -7.935e+09 0.01938 517631 517631 681346 5157 44 517586 517650 8.45989 181130000000 181130000000 181130000000 123930000000 76264000000 8.59758 0 0.0143 0.43103 0.37815 17.6285 10.112 -3.20798 0.5562 0.34707 12.4403 8.49196 -3.79342 0.1588 215900000000 66730000000
 0.5500   288396 0.5600   297645      1       -1       -1       -1  0 1.84300e+11 1.62100e+11 130.776000 15.265000 64.910000  1 0.3700 114.770000 35.17521 0.50857 17.38328 4.760 -106.550 144.280 -2.445e+10 -1.861e+09 -5.676e+10 0.04323 517632 517632 681346 5324 43 517586 517650 15.2653 162060000000 181130000000 152530000000 123930000000 28599000000 23.6616 0 0.0381 0.32123 0.07018 30.3876 8.33033 18.8303 0.114 0.01563 30.5541 6.14086 21.6109 0.2459 168900000000 85800000000
 0.5400   279176 0.5500   288396      1       -1       -1       -1  0 1.84300e+11 1.81100e+11 136.068000 6.906000 62.260000  1 0.3700 147.410000 35.14515 0.55085 17.30735 10.040 -103.280 144.080 -1.242e+10 -1.674e+10 -2.443e+10 0.02281 517633 517633 681346 5331 42 517586 517650 6.90639 181130000000 181130000000 152530000000 123930000000 104860000000 15.4087 0 0.01657 0.651 0.42591 15.1195 9.59456 -3.28073 0.82024 0.62251 9.59579 -4.76331 -3.88588 0.1595 245100000000 57200000000
 0.5300   269930 0.5400   279176      1       -1       -1       -1  0 1.84300e+11 1.62100e+11 131.449000 7.552000 58.500000  1 0.3700 138.360000 35.12811 0.57613 17.25772 9.470 -96.910 141.640 -2.660e+10 1.141e+10 -1.256e+09 0.02362 517634 517634 681346 5335 41 517586 517650 7.55152 162060000000 162060000000 162060000000 104860000000 85797000000 10.5919 0 0.01814 0.44355 0.07925 9.82289 14.9824 -4.19652 0.48267 0.08203 10.0509 15.4538 -4.48232 0.1667 212900000000 66730000000
 0.5200   260689 0.5300   269930      1       -1       -1       -1  0 1.84300e+11 1.62100e+11 131.776000 12.607000 45.930000  1 0.3700 122.760000 35.13539 0.63455 17.19523 9.710 -98.990 135.370 1.237e+10 -5.153e+09 -6.782e+09 0.01182 517635 517635 681346 4224 40 517586 517650 12.6068 162060000000 162060000000 133460000000 114400000000 57198000000 7.15456 3.45 0.00948 0.47034 0.36049 28.4779 12.3991 -0.2466 0.71157 0.55219 16.4165 14.2893 -2.5627 0.1207 170300000000 76260000000
 0.5100   251401 0.5200   260689      1       -1       -1       -1  0 1.84300e+11 1.71600e+11 134.637000 15.238000 44.120000  1 0.3700 121.650000 35.11175 0.65996 17.13755 8.110 -93.700 133.800 2.135e+10 -1.271e+10 1.090e+10 0.01896 517636 517636 681346 3895 39 517586 517650 15.2378 171590000000 171590000000 142990000000 104860000000 66731000000 6.71038 0 0.01571 0.55629 0.29415 14.1779 20.2404 6.33835 0.8856 0.21708 -5.95599 15.5084 3.98519 0.1085 151300000000 66730000000
 0.5000   242223 0.5100   251401      1       -1       -1       -1  0 1.84300e+11 1.52500e+11 129.761000 5.886000 51.050000  1 0.3700 148.660000 35.10684 0.71215 17.08004 5.840 -90.750 133.740 1.196e+10 3.173e+08 2.832e+09 0.01165 517637 517637 681346 4212 38 517586 517650 5.8863 152530000000 162060000000 142990000000 104860000000 57198000000 11.8528 2.67 0.00873 0.67656 0.2493 -6.64293 -7.84899 10.4701 0.3111 0.24186 -3.84011 -1.80834 12.6634 0.1191 202500000000 57200000000
 0.4900   233013 0.5000   242223      1       -1       -1       -1  0 1.84300e+11 1.62100e+11 132.716000 9.494000 54.530000  1 0.3700 135.160000 35.09778 0.75350 17.02404 6.490 -86.830 127.500 2.982e+10 -3.003e+10 3.976e+09 0.03478 517638 517638 681346 5305 37 517586 517650 9.49354 162060000000 162060000000 162060000000 104860000000 66731000000 23.4803 5.74 0.02755 0.3729 0.29179 24.8464 14.0268 -10.2516 0.58441 0.49864 8.16968 15.5662 -7.0632 0.1402 164100000000 57200000000
 0.4800   223854 0.4900   233013      1       -1       -1       -1  0 1.84300e+11 1.71600e+11 135.574000 11.334000 53.000000  1 0.3700 133.770000 35.13556 0.81000 16.95754 14.420 -80.510 130.710 2.524e+10 -3.094e+10 -1.668e+10 0.03192 517639 517639 681346 5376 36 517586 517650 11.3339 171590000000 171590000000 162060000000 142990000000 0 10.0574 0 0.02573 0.45792 0.24992 39.1172 26.2657 -12.9631 0.56774 0.00731 19.3103 18.9734 12.6197 0.1283 213600000000 38130000000
 0.4700   214713 0.4800   223854      1       -1       -1       -1  0 1.84300e+11 1.71600e+11 135.872000 12.422000 60.400000  1 0.3700 132.220000 35.12736 0.84996 16.89347 18.150 -76.670 128.540 2.715e+10 -4.246e+10 -1.421e+10 0.03973 517640 517640 681346 5355 35 517586 517650 12.4224 171590000000 171590000000 171590000000 142990000000 66731000000 8.6209 0 0.03143 0.10715 0.03722 40.9229 15.1579 -17.1896 0.79773 0.5533 27.8595 13.1195 -22.184 0.1539 194800000000 76260000000
 0.4600   205583 0.4700   214713      1       -1       -1       -1  0 1.84300e+11 1.90700e+11 141.029000 9.727000 67.320000  1 0.3700 148.160000 35.10384 0.86802 16.82358 20.100 -73.910 124.000 3.904e+10 -4.669e+10 -1.057e+09 0.04013 517641 517641 681346 4140 34 517586 517650 9.72733 190660000000 190660000000 171590000000 142990000000 104860000000 23.4494 0 0.03095 0.81386 0.5601 10.3764 -3.24545 -10.6832 0.52341 0.32316 -6.32941 10.3415 7.07612 0.1685 226500000000 76260000000
 0.4500   196520 0.4600   205583      1       -1       -1       -1  0 1.84300e+11 1.81100e+11 138.925000 11.775000 60.640000  1 0.3700 139.760000 35.09388 0.90630 16.75765 23.080 -67.980 116.950 4.138e+10 -5.158e+10 -3.826e+09 0.04778 517642 517642 681346 4115 33 517586 517650 11.7753 181130000000 181130000000 171590000000 152530000000 57198000000 20.2829 0 0.03705 0.65292 0.39608 8.51479 17.6261 2.40891 0.17609 0.05413 2.37242 12.2928 1.67706 0.1451 218600000000 76260000000
 0.4400   187448 0.4500   196520      1       -1       -1       -1  0 1.81100e+11 1.81100e+11 139.204000 14.846000 56.750000  1 0.3700 134.010000 35.07971 0.93995 16.69902 24.020 -64.180 112.980 3.943e+10 -5.131e+10 -4.869e+09 0.04542 517643 517643 681346 5266 32 517586 517650 14.8464 181130000000 181130000000 181130000000 142990000000 28599000000 23.1937 0 0.03668 0.18463 0.02327 25.4574 22.0422 3.79411 0.19262 0.02263 25.7564 22.2288 4.12946 0.1393 192100000000 95330000000
 0.4300   178421 0.4400   187448      1       -1       -1       -1  0 1.77933e+11 1.81100e+11 139.475000 13.184000 53.490000  1 0.3700 139.100000 35.06667 0.98823 16.63764 20.280 -62.690 110.710 3.170e+10 -5.240e+10 -7.790e+09 0.04389 517644 517644 681346 4156 31 517586 517650 13.1838 181130000000 181130000000 181130000000 162060000000 0 16.486 0 0.03526 0.67897 0.08199 29.7191 19.4604 -8.88634 0.064 0 26.0004 24.7128 -13.1699 0.1223 215800000000 76260000000
 0.4200   169418 0.4300   178421      1       -1       -1       -1  0 1.74767e+11 1.71600e+11 137.241000 14.286000 49.860000  1 0.3700 135.160000 35.05363 1.02519 16.57227 21.980 -56.650 108.070 2.847e+10 -5.594e+10 8.602e+09 0.04754 517645 517645 681346 4128 30 517586 517650 14.2861 171590000000 171590000000 171590000000 162060000000 0 14.7245 0 0.04003 0.23714 0.05638 31.3886 26.6361 -21.3061 0.43565 0.16781 29.5131 20.3678 -6.87249 0.1215 202800000000 66730000000
 0.4100   160536 0.4200   169418      1       -1       -1       -1  0 1.71600e+11 1.71600e+11 137.490000 18.710000 50.940000  1 0.3700 129.430000 35.05871 1.05575 16.51989 18.960 -56.260 106.240 2.106e+10 -4.431e+10 -1.349e+10 0.03777 517646 517646 681346 3956 29 517586 517650 18.7096 171590000000 171590000000 171590000000 114400000000 0 29.0204 0 0.0325 0.50243 0.20352 24.4427 19.7523 -25.4538 0.23765 0 28.071 19.5394 -25.8937 0.1275 152600000000 104900000000
 0.4000   151743 0.4100   160536      1       -1       -1       -1  0 1.55700e+11 1.71600e+11 137.731000 21.609000 55.120000  1 0.3700 127.620000 35.04264 1.09243 16.45209 21.110 -55.490 107.540 1.829e+10 9.067e+07 9.012e+09 0.01452 517647 517647 681346 5026 28 517586 517650 21.6087 171590000000 171590000000 133460000000 114400000000 0 25.8673 0 0.01318 0.20458 0.03659 -20.408 -30.192 31.8408 0.65023 0.33199 36.0673 17.5286 -25.187 0.1553 148500000000 114400000000
 0.3900   143043 0.4000   151743      1       -1       -1       -1  0 1.52533e+11 1.23900e+11 123.781000 7.241000 47.020000  1 0.3700 144.640000 35.05747 1.15810 16.35398 16.740 -49.690 106.240 1.724e+10 -5.968e+09 5.558e+08 0.02899 517648 517648 681346 4932 27 517586 517650 7.24123 123930000000 123930000000 123930000000 114400000000 57198000000 4.51593 0 0.02053 0.94509 0.47443 -4.67743 14.1631 -5.89963 0.80276 0.24953 -6.47614 13.2047 -6.45595 0.0897 188000000000 38130000000
 0.3800   134553 0.3900   143043      1       -1       -1       -1  0 1.52500e+11 1.62100e+11 135.579000 14.073000 42.000000  1 0.3700 139.030000 35.04234 1.18210 16.27920 18.540 -49.000 101.830 3.273e+10 2.089e+09 1.561e+10 0.03166 517649 517649 681346 4873 26 517586 517650 14.073 162060000000 152530000000 152530000000 104860000000 19066000000 7.11877 3.33 0.02644 0.81095 0.1676 -8.3884 28.673 3.11509 0.84815 0.02875 -0.78371 21.7733 21.0321 0.08 164700000000 85800000000
 0.3700   126049 0.3800   134553      0       -1       -1       -1  0 1.52500e+11 1.52500e+11 133.073000 14.897000 42.000000  1 0.3700 135.750000 35.03286 1.21570 16.21138 16.960 -40.670 90.520 2.193e+10 1.627e+10 2.694e+10 0.03844 517650 517650 681346 3799 25 517586 517650 14.8972 152530000000 152530000000 152530000000 133460000000 0 10.7706 7.72 0.03129 0.71346 0.18395 -11.1485 38.2265 3.99543 0.21485 0 24.6295 -13.1656 28.9215 0.0751 164000000000 85800000000
