 1.0000   677032 0.0000       -1      1       -1       -1       -1  0 2.09700e+11 2.09700e+11 121.549000 5.544000 109.220000  1 0.7800 127.160000 1.36359 45.41669 14.54843 243.600 -93.720 -125.130 -6.161e+10 -1.838e+11 1.708e+10 0.05811 467686 467686 677032 2547 88 467685 467708 5.54362 219260000000 238320000000 181130000000 142990000000 123930000000 8.46208 11.63 0.06267 0.75817 0.63478 10.1605 -9.89834 -3.59304 0.8113 0.50408 9.47502 -8.79037 -2.93164 0.6481 383400000000 47660000000
 0.9900   668879 1.0000   677032      1       -1       -1       -1  0 2.03367e+11 2.09700e+11 122.061000 5.144000 108.300000  1 0.7800 130.510000 1.34267 45.42602 14.55684 239.420 -88.140 -124.040 -6.916e+10 -1.846e+11 6.531e+09 0.05820 467687 467687 677032 2528 87 467685 467708 5.14442 219260000000 228790000000 171590000000 142990000000 114400000000 12.475 11.76 0.06368 0.87471 0.55315 -3.34243 9.29949 13.7169 0.78952 0.42081 -5.01609 11.1417 11.4836 0.6515 389400000000 66730000000
 0.9800   660511 0.9900   668879      1       -1       -1       -1  0 1.93833e+11 1.90700e+11 118.740000 4.312000 103.940000  1 0.7800 132.610000 1.32565 45.43331 14.57932 231.800 -85.460 -117.100 -7.008e+10 -8.882e+10 3.861e+10 0.04881 467688 467688 677032 2543 86 467685 467708 4.31176 200190000000 219260000000 171590000000 133460000000 123930000000 9.72017 12.69 0.04539 0.87581 0.46431 -8.37928 5.06994 12.0374 0.77308 0.49488 -8.4619 1.86692 10.9568 0.5697 380000000000 85800000000
 0.9700   652183 0.9800   660511      1       -1       -1       -1  0 1.93833e+11 1.81100e+11 117.213000 4.530000 95.730000  1 0.7800 128.310000 1.29929 45.43962 14.59244 225.040 -68.340 -122.660 -3.715e+10 -8.636e+10 9.832e+10 0.06329 467689 467689 677032 2566 85 467685 467708 4.52965 200190000000 219260000000 171590000000 133460000000 133460000000 6.42801 4.19 0.05643 0.76476 0.31248 7.81224 14.1189 -9.35491 0.66367 0.24527 5.756 17.0677 -1.44034 0.5113 388200000000 57200000000
 0.9600   643868 0.9700   652183      1       -1       -1       -1  0 1.90633e+11 2.09700e+11 123.594000 7.947000 87.910000  1 0.7800 117.020000 1.25679 45.45604 14.60122 225.020 -59.150 -121.550 -1.468e+10 -1.069e+11 5.457e+10 0.03616 467690 467690 677032 1363 84 467685 467708 7.94679 219260000000 228790000000 152530000000 133460000000 0 4.13234 6.07 0.0394 0.66342 0.43201 28.1079 -5.21401 -4.41612 0.74406 0.42599 25.1578 -4.18772 -3.47356 0.5489 311800000000 47660000000
 0.9500   635571 0.9600   643868      1       -1       -1       -1  0 1.90633e+11 1.81100e+11 118.185000 6.582000 85.070000  1 0.7800 116.210000 1.25180 45.45337 14.61203 218.110 -54.680 -122.750 1.693e+10 -1.310e+11 4.214e+10 0.06424 467691 467691 677032 2398 83 467685 467708 6.58155 181130000000 219260000000 142990000000 133460000000 76264000000 8.86915 0 0.05788 0.68847 0.52924 8.28378 14.2705 -3.39723 0.46781 0.45358 8.07771 15.5125 -2.95892 0.4551 276500000000 66730000000
 0.9400   627283 0.9500   635571      1       -1       -1       -1  0 1.87467e+11 1.81100e+11 118.669000 7.697000 76.710000  1 0.7800 111.900000 1.22129 45.45635 14.62212 217.410 -39.740 -112.310 1.074e+10 -1.036e+11 3.630e+10 0.05187 467692 467692 677032 355 82 467685 467708 7.69744 190660000000 200190000000 152530000000 133460000000 76264000000 7.20256 6.37 0.04619 0.66803 0.45321 9.28321 13.998 2.39105 0.29015 0.07013 2.40747 18.3292 4.25302 0.3986 255300000000 76260000000
 0.9300   618973 0.9400   627283      1       -1       -1       -1  0 1.87467e+11 1.52500e+11 112.519000 7.024000 69.800000  1 0.7800 107.100000 1.19470 45.46215 14.63550 211.010 -37.460 -110.090 -8.141e+10 -5.889e+10 2.408e+10 0.07063 467693 467693 677032 3406 81 467685 467708 7.02368 171590000000 209730000000 152530000000 123930000000 76264000000 7.44081 0 0.05781 0.87773 0.52194 -2.91943 11.9818 7.44088 0.71647 0.10854 2.73773 11.0239 4.95636 0.3344 233500000000 57200000000
 0.9200   610642 0.9300   618973      1       -1       -1       -1  0 1.87467e+11 1.52500e+11 112.974000 7.576000 64.670000  1 0.7800 105.460000 1.16839 45.46840 14.65459 207.340 -32.050 -109.440 -8.037e+10 -5.770e+10 2.432e+10 0.06926 467694 467694 677032 2412 80 467685 467708 7.57553 162060000000 200190000000 152530000000 123930000000 28599000000 8.49492 0 0.0572 0.83185 0.63085 -8.893 5.87956 12.6951 0.89966 0.34711 1.61783 14.5328 1.296 0.3034 214700000000 47660000000
 0.9100   602292 0.9200   610642      1       -1       -1       -1  0 1.87467e+11 1.62100e+11 115.744000 8.055000 63.630000  1 0.7800 106.950000 1.13400 45.47546 14.66624 202.420 -23.400 -112.880 -5.532e+10 -8.380e+10 -5.264e+09 0.05999 467695 467695 677032 2418 79 467685 467708 8.05497 181130000000 190660000000 152530000000 123930000000 19066000000 13.8731 0 0.0512 0.75626 0.47235 15.0557 -2.24056 -10.8329 0.28418 0.09778 -14.033 -0.42521 15.2119 0.2976 226200000000 38130000000
 0.9000   593940 0.9100   602292      1       -1       -1       -1  0 1.87467e+11 1.52500e+11 113.882000 7.282000 64.480000  1 0.7800 107.530000 1.11570 45.47790 14.68210 203.160 -25.590 -116.560 -4.875e+10 -7.732e+10 -4.176e+10 0.06996 467696 467696 677032 2437 78 467685 467708 7.28165 171590000000 181130000000 152530000000 123930000000 76264000000 8.09784 6.91 0.05681 0.64499 0.61373 -0.20851 10.6721 17.0043 0.69745 0.41412 -0.66643 12.9515 14.2335 0.2872 218400000000 57200000000
 0.8900   585541 0.9000   593940      1       -1       -1       -1  0 1.87467e+11 1.62100e+11 116.668000 7.714000 67.960000  1 0.7800 109.160000 1.08569 45.47613 14.69374 196.110 -16.160 -110.760 -5.192e+10 -7.349e+10 -4.703e+09 0.05640 467697 467697 677032 2445 77 467685 467708 7.71445 171590000000 181130000000 142990000000 133460000000 76264000000 9.44486 3.64 0.04621 0.57126 0.42017 3.8442 13.7945 17.2737 0.15455 0.10195 4.02973 17.7245 17.3195 0.3029 243000000000 66730000000
 0.8800   577164 0.8900   585541      1       -1       -1       -1  0 1.87467e+11 1.62100e+11 117.128000 6.163000 74.260000  1 0.7800 116.540000 1.05948 45.47840 14.70803 189.140 -9.050 -110.020 -5.156e+10 -7.193e+10 -8.561e+09 0.05690 467698 467698 677032 3449 76 467685 467708 6.16314 162060000000 181130000000 142990000000 133460000000 66731000000 9.60168 0 0.04577 0.48168 0.17938 8.15634 9.46459 17.1925 0.0523 0 4.90291 7.13124 16.5443 0.3303 280600000000 47660000000
 0.8700   568708 0.8800   577164      1       -1       -1       -1  0 1.87467e+11 1.43000e+11 112.781000 7.103000 73.890000  1 0.7800 106.840000 1.03921 45.49547 14.73051 183.610 7.420 -117.120 -4.524e+10 -5.991e+10 1.169e+10 0.05544 467699 467699 677032 2444 75 467685 467708 7.10267 162060000000 181130000000 133460000000 133460000000 85797000000 19.2165 0 0.04837 0.46065 0.17746 5.93519 9.61922 7.42178 0.31614 0.08411 5.40522 9.50109 7.08199 0.3808 216700000000 57200000000
 0.8600   560249 0.8700   568708      1       -1       -1       -1  0 1.87467e+11 1.62100e+11 118.043000 5.026000 88.050000  1 0.7800 124.800000 1.01283 45.49371 14.74566 178.160 -3.950 -105.770 -4.129e+10 -9.998e+10 2.008e+09 0.06905 467700 467700 677032 2458 74 467685 467708 5.02562 162060000000 171590000000 133460000000 133460000000 104860000000 14.5724 0 0.05611 0.82853 0.41725 6.6335 14.3042 4.67384 0.79367 0.2874 6.327 15.3032 4.82732 0.4103 317600000000 47660000000
 0.8500   551818 0.8600   560249      1       -1       -1       -1  0 1.87467e+11 1.43000e+11 113.656000 2.937000 101.210000  1 0.7800 140.290000 0.97674 45.49377 14.76042 176.170 -0.760 -107.030 -2.246e+10 -3.920e+10 -6.078e+10 0.06824 467701 467701 677032 2437 73 467685 467708 2.93717 142990000000 190660000000 142990000000 133460000000 123930000000 11.9036 0 0.04858 0.74282 0.2875 -5.07636 14.9224 7.6092 0.74282 0.2875 -5.07636 14.9224 7.6092 0.4309 361000000000 76260000000
 0.8400   543306 0.8500   551818      1       -1       -1       -1  0 1.87467e+11 2.00200e+11 127.632000 11.405000 95.260000  1 0.7800 110.810000 1.12697 45.61371 14.79945 185.060 -118.350 13.610 1.544e+11 -1.044e+11 -1.755e+10 0.06467 467702 467702 677032 2475 72 467685 467708 11.4051 200190000000 219260000000 190660000000 133460000000 28599000000 10.6188 3.74 0.06881 0.44289 0.39084 -5.31023 -5.6415 25.7551 0.40296 0.39729 1.87312 -7.19111 19.8218 0.5512 284600000000 95330000000
 0.8300   534797 0.8400   543306      1       -1       -1       -1  0 1.87467e+11 1.81100e+11 123.913000 12.238000 92.190000  1 0.7800 105.180000 1.10336 45.63314 14.78799 184.090 -117.640 20.340 1.186e+11 -1.717e+10 1.411e+10 0.04434 467703 467703 677032 351 71 467685 467708 12.238 200190000000 209730000000 190660000000 133460000000 19066000000 26.7093 0 0.05263 0.41992 0.26116 -6.28607 -4.23655 33.6362 0.33538 0.14462 1.43201 -8.99849 28.1631 0.6054 219100000000 95330000000
 0.8200   526219 0.8300   534797      1       -1       -1       -1  0 1.84300e+11 1.81100e+11 124.379000 9.057000 85.490000  1 0.7800 113.590000 1.07409 45.66386 14.81267 183.970 -109.010 16.500 8.056e+10 -5.619e+10 3.741e+10 0.04616 467704 467704 677032 2464 70 467685 467708 9.05652 190660000000 228790000000 190660000000 133460000000 9533000000 21.0711 0 0.04603 0.72095 0.42025 -9.64084 22.2376 7.3742 0.49378 0.0843 -2.59354 24.1689 -13.9337 0.4791 250900000000 66730000000
 0.8100   517575 0.8200   526219      1       -1       -1       -1  0 1.84300e+11 1.81100e+11 124.843000 9.583000 79.130000  1 0.7800 112.580000 1.04442 45.66650 14.82515 184.300 -101.090 20.570 8.038e+10 -5.493e+10 3.942e+10 0.05021 467705 467705 677032 2478 69 467685 467708 9.58312 181130000000 219260000000 171590000000 123930000000 66731000000 16.711 0 0.0462 0.66089 0.44278 -14.9828 19.1906 7.15664 0.59703 0.26256 -12.8489 14.529 5.93501 0.4019 230200000000 85800000000
 0.8000   508902 0.8100   517575      1       -1       -1       -1  0 1.81100e+11 1.90700e+11 127.466000 15.146000 77.210000  1 0.7800 104.170000 1.01261 45.69494 14.80403 184.140 -92.340 24.230 1.557e+11 -9.896e+10 -8.580e+09 0.07234 467706 467706 677032 2501 68 467685 467708 15.1457 200190000000 247860000000 171590000000 114400000000 0 21.6497 6.79 0.07491 0.49971 0.4544 -14.3979 31.0633 5.08463 0 0 -8.6385 40.1459 5.0602 0.4426 209200000000 104900000000
 0.7900   500269 0.8000   508902      1       -1       -1       -1  0 1.81100e+11 1.62100e+11 121.187000 13.167000 66.230000  1 0.7800 100.990000 0.97954 45.71121 14.81492 179.990 -90.160 24.300 5.244e+10 -4.325e+10 8.706e+10 0.06189 467707 467707 677032 2507 67 467685 467708 13.1667 219260000000 238320000000 162060000000 123930000000 19066000000 16.6522 1.68 0.05899 0.3698 0.07603 -14.3296 34.5942 3.29158 0.22149 0.03697 23.6981 -21.3325 4.34303 0.3471 191100000000 76260000000
 0.7800   491628 0.7900   500269      0       -1       -1       -1  0 1.81100e+11 1.81100e+11 126.222000 17.523000 68.660000  1 0.7800 100.240000 0.95588 45.68777 14.79472 183.650 -78.160 24.690 1.167e+11 -1.093e+11 5.437e+10 0.07596 467708 467708 677032 2509 66 467685 467708 17.5235 181130000000 181130000000 133460000000 123930000000 0 21.6881 4.91 0.07528 0.18701 0.06714 -11.6841 31.0137 1.0668 0.33964 0.13645 -7.06446 23.7844 -3.28225 0.3669 185900000000 123900000000
