 1.0000   679751 0.0000       -1      1       -1       -1       -1  0 5.41500e+12 5.41500e+12 359.248000 351.306000 275.750000  1 1.0000 255.090000 44.98858 8.24718 49.02449 -55.660 -193.770 54.940 5.535e+13 -1.300e+13 -2.633e+13 0.03968 108958 108958 679751 5266 88 108957 109036 143.926 5462400000000 6606400000000 1639700000000 762640000000 285990000000 66.7465 164.91 0.08945 0.25902 0.11368 86.8056 45.6453 21.2634 0.62681 0.47719 -12.7093 16.8998 -10.3347 0.8629 5557000000000 8132000000000
 0.9900   671621 1.0000   679751      1       -1       -1       -1  0 4.83000e+12 4.76600e+12 345.749000 342.928000 267.240000  1 0.9700 245.070000 44.99439 8.26047 49.01888 -48.270 -191.940 59.750 3.818e+13 -1.695e+13 -5.485e+13 0.05339 108959 108959 679751 5159 87 108957 109036 141.476 4833200000000 6453800000000 1630100000000 743570000000 295520000000 81.0041 144.38 0.1221 0.15984 0.10601 85.3537 54.4924 16.1873 0.6607 0.47115 -14.5757 18.5701 5.09007 0.8674 5377000000000 7903000000000
 0.9800   663205 0.9900   671621      1       -1       -1       -1  0 4.29600e+12 4.30900e+12 335.711000 332.931000 259.920000  1 0.9700 237.770000 44.99768 8.27423 49.01290 -40.620 -185.960 64.590 3.315e+13 -1.704e+13 -5.896e+13 0.06599 108960 108960 679751 5189 86 108957 109036 134.856 4337500000000 6272700000000 1572900000000 781710000000 247860000000 84.2438 125.32 0.14658 0.16984 0.10593 61.6285 47.2486 10.727 0.82984 0.45254 -11.9142 14.8332 2.49403 0.8604 5175000000000 7808000000000
 0.9700   654834 0.9800   663205      1       -1       -1       -1  0 3.61300e+12 3.81300e+12 323.653000 313.611000 258.290000  1 0.9700 230.150000 44.99790 8.30453 48.99476 -27.800 -185.810 66.670 2.733e+13 -1.420e+13 -6.019e+13 0.07497 108961 108961 679751 4237 85 108957 109036 113.433 3927600000000 5767500000000 1696900000000 915170000000 285990000000 84.0242 112.85 0.17472 0.37466 0.17854 50.5616 48.1083 4.25294 0.77569 0.41251 -9.52077 18.2966 -7.46466 0.8778 4953000000000 7865000000000
 0.9600   646501 0.9700   654834      1       -1       -1       -1  0 3.18400e+12 2.71700e+12 290.272000 106.715000 247.300000  1 0.8400 212.340000 44.92499 8.40439 48.93514 -37.360 -174.380 13.190 3.585e+12 3.290e+11 -4.042e+12 0.01381 108962 108962 679751 5252 84 108957 109036 70.4657 2783600000000 4413800000000 2001900000000 1353700000000 238320000000 43.3158 60.15 0.02469 0.38932 0.35276 -29.0031 36.8717 -19.7633 0.26912 0.13027 -27.3779 34.0302 -18.6076 0.824 4468000000000 4633000000000
 0.9500   638177 0.9600   646501      1       -1       -1       -1  0 2.43400e+12 3.02200e+12 301.992000 106.516000 252.690000  1 0.8400 213.100000 44.99188 8.36018 48.96951 -21.100 -171.080 51.040 1.357e+13 -2.009e+12 -2.609e+13 0.05740 108963 108963 679751 5212 83 108957 109036 124.663 3022000000000 4652100000000 1982900000000 1201200000000 390850000000 53.7895 64.11 0.11297 0.46449 0.35576 -25.1559 37.6816 -10.2734 0.37146 0.3408 -16.3151 26.2773 -11.5401 0.8483 4468000000000 4786000000000
 0.9400   629862 0.9500   638177      1       -1       -1       -1  0 2.42767e+12 1.56300e+12 243.426000 59.445000 226.200000  1 0.8400 186.150000 44.98865 8.37955 48.96071 -14.930 -215.160 52.440 -3.739e+11 2.021e+12 -1.823e+12 0.01818 108964 108964 679751 5205 82 108957 109036 41.9192 2583400000000 3203100000000 1973300000000 1258400000000 448050000000 61.2058 22.25 0.03168 0.3947 0.3078 -21.3889 41.1072 1.75322 0.41955 0.34896 -15.8534 28.5261 0.02718 0.8401 1663000000000 1554000000000
 0.9300   621537 0.9400   629862      1       -1       -1       -1  0 2.42767e+12 2.45000e+12 283.898000 42.561000 248.060000  1 0.8400 220.110000 44.97538 8.42396 48.93706 -16.240 -182.300 49.760 3.661e+12 4.160e+12 -7.986e+12 0.03839 108965 108965 679751 5224 81 108957 109036 44.7425 2450000000000 3832300000000 2021000000000 1420400000000 562450000000 30.8895 54.55 0.05319 0.58208 0.39811 -13.3678 29.3799 8.02495 0.5993 0.44834 -7.05814 22.1988 6.02049 0.7497 4196000000000 1687000000000
 0.9200   613191 0.9300   621537      1       -1       -1       -1  0 2.42767e+12 2.41200e+12 283.560000 51.686000 246.630000  1 0.8400 217.780000 44.96870 8.44510 48.91723 -8.230 -181.130 51.590 3.651e+12 5.138e+12 -8.363e+12 0.04101 108966 108966 679751 5252 80 108957 109036 47.1204 2411800000000 3193600000000 1954300000000 1401400000000 524310000000 26.5789 57.82 0.05902 0.62674 0.37482 -14.4602 28.8869 7.57301 0.46388 0.35189 -8.04303 21.3596 10.2695 0.7632 4006000000000 1916000000000
 0.9100   604817 0.9200   613191      1       -1       -1       -1  0 2.39267e+12 2.42100e+12 285.076000 39.257000 235.890000  1 0.8400 220.300000 44.96312 8.47405 48.91892 12.790 -188.700 63.510 1.348e+12 3.851e+12 -6.211e+12 0.03164 108967 108967 679751 5260 79 108957 109036 45.4787 2421400000000 2869400000000 1925700000000 1449000000000 495720000000 17.3907 71.18 0.04175 0.72941 0.40319 -21.9907 30.4374 -8.46467 0.81169 0.4526 -15.6086 23.929 -5.85412 0.711 3690000000000 1554000000000
 0.9000   596442 0.9100   604817      1       -1       -1       -1  0 2.16700e+12 2.34500e+12 283.178000 48.744000 227.530000  1 0.8400 215.840000 44.94631 8.52019 48.90098 28.620 -179.110 77.640 2.133e+11 2.413e+12 -4.661e+12 0.02389 108968 108968 679751 5258 78 108957 109036 49.0204 2345100000000 2716900000000 1839900000000 1325100000000 495720000000 26.6221 70.34 0.03124 0.63352 0.37219 23.9834 -12.982 25.9823 0.57169 0.40705 20.8737 -6.50301 18.5725 0.6969 3496000000000 1745000000000
 0.8900   588028 0.9000   596442      1       -1       -1       -1  0 1.96367e+12 1.73500e+12 257.133000 56.380000 208.680000  1 0.8400 192.310000 44.92556 8.54939 48.89133 40.890 -186.900 96.920 -1.379e+12 2.793e+12 6.548e+11 0.02107 108969 108969 679751 5285 77 108957 109036 50.4324 2221200000000 2535800000000 1744500000000 1039100000000 371790000000 35.221 48.59 0.03139 0.33785 0.27363 27.9083 -5.56688 33.2699 0.59352 0.3513 19.6097 -5.05036 17.6673 0.7648 1736000000000 1602000000000
 0.8800   579647 0.8900   588028      1       -1       -1       -1  0 1.75067e+12 1.81100e+12 261.875000 113.976000 198.310000  1 0.8400 185.790000 44.91687 8.59060 48.88360 29.360 -178.700 70.420 -1.914e+12 1.387e+12 2.533e+11 0.01470 108970 108970 679751 5275 76 108957 109036 86.114 2049600000000 2364200000000 1611100000000 867500000000 324120000000 45.9064 47.81 0.0219 0.36822 0.22359 28.3349 -11.7434 29.5231 0.75828 0.47377 15.7913 -9.9978 5.69872 0.7425 1729000000000 2355000000000
 0.8700   571171 0.8800   579647      1       -1       -1       -1  0 1.74733e+12 1.70600e+12 257.725000 140.199000 192.840000  1 0.8400 181.590000 44.91454 8.62155 48.87366 39.190 -184.400 54.270 -2.914e+12 1.058e+12 2.404e+12 0.02519 108971 108971 679751 4318 75 108957 109036 97.3741 1982900000000 2326100000000 1363200000000 714970000000 219260000000 48.4045 57.99 0.04007 0.28891 0.20468 20.8406 -12.4528 19.8955 0.68547 0.52411 -6.22834 13.9456 -1.62516 0.7685 1703000000000 2765000000000
 0.8600   562709 0.8700   571171      1       -1       -1       -1  0 1.60767e+12 1.72500e+12 259.687000 156.676000 188.480000  1 0.8400 183.610000 44.91556 8.64391 48.86820 26.420 -166.710 49.810 -3.835e+12 9.803e+11 1.998e+12 0.02936 108972 108972 679751 5346 74 108957 109036 90.4935 1849400000000 2307000000000 1096300000000 619640000000 228790000000 45.1542 51.79 0.04463 0.28378 0.25305 22.97 -18.337 21.1154 0.91114 0.70323 2.94906 -11.5425 13.1137 0.7377 1816000000000 3127000000000
 0.8500   554272 0.8600   562709      1       -1       -1       -1  0 1.46800e+12 1.39200e+12 242.668000 222.266000 173.180000  1 0.8400 172.790000 44.90970 8.68838 48.86501 32.270 -182.990 37.980 -5.228e+12 -2.080e+12 4.453e+12 0.07275 108973 108973 679751 5321 73 108957 109036 75.3184 1439500000000 2097300000000 877040000000 581510000000 209730000000 56.2441 51.39 0.10374 0.395 0.30732 -27.7418 33.4177 -23.0875 0.83165 0.6691 -7.39969 17.8339 13.6925 0.7053 1704000000000 3051000000000
 0.8400   545769 0.8500   554272      1       -1       -1       -1  0 1.22967e+12 1.28700e+12 237.318000 128.018000 161.590000  1 0.8400 166.810000 44.91342 8.71141 48.86583 25.780 -170.560 33.830 -5.233e+12 -2.069e+12 4.299e+12 0.09485 108974 108974 679751 5373 72 108957 109036 98.5426 1401400000000 1782700000000 848440000000 543380000000 228790000000 50.1784 34.51 0.11713 0.57482 0.37036 -16.7067 28.2816 -14.7478 0.85367 0.4162 -4.26401 19.3867 2.52284 0.6097 1615000000000 2650000000000
 0.8300   537251 0.8400   545769      1       -1       -1       -1  0 1.07707e+12 1.01000e+12 219.769000 85.068000 148.890000  1 0.2200 157.860000 44.91256 8.74126 48.84251 23.800 -159.450 34.500 -2.061e+12 -7.008e+11 2.170e+12 0.06917 108975 108975 679751 5374 71 108957 109036 61.4097 1172600000000 1754100000000 724510000000 495720000000 219260000000 31.8739 5.29 0.07639 0.75708 0.38524 -14.0488 29.3825 -8.5843 0.91141 0.50287 -4.09476 5.57554 20.6859 0.5391 1347000000000 1745000000000
 0.8200   528657 0.8300   537251      1       -1       -1       -1  0 9.40400e+11 9.34200e+11 214.901000 28.495000 149.980000  1 0.2200 171.650000 44.90890 8.77755 48.84839 19.490 -152.290 31.560 -1.840e+12 -5.726e+11 1.641e+12 0.06928 108976 108976 679751 4352 70 108957 109036 28.4948 953300000000 1401400000000 724510000000 476650000000 247860000000 20.9612 0 0.07198 0.6325 0.42843 -14.7992 25.0829 -2.36149 0.71262 0.54209 -13.4926 14.7834 4.42124 0.5209 1457000000000 514800000000
 0.8100   520013 0.8200   528657      1       -1       -1       -1  0 8.13467e+11 8.77000e+11 211.208000 26.164000 143.880000  1 0.2200 171.050000 44.90493 8.80639 48.84791 16.720 -152.300 32.880 -1.576e+12 -2.964e+11 9.319e+11 0.05798 108977 108977 679751 5410 69 108957 109036 26.1642 905630000000 1220200000000 676840000000 495720000000 238320000000 14.071 0 0.05885 0.59737 0.44067 -14.619 22.8988 -5.61282 0.82388 0.44923 -11.8528 12.2561 -5.69378 0.498 1547000000000 457600000000
 0.8000   511334 0.8100   520013      1       -1       -1       -1  0 7.21333e+11 6.29200e+11 189.772000 23.910000 110.780000  1 0.2200 153.270000 44.89645 8.83945 48.83941 21.610 -180.540 12.680 9.530e+10 1.518e+11 -1.674e+11 0.01592 108978 108978 679751 4416 68 108957 109036 23.9101 810300000000 981900000000 657780000000 457580000000 181130000000 26.4068 0 0.0136 0.71356 0.5828 -12.348 16.3165 8.62033 0.7422 0.55988 -3.67472 8.32309 13.537 0.3346 658800000000 390900000000
 0.7900   502696 0.8000   511334      1       -1       -1       -1  0 7.05400e+11 6.57800e+11 193.312000 21.122000 114.360000  1 0.2200 160.890000 44.89358 8.87910 48.84146 11.840 -166.600 17.880 3.926e+10 1.887e+10 -2.250e+11 0.01383 108979 108979 679751 5438 67 108957 109036 21.1222 791240000000 981900000000 619640000000 428980000000 190660000000 18.7089 0 0.01185 0.72357 0.51396 -10.4821 11.4828 17.2723 0.35758 0.20596 -4.00273 6.0881 14.6963 0.3438 693400000000 371800000000
 0.7800   494065 0.7900   502696      1       -1       -1       -1  0 7.05400e+11 6.29200e+11 191.160000 17.505000 111.290000  1 0.2200 165.630000 44.88068 8.92334 48.84729 12.610 -162.450 13.310 1.315e+11 1.254e+11 -1.648e+11 0.01670 108980 108980 679751 4403 66 108957 109036 17.5053 734040000000 877040000000 562450000000 438520000000 209730000000 13.3198 0 0.01372 0.90085 0.53738 -6.63433 8.064 20.7399 0.67921 0.35191 -5.70651 6.71834 20.2258 0.3159 719100000000 333700000000
 0.7700   485380 0.7800   494065      1       -1       -1       -1  0 7.05400e+11 7.34000e+11 201.964000 19.805000 130.760000  1 0.2200 172.460000 44.87992 8.95643 48.84017 7.360 -158.960 17.290 -8.107e+11 -2.949e+09 -2.941e+11 0.04052 108981 108981 679751 5460 65 108957 109036 19.8047 734040000000 838900000000 562450000000 428980000000 276460000000 12.8878 24.99 0.03749 0.76699 0.55075 -1.88759 4.52804 22.5702 0.59834 0.28144 -6.7562 4.0451 18.8257 0.4264 1109000000000 381300000000
 0.7600   476681 0.7700   485380      1       -1       -1       -1  0 7.05400e+11 7.05400e+11 200.017000 14.699000 134.810000  1 0.2200 183.190000 44.87001 8.98638 48.83123 6.220 -131.660 22.900 -3.714e+11 -7.084e+10 -1.850e+11 0.02248 108982 108982 679751 5469 64 108957 109036 14.6989 705440000000 781710000000 591050000000 419450000000 295520000000 10.9882 5.89 0.01964 0.73071 0.66876 -2.82502 0.95125 22.2532 0.71574 0.53368 -3.92163 -0.77698 19.9024 0.4063 1048000000000 295500000000
 0.7500   467951 0.7600   476681      1       -1       -1       -1  0 6.73633e+11 6.76800e+11 197.973000 16.236000 131.570000  1 0.2200 176.700000 44.87031 9.00760 48.84365 5.230 -123.490 19.380 -3.795e+11 -3.472e+11 2.466e+11 0.03499 108983 108983 679751 5481 63 108957 109036 16.2361 676840000000 753110000000 600580000000 457580000000 266920000000 13.8841 0 0.02867 0.91374 0.72067 -7.29966 16.0791 12.5445 0.82362 0.62544 -0.39612 15.3502 11.7144 0.366 788400000000 352700000000
 0.7400   459141 0.7500   467951      1       -1       -1       -1  0 6.54567e+11 6.38700e+11 194.861000 13.123000 124.510000  1 0.2200 183.010000 44.86657 9.04221 48.83026 2.780 -124.540 12.360 1.373e+11 -2.028e+11 3.164e+11 0.02832 108984 108984 679751 5501 62 108957 109036 13.1234 667310000000 695910000000 638710000000 476650000000 276460000000 9.42954 0 0.02225 0.83042 0.69871 -8.05674 7.6994 20.4921 0.71502 0.5932 -3.05567 7.74791 19.5796 0.3302 759500000000 266900000000
 0.7300   450317 0.7400   459141      1       -1       -1       -1  0 6.38700e+11 6.48200e+11 196.502000 15.212000 125.600000  1 0.2200 178.440000 44.86436 9.07220 48.82803 2.780 -115.880 14.250 4.981e+10 -3.412e+11 4.592e+11 0.03885 108985 108985 679751 4458 61 108957 109036 15.2117 667310000000 676840000000 629180000000 486180000000 285990000000 15.1746 0 0.03132 0.68517 0.5031 -10.221 14.2335 23.3663 0.45274 0.41559 -5.64692 11.0858 23.3689 0.343 728400000000 314600000000
 0.7200   441470 0.7300   450317      1       -1       -1       -1  0 6.29167e+11 6.29200e+11 195.222000 14.436000 119.800000  1 0.2200 179.630000 44.86517 9.09646 48.80931 -0.410 -111.500 8.930 2.360e+11 -1.571e+11 3.177e+11 0.03050 108986 108986 679751 5559 60 108957 109036 14.4361 667310000000 676840000000 638710000000 505250000000 257390000000 14.2663 0 0.02454 0.6806 0.44551 -4.58816 8.61957 27.3076 0.48168 0.28936 -2.62161 5.44369 27.5232 0.3255 691600000000 257400000000
 0.7100   432550 0.7200   441470      1       -1       -1       -1  0 6.26000e+11 6.10100e+11 193.883000 23.518000 106.570000  1 0.2200 159.710000 44.87949 9.11983 48.79147 -5.970 -108.320 12.040 1.204e+11 -1.578e+11 9.453e+09 0.01463 108987 108987 679751 4491 59 108957 109036 23.5177 667310000000 686380000000 600580000000 476650000000 162060000000 21.4572 0 0.01211 0.6568 0.5545 -6.44758 -0.5157 32.1193 0.60704 0.19941 -2.80036 3.99941 26.9556 0.2906 684900000000 362300000000
 0.7000   423571 0.7100   432550      1       -1       -1       -1  0 6.26000e+11 6.19600e+11 195.538000 18.786000 109.850000  1 0.2200 169.680000 44.87510 9.14551 48.81361 -5.190 -98.280 13.310 -1.615e+10 -3.557e+11 1.838e+11 0.02962 108988 108988 679751 5574 58 108957 109036 18.7863 619640000000 686380000000 581510000000 486180000000 190660000000 6.98047 0 0.02394 0.84084 0.73172 1.71308 -15.7942 23.08 0.77881 0.4439 7.3489 -6.24568 22.8399 0.2899 696400000000 333700000000
 0.6900   414577 0.7000   423571      1       -1       -1       -1  0 6.26000e+11 6.29200e+11 197.185000 19.580000 106.560000  1 0.2200 170.230000 44.87862 9.17023 48.81057 -7.320 -94.460 16.260 -2.469e+10 -2.522e+11 9.642e+10 0.01988 108989 108989 679751 5601 57 108957 109036 19.58 629180000000 657780000000 581510000000 457580000000 247860000000 3.34101 1.62 0.01588 0.94308 0.68966 -3.52416 27.7056 -11.5398 0.85727 0.77374 -2.97047 -10.4035 23.495 0.2677 672500000000 295500000000
 0.6800   405573 0.6900   414577      1       -1       -1       -1  0 6.26000e+11 6.10100e+11 195.809000 15.461000 105.800000  1 0.2200 178.810000 44.88322 9.19588 48.80901 -11.080 -94.350 13.660 -2.132e+10 -1.959e+11 -6.649e+10 0.01663 108990 108990 679751 5603 56 108957 109036 15.4609 619640000000 619640000000 571980000000 448050000000 257390000000 5.68985 0 0.01289 0.90216 0.55877 -6.97268 19.2666 -10.2014 0.57548 0.44451 -8.85363 12.3129 -11.0472 0.2528 659100000000 266900000000
 0.6700   396576 0.6800   405573      1       -1       -1       -1  0 6.26000e+11 6.00600e+11 195.411000 12.595000 105.230000  1 0.2200 188.390000 44.88851 9.21047 48.80524 -14.150 -90.210 16.440 -6.885e+10 -1.952e+11 -1.830e+11 0.02364 108991 108991 679751 5592 55 108957 109036 12.5953 600580000000 629180000000 552910000000 428980000000 219260000000 6.34191 1.61 0.01769 0.78046 0.6034 2.12593 6.98315 23.2608 0.68883 0.49842 2.89352 -5.51855 19.0998 0.2371 661700000000 219300000000
 0.6600   387648 0.6700   396576      1       -1       -1       -1  0 6.26000e+11 6.10100e+11 197.063000 20.230000 99.350000  1 0.2200 170.190000 44.87162 9.24083 48.79155 -16.700 -83.930 16.630 -9.846e+10 -2.223e+11 -7.616e+10 0.02031 108992 108992 679751 5610 54 108957 109036 20.2298 610110000000 629180000000 552910000000 438520000000 219260000000 13.69 0 0.01598 0.90299 0.75293 17.0126 -7.06466 22.7649 0.85016 0.53884 16.6085 -13.4038 18.1067 0.2297 755600000000 305100000000
 0.6500   378617 0.6600   387648      1       -1       -1       -1  0 6.26000e+11 6.10100e+11 197.681000 21.612000 96.870000  1 0.2200 168.910000 44.88992 9.26001 48.80376 -15.180 -81.890 15.900 -3.489e+10 -1.919e+11 -8.894e+10 0.01756 108993 108993 679751 4638 53 108957 109036 21.6123 610110000000 629180000000 571980000000 428980000000 200190000000 8.43402 0 0.01353 0.88589 0.70186 6.82822 -8.49015 25.294 0.75161 0.54645 -3.5216 -17.11 18.3763 0.2125 661000000000 333700000000
 0.6400   369541 0.6500   378617      1       -1       -1       -1  0 6.26000e+11 6.19600e+11 199.319000 26.514000 98.200000  1 0.2200 164.200000 44.88857 9.28082 48.78539 -17.260 -77.240 15.070 4.676e+10 -3.757e+10 -1.563e+11 0.01306 108994 108994 679751 4621 52 108957 109036 26.5144 619640000000 629180000000 591050000000 457580000000 181130000000 8.19044 0 0.01036 0.65524 0.49369 14.4415 -17.1608 23.6225 0.43579 0.19105 10.3155 -12.1475 28.5831 0.2222 657200000000 390900000000
 0.6300   360430 0.6400   369541      1       -1       -1       -1  0 6.26000e+11 6.10100e+11 198.895000 18.123000 102.080000  1 0.2200 178.120000 44.90289 9.29885 48.80672 -16.640 -73.180 16.650 -4.240e+10 -4.909e+10 -1.006e+11 0.00992 108995 108995 679751 5732 51 108957 109036 18.1232 610110000000 638710000000 600580000000 428980000000 219260000000 19.2848 0 0.00765 0.63796 0.53674 18.2664 -19.8976 17.3475 0.58256 0.50397 -8.10598 19.4525 -15.4821 0.2249 631800000000 286000000000
 0.6200   351329 0.6300   360430      1       -1       -1       -1  0 6.26000e+11 6.19600e+11 200.525000 21.938000 101.890000  1 0.2200 173.030000 44.89583 9.31248 48.80846 -17.560 -69.410 16.680 1.036e+10 8.559e+08 -1.299e+11 0.01051 108996 108996 679751 5737 50 108957 109036 21.9379 619640000000 619640000000 591050000000 448050000000 219260000000 30.3409 0 0.00817 0.66622 0.39772 19.3265 -16.1839 15.6807 0.71861 0.33513 17.3163 -14.212 14.7718 0.224 630100000000 371800000000
 0.6100   342200 0.6200   351329      1       -1       -1       -1  0 6.26000e+11 6.19600e+11 201.117000 16.872000 104.160000  1 0.2200 184.990000 44.89941 9.33862 48.78228 -17.590 -64.520 16.680 -8.320e+10 -3.534e+10 -1.117e+11 0.01224 108997 108997 679751 5746 49 108957 109036 16.8724 619640000000 629180000000 600580000000 457580000000 266920000000 14.5461 0 0.00907 0.78374 0.54237 -14.8091 20.1967 -13.2246 0.57935 0.40515 -18.189 19.1964 -7.93562 0.2135 675000000000 295500000000
 0.6000   333059 0.6100   342200      1       -1       -1       -1  0 6.26000e+11 6.19600e+11 201.702000 15.257000 104.300000  1 0.2200 191.030000 44.90281 9.36523 48.77246 -17.670 -61.590 17.090 -8.502e+10 -3.656e+10 -1.095e+11 0.01231 108998 108998 679751 5781 48 108957 109036 15.2569 619640000000 629180000000 610110000000 476650000000 314590000000 10.6523 0 0.00911 0.72273 0.66005 -3.15984 19.5314 -9.88893 0.70828 0.68192 -8.83232 16.6305 -5.34395 0.2127 740800000000 295500000000
 0.5900   323889 0.6000   333059      1       -1       -1       -1  0 6.26000e+11 6.19600e+11 202.278000 16.565000 104.080000  1 0.2200 188.650000 44.90580 9.38204 48.76101 -16.740 -59.520 17.810 -1.210e+11 -2.597e+10 -1.449e+11 0.01648 108999 108999 679751 5798 47 108957 109036 16.5653 619640000000 638710000000 610110000000 476650000000 285990000000 18.9852 0 0.01219 0.81485 0.64595 18.8985 -8.49708 17.3252 0.69656 0.54832 19.9274 -6.5683 15.5456 0.2103 673900000000 295500000000
 0.5800   314645 0.5900   323889      1       -1       -1       -1  0 6.26000e+11 6.19600e+11 202.845000 20.590000 99.860000  1 0.2200 180.780000 44.91371 9.40816 48.75043 -17.430 -56.300 19.210 -4.312e+10 -1.762e+10 -9.425e+10 0.00899 109000 109000 679751 5801 46 108957 109036 20.5903 619640000000 629180000000 581510000000 467120000000 200190000000 16.9597 0 0.00678 0.71868 0.58289 15.3884 -9.17646 18.5968 0.66399 0.54328 11.2329 -5.68673 19.408 0.202 632100000000 343200000000
 0.5700   305412 0.5800   314645      1       -1       -1       -1  0 6.26000e+11 6.29200e+11 204.442000 20.987000 98.220000  1 0.2200 182.590000 44.94084 9.42402 48.74692 -17.640 -52.380 18.150 -3.409e+10 -8.312e+10 -1.344e+11 0.01314 109001 109001 679751 5960 45 108957 109036 20.9873 629180000000 629180000000 562450000000 448050000000 238320000000 16.3533 0 0.01023 0.56233 0.4946 19.0368 -14.4477 5.86566 0.55253 0.38809 18.4518 -8.65446 5.1222 0.2044 608400000000 333700000000
 0.5600   296163 0.5700   305412      1       -1       -1       -1  0 6.16467e+11 6.29200e+11 204.995000 17.564000 96.090000  1 0.2200 191.730000 44.92893 9.45095 48.73236 -20.210 -47.980 16.090 -9.289e+10 -1.951e+11 -1.516e+11 0.02177 109002 109002 679751 5995 44 108957 109036 17.5636 629180000000 629180000000 552910000000 381320000000 247860000000 9.28043 0 0.01683 0.64034 0.39267 23.5191 -21.8546 1.67235 0.6924 0.55441 -14.4106 17.4979 7.55735 0.1939 590500000000 295500000000
 0.5500   286919 0.5600   296163      1       -1       -1       -1  0 5.97400e+11 5.91000e+11 201.299000 21.315000 89.050000  1 0.2200 180.330000 44.93865 9.46379 48.73401 -21.870 -44.310 14.020 -3.587e+10 -1.438e+11 -1.046e+11 0.01675 109003 109003 679751 5963 43 108957 109036 21.3151 591050000000 591050000000 524310000000 371790000000 219260000000 4.64017 0.57 0.01294 0.61041 0.52873 -18.021 26.9711 -1.35999 0.80833 0.72909 -11.8083 19.2062 1.40941 0.1751 534400000000 305100000000
 0.5400   277705 0.5500   286919      1       -1       -1       -1  0 5.91033e+11 5.72000e+11 199.628000 35.897000 86.940000  1 0.2200 162.940000 44.96693 9.47124 48.72282 -21.990 -40.110 13.760 -9.949e+09 -1.769e+11 -5.634e+10 0.01714 109004 109004 679751 5946 42 108957 109036 35.8968 571980000000 571980000000 486180000000 371790000000 152530000000 13.5803 0 0.01411 0.53854 0.30153 30.784 -27.1636 -5.47454 0.36652 0.10873 28.0994 -19.0493 -11.5166 0.1889 495100000000 429000000000
 0.5300   268458 0.5400   277705      1       -1       -1       -1  0 5.91033e+11 5.24300e+11 194.415000 28.131000 82.000000  1 0.2200 165.450000 44.94014 9.51342 48.72464 -21.390 -39.560 12.040 3.557e+10 -8.083e+10 -1.090e+11 0.01556 109005 109005 679751 5914 41 108957 109036 28.1313 524310000000 524310000000 476650000000 314590000000 133460000000 9.24095 0 0.01241 0.51081 0.43171 -15.4247 24.1475 -4.34217 0.71731 0.57002 17.1367 -7.5542 8.75846 0.1695 462800000000 314600000000
 0.5200   259228 0.5300   268458      1       -1       -1       -1  0 5.91033e+11 4.86200e+11 190.054000 35.482000 73.480000  1 0.2200 156.010000 44.95461 9.52243 48.72451 -23.380 -32.380 11.000 6.281e+10 -1.086e+11 -1.284e+11 0.02241 109006 109006 679751 4770 40 108957 109036 35.4817 486180000000 505250000000 457580000000 314590000000 76264000000 13.7372 0 0.01816 0.613 0.50893 -23.047 31.7154 4.30639 0.69017 0.54219 21.4133 -16.8323 -4.92847 0.147 461100000000 390900000000
 0.5100   249949 0.5200   259228      1       -1       -1       -1  0 5.91033e+11 5.24300e+11 195.372000 46.414000 68.270000  1 0.2200 156.370000 44.97353 9.52595 48.72889 -22.770 -29.480 14.400 -1.516e+10 -1.669e+11 -8.268e+10 0.02023 109007 109007 679751 4721 39 108957 109036 46.4136 524310000000 533850000000 457580000000 238320000000 85797000000 14.8051 0 0.01682 0.73174 0.47284 -15.0875 30.5458 5.39805 0.82688 0.58189 -7.64182 17.2718 -12.388 0.1263 465000000000 486200000000
 0.5000   240774 0.5100   249949      1       -1       -1       -1  0 5.91033e+11 5.24300e+11 195.836000 40.202000 70.840000  1 0.2200 160.610000 44.97781 9.54607 48.70485 -21.000 -25.600 14.690 -4.237e+10 -1.472e+11 -4.681e+10 0.01788 109008 109008 679751 4723 38 108957 109036 40.202 524310000000 524310000000 409920000000 285990000000 104860000000 14.9664 0.5 0.01453 0.73648 0.53816 -7.55362 27.3726 4.56238 0.83868 0.4181 -1.62912 21.2609 7.6647 0.126 458600000000 390900000000
 0.4900   231585 0.5000   240774      1       -1       -1       -1  0 5.91033e+11 5.24300e+11 196.289000 31.826000 75.750000  1 0.2200 167.900000 44.98829 9.55827 48.67850 -12.630 -29.060 14.550 -2.874e+10 -1.872e+11 1.437e+11 0.02707 109009 109009 679751 5826 37 108957 109036 31.8259 524310000000 524310000000 438520000000 285990000000 114400000000 23.1445 2.25 0.02177 0.74436 0.65718 -12.2216 25.1208 5.06749 0.69736 0.55901 2.28051 12.6837 14.383 0.1281 476300000000 333700000000
 0.4800   222439 0.4900   231585      1       -1       -1       -1  0 5.91033e+11 5.14800e+11 195.532000 15.035000 86.130000  1 0.2200 196.910000 44.98852 9.58203 48.69526 -12.320 -25.420 15.680 -9.473e+10 -1.847e+11 1.075e+11 0.03047 109010 109010 679751 5846 36 108957 109036 15.035 514780000000 514780000000 495720000000 324120000000 219260000000 24.1561 0 0.02227 0.54589 0.47149 -10.5486 16.6264 -3.47769 0.57037 0.5035 12.5717 -7.48777 0.60708 0.1368 482600000000 219300000000
 0.4700   213305 0.4800   222439      1       -1       -1       -1  0 5.91033e+11 5.62500e+11 201.832000 19.189000 87.430000  1 0.2200 194.650000 45.00640 9.58497 48.68893 -11.300 -25.270 13.000 -1.297e+11 -2.379e+11 9.682e+10 0.03185 109011 109011 679751 5820 35 108957 109036 19.1886 562450000000 562450000000 533850000000 409920000000 219260000000 25.3324 0 0.02388 0.55364 0.42291 -10.5846 34.7495 1.37394 0.47883 0.32589 -6.00221 31.4156 -3.23202 0.1382 518500000000 266900000000
 0.4600   204182 0.4700   213305      1       -1       -1       -1  0 5.91033e+11 5.72000e+11 203.398000 20.774000 91.750000  1 0.2200 194.500000 45.02034 9.58730 48.68098 -11.370 -22.910 14.060 -2.074e+11 -2.614e+11 1.155e+11 0.03955 109012 109012 679751 4629 34 108957 109036 20.7735 571980000000 571980000000 552910000000 428980000000 238320000000 25.0736 0 0.02877 0.67718 0.52423 -5.44515 21.0761 12.0407 0.74027 0.491 -7.62124 19.2493 7.93971 0.1409 603300000000 286000000000
 0.4500   195125 0.4600   204182      1       -1       -1       -1  0 5.91033e+11 5.81500e+11 204.946000 21.816000 91.290000  1 0.2200 195.760000 45.03356 9.57931 48.68472 -11.040 -25.150 14.160 -2.888e+11 -2.576e+11 1.131e+11 0.04400 109013 109013 679751 4656 33 108957 109036 21.8163 581510000000 581510000000 581510000000 486180000000 190660000000 30.7045 0 0.03228 0.75437 0.68958 -3.45093 19.5728 10.5655 0.76522 0.67724 -11.2126 13.2216 8.00115 0.1399 592800000000 343200000000
 0.4400   186066 0.4500   195125      1       -1       -1       -1  0 5.91033e+11 5.91000e+11 206.474000 19.509000 88.300000  1 0.2200 204.180000 45.02095 9.58860 48.64331 -11.650 -23.520 13.320 -2.568e+11 -2.598e+11 1.012e+11 0.03990 109014 109014 679751 5743 32 108957 109036 19.509 591050000000 591050000000 591050000000 495720000000 47665000000 6.67214 0 0.02984 0.80712 0.74094 0.18896 23.0912 22.592 0.82318 0.76562 6.47248 11.7143 25.2158 0.1358 666600000000 276500000000
 0.4300   177053 0.4400   186066      1       -1       -1       -1  0 5.81500e+11 6.00600e+11 207.981000 25.322000 86.410000  1 0.2200 196.450000 45.04536 9.59430 48.64488 -10.790 -20.570 14.750 -2.325e+11 -2.615e+11 8.942e+10 0.03729 109015 109015 679751 4579 31 108957 109036 25.3215 600580000000 600580000000 600580000000 438520000000 162060000000 14.0956 0 0.02798 0.73558 0.62138 -3.802 20.7279 14.1936 0.76456 0.28181 3.22645 20.0603 7.57237 0.1309 558400000000 371800000000
 0.4200   168074 0.4300   177053      1       -1       -1       -1  0 5.46567e+11 5.52900e+11 202.707000 25.654000 82.370000  1 0.2200 191.700000 45.04853 9.58295 48.63078 -11.480 -18.100 15.410 -2.196e+11 -2.780e+11 9.944e+10 0.04368 109016 109016 679751 4539 30 108957 109036 25.6542 552910000000 552910000000 524310000000 333650000000 200190000000 21.7859 0 0.03307 0.7429 0.63262 -2.99798 21.6086 10.2008 0.86647 0.55664 -6.46933 17.4891 -4.27447 0.1276 494600000000 305100000000
 0.4100   159196 0.4200   168074      1       -1       -1       -1  0 5.05267e+11 4.86200e+11 194.553000 33.360000 74.060000  1 0.2200 175.930000 45.06001 9.58695 48.59830 -8.830 -13.260 20.640 -1.484e+11 -1.586e+11 4.568e+10 0.03220 109017 109017 679751 4482 29 108957 109036 33.3602 486180000000 486180000000 467120000000 324120000000 123930000000 16.4405 0 0.02499 0.58818 0.31751 3.85265 33.2293 24.4366 0.81508 0.4751 0.3312 24.98 14.2845 0.1174 437700000000 381300000000
 0.4000   150407 0.4100   159196      1       -1       -1       -1  0 4.57600e+11 4.76700e+11 193.612000 33.747000 68.740000  1 0.2200 176.340000 45.06897 9.60758 48.58975 -6.760 -11.100 18.130 -1.199e+11 -6.417e+10 -2.097e+10 0.02008 109018 109018 679751 5499 28 108957 109036 33.7473 476650000000 476650000000 428980000000 257390000000 114400000000 12.0139 0 0.0162 0.54315 0.28139 -3.74565 37.3425 7.8562 0.92316 0.27 15.9604 13.3507 13.9934 0.1099 408100000000 324100000000
 0.3900   141725 0.4000   150407      1       -1       -1       -1  0 4.16300e+11 4.09900e+11 184.429000 40.026000 64.230000  1 0.2200 164.500000 45.06636 9.62599 48.57536 -9.040 -11.220 16.590 -5.701e+09 -4.640e+10 -2.781e+10 0.01028 109019 109019 679751 5403 27 108957 109036 40.0261 409920000000 390850000000 381320000000 266920000000 76264000000 7.05773 0 0.00833 0.50525 0.24328 -3.85624 36.6815 20.2997 0.6449 0.2183 -4.45335 28.545 12.7242 0.1032 359900000000 362300000000
 0.3800   133252 0.3900   141725      1       -1       -1       -1  0 3.62267e+11 3.62300e+11 177.271000 21.333000 63.380000  1 0.2200 176.210000 45.05971 9.61485 48.56472 -8.650 -7.690 14.990 -8.357e+08 -3.083e+10 -3.464e+10 0.01133 109020 109020 679751 5328 26 108957 109036 21.3333 362250000000 352720000000 333650000000 238320000000 123930000000 11.3671 0 0.00884 0.58021 0.45579 22.2769 15.1791 -22.4327 0.52368 0.48669 22.6742 8.29112 -19.6289 0.0978 328300000000 209700000000
 0.3700   124757 0.3800   133252      1       -1       -1       -1  0 3.33667e+11 3.14600e+11 169.390000 13.649000 64.340000  1 0.2200 186.220000 45.06601 9.62995 48.54820 -11.620 -8.060 6.870 3.413e+10 -8.878e+09 -2.582e+10 0.01441 109021 109021 679751 4248 25 108957 109036 13.6488 314590000000 314590000000 276460000000 247860000000 0 4.54704 0 0.01067 0.84987 0.56108 -21.0133 26.5177 1.64217 0.61832 0.17423 -24.2214 24.9773 8.00128 0.092 372500000000 123900000000
 0.3600   116277 0.3700   124757      1       -1       -1       -1  0 3.20933e+11 3.24100e+11 171.339000 15.920000 62.710000  1 0.2200 184.210000 45.08345 9.62426 48.54067 -13.710 -7.780 9.530 3.098e+10 -3.421e+10 -2.014e+10 0.01611 109022 109022 679751 5152 24 108957 109036 15.9196 324120000000 324120000000 305060000000 238320000000 133460000000 14.2604 0 0.01185 0.70488 0.40334 -15.554 23.7628 7.70706 0.59451 0.36575 -18.5154 21.1011 7.54319 0.0843 302500000000 152500000000
 0.3500   107950 0.3600   116277      1       -1       -1       -1  0 3.08233e+11 3.24100e+11 171.582000 33.806000 61.590000  1 0.2200 162.160000 45.07529 9.69197 48.54531 -13.090 -10.210 9.100 4.887e+10 -1.633e+10 -1.167e+10 0.01452 109023 109023 679751 5041 23 108957 109036 33.8058 324120000000 324120000000 295520000000 200190000000 0 45.8 0 0.0126 0.0654 0.01013 -6.08576 62.1076 -3.47847 0.15344 0.01312 -6.38257 45.9878 3.49915 0.1113 288300000000 266900000000
 0.3400    99797 0.3500   107950      1       -1       -1       -1  0 2.95533e+11 2.76500e+11 162.943000 13.769000 58.550000  1 0.2200 183.550000 45.09965 9.63093 48.54418 -15.850 -9.780 9.570 -5.882e+08 -5.723e+10 1.162e+10 0.02532 109024 109024 679751 4883 22 108957 109036 13.7694 276460000000 276460000000 266920000000 228790000000 133460000000 12.6002 0 0.0184 0.84431 0.76619 5.30379 -11.3973 23.1042 0.67716 0.54996 6.58093 -16.3274 19.6916 0.0788 297100000000 133500000000
 0.3300    91891 0.3400    99797      1       -1       -1       -1  0 2.92367e+11 2.86000e+11 165.007000 34.155000 51.280000  1 0.2200 158.890000 45.11109 9.65536 48.51051 -10.210 -9.030 13.000 -4.722e+09 -4.713e+10 -3.428e+09 0.01786 109025 109025 679751 4754 21 108957 109036 34.1549 285990000000 285990000000 276460000000 171590000000 57198000000 20.9165 2.79 0.01435 0.73035 0.24989 -16.0639 -18.1036 30.5253 0.25015 0.08026 23.4518 -20.6193 -21.9685 0.0728 251100000000 247900000000
 0.3200    84123 0.3300    91891      1       -1       -1       -1  0 2.92367e+11 3.14600e+11 170.543000 32.111000 51.040000  1 0.2200 168.670000 45.12913 9.65716 48.53974 -9.720 -8.430 13.660 3.560e+10 -1.860e+10 -3.161e+10 0.01625 109026 109026 679751 4677 20 108957 109036 32.1114 314590000000 276460000000 266920000000 171590000000 28599000000 18.2796 0.52 0.01337 0.81383 0.59196 1.35942 34.2077 0.13095 0.55428 0.19645 -20.9926 15.5371 24.865 0.0657 256700000000 228800000000
 0.3100    76599 0.3200    84123      1       -1       -1       -1  0 2.92367e+11 2.76500e+11 163.543000 17.133000 60.180000  1 0.2200 182.680000 45.15627 9.69122 48.54079 -10.050 -9.910 10.880 1.065e+10 9.564e+08 -5.542e+10 0.02541 109027 109027 679751 4498 19 108957 109036 17.1328 276460000000 276460000000 266920000000 228790000000 95330000000 24.4529 0 0.01859 0.79121 0.5602 4.17415 -15.9044 19.5727 0.76718 0.37576 -2.1566 16.2748 -13.1764 0.0717 283700000000 162100000000
 0.3000    69297 0.3100    76599      1       -1       -1       -1  0 2.92367e+11 2.66900e+11 161.819000 10.463000 61.220000  1 0.2200 206.090000 45.15772 9.70536 48.52690 -8.870 -9.030 11.120 5.238e+09 -5.237e+09 -4.554e+10 0.02385 109028 109028 679751 3436 18 108957 109036 10.4627 266920000000 266920000000 266920000000 238320000000 133460000000 24.0005 0 0.01637 0.93938 0.59032 10.1818 22.0903 6.02993 0.71055 0.57739 12.2571 20.59 4.88533 0.0698 304900000000 114400000000
 0.2900    62248 0.3000    69297      1       -1       -1       -1  0 2.92367e+11 2.66900e+11 161.986000 14.499000 54.520000  1 0.2200 193.220000 45.16256 9.72692 48.49854 -7.930 -9.260 7.940 1.350e+10 -5.431e+09 -3.001e+10 0.01612 109029 109029 679751 3231 17 108957 109036 14.4994 266920000000 266920000000 247860000000 209730000000 57198000000 12.7713 0 0.01203 0.73406 0.56885 -1.3016 -8.59734 21.028 0.33324 0.04635 -7.09672 -2.03037 19.0342 0.0675 291400000000 114400000000
 0.2800    55477 0.2900    62248      1       -1       -1       -1  0 2.92367e+11 2.76500e+11 164.052000 26.938000 50.710000  1 0.2200 176.050000 45.16090 9.73761 48.48205 -8.890 -9.390 9.040 2.364e+10 1.260e+10 -1.164e+10 0.01287 109030 109030 679751 3840 16 108957 109036 26.9384 276460000000 276460000000 228790000000 190660000000 85797000000 17.7763 0 0.01011 0.59904 0.45665 -11.17 -14.028 26.3563 0.88154 0.36474 -13.0663 0.7442 17.1909 0.0603 235900000000 190700000000
 0.2700    49051 0.2800    55477      1       -1       -1       -1  0 2.92367e+11 2.95500e+11 167.893000 28.973000 47.550000  1 0.2200 181.770000 45.15994 9.76632 48.47637 -7.290 -9.880 6.710 1.693e+10 1.167e+10 5.319e+08 0.00799 109031 109031 679751 3627 15 108957 109036 28.9728 295520000000 295520000000 295520000000 190660000000 0 22.6703 0 0.00648 0.54182 0.46431 20.3749 -30.3597 32.6774 0.58966 0.43447 27.577 0.62284 25.6545 0.0502 277300000000 200200000000
 0.2600    42950 0.2700    49051      1       -1       -1       -1  0 2.92367e+11 3.05100e+11 169.824000 26.892000 51.210000  1 0.2200 189.770000 45.17242 9.77418 48.46488 -7.050 -8.990 9.460 3.461e+10 4.733e+09 -8.288e+09 0.01354 109032 109032 679751 3388 14 108957 109036 26.8919 305060000000 305060000000 305060000000 219260000000 9533000000 38.5112 0 0.01093 0.74594 0.50265 -16.5479 36.4491 -11.305 0.49964 0.11897 34.1783 11.4877 26.464 0.0535 270300000000 219300000000
 0.2500    37206 0.2600    42950      1       -1       -1       -1  0 2.82833e+11 2.76500e+11 164.472000 18.019000 52.680000  1 0.2200 200.910000 45.17290 9.81255 48.46535 -8.100 -8.980 8.360 2.488e+10 8.899e+09 7.648e+08 0.01253 109033 109033 679751 2488 13 108957 109036 18.0188 276460000000 276460000000 276460000000 247860000000 0 17.7119 0 0.00967 0.63953 0.30383 -21.035 36.6417 -9.77802 0.89117 0.65371 4.63663 -25.5069 43.3182 0.057 301500000000 123900000000
 0.2400    31800 0.2500    37206      1       -1       -1       -1  0 2.41500e+11 2.66900e+11 162.679000 26.228000 47.080000  1 0.2200 188.210000 45.18271 9.83239 48.45081 -7.790 -8.480 7.900 3.227e+10 4.460e+09 -1.236e+10 0.01610 109034 109034 679751 2913 12 108957 109036 26.2276 266920000000 247860000000 247860000000 152530000000 0 25.9897 1.51 0.01379 0.39404 0.06705 -15.6969 62.6255 -18.1291 0.47554 0.28025 -23.0172 41.5239 -15.6563 0.061 243800000000 171600000000
 0.2300    26811 0.2400    31800      1       -1       -1       -1  0 1.81110e+11 1.81100e+11 143.052000 30.692000 38.540000  1 0.2200 161.910000 45.19492 9.84270 48.43830 -5.260 -5.640 4.940 5.918e+09 1.281e+10 -8.714e+09 0.01390 109035 109035 679751 2619 11 108957 109036 30.6917 181130000000 181130000000 171590000000 66731000000 0 27.133 0 0.01279 0.16775 0 -27.8711 47.6872 -1.36172 0.29792 0.08194 -21.7963 47.9649 -2.20042 0.0578 183100000000 171600000000
 0.2200    22173 0.2300    26811      0       -1       -1       -1  0 9.53300e+10 9.53300e+10 115.571000 29.529000 29.400000  1 0.2200 130.970000 45.21120 9.85335 48.43267 -12.480 -4.600 0.820 4.075e+09 -1.582e+09 -7.103e+08 0.00952 109036 109036 679751 2338 10 108957 109036 29.5294 95330000000 95330000000 95330000000 9533000000 0 20.6018 0 0.01017 0.35868 0.08433 31.2698 35.7465 -12.4703 0 0 0 0 0 0.0695 145700000000 95330000000
