 1.0000   675370 0.0000       -1      1       -1       -1       -1  0 2.00200e+11 1.43000e+11 106.982000 15.485000 70.660000  1 0.7200 84.790000 3.51356 21.38338 17.33368 -78.010 276.050 53.110 -2.966e+10 -1.159e+10 2.596e+10 0.02159 534161 534161 675370 885 88 534160 534189 15.4853 142990000000 171590000000 133460000000 85797000000 19066000000 10.7438 0 0.02505 0.02228 0.00445 -14.7396 25.3531 7.26065 0.35135 0.25049 -3.96403 33.8814 12.1325 0.5187 172600000000 95330000000
 0.9900   667199 1.0000   675370      1       -1       -1       -1  0 2.00200e+11 1.62100e+11 112.009000 12.492000 69.900000  1 0.7200 93.310000 3.55183 21.33890 17.31277 -71.610 268.570 50.040 -3.604e+10 1.021e+10 2.938e+10 0.02114 534162 534162 675370 882 87 534160 534189 12.4922 162060000000 190660000000 104860000000 85797000000 0 10.7918 0 0.02363 0.79648 0.22729 -5.74464 26.3079 7.96478 0.19275 0 13.3675 25.2711 -0.70782 0.4734 180800000000 85800000000
 0.9800   658859 0.9900   667199      1       -1       -1       -1  0 2.00200e+11 1.71600e+11 114.642000 12.142000 72.720000  1 0.7200 96.450000 3.53971 21.30645 17.32140 -76.490 266.610 50.410 -4.624e+10 6.291e+10 5.301e+10 0.04095 534163 534163 675370 912 86 534160 534189 12.1419 171590000000 181130000000 123930000000 85797000000 38132000000 9.42306 0 0.0427 0.42505 0.21258 -1.71277 8.62663 8.25717 0.24468 0.01596 -0.38259 4.66161 6.52583 0.4443 191300000000 85800000000
 0.9700   650546 0.9800   658859      1       -1       -1       -1  0 2.00200e+11 1.71600e+11 115.120000 14.259000 71.690000  1 0.7200 93.650000 3.53673 21.29547 17.31676 -81.270 267.890 54.580 -6.803e+10 3.198e+08 1.944e+10 0.03056 534164 534164 675370 1928 85 534160 534189 14.2594 171590000000 181130000000 114400000000 95330000000 28599000000 9.09747 0 0.03211 0.2525 0.1496 -6.14355 25.0756 11.4718 0.24063 0 -1.62779 16.1958 7.97127 0.4401 188100000000 95330000000
 0.9600   642248 0.9700   650546      1       -1       -1       -1  0 2.00200e+11 1.81100e+11 117.699000 14.897000 75.650000  1 0.7200 95.240000 3.55948 21.27704 17.30244 -75.250 264.910 49.430 -3.981e+10 6.405e+10 4.263e+10 0.03231 534165 534165 675370 2868 84 534160 534189 14.8971 181130000000 190660000000 133460000000 104860000000 0 15.5416 1.85 0.03605 0.35989 0.05357 8.79877 36.6738 0.63255 0.57403 0.29344 8.23968 28.3258 -0.10112 0.4858 186000000000 104900000000
 0.9500   633958 0.9600   642248      1       -1       -1       -1  0 2.00200e+11 1.81100e+11 118.185000 15.812000 77.390000  1 0.7200 94.520000 3.57267 21.24234 17.29544 -75.740 262.150 50.800 -3.602e+10 6.205e+10 4.356e+10 0.03166 534166 534166 675370 911 83 534160 534189 15.8123 181130000000 190660000000 162060000000 114400000000 0 13.7682 0 0.03504 0.48964 0.29 16.1894 25.1371 -3.40546 0.08729 0.04565 18.9401 26.2242 -8.00721 0.4924 204300000000 114400000000
 0.9400   625673 0.9500   633958      1       -1       -1       -1  0 2.00200e+11 1.81100e+11 118.669000 11.848000 81.840000  1 0.7200 100.750000 3.57374 21.19020 17.29937 -71.180 258.510 51.470 -3.153e+10 3.052e+10 2.177e+10 0.02095 534167 534167 675370 1870 82 534160 534189 11.8482 181130000000 181130000000 152530000000 114400000000 57198000000 6.03994 0 0.02051 0.58391 0.28497 -6.04289 14.6449 -1.54614 0.40242 0.17155 7.92008 10.651 -0.30955 0.4556 204900000000 85800000000
 0.9300   617362 0.9400   625673      1       -1       -1       -1  0 2.00200e+11 1.81100e+11 119.152000 10.391000 86.850000  1 0.7200 104.270000 3.58264 21.15993 17.29362 -70.580 255.790 51.260 -3.004e+10 3.074e+10 2.260e+10 0.02089 534168 534168 675370 916 81 534160 534189 10.3906 181130000000 190660000000 162060000000 133460000000 57198000000 5.86597 0 0.0204 0.50517 0.44372 13.7131 -11.0219 3.08575 0.59626 0.26752 8.49115 -8.64592 1.9215 0.484 230800000000 85800000000
 0.9200   609029 0.9300   617362      1       -1       -1       -1  0 2.00200e+11 1.71600e+11 117.498000 9.549000 95.500000  1 0.7200 104.500000 3.59445 21.11996 17.28759 -68.450 253.510 51.650 -2.746e+10 3.061e+10 1.978e+10 0.01941 534169 534169 675370 1959 80 534160 534189 9.54913 171590000000 190660000000 162060000000 152530000000 66731000000 14.4388 0 0.02105 0.15221 0.07654 26.3995 -23.5459 4.56424 0.56275 0.48193 28.5579 -19.6243 7.06858 0.5907 250800000000 85800000000
 0.9100   600683 0.9200   609029      1       -1       -1       -1  0 2.00200e+11 1.81100e+11 120.116000 8.632000 99.810000  1 0.7200 110.090000 3.60384 21.08895 17.28159 -69.360 250.290 50.780 -2.814e+10 3.085e+10 2.378e+10 0.01777 534170 534170 675370 1975 79 534160 534189 8.6316 181130000000 190660000000 162060000000 152530000000 19066000000 14.1018 0 0.02033 0.4223 0.14543 18.6673 -15.1753 8.12368 0.05262 0.0366 17.5044 -13.4757 14.815 0.6311 280300000000 66730000000
 0.9000   592336 0.9100   600683      1       -1       -1       -1  0 2.00200e+11 1.90700e+11 122.675000 5.387000 101.050000  1 0.7200 128.620000 3.60118 21.06977 17.27048 -67.830 247.720 50.860 -2.990e+10 4.797e+10 5.491e+09 0.02352 534171 534171 675370 952 78 534160 534189 5.38675 190660000000 190660000000 162060000000 152530000000 95330000000 6.188 5.05 0.02214 0.45587 0.28622 -12.6968 13.2715 6.15055 0.51362 0.23234 -8.9917 10.5553 6.52512 0.5345 312400000000 76260000000
 0.8900   583941 0.9000   592336      1       -1       -1       -1  0 2.00200e+11 1.81100e+11 121.074000 6.042000 103.910000  1 0.7200 122.310000 3.60983 21.03651 17.25884 -70.190 242.130 49.360 -1.019e+10 2.768e+10 -8.290e+09 0.01352 534172 534172 675370 983 77 534160 534189 6.04245 181130000000 190660000000 162060000000 152530000000 104860000000 8.20758 0 0.01305 0.30039 0.20611 -12.4089 23.0827 7.17978 0.19953 0.04757 -8.67785 19.2131 2.75308 0.5688 323600000000 57200000000
 0.8800   575566 0.8900   583941      1       -1       -1       -1  0 2.00200e+11 1.81100e+11 121.552000 5.924000 98.530000  1 0.7200 123.590000 3.61845 21.00387 17.25687 -70.000 238.910 48.880 -8.993e+09 2.740e+10 -7.776e+09 0.01369 534173 534173 675370 2004 76 534160 534189 5.92384 181130000000 190660000000 162060000000 152530000000 104860000000 7.67303 0 0.01277 0.45403 0.30327 -8.4307 18.7599 7.63873 0.52623 0.36068 -4.91842 17.2907 6.33038 0.5259 301500000000 57200000000
 0.8700   567112 0.8800   575566      1       -1       -1       -1  0 2.00200e+11 1.90700e+11 124.132000 7.837000 92.730000  1 0.7200 117.510000 3.63224 20.97018 17.24716 -69.820 235.660 48.390 -2.801e+10 4.432e+10 8.822e+09 0.02246 534174 534174 675370 980 75 534160 534189 7.83729 190660000000 190660000000 171590000000 152530000000 76264000000 1.83618 1.79 0.02095 0.48298 0.24613 -2.87229 15.833 5.59709 0.60136 0.16049 0.44341 12.0436 4.17756 0.488 277400000000 76260000000
 0.8600   558649 0.8700   567112      1       -1       -1       -1  0 2.00200e+11 1.90700e+11 124.614000 8.878000 88.550000  1 0.7200 114.320000 3.65209 20.93785 17.24298 -70.500 232.650 46.260 -2.798e+10 4.346e+10 8.049e+09 0.02114 534175 534175 675370 983 74 534160 534189 8.87784 190660000000 209730000000 171590000000 133460000000 47665000000 9.19236 0 0.02069 0.5281 0.37754 -3.75567 21.0066 4.51172 0.74235 0.30639 -7.55378 12.9831 -2.82308 0.4894 242800000000 66730000000
 0.8500   550215 0.8600   558649      1       -1       -1       -1  0 2.00200e+11 1.90700e+11 125.094000 11.796000 84.610000  1 0.7200 107.240000 3.66222 20.90389 17.23618 -70.140 229.410 45.580 -2.737e+10 4.285e+10 6.484e+09 0.01968 534176 534176 675370 2029 73 534160 534189 11.7963 190660000000 209730000000 171590000000 123930000000 28599000000 8.99537 0 0.02036 0.49169 0.44102 -6.54231 20.9726 4.7144 0.58655 0.49104 11.4102 -10.7832 3.20448 0.4947 225700000000 85800000000
 0.8400   541697 0.8500   550215      1       -1       -1       -1  0 2.00200e+11 1.90700e+11 125.573000 14.397000 80.910000  1 0.7200 103.180000 3.67346 20.86536 17.22826 -69.740 226.130 44.860 -2.614e+10 4.234e+10 4.500e+09 0.01857 534177 534177 675370 941 72 534160 534189 14.3966 190660000000 209730000000 171590000000 114400000000 9533000000 9.07532 0 0.01992 0.40551 0.22332 -8.48559 27.6442 6.87009 0.56083 0.21671 -9.80174 18.1367 -0.67017 0.4911 209500000000 114400000000
 0.8300   533170 0.8400   541697      1       -1       -1       -1  0 2.00200e+11 2.00200e+11 128.116000 13.374000 76.450000  1 0.7200 107.420000 3.67874 20.84028 17.22311 -64.970 217.830 44.010 -2.331e+10 4.164e+10 2.582e+09 0.01735 534178 534178 675370 2967 71 534160 534189 13.3743 200190000000 209730000000 133460000000 104860000000 66731000000 6.88751 6.44 0.01764 0.45078 0.17159 -3.27073 12.7972 17.3631 0.25036 0.01942 -0.19648 11.5145 14.5925 0.4302 202000000000 85800000000
 0.8200   524591 0.8300   533170      1       -1       -1       -1  0 2.00200e+11 1.90700e+11 126.524000 22.725000 72.160000  1 0.7200 95.910000 3.70337 20.77730 17.20767 -72.690 223.450 43.760 -5.661e+10 -2.791e+10 -7.124e+10 0.03502 534179 534179 675370 953 70 534160 534189 22.7248 190660000000 209730000000 133460000000 95330000000 0 13.6328 0 0.03827 0.22237 0.03003 -4.22849 37.322 3.68019 0.33554 0.04582 -7.09987 32.1473 8.70432 0.4357 197500000000 123900000000
 0.8100   515952 0.8200   524591      1       -1       -1       -1  0 2.00200e+11 2.00200e+11 129.079000 12.678000 69.300000  1 0.7200 109.800000 3.69999 20.76761 17.20875 -64.280 215.150 39.700 -6.759e+10 -3.715e+10 -7.420e+10 0.04144 534180 534180 675370 2022 69 534160 534189 12.6779 200190000000 219260000000 152530000000 85797000000 57198000000 8.26824 0 0.03984 0.3645 0.06639 25.6182 -13.295 -4.265 0.73085 0.2993 14.086 -2.65514 -2.07883 0.3439 204600000000 76260000000
 0.8000   507283 0.8100   515952      1       -1       -1       -1  0 2.00200e+11 2.00200e+11 129.556000 17.259000 68.620000  1 0.7200 103.510000 3.71089 20.73041 17.20137 -63.040 212.350 39.350 -6.571e+10 -3.491e+10 -7.496e+10 0.03990 534181 534181 675370 971 68 534160 534189 17.2592 200190000000 209730000000 171590000000 85797000000 47665000000 8.24707 0 0.03949 0.39483 0.36967 17.6518 -10.8804 -4.29392 0.52254 0.27418 17.4939 -1.1721 -1.40652 0.352 195700000000 85800000000
 0.7900   498652 0.8000   507283      1       -1       -1       -1  0 1.93833e+11 2.00200e+11 130.031000 34.796000 68.950000  1 0.7200 94.000000 3.72199 20.69264 17.19387 -61.480 209.160 39.020 -6.304e+10 -3.153e+10 -7.460e+10 0.03726 534182 534182 675370 964 67 534160 534189 34.7963 200190000000 209730000000 162060000000 76264000000 19066000000 8.25229 0 0.03854 0.54581 0.31504 17.3303 -1.74155 0.95761 0.44181 0.04867 10.2876 -0.95095 -2.82637 0.3741 191100000000 209700000000
 0.7800   490013 0.7900   498652      1       -1       -1       -1  0 1.87467e+11 1.81100e+11 126.222000 17.520000 70.560000  1 0.7200 100.250000 3.73329 20.65427 17.18623 -65.650 217.930 43.190 -7.732e+10 -1.097e+10 -1.548e+11 0.07567 534183 534183 675370 959 66 534160 534189 17.5197 181130000000 209730000000 152530000000 85797000000 9533000000 11.9967 0 0.07728 0.50266 0.10785 27.7973 -15.0283 -4.75726 0.1716 0.02578 26.0099 -13.0158 8.39296 0.3785 185800000000 95330000000
 0.7700   481322 0.7800   490013      1       -1       -1       -1  0 1.81100e+11 1.81100e+11 126.676000 16.533000 75.350000  1 0.7200 101.900000 3.74479 20.61532 17.17846 -64.690 214.900 42.780 -7.793e+10 -1.189e+10 -1.489e+11 0.07269 534184 534184 675370 965 65 534160 534189 16.5329 181130000000 190660000000 152530000000 114400000000 0 12.389 0 0.07544 0.37563 0.03832 40.1442 -19.3164 -14.55 0.46243 0.04833 33.1906 -16.4254 -14.2843 0.4179 184600000000 114400000000
 0.7600   472621 0.7700   481322      1       -1       -1       -1  0 1.77933e+11 1.81100e+11 127.128000 13.924000 80.090000  1 0.7200 106.090000 3.75649 20.57577 17.17055 -65.820 212.510 40.160 -4.295e+10 -4.610e+09 -1.909e+11 0.08423 534185 534185 675370 980 64 534160 534189 13.9243 181130000000 181130000000 162060000000 123930000000 0 22.6369 0 0.08805 0.07138 0.01079 23.4814 -9.75261 -9.26072 0.07472 0.00933 28.4019 -12.7867 -11.9669 0.4478 202200000000 104900000000
 0.7500   463885 0.7600   472621      1       -1       -1       -1  0 1.74767e+11 1.71600e+11 125.298000 11.793000 79.430000  1 0.7200 108.270000 3.76839 20.53562 17.16250 -65.610 213.790 40.350 -2.776e+10 -4.253e+09 -1.510e+11 0.07636 534186 534186 675370 983 63 534160 534189 11.7929 171590000000 181130000000 171590000000 133460000000 0 24.5819 0 0.076 0.36558 0.05054 33.8216 -18.6567 -9.82146 0.44933 0.01228 29.2424 -15.3116 -8.30662 0.4247 203000000000 66730000000
 0.7400   455095 0.7500   463885      1       -1       -1       -1  0 1.71600e+11 1.71600e+11 125.735000 14.157000 76.590000  1 0.7200 104.610000 3.77647 20.50424 17.15579 -64.490 210.080 40.010 -2.711e+10 -3.421e+09 -1.485e+11 0.07226 534187 534187 675370 2089 62 534160 534189 14.157 171590000000 181130000000 142990000000 123930000000 0 35.7972 0 0.07507 0.20395 0.03595 33.2424 -19.9114 -10.4579 0.5243 0.38846 38.1427 -15.0462 -13.655 0.4274 192100000000 85800000000
 0.7300   446272 0.7400   455095      1       -1       -1       -1  0 1.68433e+11 1.71600e+11 126.170000 14.099000 74.600000  1 0.7200 105.310000 3.78851 20.46325 17.14755 -63.360 206.440 39.610 -2.680e+10 -2.974e+09 -1.461e+11 0.07114 534188 534188 675370 1008 61 534160 534189 14.0987 171590000000 181130000000 162060000000 123930000000 9533000000 38.578 0 0.07425 0.32888 0.15326 34.1073 -13.2888 -2.5395 0.53589 0.0493 20.7031 -2.47542 -4.51154 0.4163 201400000000 66730000000
 0.7200   437398 0.7300   446272      0       -1       -1       -1  0 1.62100e+11 1.62100e+11 124.212000 14.190000 72.730000  1 0.7200 103.380000 3.80076 20.42164 17.13917 -60.510 207.190 38.740 -4.156e+10 5.462e+09 -1.200e+11 0.06640 534189 534189 675370 1014 60 534160 534189 14.1901 162060000000 171590000000 162060000000 104860000000 9533000000 38.0469 0 0.07026 0.5759 0.21714 37.9099 -20.1053 -4.04198 0.32309 0.13642 29.9198 -1.1325 -15.2578 0.4198 193800000000 66730000000
