 1.0000   681177 0.0000       -1      1       -1       -1       -1  0 2.19300e+11 2.19300e+11 123.364000 12.733000 91.700000  1 0.4100 104.630000 45.77441 36.32935 17.88726 166.440 -53.570 153.850 -1.199e+11 -1.241e+10 -1.266e+11 0.05169 463251 463251 681177 6692 88 463250 463310 12.733 219260000000 247860000000 190660000000 152530000000 57198000000 9.83001 0 0.05226 0.503 0.41396 -1.20602 -14.4694 21.3074 0.27828 0.22163 -7.22196 1.35628 14.1768 0.5201 294600000000 114400000000
 0.9900   673062 1.0000   681177      1       -1       -1       -1  0 2.19300e+11 2.19300e+11 123.883000 12.573000 88.720000  1 0.4100 105.330000 45.75612 36.33308 17.86925 165.760 -53.840 152.390 -1.200e+11 -1.260e+10 -1.260e+11 0.05193 463252 463252 681177 6684 87 463250 463310 12.5729 219260000000 247860000000 200190000000 162060000000 47665000000 11.3242 0 0.05233 0.49911 0.39094 -0.81668 -16.2553 20.0566 0.77903 0.07581 -5.97037 -5.66613 12.1397 0.5009 284800000000 123900000000
 0.9800   664627 0.9900   673062      1       -1       -1       -1  0 2.19300e+11 2.19300e+11 124.403000 11.280000 88.370000  1 0.4100 108.380000 45.73680 36.34947 17.84714 168.520 -54.540 149.800 -1.162e+11 -3.851e+10 -2.033e+11 0.06946 463253 463253 681177 6693 86 463250 463310 11.2797 219260000000 247860000000 200190000000 162060000000 9533000000 4.50303 0 0.07138 0.35925 0.21939 1.86363 23.4061 -21.4806 0.41704 0.18112 1.95808 20.0672 -18.111 0.5067 300900000000 95330000000
 0.9700   656236 0.9800   664627      1       -1       -1       -1  0 2.19300e+11 2.19300e+11 124.921000 11.943000 88.100000  1 0.4100 107.390000 45.71946 36.35619 17.83318 167.510 -54.710 147.990 -1.155e+11 -3.784e+10 -2.006e+11 0.06997 463254 463254 681177 5704 85 463250 463310 11.9431 219260000000 247860000000 200190000000 162060000000 0 3.67327 0 0.07075 0.33736 0.24306 -2.34421 26.0404 -25.5853 0.45587 0.29669 1.43907 -20.9601 20.9849 0.4959 298300000000 114400000000
 0.9600   647893 0.9700   656236      1       -1       -1       -1  0 2.19300e+11 2.19300e+11 125.439000 11.649000 87.750000  1 0.4100 108.450000 45.70062 36.36203 17.81683 166.490 -54.900 146.160 -1.148e+11 -3.730e+10 -1.981e+11 0.07035 463255 463255 681177 6733 84 463250 463310 11.6489 219260000000 247860000000 190660000000 162060000000 0 3.30441 0 0.0702 0.46922 0.33184 5.90689 -20.7984 25.7942 0.62452 0.34869 -3.86372 20.7899 -12.7308 0.4861 299900000000 114400000000
 0.9500   639563 0.9600   647893      1       -1       -1       -1  0 2.16100e+11 2.19300e+11 125.956000 10.024000 86.620000  1 0.4100 112.850000 45.68162 36.36656 17.79850 162.530 -48.620 142.360 -1.298e+11 -2.531e+10 -1.336e+11 0.05922 463256 463256 681177 6742 83 463250 463310 10.0239 219260000000 228790000000 190660000000 171590000000 19066000000 9.94927 0 0.05709 0.52712 0.2851 6.83919 -17.9482 23.495 0.50788 0.09494 7.90386 -17.6005 23.2026 0.4574 295700000000 104900000000
 0.9400   631247 0.9500   639563      1       -1       -1       -1  0 2.12900e+11 2.09700e+11 124.612000 8.540000 89.910000  1 0.4100 115.830000 45.65941 36.37413 17.78195 162.310 -50.820 141.060 -9.400e+10 -1.596e+10 -1.567e+11 0.06269 463257 463257 681177 6748 82 463250 463310 8.53984 209730000000 228790000000 200190000000 162060000000 9533000000 7.87905 0 0.06016 0.56236 0.39938 7.08099 -16.7677 23.9293 0.58705 0.11137 10.5398 -3.1457 22.7598 0.4795 299100000000 57200000000
 0.9300   622915 0.9400   631247      1       -1       -1       -1  0 2.09700e+11 2.09700e+11 125.120000 7.902000 92.240000  1 0.4100 118.730000 45.64346 36.37640 17.76875 161.240 -51.070 139.190 -9.312e+10 -1.568e+10 -1.547e+11 0.06385 463258 463258 681177 6784 81 463250 463310 7.90246 209730000000 228790000000 200190000000 162060000000 38132000000 3.57794 0 0.05964 0.50511 0.35122 6.12368 -20.0785 22.4307 0.60075 0.09388 1.52168 -11.4504 25.8778 0.4777 326100000000 57200000000
 0.9200   614569 0.9300   622915      1       -1       -1       -1  0 2.09700e+11 2.09700e+11 125.626000 6.994000 95.360000  1 0.4100 123.260000 45.62116 36.38839 17.75307 162.610 -49.810 139.380 -1.380e+11 -1.275e+10 -1.065e+11 0.06143 463259 463259 681177 6792 80 463250 463310 6.99432 209730000000 219260000000 190660000000 162060000000 19066000000 3.47698 0 0.05771 0.42327 0.11785 8.91267 -16.7803 17.2649 0.16221 0.02457 -10.2633 18.4165 -7.80511 0.4942 347600000000 38130000000
 0.9100   606198 0.9200   614569      1       -1       -1       -1  0 2.09700e+11 2.09700e+11 126.131000 7.401000 94.210000  1 0.4100 121.920000 45.59618 36.39551 17.73190 161.390 -49.570 137.420 -1.365e+11 -1.279e+10 -1.059e+11 0.06223 463260 463260 681177 6818 79 463250 463310 7.40116 209730000000 219260000000 190660000000 162060000000 66731000000 8.95291 0 0.0574 0.37986 0.28462 9.93352 -15.1853 18.7101 0.17116 0.00834 -5.93046 14.0505 -13.078 0.4787 328800000000 66730000000
 0.9000   597820 0.9100   606198      1       -1       -1       -1  0 2.09700e+11 2.00200e+11 124.687000 7.503000 91.210000  1 0.4100 119.660000 45.57377 36.40013 17.71519 160.290 -52.240 134.620 -9.636e+10 -3.694e+09 -1.327e+11 0.06726 463261 463261 681177 6861 78 463250 463310 7.50256 200190000000 219260000000 190660000000 162060000000 104860000000 5.20876 0 0.05893 0.55488 0.37051 10.8924 -11.5215 12.9795 0.31914 0.16943 13.87 -11.2261 13.6007 0.4441 305500000000 85800000000
 0.8900   589405 0.9000   597820      1       -1       -1       -1  0 2.09700e+11 2.00200e+11 125.182000 9.031000 87.430000  1 0.4100 114.520000 45.55809 36.40784 17.69862 158.870 -52.120 132.250 -9.494e+10 -3.640e+09 -1.318e+11 0.06777 463262 463262 681177 6904 77 463250 463310 9.03144 200190000000 219260000000 200190000000 152530000000 76264000000 3.25321 0 0.0586 0.60467 0.43427 7.82264 -9.26588 13.9687 0.52863 0.32044 11.0496 -6.07133 12.7132 0.4159 289000000000 95330000000
 0.8800   581017 0.8900   589405      1       -1       -1       -1  0 2.09700e+11 2.00200e+11 125.675000 8.776000 83.640000  1 0.4100 115.910000 45.53575 36.40834 17.67932 157.440 -51.930 129.820 -9.369e+10 -3.741e+09 -1.308e+11 0.06688 463263 463263 681177 6871 76 463250 463310 8.77556 200190000000 219260000000 200190000000 152530000000 0 4.38903 0 0.05825 0.66653 0.61373 -9.26709 19.9279 -14.1654 0.74903 0.52184 13.9399 -13.3684 11.753 0.3971 281800000000 85800000000
 0.8700   572543 0.8800   581017      1       -1       -1       -1  0 2.09700e+11 2.09700e+11 128.139000 9.863000 79.360000  1 0.4100 115.290000 45.50608 36.41161 17.66761 156.690 -48.530 129.380 -1.310e+11 -1.329e+10 -1.023e+11 0.06361 463264 463264 681177 5914 75 463250 463310 9.8634 209730000000 219260000000 200190000000 171590000000 47665000000 12.556 0 0.05606 0.65668 0.58839 8.48348 -18.1445 17.9084 0.76512 0.01616 4.65874 -9.40512 17.4345 0.3689 295900000000 85800000000
 0.8600   564083 0.8700   572543      1       -1       -1       -1  0 2.09700e+11 2.09700e+11 128.636000 9.386000 77.180000  1 0.4100 117.300000 45.49314 36.42263 17.64698 155.540 -48.250 127.240 -1.295e+11 -1.370e+10 -1.012e+11 0.06385 463265 463265 681177 7012 74 463250 463310 9.38593 209730000000 219260000000 200190000000 171590000000 0 3.91346 0 0.05565 0.8654 0.72001 -10.3852 23.6828 -10.7725 0.66711 0.12883 -8.12048 24.788 14.4397 0.3494 294300000000 66730000000
 0.8500   555643 0.8600   564083      1       -1       -1       -1  0 2.09700e+11 2.09700e+11 129.132000 9.618000 78.400000  1 0.4100 117.150000 45.46882 36.43142 17.62960 154.410 -47.990 125.040 -1.275e+11 -1.404e+10 -9.977e+10 0.06241 463266 463266 681177 6955 73 463250 463310 9.61759 209730000000 219260000000 209730000000 181130000000 0 2.78351 0 0.05506 0.86512 0.60261 -15.2322 22.9529 -3.58064 0.2708 0.00067 -11.2603 21.4649 13.6932 0.3602 296500000000 66730000000
 0.8400   547142 0.8500   555643      1       -1       -1       -1  0 2.09700e+11 2.09700e+11 129.626000 11.220000 80.040000  1 0.4100 113.390000 45.43706 36.43153 17.61138 152.280 -45.800 123.960 -1.272e+11 2.097e+10 -5.612e+10 0.05420 463267 463267 681177 6980 72 463250 463310 11.2197 209730000000 209730000000 200190000000 181130000000 0 7.48699 0 0.04783 0.87587 0.27188 -14.7372 -0.86335 25.7434 0.79063 0.07073 -18.6105 1.37988 22.2145 0.3643 285400000000 104900000000
 0.8300   538620 0.8400   547142      1       -1       -1       -1  0 2.06567e+11 2.09700e+11 130.118000 9.952000 79.050000  1 0.4100 117.320000 45.42321 36.44961 17.59874 150.570 -45.760 122.060 -1.255e+11 2.079e+10 -5.640e+10 0.05349 463268 463268 681177 7034 71 463250 463310 9.95243 209730000000 219260000000 200190000000 190660000000 0 8.71806 0 0.04754 0.82327 0.48453 12.5243 -23.341 19.5085 0.61769 0.17594 -5.91685 13.6306 28.6664 0.3604 312800000000 47660000000
 0.8200   530027 0.8300   538620      1       -1       -1       -1  0 2.06567e+11 2.00200e+11 128.599000 10.211000 78.290000  1 0.4100 114.940000 45.38815 36.45717 17.56241 147.720 -46.080 123.950 -9.936e+10 -2.195e+10 -5.396e+10 0.04823 463269 463269 681177 6052 70 463250 463310 10.2107 200190000000 209730000000 200190000000 190660000000 0 15.7437 0 0.04269 0.70151 0.3389 8.43731 -26.5949 25.0242 0.68362 0.38774 -11.3005 28.3056 -15.8362 0.3596 296600000000 76260000000
 0.8100   521378 0.8200   530027      1       -1       -1       -1  0 2.06567e+11 2.00200e+11 129.079000 7.026000 77.680000  1 0.4100 127.410000 45.37516 36.46395 17.55878 145.520 -46.260 121.820 -9.781e+10 -2.094e+10 -5.456e+10 0.04841 463270 463270 681177 7106 69 463250 463310 7.02572 200190000000 219260000000 200190000000 200190000000 0 12.1393 0 0.04242 0.67844 0.46133 12.1489 -26.9529 25.0005 0.64702 0.00597 -3.33707 -21.0492 34.1929 0.3499 365800000000 0
 0.8000   512695 0.8100   521378      1       -1       -1       -1  0 2.06567e+11 2.00200e+11 129.556000 8.537000 77.570000  1 0.4100 121.540000 45.34201 36.45024 17.53767 142.220 -41.860 117.050 -8.822e+10 4.404e+10 -3.336e+10 0.04406 463271 463271 681177 6089 68 463250 463310 8.5371 200190000000 209730000000 200190000000 181130000000 19066000000 13.8488 0 0.03892 0.38663 0.35827 -14.6125 23.5436 -16.2396 0.08903 0 -19.2824 24.7182 -20.0726 0.3499 318000000000 19070000000
 0.7900   504053 0.8000   512695      1       -1       -1       -1  0 2.06567e+11 2.00200e+11 130.031000 9.399000 82.240000  1 0.4100 119.210000 45.32524 36.47888 17.51766 146.990 -45.410 112.960 -1.041e+11 3.912e+10 -2.622e+10 0.04851 463272 463272 681177 7117 67 463250 463310 9.39876 200190000000 209730000000 200190000000 190660000000 38132000000 9.64669 0 0.04291 0.39918 0.21834 -19.2144 22.8021 -23.3535 0.08517 0 19.54 -15.1733 12.6288 0.3762 293400000000 38130000000
 0.7800   495416 0.7900   504053      1       -1       -1       -1  0 2.06567e+11 2.00200e+11 130.504000 10.171000 84.190000  1 0.4100 117.520000 45.29955 36.48657 17.49667 144.650 -44.510 111.010 -1.038e+11 3.753e+10 -2.589e+10 0.04854 463273 463273 681177 6089 66 463250 463310 10.1712 200190000000 209730000000 200190000000 171590000000 47665000000 10.0818 0 0.04279 0.41031 0.29224 15.0633 -13.7382 15.9808 0.1646 0.05564 20.2395 -0.38281 8.28414 0.3851 279400000000 66730000000
 0.7700   486734 0.7800   495416      1       -1       -1       -1  0 2.06567e+11 2.00200e+11 130.974000 12.024000 83.860000  1 0.4100 113.530000 45.27045 36.48867 17.47758 138.080 -47.310 110.530 -8.858e+10 9.325e+09 -3.582e+10 0.04240 463274 463274 681177 7175 65 463250 463310 12.0245 200190000000 219260000000 200190000000 171590000000 66731000000 6.36348 0 0.03639 0.58125 0.15798 15.8649 -6.31578 17.5104 0.49965 0.08245 14.269 -7.34248 18.2121 0.3697 261100000000 104900000000
 0.7600   478032 0.7700   486734      1       -1       -1       -1  0 2.06567e+11 2.00200e+11 131.440000 7.876000 81.550000  1 0.4100 126.960000 45.24276 36.50286 17.45403 136.440 -46.630 108.190 -8.649e+10 9.751e+09 -3.555e+10 0.04344 463275 463275 681177 7192 64 463250 463310 7.87615 200190000000 219260000000 200190000000 162060000000 95330000000 2.48093 0 0.03581 0.37741 0.21825 6.31374 -7.88335 20.1997 0.52107 0.04733 4.50279 -7.00831 17.3766 0.3383 256700000000 76260000000
 0.7500   469312 0.7600   478032      1       -1       -1       -1  0 2.06567e+11 2.00200e+11 131.904000 7.631000 76.820000  1 0.4100 128.800000 45.21481 36.51228 17.43369 134.710 -45.880 105.910 -8.488e+10 1.006e+10 -3.553e+10 0.04266 463276 463276 681177 7186 63 463250 463310 7.63064 200190000000 219260000000 190660000000 123930000000 104860000000 3.75139 0 0.03542 0.80115 0.40817 0.73612 -8.26258 16.2019 0.53881 0.09739 -5.4267 -4.50515 9.60633 0.3152 277700000000 57200000000
 0.7400   460511 0.7500   469312      1       -1       -1       -1  0 2.06567e+11 2.19300e+11 136.440000 21.273000 68.200000  1 0.4100 106.680000 45.19822 36.51701 17.42583 135.500 -43.670 104.920 -9.992e+10 2.272e+10 -6.391e+10 0.04369 463277 463277 681177 7206 62 463250 463310 21.2731 219260000000 219260000000 190660000000 133460000000 47665000000 12.939 0 0.03991 0.89248 0.36451 4.15005 -8.33349 13.3711 0.3026 0.01572 1.83452 -10.6404 16.1931 0.2937 215900000000 143000000000
 0.7300   451686 0.7400   460511      1       -1       -1       -1  0 2.06567e+11 2.00200e+11 132.822000 16.803000 63.300000  1 0.4100 108.100000 45.16722 36.52546 17.39401 130.830 -44.160 101.520 -8.334e+10 8.187e+09 -3.541e+10 0.03989 463278 463278 681177 6152 61 463250 463310 16.8034 200190000000 219260000000 200190000000 133460000000 28599000000 8.86751 0 0.03515 0.69128 0.47707 21.6688 -10.3459 10.8436 0.60753 0.22275 17.7179 -8.75637 14.7178 0.2604 221700000000 123900000000
 0.7200   442841 0.7300   451686      1       -1       -1       -1  0 2.00200e+11 2.00200e+11 133.276000 19.248000 60.920000  1 0.4100 105.980000 45.13494 36.53202 17.37211 134.200 -43.510 101.170 -8.737e+10 3.912e+10 -2.607e+10 0.04293 463279 463279 681177 7259 60 463250 463310 19.2476 200190000000 219260000000 200190000000 123930000000 28599000000 9.1657 0 0.03855 0.37319 0.05998 32.84 -7.8178 22.2674 0.42048 0.03134 20.1677 -7.33463 14.7342 0.2469 225000000000 123900000000
 0.7100   433937 0.7200   442841      1       -1       -1       -1  0 2.00200e+11 2.00200e+11 133.727000 21.552000 59.300000  1 0.4100 104.530000 45.10516 36.53930 17.34942 132.220 -42.770 98.690 -8.403e+10 4.217e+10 -2.778e+10 0.04186 463280 463280 681177 6223 59 463250 463310 21.5517 200190000000 219260000000 200190000000 95330000000 0 10.6544 0 0.0383 0.13417 0.11899 22.6436 -8.64964 25.8309 0.14495 0.03627 14.0279 -9.68449 21.0078 0.2423 211400000000 133500000000
 0.7000   424968 0.7100   433937      1       -1       -1       -1  0 2.00200e+11 2.00200e+11 134.174000 19.922000 59.110000  1 0.4100 106.590000 45.07729 36.55158 17.31807 130.120 -41.910 96.420 -8.188e+10 4.245e+10 -2.850e+10 0.04081 463281 463281 681177 7322 58 463250 463310 19.9217 200190000000 200190000000 190660000000 95330000000 0 7.45842 0 0.03791 0.24508 0.09406 32.2206 -5.2439 30.1277 0.6278 0.09552 37.9676 -5.30659 25.5062 0.245 214000000000 114400000000
 0.6900   415970 0.7000   424968      1       -1       -1       -1  0 1.97033e+11 2.00200e+11 134.617000 23.930000 58.620000  1 0.4100 104.030000 45.04544 36.55254 17.30651 128.090 -41.010 94.310 -7.986e+10 4.199e+10 -2.886e+10 0.03959 463282 463282 681177 7345 57 463250 463310 23.9303 200190000000 200190000000 162060000000 104860000000 0 17.156 0 0.03741 0.26278 0.04649 22.1851 -0.06887 23.2441 0.37964 0.28827 32.7844 0.26703 33.6784 0.2467 194400000000 162100000000
 0.6800   406965 0.6900   415970      1       -1       -1       -1  0 1.87500e+11 1.90700e+11 132.877000 22.476000 53.850000  1 0.4100 103.740000 45.03030 36.56807 17.29261 123.980 -36.850 93.920 -4.413e+10 2.551e+10 -6.623e+10 0.03968 463283 463283 681177 7354 56 463250 463310 22.4762 190660000000 200190000000 171590000000 95330000000 28599000000 9.84095 0 0.03601 0.18688 0.03131 11.0107 -1.46995 16.8711 0.53737 0.01005 4.62689 6.35572 11.0611 0.2035 186000000000 152500000000
 0.6700   397962 0.6800   406965      1       -1       -1       -1  0 1.87500e+11 1.71600e+11 128.704000 14.898000 55.430000  1 0.4100 108.040000 44.98703 36.56253 17.26654 123.170 -34.190 91.240 -4.040e+10 4.823e+10 -5.348e+10 0.04672 463284 463284 681177 7328 55 463250 463310 14.8983 171590000000 200190000000 162060000000 95330000000 0 12.4878 0 0.04265 0.29792 0.02676 20.4959 -15.3874 44.1171 0.23447 0.03167 31.5324 -6.63698 34.945 0.2214 198800000000 66730000000
 0.6600   389042 0.6700   397962      1       -1       -1       -1  0 1.87500e+11 1.81100e+11 131.461000 16.110000 56.030000  1 0.4100 109.390000 44.97182 36.58416 17.24017 120.940 -35.950 87.920 -1.857e+10 -6.736e+09 -6.939e+10 0.03846 463285 463285 681177 7378 54 463250 463310 16.1099 181130000000 200190000000 162060000000 123930000000 0 9.66702 0 0.03426 0.1498 0.05374 23.3242 -0.62492 48.0059 0.25668 0.19547 20.5957 0.37755 31.3676 0.2074 187300000000 114400000000
 0.6500   380017 0.6600   389042      1       -1       -1       -1  0 1.87500e+11 1.81100e+11 131.873000 17.290000 62.950000  1 0.4100 108.600000 44.94049 36.59526 17.21870 115.940 -36.020 90.540 -3.915e+10 -3.489e+10 -1.122e+11 0.06599 463286 463286 681177 6301 53 463250 463310 17.29 181130000000 190660000000 162060000000 123930000000 0 6.43917 0 0.05916 0.29312 0.14256 16.4558 3.50176 37.0899 0.21623 0.16634 20.1967 5.2495 31.7125 0.2452 188300000000 114400000000
 0.6400   370950 0.6500   380017      1       -1       -1       -1  0 1.87500e+11 1.81100e+11 132.280000 15.692000 63.220000  1 0.4100 111.470000 44.90939 36.60645 17.19279 118.830 -34.050 85.640 -4.110e+10 -3.444e+10 -1.126e+11 0.06865 463287 463287 681177 6314 52 463250 463310 15.6915 181130000000 181130000000 171590000000 123930000000 0 8.16891 5.6 0.05994 0.18126 0.0344 22.3001 16.7009 17.9054 0.04795 0.00496 22.0087 16.3496 18.0848 0.2377 191500000000 104900000000
 0.6300   361843 0.6400   370950      1       -1       -1       -1  0 1.87500e+11 1.81100e+11 132.683000 13.143000 62.570000  1 0.4100 116.590000 44.87390 36.61497 17.17287 113.910 -35.580 88.020 -3.842e+10 -3.522e+10 -1.093e+11 0.06889 463288 463288 681177 7433 51 463250 463310 13.1432 181130000000 181130000000 171590000000 114400000000 0 5.99756 0 0.05856 0.88628 0.71161 7.10314 -14.513 23.5772 0.87919 0.78644 15.4354 15.9396 -4.50265 0.2228 197700000000 95330000000
 0.6200   352743 0.6300   361843      1       -1       -1       -1  0 1.87500e+11 1.90700e+11 135.376000 16.410000 66.040000  1 0.4100 114.350000 44.81352 36.62327 17.13501 110.770 -34.170 83.700 -4.671e+09 -5.759e+10 -1.389e+11 0.07177 463289 463289 681177 7425 50 463250 463310 16.4104 190660000000 200190000000 190660000000 133460000000 0 22.6328 0 0.06725 0.5171 0.33459 29.9699 -17.5364 21.5787 0.20568 0.12895 33.705 -14.1884 17.5757 0.2713 197100000000 114400000000
 0.6100   343610 0.6200   352743      1       -1       -1       -1  0 1.87500e+11 1.90700e+11 135.776000 12.822000 66.300000  1 0.4100 121.470000 44.78019 36.63345 17.10959 109.440 -34.100 82.310 -3.798e+09 -5.722e+10 -1.377e+11 0.07226 463290 463290 681177 7449 49 463250 463310 12.8222 190660000000 190660000000 190660000000 142990000000 0 22.2247 0 0.06713 0.61662 0.40516 34.1283 -0.49437 14.5489 0.27232 0 26.8433 0.74525 8.07564 0.2694 223900000000 47660000000
 0.6000   334476 0.6100   343610      1       -1       -1       -1  0 1.84300e+11 1.81100e+11 133.862000 12.247000 61.630000  1 0.4100 121.110000 44.76016 36.65157 17.10231 111.630 -34.520 82.140 -4.427e+10 -5.547e+10 -1.068e+11 0.07538 463291 463291 681177 7522 48 463250 463310 12.2468 181130000000 181130000000 171590000000 133460000000 0 12.3912 0 0.06329 0.78456 0.5166 27.4656 -4.48196 -14.6972 0.45052 0.0662 25.9343 11.4604 -22.1803 0.2101 208700000000 76260000000
 0.5900   325311 0.6000   334476      1       -1       -1       -1  0 1.84300e+11 1.81100e+11 134.244000 12.515000 61.000000  1 0.4100 121.430000 44.71794 36.65879 17.07935 108.770 -29.470 75.020 1.498e+10 -5.070e+10 -9.769e+10 0.06514 463292 463292 681177 7549 47 463250 463310 12.515 181130000000 181130000000 171590000000 133460000000 0 11.1875 0 0.05521 0.79105 0.48179 22.2188 -8.00871 -20.8491 0.24623 0.04045 -20.105 -9.98531 34.0583 0.2076 200900000000 85800000000
 0.5800   316067 0.5900   325311      1       -1       -1       -1  0 1.84300e+11 1.90700e+11 136.942000 14.980000 60.840000  1 0.4100 120.080000 44.67730 36.66499 17.03147 106.830 -29.150 74.340 -5.001e+09 -7.812e+10 -1.400e+11 0.08384 463293 463293 681177 7515 46 463250 463310 14.9797 190660000000 190660000000 171590000000 114400000000 66731000000 22.453 4.65 0.07371 0.86645 0.48417 26.3697 1.42006 11.9222 0.93289 0.67176 18.6436 3.52079 -10.9606 0.2164 171100000000 85800000000
 0.5700   306835 0.5800   316067      1       -1       -1       -1  0 1.84300e+11 1.81100e+11 134.992000 18.187000 56.800000  1 0.4100 114.030000 44.64203 36.67584 17.00481 104.980 -28.870 73.600 1.254e+10 -4.798e+10 -9.491e+10 0.06102 463294 463294 681177 7521 45 463250 463310 18.1875 181130000000 200190000000 152530000000 114400000000 19066000000 20.8691 0 0.05399 0.38819 0.24186 17.7777 4.73644 28.9859 0.77952 0.44092 13.8298 2.67843 17.2363 0.1981 171100000000 114400000000
 0.5600   297594 0.5700   306835      1       -1       -1       -1  0 1.74767e+11 1.81100e+11 135.357000 19.177000 56.760000  1 0.4100 113.820000 44.60627 36.68686 16.97785 106.550 -25.410 69.590 2.338e+10 -8.453e+09 -8.261e+10 0.04903 463295 463295 681177 7512 44 463250 463310 19.1768 181130000000 181130000000 142990000000 123930000000 9533000000 21.0101 5.26 0.04383 0.75389 0.18245 9.43084 3.5421 28.5909 0.73716 0.62457 -10.3178 35.381 12.9986 0.1962 172800000000 114400000000
 0.5500   288347 0.5600   297594      1       -1       -1       -1  0 1.71600e+11 1.62100e+11 130.776000 15.876000 57.400000  1 0.4100 113.850000 44.57004 36.69805 16.95058 103.980 -24.910 68.980 1.365e+10 1.975e+10 -3.257e+10 0.02888 463296 463296 681177 7502 43 463250 463310 15.8762 162060000000 171590000000 152530000000 114400000000 38132000000 25.8031 0 0.02493 0.70963 0.586 0.74262 -6.29461 26.9863 0.53175 0.06344 25.8479 18.3814 -14.3614 0.1932 174600000000 95330000000
 0.5400   279130 0.5500   288347      1       -1       -1       -1  0 1.71600e+11 1.71600e+11 133.638000 12.645000 55.610000  1 0.4100 123.400000 44.51909 36.71116 16.95418 101.580 -24.600 68.510 2.133e+10 7.235e+09 -4.631e+10 0.03542 463297 463297 681177 7510 42 463250 463310 12.6448 171590000000 171590000000 162060000000 123930000000 28599000000 11.0237 3.78 0.02908 0.71223 0.63661 6.20975 1.34608 23.7968 0.78793 0.45145 10.9293 7.19635 17.8727 0.1613 184400000000 85800000000
 0.5300   269884 0.5400   279130      1       -1       -1       -1  0 1.71600e+11 1.52500e+11 128.819000 12.439000 59.610000  1 0.4100 119.060000 44.49152 36.71678 16.89307 95.870 -21.350 66.170 1.356e+10 -4.865e+09 -3.242e+10 0.02910 463298 463298 681177 7509 41 463250 463310 12.4386 152530000000 152530000000 152530000000 123930000000 0 21.7295 0 0.02458 0.50416 0.16793 -16.5527 -4.74678 32.4754 0.27111 0 -13.5805 -10.1405 30.0395 0.1961 177800000000 66730000000
 0.5200   260643 0.5300   269884      1       -1       -1       -1  0 1.71600e+11 1.62100e+11 131.776000 14.123000 59.290000  1 0.4100 119.720000 44.43711 36.72907 16.85509 95.850 -20.690 64.810 1.628e+10 -8.877e+09 -4.789e+10 0.03750 463299 463299 681177 6323 40 463250 463310 14.1233 162060000000 162060000000 152530000000 133460000000 0 27.1945 0 0.03242 0.80418 0.30406 -18.5157 -7.21526 34.336 0.04647 0 37.3103 -18.6238 -9.87012 0.1974 176000000000 95330000000
 0.5100   251358 0.5200   260643      1       -1       -1       -1  0 1.71600e+11 1.62100e+11 132.096000 12.855000 54.590000  1 0.4100 123.330000 44.39497 36.73516 16.84752 93.820 -20.310 62.640 1.453e+10 -1.228e+10 -4.920e+10 0.04177 463300 463300 681177 6276 39 463250 463310 12.8545 162060000000 162060000000 162060000000 142990000000 0 7.6242 0 0.03359 0.85415 0.624 21.1496 14.1215 -14.7337 0.61136 0.44988 26.4459 12.3236 -5.14102 0.1531 188800000000 85800000000
 0.5000   242185 0.5100   251358      1       -1       -1       -1  0 1.71600e+11 1.62100e+11 132.410000 13.251000 50.660000  1 0.4100 123.630000 44.34950 36.74475 16.82522 89.050 -13.840 62.890 2.644e+10 -2.748e+10 -2.552e+10 0.03651 463301 463301 681177 6285 38 463250 463310 13.2513 162060000000 162060000000 162060000000 123930000000 0 4.30932 0 0.02947 0.77957 0.2012 8.18894 -3.84353 33.4415 0.16042 0.0241 17.5903 18.0819 33.6685 0.1307 198200000000 85800000000
 0.4900   232979 0.5000   242185      1       -1       -1       -1  0 1.71600e+11 1.62100e+11 132.716000 14.339000 52.320000  1 0.4100 122.680000 44.30522 36.75526 16.79500 85.630 -14.220 61.370 2.722e+10 -2.705e+10 -2.816e+10 0.03863 463302 463302 681177 7361 37 463250 463310 14.3387 162060000000 162060000000 162060000000 142990000000 66731000000 4.58501 0 0.03085 0.8776 0.52494 22.2976 14.6526 14.6664 0.54573 0.42226 20.0071 19.7386 13.6335 0.1348 177000000000 85800000000
 0.4800   223821 0.4900   232979      1       -1       -1       -1  0 1.71600e+11 1.71600e+11 135.574000 16.334000 54.410000  1 0.4100 123.360000 44.26728 36.76737 16.78783 82.260 -14.250 59.610 2.731e+10 -1.296e+10 -2.615e+10 0.02813 463303 463303 681177 7365 36 463250 463310 16.334 171590000000 171590000000 162060000000 133460000000 47665000000 14.3718 1.57 0.02377 0.75949 0.44876 12.8983 8.79146 27.2288 0.38115 0.21855 12.897 11.5312 24.5582 0.1532 177500000000 95330000000
 0.4700   214680 0.4800   223821      1       -1       -1       -1  0 1.71600e+11 1.52500e+11 130.641000 11.608000 55.560000  1 0.4100 127.980000 44.21934 36.77228 16.74171 80.920 -17.000 60.210 2.911e+10 -2.018e+10 -2.435e+10 0.04056 463304 463304 681177 7423 35 463250 463310 11.6079 152530000000 152530000000 152530000000 133460000000 66731000000 8.43762 0 0.0314 0.62672 0.45019 18.0616 11.4167 -7.04795 0.68486 0.18647 14.4844 10.0891 -4.89268 0.1417 177900000000 76260000000
 0.4600   205554 0.4700   214680      1       -1       -1       -1  0 1.71600e+11 1.71600e+11 136.162000 15.545000 49.770000  1 0.4100 127.140000 44.18554 36.78440 16.69446 76.170 -18.590 53.420 7.262e+09 1.356e+10 -2.770e+10 0.02286 463305 463305 681177 6151 34 463250 463310 15.5451 171590000000 171590000000 162060000000 133460000000 9533000000 4.59506 0 0.0192 0.59932 0.52242 12.8604 21.1909 -20.1871 0.57251 0.0644 4.50025 18.7818 -7.45029 0.1258 180700000000 85800000000
 0.4500   196491 0.4600   205554      1       -1       -1       -1  0 1.71600e+11 1.71600e+11 136.444000 19.675000 46.450000  1 0.4100 122.690000 44.13481 36.80266 16.68319 74.110 -17.590 56.360 6.273e+09 6.957e+09 -2.482e+10 0.01879 463306 463306 681177 6270 33 463250 463310 19.675 171590000000 171590000000 162060000000 123930000000 0 15.5494 0 0.01624 0.15826 0.07662 -9.78934 -23.9642 28.4126 0.39123 0.1778 -3.78053 -21.8491 29.9265 0.1165 161700000000 114400000000
 0.4400   187422 0.4500   196491      1       -1       -1       -1  0 1.71600e+11 1.71600e+11 136.718000 21.071000 43.720000  1 0.4100 122.510000 44.09138 36.80724 16.64407 69.600 -16.710 49.140 -4.363e+08 4.187e+10 -2.005e+10 0.03331 463307 463307 681177 7287 32 463250 463310 21.0714 171590000000 171590000000 171590000000 95330000000 0 12.1481 0 0.02871 0.59541 0.16047 -22.5414 -16.4351 40.8761 0.93728 0.41685 -10.3196 -10.0375 25.9739 0.1003 174500000000 114400000000
 0.4300   178397 0.4400   187422      1       -1       -1       -1  0 1.65233e+11 1.71600e+11 136.984000 19.549000 45.390000  1 0.4100 125.500000 44.05823 36.80578 16.61046 67.060 -15.730 51.160 -9.422e+09 2.397e+10 -3.345e+10 0.03113 463308 463308 681177 6220 31 463250 463310 19.5493 171590000000 171590000000 171590000000 95330000000 28599000000 14.7244 0 0.02638 0.76798 0.64571 17.8446 8.49667 2.92203 0.87497 0.45493 8.58615 -4.52748 13.9717 0.102 172100000000 95330000000
 0.4200   169395 0.4300   178397      1       -1       -1       -1  0 1.58867e+11 1.52500e+11 131.957000 14.150000 47.350000  1 0.4100 129.130000 44.03271 36.81931 16.58167 63.730 -13.370 47.630 -1.635e+10 4.092e+10 -1.672e+10 0.04322 463309 463309 681177 6176 30 463250 463310 14.1503 152530000000 152530000000 152530000000 114400000000 9533000000 13.7595 0 0.03624 0.52952 0.48237 20.5481 9.89451 15.6826 0.59456 0.40098 19.9234 6.11695 16.4313 0.1114 174300000000 66730000000
 0.4100   160514 0.4200   169395      0       -1       -1       -1  0 1.52500e+11 1.52500e+11 132.197000 14.350000 50.300000  1 0.4100 130.230000 44.00193 36.83282 16.55821 60.360 -12.880 47.010 -3.886e+09 3.568e+10 -2.734e+10 0.04044 463310 463310 681177 6109 29 463250 463310 14.3499 152530000000 152530000000 152530000000 104860000000 19066000000 13.7084 0 0.03508 0.46491 0.28145 2.80725 10.9423 38.3962 0.37523 0.01303 -6.98195 6.42364 27.0847 0.1336 176700000000 76260000000
