 1.0000   681837 0.0000       -1      1       -1       -1       -1  0 6.00567e+11 5.81500e+11 170.761000 7.277000 134.400000  1 0.2000 182.220000 60.48151 37.71435 49.13042 25.530 -311.510 317.670 -1.272e+10 1.162e+11 -5.240e+11 0.04067 275109 275109 681837 7352 88 275108 275189 7.2766 581510000000 619640000000 514780000000 438520000000 305060000000 10.1984 1.73 0.03159 0.85413 0.68323 15.8201 -4.43421 6.94461 0.78508 0.73516 14.3733 2.47996 5.79533 0.4268 1017000000000 257400000000
 0.9900   673733 1.0000   681837      1       -1       -1       -1  0 6.00567e+11 5.72000e+11 170.538000 7.671000 129.560000  1 0.2000 178.900000 60.48856 37.74784 49.09406 24.950 -303.560 313.740 -3.562e+10 1.329e+11 -4.959e+11 0.04087 275110 275110 681837 7337 87 275108 275189 7.67058 571980000000 619640000000 514780000000 457580000000 238320000000 11.1409 0 0.03122 0.91315 0.59108 16.6643 3.93336 0.05327 0.89429 0.63918 14.7045 0.65917 1.40589 0.4019 876200000000 209700000000
 0.9800   665286 0.9900   673733      1       -1       -1       -1  0 6.00567e+11 5.62500e+11 170.296000 8.575000 126.370000  1 0.2000 172.750000 60.48666 37.77909 49.06734 25.480 -294.830 308.560 7.010e+10 -2.525e+09 -4.973e+11 0.04111 275111 275111 681837 7398 86 275108 275189 8.57464 571980000000 619640000000 495720000000 438520000000 247860000000 12.8954 1.96 0.03142 0.96404 0.64245 12.4356 -9.72591 5.64776 0.92343 0.69083 11.6436 -8.2207 3.63156 0.3913 831700000000 200200000000
 0.9700   656882 0.9800   665286      1       -1       -1       -1  0 6.00567e+11 5.81500e+11 172.916000 8.613000 125.720000  1 0.2000 175.750000 60.48871 37.80861 49.03592 26.430 -284.420 305.580 -6.806e+10 -7.269e+10 -3.036e+11 0.02393 275112 275112 681837 6359 85 275108 275189 8.61285 581510000000 619640000000 495720000000 419450000000 257390000000 17.7378 0 0.01897 0.77765 0.66619 12.7509 -9.71149 4.27791 0.69008 0.52287 -8.6839 11.7371 -1.33112 0.3991 793000000000 181100000000
 0.9600   648539 0.9700   656882      1       -1       -1       -1  0 6.00567e+11 5.52900e+11 170.739000 7.239000 125.860000  1 0.2000 181.630000 60.47783 37.84899 48.99331 27.520 -277.440 299.100 -2.141e+10 1.668e+11 -2.834e+11 0.02882 275113 275113 681837 7382 84 275108 275189 7.2391 552910000000 610110000000 495720000000 428980000000 324120000000 12.2432 0 0.02135 0.88525 0.68953 -4.79998 12.1541 -8.66026 0.73018 0.61362 -3.14538 10.9814 -7.854 0.3719 1014000000000 171600000000
 0.9500   640201 0.9600   648539      1       -1       -1       -1  0 6.00567e+11 5.72000e+11 173.391000 6.747000 131.860000  1 0.2000 189.050000 60.47882 37.87645 48.95683 27.090 -270.520 293.160 -1.314e+10 1.480e+11 -4.072e+11 0.03540 275114 275114 681837 7400 83 275108 275189 6.74716 571980000000 610110000000 495720000000 428980000000 314590000000 13.9972 0 0.02662 0.93256 0.82049 16.519 2.90607 0.87887 0.93993 0.76516 -10.8034 10.0271 1.45431 0.3939 1064000000000 257400000000
 0.9400   631883 0.9500   640201      1       -1       -1       -1  0 6.00567e+11 5.72000e+11 174.101000 5.691000 139.470000  1 0.2000 200.050000 60.47293 37.90898 48.92308 28.170 -263.990 290.320 -9.548e+10 1.313e+11 -4.542e+11 0.04095 275115 275115 681837 7428 82 275108 275189 5.69097 571980000000 610110000000 495720000000 419450000000 343190000000 8.66646 0 0.02972 0.79244 0.65618 15.1997 -3.92645 3.89972 0.91644 0.74258 11.7718 -6.61666 -0.46471 0.4011 1124000000000 286000000000
 0.9300   623547 0.9400   631883      1       -1       -1       -1  0 6.00567e+11 5.72000e+11 174.811000 5.463000 142.080000  1 0.2000 203.560000 60.46827 37.94585 48.88823 29.580 -255.000 285.440 -6.724e+10 2.195e+11 -4.518e+11 0.04348 275116 275116 681837 7448 81 275108 275189 5.46272 571980000000 619640000000 495720000000 438520000000 343190000000 12.2628 0 0.03133 0.75878 0.55059 15.1939 1.53768 -0.99324 0.84901 0.53046 13.7255 2.87797 -2.69914 0.4051 1145000000000 276500000000
 0.9200   615202 0.9300   623547      1       -1       -1       -1  0 6.00567e+11 5.72000e+11 175.518000 5.992000 139.710000  1 0.2000 198.710000 60.46498 37.97703 48.85357 29.560 -247.200 280.340 -6.719e+10 2.180e+11 -4.488e+11 0.04334 275117 275117 681837 7471 80 275108 275189 5.99165 571980000000 619640000000 495720000000 438520000000 343190000000 12.9593 0 0.03122 0.64262 0.57154 16.7043 -1.29197 3.46295 0.77325 0.63222 14.4368 -1.6763 0.32417 0.3957 1085000000000 257400000000
 0.9100   606826 0.9200   615202      1       -1       -1       -1  0 6.00567e+11 5.52900e+11 174.244000 7.504000 136.070000  1 0.2000 183.820000 60.45412 38.00349 48.82314 27.920 -239.340 274.820 -5.286e+10 1.150e+11 -3.331e+11 0.03263 275118 275118 681837 7503 79 275108 275189 7.50383 552910000000 581510000000 486180000000 438520000000 352720000000 10.3435 0 0.02347 0.78613 0.51884 15.0383 -6.84393 6.87316 0.74693 0.53414 -8.68103 12.1446 -5.71411 0.3862 1014000000000 228800000000
 0.9000   598450 0.9100   606826      1       -1       -1       -1  0 6.00567e+11 5.72000e+11 176.929000 8.617000 127.840000  1 0.2000 180.040000 60.46074 38.03665 48.79082 30.150 -232.420 269.990 -6.671e+10 2.159e+11 -5.107e+11 0.04639 275119 275119 681837 7505 78 275108 275189 8.61685 581510000000 600580000000 524310000000 448050000000 324120000000 14.5758 0 0.03488 0.67478 0.4829 18.9832 -6.20987 8.6413 0.70421 0.48444 -11.8121 11.3532 -9.57315 0.3708 943700000000 209700000000
 0.8900   590037 0.9000   598450      1       -1       -1       -1  0 6.00567e+11 5.62500e+11 176.638000 7.995000 128.310000  1 0.2000 183.510000 60.44893 38.07090 48.76057 30.740 -224.010 268.700 2.619e+10 1.910e+11 -4.722e+11 0.04445 275120 275120 681837 7543 77 275108 275189 7.99523 571980000000 610110000000 543380000000 438520000000 295520000000 13.1285 5.07 0.03288 0.85322 0.7948 14.5834 0.38771 8.4835 0.91188 0.85932 10.9248 -6.01773 7.72592 0.3653 921300000000 219300000000
 0.8800   581656 0.8900   590037      1       -1       -1       -1  0 6.00567e+11 5.62500e+11 177.335000 6.423000 129.950000  1 0.2000 196.830000 60.44349 38.09581 48.71466 30.500 -216.630 263.900 2.521e+10 1.911e+11 -4.712e+11 0.04604 275121 275121 681837 7504 76 275108 275189 6.42338 571980000000 591050000000 543380000000 448050000000 295520000000 4.72272 5.26 0.03294 0.73223 0.64336 19.3052 3.60606 1.12846 0.77696 0.68009 17.2423 0.67555 -1.58189 0.3543 1044000000000 266900000000
 0.8700   573179 0.8800   581656      1       -1       -1       -1  0 6.00567e+11 5.62500e+11 178.029000 7.923000 129.430000  1 0.2000 185.790000 60.44156 38.12333 48.68241 30.230 -209.450 259.150 1.708e+10 1.816e+11 -4.641e+11 0.04566 275122 275122 681837 6582 75 275108 275189 7.92322 571980000000 619640000000 543380000000 486180000000 305060000000 4.72603 5.61 0.03239 0.78715 0.69314 16.2603 5.38546 -1.78083 0.80084 0.66668 14.272 6.0376 -2.1146 0.3471 908600000000 238300000000
 0.8600   564711 0.8700   573179      1       -1       -1       -1  0 6.00567e+11 5.43400e+11 176.678000 6.133000 130.550000  1 0.2000 198.630000 60.42604 38.15324 48.64568 31.370 -198.780 256.370 -3.346e+10 1.229e+11 -2.867e+11 0.03096 275123 275123 681837 7644 74 275108 275189 6.13317 581510000000 600580000000 543380000000 486180000000 295520000000 5.7567 9.98 0.02166 0.92108 0.49482 13.7939 -8.46 11.3685 0.83828 0.4215 -8.09417 12.2273 -12.377 0.3493 1051000000000 276500000000
 0.8500   556274 0.8600   564711      1       -1       -1       -1  0 6.00567e+11 5.52900e+11 178.390000 7.170000 132.630000  1 0.2000 191.850000 60.41950 38.17770 48.60832 30.030 -191.640 252.020 2.268e+10 2.069e+11 -4.066e+11 0.04371 275124 275124 681837 7625 73 275108 275189 7.17046 581510000000 600580000000 552910000000 476650000000 352720000000 7.72231 10.23 0.03077 0.84155 0.46365 16.1848 -1.21769 10.1085 0.89773 0.44465 14.1029 -3.14497 10.731 0.3553 958200000000 238300000000
 0.8400   547776 0.8500   556274      1       -1       -1       -1  0 6.00567e+11 5.62500e+11 180.096000 6.685000 132.670000  1 0.2000 198.430000 60.41325 38.20368 48.57094 29.280 -185.100 248.210 -4.759e+10 2.206e+11 -4.356e+11 0.04604 275125 275125 681837 7666 72 275108 275189 6.68451 581510000000 600580000000 543380000000 486180000000 343190000000 9.08216 9.92 0.03224 0.88058 0.7663 14.5134 4.9505 1.73283 0.97657 0.77002 11.7925 7.07726 1.31383 0.3492 1013000000000 266900000000
 0.8300   539254 0.8400   547776      1       -1       -1       -1  0 6.00567e+11 5.72000e+11 181.795000 7.790000 133.470000  1 0.2000 191.940000 60.41019 38.23330 48.53551 30.860 -178.500 243.790 2.705e+09 2.528e+11 -4.864e+11 0.05014 275126 275126 681837 7653 71 275108 275189 7.79008 591050000000 610110000000 533850000000 467120000000 352720000000 12.0717 10.15 0.03517 0.82732 0.5914 13.5299 10.2609 -1.86276 0.8744 0.61843 8.24633 12.3747 -3.50161 0.3483 956000000000 257400000000
 0.8200   530665 0.8300   539254      1       -1       -1       -1  0 6.00567e+11 5.72000e+11 182.479000 7.207000 135.530000  1 0.2000 197.470000 60.39967 38.26183 48.49914 31.220 -175.420 237.010 8.304e+09 2.438e+11 -4.773e+11 0.04999 275127 275127 681837 6668 70 275108 275189 7.20733 591050000000 610110000000 505250000000 457580000000 362250000000 16.8305 6.02 0.03454 0.74147 0.53568 7.10025 13.0824 -7.17027 0.60936 0.53888 3.07741 12.4397 -8.08384 0.3462 947900000000 219300000000
 0.8100   522023 0.8200   530665      1       -1       -1       -1  0 6.00567e+11 5.81500e+11 184.172000 7.197000 129.320000  1 0.2000 200.050000 60.39252 38.29197 48.46010 30.690 -169.330 232.920 -4.399e+10 2.491e+11 -5.099e+11 0.05006 275128 275128 681837 7753 69 275108 275189 7.19671 591050000000 619640000000 514780000000 448050000000 324120000000 16.4727 4.9 0.03583 0.86778 0.52457 17.4725 -2.78623 9.92022 0.78862 0.52839 13.3571 -7.73667 10.767 0.3375 968500000000 266900000000
 0.8000   513338 0.8100   522023      1       -1       -1       -1  0 6.00567e+11 5.81500e+11 184.854000 8.484000 120.880000  1 0.2000 191.610000 60.38686 38.32710 48.41836 32.300 -162.420 228.950 -1.231e+11 1.936e+11 -4.196e+11 0.04224 275129 275129 681837 6723 68 275108 275189 8.48435 600580000000 619640000000 533850000000 419450000000 314590000000 16.5998 4.59 0.03023 0.88793 0.56433 16.9884 7.66412 4.46717 0.83656 0.64205 12.504 -3.8735 9.92437 0.3062 891200000000 228800000000
 0.7900   504695 0.8000   513338      1       -1       -1       -1  0 6.00567e+11 6.10100e+11 188.525000 9.899000 120.510000  1 0.2000 188.230000 60.37944 38.36247 48.37055 26.990 -154.790 226.290 -7.871e+10 -5.595e+10 -3.743e+11 0.03023 275130 275130 681837 7754 67 275108 275189 9.89914 619640000000 638710000000 524310000000 419450000000 305060000000 26.2317 4.14 0.02266 0.86417 0.49902 16.0704 12.1321 1.17196 0.94373 0.55871 14.5744 6.25967 4.75244 0.3153 797300000000 228800000000
 0.7800   496053 0.7900   504695      1       -1       -1       -1  0 6.00567e+11 6.00600e+11 188.219000 9.978000 120.620000  1 0.2000 187.600000 60.38042 38.39280 48.33103 30.930 -150.060 222.190 -1.564e+11 -2.326e+11 -2.340e+11 0.03023 275131 275131 681837 6700 66 275108 275189 9.9777 600580000000 629180000000 524310000000 448050000000 285990000000 23.9121 0 0.02207 0.81535 0.58256 12.6072 10.9735 0.00913 0.87547 0.61974 9.99768 7.98714 -3.44103 0.3038 803600000000 247900000000
 0.7700   487379 0.7800   496053      1       -1       -1       -1  0 5.94200e+11 5.91000e+11 187.892000 10.076000 117.270000  1 0.2000 186.870000 60.37461 38.42639 48.29053 30.660 -143.150 219.120 -1.829e+11 -2.404e+11 -2.204e+11 0.03170 275132 275132 681837 7800 65 275108 275189 10.0755 591050000000 629180000000 514780000000 438520000000 276460000000 21.6764 0 0.02332 0.78677 0.55843 16.0092 6.53911 7.3303 0.76217 0.54128 13.2999 6.98211 5.32404 0.2959 748200000000 228800000000
 0.7600   478683 0.7700   487379      1       -1       -1       -1  0 5.84667e+11 5.91000e+11 188.561000 9.878000 115.500000  1 0.2000 188.990000 60.36683 38.45380 48.25372 30.310 -136.860 215.250 -1.784e+11 -2.333e+11 -2.164e+11 0.03109 275133 275133 681837 7815 64 275108 275189 9.87783 591050000000 638710000000 533850000000 428980000000 276460000000 20.8647 0 0.02287 0.94723 0.51698 13.6415 -7.07464 13.1397 0.80833 0.56251 -3.78601 12.4673 -11.8179 0.288 807400000000 247900000000
 0.7500   469962 0.7600   478683      1       -1       -1       -1  0 5.84667e+11 5.72000e+11 187.170000 8.437000 121.390000  1 0.2000 196.070000 60.36248 38.47585 48.21189 29.100 -129.810 212.470 -9.693e+10 -3.020e+11 -1.731e+11 0.03382 275134 275134 681837 7854 63 275108 275189 8.43718 571980000000 629180000000 543380000000 419450000000 305060000000 18.1021 0 0.02404 0.97028 0.73748 11.9015 -3.59623 12.3936 0.82597 0.56799 3.2289 -4.13432 14.411 0.2964 859600000000 228800000000
 0.7400   461152 0.7500   469962      1       -1       -1       -1  0 5.84667e+11 5.91000e+11 189.888000 8.026000 118.450000  1 0.2000 203.010000 60.35764 38.50394 48.17614 30.980 -127.640 207.320 5.096e+10 -1.420e+11 -3.466e+11 0.03408 275135 275135 681837 7846 62 275108 275189 8.02555 591050000000 638710000000 543380000000 419450000000 305060000000 16.5737 0.78 0.02393 0.75271 0.54644 1.13736 16.4664 -5.9794 0.81449 0.44603 -0.27682 13.0711 -9.5021 0.2747 966200000000 228800000000
 0.7300   452330 0.7400   461152      1       -1       -1       -1  0 5.84667e+11 5.72000e+11 188.473000 7.814000 117.400000  1 0.2000 202.970000 60.35379 38.53155 48.13152 31.110 -123.200 203.700 1.459e+11 -8.331e+10 -3.519e+11 0.03790 275136 275136 681837 6839 61 275108 275189 7.81439 571980000000 619640000000 533850000000 409920000000 343190000000 13.145 0 0.0262 0.927 0.66105 5.83888 -9.2457 17.7157 0.87194 0.61967 4.24736 -2.66268 17.7795 0.2675 952800000000 247900000000
 0.7200   443494 0.7300   452330      1       -1       -1       -1  0 5.84667e+11 5.91000e+11 191.195000 9.099000 117.620000  1 0.2000 198.140000 60.34781 38.55762 48.09193 29.510 -116.140 199.020 6.273e+10 -2.545e+10 -3.430e+11 0.03222 275137 275137 681837 7951 60 275108 275189 9.09884 591050000000 619640000000 524310000000 438520000000 333650000000 12.7067 0 0.02236 0.84311 0.72648 4.8658 -10.427 10.9221 0.81676 0.7686 4.72424 -8.69786 9.42286 0.2636 843900000000 247900000000
 0.7100   434590 0.7200   443494      1       -1       -1       -1  0 5.84667e+11 5.91000e+11 191.842000 9.231000 115.970000  1 0.2000 198.570000 60.35180 38.58048 48.05452 29.350 -112.000 193.950 9.959e+10 -4.619e+09 -4.516e+11 0.04228 275138 275138 681837 6930 59 275108 275189 9.23132 591050000000 600580000000 543380000000 448050000000 305060000000 9.95811 0 0.02973 0.92169 0.6693 8.95268 10.8603 8.0039 0.78286 0.65934 6.7241 6.47301 10.5922 0.2608 832700000000 238300000000
 0.7000   425621 0.7100   434590      1       -1       -1       -1  0 5.78333e+11 5.72000e+11 190.390000 10.083000 107.610000  1 0.2000 192.200000 60.33698 38.60147 48.00902 27.470 -106.170 189.370 -1.726e+10 5.273e+10 -3.926e+11 0.03846 275139 275139 681837 8017 58 275108 275189 10.0829 571980000000 600580000000 552910000000 438520000000 285990000000 8.7693 0 0.02707 0.82461 0.60064 -0.22007 17.8848 -12.608 0.90333 0.71926 2.31848 -9.95303 14.7998 0.2354 744600000000 228800000000
 0.6900   416626 0.7000   425621      1       -1       -1       -1  0 5.75167e+11 5.72000e+11 191.019000 9.698000 105.450000  1 0.2000 195.570000 60.33920 38.63061 47.96750 27.280 -100.850 186.250 -1.267e+10 5.482e+10 -3.890e+11 0.03815 275140 275140 681837 8036 57 275108 275189 9.69818 571980000000 600580000000 533850000000 428980000000 276460000000 9.96264 1.07 0.02698 0.66412 0.45187 -4.94037 16.6984 -16.1186 0.56887 0.38977 -4.83114 16.9842 -11.9309 0.2282 746700000000 219300000000
 0.6800   407617 0.6900   416626      1       -1       -1       -1  0 5.72000e+11 5.81500e+11 192.700000 9.353000 107.940000  1 0.2000 200.310000 60.33820 38.66385 47.93130 25.720 -97.150 181.260 4.400e+10 1.250e+11 -4.692e+11 0.04539 275141 275141 681837 8049 56 275108 275189 9.3534 581510000000 591050000000 524310000000 419450000000 276460000000 20.9276 0 0.03275 0.8247 0.51866 6.88602 -4.19375 17.1965 0.79956 0.50024 6.58303 -0.34314 14.35 0.2402 759200000000 209700000000
 0.6700   398623 0.6800   407617      1       -1       -1       -1  0 5.68833e+11 5.62500e+11 191.184000 9.315000 109.430000  1 0.2000 199.040000 60.33393 38.69638 47.88865 25.330 -91.430 179.370 8.158e+10 -5.344e+10 -3.895e+11 0.04081 275142 275142 681837 8074 55 275108 275189 9.31493 562450000000 591050000000 524310000000 390850000000 285990000000 27.2102 0 0.02867 0.90246 0.64233 8.1545 1.74711 16.6822 0.83185 0.60808 6.68726 4.61937 13.6901 0.2368 729500000000 181100000000
 0.6600   389712 0.6700   398623      1       -1       -1       -1  0 5.52933e+11 5.62500e+11 191.792000 11.789000 105.190000  1 0.2000 187.770000 60.31659 38.70574 47.82273 25.140 -85.540 176.150 6.685e+10 2.537e+10 -3.692e+11 0.03735 275143 275143 681837 8114 54 275108 275189 11.7888 562450000000 571980000000 533850000000 428980000000 285990000000 14.4181 0 0.02702 0.83974 0.49641 13.6471 18.2158 12.5854 0.80757 0.44789 10.7606 16.9997 9.39517 0.2319 721100000000 247900000000
 0.6500   380693 0.6600   389712      1       -1       -1       -1  0 5.46567e+11 5.33800e+11 189.075000 8.545000 106.340000  1 0.2000 202.290000 60.32566 38.73383 47.79122 22.680 -83.190 172.890 6.536e+10 -4.073e+09 -3.127e+11 0.03670 275144 275144 681837 6992 53 275108 275189 8.54543 533850000000 581510000000 524310000000 409920000000 276460000000 13.6983 0 0.02519 0.77864 0.56824 14.3779 -10.9197 17.1654 0.79298 0.58193 13.1522 -11.9722 10.8224 0.2196 824200000000 219300000000
 0.6400   371628 0.6500   380693      1       -1       -1       -1  0 5.46567e+11 5.43400e+11 190.781000 6.862000 112.980000  1 0.2000 219.180000 60.31241 38.75585 47.73997 23.090 -79.060 169.470 2.609e+10 -6.306e+10 -2.617e+11 0.03144 275145 275145 681837 7004 52 275108 275189 6.86244 543380000000 543380000000 524310000000 400390000000 305060000000 11.2451 0 0.02083 0.75723 0.53921 9.89502 0.39865 15.4236 0.73678 0.60506 6.49796 3.25397 13.1508 0.2257 897100000000 257400000000
 0.6300   362532 0.6400   371628      1       -1       -1       -1  0 5.46567e+11 5.43400e+11 191.362000 9.199000 104.300000  1 0.2000 202.430000 60.30883 38.77533 47.68110 20.890 -72.920 166.630 8.492e+10 -9.866e+08 -3.097e+11 0.03597 275146 275146 681837 8150 51 275108 275189 9.1993 543380000000 571980000000 524310000000 400390000000 285990000000 17.6047 0 0.0249 0.66901 0.55293 13.6438 3.20221 20.0466 0.63559 0.57658 10.8144 6.84725 17.0045 0.2125 751000000000 228800000000
 0.6200   353426 0.6300   362532      1       -1       -1       -1  0 5.43367e+11 5.52900e+11 193.052000 10.915000 96.090000  1 0.2000 195.830000 60.30896 38.80247 47.63947 21.480 -67.490 162.520 1.131e+11 6.421e+09 -2.568e+11 0.02964 275147 275147 681837 8118 50 275108 275189 10.9149 552910000000 571980000000 486180000000 409920000000 266920000000 20.0541 0 0.02128 0.87764 0.4472 9.25362 17.9209 6.36288 0.79744 0.49809 4.83178 18.8244 0.09105 0.194 714100000000 238300000000
 0.6100   344291 0.6200   353426      1       -1       -1       -1  0 5.40167e+11 5.33800e+11 191.370000 10.571000 96.480000  1 0.2000 196.100000 60.29691 38.81853 47.58578 19.020 -64.190 159.370 2.838e+11 -1.178e+11 -3.178e+11 0.05136 275148 275148 681837 8119 49 275108 275189 10.5707 533850000000 533850000000 495720000000 390850000000 266920000000 11.2606 0 0.03576 0.94273 0.53239 6.19605 17.6886 4.96108 0.82072 0.54188 3.90288 17.1195 1.25601 0.1852 652700000000 209700000000
 0.6000   335166 0.6100   344291      1       -1       -1       -1  0 5.30633e+11 5.33800e+11 191.926000 9.098000 96.570000  1 0.2000 206.120000 60.29372 38.82553 47.53871 18.160 -60.820 155.550 2.798e+11 -1.165e+11 -3.124e+11 0.05097 275149 275149 681837 8195 48 275108 275189 9.0978 533850000000 552910000000 514780000000 400390000000 257390000000 5.92327 1.26 0.03546 0.81626 0.59045 13.8861 -11.6056 14.9768 0.74026 0.59034 -3.80305 15.6107 -11.239 0.1838 647900000000 190700000000
 0.5900   325999 0.6000   335166      1       -1       -1       -1  0 5.27467e+11 5.24300e+11 191.322000 10.268000 94.240000  1 0.2000 199.210000 60.28047 38.84972 47.47483 17.420 -56.100 151.930 2.436e+11 -1.177e+11 -2.561e+11 0.04519 275150 275150 681837 8225 47 275108 275189 10.2683 524310000000 543380000000 505250000000 371790000000 247860000000 12.5649 0 0.03149 0.65536 0.51019 15.2355 3.69772 14.1586 0.94426 0.69055 13.0055 -0.39767 8.69732 0.1769 626600000000 200200000000
 0.5800   316768 0.5900   325999      1       -1       -1       -1  0 5.24300e+11 5.24300e+11 191.859000 14.101000 91.410000  1 0.2000 184.580000 60.27209 38.87157 47.42663 16.460 -52.010 148.050 2.397e+11 -9.768e+10 -2.388e+11 0.04194 275151 275151 681837 8280 46 275108 275189 14.1008 524310000000 533850000000 495720000000 409920000000 266920000000 14.1625 0 0.02999 0.72459 0.31874 16.0154 5.32886 21.6388 0.90222 0.36595 13.5787 4.8694 18.1233 0.1732 609200000000 257400000000
 0.5700   307545 0.5800   316768      1       -1       -1       -1  0 5.11600e+11 5.24300e+11 192.387000 9.408000 97.970000  1 0.2000 207.480000 60.26337 38.86927 47.37453 17.120 -48.440 144.040 2.925e+11 -5.321e+10 -2.761e+11 0.05067 275152 275152 681837 8218 45 275108 275189 9.40775 524310000000 524310000000 448050000000 400390000000 285990000000 21.8094 0 0.03479 0.90236 0.52268 15.5013 5.35213 11.5673 0.56115 0.50417 -1.96872 15.5378 -7.60611 0.1794 688500000000 209700000000
 0.5600   298304 0.5700   307545      1       -1       -1       -1  0 5.02067e+11 4.86200e+11 188.113000 8.517000 102.560000  1 0.2000 208.410000 60.25626 38.88704 47.32108 16.320 -45.470 140.270 3.006e+11 -5.376e+10 -2.763e+11 0.06130 275153 275153 681837 8191 44 275108 275189 8.5171 486180000000 514780000000 457580000000 371790000000 295520000000 19.6956 0 0.04036 0.75249 0.52041 16.5163 12.0734 5.22898 0.81379 0.60376 3.58583 13.9341 -6.75978 0.1859 713000000000 200200000000
 0.5500   289057 0.5600   298304      1       -1       -1       -1  0 4.92533e+11 4.95700e+11 189.836000 10.127000 95.300000  1 0.2000 201.750000 60.25579 38.90554 47.26234 16.930 -41.710 138.140 3.191e+11 -4.748e+10 -2.928e+11 0.06089 275154 275154 681837 8191 43 275108 275189 10.1267 495720000000 505250000000 467120000000 381320000000 285990000000 18.7316 0 0.04165 0.81561 0.44981 17.7989 14.7371 14.0169 0.83647 0.64856 2.96768 -9.21972 18.7779 0.1722 670100000000 200200000000
 0.5400   279835 0.5500   289057      1       -1       -1       -1  0 4.89367e+11 4.95700e+11 190.330000 10.828000 90.110000  1 0.2000 199.760000 60.25019 38.91729 47.21523 15.700 -38.060 134.160 3.220e+11 -5.451e+10 -2.918e+11 0.05969 275155 275155 681837 8190 42 275108 275189 10.8277 495720000000 505250000000 457580000000 371790000000 285990000000 17.45 0 0.0422 0.8703 0.46688 16.1073 0.25448 24.1654 0.60971 0.52683 11.5123 -12.0331 19.6222 0.1652 644700000000 209700000000
 0.5300   270599 0.5400   279835      1       -1       -1       -1  0 4.83033e+11 4.76700e+11 188.335000 12.993000 85.340000  1 0.2000 188.840000 60.25792 38.93421 47.15766 13.180 -34.100 130.710 1.871e+11 -4.078e+10 -2.227e+11 0.04367 275156 275156 681837 8184 41 275108 275189 12.993 476650000000 476650000000 448050000000 381320000000 238320000000 23.3955 0 0.03045 0.89116 0.55205 10.1607 16.4845 11.2933 0.84804 0.62475 1.17784 19.2128 -4.02987 0.1471 584500000000 200200000000
 0.5200   261371 0.5300   270599      1       -1       -1       -1  0 4.83033e+11 4.67100e+11 187.536000 9.507000 88.900000  1 0.2000 205.560000 60.25785 38.95851 47.10649 14.860 -29.780 129.340 1.803e+11 -2.178e+10 -1.645e+11 0.03956 275157 275157 681837 7014 40 275108 275189 9.50662 467120000000 467120000000 457580000000 371790000000 228790000000 11.2511 0 0.0265 0.89898 0.6345 14.1805 15.4785 -3.88415 0.80348 0.58294 11.8182 11.5186 -9.90718 0.1461 580700000000 171600000000
 0.5100   252097 0.5200   261371      1       -1       -1       -1  0 4.83033e+11 4.76700e+11 189.263000 10.454000 83.450000  1 0.2000 203.780000 60.25387 38.97515 47.05597 14.820 -25.160 125.510 1.659e+11 -1.053e+10 -1.631e+11 0.03565 275158 275158 681837 6968 39 275108 275189 10.454 476650000000 476650000000 457580000000 390850000000 257390000000 7.55822 0 0.02456 0.76071 0.53781 0.88881 -15.5986 20.8484 0.62984 0.41195 -1.07272 -12.4707 20.872 0.1353 616100000000 190700000000
 0.5000   242926 0.5100   252097      1       -1       -1       -1  0 4.83033e+11 4.57600e+11 187.148000 11.446000 80.680000  1 0.2000 197.250000 60.24748 38.99038 47.00463 12.930 -19.100 120.340 9.071e+10 -2.272e+10 -1.462e+11 0.02877 275159 275159 681837 6974 38 275108 275189 11.4456 457580000000 457580000000 448050000000 362250000000 219260000000 3.61236 0 0.01977 0.93754 0.65383 16.6669 -6.07001 11.6421 0.9845 0.65479 15.0737 -6.45434 7.07687 0.1264 514200000000 181100000000
 0.4900   233717 0.5000   242926      1       -1       -1       -1  0 4.83033e+11 4.48100e+11 186.269000 12.893000 80.110000  1 0.2000 191.310000 60.25190 39.00631 46.94963 12.730 -16.380 116.610 1.163e+11 -3.250e+10 -1.135e+11 0.02871 275160 275160 681837 8048 37 275108 275189 12.8931 448050000000 448050000000 438520000000 362250000000 247860000000 10.2205 0 0.01972 0.82641 0.57272 14.676 -7.33988 20.1283 0.80844 0.56388 -3.02458 -15.7244 16.2149 0.1242 559600000000 190700000000
 0.4800   224543 0.4900   233717      1       -1       -1       -1  0 4.83033e+11 4.19400e+11 182.629000 10.418000 85.460000  1 0.2000 198.820000 60.25657 39.02678 46.89486 11.090 -15.650 111.630 1.127e+11 -2.915e+10 -1.016e+11 0.03121 275161 275161 681837 8066 36 275108 275189 10.4176 419450000000 419450000000 409920000000 362250000000 228790000000 19.9363 1.58 0.02071 0.77429 0.51557 12.6562 9.18903 17.5428 0.83689 0.42514 11.1689 12.0381 13.5709 0.1328 528000000000 171600000000
 0.4700   215406 0.4800   224543      1       -1       -1       -1  0 4.83033e+11 4.48100e+11 187.099000 11.827000 86.830000  1 0.2000 199.580000 60.24540 39.01883 46.84398 10.110 -11.990 111.190 2.498e+10 6.316e+09 -8.632e+10 0.01606 275162 275162 681837 8005 35 275108 275189 11.8266 448050000000 448050000000 428980000000 362250000000 247860000000 14.9595 0 0.01092 0.79754 0.56456 14.3538 11.5466 10.1489 0.88172 0.64695 13.0089 11.0735 -6.02657 0.1357 561400000000 190700000000
 0.4600   206277 0.4700   215406      1       -1       -1       -1  0 4.83033e+11 4.67100e+11 190.121000 12.476000 83.730000  1 0.2000 202.330000 60.24357 39.02986 46.79866 8.430 -6.740 108.720 5.021e+10 -2.626e+10 -7.186e+10 0.01476 275163 275163 681837 6780 34 275108 275189 12.4758 467120000000 467120000000 448050000000 352720000000 219260000000 24.5909 1.36 0.01045 0.71999 0.22142 10.8319 8.65813 28.6113 0.6169 0.17339 3.45113 -3.01753 30.638 0.1324 532200000000 209700000000
 0.4500   197206 0.4600   206277      1       -1       -1       -1  0 4.83033e+11 4.76700e+11 191.802000 17.407000 75.620000  1 0.2000 189.870000 60.23787 39.02549 46.74279 7.160 -5.960 105.470 6.976e+10 7.718e+09 -7.045e+10 0.01501 275164 275164 681837 6698 33 275108 275189 17.4074 476650000000 476650000000 457580000000 343190000000 181130000000 20.9978 0 0.01109 0.71334 0.56031 13.3986 17.7691 15.9537 0.73635 0.57058 9.35215 14.9298 15.6049 0.1166 490900000000 257400000000
 0.4400   188137 0.4500   197206      1       -1       -1       -1  0 4.83033e+11 4.95700e+11 194.716000 23.448000 75.110000  1 0.2000 182.750000 60.22351 39.02347 46.67984 5.820 -2.310 104.990 -3.690e+10 -3.530e+10 -1.256e+11 0.01917 275165 275165 681837 7830 32 275108 275189 23.4484 495720000000 486180000000 467120000000 362250000000 190660000000 16.0411 2.45 0.01431 0.60624 0.52192 11.163 29.4705 5.40005 0.56911 0.48399 3.11577 24.179 10.3454 0.113 450100000000 276500000000
 0.4300   179126 0.4400   188137      1       -1       -1       -1  0 4.67133e+11 4.76700e+11 192.561000 18.782000 75.530000  1 0.2000 190.690000 60.21623 39.01275 46.62016 7.660 1.220 103.540 1.568e+10 -6.884e+10 -1.538e+11 0.02634 275166 275166 681837 6661 31 275108 275189 18.7819 476650000000 476650000000 448050000000 362250000000 181130000000 9.33921 0 0.01927 0.92436 0.47346 11.4367 24.4533 3.72229 0.96941 0.41779 17.5097 0.43483 16.3648 0.1099 493100000000 247900000000
 0.4200   170128 0.4300   179126      1       -1       -1       -1  0 4.57600e+11 4.29000e+11 186.265000 11.416000 79.300000  1 0.2000 208.750000 60.21738 39.01055 46.55594 9.480 5.690 101.610 4.449e+10 -9.643e+10 -1.754e+11 0.04092 275167 275167 681837 6577 30 275108 275189 11.416 428980000000 428980000000 419450000000 352720000000 257390000000 6.31519 0 0.02813 0.94498 0.76351 9.41532 19.1811 10.2508 0.76333 0.64609 11.2326 11.3914 15.6965 0.1108 541100000000 143000000000
 0.4100   161249 0.4200   170128      1       -1       -1       -1  0 4.48067e+11 4.67100e+11 191.976000 11.949000 85.370000  1 0.2000 216.280000 60.21136 38.99493 46.49894 9.270 6.620 102.320 7.622e+10 -8.367e+10 -1.545e+11 0.03300 275168 275168 681837 6503 29 275108 275189 11.949 467120000000 457580000000 438520000000 343190000000 247860000000 10.7795 2.5 0.02305 0.62677 0.50129 1.8635 22.3313 3.4112 0.59455 0.45455 7.88425 20.7141 3.67235 0.1214 548200000000 209700000000
 0.4000   152460 0.4100   161249      1       -1       -1       -1  0 4.48067e+11 4.48100e+11 189.659000 16.841000 74.940000  1 0.2000 197.360000 60.20486 38.99069 46.43664 9.830 7.490 99.420 1.692e+11 -5.344e+10 -1.846e+11 0.04601 275169 275169 681837 7541 28 275108 275189 16.8405 448050000000 428980000000 419450000000 305060000000 200190000000 13.4772 1.27 0.03342 0.84785 0.65674 -7.07973 24.3922 8.70495 0.82099 0.57257 -1.44133 19.7292 13.7531 0.1068 488300000000 228800000000
 0.3900   143759 0.4000   152460      1       -1       -1       -1  0 4.32167e+11 4.29000e+11 187.245000 21.968000 65.550000  1 0.2000 185.120000 60.18924 38.97054 46.38536 5.290 7.770 92.160 1.351e+11 -4.506e+10 -1.255e+11 0.03584 275170 275170 681837 7388 27 275108 275189 21.9683 428980000000 409920000000 409920000000 352720000000 95330000000 4.18551 0.76 0.02695 0.54168 0.34462 9.61123 39.989 -11.4933 0.49742 0.24803 10.783 34.4215 -17.1654 0.0881 424300000000 257400000000
 0.3800   135268 0.3900   143759      1       -1       -1       -1  0 4.16267e+11 4.19400e+11 186.149000 25.007000 65.990000  1 0.2000 181.080000 60.18367 38.95711 46.31786 3.060 9.120 92.250 1.425e+11 -2.562e+10 -1.298e+11 0.03767 275171 275171 681837 7312 26 275108 275189 25.0069 419450000000 419450000000 409920000000 295520000000 76264000000 9.22668 2.93 0.02902 0.35119 0.25339 7.44736 24.2834 -17.0312 0.04549 0.04274 15.6544 23.1992 -20.5609 0.0946 394600000000 266900000000
 0.3700   126759 0.3800   135268      1       -1       -1       -1  0 3.97200e+11 4.00400e+11 183.569000 19.786000 66.040000  1 0.2000 188.780000 60.16740 38.97226 46.23345 1.910 9.400 91.990 1.251e+11 1.381e+10 -8.680e+10 0.03382 275172 275172 681837 6175 25 275108 275189 19.7858 400390000000 400390000000 371790000000 285990000000 171590000000 23.3765 0 0.02496 0.5758 0.31683 5.16554 -12.3271 22.4897 0.43916 0.20141 8.27345 -4.30366 20.8694 0.0869 379500000000 228800000000
 0.3600   118242 0.3700   126759      1       -1       -1       -1  0 3.94033e+11 3.71800e+11 179.357000 16.676000 64.480000  1 0.2000 192.800000 60.16965 38.93502 46.17645 2.840 11.210 85.960 7.910e+10 -6.622e+10 -6.573e+10 0.03153 275173 275173 681837 7066 24 275108 275189 16.6757 371790000000 352720000000 352720000000 324120000000 114400000000 8.1953 0 0.02289 0.46727 0.41617 8.39302 -19.995 35.9599 0.52005 0.31003 0.28618 -4.13965 34.7009 0.0805 414700000000 200200000000
 0.3500   109881 0.3600   118242      1       -1       -1       -1  0 3.84500e+11 4.09900e+11 185.554000 24.457000 59.780000  1 0.2000 187.510000 60.16266 38.93375 46.06047 -2.260 14.280 81.400 3.105e+10 -1.853e+10 2.820e+10 0.00958 275174 275174 681837 6889 23 275108 275189 24.4574 409920000000 409920000000 409920000000 257390000000 142990000000 29.7085 0 0.00739 0.85404 0.48117 7.35606 4.74534 33.3594 0.80715 0.51197 4.30526 18.2183 20.8635 0.0726 359600000000 228800000000
 0.3400   101684 0.3500   109881      1       -1       -1       -1  0 3.84500e+11 3.71800e+11 179.855000 22.195000 60.400000  1 0.2000 186.410000 60.17206 38.90552 46.05282 -2.050 11.180 78.030 3.572e+10 -1.855e+10 6.397e+09 0.01020 275175 275175 681837 6698 22 275108 275189 22.1953 371790000000 371790000000 371790000000 314590000000 57198000000 20.8791 0 0.00784 0.38755 0.18621 4.65523 -6.92464 37.4959 0.2073 0.00385 0.13839 -7.93578 18.8919 0.0764 389800000000 228800000000
 0.3300    93732 0.3400   101684      1       -1       -1       -1  0 3.71800e+11 3.71800e+11 180.088000 19.650000 57.240000  1 0.2000 193.960000 60.17194 38.89181 45.97216 -4.500 13.830 72.680 1.295e+10 -1.315e+10 4.613e+10 0.01274 275176 275176 681837 6515 21 275108 275189 19.6503 371790000000 371790000000 371790000000 295520000000 9533000000 15.1499 0 0.00969 0.65544 0.40019 -3.36897 -6.03222 48.2911 0.77251 0.13565 14.386 34.4474 -18.1513 0.0664 375600000000 209700000000
 0.3200    85921 0.3300    93732      1       -1       -1       -1  0 3.71767e+11 3.71800e+11 180.309000 22.354000 55.400000  1 0.2000 191.730000 60.19322 38.88025 45.89126 -5.020 12.780 69.140 1.299e+10 1.077e+10 5.450e+10 0.01458 275177 275177 681837 6345 20 275108 275189 22.354 371790000000 371790000000 371790000000 266920000000 28599000000 12.3048 0 0.0113 0.7462 0.38394 14.8285 31.7624 -13.3522 0.46935 0.11955 -17.2905 -20.3457 21.044 0.0647 350000000000 238300000000
 0.3100    78354 0.3200    85921      1       -1       -1       -1  0 3.71767e+11 3.52700e+11 177.378000 33.623000 51.990000  1 0.2000 177.760000 60.20708 38.85262 45.82143 -7.490 12.100 66.100 7.529e+09 1.220e+10 4.728e+10 0.01338 275178 275178 681837 6084 19 275108 275189 33.6226 352720000000 352720000000 352720000000 190660000000 28599000000 22.2648 2.29 0.01084 0.69102 0.41844 0.11043 -17.3612 36.2884 0.5693 0.29937 -3.3868 1.69027 32.0693 0.0649 326200000000 286000000000
 0.3000    70989 0.3100    78354      1       -1       -1       -1  0 3.62233e+11 3.90800e+11 183.754000 39.245000 49.210000  1 0.2000 183.860000 60.21323 38.86034 45.76450 -5.880 8.690 61.380 -2.878e+10 -5.354e+09 9.000e+09 0.00699 275179 275179 681837 4994 18 275108 275189 39.2452 390850000000 371790000000 362250000000 209730000000 19066000000 15.4538 0.21 0.00576 0.75294 0.45068 -8.48035 0.9954 31.9089 0.5547 0.14851 23.043 25.5152 -1.60859 0.0531 319700000000 305100000000
 0.2900    63871 0.3000    70989      1       -1       -1       -1  0 3.55900e+11 3.43200e+11 176.141000 23.552000 54.750000  1 0.2000 192.920000 60.22535 38.84782 45.69336 -6.470 9.410 52.780 -5.272e+10 -1.187e+10 -1.944e+09 0.01676 275180 275180 681837 4731 17 275108 275189 23.5521 343190000000 324120000000 305060000000 247860000000 57198000000 16.4235 1.08 0.01283 0.64217 0.33252 -12.1968 -15.819 30.2581 0.32459 0.24695 -11.1664 -16.0271 30.3047 0.0566 308200000000 228800000000
 0.2800    57026 0.2900    63871      1       -1       -1       -1  0 3.40033e+11 3.33700e+11 174.664000 24.408000 51.640000  1 0.2000 192.810000 60.22957 38.82653 45.64244 -7.210 5.760 53.350 -3.705e+10 -1.668e+10 -1.479e+10 0.01444 275181 275181 681837 5228 16 275108 275189 24.4076 333650000000 295520000000 295520000000 247860000000 104860000000 20.0705 2.07 0.01094 0.87529 0.52554 7.59491 15.7833 -10.6116 0.88523 0.47385 -0.30456 -6.84126 15.9441 0.0509 300500000000 228800000000
 0.2700    50516 0.2800    57026      1       -1       -1       -1  0 3.33667e+11 3.43200e+11 176.473000 39.655000 49.400000  1 0.2000 184.140000 60.23100 38.81237 45.58161 -6.430 3.330 52.340 -2.765e+10 -8.438e+09 5.991e+09 0.00884 275182 275182 681837 4899 15 275108 275189 39.6553 343190000000 324120000000 324120000000 209730000000 0 19.2565 0.82 0.00725 0.5794 0.23964 13.1646 44.9367 -9.35937 0.0442 0 21.3284 37.6594 -21.359 0.0524 290000000000 324100000000
 0.2600    44322 0.2700    50516      1       -1       -1       -1  0 3.24133e+11 3.24100e+11 173.290000 25.185000 48.150000  1 0.2000 196.570000 60.23710 38.83432 45.50975 -5.410 3.270 46.500 -1.758e+10 -2.092e+10 -6.549e+08 0.00952 275183 275183 681837 4621 14 275108 275189 25.1852 324120000000 314590000000 305060000000 219260000000 0 21.5852 0 0.00752 0.67426 0.39672 21.1395 41.5677 0.95973 0.1373 0.02661 31.9165 43.4925 11.1473 0.0454 283900000000 219300000000
 0.2500    38494 0.2600    44322      1       -1       -1       -1  0 3.05067e+11 3.05100e+11 169.958000 25.307000 47.640000  1 0.2000 195.530000 60.22480 38.81470 45.45121 -3.930 3.490 42.910 -2.394e+10 -1.418e+10 -3.213e+09 0.01092 275184 275184 681837 3658 13 275108 275189 25.3071 305060000000 295520000000 285990000000 238320000000 38132000000 26.3508 0 0.0087 0.88452 0.73029 9.35015 13.6381 32.0475 0.5636 0.19435 5.50021 15.1828 32.3922 0.0469 299500000000 200200000000
 0.2400    33008 0.2500    38494      1       -1       -1       -1  0 2.79667e+11 2.86000e+11 166.464000 30.369000 44.410000  1 0.2000 188.850000 60.24074 38.78498 45.37589 0.070 2.990 43.070 -9.256e+09 -2.424e+10 -2.052e+10 0.01425 275185 275185 681837 3939 12 275108 275189 30.3693 285990000000 276460000000 266920000000 200190000000 0 9.20677 0 0.01167 0.40901 0.11691 -1.47299 42.5039 -27.6707 0.20667 0.0898 -2.48321 44.4135 -24.8598 0.0444 259000000000 228800000000
 0.2300    27907 0.2400    33008      1       -1       -1       -1  0 2.51067e+11 2.47900e+11 158.818000 47.061000 40.470000  1 0.2000 173.870000 60.23032 38.80180 45.32399 -1.410 3.790 44.370 -1.531e+10 -1.438e+10 -3.092e+10 0.01997 275186 275186 681837 3550 11 275108 275189 47.0612 247860000000 219260000000 219260000000 152530000000 0 22.5169 3.93 0.01709 0.74505 0.48473 -1.39641 2.90434 43.2553 0.4148 0.29853 -11.0432 26.9086 30.2438 0.046 226800000000 295500000000
 0.2200    23142 0.2300    27907      1       -1       -1       -1  0 2.06567e+11 2.19300e+11 152.554000 47.461000 41.520000  1 0.2000 170.000000 60.22514 38.78210 45.26154 0.710 2.580 40.870 -2.158e+10 -3.139e+10 -1.592e+10 0.02527 275187 275187 681837 3144 10 275108 275189 47.4612 219260000000 200190000000 200190000000 0 0 45.992 1.77 0.02367 0.11865 0.06427 -1.31062 -50.2136 68.7155 0 0 0 0 0 0.0566 205000000000 266900000000
 0.2100    18801 0.2200    23142      1       -1       -1       -1  0 1.65233e+11 1.52500e+11 135.251000 31.478000 31.620000  1 0.2000 158.340000 60.22504 38.77244 45.19650 -3.060 5.800 32.130 -1.032e+10 3.531e+09 9.151e+08 0.01169 275188 275188 681837 2706 9 275108 275189 31.4778 152530000000 152530000000 152530000000 0 0 41.4516 0 0.01175 0.60836 0.41659 -12.2672 55.7493 -21.5705 0 0 0 0 0 0.0481 171500000000 152500000000
 0.2000    14935 0.2100    18801      0       -1       -1       -1  0 1.23900e+11 1.23900e+11 126.273000 25.340000 28.310000  1 0.2000 154.230000 60.21926 38.76640 45.08850 -6.560 -0.580 24.980 -6.272e+09 5.794e+09 1.348e+10 0.02552 275189 275189 681837 2237 8 275108 275189 25.3396 123930000000 123930000000 123930000000 0 0 21.6177 0 0.02482 0.45436 0.00805 30.9327 -15.1119 57.7908 0 0 0 0 0 0.0399 141200000000 104900000000
