 1.0000   681252 0.0000       -1      1       -1       -1       -1  0 1.81100e+11 1.62100e+11 111.539000 17.116000 99.670000  1 0.7100 87.500000 58.01162 42.20270 19.94396 -2.960 -327.000 119.140 -1.706e+11 -4.172e+10 8.218e+10 0.01608 525974 525974 681252 6767 88 525973 526003 17.1163 171590000000 190660000000 152530000000 76264000000 0 27.7564 4.95 0.09594 0.32015 0.04223 -18.5496 -8.07303 22.4217 0.23548 0.05439 -20.0896 -9.08432 23.8266 0.9816 194600000000 114400000000
 0.9900   673137 1.0000   681252      1       -1       -1       -1  0 1.81100e+11 1.62100e+11 112.009000 18.103000 97.150000  1 0.7100 86.980000 58.00531 42.26141 19.90888 7.820 -323.430 121.130 -1.667e+11 -2.705e+10 5.479e+10 0.01195 525975 525975 681252 6682 87 525973 526003 18.1033 171590000000 181130000000 142990000000 66731000000 0 31.9506 10.99 0.08813 0.10004 0.01437 42.6687 -15.7857 -4.53216 0.52253 0.27798 29.9217 -17.9681 -4.37685 0.9875 180300000000 114400000000
 0.9800   664701 0.9900   673137      1       -1       -1       -1  0 1.81100e+11 1.62100e+11 112.479000 18.400000 93.160000  1 0.7100 87.070000 58.00423 42.29555 19.89599 2.990 -319.580 111.830 -1.814e+11 -4.557e+10 8.154e+10 0.03039 525976 525976 681252 6690 86 525973 526003 18.4 171590000000 181130000000 142990000000 19066000000 0 33.6242 6.35 0.10157 0.21496 0.08476 43.4925 -13.6101 -0.36374 0 0 0 0 0 0.9366 187600000000 114400000000
 0.9700   656309 0.9800   664701      1       -1       -1       -1  0 1.81100e+11 1.62100e+11 112.947000 14.291000 90.280000  1 0.7100 91.500000 58.00285 42.33016 19.88311 2.310 -311.380 107.130 -1.396e+11 -3.474e+10 2.725e+10 0.02831 525977 525977 681252 5701 85 525973 526003 14.291 162060000000 181130000000 162060000000 19066000000 0 37.5278 0 0.07309 0.19943 0 35.7175 -8.59379 -0.33074 0 0 0 0 0 0.8906 210600000000 66730000000
 0.9600   647966 0.9700   656309      1       -1       -1       -1  0 1.81100e+11 1.81100e+11 117.699000 13.253000 90.910000  1 0.7100 97.530000 58.03904 42.34339 19.87725 19.570 -322.200 111.020 -1.148e+11 5.530e+10 1.825e+11 0.07413 525978 525978 681252 6801 84 525973 526003 13.2527 181130000000 190660000000 142990000000 123930000000 28599000000 13.9198 0 0.09262 0.58495 0.37348 17.9339 9.37756 14.0074 0.19242 0.05647 19.9535 -6.88601 14.9808 0.6365 216600000000 95330000000
 0.9500   639635 0.9600   647966      1       -1       -1       -1  0 1.81100e+11 1.81100e+11 118.185000 14.336000 89.900000  1 0.7100 96.360000 58.02947 42.36869 19.85883 22.850 -318.580 107.770 -1.132e+11 5.292e+10 1.798e+11 0.07237 525979 525979 681252 6769 83 525973 526003 14.3358 181130000000 190660000000 162060000000 114400000000 0 9.64484 0 0.09141 0.72608 0.14552 21.8281 2.08406 18.6946 0.65407 0.19596 20.0415 -0.12763 17.055 0.6364 215400000000 104900000000
 0.9400   631318 0.9500   639635      1       -1       -1       -1  0 1.77933e+11 1.81100e+11 118.669000 14.464000 91.210000  1 0.7100 96.580000 58.03493 42.40367 19.84797 25.510 -311.050 104.610 -1.084e+11 5.120e+10 1.786e+11 0.06975 525980 525980 681252 6715 82 525973 526003 14.4641 181130000000 190660000000 171590000000 114400000000 0 5.71019 3.92 0.09008 0.23442 0.17211 31.4064 -7.86814 28.1248 0.11686 0.04567 31.8858 -7.24879 31.0753 0.6536 230900000000 114400000000
 0.9300   622984 0.9400   631318      1       -1       -1       -1  0 1.74767e+11 1.71600e+11 117.024000 10.766000 96.170000  1 0.7100 101.140000 58.04542 42.44316 19.84647 29.370 -307.310 101.800 -8.452e+10 5.066e+10 1.297e+11 0.05002 525981 525981 681252 6832 81 525973 526003 10.766 171590000000 190660000000 152530000000 133460000000 0 12.3651 0 0.07491 0.16102 0.00773 28.8267 -15.4744 23.6445 0.22749 0 29.4493 -9.83691 16.8214 0.7446 234300000000 57200000000
 0.9200   614637 0.9300   622984      1       -1       -1       -1  0 1.74767e+11 1.71600e+11 117.498000 11.464000 96.250000  1 0.7100 100.130000 58.04300 42.47579 19.83615 29.710 -304.090 99.640 -9.028e+10 7.570e+10 1.256e+11 0.05007 525982 525982 681252 6852 80 525973 526003 11.4641 171590000000 190660000000 152530000000 123930000000 0 13.8932 0 0.07945 0.02952 0.0005 40.7917 -18.4984 31.3483 0.43478 0.017 -27.7469 44.0481 -2.39872 0.7663 234400000000 66730000000
 0.9100   606264 0.9200   614637      1       -1       -1       -1  0 1.58867e+11 1.81100e+11 120.116000 15.812000 91.570000  1 0.7100 96.100000 58.00163 42.52375 19.83667 35.120 -303.790 95.560 -1.074e+11 4.513e+10 1.696e+11 0.04786 525983 525983 681252 6903 79 525973 526003 15.8123 181130000000 190660000000 171590000000 66731000000 9533000000 29.7535 0 0.08704 0.59806 0.0337 33.2046 -12.2952 15.2598 0.66686 0 -6.59106 -1.82398 13.6827 0.7913 217900000000 85800000000
 0.9000   597885 0.9100   606264      1       -1       -1       -1  0 1.55733e+11 1.23900e+11 106.266000 23.511000 93.890000  1 0.7100 78.250000 57.95970 42.52911 19.80669 49.960 -310.630 100.910 -2.243e+10 -3.135e+10 -7.071e+10 0.03268 525984 525984 681252 6811 78 525973 526003 23.5107 123930000000 190660000000 104860000000 0 0 40.1407 8.38 0.06436 0.16931 0.10825 24.0757 33.5999 -27.5822 0 0 0 0 0 1.2081 172800000000 114400000000
 0.8900   589470 0.9000   597885      1       -1       -1       -1  0 1.55733e+11 1.33500e+11 109.356000 15.986000 97.450000  1 0.7100 85.730000 57.95920 42.58064 19.78147 45.230 -306.340 92.060 -2.675e+10 1.406e+10 6.889e+09 0.00743 525985 525985 681252 6804 77 525973 526003 15.9863 133460000000 190660000000 95330000000 76264000000 19066000000 29.925 0 0.02197 0.64459 0.39329 18.795 18.5165 -6.942 0.38172 0.07778 2.33391 17.0478 -14.0717 1.0803 163300000000 85800000000
 0.8800   581082 0.8900   589470      1       -1       -1       -1  0 1.55733e+11 1.62100e+11 117.128000 17.854000 91.570000  1 0.7100 91.130000 57.96407 42.61830 19.76703 48.320 -296.680 83.950 -4.495e+10 4.441e+10 4.111e+10 0.01247 525986 525986 681252 6764 76 525973 526003 17.8544 162060000000 190660000000 95330000000 85797000000 9533000000 32.3071 3.3 0.03881 0.32253 0.03776 -1.32718 32.428 -6.3931 0.16288 0.00478 -2.01526 27.1403 -6.48948 0.9224 171400000000 85800000000
 0.8700   572608 0.8800   581082      1       -1       -1       -1  0 1.55733e+11 1.62100e+11 117.586000 33.268000 87.080000  1 0.7100 84.330000 57.96262 42.65609 19.75541 56.490 -299.610 84.850 -8.888e+10 5.547e+10 9.788e+10 0.02264 525987 525987 681252 5837 75 525973 526003 33.2676 162060000000 190660000000 85797000000 66731000000 0 31.1279 16.03 0.07408 0.4572 0.10799 -14.0289 36.1983 -1.6122 0.53329 0.08962 -13.0869 36.6184 0.02076 0.9245 171100000000 181100000000
 0.8600   564148 0.8700   572608      1       -1       -1       -1  0 1.52533e+11 1.43000e+11 113.219000 32.271000 84.580000  1 0.7100 81.140000 57.96081 42.69437 19.74387 55.320 -286.530 77.190 -2.035e+10 9.304e+10 1.549e+11 0.02588 525988 525988 681252 6895 74 525973 526003 32.2705 142990000000 190660000000 76264000000 28599000000 0 34.3553 0 0.11622 0.39213 0.07679 -19.9308 44.2231 3.3588 0.17154 0 34.8014 -17.6756 2.95717 0.9578 169400000000 181100000000
 0.8500   555708 0.8600   564148      1       -1       -1       -1  0 1.49333e+11 1.52500e+11 116.127000 29.496000 64.890000  1 0.7100 84.130000 58.00961 42.72553 19.75447 37.950 -274.480 64.040 -1.776e+11 2.939e+09 1.440e+11 0.09394 525989 525989 681252 6828 73 525973 526003 29.4965 152530000000 152530000000 95330000000 28599000000 0 13.387 0 0.13173 0.215 0.00019 29.234 -0.71392 26.8291 0.20522 0.03557 23.6688 4.12409 25.6804 0.5542 152900000000 152500000000
 0.8400   547204 0.8500   555708      1       -1       -1       -1  0 1.49333e+11 1.52500e+11 116.572000 24.908000 62.630000  1 0.7100 86.170000 57.99511 42.77833 19.73522 42.020 -268.710 66.280 -1.398e+11 1.487e+10 1.770e+11 0.09615 525990 525990 681252 6878 72 525973 526003 24.9076 152530000000 152530000000 57198000000 0 0 11.0026 0 0.13073 0.07305 0.03061 26.8417 -14.708 38.2559 0 0 0 0 0 0.5225 160300000000 133500000000
 0.8300   538681 0.8400   547204      1       -1       -1       -1  0 1.49333e+11 6.67300e+10 88.831000 11.581000 55.580000  1 0.7100 71.150000 57.93915 42.86998 19.74773 47.910 -297.400 56.790 -1.010e+10 -1.067e+10 3.154e+10 0.05279 525991 525991 681252 6873 71 525973 526003 11.5812 66731000000 104860000000 66731000000 38132000000 0 29.4962 0 0.08013 0.62718 0.17933 22.8055 1.2471 18.8057 0.86755 0.09528 19.0888 -1.99907 18.5045 0.6204 170000000000 38130000000
 0.8200   530086 0.8300   538681      1       -1       -1       -1  0 1.49333e+11 1.33500e+11 112.341000 27.626000 57.180000  1 0.7100 81.740000 57.97095 42.87590 19.72262 47.470 -268.550 61.370 -8.537e+10 2.953e+10 1.546e+11 0.09678 525992 525992 681252 5884 70 525973 526003 27.6264 133460000000 142990000000 57198000000 0 0 7.04086 0 0.13044 0.05703 0.02851 -36.8555 37.7228 -26.3414 0 0 0 0 0 0.4877 175000000000 133500000000
 0.8100   521436 0.8200   530086      1       -1       -1       -1  0 1.49333e+11 7.62600e+10 93.572000 18.219000 48.930000  1 0.7100 70.130000 57.92878 42.95535 19.72405 42.150 -285.380 57.180 -1.065e+10 3.019e+09 2.157e+10 0.03242 525993 525993 681252 6919 69 525973 526003 18.2185 76264000000 85797000000 66731000000 9533000000 9533000000 33.0679 0 0.04508 0.36884 0.00783 23.8211 3.17867 13.0774 0 0 0 0 0 0.5015 167000000000 57200000000
 0.8000   512752 0.8100   521436      1       -1       -1       -1  0 1.49333e+11 7.62600e+10 93.918000 20.152000 44.550000  1 0.7100 69.520000 57.92511 42.99577 19.71325 41.770 -281.050 55.070 -1.093e+10 2.854e+09 2.170e+10 0.03272 525994 525994 681252 5945 68 525973 526003 20.1516 76264000000 85797000000 57198000000 9533000000 0 36.0973 0 0.04569 0.36942 0.04757 35.4222 -7.98235 19.281 0 0 0 0 0 0.4604 166600000000 66730000000
 0.7900   504107 0.8000   512752      1       -1       -1       -1  0 1.49333e+11 9.53300e+10 101.541000 22.388000 51.020000  1 0.7100 74.970000 57.94328 43.03620 19.67198 44.440 -260.840 44.420 -2.350e+10 6.170e+10 1.200e+11 0.11499 525995 525995 681252 7003 67 525973 526003 22.3879 95330000000 171590000000 28599000000 0 0 30.211 0 0.17715 0.6248 0.02746 49.7213 -7.94651 19.2596 0 0 0 0 0 0.541 172800000000 85800000000
 0.7800   495468 0.7900   504107      1       -1       -1       -1  0 1.49333e+11 7.62600e+10 94.605000 14.909000 35.090000  1 0.7100 73.460000 57.92752 43.10977 19.65482 40.750 -272.440 51.620 -1.203e+10 2.390e+09 2.203e+10 0.03737 525996 525996 681252 5917 66 525973 526003 14.9086 76264000000 142990000000 76264000000 0 0 37.1325 0 0.04751 0.33899 0.10781 56.8764 23.671 17.7193 0 0 0 0 0 0.3114 158800000000 38130000000
 0.7700   486786 0.7800   495468      1       -1       -1       -1  0 1.49333e+11 8.58000e+10 98.747000 30.612000 50.170000  1 0.7100 70.670000 57.91211 43.11954 19.68114 25.630 -222.250 56.410 -5.924e+10 -6.817e+09 1.322e+11 0.01311 525997 525997 681252 6966 65 525973 526003 30.6123 133460000000 181130000000 0 0 0 21.4046 41.14 0.22557 0.24061 0.05815 -31.1554 59.6876 -10.1065 0 0 0 0 0 1.0041 160300000000 143000000000
 0.7600   478083 0.7700   486786      1       -1       -1       -1  0 1.49333e+11 1.04900e+11 105.955000 29.793000 61.010000  1 0.7100 76.500000 57.91370 43.15321 19.68773 42.210 -219.310 41.260 -1.251e+11 3.629e+10 1.785e+11 0.11771 525998 525998 681252 7034 64 525973 526003 29.7929 123930000000 171590000000 0 0 0 23.3007 19.04 0.24726 0.03033 0 -26.4574 76.0862 -8.82162 0 0 0 0 0 0.7492 163600000000 114400000000
 0.7500   469362 0.7600   478083      1       -1       -1       -1  0 1.49333e+11 1.43000e+11 117.910000 37.762000 64.370000  1 0.7100 84.410000 57.92543 43.20069 19.64809 40.880 -225.300 36.740 -1.304e+11 1.214e+11 1.362e+11 0.09814 525999 525999 681252 7134 63 525973 526003 37.7619 152530000000 200190000000 0 0 0 14.1342 14.02 0.15039 0.13237 0.04595 8.61704 89.7493 -34.0774 0 0 0 0 0 0.5841 167000000000 190700000000
 0.7400   460561 0.7500   469362      1       -1       -1       -1  0 1.49333e+11 1.52500e+11 120.895000 47.032000 63.440000  1 0.7100 85.870000 57.90932 43.24547 19.64073 43.900 -219.990 29.670 -1.317e+11 5.340e+10 1.066e+11 0.07606 526000 526000 681252 7171 62 525973 526003 47.0316 162060000000 181130000000 0 0 0 12.6555 13.2 0.10751 0.1473 0 6.74 91.4579 -29.1947 0 0 0 0 0 0.5259 166400000000 228800000000
 0.7300   451736 0.7400   460561      1       -1       -1       -1  0 1.42967e+11 1.52500e+11 121.312000 41.386000 60.790000  1 0.7100 86.790000 57.90024 43.29176 19.63202 53.300 -228.550 24.750 -1.369e+11 5.703e+10 8.858e+10 0.07537 526001 526001 681252 6137 61 525973 526003 41.3861 162060000000 181130000000 0 0 0 14.1463 5.28 0.10508 0.24614 0 12.0092 94.0727 -25.0565 0 0 0 0 0 0.4913 164700000000 219300000000
 0.7200   442891 0.7300   451736      1       -1       -1       -1  0 1.08023e+11 1.23900e+11 113.587000 46.767000 59.140000  1 0.7100 80.830000 57.89043 43.35024 19.61813 44.150 -214.020 38.120 -5.391e+10 1.309e+10 6.862e+10 0.04128 526002 526002 681252 7221 60 525973 526003 46.7675 123930000000 190660000000 0 0 0 15.851 24.26 0.07626 0.52892 0.10537 60.2805 15.3518 12.5667 0 0 0 0 0 0.6782 163600000000 228800000000
 0.7100   433986 0.7200   442891      0       -1       -1       -1  0 4.76700e+10 4.76700e+10 82.884000 28.841000 36.590000  1 0.7100 59.460000 57.88049 43.40701 19.60726 45.520 -210.510 36.070 -1.968e+10 -2.487e+10 -9.781e+09 0.06024 526003 526003 681252 6209 59 525973 526003 28.8411 47665000000 133460000000 0 0 0 32.162 39.68 0.14176 0.08228 0 64.203 21.1388 -15.3288 0 0 0 0 0 1.3462 161300000000 104900000000
