 1.0000   681759 0.0000       -1      1       -1       -1       -1  0 9.85067e+11 9.62800e+11 202.016000 22.105000 149.130000  1 0.2500 169.190000 29.49833 35.44113 61.90150 85.550 -224.840 96.800 7.174e+11 -6.771e+11 6.490e+11 0.03011 222228 222228 681759 7274 88 222227 222303 22.1053 962830000000 1096300000000 838900000000 562450000000 190660000000 16.9291 1.13 0.02998 0.74323 0.56875 23.9902 -16.695 21.9454 0.66548 0.4133 17.0602 -9.33003 21.9905 0.5178 1119000000000 514800000000
 0.9900   673655 1.0000   681759      1       -1       -1       -1  0 9.85067e+11 9.62800e+11 202.867000 21.371000 149.470000  1 0.2500 171.080000 29.49068 35.46245 61.89471 83.470 -224.230 96.750 7.143e+11 -6.814e+11 6.425e+11 0.03028 222229 222229 681759 7261 87 222227 222303 21.3706 962830000000 1105800000000 829370000000 610110000000 190660000000 17.7738 0 0.03 0.7421 0.51399 26.4926 -15.1829 15.4807 0.64466 0.5444 18.2828 -8.40302 18.1412 0.5151 1075000000000 486200000000
 0.9800   665209 0.9900   673655      1       -1       -1       -1  0 9.85067e+11 9.81900e+11 205.053000 27.314000 150.370000  1 0.2500 166.290000 29.48100 35.48812 61.87976 82.580 -223.310 95.430 8.734e+11 -7.757e+11 5.788e+11 0.03259 222230 222230 681759 7303 86 222227 222303 25.9489 981900000000 1077200000000 848440000000 562450000000 276460000000 17.9917 0.44 0.03223 0.73933 0.44196 29.804 -13.5133 10.6556 0.65251 0.48012 20.2502 -5.44645 15.4051 0.5125 1087000000000 610100000000
 0.9700   656805 0.9800   665209      1       -1       -1       -1  0 9.85067e+11 9.81900e+11 205.907000 20.595000 151.700000  1 0.2500 173.880000 29.49451 35.50218 61.86646 84.110 -223.410 96.420 7.228e+11 -9.441e+11 5.079e+11 0.03196 222231 222231 681759 6274 85 222227 222303 21.3321 981900000000 1077200000000 877040000000 638710000000 181130000000 11.3868 2.23 0.03206 0.73877 0.3878 35.0127 -16.6993 4.81021 0.52332 0.28462 33.8897 -10.3224 -0.89735 0.5223 1145000000000 552900000000
 0.9600   648462 0.9700   656805      1       -1       -1       -1  0 9.85067e+11 9.72400e+11 206.090000 32.921000 150.980000  1 0.2500 167.580000 29.47297 35.54480 61.84970 82.220 -222.890 95.970 5.307e+11 -7.670e+11 6.114e+11 0.02855 222232 222232 681759 7294 84 222227 222303 25.4492 972370000000 1077200000000 848440000000 610110000000 238320000000 16.6621 0.72 0.02819 0.92678 0.61404 15.1281 -12.602 16.214 0.69494 0.24284 12.1036 8.35534 -14.269 0.5126 1089000000000 695900000000
 0.9500   640126 0.9600   648462      1       -1       -1       -1  0 9.85067e+11 9.72400e+11 206.939000 30.403000 147.940000  1 0.2500 166.240000 29.46025 35.56814 61.83446 81.380 -222.260 95.570 5.267e+11 -6.160e+11 5.830e+11 0.02584 222233 222233 681759 7319 83 222227 222303 27.0561 972370000000 1096300000000 857970000000 619640000000 209730000000 16.2637 1 0.02532 0.7771 0.48661 16.5984 -18.1029 17.1434 0.65095 0.54081 11.4944 -12.8125 17.5721 0.4971 1073000000000 648200000000
 0.9400   631808 0.9500   640126      1       -1       -1       -1  0 9.85067e+11 9.91400e+11 209.137000 29.989000 144.980000  1 0.2500 162.990000 29.45698 35.60284 61.81954 79.380 -223.620 94.090 4.927e+11 -5.812e+11 5.094e+11 0.02275 222234 222234 681759 7317 82 222227 222303 32.1155 991430000000 1096300000000 857970000000 581510000000 219260000000 18.9074 2.75 0.02258 0.64158 0.40752 -20.0863 23.5198 -17.8796 0.41654 0.3074 -19.4939 22.6189 -15.3072 0.4881 1042000000000 657800000000
 0.9300   623472 0.9400   631808      1       -1       -1       -1  0 9.85067e+11 9.72400e+11 208.634000 26.818000 144.690000  1 0.2500 171.180000 29.44917 35.60842 61.82652 79.340 -222.100 93.250 5.554e+11 -9.952e+11 4.663e+11 0.03309 222235 222235 681759 7349 81 222227 222303 24.3446 972370000000 1077200000000 857970000000 619640000000 190660000000 8.62477 1.12 0.03143 0.59234 0.39262 25.6144 -19.4673 16.1551 0.54738 0.26773 22.5719 -17.4696 13.0181 0.4669 1059000000000 619600000000
 0.9200   615128 0.9300   623472      1       -1       -1       -1  0 9.85067e+11 9.91400e+11 210.838000 25.624000 143.520000  1 0.2500 173.550000 29.44367 35.63120 61.81665 78.680 -222.870 91.690 6.877e+11 -7.128e+11 6.462e+11 0.03066 222236 222236 681759 7367 80 222227 222303 24.1397 991430000000 1077200000000 848440000000 610110000000 57198000000 10.7063 1.46 0.02933 0.59823 0.44732 27.4792 -21.0059 20.8525 0.48872 0.34044 18.5077 -19.5404 22.6689 0.4617 1056000000000 581500000000
 0.9100   606752 0.9200   615128      1       -1       -1       -1  0 9.85067e+11 9.81900e+11 211.006000 26.327000 142.310000  1 0.2500 172.580000 29.44064 35.65815 61.80162 77.940 -222.190 91.260 8.017e+11 -6.805e+11 1.738e+11 0.02846 222237 222237 681759 7380 79 222227 222303 24.8549 981900000000 1067700000000 800770000000 629180000000 142990000000 15.0016 2.11 0.02695 0.57888 0.40812 30.6904 -19.3472 15.7454 0.62749 0.33063 25.3146 -17.8696 8.44518 0.452 1059000000000 619600000000
 0.9000   598376 0.9100   606752      1       -1       -1       -1  0 9.81900e+11 9.81900e+11 211.849000 18.592000 141.380000  1 0.2500 177.510000 29.42797 35.68806 61.78839 74.730 -219.490 92.810 8.570e+11 -3.270e+11 1.860e+11 0.02547 222238 222238 681759 7386 78 222227 222303 22.2036 981900000000 1058200000000 857970000000 638710000000 152530000000 12.6055 2 0.02375 0.58088 0.43263 29.2539 -17.2728 9.69678 0.44379 0.24772 27.2354 -16.8576 5.83993 0.4385 1144000000000 429000000000
 0.8900   589963 0.9000   598376      1       -1       -1       -1  0 9.81900e+11 9.81900e+11 212.690000 25.660000 141.310000  1 0.2500 175.900000 29.40400 35.71961 61.77054 73.290 -219.190 92.400 7.578e+11 -4.527e+11 3.032e+11 0.02577 222239 222239 681759 7442 77 222227 222303 23.6554 981900000000 1029600000000 838900000000 667310000000 152530000000 3.18614 0.59 0.02377 0.56157 0.47516 28.0648 -15.8968 6.35469 0.49822 0.36034 24.0787 -12.4353 -1.21571 0.4314 1111000000000 638700000000
 0.8800   581581 0.8900   589963      1       -1       -1       -1  0 9.69200e+11 9.81900e+11 213.528000 26.813000 142.240000  1 0.2500 177.370000 29.39843 35.74979 61.74683 72.360 -218.250 91.920 7.497e+11 -4.489e+11 2.905e+11 0.02577 222240 222240 681759 7394 76 222227 222303 23.2371 981900000000 1029600000000 800770000000 667310000000 247860000000 9.4993 0.54 0.02354 0.60142 0.493 28.0847 -19.1602 9.46461 0.48209 0.35796 22.629 -20.8528 3.35575 0.4286 1106000000000 629200000000
 0.8700   573104 0.8800   581581      1       -1       -1       -1  0 9.62833e+11 9.43800e+11 211.552000 25.572000 144.120000  1 0.2500 171.910000 29.40020 35.76868 61.73407 71.640 -215.330 92.730 1.168e+12 -3.313e+11 -4.477e+10 0.03655 222241 222241 681759 6475 75 222227 222303 25.5724 943770000000 1029600000000 800770000000 667310000000 238320000000 17.358 0 0.03329 0.65611 0.58078 24.0569 -19.9271 11.0159 0.80438 0.49241 -13.1978 21.7098 -4.48618 0.4375 1056000000000 562400000000
 0.8600   564638 0.8700   573104      1       -1       -1       -1  0 9.62833e+11 9.53300e+11 213.087000 24.232000 146.080000  1 0.2500 175.330000 29.37372 35.80753 61.73204 67.790 -212.490 90.290 1.313e+12 -3.370e+11 -5.362e+11 0.04351 222242 222242 681759 7532 74 222227 222303 24.2319 953300000000 1039100000000 848440000000 657780000000 238320000000 3.52548 3.3 0.03944 0.66393 0.50407 24.0102 -18.9133 13.6269 0.7298 0.4468 -16.627 20.8652 -1.31516 0.4376 1067000000000 581500000000
 0.8500   556201 0.8600   564638      1       -1       -1       -1  0 9.62833e+11 9.53300e+11 213.908000 31.620000 146.950000  1 0.2500 167.310000 29.39151 35.83255 61.70571 65.240 -209.990 90.250 1.277e+12 -5.586e+10 -2.862e+11 0.03727 222243 222243 681759 7497 73 222227 222303 31.6202 953300000000 1020000000000 886570000000 610110000000 209730000000 27.2522 0.53 0.03557 0.44576 0.33587 31.9061 -16.3499 3.85154 0.41356 0.31546 24.2955 -10.2554 -4.46289 0.4649 1019000000000 686400000000
 0.8400   547703 0.8500   556201      1       -1       -1       -1  0 9.62833e+11 9.43800e+11 214.009000 29.542000 146.880000  1 0.2500 169.520000 29.37742 35.86377 61.69261 64.230 -208.970 89.980 1.259e+12 -8.410e+10 -3.435e+11 0.03815 222244 222244 681759 7544 72 222227 222303 29.5415 943770000000 1029600000000 886570000000 638710000000 228790000000 25.146 0 0.03627 0.49649 0.33548 31.3191 -17.1141 8.71105 0.54552 0.23035 28.0419 -11.8801 3.64923 0.4636 1064000000000 657800000000
 0.8300   539181 0.8400   547703      1       -1       -1       -1  0 9.62833e+11 9.43800e+11 214.821000 25.460000 143.160000  1 0.2500 175.360000 29.34485 35.89370 61.68488 63.050 -207.190 88.580 1.365e+12 7.124e+10 -5.160e+11 0.04451 222245 222245 681759 7553 71 222227 222303 25.4601 943770000000 1020000000000 886570000000 591050000000 228790000000 14.0968 0 0.0407 0.42714 0.32376 29.0101 -24.5547 15.7618 0.25897 0.24349 24.8687 -21.6745 8.94433 0.4301 1044000000000 572000000000
 0.8200   530592 0.8300   539181      1       -1       -1       -1  0 9.62833e+11 9.62800e+11 217.072000 27.722000 138.410000  1 0.2500 174.650000 29.31617 35.95214 61.65847 58.970 -204.750 87.440 8.262e+11 -3.465e+11 -3.009e+11 0.02817 222246 222246 681759 6575 70 222227 222303 27.7215 962830000000 1020000000000 857970000000 667310000000 162060000000 16.5249 1.36 0.02557 0.55704 0.46052 30.7338 -21.3579 20.3893 0.51998 0.41189 30.0417 -14.8702 3.96819 0.4037 1024000000000 619600000000
 0.8100   521949 0.8200   530592      1       -1       -1       -1  0 9.62833e+11 9.53300e+11 217.161000 29.681000 134.820000  1 0.2500 172.550000 29.29870 35.98878 61.64869 57.270 -205.300 86.600 8.024e+11 -3.888e+11 -3.649e+11 0.02938 222247 222247 681759 7650 69 222227 222303 29.6811 953300000000 1001000000000 877040000000 638710000000 209730000000 21.9988 0 0.02661 0.60905 0.45888 29.5599 -16.0102 22.8193 0.71251 0.24531 28.9755 -10.4938 12.0648 0.3912 983200000000 638700000000
 0.8000   513263 0.8100   521949      1       -1       -1       -1  0 9.62833e+11 9.43800e+11 217.235000 32.269000 131.980000  1 0.2500 170.130000 29.28366 36.01995 61.63942 57.110 -203.010 85.830 7.077e+11 -3.708e+11 -2.342e+11 0.02588 222248 222248 681759 6632 68 222227 222303 32.2691 943770000000 1001000000000 877040000000 581510000000 209730000000 23.076 0 0.02349 0.68165 0.53728 20.3789 -8.72516 11.2728 0.74264 0.38293 16.2686 -4.05243 2.35606 0.3819 1008000000000 648200000000
 0.7900   504620 0.8000   513263      1       -1       -1       -1  0 9.62833e+11 9.53300e+11 218.763000 33.831000 128.410000  1 0.2500 170.260000 29.28908 36.04888 61.61370 54.390 -200.470 84.480 8.786e+11 -2.853e+11 -4.864e+11 0.03232 222249 222249 681759 7655 67 222227 222303 33.8308 953300000000 1010500000000 867500000000 591050000000 123930000000 15.8583 0 0.02909 0.65037 0.60389 26.1544 -9.68468 10.1711 0.67865 0.4452 21.2552 -0.69106 -3.30321 0.3633 1015000000000 686400000000
 0.7800   495979 0.7900   504620      1       -1       -1       -1  0 9.62833e+11 9.72400e+11 221.012000 50.935000 127.750000  1 0.2500 167.370000 29.26824 36.08129 61.58765 55.840 -195.250 81.100 1.008e+12 -4.815e+11 -1.450e+11 0.03282 222250 222250 681759 6580 66 222227 222303 40.7507 972370000000 1020000000000 857970000000 591050000000 133460000000 17.765 1.23 0.03051 0.90416 0.65575 32.5802 -14.7224 12.5742 0.79079 0.55391 -16.2381 13.6338 18.2326 0.3695 952100000000 915200000000
 0.7700   487305 0.7800   495979      1       -1       -1       -1  0 9.59667e+11 9.62800e+11 221.081000 38.841000 125.740000  1 0.2500 168.830000 29.25470 36.12337 61.58756 54.440 -193.840 80.160 1.247e+12 -2.749e+11 -3.492e+11 0.03954 222251 222251 681759 7687 65 222227 222303 38.8409 962830000000 1001000000000 838900000000 571980000000 66731000000 15.9055 0 0.03661 0.70622 0.58324 37.1768 -18.3108 8.05319 0.50972 0.40643 -23.6592 25.3369 -6.74377 0.3598 969700000000 772200000000
 0.7600   478609 0.7700   487305      1       -1       -1       -1  0 9.46933e+11 9.43800e+11 220.395000 37.862000 123.980000  1 0.2500 169.110000 29.24757 36.16487 61.56910 53.700 -192.280 78.860 1.099e+12 -4.129e+11 -1.462e+11 0.03686 222252 222252 681759 7679 64 222227 222303 37.8625 943770000000 1010500000000 867500000000 514780000000 9533000000 14.2944 0 0.03399 0.5122 0.42142 36.8858 -35.8252 4.9854 0.26739 0.13724 -24.0422 44.7007 -3.01764 0.3528 952300000000 724500000000
 0.7500   469888 0.7600   478609      1       -1       -1       -1  0 9.43767e+11 9.34200e+11 220.425000 39.981000 120.400000  1 0.2500 167.940000 29.23825 36.20235 61.54913 52.280 -192.370 78.500 1.237e+12 -5.778e+11 -3.417e+10 0.04375 222253 222253 681759 7739 63 222227 222303 39.9812 934230000000 981900000000 848440000000 505250000000 9533000000 13.2381 0 0.04009 0.55527 0.43719 37.5519 -36.5967 5.73842 0.43213 0.25455 -15.6046 41.523 -1.35815 0.3362 939900000000 772200000000
 0.7400   461079 0.7500   469888      1       -1       -1       -1  0 9.43767e+11 9.43800e+11 221.945000 45.339000 118.320000  1 0.2500 166.490000 29.23270 36.24958 61.53337 51.000 -190.520 77.530 1.255e+12 -6.331e+11 -1.456e+11 0.04478 222254 222254 681759 7720 62 222227 222303 45.3394 943770000000 991430000000 848440000000 533850000000 85797000000 13.1523 0 0.04101 0.6305 0.39187 35.7135 -27.5677 6.62132 0.22759 0.11901 31.0735 -27.5402 20.9662 0.3254 897100000000 810300000000
 0.7300   452257 0.7400   461079      1       -1       -1       -1  0 9.24700e+11 9.53300e+11 223.459000 45.969000 118.350000  1 0.2500 167.740000 29.22281 36.28928 61.52084 50.090 -187.720 77.530 1.310e+12 -7.253e+11 -3.180e+11 0.04742 222255 222255 681759 6697 61 222227 222303 45.9689 953300000000 1001000000000 829370000000 543380000000 76264000000 11.443 0 0.0439 0.6811 0.45293 34.9367 -22.0889 10.2479 0.46754 0.17166 17.0625 -17.6799 19.8029 0.3267 874600000000 829400000000
 0.7200   443422 0.7300   452257      1       -1       -1       -1  0 9.24700e+11 8.58000e+11 216.485000 48.356000 113.800000  1 0.2500 161.090000 29.18281 36.36620 61.47511 48.860 -193.800 82.330 1.191e+12 -7.362e+11 -1.966e+11 0.05323 222256 222256 681759 7827 60 222227 222303 48.3559 857970000000 877040000000 753110000000 381320000000 181130000000 39.3681 0 0.04859 0.58885 0.27684 31.8046 -27.9383 10.3561 0.61696 0.28174 2.70147 28.6143 0.11898 0.3129 811100000000 810300000000
 0.7100   434518 0.7200   443422      1       -1       -1       -1  0 9.02467e+11 9.62800e+11 225.728000 70.534000 118.370000  1 0.2500 162.970000 29.26764 36.36436 61.47892 49.260 -185.980 78.070 1.412e+12 -1.059e+12 7.706e+10 0.04964 222257 222257 681759 6806 59 222227 222303 70.534 962830000000 1010500000000 810300000000 181130000000 66731000000 39.7526 0 0.05036 0.32877 0.18875 52.6873 -20.1696 7.46936 0.14432 0.06724 -7.75704 16.2436 0.82752 0.36 894800000000 1115000000000
 0.7000   425549 0.7100   434518      1       -1       -1       -1  0 8.99267e+11 8.86600e+11 220.338000 42.114000 115.060000  1 0.2500 168.070000 29.20428 36.41065 61.46519 48.170 -186.940 79.710 1.284e+12 -8.911e+11 -2.912e+11 0.05725 222258 222258 681759 7875 58 222227 222303 42.1144 886570000000 943770000000 810300000000 486180000000 9533000000 9.51867 0 0.05228 0.31458 0.12963 52.0168 -20.1926 -2.55897 0.02419 0 62.0196 -32.9212 -17.5656 0.3096 861300000000 762600000000
 0.6900   416554 0.7000   425549      1       -1       -1       -1  0 8.80200e+11 8.48400e+11 217.849000 38.805000 112.000000  1 0.2500 168.300000 29.18633 36.45120 61.45151 46.810 -185.960 77.190 1.242e+12 -6.116e+11 -6.313e+10 0.05583 222259 222259 681759 7899 57 222227 222303 38.805 848440000000 981900000000 810300000000 524310000000 19066000000 13.3166 0 0.04932 0.43038 0.32718 52.8064 -12.4229 5.97635 0.34432 0.1334 39.2074 -10.2393 -1.07252 0.2883 840100000000 695900000000
 0.6800   407545 0.6900   416554      1       -1       -1       -1  0 8.80200e+11 9.05600e+11 223.364000 48.641000 114.810000  1 0.2500 168.190000 29.17976 36.49881 61.43921 46.210 -181.480 76.180 9.419e+11 -8.213e+11 3.459e+11 0.04654 222260 222260 681759 7919 56 222227 222303 48.6411 905630000000 943770000000 772170000000 514780000000 200190000000 11.566 0 0.04162 0.51162 0.40946 51.0396 -15.2144 12.6768 0.566 0.39819 38.9863 -7.01313 16.423 0.2921 827500000000 800800000000
 0.6700   398551 0.6800   407545      1       -1       -1       -1  0 8.70667e+11 8.86600e+11 222.500000 38.968000 114.310000  1 0.2500 173.210000 29.15023 36.54641 61.41657 44.550 -179.440 74.010 1.276e+12 -6.316e+11 2.224e+11 0.05492 222261 222261 681759 7910 55 222227 222303 38.9677 886570000000 953300000000 772170000000 533850000000 152530000000 9.95168 0 0.04821 0.54762 0.46728 38.9231 -15.52 2.77567 0.49837 0.11826 23.0969 -19.8379 -3.13546 0.2842 816100000000 657800000000
 0.6600   389640 0.6700   398551      1       -1       -1       -1  0 8.57967e+11 8.19800e+11 217.460000 37.683000 114.310000  1 0.2500 170.040000 29.12100 36.58463 61.40968 44.320 -176.790 73.870 7.468e+11 -6.805e+10 5.077e+11 0.03886 222262 222262 681759 7939 54 222227 222303 37.6829 819840000000 943770000000 772170000000 514780000000 38132000000 27.3591 0 0.03472 0.49233 0.42446 47.306 1.36129 -9.32279 0.4288 0.09354 41.4763 -8.14149 -7.624 0.2979 813600000000 619600000000
 0.6500   380621 0.6600   389640      1       -1       -1       -1  0 8.57967e+11 8.67500e+11 222.289000 30.027000 115.450000  1 0.2500 182.020000 29.15804 36.64803 61.38604 41.390 -172.660 71.930 7.813e+11 -8.003e+10 1.042e+12 0.05343 222263 222263 681759 6839 53 222227 222303 30.0273 867500000000 962830000000 667310000000 552910000000 209730000000 18.286 1.2 0.0458 0.8005 0.54566 27.3925 -4.37895 3.11273 0.85258 0.4105 21.1316 -6.06638 -13.0902 0.276 809200000000 543400000000
 0.6400   371557 0.6500   380621      1       -1       -1       -1  0 8.57967e+11 8.58000e+11 222.156000 23.977000 115.240000  1 0.2500 190.940000 29.14771 36.68839 61.36721 43.010 -172.210 71.910 8.908e+11 9.211e+10 1.090e+12 0.06112 222264 222264 681759 6868 52 222227 222303 23.9773 857970000000 934230000000 676840000000 533850000000 333650000000 17.7861 0 0.05075 0.73398 0.5624 31.8025 -10.1244 -1.58876 0.84863 0.57249 21.1133 -11.9352 -13.5694 0.2609 804700000000 429000000000
 0.6300   362461 0.6400   371557      1       -1       -1       -1  0 8.38900e+11 8.48400e+11 222.004000 23.738000 117.160000  1 0.2500 191.830000 29.13828 36.74252 61.34456 40.080 -171.490 71.010 7.081e+11 1.842e+11 1.344e+12 0.06753 222265 222265 681759 8000 51 222227 222303 23.7384 848440000000 934230000000 667310000000 495720000000 295520000000 15.842 0 0.05645 0.717 0.53631 31.4354 -7.22807 2.54668 0.72515 0.57994 24.4636 -9.48205 4.93617 0.2705 805200000000 448100000000
 0.6200   353355 0.6300   362461      1       -1       -1       -1  0 8.16633e+11 8.10300e+11 219.283000 29.767000 117.490000  1 0.2500 181.190000 29.11607 36.78074 61.33099 42.120 -172.790 65.960 3.253e+11 -7.161e+10 1.093e+12 0.05309 222266 222266 681759 8000 50 222227 222303 29.7671 810300000000 896100000000 686380000000 495720000000 238320000000 7.25993 3.27 0.04582 0.44945 0.34652 43.0057 3.28504 9.84921 0.4633 0.08206 40.0057 10.4408 5.38539 0.2885 775700000000 476600000000
 0.6100   344219 0.6200   353355      1       -1       -1       -1  0 8.00767e+11 7.91200e+11 218.191000 36.915000 110.490000  1 0.2500 174.130000 29.11202 36.84519 61.32315 41.100 -169.260 66.130 4.955e+10 3.104e+10 1.142e+12 0.05572 222267 222267 681759 8022 49 222227 222303 36.9149 791240000000 829370000000 705440000000 467120000000 152530000000 7.29706 6.62 0.048 0.68846 0.40903 33.6738 -0.87702 -3.03482 0.6826 0.40329 25.7265 0.33742 2.03305 0.2651 745900000000 562400000000
 0.6000   335094 0.6100   344219      1       -1       -1       -1  0 7.94400e+11 8.00800e+11 219.701000 54.600000 105.010000  1 0.2500 167.190000 29.10607 36.88943 61.30474 39.380 -165.650 64.410 -2.337e+10 5.429e+10 1.176e+12 0.05491 222268 222268 681759 8069 48 222227 222303 54.5996 800770000000 810300000000 676840000000 457580000000 85797000000 12.7003 4.33 0.04878 0.68926 0.3558 43.0166 1.68867 -10.9552 0.73935 0.3405 30.7887 6.90642 10.1919 0.2558 733000000000 800800000000
 0.5900   325927 0.6000   335094      1       -1       -1       -1  0 7.65800e+11 7.91200e+11 219.450000 53.738000 93.650000  1 0.2500 167.950000 29.05143 36.93759 61.25520 40.520 -164.910 60.690 4.936e+11 -3.694e+11 4.631e+11 0.03549 222269 222269 681759 8092 47 222227 222303 53.7384 791240000000 800770000000 705440000000 285990000000 0 23.6527 1.73 0.03283 0.24304 0.09977 72.0311 15.9541 21.239 0.28956 0.02941 46.0664 11.934 5.21977 0.2298 752400000000 781700000000
 0.5800   316696 0.5900   325927      1       -1       -1       -1  0 7.40367e+11 7.05400e+11 211.806000 36.123000 88.330000  1 0.2500 170.920000 29.08948 36.99976 61.25532 36.580 -162.010 62.480 3.200e+11 1.681e+11 7.889e+11 0.05029 222270 222270 681759 8142 46 222227 222303 36.1234 705440000000 734040000000 629180000000 324120000000 0 13.3158 0.41 0.04505 0.38263 0.24871 70.509 2.67679 -2.67479 0.52778 0.00572 35.4253 -10.0773 -8.61752 0.209 675500000000 562400000000
 0.5700   307473 0.5800   316696      1       -1       -1       -1  0 7.08600e+11 7.24500e+11 214.286000 46.067000 84.680000  1 0.2500 168.030000 29.07926 37.04897 61.24401 32.190 -157.110 61.020 3.611e+11 9.241e+10 5.188e+11 0.03503 222271 222271 681759 8116 45 222227 222303 46.0668 724510000000 734040000000 638710000000 171590000000 9533000000 20.3103 0 0.03196 0.21127 0.11809 71.84 5.83745 -17.3549 0.36483 0.1219 -11.662 2.08513 14.4884 0.1943 655900000000 629200000000
 0.5600   298232 0.5700   307473      1       -1       -1       -1  0 7.05433e+11 6.95900e+11 212.000000 55.997000 82.580000  1 0.2500 163.230000 29.06978 37.10898 61.23614 32.850 -155.400 59.250 2.618e+11 1.156e+11 1.272e+11 0.01843 222272 222272 681759 8091 44 222227 222303 55.9968 695910000000 705440000000 629180000000 219260000000 9533000000 31.9671 0 0.01688 0.16996 0.08932 74.6107 2.86211 -27.3758 0.41203 0.24619 18.2842 5.28311 -14.256 0.1883 622700000000 734000000000
 0.5500   288985 0.5600   298232      1       -1       -1       -1  0 6.99067e+11 6.95900e+11 212.562000 54.046000 83.580000  1 0.2500 165.110000 29.05159 37.16459 61.21323 33.060 -154.480 55.960 1.730e+11 2.814e+10 1.839e+11 0.01531 222273 222273 681759 8098 43 222227 222303 54.0459 695910000000 705440000000 638710000000 200190000000 38132000000 26.7999 0 0.0138 0.28652 0.17065 61.021 -2.32009 -13.1162 0.89509 0.30036 18.8556 10.2243 0.28918 0.1805 616900000000 705400000000
 0.5400   279764 0.5500   288985      1       -1       -1       -1  0 6.99067e+11 4.19400e+11 180.021000 32.584000 84.900000  1 0.2500 146.790000 29.12594 37.19851 61.15469 38.030 -137.530 46.830 -1.566e+10 -3.292e+10 -5.683e+10 0.00983 222274 222274 681759 8102 42 222227 222303 32.5844 419450000000 505250000000 381320000000 238320000000 19066000000 45.6277 0 0.00859 0.36027 0.08422 51.1921 -1.57238 -22.0933 0.85801 0.20593 25.2513 2.0271 5.88594 0.2256 521300000000 324100000000
 0.5300   270528 0.5400   279764      1       -1       -1       -1  0 6.99067e+11 6.48200e+11 208.663000 42.635000 83.080000  1 0.2500 168.150000 29.03623 37.25810 61.16685 32.580 -145.100 51.830 2.246e+11 -9.956e+10 -3.610e+10 0.01804 222275 222275 681759 8083 41 222227 222303 42.6354 648240000000 648240000000 562450000000 362250000000 19066000000 26.5692 0.54 0.01543 0.32553 0.15936 49.8643 11.4458 -22.6842 0.38459 0.14184 36.9364 7.36237 -17.4936 0.1634 578200000000 562400000000
 0.5200   261300 0.5300   270528      1       -1       -1       -1  0 6.99067e+11 6.19600e+11 206.059000 41.361000 85.850000  1 0.2500 167.420000 29.04279 37.31551 61.11576 33.020 -141.500 48.590 2.850e+11 -2.076e+11 2.442e+11 0.03410 222276 222276 681759 7640 40 222227 222303 41.3609 619640000000 629180000000 552910000000 390850000000 19066000000 30.5218 0 0.02896 0.32699 0.30023 51.5004 -0.81004 -41.6367 0.3621 0.30799 40.6236 6.87011 -29.6728 0.1731 542500000000 514800000000
 0.5100   252027 0.5200   261300      1       -1       -1       -1  0 6.99067e+11 6.76800e+11 212.729000 40.039000 88.420000  1 0.2500 175.480000 29.00540 37.38398 61.11713 32.450 -138.610 54.340 3.158e+11 9.523e+10 5.644e+10 0.02370 222277 222277 681759 2676 39 222227 222303 40.0388 676840000000 686380000000 591050000000 419450000000 28599000000 24.2413 1.48 0.01967 0.57191 0.41379 -32.5821 3.45961 40.5727 0.47206 0.43077 34.6933 -5.58918 -25.9755 0.1654 613100000000 562400000000
 0.5000   242858 0.5100   252027      1       -1       -1       -1  0 6.99067e+11 7.05400e+11 216.196000 44.818000 91.320000  1 0.2500 177.080000 28.95350 37.44936 61.11103 30.880 -135.260 53.970 3.997e+11 -3.462e+10 -4.351e+10 0.02629 222278 222278 681759 2687 38 222227 222303 44.8182 705440000000 705440000000 686380000000 438520000000 57198000000 28.4345 1.75 0.02234 0.92262 0.47122 -4.31187 -7.02385 39.6144 0.70778 0.43162 -11.2882 4.88755 34.0517 0.1762 648500000000 638700000000
 0.4900   233651 0.5000   242858      1       -1       -1       -1  0 6.99067e+11 7.15000e+11 217.668000 43.010000 93.000000  1 0.2500 180.640000 28.92930 37.52109 61.05202 31.230 -129.670 54.740 4.376e+11 1.051e+11 3.666e+10 0.02914 222279 222279 681759 3800 37 222227 222303 43.0101 714970000000 714970000000 648240000000 400390000000 47665000000 19.2351 0 0.02466 0.41097 0.36181 47.735 -4.66728 15.949 0.49859 0.29949 32.4108 3.13219 15.9463 0.1777 638300000000 591000000000
 0.4800   224479 0.4900   233651      1       -1       -1       -1  0 6.80000e+11 6.76800e+11 214.210000 43.798000 89.950000  1 0.2500 178.170000 28.91520 37.58338 61.05143 35.490 -125.370 51.500 4.381e+11 -8.798e+10 -1.186e+11 0.03387 222280 222280 681759 3819 36 222227 222303 43.7984 676840000000 676840000000 638710000000 390850000000 114400000000 17.9103 0.38 0.02792 0.3897 0.24559 43.9314 8.0225 -10.9184 0.3616 0.26145 34.044 9.33661 -6.19064 0.1644 602900000000 600600000000
 0.4700   215343 0.4800   224479      1       -1       -1       -1  0 6.38667e+11 6.48200e+11 211.613000 45.201000 85.850000  1 0.2500 176.280000 28.88924 37.65538 61.04905 36.910 -123.530 48.330 4.299e+11 -6.077e+10 -1.060e+11 0.03438 222281 222281 681759 3811 35 222227 222303 45.2006 648240000000 648240000000 629180000000 314590000000 95330000000 32.0269 0 0.02928 0.45881 0.27962 47.3089 -0.59545 -28.2939 0.29219 0.12649 40.4117 1.6345 -4.89059 0.1635 588100000000 610100000000
 0.4600   206216 0.4700   215343      1       -1       -1       -1  0 5.68767e+11 5.91000e+11 205.634000 48.571000 81.660000  1 0.2500 170.510000 28.84514 37.72369 61.01243 37.440 -120.380 44.640 4.345e+11 -8.304e+10 -1.701e+11 0.04293 222282 222282 681759 7922 34 222227 222303 48.5712 591050000000 591050000000 562450000000 276460000000 38132000000 31.1053 0 0.03656 0.90478 0.38601 -17.3163 11.7687 40.724 0.56854 0.18521 9.50955 9.38853 34.1957 0.157 522100000000 562400000000
 0.4500   197147 0.4600   206216      1       -1       -1       -1  0 5.30633e+11 4.67100e+11 190.514000 27.416000 78.810000  1 0.2500 171.380000 28.82533 37.80892 61.02290 40.450 -123.120 36.750 1.139e+11 -6.852e+10 -8.062e+10 0.02179 222283 222283 681759 7843 33 222227 222303 27.4159 467120000000 467120000000 371790000000 295520000000 142990000000 34.629 0 0.01793 0.444 0.30939 26.46 -11.3631 -19.3543 0.49777 0.31461 20.6788 -9.95556 -19.8027 0.1564 467800000000 276500000000
 0.4400   188079 0.4500   197147      1       -1       -1       -1  0 4.89367e+11 5.33800e+11 199.586000 42.587000 76.390000  1 0.2500 170.260000 28.86238 37.84057 60.93785 33.140 -116.260 43.440 3.655e+11 -2.223e+10 -2.444e+11 0.04572 222284 222284 681759 3739 32 222227 222303 42.5874 533850000000 533850000000 514780000000 142990000000 0 23.2913 0 0.04107 0.1851 0.08821 -64.2329 20.9555 66.738 0.14865 0.01785 -29.761 28.6346 49.9391 0.1596 483200000000 495700000000
 0.4300   179068 0.4400   188079      1       -1       -1       -1  0 4.89367e+11 4.57600e+11 189.958000 74.149000 70.180000  1 0.2500 155.630000 28.79194 37.93475 60.98333 35.970 -118.620 36.580 1.795e+11 -2.698e+10 -1.388e+11 0.03210 222285 222285 681759 7816 31 222227 222303 74.1492 457580000000 400390000000 381320000000 228790000000 95330000000 29.5029 2.68 0.02785 0.70777 0.52419 -9.78435 25.9679 -2.88446 0.5076 0.23865 10.4997 23.7205 -9.75326 0.1426 398800000000 619600000000
 0.4200   170070 0.4300   179068      1       -1       -1       -1  0 4.19467e+11 4.76700e+11 192.923000 77.379000 67.520000  1 0.2500 159.360000 28.82181 37.97387 60.86967 29.420 -109.860 43.560 2.982e+11 -3.258e+09 -3.305e+11 0.05261 222286 222286 681759 7728 30 222227 222303 77.3787 476650000000 457580000000 390850000000 9533000000 9533000000 28.6832 0.9 0.05123 0.69788 0.47053 -45.8151 35.1457 86.2652 0 0 0 0 0 0.1612 421700000000 695900000000
 0.4100   161190 0.4200   170070      1       -1       -1       -1  0 3.68633e+11 3.24100e+11 169.958000 59.972000 58.550000  1 0.2500 142.380000 28.77405 38.07567 60.95490 35.690 -108.320 33.760 1.578e+10 -5.972e+10 7.875e+09 0.01547 222287 222287 681759 7640 29 222227 222303 59.9718 324120000000 314590000000 257390000000 171590000000 0 18.9414 2.48 0.01378 0.60823 0.56768 37.1471 -13.7095 8.26706 0.32363 0.22505 35.0175 -24.0912 5.46384 0.1269 361500000000 505200000000
 0.4000   152402 0.4100   161190      1       -1       -1       -1  0 2.98700e+11 3.05100e+11 166.849000 62.230000 53.580000  1 0.2500 140.800000 28.76207 38.13793 60.92799 31.270 -104.900 32.000 4.894e+10 -2.100e+10 5.617e+10 0.02059 222288 222288 681759 3599 28 222227 222303 62.2303 305060000000 276460000000 247860000000 95330000000 0 23.52 1.2 0.01917 0.67161 0.16963 43.6418 -13.5221 11.2228 0.63336 0.1143 -14.5253 -18.9329 21.4714 0.1208 326500000000 476600000000
 0.3900   143702 0.4000   152402      1       -1       -1       -1  0 2.89167e+11 2.66900e+11 159.855000 47.013000 52.330000  1 0.2500 138.200000 28.71506 38.21061 60.92605 23.380 -88.680 30.670 5.309e+10 -3.191e+09 7.366e+10 0.03049 222289 222289 681759 3551 27 222227 222303 47.0134 266920000000 266920000000 257390000000 38132000000 0 16.0716 12.52 0.02845 0.07102 0.0453 59.7496 0.98984 -31.8457 0.13049 0.1073 40.5539 -0.90944 -25.157 0.1253 297400000000 324100000000
 0.3800   135211 0.3900   143702      1       -1       -1       -1  0 2.63733e+11 2.95500e+11 165.639000 61.335000 52.410000  1 0.2500 142.740000 28.68226 38.24821 60.88768 21.220 -88.950 25.950 4.822e+10 3.190e+10 6.145e+10 0.02405 222290 222290 681759 3505 26 222227 222303 61.3346 295520000000 285990000000 257390000000 0 0 14.1865 6.91 0.02257 0.21097 0.02738 68.6623 41.7022 -20.0397 0 0 0 0 0 0.1082 273500000000 429000000000
 0.3700   126703 0.3800   135211      1       -1       -1       -1  0 2.54233e+11 2.28800e+11 152.331000 27.609000 51.440000  1 0.2500 142.350000 28.68443 38.32726 60.87443 19.990 -82.510 28.990 3.163e+10 -9.236e+08 -3.672e+10 0.02304 222291 222291 681759 7176 25 222227 222303 27.6086 228790000000 228790000000 219260000000 142990000000 0 10.5168 0 0.02012 0.14105 0.04661 -35.2352 46.8029 -39.0559 0.16481 0 11.2663 31.582 34.2916 0.0995 252600000000 181100000000
 0.3600   118189 0.3700   126703      1       -1       -1       -1  0 2.54233e+11 2.28800e+11 152.557000 25.981000 50.590000  1 0.2500 145.610000 28.66766 38.40017 60.81956 20.750 -82.840 30.860 4.696e+10 -1.750e+10 -2.402e+10 0.02746 222292 222292 681759 3405 24 222227 222303 25.9812 228790000000 228790000000 209730000000 142990000000 0 19.667 4.07 0.02336 0.67833 0.46586 36.8519 -7.43469 20.6648 0.33997 0.06575 47.9752 8.39653 -6.14229 0.0921 247500000000 152500000000
 0.3500   109831 0.3600   118189      1       -1       -1       -1  0 2.54233e+11 2.09700e+11 148.407000 18.776000 48.590000  1 0.2500 151.170000 28.64055 38.46507 60.80311 24.370 -75.860 32.080 8.547e+09 1.517e+10 2.044e+09 0.01102 222293 222293 681759 3446 23 222227 222303 18.776 209730000000 209730000000 209730000000 171590000000 57198000000 9.40606 0 0.00863 0.74267 0.51401 9.03373 -10.7091 29.2347 0.08856 0.00252 20.6454 4.84404 18.5204 0.0719 211400000000 123900000000
 0.3400   101637 0.3500   109831      1       -1       -1       -1  0 2.54233e+11 2.28800e+11 152.982000 18.832000 50.900000  1 0.2500 158.640000 28.62036 38.51338 60.76702 22.870 -76.310 30.150 -1.032e+09 1.594e+10 2.314e+10 0.01530 222294 222294 681759 3371 22 222227 222303 18.8316 228790000000 228790000000 228790000000 200190000000 0 16.0307 0 0.01215 0.66939 0.26776 17.4371 28.5555 -11.8754 0.4159 0.05654 7.94153 35.4084 -18.468 0.0759 238100000000 133500000000
 0.3300    93687 0.3400   101637      1       -1       -1       -1  0 2.54233e+11 2.57400e+11 159.313000 24.385000 52.090000  1 0.2500 160.690000 28.61167 38.57850 60.72642 18.970 -73.280 25.700 -3.913e+09 1.720e+10 1.778e+10 0.01093 222295 222295 681759 3297 21 222227 222303 24.3851 257390000000 257390000000 238320000000 190660000000 0 26.5231 0 0.00902 0.76863 0.28435 39.952 1.90468 -22.2587 0.49763 0.13701 39.6785 1.27889 -25.3226 0.0785 244400000000 181100000000
 0.3200    85878 0.3300    93687      1       -1       -1       -1  0 2.54233e+11 2.57400e+11 159.508000 22.967000 49.770000  1 0.2500 164.860000 28.58359 38.65176 60.70818 17.820 -71.490 24.260 -2.696e+09 1.618e+10 1.768e+10 0.01080 222296 222296 681759 3216 20 222227 222303 22.9667 257390000000 257390000000 257390000000 190660000000 0 15.1406 0 0.00881 0.7365 0.62653 37.0638 7.48418 -20.3888 0.71999 0.55857 -7.83557 27.5195 -28.5045 0.0724 232900000000 181100000000
 0.3100    78313 0.3200    85878      1       -1       -1       -1  0 2.44700e+11 2.47900e+11 157.697000 24.252000 44.880000  1 0.2500 163.390000 28.55461 38.71774 60.70511 18.470 -70.700 23.290 2.770e+09 1.467e+10 6.467e+08 0.00689 222297 222297 681759 3082 19 222227 222303 24.2524 247860000000 247860000000 247860000000 123930000000 9533000000 15.6895 0 0.0059 0.92834 0.5143 29.5979 10.7355 -19.8391 0.33357 0.05824 23.1406 7.22551 -2.83786 0.0681 247200000000 162100000000
 0.3000    70949 0.3100    78313      1       -1       -1       -1  0 2.25633e+11 2.28800e+11 153.714000 29.984000 43.620000  1 0.2500 155.690000 28.52001 38.82767 60.69529 24.350 -71.260 21.810 1.605e+09 9.034e+09 -2.170e+10 0.01213 222298 222298 681759 5996 18 222227 222303 29.9841 228790000000 228790000000 228790000000 57198000000 28599000000 28.6408 2.96 0.01081 0.6158 0.27145 -12.145 1.77021 15.1964 0.32877 0.01985 -9.63866 -4.80389 19.5841 0.0709 211500000000 152500000000
 0.2900    63837 0.3000    70949      1       -1       -1       -1  0 2.06567e+11 2.00200e+11 147.174000 22.759000 42.440000  1 0.2500 157.000000 28.51454 38.88325 60.64635 24.900 -74.470 16.190 1.412e+09 -9.356e+09 -2.583e+10 0.01881 222299 222299 681759 5753 17 222227 222303 22.7585 200190000000 181130000000 181130000000 133460000000 0 15.0091 1.83 0.01603 0.86054 0.33071 33.7214 -13.6603 0.75311 0.4938 0.08007 -5.52576 24.0936 26.9691 0.061 188900000000 133500000000
 0.2800    56993 0.2900    63837      1       -1       -1       -1  0 1.71600e+11 1.90700e+11 144.941000 39.176000 42.480000  1 0.2500 145.810000 28.45055 38.99076 60.67880 24.820 -70.380 15.840 -2.995e+09 -1.122e+10 -1.528e+10 0.01286 222300 222300 681759 2659 16 222227 222303 39.1764 190660000000 181130000000 181130000000 19066000000 0 47.8087 0.7 0.01234 0.0958 0.07102 -5.08446 34.7279 18.1706 0 0 0 0 0 0.0805 160200000000 190700000000
 0.2700    50485 0.2800    56993      1       -1       -1       -1  0 1.52533e+11 1.23900e+11 125.668000 45.988000 41.020000  1 0.2500 125.960000 28.40969 39.07584 60.67102 16.950 -75.280 10.050 4.976e+09 -7.767e+09 -5.397e+07 0.01168 222301 222301 681759 2489 15 222227 222303 45.9877 123930000000 85797000000 85797000000 0 0 36.1006 5.9 0.01238 0.44601 0.23812 -41.6503 12.39 47.0462 0 0 0 0 0 0.1158 143300000000 190700000000
 0.2600    44297 0.2700    50485      1       -1       -1       -1  0 1.52500e+11 1.43000e+11 131.920000 52.844000 36.700000  1 0.2500 134.160000 28.39222 39.16071 60.64285 13.260 -67.610 10.230 1.983e+10 3.070e+08 2.418e+09 0.02033 222302 222302 681759 1732 14 222227 222303 52.8445 142990000000 133460000000 123930000000 28599000000 0 57.7364 1.09 0.02151 0.60392 0.43252 -25.505 -6.061 40.2264 0.09232 0 34.7562 31.0493 7.33916 0.0902 129100000000 200200000000
 0.2500    38471 0.2600    44297      0       -1       -1       -1  0 1.52500e+11 1.52500e+11 134.896000 35.552000 32.960000  1 0.2500 143.410000 28.39649 39.23813 60.58182 16.350 -65.040 13.500 2.310e+10 -5.940e+09 -9.565e+09 0.02497 222303 222303 681759 4356 13 222227 222303 35.5519 152530000000 152530000000 152530000000 0 0 21.9194 0 0.02533 0.12111 0 70.1715 -7.69463 -36.0388 0 0 0 0 0 0.0689 130700000000 152500000000
