 1.0000   679592 0.0000       -1      1       -1       -1       -1  0 3.74967e+11 3.05100e+11 137.719000 3.912000 128.070000  1 0.2200 166.480000 54.87831 33.57623 58.59361 42.940 409.550 -252.310 8.268e+07 -1.452e+11 2.710e+10 0.03462 388088 388088 679592 5107 88 388087 388166 3.91154 305060000000 495720000000 266920000000 238320000000 219260000000 4.68382 0 0.02547 0.62436 0.50692 0.0928 8.21314 10.0383 0.7722 0.58563 1.10016 5.88492 8.72456 0.4732 737700000000 162100000000
 0.9900   671455 1.0000   679592      1       -1       -1       -1  0 3.74967e+11 2.95500e+11 136.844000 4.507000 124.310000  1 0.2200 157.680000 54.88363 33.53264 58.60999 66.190 404.290 -257.370 7.860e+10 -1.497e+11 3.984e+10 0.04130 388089 388089 679592 5005 87 388087 388166 4.50665 305060000000 457580000000 266920000000 238320000000 171590000000 11.214 0 0.03167 0.6824 0.5916 -6.62566 3.28507 11.1878 0.7299 0.48971 -6.84039 2.58894 9.97081 0.4838 625500000000 152500000000
 0.9800   663037 0.9900   671455      1       -1       -1       -1  0 3.74967e+11 3.05100e+11 138.879000 5.475000 112.370000  1 0.2200 151.290000 54.86707 33.49517 58.65150 96.110 400.320 -263.040 8.470e+10 8.135e+09 5.400e+09 0.01918 388090 388090 679592 5029 86 388087 388166 5.47524 314590000000 438520000000 266920000000 238320000000 200190000000 7.27676 7.97 0.01479 0.61977 0.56298 -9.27023 3.37569 14.9274 0.51522 0.35604 -12.7469 1.92295 13.3748 0.4312 624100000000 123900000000
 0.9700   654669 0.9800   663037      1       -1       -1       -1  0 3.74967e+11 3.24100e+11 142.305000 8.133000 102.720000  1 0.2200 139.210000 54.85863 33.45374 58.68177 125.170 396.670 -263.890 1.819e+10 4.147e+10 -2.859e+10 0.01063 388091 388091 679592 4081 85 388087 388166 8.1333 352720000000 448050000000 285990000000 247860000000 142990000000 8.14797 8.58 0.00842 0.64048 0.56173 -8.69669 4.34263 13.1667 0.58249 0.40701 10.5968 -3.07045 -10.0664 0.3889 520300000000 133500000000
 0.9600   646337 0.9700   654669      1       -1       -1       -1  0 3.74967e+11 3.24100e+11 142.895000 10.018000 98.660000  1 0.2200 132.290000 54.84055 33.41461 58.71215 151.950 391.760 -269.570 1.842e+10 4.703e+10 -3.440e+10 0.01209 388092 388092 679592 5087 84 388087 388166 10.0182 381320000000 467120000000 305060000000 257390000000 133460000000 5.3316 8.97 0.00964 0.70512 0.51682 -4.19705 8.5988 13.7708 0.7779 0.46214 -6.20587 6.14194 11.9227 0.3711 501900000000 143000000000
 0.9500   638004 0.9600   646337      1       -1       -1       -1  0 3.74967e+11 3.24100e+11 143.484000 9.575000 98.760000  1 0.2200 134.410000 54.82763 33.36461 58.73700 173.750 392.170 -274.990 1.131e+10 4.132e+10 -2.277e+10 0.00962 388093 388093 679592 5046 83 388087 388166 9.57547 428980000000 533850000000 343190000000 276460000000 114400000000 9.78878 2.06 0.00768 0.84733 0.59542 -9.72843 1.65937 11.5856 0.79902 0.35522 11.106 -0.51513 8.94134 0.3679 506100000000 123900000000
 0.9400   629690 0.9500   638004      1       -1       -1       -1  0 3.74967e+11 3.43200e+11 146.843000 10.522000 102.860000  1 0.2200 134.950000 54.80863 33.32345 58.76872 203.100 386.690 -281.620 -4.190e+08 -7.014e+10 1.435e+10 0.01246 388094 388094 679592 5042 82 388087 388166 10.5217 495720000000 524310000000 400390000000 305060000000 104860000000 4.73146 4.9 0.01033 0.58941 0.4375 19.1759 0.62866 -11.2697 0.75146 0.39418 16.8999 -1.24066 -5.64247 0.3924 483800000000 143000000000
 0.9300   621363 0.9400   629690      1       -1       -1       -1  0 3.74967e+11 3.43200e+11 147.441000 9.963000 105.740000  1 0.2200 137.450000 54.78379 33.27802 58.80241 233.450 379.580 -287.970 5.743e+09 -5.921e+10 2.709e+10 0.01144 388095 388095 679592 5059 81 388087 388166 9.96327 486180000000 591050000000 381320000000 276460000000 133460000000 6.21537 5.12 0.00947 0.52961 0.48071 22.8375 0.38666 -12.8486 0.60959 0.50425 19.5222 0.14018 -9.3305 0.4034 501000000000 133500000000
 0.9200   613013 0.9300   621363      1       -1       -1       -1  0 3.74967e+11 3.62300e+11 150.730000 9.637000 110.280000  1 0.2200 142.470000 54.75676 33.23340 58.83813 269.940 367.420 -294.820 -7.344e+08 4.896e+10 5.233e+10 0.01129 388096 388096 679592 5085 80 388087 388166 9.63692 514780000000 610110000000 371790000000 295520000000 171590000000 11.3331 0 0.00952 0.50578 0.3406 19.7183 1.75673 -12.4756 0.47284 0.29429 17.3191 -0.39063 -11.764 0.4208 493600000000 152500000000
 0.9100   604645 0.9200   613013      1       -1       -1       -1  0 3.74967e+11 3.81300e+11 153.946000 10.870000 116.720000  1 0.2200 141.730000 54.72100 33.19610 58.87470 302.740 359.260 -300.090 1.533e+11 -6.483e+10 6.676e+09 0.02379 388097 388097 679592 5100 79 388087 388166 10.8695 505250000000 552910000000 409920000000 324120000000 152530000000 16.084 4.52 0.02037 0.67095 0.4746 13.6488 -1.87932 -11.5234 0.48969 0.34092 10.8604 -5.33204 -10.5346 0.4458 503300000000 181100000000
 0.9000   596269 0.9100   604645      1   596282   596282       -1  0 3.81300e+11 3.81300e+11 154.561000 8.708000 122.600000  1 0.2200 151.000000 54.67574 33.14894 58.92255 335.470 341.090 -304.810 1.630e+11 -4.185e+10 -3.426e+08 0.02533 388098 388098 679592 5101 78 388087 388166 8.70848 495720000000 571980000000 390850000000 333650000000 171590000000 12.7923 4.25 0.02066 0.75826 0.48016 -4.97179 2.174 13.1777 0.94216 0.35103 -6.53342 2.34547 10.4707 0.4461 536000000000 143000000000
 0.8900   587857 0.9000   596269      1   587870   587870   596282  0 3.87667e+11 3.81300e+11 155.175000 8.103000 129.340000  1 0.2200 154.770000 54.63255 33.10085 58.96571 372.770 325.340 -309.270 1.659e+11 -2.750e+10 -3.682e+09 0.02559 388099 388099 679592 5118 77 388087 388166 8.1028 448050000000 610110000000 409920000000 333650000000 181130000000 14.1941 4.29 0.02073 0.61416 0.48526 -1.36177 2.5544 13.956 0.58213 0.28951 -3.35814 1.25838 12.1746 0.4695 576400000000 152500000000
 0.8800   579465 0.8900   587857      1   579478   579478   587870  0 3.97200e+11 4.00400e+11 158.341000 7.423000 135.500000  1 0.2200 162.800000 54.57932 33.05654 59.00964 421.780 305.780 -314.710 2.246e+11 1.522e+11 9.280e+10 0.03854 388100 388100 679592 5114 76 388087 388166 7.42288 610110000000 676840000000 476650000000 390850000000 200190000000 13.1866 3.57 0.03269 0.65741 0.53219 -0.79377 3.64006 18.4932 0.43739 0.39166 -3.24188 1.75856 18.8246 0.5071 616500000000 171600000000
 0.8700   570989 0.8800   579465      1   571002   571002   579478  0 4.06733e+11 4.09900e+11 160.212000 8.257000 136.970000  1 0.2200 160.320000 54.51107 33.01078 59.05203 465.230 284.170 -317.770 2.192e+11 1.696e+11 1.580e+11 0.04170 388101 388101 679592 4205 75 388087 388166 8.25663 800770000000 800770000000 591050000000 381320000000 228790000000 8.93574 0 0.03511 0.70431 0.52456 5.54857 0.70967 18.679 0.66133 0.42062 3.83782 1.20257 18.1157 0.5039 640900000000 162100000000
 0.8600   562525 0.8700   570989      1   562537   562537   571002  0 4.16267e+11 4.09900e+11 160.835000 7.510000 138.530000  1 0.2200 165.520000 54.44037 32.96893 59.09569 511.140 257.270 -316.530 2.082e+11 1.491e+11 1.467e+11 0.03973 388102 388102 679592 5222 74 388087 388166 7.50988 743570000000 762640000000 571980000000 476650000000 247860000000 6.58038 0 0.0326 0.61484 0.47414 16.2904 -2.51117 10.2859 0.4566 0.17209 17.385 0.1643 7.22857 0.4966 685400000000 133500000000
 0.8500   554087 0.8600   562525      1   554099   554099   562537  0 4.25800e+11 4.29000e+11 163.920000 7.919000 139.620000  1 0.2200 167.070000 54.36594 32.93078 59.14301 560.520 216.610 -307.530 3.093e+11 2.624e+11 3.260e+11 0.06440 388103 388103 679592 5162 73 388087 388166 7.91936 791240000000 819840000000 571980000000 486180000000 295520000000 4.85589 6.93 0.0535 0.79749 0.50372 12.459 -4.49243 11.3142 0.82171 0.43089 10.3535 -4.23953 12.1517 0.4992 695300000000 152500000000
 0.8400   545580 0.8500   554087      1   545592   545592   554099  0 4.32167e+11 4.38500e+11 165.757000 9.438000 138.740000  1 0.2200 161.390000 54.27405 32.89485 59.18790 601.690 172.280 -300.490 1.021e+11 2.412e+11 3.568e+11 0.05375 388104 388104 679592 5253 72 388087 388166 9.43792 886570000000 886570000000 695910000000 457580000000 228790000000 3.42391 0 0.04404 0.73042 0.5686 -0.82687 -1.47603 14.1132 0.62794 0.37326 -0.64547 0.86931 14.7693 0.4845 646700000000 181100000000
 0.8300   537061 0.8400   545580      1   537073   537073   545592  0 4.32167e+11 4.29000e+11 165.172000 8.459000 134.500000  1 0.2200 165.670000 54.17668 32.86854 59.23112 641.330 109.110 -283.550 5.396e+10 2.365e+11 2.666e+11 0.04483 388105 388105 679592 5242 71 388087 388166 8.45856 1096300000000 1096300000000 915170000000 505250000000 228790000000 4.81527 1.56 0.03735 0.47441 0.42356 -9.61629 -2.07465 20.7505 0.44791 0.29088 -7.64337 -0.48919 19.6662 0.481 613800000000 143000000000
 0.8200   528460 0.8300   537061      1   528473   528473   537073  0 4.29000e+11 4.29000e+11 165.793000 9.835000 125.140000  1 0.2200 159.750000 54.07737 32.85175 59.26715 673.780 34.510 -256.510 1.368e+11 2.586e+11 2.372e+11 0.04649 388106 388106 679592 4227 70 388087 388166 9.83502 1391800000000 1391800000000 1391800000000 448050000000 200190000000 12.7145 5.05 0.0392 0.53383 0.3253 -12.8618 -5.16282 19.1973 0.46436 0.3119 -10.3711 -2.40123 17.653 0.4507 565000000000 162100000000
 0.8100   519812 0.8200   528460      1   519825   519825   528473  0 4.29000e+11 4.29000e+11 166.412000 11.001000 112.490000  1 0.2200 155.880000 53.97219 32.85783 59.31665 681.140 -60.580 -233.710 2.675e+11 1.114e+11 2.514e+11 0.04835 388107 388107 679592 5276 69 388087 388166 11.0012 2087700000000 2087700000000 2087700000000 848440000000 190660000000 13.363 4.71 0.04009 0.70884 0.55575 15.3689 4.76498 -13.5911 0.85324 0.56417 -11.2484 -3.73484 11.745 0.3892 582100000000 181100000000
 0.8000   511127 0.8100   519812      1   511140   511140   519825  0 4.32167e+11 4.29000e+11 167.028000 11.783000 103.360000  1 0.2200 153.960000 53.86184 32.87083 59.34336 650.650 -141.470 -197.960 1.981e+11 1.677e+11 6.415e+10 0.03365 388108 388108 679592 4288 68 388087 388166 11.7832 1677800000000 1677800000000 1677800000000 448050000000 219260000000 19.7292 9.54 0.02807 0.73863 0.56119 -13.0133 -2.61012 21.2227 0.62742 0.2973 -3.27492 -0.24033 22.0647 0.3515 543900000000 190700000000
 0.7900   502479 0.8000   511127      1   502491   502491   511140  0 4.28967e+11 4.38500e+11 168.873000 13.357000 101.650000  1 0.2200 151.380000 53.74949 32.89824 59.38355 598.110 -207.490 -164.280 1.074e+11 1.702e+11 4.608e+09 0.02531 388109 388109 679592 5304 67 388087 388166 13.3568 1172600000000 1172600000000 1029600000000 438520000000 171590000000 24.2876 3.45 0.02046 0.77 0.50031 1.25511 -3.83703 21.446 0.56002 0.28831 2.36525 -2.14005 22.5447 0.3212 540900000000 219300000000
 0.7800   493841 0.7900   502479      1   493853   493853   502491  0 4.25767e+11 4.19400e+11 166.994000 11.503000 100.560000  1 0.2200 155.140000 53.65304 32.94192 59.42514 536.930 -242.680 -136.640 -2.078e+10 2.187e+11 6.072e+10 0.03266 388110 388110 679592 4269 66 388087 388166 11.503 1220200000000 1220200000000 1010500000000 409920000000 200190000000 23.8188 2.14 0.02506 0.80867 0.57168 1.14426 -4.79118 17.5991 0.64096 0.44584 3.54148 -3.23572 18.579 0.2971 535100000000 190700000000
 0.7700   485154 0.7800   493841      1   485167   485167   493853  0 4.25767e+11 4.19400e+11 167.595000 7.649000 106.590000  1 0.2200 174.490000 53.55742 32.98458 59.44408 478.450 -258.950 -106.710 -4.736e+10 1.722e+11 2.065e+10 0.02772 388111 388111 679592 5313 65 388087 388166 7.64925 1058200000000 1058200000000 886570000000 419450000000 219260000000 26.1842 0 0.01986 0.82609 0.58267 1.18415 -6.64504 11.9004 0.70492 0.45835 -2.82756 -4.74728 12.2367 0.2898 598400000000 162100000000
 0.7600   476452 0.7700   485154      1   476466   476466   485167  0 4.25767e+11 4.38500e+11 170.703000 7.027000 106.380000  1 0.2200 183.410000 53.47184 33.03237 59.46089 421.320 -254.890 -81.670 -1.053e+11 2.463e+11 -6.755e+10 0.03765 388112 388112 679592 5331 64 388087 388166 7.02697 724510000000 753110000000 448050000000 285990000000 219260000000 29.1618 0 0.02848 0.7273 0.42736 0.77052 -5.54648 14.2396 0.60468 0.36419 -0.54659 -5.42959 13.5292 0.3041 699900000000 190700000000
 0.7500   467715 0.7600   476452      1   467728   467728   476466  0 4.32133e+11 4.19400e+11 168.786000 10.959000 101.540000  1 0.2200 159.810000 53.40219 33.09991 59.47622 377.360 -249.020 -67.020 -7.966e+10 1.716e+11 1.595e+10 0.02801 388113 388113 679592 5353 63 388087 388166 10.9588 552910000000 591050000000 457580000000 333650000000 209730000000 22.2372 1.41 0.02118 0.85061 0.77067 7.05312 1.62677 18.3823 0.83104 0.77753 5.32752 3.59705 16.7144 0.2888 579500000000 171600000000
 0.7400   458907 0.7500   467715      1   458920   458920   467728  0 4.32133e+11 4.38500e+11 171.904000 13.628000 96.500000  1 0.2200 154.940000 53.32889 33.14684 59.49269 339.460 -239.750 -51.500 -1.626e+11 2.161e+11 5.368e+10 0.03765 388114 388114 679592 5365 62 388087 388166 13.6281 600580000000 638710000000 514780000000 352720000000 219260000000 26.077 0 0.0287 0.8074 0.66405 12.1488 -4.54486 13.5265 0.82535 0.78423 9.48646 -4.18808 12.4247 0.2623 559200000000 209700000000
 0.7300   450082 0.7400   458907      1       -1       -1   458920  0 4.60767e+11 4.38500e+11 172.498000 11.968000 99.600000  1 0.2200 161.030000 53.25611 33.19617 59.50338 306.020 -227.470 -40.910 -1.681e+11 1.936e+11 6.226e+10 0.03656 388115 388115 679592 4340 61 388087 388166 11.9677 533850000000 610110000000 486180000000 343190000000 181130000000 21.511 0 0.0276 0.78615 0.58476 18.5723 -2.80528 12.5425 0.80031 0.64037 14.2783 -4.85738 12.0365 0.2687 591200000000 181100000000
 0.7200   441233 0.7300   450082      1       -1       -1       -1  0 4.60767e+11 4.48100e+11 174.333000 12.763000 100.540000  1 0.2200 160.820000 53.19691 33.25497 59.49430 276.470 -215.720 -34.040 -1.884e+11 2.210e+11 7.856e+10 0.04047 388116 388116 679592 5438 60 388087 388166 12.7629 514780000000 543380000000 476650000000 324120000000 181130000000 23.1402 0 0.03053 0.80753 0.50403 2.49733 -5.33957 15.3872 0.70287 0.55816 3.57501 -6.57869 12.2222 0.2674 532400000000 190700000000
 0.7100   432313 0.7200   441233      1       -1       -1       -1  0 4.60767e+11 4.48100e+11 174.922000 10.764000 101.700000  1 0.2200 169.140000 53.13570 33.29974 59.51256 250.590 -204.790 -27.990 -1.920e+11 2.116e+11 8.303e+10 0.04099 388117 388117 679592 4371 59 388087 388166 10.764 486180000000 495720000000 457580000000 352720000000 238320000000 20.5125 0 0.03035 0.83955 0.70574 5.69467 -7.21003 15.9859 0.68263 0.64394 -0.42466 -11.1291 12.2308 0.2632 577000000000 181100000000
 0.7000   423332 0.7100   432313      1       -1       -1       -1  0 4.60767e+11 4.48100e+11 175.507000 8.644000 103.070000  1 0.2200 180.830000 53.07898 33.34225 59.51942 227.230 -194.050 -22.110 -1.949e+11 1.944e+11 8.551e+10 0.04074 388118 388118 679592 5459 58 388087 388166 8.64416 486180000000 495720000000 467120000000 362250000000 228790000000 18.6171 0 0.02956 0.7273 0.67549 4.94952 -5.60256 19.5901 0.67058 0.66992 2.67266 -8.58287 15.3668 0.2591 600800000000 181100000000
 0.6900   414330 0.7000   423332      1       -1       -1       -1  0 4.60767e+11 4.48100e+11 176.086000 9.300000 104.190000  1 0.2200 178.300000 53.02365 33.38965 59.52899 208.950 -182.860 -18.830 -2.003e+11 1.947e+11 8.450e+10 0.04155 388119 388119 679592 5931 57 388087 388166 9.29979 476650000000 486180000000 438520000000 314590000000 209730000000 18.3657 1.71 0.03009 0.70091 0.63031 8.2426 -9.66217 11.9807 0.64106 0.39112 -4.46398 10.5933 -8.89405 0.2617 568800000000 171600000000
 0.6800   405315 0.6900   414330      1       -1       -1       -1  0 4.60767e+11 4.57600e+11 177.904000 11.849000 99.040000  1 0.2200 169.610000 52.96515 33.43354 59.52021 192.490 -172.420 -14.990 -1.595e+11 1.342e+11 1.025e+11 0.03142 388120 388120 679592 5461 56 388087 388166 11.8487 467120000000 467120000000 448050000000 333650000000 200190000000 4.76274 0 0.02326 0.61613 0.43687 -11.4108 17.2317 -10.2835 0.57392 0.38256 -9.11382 15.433 -11.8546 0.2468 553900000000 190700000000
 0.6700   396328 0.6800   405315      1       -1       -1       -1  0 4.60767e+11 4.57600e+11 178.477000 14.515000 91.470000  1 0.2200 162.230000 52.91153 33.47504 59.51919 179.990 -161.840 -11.170 -2.394e+11 8.899e+10 1.276e+11 0.03745 388121 388121 679592 5961 55 388087 388166 14.5154 457580000000 467120000000 438520000000 333650000000 142990000000 8.92063 0 0.02876 0.819 0.67421 -7.84009 19.4715 -9.50369 0.77699 0.58557 -5.3648 18.0798 -8.62598 0.2289 570300000000 219300000000
 0.6600   387392 0.6700   396328      1       -1       -1       -1  0 4.60767e+11 4.57600e+11 179.044000 15.422000 87.710000  1 0.2200 160.960000 52.87282 33.51446 59.51368 167.340 -151.960 -10.720 -2.371e+11 8.840e+10 1.242e+11 0.03667 388122 388122 679592 5486 54 388087 388166 15.4219 457580000000 467120000000 448050000000 352720000000 95330000000 6.30033 1.15 0.02856 0.77083 0.71248 5.90526 -16.6727 22.1038 0.65981 0.41302 -1.58769 -12.2391 23.6772 0.2174 542700000000 200200000000
 0.6500   378350 0.6600   387392      1       -1       -1       -1  0 4.60767e+11 4.48100e+11 178.349000 17.180000 87.010000  1 0.2200 156.690000 52.82557 33.55145 59.51853 154.320 -144.120 -11.040 -1.816e+11 2.087e+10 1.189e+11 0.02987 388123 388123 679592 4929 53 388087 388166 17.1797 448050000000 467120000000 448050000000 352720000000 133460000000 8.36543 0 0.02302 0.66841 0.49433 -2.97159 -18.5221 23.4304 0.24432 0.06472 -10.8265 -17.1314 25.5887 0.2106 511000000000 238300000000
 0.6400   369274 0.6500   378350      1       -1       -1       -1  0 4.60767e+11 4.57600e+11 180.160000 16.376000 89.400000  1 0.2200 160.900000 52.78593 33.57843 59.52554 144.830 -134.640 -9.140 -2.312e+11 8.840e+10 1.210e+11 0.03699 388124 388124 679592 4922 52 388087 388166 16.3756 457580000000 467120000000 438520000000 352720000000 171590000000 11.7248 0 0.02826 0.57505 0.44927 -2.32935 -12.9484 17.0498 0.53928 0.31152 -1.77413 -10.8487 14.4033 0.2132 512900000000 238300000000
 0.6300   360160 0.6400   369274      1       -1       -1       -1  0 4.60767e+11 4.48100e+11 179.445000 10.993000 98.430000  1 0.2200 177.490000 52.74844 33.62497 59.52163 136.640 -125.400 -9.530 -1.031e+11 1.091e+11 1.167e+11 0.02810 388125 388125 679592 6024 51 388087 388166 10.9933 448050000000 457580000000 409920000000 324120000000 247860000000 8.51757 3.52 0.02033 0.76776 0.55067 3.68399 -16.0541 17.1321 0.76511 0.50468 -8.19191 17.281 -9.988 0.2252 589700000000 200200000000
 0.6200   351056 0.6300   360160      1       -1       -1       -1  0 4.60767e+11 4.38500e+11 178.697000 9.751000 105.770000  1 0.2200 183.050000 52.70863 33.66600 59.52106 130.930 -115.310 -7.340 -6.540e+10 1.135e+11 9.466e+10 0.02599 388126 388126 679592 6047 50 388087 388166 9.75096 438520000000 438520000000 419450000000 352720000000 238320000000 8.72433 3.22 0.01803 0.94873 0.87876 13.4201 2.37924 -6.98625 0.93347 0.72167 14.476 0.41084 -3.30462 0.2372 613200000000 162100000000
 0.6100   341923 0.6200   351056      1       -1       -1       -1  0 4.60767e+11 4.09900e+11 175.241000 9.668000 101.180000  1 0.2200 179.630000 52.67143 33.69411 59.52251 122.150 -108.830 -9.430 -4.935e+10 4.553e+10 7.706e+10 0.01848 388127 388127 679592 5883 49 388087 388166 9.66802 409920000000 428980000000 409920000000 371790000000 238320000000 6.90649 4.12 0.01284 0.86542 0.72623 3.7103 15.0249 -14.5464 0.7645 0.67122 7.27189 14.2398 -12.7601 0.2277 577300000000 152500000000
 0.6000   332772 0.6100   341923      1       -1       -1       -1  0 4.60767e+11 4.19400e+11 177.102000 11.741000 94.010000  1 0.2200 173.480000 52.62925 33.71875 59.53063 118.130 -101.440 -6.300 -7.683e+10 7.562e+10 8.150e+10 0.02303 388128 388128 679592 6105 48 388087 388166 11.741 419450000000 419450000000 409920000000 362250000000 238320000000 9.20878 0 0.01645 0.81919 0.70972 -10.2051 26.1747 -3.49426 0.76429 0.58563 -3.30028 27.4475 0.27902 0.2095 580000000000 171600000000
 0.5900   323601 0.6000   332772      1       -1       -1       -1  0 4.60767e+11 4.19400e+11 177.607000 12.801000 90.020000  1 0.2200 170.970000 52.58599 33.73890 59.53396 109.670 -94.810 -6.970 -1.080e+10 5.864e+10 1.177e+11 0.02169 388129 388129 679592 5942 47 388087 388166 12.8011 419450000000 419450000000 409920000000 362250000000 209730000000 16.5957 0 0.01617 0.86712 0.71492 -6.65458 26.7928 -1.57679 0.72844 0.57633 -2.56838 28.2998 -4.66039 0.2081 521800000000 171600000000
 0.5800   314358 0.5900   323601      1       -1       -1       -1  0 4.60767e+11 4.09900e+11 176.746000 13.844000 88.640000  1 0.2200 167.370000 52.54745 33.76051 59.53807 103.690 -88.170 -11.480 -6.452e+10 -4.158e+10 1.141e+11 0.02369 388130 388130 679592 5936 46 388087 388166 13.8444 409920000000 409920000000 381320000000 314590000000 190660000000 24.6867 0 0.01764 0.81964 0.61773 4.60337 26.2777 -3.16651 0.76833 0.47896 4.56335 25.8022 -4.95475 0.2028 460000000000 200200000000
 0.5700   305119 0.5800   314358      1       -1       -1       -1  0 4.60767e+11 4.00400e+11 175.848000 14.748000 88.630000  1 0.2200 164.520000 52.52561 33.82658 59.54008 99.210 -82.130 -15.560 -5.041e+10 -7.690e+10 1.008e+11 0.02418 388131 388131 679592 5911 45 388087 388166 14.7482 400390000000 400390000000 381320000000 324120000000 133460000000 12.664 0 0.01834 0.49391 0.36982 14.1992 27.937 -2.04738 0.23831 0.20351 14.6661 24.6633 -2.26834 0.2098 472500000000 190700000000
 0.5600   295863 0.5700   305119      1       -1       -1       -1  0 4.60767e+11 3.90800e+11 174.913000 15.351000 80.720000  1 0.2200 162.670000 52.48233 33.84106 59.55052 94.150 -74.550 -14.870 -1.003e+11 -1.201e+10 2.700e+10 0.01962 388132 388132 679592 6055 44 388087 388166 15.3512 400390000000 400390000000 390850000000 305060000000 152530000000 3.32416 3.34 0.01474 0.76691 0.56522 8.80694 26.5445 10.5644 0.75208 0.62106 5.57782 20.6452 14.8959 0.1766 443600000000 181100000000
 0.5500   286611 0.5600   295863      1       -1       -1       -1  0 4.60767e+11 3.81300e+11 173.940000 16.209000 73.620000  1 0.2200 160.330000 52.44939 33.86828 59.55865 87.160 -71.890 -12.790 -6.384e+10 1.824e+10 4.297e+10 0.01516 388133 388133 679592 5852 43 388087 388166 16.209 390850000000 390850000000 390850000000 295520000000 76264000000 3.65576 0 0.01171 0.64864 0.29468 11.1653 38.804 16.2059 0.78563 0.2454 3.53871 28.4434 21.5036 0.1597 433000000000 181100000000
 0.5400   277387 0.5500   286611      1       -1       -1       -1  0 4.60767e+11 3.71800e+11 172.926000 18.520000 65.380000  1 0.2200 155.350000 52.40346 33.89056 59.56784 84.920 -62.410 -17.400 -2.623e+10 -1.546e+10 9.999e+10 0.02086 388134 388134 679592 5830 42 388087 388166 18.5203 381320000000 381320000000 371790000000 305060000000 76264000000 10.9037 0 0.01627 0.6837 0.45204 16.7513 27.5857 5.55631 0.56145 0.17323 22.2835 26.3455 12.8583 0.1331 415500000000 200200000000
 0.5300   268137 0.5400   277387      1       -1       -1       -1  0 4.60767e+11 3.90800e+11 176.280000 20.377000 70.420000  1 0.2200 156.700000 52.37744 33.92514 59.57531 78.950 -61.800 -15.480 -9.277e+10 -1.516e+10 2.216e+10 0.01770 388135 388135 679592 5818 41 388087 388166 20.3766 390850000000 390850000000 362250000000 295520000000 133460000000 10.4252 0 0.01394 0.72074 0.25689 20.7562 12.9502 -7.93964 0.57483 0.0656 -9.56932 9.48543 10.4806 0.1477 402500000000 228800000000
 0.5200   258903 0.5300   268137      1       -1       -1       -1  0 4.60767e+11 3.81300e+11 175.270000 15.498000 73.330000  1 0.2200 166.280000 52.33942 33.95284 59.58692 76.370 -54.280 -13.670 4.289e+10 7.528e+10 1.119e+11 0.02835 388136 388136 679592 4632 40 388087 388166 15.4976 381320000000 400390000000 343190000000 276460000000 142990000000 11.5786 0 0.02147 0.71437 0.55597 24.6631 8.69477 -8.43734 0.63017 0.4515 19.1219 14.5828 -1.75061 0.1439 418600000000 171600000000
 0.5100   249613 0.5200   258903      1       -1       -1       -1  0 4.60767e+11 3.81300e+11 175.696000 10.756000 80.380000  1 0.2200 183.960000 52.32780 33.97303 59.58366 70.140 -49.530 -16.980 -2.405e+10 -6.077e+09 7.792e+10 0.01736 388137 388137 679592 4575 39 388087 388166 10.7556 381320000000 381320000000 333650000000 285990000000 209730000000 6.79062 4.39 0.01251 0.63589 0.6051 18.5739 -2.94376 -13.8552 0.70505 0.53321 15.3938 1.87322 -14.3494 0.1521 472500000000 162100000000
 0.5000   240432 0.5100   249613      1       -1       -1       -1  0 4.60767e+11 4.00400e+11 179.000000 11.399000 79.150000  1 0.2200 186.640000 52.28515 33.99302 59.59163 68.550 -43.370 -10.820 -5.578e+09 -3.848e+10 1.345e+11 0.02735 388138 388138 679592 4621 38 388087 388166 11.3994 400390000000 400390000000 333650000000 285990000000 219260000000 11.5075 1.19 0.01992 0.80675 0.45374 20.8395 -3.21219 -12.328 0.50548 0.34345 23.4251 8.27255 -8.07947 0.1443 467400000000 171600000000
 0.4900   231249 0.5000   240432      1       -1       -1       -1  0 4.60767e+11 3.62300e+11 173.528000 12.907000 76.560000  1 0.2200 174.990000 52.26529 34.02359 59.59093 62.680 -41.720 -12.410 -4.071e+10 -3.003e+10 6.558e+10 0.01966 388139 388139 679592 5719 37 388087 388166 12.9069 362250000000 362250000000 352720000000 314590000000 162060000000 14.4525 1.29 0.01405 0.89131 0.60756 22.1779 -13.7131 -18.0631 0.75566 0.53297 29.9787 1.60308 -7.04558 0.1363 464900000000 162100000000
 0.4800   222096 0.4900   231249      1       -1       -1       -1  0 4.60767e+11 4.09900e+11 181.235000 13.865000 75.220000  1 0.2200 182.750000 52.23033 34.05696 59.60472 62.660 -40.060 -13.050 3.147e+09 -2.613e+10 5.693e+10 0.01187 388140 388140 679592 5886 36 388087 388166 13.8652 409920000000 409920000000 362250000000 324120000000 114400000000 10.9034 0 0.00874 0.76809 0.62706 7.16386 26.1042 18.0147 0.80405 0.56483 10.0511 24.2892 17.4742 0.1265 507900000000 162100000000
 0.4700   212960 0.4800   222096      1       -1       -1       -1  0 4.60767e+11 4.19400e+11 183.030000 17.621000 78.120000  1 0.2200 176.020000 52.20485 34.07645 59.60368 60.290 -38.370 -15.490 1.845e+10 2.244e+10 6.824e+10 0.01362 388141 388141 679592 5880 35 388087 388166 17.6206 419450000000 409920000000 400390000000 324120000000 171590000000 13.1488 1.85 0.01004 0.76765 0.65006 7.04266 -15.8591 25.9652 0.87376 0.70556 1.44732 -16.8382 19.1534 0.133 456300000000 219300000000
 0.4600   203837 0.4700   212960      1       -1       -1       -1  0 4.60767e+11 4.48100e+11 187.498000 24.445000 79.370000  1 0.2200 170.470000 52.17027 34.10194 59.63017 59.070 -35.830 -14.560 1.769e+11 7.168e+10 1.020e+11 0.03438 388142 388142 679592 4678 34 388087 388166 24.4446 448050000000 448050000000 428980000000 343190000000 95330000000 19.109 2.61 0.02649 0.77418 0.58784 -19.2378 -13.8097 24.0844 0.68797 0.36583 23.1955 10.9114 -13.8963 0.1402 431500000000 286000000000
 0.4500   194786 0.4600   203837      1       -1       -1       -1  0 4.60767e+11 4.67100e+11 190.514000 22.434000 80.520000  1 0.2200 178.150000 52.14775 34.12003 59.63647 57.340 -32.780 -11.460 2.320e+11 4.691e+09 9.922e+10 0.03776 388143 388143 679592 4694 33 388087 388166 22.4344 467120000000 467120000000 448050000000 333650000000 162060000000 15.239 0 0.02911 0.7845 0.46588 31.4988 9.82688 -13.0596 0.45029 0.36986 34.5365 2.29865 -0.12798 0.1403 425800000000 257400000000
 0.4400   185724 0.4500   194786      1       -1       -1       -1  0 4.51200e+11 4.67100e+11 190.897000 21.620000 79.820000  1 0.2200 181.440000 52.11735 34.13014 59.65126 53.380 -37.500 -15.760 1.478e+11 9.246e+10 9.786e+10 0.03005 388144 388144 679592 5627 32 388087 388166 21.6197 467120000000 457580000000 438520000000 343190000000 57198000000 12.5734 3.8 0.0233 0.63015 0.44036 32.9314 -10.2765 -4.82804 0.31145 0.13388 32.9571 -9.17976 -4.2618 0.1388 468600000000 276500000000
 0.4300   176705 0.4400   185724      1       -1       -1       -1  0 4.38500e+11 4.19400e+11 184.528000 18.484000 75.160000  1 0.2200 181.650000 52.09001 34.13194 59.66635 48.800 -34.300 -18.790 6.470e+10 1.099e+11 7.929e+10 0.02795 388145 388145 679592 4569 31 388087 388166 18.4843 419450000000 419450000000 419450000000 333650000000 47665000000 22.6919 0 0.02116 0.56346 0.33314 32.3104 -23.3961 10.6358 0.1926 0.06579 36.5348 -24.0875 11.4581 0.1248 445800000000 200200000000
 0.4200   167732 0.4300   176705      1       -1       -1       -1  0 4.19433e+11 4.29000e+11 186.265000 18.190000 77.420000  1 0.2200 186.060000 52.05080 34.15734 59.67017 48.800 -29.790 -18.880 5.664e+10 1.210e+11 4.685e+10 0.02576 388146 388146 679592 4134 30 388087 388166 18.1895 428980000000 428980000000 409920000000 314590000000 95330000000 19.034 0 0.01942 0.70667 0.62019 -20.3662 20.4399 6.26747 0.8246 0.64084 -10.9839 20.8493 0.46946 0.1283 455600000000 228800000000
 0.4100   158854 0.4200   167732      1       -1       -1       -1  0 4.09900e+11 4.09900e+11 183.797000 20.342000 72.390000  1 0.2200 180.320000 52.01951 34.17786 59.68556 46.860 -24.670 -19.390 8.444e+10 7.748e+10 -1.890e+10 0.02259 388147 388147 679592 6562 29 388087 388166 20.3424 409920000000 409920000000 371790000000 314590000000 38132000000 6.85136 2.72 0.01738 0.88754 0.79713 19.1163 -14.7086 -2.78512 0.89507 0.6483 16.2844 6.60168 -12.8073 0.1199 422400000000 228800000000
 0.4000   150059 0.4100   158854      1       -1       -1       -1  0 3.84467e+11 3.90800e+11 181.219000 22.987000 71.430000  1 0.2200 174.600000 51.97406 34.18057 59.70916 39.000 -22.380 -25.870 3.510e+10 7.948e+09 -4.891e+10 0.01273 388148 388148 679592 7462 28 388087 388166 22.9869 390850000000 371790000000 352720000000 266920000000 114400000000 19.1434 0.82 0.00995 0.83373 0.51675 30.6971 -5.01095 3.91901 0.74295 0.47692 27.4666 -0.85349 2.98242 0.1221 344400000000 228800000000
 0.3900   141371 0.4000   150059      1       -1       -1       -1  0 3.59067e+11 3.52700e+11 175.418000 22.993000 66.300000  1 0.2200 169.650000 51.92002 34.20832 59.72636 41.650 -21.910 -23.750 -6.826e+09 3.305e+10 -2.003e+10 0.00947 388149 388149 679592 7317 27 388087 388166 22.9931 352720000000 333650000000 314590000000 219260000000 47665000000 26.1383 1.53 0.00772 0.63705 0.42408 44.0274 7.53713 5.57048 0.77476 0.24793 25.0472 -18.859 8.88549 0.1214 344900000000 200200000000
 0.3800   132895 0.3900   141371      1       -1       -1       -1  0 3.55933e+11 3.33700e+11 172.477000 24.531000 55.530000  1 0.2200 166.010000 51.91373 34.21545 59.74250 39.820 -17.060 -20.410 -3.411e+10 1.846e+10 5.489e+10 0.01826 388150 388150 679592 7327 26 388087 388166 24.5309 333650000000 333650000000 314590000000 228790000000 19066000000 15.2471 0 0.01469 0.77378 0.61289 37.8761 -11.7588 -5.11373 0.854 0.63931 32.473 -4.57289 -0.19187 0.0816 319600000000 228800000000
 0.3700   124393 0.3800   132895      1       -1       -1       -1  0 3.55933e+11 3.33700e+11 172.745000 24.178000 60.170000  1 0.2200 168.600000 51.87064 34.24057 59.75700 36.500 -14.500 -23.490 -3.380e+10 1.548e+10 2.803e+10 0.01289 388151 388151 679592 6222 25 388087 388166 24.1778 333650000000 333650000000 333650000000 228790000000 0 19.8879 0 0.0103 0.86143 0.34428 -11.1068 -23.0843 42.9817 0.91909 0.12823 24.0101 -31.0348 26.5974 0.09 318100000000 228800000000
 0.3600   115909 0.3700   124393      1       -1       -1       -1  0 3.55933e+11 3.62300e+11 177.810000 26.155000 64.180000  1 0.2200 173.970000 51.85298 34.26048 59.77202 35.150 -13.050 -18.970 -4.302e+10 -2.876e+10 5.641e+10 0.01912 388152 388152 679592 7080 24 388087 388166 26.1553 362250000000 343190000000 343190000000 276460000000 85797000000 13.0919 0.63 0.01496 0.54267 0.20965 -10.4471 -14.8074 28.9347 0.47115 0.14035 -11.2255 -13.3237 25.0663 0.0917 333700000000 257400000000
 0.3500   107578 0.3600   115909      1       -1       -1       -1  0 3.55933e+11 3.62300e+11 178.063000 20.527000 64.490000  1 0.2200 184.810000 51.83327 34.25813 59.76072 32.170 -13.090 -18.220 -4.850e+10 -2.587e+10 5.491e+10 0.01924 388153 388153 679592 6804 23 388087 388166 20.5269 362250000000 343190000000 343190000000 266920000000 19066000000 23.9404 2.65 0.01539 0.93158 0.52128 -6.21894 25.7345 16.6344 0.32155 0.09985 24.1354 25.6415 -6.73119 0.0982 347800000000 219300000000
 0.3400    99428 0.3500   107578      1       -1       -1       -1  0 3.36867e+11 3.43200e+11 175.120000 23.813000 61.020000  1 0.2200 178.120000 51.81216 34.28623 59.79094 28.910 -11.140 -20.060 -5.114e+10 -3.006e+10 4.478e+10 0.02104 388154 388154 679592 6731 22 388087 388166 23.813 343190000000 343190000000 343190000000 228790000000 85797000000 13.2491 2.8 0.01633 0.87904 0.61581 -7.35617 27.9011 -13.0838 0.85882 0.4126 -15.1265 22.4563 -5.38405 0.0862 322600000000 219300000000
 0.3300    91523 0.3400    99428      1       -1       -1       -1  0 3.36867e+11 3.05100e+11 168.595000 21.570000 54.630000  1 0.2200 175.770000 51.78560 34.30865 59.80638 26.860 -12.110 -13.180 -4.747e+09 -1.102e+10 2.490e+10 0.00964 388155 388155 679592 6548 21 388087 388166 21.57 305060000000 305060000000 305060000000 257390000000 0 4.31324 0 0.0075 0.91778 0.73226 30.2389 5.44333 -23.6876 0.62685 0.13517 37.0827 2.87595 -19.9938 0.0705 320900000000 200200000000
 0.3200    83751 0.3300    91523      1       -1       -1       -1  0 3.36867e+11 3.33700e+11 173.920000 24.080000 56.270000  1 0.2200 181.050000 51.76450 34.32006 59.81221 26.890 -9.370 -13.530 -2.839e+10 -1.838e+10 2.756e+10 0.01278 388156 388156 679592 6397 20 388087 388166 24.0802 333650000000 333650000000 333650000000 266920000000 0 7.31075 0 0.01035 0.19131 0.10602 -34.6807 -24.4968 68.8762 0.31214 0.1706 -26.4462 -20.4708 53.1405 0.0757 335900000000 171600000000
 0.3100    76225 0.3200    83751      1       -1       -1       -1  0 3.36867e+11 3.43200e+11 175.765000 30.969000 51.940000  1 0.2200 178.090000 51.73144 34.31490 59.82009 27.250 -6.000 -13.790 -2.179e+10 -2.509e+10 4.518e+10 0.01539 388157 388157 679592 6198 19 388087 388166 30.969 343190000000 333650000000 324120000000 238320000000 9533000000 14.066 0 0.01288 0.71183 0.20219 39.7074 -4.70864 -25.8681 0.21675 0.05007 -34.8043 6.42697 41.1128 0.0686 301100000000 266900000000
 0.3000    68932 0.3100    76225      1       -1       -1       -1  0 3.24133e+11 3.33700e+11 174.314000 42.808000 50.530000  1 0.2200 171.560000 51.71195 34.31902 59.83299 28.750 -4.910 -15.350 -1.599e+10 -4.446e+10 3.776e+10 0.01713 388158 388158 679592 5062 18 388087 388166 42.8082 333650000000 305060000000 305060000000 200190000000 9533000000 20.6318 1.22 0.0148 0.19181 0.05103 -30.3844 18.8453 55.1933 0.24502 0.17598 -24.2338 13.2992 42.3569 0.0693 273400000000 324100000000
 0.2900    61895 0.3000    68932      1       -1       -1       -1  0 2.98700e+11 2.95500e+11 167.576000 38.718000 49.060000  1 0.2200 168.640000 51.66750 34.34158 59.88279 25.760 -5.720 -16.820 -2.785e+10 -2.385e+10 4.692e+10 0.02158 388159 388159 679592 4805 17 388087 388166 38.7177 295520000000 295520000000 285990000000 190660000000 28599000000 14.9711 0 0.01813 0.18206 0.03379 48.0339 -18.3202 -28.2874 0.34002 0.23432 32.3567 -9.31784 -24.6198 0.0634 250600000000 276500000000
 0.2800    55138 0.2900    61895      1       -1       -1       -1  0 2.57367e+11 2.66900e+11 162.144000 26.258000 45.690000  1 0.2200 174.410000 51.64671 34.33006 59.88732 22.880 -6.160 -14.150 4.912e+09 -6.824e+09 1.485e+10 0.00751 388160 388160 679592 5295 16 388087 388166 26.2584 266920000000 266920000000 266920000000 190660000000 9533000000 14.0207 0 0.00626 0.53998 0.29414 44.9966 -21.4462 -24.036 0.25312 0.06355 39.681 -17.4675 4.4715 0.056 233200000000 190700000000
 0.2700    48722 0.2800    55138      1       -1       -1       -1  0 2.35133e+11 2.09700e+11 149.756000 17.763000 45.770000  1 0.2200 173.560000 51.57329 34.34999 59.90845 23.460 -6.680 -14.380 2.105e+10 1.074e+10 7.148e+09 0.01762 388161 388161 679592 4993 15 388087 388166 17.7629 209730000000 209730000000 209730000000 171590000000 9533000000 14.3366 0 0.01378 0.87362 0.3228 19.3697 -10.5289 -13.6776 0.2022 0.02976 22.2305 -15.8151 -0.38823 0.0546 226300000000 114400000000
 0.2600    42637 0.2700    48722      1       -1       -1       -1  0 2.16067e+11 2.28800e+11 154.295000 23.602000 43.800000  1 0.2200 173.450000 51.56921 34.35439 59.90204 21.910 -3.080 -10.060 1.258e+10 -5.442e+09 1.395e+09 0.00829 388162 388162 679592 4665 14 388087 388166 23.6017 228790000000 219260000000 219260000000 142990000000 38132000000 14.7545 0 0.00678 0.44654 0.19624 22.2514 10.1671 -13.7091 0.07077 0.00559 31.8338 4.3007 -29.2312 0.0516 220400000000 143000000000
 0.2500    36910 0.2600    42637      1       -1       -1       -1  0 1.90667e+11 2.09700e+11 150.003000 32.509000 42.650000  1 0.2200 162.990000 51.54093 34.33414 59.91689 18.970 -3.080 -8.160 -7.487e+09 -6.006e+09 2.889e+08 0.00671 388163 388163 679592 3667 13 388087 388166 32.5089 209730000000 209730000000 209730000000 123930000000 57198000000 4.35985 0 0.00557 0.64053 0.38334 -6.20766 13.1423 -5.86267 0.51131 0.00887 -1.444 6.01592 -5.64188 0.0531 188100000000 190700000000
 0.2400    31516 0.2500    36910      1       -1       -1       -1  0 1.58900e+11 1.33500e+11 129.119000 34.330000 31.160000  1 0.2200 139.820000 51.60361 34.32536 59.87700 12.420 -4.290 1.190 -4.509e+09 2.494e+09 -1.515e+10 0.02118 388164 388164 679592 3952 12 388087 388166 34.33 133460000000 133460000000 133460000000 47665000000 9533000000 34.396 4.05 0.0201 0.28483 0.02963 28.5701 -1.574 -0.65309 0.55972 0.12205 21.2002 2.66065 -20.0594 0.0441 160600000000 133500000000
 0.2300    26531 0.2400    31516      1       -1       -1       -1  0 1.33500e+11 1.33500e+11 129.207000 34.704000 30.870000  1 0.2200 142.650000 51.56500 34.32433 59.89367 14.500 -5.610 -1.020 6.280e+08 7.766e+09 -7.340e+09 0.01517 388165 388165 679592 3541 11 388087 388166 34.7037 133460000000 133460000000 123930000000 57198000000 19066000000 9.69685 0 0.01373 0.46927 0.09427 36.0528 -2.71058 -13.0647 0.31013 0 11.4028 6.83122 -9.90802 0.0395 151700000000 133500000000
 0.2200    21910 0.2300    26531      0       -1       -1       -1  0 1.33500e+11 1.33500e+11 129.288000 36.866000 30.130000  1 0.2200 145.040000 51.55157 34.35165 59.91314 11.160 -7.560 -0.580 3.608e+09 1.196e+10 -7.621e+09 0.01967 388166 388166 679592 3148 10 388087 388166 36.8658 133460000000 114400000000 114400000000 9533000000 9533000000 24.9476 3 0.01919 0.20728 0.0183 32.6413 -23.5429 -4.88914 0 0 0 0 0 0.0445 127100000000 133500000000
