 1.0000   681514 0.0000       -1      1       -1       -1       -1  0 2.60600e+11 1.14400e+11 99.313000 9.713000 81.410000  1 0.4700 85.250000 57.82150 47.71049 59.49648 76.810 -607.990 -152.810 6.853e+09 -5.386e+10 4.310e+10 0.04588 545802 545802 681514 7029 88 545801 545855 9.71261 133460000000 209730000000 133460000000 114400000000 47665000000 23.5676 0 0.0613 0.29868 0.05537 -7.0486 8.69875 10.2196 0.49617 0.3881 -6.38015 7.12028 6.33362 0.683 163000000000 47660000000
 0.9900   673403 1.0000   681514      1       -1       -1       -1  0 2.60600e+11 1.14400e+11 99.731000 7.586000 88.410000  1 0.4700 90.750000 57.81711 47.77553 59.49962 61.150 -597.290 -154.630 8.202e+09 -5.171e+10 4.260e+10 0.03610 545803 545803 681514 7016 87 545801 545855 7.58572 142990000000 200190000000 123930000000 114400000000 0 22.7552 0 0.05986 0.62768 0.26793 -9.91654 22.7104 2.81896 0.35423 0.03157 -4.45713 15.5077 -9.00607 0.7961 182900000000 28600000000
 0.9800   664958 0.9900   673403      1       -1       -1       -1  0 2.60600e+11 1.23900e+11 102.857000 5.674000 95.010000  1 0.4700 101.710000 57.82612 47.83447 59.51334 51.850 -584.200 -153.920 9.691e+09 -5.773e+10 4.376e+10 0.03441 545804 545804 681514 7063 86 545801 545855 5.67382 133460000000 209730000000 123930000000 104860000000 0 16.9601 0 0.05689 0.64735 0.26379 3.45782 25.6518 0.85138 0.52918 0.23948 4.21205 27.3498 4.61257 0.8092 212700000000 9533000000
 0.9700   656555 0.9800   664958      1       -1       -1       -1  0 2.60600e+11 1.23900e+11 103.286000 6.336000 94.510000  1 0.4700 99.120000 57.80489 47.88784 59.54395 31.580 -570.540 -141.840 1.938e+10 -3.761e+10 5.463e+10 0.03024 545805 545805 681514 6033 85 545801 545855 6.33607 133460000000 190660000000 123930000000 104860000000 9533000000 11.7187 13.24 0.05395 0.374 0.0497 -8.54557 17.9057 16.246 0.54157 0.28284 -9.27153 17.5894 24.7891 0.8345 207100000000 19070000000
 0.9600   648206 0.9700   656555      1       -1       -1       -1  0 2.60600e+11 1.43000e+11 108.781000 8.751000 90.920000  1 0.4700 97.300000 57.79104 47.94445 59.54875 16.890 -553.710 -140.920 2.894e+10 8.464e+09 4.108e+10 0.02081 545806 545806 681514 7059 84 545801 545855 8.75135 152530000000 228790000000 123930000000 85797000000 0 14.6885 9.84 0.03144 0.15118 0.06213 31.2336 -19.3011 -3.85905 0.37711 0.33088 21.0415 -12.5952 -3.36575 0.7498 183300000000 66730000000
 0.9500   639868 0.9600   648206      1       -1       -1       -1  0 2.60600e+11 1.43000e+11 109.229000 9.933000 85.600000  1 0.4700 94.800000 57.79011 48.00586 59.56578 1.380 -541.400 -142.690 3.026e+10 1.277e+10 3.940e+10 0.02309 545807 545807 681514 7085 83 545801 545855 9.93276 162060000000 228790000000 133460000000 85797000000 9533000000 14.933 9.11 0.03175 0.29555 0.1866 30.6042 -18.7348 -5.59999 0.16516 0.02268 29.1723 -18.8367 -0.11505 0.6878 173900000000 76260000000
 0.9400   631551 0.9500   639868      1       -1       -1       -1  0 2.60600e+11 1.62100e+11 114.350000 24.609000 81.920000  1 0.4700 84.700000 57.78652 48.04850 59.58219 -17.560 -527.200 -143.080 3.339e+10 1.549e+09 2.654e+10 0.01444 545808 545808 681514 7086 82 545801 545855 24.6089 171590000000 219260000000 133460000000 66731000000 9533000000 23.7328 0 0.02151 0.28047 0.12938 34.6715 10.7426 -0.27913 0.44259 0.19006 14.706 8.64272 -4.67229 0.6877 186100000000 152500000000
 0.9300   623220 0.9400   631551      1       -1       -1       -1  0 2.60600e+11 1.52500e+11 112.519000 15.121000 74.470000  1 0.4700 89.770000 57.79237 48.14527 59.60156 -35.080 -517.950 -151.140 3.243e+10 2.909e+10 1.863e+10 0.02218 545809 545809 681514 7106 81 545801 545855 15.1213 190660000000 276460000000 152530000000 104860000000 0 14.6371 0 0.02651 0.37283 0.14869 40.0648 -19.4898 -2.12485 0.41097 0.16432 -0.51942 21.8944 -6.62477 0.5418 195300000000 95330000000
 0.9200   614872 0.9300   623220      1       -1       -1       -1  0 2.60600e+11 1.62100e+11 115.280000 16.865000 77.560000  1 0.4700 90.490000 57.80902 48.19779 59.61248 -50.240 -504.700 -152.620 4.425e+10 -8.162e+09 -5.125e+09 0.01938 545810 545810 681514 7132 80 545801 545855 16.8645 266920000000 295520000000 152530000000 114400000000 0 6.60007 8.7 0.02298 0.53786 0.45233 31.4257 -17.1985 -6.93885 0.76606 0.1323 -11.366 -17.5248 20.1196 0.545 202900000000 104900000000
 0.9100   606498 0.9200   614872      1       -1       -1       -1  0 2.60600e+11 1.71600e+11 117.970000 18.645000 78.240000  1 0.4700 91.310000 57.80666 48.25860 59.63776 -64.050 -490.560 -154.300 4.381e+10 6.839e+10 -1.880e+10 0.03273 545811 545811 681514 7164 79 545801 545855 18.6453 238320000000 305060000000 162060000000 104860000000 0 11.0139 12.07 0.0386 0.52765 0.12492 28.7197 -14.5641 -1.75583 0.62615 0.36952 23.7015 -14.848 -7.09222 0.5375 197400000000 123900000000
 0.9000   598119 0.9100   606498      1       -1       -1       -1  0 2.60600e+11 1.90700e+11 122.675000 21.211000 70.540000  1 0.4700 93.520000 57.83056 48.32285 59.66549 -67.090 -475.650 -154.580 -1.545e+09 1.301e+11 -3.046e+10 0.04874 545812 545812 681514 7145 78 545801 545855 21.2109 247860000000 276460000000 181130000000 95330000000 0 9.0767 0 0.05207 0.75042 0.53478 22.6776 -9.7002 -17.0188 0.96971 0.10144 20.6233 -6.196 -2.19956 0.4118 200100000000 152500000000
 0.8900   589704 0.9000   598119      1       -1       -1       -1  0 2.60600e+11 2.00200e+11 125.182000 22.201000 72.490000  1 0.4700 95.020000 57.82772 48.38550 59.67794 -80.410 -461.160 -159.070 1.939e+10 1.833e+11 -4.231e+10 0.06350 545813 545813 681514 7203 77 545801 545855 22.2012 247860000000 285990000000 190660000000 104860000000 0 10.6353 0 0.0682 0.6992 0.46202 -20.8906 15.0667 23.4991 0.85621 0.39885 -16.7108 11.635 14.8393 0.417 207500000000 152500000000
 0.8800   581319 0.8900   589704      1       -1       -1       -1  0 2.60600e+11 2.19300e+11 129.544000 15.777000 82.120000  1 0.4700 105.130000 57.83770 48.44862 59.70760 -90.910 -438.130 -165.260 2.716e+10 1.340e+11 -5.240e+10 0.04190 545814 545814 681514 7167 76 545801 545855 15.7768 257390000000 276460000000 190660000000 152530000000 0 5.19523 3.94 0.04553 0.61834 0.20163 -19.5333 17.2144 29.7734 0.50779 0.0143 -4.80873 8.60237 25.7757 0.4694 241900000000 133500000000
 0.8700   572842 0.8800   581319      1       -1       -1       -1  0 2.60600e+11 2.19300e+11 130.051000 16.614000 86.890000  1 0.4700 104.530000 57.85368 48.49662 59.72312 -103.250 -422.960 -171.420 3.787e+10 1.330e+11 -4.460e+10 0.04063 545815 545815 681514 6240 75 545801 545855 16.6143 247860000000 295520000000 200190000000 104860000000 9533000000 12.9221 0 0.04537 0.6441 0.21109 21.3619 2.12827 -19.6226 0.12205 0 17.7562 2.60134 15.7484 0.5113 246500000000 104900000000
 0.8600   564375 0.8700   572842      1       -1       -1       -1  0 2.60600e+11 2.28800e+11 132.422000 16.985000 92.370000  1 0.4700 106.340000 57.86914 48.55668 59.74835 -115.620 -402.410 -177.880 4.650e+10 7.691e+10 -9.117e+10 0.03246 545816 545816 681514 7290 74 545801 545855 16.9852 257390000000 305060000000 247860000000 133460000000 0 12.9096 0 0.03737 0.2837 0.08272 30.6414 0.69246 -20.6691 0.53037 0.23938 22.7649 0.85328 -15.9554 0.5496 263400000000 123900000000
 0.8500   555935 0.8600   564375      1       -1       -1       -1  0 2.60600e+11 2.28800e+11 132.933000 14.336000 97.720000  1 0.4700 110.620000 57.88672 48.61574 59.77478 -126.900 -383.460 -181.010 5.154e+10 8.522e+10 -8.125e+10 0.03159 545817 545817 681514 7253 73 545801 545855 14.3361 295520000000 324120000000 257390000000 219260000000 0 11.8245 0 0.03767 0.13064 0.02623 44.6345 -4.89809 -24.6794 0.23964 0.12155 34.7563 -0.8751 -14.7568 0.595 284800000000 114400000000
 0.8400   547432 0.8500   555935      1       -1       -1       -1  0 2.60600e+11 2.28800e+11 133.441000 14.725000 99.530000  1 0.4700 110.530000 57.92079 48.68845 59.81063 -134.610 -367.190 -175.880 8.762e+10 1.254e+11 -2.998e+10 0.03937 545818 545818 681514 7301 72 545801 545855 14.7255 295520000000 333650000000 285990000000 181130000000 38132000000 12.7034 0 0.04587 0.181 0.16955 -20.8093 14.408 22.8272 0.02085 0.01803 -16.079 10.8874 21.8967 0.5927 285500000000 123900000000
 0.8300   538911 0.8400   547432      1       -1       -1       -1  0 2.60600e+11 2.28800e+11 133.948000 14.229000 101.530000  1 0.4700 111.890000 57.94617 48.74177 59.83494 -146.600 -339.870 -179.700 9.378e+10 7.358e+10 -1.139e+11 0.04460 545819 545819 681514 7313 71 545801 545855 14.2292 285990000000 343190000000 238320000000 152530000000 38132000000 15.2735 0 0.04871 0.42196 0.30345 23.1549 -11.2267 -13.2535 0.47258 0.31936 15.9451 -8.02546 -11.8438 0.5693 275700000000 114400000000
 0.8200   530319 0.8300   538911      1       -1       -1       -1  0 2.60600e+11 2.47900e+11 138.087000 13.858000 100.320000  1 0.4700 116.840000 57.96070 48.79150 59.87027 -150.490 -318.930 -179.730 1.061e+11 4.609e+10 -4.074e+10 0.03081 545820 545820 681514 6340 70 545801 545855 13.858 257390000000 333650000000 209730000000 171590000000 76264000000 12.5834 3.97 0.03185 0.61219 0.37881 28.6157 -0.62607 -6.25298 0.68544 0.60783 15.7934 -7.15603 -13.4746 0.5232 283800000000 123900000000
 0.8100   521670 0.8200   530319      1       -1       -1       -1  0 2.60600e+11 2.38300e+11 136.803000 12.090000 104.970000  1 0.4700 119.230000 57.99624 48.84246 59.89217 -153.420 -302.730 -180.700 1.090e+11 6.896e+10 -3.877e+10 0.03653 545821 545821 681514 7423 69 545801 545855 12.0902 238320000000 257390000000 209730000000 181130000000 66731000000 16.0884 0 0.03749 0.48116 0.24431 16.1241 -7.20262 -0.65235 0.18371 0.01243 15.8465 -9.34166 -1.48307 0.5433 292600000000 123900000000
 0.8000   512986 0.8100   521670      1       -1       -1       -1  0 2.60600e+11 2.38300e+11 137.309000 11.860000 108.390000  1 0.4700 120.400000 58.02546 48.89321 59.91906 -156.610 -279.390 -181.160 1.195e+11 6.864e+10 -4.277e+10 0.03811 545822 545822 681514 6396 68 545801 545855 11.8599 238320000000 238320000000 219260000000 181130000000 66731000000 18.2614 0 0.04034 0.56586 0.28173 15.0262 -4.0254 -4.12122 0.64219 0.23615 -9.62548 6.59844 6.88762 0.5754 300400000000 114400000000
 0.7900   504338 0.8000   512986      1       -1       -1       -1  0 2.60600e+11 2.38300e+11 137.812000 13.787000 105.440000  1 0.4700 116.920000 58.05407 48.93873 59.95085 -158.440 -256.200 -181.320 1.243e+11 6.802e+10 -4.937e+10 0.03955 545823 545823 681514 7426 67 545801 545855 13.7871 238320000000 238320000000 219260000000 181130000000 66731000000 18.8554 0 0.04214 0.6121 0.37489 23.1627 -5.77204 -6.64846 0.62803 0.34785 17.0849 -10.3587 -0.04661 0.5663 305200000000 114400000000
 0.7800   495697 0.7900   504338      1       -1       -1       -1  0 2.60600e+11 2.38300e+11 138.313000 13.646000 99.390000  1 0.4700 117.820000 58.08368 48.98154 59.98358 -159.940 -236.270 -183.860 1.254e+11 2.451e+10 7.199e+08 0.03310 545824 545824 681514 6364 66 545801 545855 13.6457 276460000000 285990000000 238320000000 219260000000 0 20.5019 0 0.03604 0.66937 0.29759 31.595 -13.664 -6.57655 0.45986 0.32719 -17.5461 20.7031 -11.0853 0.5481 306000000000 104900000000
 0.7700   487016 0.7800   495697      1       -1       -1       -1  0 2.60600e+11 2.19300e+11 135.006000 13.866000 96.270000  1 0.4700 114.110000 58.06210 49.04057 60.02762 -158.970 -212.690 -180.930 1.178e+11 -9.850e+09 1.229e+10 0.03419 545825 545825 681514 7448 65 545801 545855 13.8662 266920000000 266920000000 247860000000 181130000000 19066000000 27.6819 0 0.0387 0.5845 0.3728 18.5125 -6.45699 -14.5193 0.43247 0.12224 12.3031 -3.36729 -11.9891 0.5654 265000000000 104900000000
 0.7600   478317 0.7700   487016      1       -1       -1       -1  0 2.60600e+11 2.57400e+11 142.926000 41.386000 85.660000  1 0.4700 102.940000 58.14291 49.02145 60.03860 -158.340 -190.510 -178.580 1.343e+11 4.980e+10 -3.704e+10 0.02867 545826 545826 681514 7458 64 545801 545855 41.3863 343190000000 362250000000 238320000000 95330000000 0 42.6649 2.51 0.03706 0.06706 0 45.9573 -30.0481 -37.2377 0.59059 0.22628 19.3065 -18.1269 19.2241 0.5495 256400000000 295500000000
 0.7500   469598 0.7600   478317      1       -1       -1       -1  0 2.60600e+11 2.76500e+11 146.888000 42.984000 84.920000  1 0.4700 105.840000 58.17192 49.05413 60.07196 -153.700 -170.930 -175.380 -5.964e+10 4.315e+10 -1.238e+10 0.01242 545827 545827 681514 7508 63 545801 545855 42.9841 343190000000 362250000000 285990000000 0 0 33.6879 7.32 0.01668 0.10622 0 -48.4789 72.1278 42.7795 0 0 0 0 0 0.5526 262600000000 314600000000
 0.7400   460786 0.7500   469598      1       -1       -1       -1  0 2.54233e+11 2.47900e+11 142.132000 34.498000 80.180000  1 0.4700 104.400000 58.20556 49.09433 60.11337 -154.700 -153.470 -178.380 8.028e+10 4.912e+10 -3.760e+10 0.02068 545828 545828 681514 7494 62 545801 545855 34.4981 314590000000 371790000000 266920000000 0 0 38.5629 0 0.0273 0.1463 0.11479 -43.526 57.9688 19.8828 0 0 0 0 0 0.5319 251800000000 247900000000
 0.7300   451958 0.7400   460786      1       -1       -1       -1  0 2.44700e+11 2.38300e+11 140.770000 45.065000 72.810000  1 0.4700 101.090000 58.23688 49.12157 60.14630 -151.540 -122.130 -175.090 6.290e+10 5.925e+10 -4.343e+10 0.02162 545829 545829 681514 6455 61 545801 545855 45.0645 314590000000 352720000000 162060000000 0 0 37.6785 9.1 0.02796 0.08113 0.01344 -45.3792 60.4815 32.3331 0 0 0 0 0 0.4853 266200000000 324100000000
 0.7200   443118 0.7300   451958      1       -1       -1       -1  0 2.44700e+11 2.00200e+11 133.276000 41.305000 63.710000  1 0.4700 96.090000 58.26948 49.15333 60.18984 -144.140 -111.530 -176.520 -6.199e+10 2.318e+10 -6.887e+10 0.03135 545830 545830 681514 7580 60 545801 545855 41.3051 200190000000 285990000000 162060000000 0 0 21.0718 2.49 0.03712 0.07911 0 56.9941 -48.3562 -21.8953 0 0 0 0 0 0.388 269700000000 286000000000
 0.7100   434211 0.7200   443118      1       -1       -1       -1  0 2.44700e+11 2.19300e+11 137.844000 52.701000 62.630000  1 0.4700 98.490000 58.30007 49.17741 60.22771 -134.630 -98.540 -178.990 2.025e+10 -1.181e+09 -7.685e+10 0.02291 545831 545831 681514 6554 59 545801 545855 52.7006 219260000000 247860000000 162060000000 0 0 22.7921 2.97 0.02668 0.08076 0 63.2786 -44.3176 -24.3726 0 0 0 0 0 0.3556 239900000000 324100000000
 0.7000   425241 0.7100   434211      1       -1       -1       -1  0 2.44700e+11 2.09700e+11 136.270000 35.274000 61.450000  1 0.4700 100.160000 58.32287 49.19571 60.27234 -125.710 -90.420 -175.610 -2.542e+10 -3.919e+10 -2.244e+10 0.01651 545832 545832 681514 7625 58 545801 545855 35.2743 209730000000 276460000000 104860000000 0 0 27.7747 0 0.01884 0.13009 0.04531 68.8273 -53.7152 -22.0227 0 0 0 0 0 0.3358 217000000000 209700000000
 0.6900   416244 0.7000   425241      1       -1       -1       -1  0 2.44700e+11 1.52500e+11 122.951000 9.662000 60.330000  1 0.4700 112.140000 58.28394 49.27121 60.33712 -117.150 -76.720 -166.000 -4.241e+10 5.216e+10 1.463e+10 0.04878 545833 545833 681514 7645 57 545801 545855 9.66161 152530000000 152530000000 123930000000 85797000000 66731000000 23.6289 3.49 0.04275 0.55192 0.1491 9.58218 2.4154 -3.62153 0.33669 0.01525 8.25978 2.40791 -2.9568 0.2553 207400000000 66730000000
 0.6800   407238 0.6900   416244      1       -1       -1       -1  0 2.44700e+11 1.62100e+11 125.870000 11.891000 62.070000  1 0.4700 110.160000 58.32342 49.27398 60.37959 -108.920 -71.870 -162.150 -3.707e+10 5.133e+10 -2.137e+10 0.04167 545834 545834 681514 7676 56 545801 545855 11.8912 171590000000 200190000000 133460000000 85797000000 57198000000 11.2082 0 0.03775 0.87472 0.44964 19.1053 -2.04468 0.70317 0.6386 0.09806 9.38745 -7.83617 2.83836 0.2702 208600000000 66730000000
 0.6700   398235 0.6800   407238      1       -1       -1       -1  0 2.44700e+11 1.62100e+11 126.275000 4.668000 60.760000  1 0.4700 142.610000 58.35229 49.29683 60.41785 -95.300 -64.480 -158.980 -3.057e+10 7.712e+10 -3.178e+10 0.06141 545835 545835 681514 7660 55 545801 545855 4.66766 171590000000 209730000000 162060000000 85797000000 57198000000 9.63653 0 0.05047 0.77164 0.40385 13.2954 1.1095 -1.7898 0.53434 0.35714 9.13375 -0.61851 -2.2928 0.2203 203300000000 47660000000
 0.6600   389324 0.6700   398235      1       -1       -1       -1  0 2.44700e+11 1.81100e+11 131.461000 25.448000 57.290000  1 0.4700 101.100000 58.39861 49.30947 60.46028 -88.290 -52.010 -154.330 -3.881e+10 7.974e+10 4.787e+09 0.04541 545836 545836 681514 7720 54 545801 545855 25.4479 190660000000 200190000000 133460000000 66731000000 47665000000 12.0064 0 0.04217 0.26011 0.13438 14.1569 -0.01842 -0.92514 0.37135 0.14417 10.2722 0.08991 -0.58072 0.2333 194300000000 133500000000
 0.6500   380305 0.6600   389324      1       -1       -1       -1  0 2.44700e+11 2.09700e+11 138.477000 48.253000 57.480000  1 0.4700 100.830000 58.41553 49.31385 60.50367 -76.210 -46.820 -148.640 2.781e+10 5.909e+10 9.807e+09 0.02603 545837 545837 681514 6620 53 545801 545855 48.2535 219260000000 228790000000 152530000000 114400000000 28599000000 14.8127 7.57 0.02471 0.41784 0.23506 33.7685 -0.99388 3.71636 0.36472 0.05877 21.2436 3.99725 5.23024 0.2231 185800000000 247900000000
 0.6400   371236 0.6500   380305      1       -1       -1       -1  0 2.44700e+11 2.00200e+11 136.768000 23.004000 57.870000  1 0.4700 108.100000 58.43317 49.32333 60.54418 -68.680 -42.040 -143.570 -4.197e+10 7.584e+10 3.598e+10 0.04242 545838 545838 681514 6615 52 545801 545855 23.0045 238320000000 247860000000 200190000000 104860000000 57198000000 13.6944 0 0.03818 0.52262 0.25081 32.7036 -1.50036 7.27159 0.4301 0.24365 24.3628 5.32871 11.4193 0.2005 187600000000 123900000000
 0.6300   362131 0.6400   371236      1       -1       -1       -1  0 2.44700e+11 2.19300e+11 141.408000 27.366000 63.770000  1 0.4700 109.780000 58.46805 49.31998 60.54142 -60.250 -40.080 -138.580 -4.982e+10 7.803e+10 -2.351e+10 0.03345 545839 545839 681514 8220 51 545801 545855 27.3664 276460000000 285990000000 219260000000 0 0 25.2643 1.89 0.03361 0.72881 0.6082 48.7881 -38.8095 -13.7544 0 0 0 0 0 0.264 213500000000 190700000000
 0.6200   353026 0.6300   362131      1       -1       -1       -1  0 2.44700e+11 2.28800e+11 143.858000 28.999000 66.490000  1 0.4700 111.440000 58.47061 49.33340 60.58064 -52.600 -38.640 -132.730 -9.374e+10 6.215e+10 -3.507e+10 0.03975 545840 545840 681514 8263 50 545801 545855 28.999 257390000000 266920000000 209730000000 123930000000 0 18.5759 3.85 0.03886 0.04503 0.00913 0.09411 14.1011 57.3281 0.07248 0.03779 -1.8632 10.7618 56.5077 0.2645 215200000000 200200000000
 0.6100   343891 0.6200   353026      1       -1       -1       -1  0 2.44700e+11 2.19300e+11 142.251000 20.343000 66.100000  1 0.4700 116.840000 58.48174 49.35001 60.62536 -44.530 -40.320 -128.100 -1.261e+11 3.257e+10 -2.082e+09 0.04977 545841 545841 681514 8330 49 545801 545855 20.3431 219260000000 257390000000 209730000000 142990000000 0 17.0216 0 0.04644 0.51777 0.08182 16.8375 -17.9916 37.8607 0 0 -4.47845 3.88718 34.7214 0.2482 220100000000 143000000000
 0.6000   334761 0.6100   343891      1       -1       -1       -1  0 2.44700e+11 2.28800e+11 144.702000 23.761000 64.180000  1 0.4700 116.500000 58.51559 49.35597 60.67730 -37.080 -41.420 -123.930 -1.517e+11 4.031e+10 -3.229e+10 0.05931 545842 545842 681514 8400 48 545801 545855 23.7606 228790000000 247860000000 200190000000 142990000000 0 12.1165 0 0.05357 0.79087 0.51071 2.39867 3.21232 34.0257 0.55773 0.19877 14.2251 0.52246 24.6737 0.2198 215200000000 171600000000
 0.5900   325591 0.6000   334761      1       -1       -1       -1  0 2.44700e+11 2.38300e+11 147.104000 18.076000 69.100000  1 0.4700 125.390000 58.49535 49.37745 60.72094 -34.790 -39.940 -119.410 -1.550e+11 8.714e+10 -2.855e+09 0.06251 545843 545843 681514 8388 47 545801 545855 18.0756 238320000000 238320000000 209730000000 142990000000 0 17.5014 0 0.05593 0.45429 0.20972 33.2015 -15.1509 17.854 0.07492 0 40.2175 -15.5085 3.29285 0.2355 225500000000 133500000000
 0.5800   316352 0.5900   325591      1       -1       -1       -1  0 2.44700e+11 2.38300e+11 147.516000 22.511000 75.580000  1 0.4700 121.270000 58.49534 49.39091 60.74294 -27.310 -43.280 -115.500 -1.604e+11 9.345e+10 -4.097e+10 0.06436 545844 545844 681514 8481 46 545801 545855 22.5105 238320000000 238320000000 200190000000 142990000000 0 25.2562 2.12 0.06024 0.71601 0.26303 17.961 -17.638 27.3987 0.45893 0.06244 25.9908 -19.175 18.633 0.2871 237300000000 143000000000
 0.5700   307119 0.5800   316352      1       -1       -1       -1  0 2.44700e+11 2.47900e+11 149.870000 26.746000 73.240000  1 0.4700 120.630000 58.55717 49.40541 60.79121 -23.280 -39.620 -115.690 -1.426e+11 9.226e+10 -8.466e+10 0.05957 545845 545845 681514 8451 45 545801 545855 26.7464 247860000000 247860000000 228790000000 142990000000 0 16.4965 0 0.05674 0.16359 0.01237 27.6214 28.3315 -9.81729 0 0 19.2833 20.34 -6.52313 0.2782 226900000000 190700000000
 0.5600   297876 0.5700   307119      1       -1       -1       -1  0 2.44700e+11 2.47900e+11 150.275000 29.336000 67.210000  1 0.4700 119.940000 58.56542 49.41417 60.82592 -17.250 -40.180 -110.520 -1.397e+11 1.219e+11 -7.799e+10 0.06366 545846 545846 681514 8413 44 545801 545855 29.3356 247860000000 247860000000 209730000000 142990000000 0 24.5055 0 0.06058 0.18343 0.04074 14.4366 42.8702 -10.0766 0.11491 0.01386 13.5772 45.0989 -10.9647 0.2442 220900000000 209700000000
 0.5500   288627 0.5600   297876      1       -1       -1       -1  0 2.41500e+11 2.38300e+11 148.716000 28.620000 65.110000  1 0.4700 119.540000 58.57230 49.42960 60.86787 -11.530 -39.830 -104.650 -1.658e+11 8.446e+10 -4.870e+10 0.06424 545847 545847 681514 8414 43 545801 545855 28.6202 238320000000 238320000000 209730000000 152530000000 0 31.8972 1.74 0.06234 0.7335 0.08254 2.78488 52.6977 -6.53648 0.34408 0.08524 16.1689 49.1952 -3.45649 0.2444 222100000000 200200000000
 0.5400   279407 0.5500   288627      1       -1       -1       -1  0 2.38300e+11 2.38300e+11 149.103000 37.781000 64.090000  1 0.4700 116.470000 58.57793 49.44524 60.91005 -10.800 -37.770 -102.740 -1.388e+11 1.024e+11 -3.741e+10 0.05688 545848 545848 681514 8394 42 545801 545855 37.7806 238320000000 238320000000 219260000000 0 0 40.6842 0 0.05764 0.86078 0.11552 53.078 -29.8022 8.18049 0 0 0 0 0 0.2531 207200000000 238300000000
 0.5300   270168 0.5400   279407      1       -1       -1       -1  0 2.28767e+11 2.38300e+11 149.482000 39.516000 57.850000  1 0.4700 116.920000 58.58236 49.46109 60.95245 -6.610 -36.510 -101.340 -1.402e+11 7.740e+10 -1.566e+09 0.05126 545849 545849 681514 8386 41 545801 545855 39.5163 238320000000 238320000000 219260000000 0 0 37.9991 0 0.05274 0.43609 0.00169 -38.8354 42.9386 -29.3232 0 0 0 0 0 0.2234 207800000000 238300000000
 0.5200   260937 0.5300   270168      1       -1       -1       -1  0 2.03367e+11 2.09700e+11 143.602000 43.905000 50.800000  1 0.4700 111.600000 58.58566 49.47719 60.99506 -10.190 -35.950 -90.890 -7.672e+10 8.419e+10 3.463e+10 0.04713 545850 545850 681514 7248 40 545801 545855 43.905 209730000000 209730000000 162060000000 19066000000 0 38.2276 3.71 0.04891 0 0 -37.0254 52.0096 -33.6838 0 0 0 0 0 0.1955 188600000000 247900000000
 0.5100   251655 0.5200   260937      1       -1       -1       -1  0 1.77967e+11 1.62100e+11 132.096000 36.366000 47.460000  1 0.4700 104.160000 58.60566 49.48390 61.03243 -9.730 -33.770 -90.210 -1.795e+10 3.042e+10 2.405e+10 0.02537 545851 545851 681514 7243 39 545801 545855 36.3656 162060000000 162060000000 57198000000 28599000000 0 38.419 0 0.02721 0.3154 0.15806 47.6493 -34.2077 -4.56492 0.76114 0.43625 4.05261 21.0826 12.4591 0.2014 177100000000 171600000000
 0.5000   242481 0.5100   251655      1       -1       -1       -1  0 1.46200e+11 1.62100e+11 132.410000 37.171000 47.440000  1 0.4700 104.900000 58.60115 49.50552 61.07444 -9.890 -35.980 -89.930 -1.608e+10 2.678e+10 3.178e+10 0.02659 545852 545852 681514 7240 38 545801 545855 37.1714 162060000000 162060000000 57198000000 19066000000 0 33.6456 0 0.02862 0.62921 0.0037 -13.6084 34.5717 -3.18112 0 0 0 0 0 0.1996 165500000000 181100000000
 0.4900   233271 0.5000   242481      1       -1       -1       -1  0 1.33467e+11 1.14400e+11 118.169000 35.624000 49.650000  1 0.4700 93.700000 58.60116 49.52741 61.12181 -6.150 -29.930 -91.820 -1.481e+10 3.924e+10 1.752e+10 0.04445 545853 545853 681514 8310 37 545801 545855 35.6236 114400000000 142990000000 66731000000 19066000000 0 24.1023 0 0.05264 0.38621 0.35933 48.8779 5.16783 34.8348 0 0 0 0 0 0.2839 157700000000 162100000000
 0.4800   224107 0.4900   233271      1       -1       -1       -1  0 1.01677e+11 1.23900e+11 121.638000 36.657000 48.580000  1 0.4700 97.120000 58.60070 49.54448 61.16505 -4.030 -28.680 -84.120 -1.810e+10 5.454e+10 2.763e+10 0.05390 545854 545854 681514 8305 36 545801 545855 36.657 123930000000 123930000000 47665000000 0 0 21.4079 0 0.06522 0.61394 0.16168 -25.83 45.7899 -9.6771 0 0 0 0 0 0.2824 149100000000 162100000000
 0.4700   214970 0.4800   224107      0       -1       -1       -1  0 6.67300e+10 6.67300e+10 99.176000 31.336000 51.280000  1 0.4700 79.490000 58.59880 49.55159 61.20182 2.670 -34.190 -83.960 -1.953e+10 -4.929e+09 -3.208e+09 0.03306 545855 545855 681514 8315 35 545801 545855 31.3356 66731000000 66731000000 57198000000 0 0 23.02 10.56 0.05909 0.72303 0.05175 -34.579 42.6561 -26.1271 0 0 0 0 0 0.5806 154500000000 104900000000
