 1.0000   678256 0.0000       -1      1       -1       -1       -1  0 1.65267e+11 1.43000e+11 106.982000 45.858000 69.430000  1 0.6900 75.860000 12.08344 34.27424 46.60030 -245.390 -174.760 -189.090 -2.209e+09 2.103e+10 -1.030e+11 0.03160 536275 536275 678256 3771 88 536274 536306 45.858 142990000000 162060000000 28599000000 9533000000 0 24.8157 12.38 0.06408 0.49284 0.05419 -28.1519 30.0083 -8.30842 0 0 0 0 0 0.7722 155200000000 209700000000
 0.9900   670110 1.0000   678256      1       -1       -1       -1  0 1.65267e+11 1.43000e+11 107.432000 29.849000 73.840000  1 0.6900 77.810000 12.10740 34.29242 46.62017 -239.690 -186.310 -188.730 -3.286e+10 -7.407e+09 -6.699e+10 0.01849 536276 536276 678256 3732 87 536274 536306 29.8493 142990000000 162060000000 28599000000 9533000000 0 25.0135 0 0.04584 0.25592 0 -26.9104 49.5393 -1.16583 0 0 0 0 0 0.847 156300000000 143000000000
 0.9800   661719 0.9900   670110      1       -1       -1       -1  0 1.65267e+11 1.43000e+11 107.882000 28.503000 71.980000  1 0.6900 78.400000 12.13405 34.30475 46.64737 -229.650 -190.340 -188.840 -2.012e+10 -2.416e+09 -2.560e+09 0.00630 536277 536277 678256 3770 86 536274 536306 28.5028 142990000000 162060000000 38132000000 0 0 20.5661 0 0.01253 0 0 -33.3233 68.1763 -4.77219 0 0 0 0 0 0.7679 158400000000 143000000000
 0.9700   653376 0.9800   661719      1       -1       -1       -1  0 1.65267e+11 1.33500e+11 105.869000 25.262000 75.420000  1 0.6900 77.670000 12.15855 34.32326 46.66797 -228.720 -188.540 -188.930 -4.771e+10 -1.420e+10 8.728e+09 0.01307 536278 536278 678256 3777 85 536274 536306 25.2616 133460000000 162060000000 38132000000 0 0 26.2032 0 0.03487 0.42423 0.02225 39.4311 -26.4129 -1.04239 0 0 0 0 0 0.872 160400000000 133500000000
 0.9600   645051 0.9700   653376      1       -1       -1       -1  0 1.65267e+11 1.33500e+11 106.308000 23.600000 76.010000  1 0.6900 78.580000 12.17329 34.35196 46.68047 -222.470 -189.590 -182.250 -2.454e+10 -3.218e+10 2.642e+10 0.01049 536279 536279 678256 3824 84 536274 536306 23.5998 133460000000 181130000000 95330000000 0 0 23.6023 4.99 0.03346 0.26801 0.1104 -34.6562 58.1785 -5.25036 0 0 0 0 0 0.9091 172300000000 123900000000
 0.9500   636739 0.9600   645051      1       -1       -1       -1  0 1.65267e+11 1.43000e+11 109.229000 31.338000 80.800000  1 0.6900 78.560000 12.19908 34.37243 46.70254 -225.020 -175.120 -182.170 5.722e+09 -3.697e+10 -1.722e+10 0.00555 536280 536280 678256 3854 83 536274 536306 31.3376 142990000000 200190000000 0 0 0 18.297 0 0.02549 0.03523 0 68.5742 -42.6568 8.09271 0 0 0 0 0 0.956 175300000000 152500000000
 0.9400   628444 0.9500   636739      1       -1       -1       -1  0 1.65267e+11 1.43000e+11 109.677000 26.224000 79.450000  1 0.6900 80.220000 12.22537 34.39330 46.72506 -223.810 -173.950 -180.730 5.102e+09 -4.230e+10 -2.433e+10 0.00817 536281 536281 678256 3842 82 536274 536306 26.2238 142990000000 200190000000 76264000000 0 0 19.3402 0 0.03047 0.39542 0.01244 -40.6631 57.1253 -3.04493 0 0 0 0 0 0.9332 171300000000 143000000000
 0.9300   620130 0.9400   628444      1       -1       -1       -1  0 1.65267e+11 1.52500e+11 112.519000 33.535000 75.680000  1 0.6900 80.550000 12.25215 34.41457 46.74806 -219.320 -175.570 -182.670 1.866e+10 -7.776e+09 -5.063e+10 0.01381 536282 536282 678256 2922 81 536274 536306 33.5351 152530000000 190660000000 0 0 0 23.8914 0 0.0305 0.21972 0.01014 -30.1897 57.8334 -7.80251 0 0 0 0 0 0.8106 167000000000 171600000000
 0.9200   611789 0.9300   620130      1       -1       -1       -1  0 1.65267e+11 1.43000e+11 110.570000 33.795000 74.550000  1 0.6900 78.950000 12.27943 34.43625 46.77152 -211.720 -177.330 -188.630 9.325e+09 -3.698e+10 -1.710e+10 0.01270 536283 536283 678256 3870 80 536274 536306 33.7953 142990000000 190660000000 76264000000 0 0 17.5065 0 0.02613 0 0 -46.8311 49.3965 -11.5967 0 0 0 0 0 0.7822 163200000000 181100000000
 0.9100   603429 0.9200   611789      1       -1       -1       -1  0 1.65267e+11 1.52500e+11 113.428000 31.803000 74.440000  1 0.6900 81.510000 12.30258 34.44999 46.79831 -216.760 -177.460 -184.390 3.710e+10 -1.253e+10 2.121e+10 0.01312 536284 536284 678256 3904 79 536274 536306 31.8031 152530000000 190660000000 38132000000 0 0 17.7733 0 0.02509 0.19398 0.01458 -37.4871 56.8191 -16.6533 0 0 0 0 0 0.7463 166900000000 171600000000
 0.9000   595062 0.9100   603429      1       -1       -1       -1  0 1.65267e+11 1.52500e+11 113.882000 38.878000 73.820000  1 0.6900 80.670000 12.34157 34.45250 46.82935 -213.600 -177.480 -187.910 3.898e+10 -5.427e+09 4.156e+10 0.01644 536285 536285 678256 3873 78 536274 536306 38.8783 152530000000 190660000000 28599000000 0 0 26.2935 5 0.03236 0.01106 0 63.5261 5.906 2.16009 0 0 0 0 0 0.7572 168700000000 209700000000
 0.8900   586661 0.9000   595062      1       -1       -1       -1  0 1.65267e+11 1.62100e+11 116.668000 31.347000 74.130000  1 0.6900 84.090000 12.35940 34.49507 46.84706 -216.110 -172.290 -181.780 3.243e+10 -1.227e+10 4.821e+10 0.01802 536286 536286 678256 3946 77 536274 536306 31.3468 162060000000 190660000000 47665000000 0 0 16.475 0 0.03046 0.26871 0.06794 -29.6003 54.4656 -15.2682 0 0 0 0 0 0.6866 167500000000 162100000000
 0.8800   578284 0.8900   586661      1       -1       -1       -1  0 1.65267e+11 1.62100e+11 117.128000 30.688000 74.200000  1 0.6900 84.600000 12.38858 34.51824 46.87216 -209.010 -169.620 -183.670 1.160e+10 -3.914e+10 4.980e+10 0.01998 536287 536287 678256 4956 76 536274 536306 30.6882 162060000000 181130000000 57198000000 9533000000 0 21.0296 0 0.03315 0.22554 0.01563 -23.3106 39.3008 -19.3731 0 0 0 0 0 0.6787 164800000000 162100000000
 0.8700   569827 0.8800   578284      1       -1       -1       -1  0 1.65267e+11 1.71600e+11 119.848000 42.120000 72.000000  1 0.6900 84.710000 12.41828 34.54185 46.89774 -208.580 -169.230 -182.460 6.223e+09 -3.454e+10 9.356e+09 0.01135 536288 536288 678256 8021 75 536274 536306 42.1198 171590000000 181130000000 76264000000 9533000000 9533000000 18.2083 3.27 0.01706 0.54666 0.03902 -21.4311 26.8229 -12.8473 0 0 0 0 0 0.6142 165000000000 219300000000
 0.8600   561371 0.8700   569827      1       -1       -1       -1  0 1.58900e+11 1.62100e+11 118.043000 41.963000 75.720000  1 0.6900 83.380000 12.44849 34.56588 46.92382 -202.490 -170.450 -185.150 -2.797e+10 2.021e+09 -1.330e+10 0.01010 536289 536289 678256 3994 74 536274 536306 41.9626 162060000000 181130000000 85797000000 28599000000 0 28.8396 4.98 0.0161 0.2475 0.00149 -25.1416 28.5657 -15.9975 0 0 9.16862 20.8969 -6.87408 0.6659 167400000000 209700000000
 0.8500   552934 0.8600   561371      1       -1       -1       -1  0 1.49367e+11 1.43000e+11 113.656000 27.322000 80.110000  1 0.6900 82.830000 12.47923 34.59035 46.95038 -201.580 -167.810 -181.090 1.531e+10 -3.145e+10 2.609e+10 0.01441 536290 536290 678256 3978 73 536274 536306 27.322 142990000000 190660000000 85797000000 38132000000 19066000000 33.2382 0 0.02799 0.40225 0.06039 18.2871 -14.4141 10.7779 0.26975 0.09394 1.45681 36.2215 -7.13307 0.7814 167700000000 143000000000
 0.8400   544422 0.8500   552934      1       -1       -1       -1  0 1.39833e+11 1.43000e+11 114.091000 28.599000 82.700000  1 0.6900 82.780000 12.51048 34.61527 46.97745 -198.630 -158.900 -184.350 -1.850e+10 -8.275e+09 8.023e+10 0.02570 536291 536291 678256 4022 72 536274 536306 28.5993 142990000000 190660000000 76264000000 47665000000 19066000000 36.593 0 0.0533 0.14865 0.00063 41.729 -18.8533 4.73226 0.23757 0 -1.37122 10.2679 -8.48099 0.8116 171900000000 143000000000
 0.8300   535907 0.8400   544422      1       -1       -1       -1  0 1.39833e+11 1.33500e+11 111.920000 29.557000 80.180000  1 0.6900 80.810000 12.54226 34.64064 47.00501 -200.350 -149.160 -181.900 -2.797e+09 -1.792e+09 6.446e+10 0.02253 536292 536292 678256 1898 71 536274 536306 29.557 133460000000 200190000000 85797000000 28599000000 9533000000 30.8413 0 0.04683 0.52328 0.31126 -38.1894 41.0375 -21.1138 0.22017 0.09478 10.7665 23.1075 0.61655 0.8082 174800000000 143000000000
 0.8200   527316 0.8300   535907      1       -1       -1       -1  0 1.39833e+11 1.23900e+11 109.600000 25.620000 81.010000  1 0.6900 80.200000 12.57457 34.66645 47.03308 -198.450 -151.130 -182.980 1.342e+10 1.904e+10 3.088e+10 0.01207 536293 536293 678256 8125 70 536274 536306 25.6199 123930000000 190660000000 104860000000 28599000000 9533000000 39.4144 0 0.03189 0.31389 0.12929 -36.5407 49.7734 -32.8816 0.71094 0.04288 10.7194 12.6298 0.96938 0.8793 176100000000 123900000000
 0.8100   518673 0.8200   527316      1       -1       -1       -1  0 1.39833e+11 1.33500e+11 112.761000 27.135000 77.490000  1 0.6900 82.280000 12.60740 34.69273 47.06165 -195.850 -139.340 -187.440 -6.249e+09 -3.395e+08 8.335e+10 0.02759 536294 536294 678256 4029 69 536274 536306 27.1346 133460000000 190660000000 114400000000 19066000000 0 27.8127 11.46 0.06116 0.15233 0.05574 43.9555 -41.9263 12.9514 0 0 0 0 0 0.8241 170100000000 123900000000
 0.8000   509998 0.8100   518673      1       -1       -1       -1  0 1.39833e+11 1.52500e+11 118.329000 37.394000 74.910000  1 0.6900 84.330000 12.64075 34.71947 47.09073 -194.890 -149.500 -168.450 4.658e+10 -8.644e+09 8.277e+10 0.03263 536295 536295 678256 8222 68 536274 536306 37.3942 152530000000 200190000000 85797000000 19066000000 0 29.0443 0 0.0561 0.21656 0.04615 37.6613 -35.871 6.65611 0 0 0 0 0 0.701 174700000000 200200000000
 0.7900   501362 0.8000   509998      1       -1       -1       -1  0 1.39833e+11 1.33500e+11 113.593000 28.212000 71.940000  1 0.6900 82.730000 12.67462 34.74668 47.12032 -193.880 -145.200 -172.640 7.241e+10 3.039e+10 3.747e+10 0.03870 536296 536296 678256 4051 67 536274 536306 28.2123 133460000000 190660000000 85797000000 0 0 35.8094 0 0.06423 0.77525 0.61081 -31.8192 43.5578 -4.61811 0 0 0 0 0 0.6794 166700000000 133500000000
 0.7800   492720 0.7900   501362      1       -1       -1       -1  0 1.36667e+11 1.33500e+11 114.006000 37.205000 69.570000  1 0.6900 81.220000 12.70902 34.77435 47.15042 -183.600 -139.780 -170.310 5.910e+10 -1.465e+10 5.161e+10 0.03904 536297 536297 678256 8199 66 536274 536306 37.2051 133460000000 190660000000 76264000000 19066000000 0 24.2685 3.33 0.05919 0.49335 0.03642 46.5251 -11.173 3.16179 0 0 0 0 0 0.6177 166300000000 190700000000
 0.7700   484045 0.7800   492720      1       -1       -1       -1  0 1.36667e+11 1.33500e+11 114.416000 42.231000 70.060000  1 0.6900 81.090000 12.74393 34.80251 47.18104 -184.230 -128.830 -181.100 1.096e+11 -8.317e+09 8.432e+10 0.06300 536298 536298 678256 4082 65 536274 536306 42.2306 133460000000 152530000000 76264000000 28599000000 0 25.7564 21.31 0.1032 0 0 30.8542 -11.8103 -0.17929 0.76282 0.13619 -17.9604 19.9533 11.0069 0.6724 170200000000 219300000000
 0.7600   475346 0.7700   484045      1       -1       -1       -1  0 1.30300e+11 1.43000e+11 117.495000 30.913000 53.980000  1 0.6900 85.350000 12.81087 34.77986 47.20960 -187.970 -128.420 -179.020 -1.418e+11 -1.266e+11 -6.110e+10 0.10798 536299 536299 678256 4105 64 536274 536306 30.9125 142990000000 152530000000 38132000000 28599000000 0 0.00062 0 0.1332 0.19599 0.14762 43.5552 -40.8854 -24.2406 0.57 0.42155 -17.8789 23.2625 6.73858 0.3716 142300000000 152500000000
 0.7500   466617 0.7600   475346      1       -1       -1       -1  0 1.20767e+11 1.14400e+11 109.458000 28.389000 70.140000  1 0.6900 79.730000 12.81532 34.86027 47.24382 -188.410 -123.790 -158.800 1.076e+11 -2.848e+10 4.078e+10 0.07083 536300 536300 678256 4117 63 536274 536306 28.3892 114400000000 142990000000 76264000000 38132000000 0 20.569 0 0.11527 0.54077 0.03327 19.0823 -18.2463 -25.3119 0.4475 0.35939 -18.5201 27.2297 11.0006 0.6679 161300000000 114400000000
 0.7400   457824 0.7500   466617      1       -1       -1       -1  0 1.17567e+11 1.04900e+11 106.700000 22.617000 64.640000  1 0.6900 79.650000 12.85178 34.88988 47.27599 -185.350 -119.700 -165.550 5.657e+10 -6.568e+10 1.875e+10 0.06667 536301 536301 678256 4108 62 536274 536306 22.6166 104860000000 162060000000 85797000000 0 0 30.2213 0 0.10022 0.59605 0.04906 -13.6932 10.2243 30.4922 0 0 0 0 0 0.6017 162800000000 85800000000
 0.7300   448995 0.7400   457824      1       -1       -1       -1  0 1.17567e+11 1.23900e+11 113.200000 37.905000 67.430000  1 0.6900 81.070000 12.89056 34.91507 47.30315 -187.770 -117.730 -162.240 7.794e+10 -3.111e+10 2.278e+10 0.04568 536302 536302 678256 8360 61 536274 536306 37.9051 123930000000 133460000000 66731000000 0 0 23.3044 13.13 0.07476 0.90321 0.55072 -23.856 44.5176 24.2744 0 0 0 0 0 0.6485 156500000000 162100000000
 0.7200   440150 0.7300   448995      1       -1       -1       -1  0 1.11200e+11 1.23900e+11 113.587000 40.034000 63.640000  1 0.6900 81.270000 12.92610 34.94646 47.32835 -169.840 -129.530 -157.850 2.104e+10 -8.930e+10 -3.183e+09 0.05163 536303 536303 678256 4174 60 536274 536306 40.0342 123930000000 133460000000 66731000000 0 0 46.682 5.49 0.07933 0.64665 0.01293 -8.46839 36.406 20.7977 0 0 0 0 0 0.579 155900000000 171600000000
 0.7100   431235 0.7200   440150      1       -1       -1       -1  0 7.62567e+10 8.58000e+10 100.823000 27.679000 67.620000  1 0.6900 73.540000 12.96064 34.99177 47.36131 -173.600 -120.980 -150.190 4.758e+10 -5.067e+10 3.973e+08 0.01231 536304 536304 678256 8394 59 536274 536306 27.6793 85797000000 114400000000 19066000000 9533000000 0 53.6625 0 0.11146 0.44952 0.15372 -27.53 71.4401 -15.6338 0 0 0 0 0 1.0154 166100000000 95330000000
 0.7000   422261 0.7100   431235      1       -1       -1       -1  0 4.13133e+10 1.90700e+10 61.273000 4.643000 0.000000  1 0.6900 56.260000 12.99871 35.02306 47.39573 -190.500 -126.930 -73.680 0.000e+00 0.000e+00 0.000e+00 0.00000 536305 536305 678256 4187 58 536274 536306 4.64347 19066000000 104860000000 19066000000 9533000000 0 18.5056 0 0 0 0 0 0 0 0 0 0 0 0 0 160600000000 9533000000
 0.6900   413261 0.7000   422261      0       -1       -1       -1  0 1.90700e+10 1.90700e+10 61.476000 6.790000 0.000000  1 0.6900 51.860000 13.03725 35.05483 47.43071 -195.330 -121.720 -70.790 0.000e+00 0.000e+00 0.000e+00 0.00000 536306 536306 678256 4206 57 536274 536306 6.78955 19066000000 114400000000 19066000000 0 0 32.4129 0 0 0 0 0 0 0 0 0 0 0 0 0 152200000000 0
