 1.0000   678949 0.0000       -1      1       -1       -1       -1  0 4.00400e+11 4.00400e+11 150.786000 13.089000 112.730000  1 0.2800 133.040000 37.59343 24.65060 11.17931 -15.650 278.530 -62.370 -5.430e+11 8.141e+11 -2.106e+11 0.10763 333212 333212 678949 4464 88 333211 333284 13.0885 400390000000 409920000000 305060000000 228790000000 142990000000 12.0034 0 0.1097 0.70116 0.32547 13.9669 0.5461 23.5476 0.43105 0.24205 19.5247 -11.584 8.58424 0.5258 476400000000 190700000000
 0.9900   670809 1.0000   678949      1       -1       -1       -1  0 4.00400e+11 4.00400e+11 151.421000 11.231000 115.450000  1 0.2800 138.650000 37.59201 24.61880 11.18637 -15.290 276.010 -62.450 -5.370e+11 8.063e+11 -2.084e+11 0.10793 333213 333213 678949 4440 87 333211 333284 11.231 400390000000 409920000000 314590000000 228790000000 123930000000 8.51103 0 0.10891 0.80915 0.47279 8.87288 0.34191 15.7594 0.3151 0.07082 14.4227 -8.70799 4.42724 0.5321 529600000000 181100000000
 0.9800   662415 0.9900   670809      1       -1       -1       -1  0 4.00400e+11 4.00400e+11 152.056000 11.914000 115.170000  1 0.2800 137.180000 37.59554 24.59128 11.20107 -10.000 273.930 -61.150 -4.227e+11 7.052e+11 -2.586e+11 0.09728 333214 333214 678949 4467 86 333211 333284 11.9142 400390000000 409920000000 324120000000 228790000000 142990000000 12.8172 0 0.09502 0.70268 0.52423 4.06806 10.6331 20.6434 0.77305 0.5261 -4.81418 13.393 11.5322 0.5123 523700000000 190700000000
 0.9700   654058 0.9800   662415      1       -1       -1       -1  0 4.00400e+11 3.81300e+11 150.226000 11.312000 117.750000  1 0.2800 136.720000 37.60712 24.55848 11.20913 -9.600 272.480 -58.530 -2.924e+11 7.351e+11 -2.596e+11 0.10188 333215 333215 678949 7416 85 333211 333284 11.3116 381320000000 409920000000 324120000000 238320000000 133460000000 18.4752 0 0.09987 0.57345 0.4706 12.0088 10.5257 16.9554 0.62495 0.50793 7.0986 11.1543 11.4719 0.5316 481100000000 171600000000
 0.9600   645738 0.9700   654058      1       -1       -1       -1  0 4.00400e+11 4.00400e+11 153.323000 11.516000 119.710000  1 0.2800 139.490000 37.59903 24.53513 11.21532 -11.090 272.310 -57.670 -3.054e+11 7.357e+11 -2.995e+11 0.09840 333216 333216 678949 4492 84 333211 333284 11.5161 400390000000 409920000000 343190000000 238320000000 162060000000 15.2792 0 0.0944 0.59438 0.30086 10.0692 7.4049 7.35963 0.63438 0.33947 6.78893 7.63621 6.20231 0.5194 524000000000 190700000000
 0.9500   637422 0.9600   645738      1       -1       -1       -1  0 4.00400e+11 4.00400e+11 153.955000 9.963000 123.200000  1 0.2800 145.380000 37.60428 24.50655 11.22046 -10.840 269.700 -57.410 -3.021e+11 7.289e+11 -2.962e+11 0.09561 333217 333217 678949 4515 83 333211 333284 9.96338 400390000000 409920000000 352720000000 285990000000 152530000000 18.8706 0 0.09378 0.49901 0.26652 17.6622 9.19027 11.799 0.49523 0.35318 14.474 6.76854 9.00083 0.5445 558700000000 162100000000
 0.9400   629119 0.9500   637422      1       -1       -1       -1  0 3.97200e+11 4.00400e+11 154.585000 10.547000 125.750000  1 0.2800 143.860000 37.59642 24.47644 11.22343 -10.600 267.040 -57.160 -2.986e+11 7.218e+11 -2.933e+11 0.09754 333218 333218 678949 4518 82 333211 333284 10.5471 400390000000 409920000000 362250000000 285990000000 142990000000 10.2028 0 0.09315 0.48778 0.37385 17.8083 8.56643 13.9922 0.46685 0.23669 13.9123 6.37104 14.6404 0.541 541300000000 162100000000
 0.9300   620800 0.9400   629119      1       -1       -1       -1  0 3.94000e+11 3.90800e+11 153.973000 9.483000 127.890000  1 0.2800 147.090000 37.59311 24.44468 11.22635 -11.320 263.560 -55.940 -2.529e+11 6.426e+11 -3.052e+11 0.09488 333219 333219 678949 4508 81 333211 333284 9.4827 390850000000 409920000000 371790000000 295520000000 181130000000 8.42807 0 0.08803 0.63168 0.53214 20.5924 5.05609 10.5352 0.57838 0.48259 16.903 0.81152 12.3394 0.5385 550800000000 171600000000
 0.9200   612458 0.9300   620800      1       -1       -1       -1  0 3.87633e+11 3.90800e+11 154.597000 9.109000 128.470000  1 0.2800 149.350000 37.58875 24.41044 11.23082 -11.180 260.760 -55.900 -2.497e+11 6.361e+11 -3.029e+11 0.09640 333220 333220 678949 4530 80 333211 333284 9.10917 390850000000 400390000000 371790000000 314590000000 200190000000 3.92904 0 0.08745 0.61538 0.54354 17.989 0.3975 9.60872 0.43443 0.42404 15.8256 -4.68554 9.08181 0.5293 571000000000 152500000000
 0.9100   604096 0.9200   612458      1       -1       -1       -1  0 3.84467e+11 3.81300e+11 153.946000 10.939000 127.910000  1 0.2800 141.500000 37.57779 24.37543 11.23477 -11.770 256.970 -57.440 -1.744e+11 6.511e+11 -3.474e+11 0.09786 333221 333221 678949 4537 79 333211 333284 10.9388 381320000000 400390000000 371790000000 285990000000 162060000000 10.9792 0 0.09277 0.72274 0.38025 17.0002 4.91356 11.3848 0.82812 0.43472 15.5493 0.18481 7.63866 0.5529 528400000000 181100000000
 0.9000   595724 0.9100   604096      1       -1       -1       -1  0 3.81300e+11 3.81300e+11 154.561000 9.870000 125.260000  1 0.2800 145.990000 37.57682 24.34614 11.24056 -11.740 254.330 -57.520 -1.735e+11 6.438e+11 -3.428e+11 0.09863 333222 333222 678949 4550 78 333211 333284 9.87048 381320000000 400390000000 371790000000 266920000000 162060000000 13.8898 0 0.09204 0.83239 0.4436 12.7592 6.70304 13.5463 0.88659 0.41388 13.1124 -8.6104 0.21114 0.5347 497400000000 162100000000
 0.8900   587316 0.9000   595724      1       -1       -1       -1  0 3.81300e+11 3.81300e+11 155.175000 9.494000 124.800000  1 0.2800 148.200000 37.57614 24.30954 11.24705 -11.710 251.690 -57.600 -1.728e+11 6.366e+11 -3.383e+11 0.09983 333223 333223 678949 4572 77 333211 333284 9.49362 381320000000 400390000000 371790000000 247860000000 181130000000 16.2458 0 0.09134 0.54718 0.4148 13.5808 7.69138 15.4413 0.68876 0.55388 10.761 -0.81402 10.4001 0.5231 507100000000 152500000000
 0.8800   578938 0.8900   587316      1       -1       -1       -1  0 3.81300e+11 3.81300e+11 155.786000 6.896000 124.720000  1 0.2800 162.860000 37.57552 24.26880 11.25398 -9.330 251.670 -55.440 -2.137e+11 5.899e+11 -2.696e+11 0.09189 333224 333224 678949 513 76 333211 333284 6.89566 381320000000 390850000000 362250000000 209730000000 162060000000 18.5977 0 0.08445 0.39462 0.34607 16.6732 8.13772 17.5914 0.61577 0.47448 10.3637 -2.57809 9.93134 0.5239 599700000000 162100000000
 0.8700   570481 0.8800   578938      1       -1       -1       -1  0 3.81300e+11 3.81300e+11 156.396000 8.278000 120.930000  1 0.2800 155.340000 37.57669 24.23248 11.26186 -11.850 250.120 -51.660 -2.133e+11 6.101e+11 -2.772e+11 0.09398 333225 333225 678949 3597 75 333211 333284 8.27798 381320000000 390850000000 362250000000 228790000000 152530000000 18.902 4.77 0.08729 0.50616 0.42217 13.3056 4.73004 12.2193 0.48541 0.39053 11.7929 -2.95774 6.6015 0.5149 510300000000 143000000000
 0.8600   562025 0.8700   570481      1       -1       -1       -1  0 3.78133e+11 3.81300e+11 157.004000 24.977000 111.000000  1 0.2800 121.240000 37.61216 24.20922 11.29789 -8.280 246.940 -54.120 -2.381e+11 6.701e+11 -2.835e+11 0.07843 333226 333226 678949 4667 74 333211 333284 24.9767 381320000000 400390000000 333650000000 190660000000 9533000000 21.7666 0 0.09539 0.37643 0.14431 35.4676 14.4082 27.3679 0.38888 0.20676 23.7625 11.3348 23.9321 0.6062 413000000000 266900000000
 0.8500   553589 0.8600   562025      1       -1       -1       -1  0 3.59067e+11 3.71800e+11 156.285000 16.417000 98.980000  1 0.2800 130.800000 37.57343 24.16241 11.27418 -10.550 247.210 -46.330 -1.924e+11 5.546e+11 -1.659e+11 0.08188 333227 333227 678949 4642 73 333211 333284 16.4167 371790000000 381320000000 276460000000 219260000000 104860000000 23.5202 3.96 0.0796 0.43112 0.36832 19.1644 -11.3353 9.03421 0.50745 0.06472 -10.0907 11.1285 -8.16441 0.4426 377100000000 181100000000
 0.8400   545086 0.8500   553589      1       -1       -1       -1  0 3.27300e+11 3.24100e+11 149.869000 13.256000 93.450000  1 0.2800 130.430000 37.57052 24.12280 11.28434 -1.410 246.500 -41.850 -6.712e+10 3.050e+11 -7.963e+10 0.05648 333228 333228 678949 4674 72 333211 333284 13.2556 324120000000 381320000000 266920000000 209730000000 104860000000 17.3002 4.89 0.05307 0.62021 0.40754 18.9185 -5.5374 10.0194 0.64138 0.11957 -13.0487 15.4608 -1.17637 0.4153 355400000000 152500000000
 0.8300   536571 0.8400   545086      1       -1       -1       -1  0 2.98700e+11 2.86000e+11 144.291000 12.601000 84.350000  1 0.2800 125.990000 37.57470 24.08262 11.29502 -2.850 242.330 -42.020 -4.367e+10 8.871e+10 -9.232e+09 0.02350 333229 333229 678949 4669 71 333211 333284 12.6008 285990000000 371790000000 257390000000 171590000000 85797000000 6.051 0 0.02023 0.65089 0.46518 16.519 -4.68182 12.5486 0.91506 0.17646 -7.49607 11.3101 -2.19999 0.3371 326900000000 143000000000
 0.8200   527976 0.8300   536571      1       -1       -1       -1  0 2.89167e+11 2.86000e+11 144.834000 12.214000 79.860000  1 0.2800 127.570000 37.57740 24.04796 11.30089 -0.340 240.750 -42.130 -1.786e+10 4.507e+10 3.652e+10 0.01480 333230 333230 678949 3640 70 333211 333284 12.2137 285990000000 343190000000 266920000000 162060000000 76264000000 6.91312 0 0.01242 0.70174 0.52071 11.9822 -0.48046 12.3614 0.86912 0.62517 -4.82794 5.81265 9.24974 0.299 331900000000 143000000000
 0.8100   519337 0.8200   527976      1       -1       -1       -1  0 2.86000e+11 2.95500e+11 146.972000 14.422000 80.970000  1 0.2800 125.050000 37.57509 24.00153 11.31023 -0.950 237.060 -42.000 -6.665e+10 -7.883e+09 1.022e+11 0.02765 333231 333231 678949 4704 69 333211 333284 14.4223 295520000000 295520000000 257390000000 181130000000 95330000000 5.23611 4.3 0.02379 0.68002 0.49097 12.9624 -0.77602 11.5438 0.72164 0.5943 -0.77611 -1.62486 12.4047 0.3067 319300000000 143000000000
 0.8000   510659 0.8100   519337      1       -1       -1       -1  0 2.82833e+11 2.76500e+11 144.273000 12.320000 83.300000  1 0.2800 126.850000 37.57059 23.97326 11.30983 -4.770 235.750 -42.340 -6.861e+10 -3.807e+10 1.002e+11 0.03391 333232 333232 678949 3701 68 333211 333284 12.32 276460000000 295520000000 257390000000 171590000000 104860000000 5.44762 0 0.02778 0.66114 0.46406 4.19456 -1.5303 15.889 0.40863 0.16125 2.16589 0.04244 12.6709 0.3035 325800000000 123900000000
 0.7900   502016 0.8000   510659      1       -1       -1       -1  0 2.73300e+11 2.76500e+11 144.802000 10.431000 84.180000  1 0.2800 132.870000 37.56950 23.92910 11.32258 -3.980 230.600 -40.010 -6.040e+10 -4.758e+10 8.112e+10 0.03061 333233 333233 678949 4730 67 333211 333284 10.431 276460000000 285990000000 266920000000 200190000000 95330000000 2.26348 0 0.02451 0.59388 0.451 8.78302 -9.27142 16.5829 0.22921 0.05241 6.57015 -11.6329 17.5885 0.2944 315200000000 104900000000
 0.7800   493380 0.7900   502016      1       -1       -1       -1  0 2.70100e+11 2.66900e+11 143.638000 32.057000 87.760000  1 0.2800 105.990000 37.62084 23.91446 11.36557 -2.640 224.220 -42.350 -1.350e+11 -3.565e+10 1.637e+11 0.04178 333234 333234 678949 3720 66 333211 333284 32.057 266920000000 295520000000 238320000000 0 0 52.1079 0 0.05025 0.09428 0.01539 50.4814 26.5694 26.33 0 0 0 0 0 0.513 275000000000 257400000000
 0.7700   484709 0.7800   493380      1       -1       -1       -1  0 2.63733e+11 2.66900e+11 144.155000 9.390000 92.200000  1 0.2800 136.030000 37.57381 23.84447 11.33768 -4.250 221.270 -39.030 -1.046e+11 -5.289e+10 1.234e+11 0.05048 333235 333235 678949 4756 65 333211 333284 9.38972 266920000000 266920000000 257390000000 228790000000 123930000000 5.06551 0 0.03993 0.84968 0.69284 17.3041 -5.73927 6.79395 0.83565 0.47822 17.2249 -4.45724 1.85147 0.3294 343600000000 123900000000
 0.7600   476010 0.7700   484709      1       -1       -1       -1  0 2.60567e+11 2.57400e+11 142.926000 7.692000 93.150000  1 0.2800 142.180000 37.57441 23.79948 11.34601 -4.160 216.580 -38.490 -1.292e+11 -5.978e+10 1.374e+11 0.06295 333236 333236 678949 4767 64 333211 333284 7.69211 257390000000 266920000000 257390000000 228790000000 152530000000 7.26537 0 0.04957 0.89221 0.7436 16.6135 -7.98705 6.6506 0.83583 0.50301 16.7807 -11.3847 -0.00367 0.3366 382100000000 76260000000
 0.7500   467275 0.7600   476010      1       -1       -1       -1  0 2.57400e+11 2.57400e+11 143.430000 6.840000 90.260000  1 0.2800 147.830000 37.56730 23.76574 11.35072 0.210 211.480 -36.300 -8.078e+10 -1.042e+11 1.178e+11 0.05793 333237 333237 678949 4812 63 333211 333284 6.83986 257390000000 257390000000 257390000000 247860000000 152530000000 5.38176 6.15 0.0445 0.86385 0.46922 6.42301 -0.50526 19.0037 0.70307 0.25433 -4.13811 6.63969 16.6289 0.3118 416500000000 47660000000
 0.7400   458477 0.7500   467275      1       -1       -1       -1  0 2.57400e+11 2.57400e+11 143.931000 9.012000 85.430000  1 0.2800 137.790000 37.56675 23.72196 11.35796 -2.540 207.980 -39.760 -5.291e+10 2.714e+09 6.060e+10 0.02725 333238 333238 678949 4896 62 333211 333284 9.01167 257390000000 257390000000 257390000000 238320000000 133460000000 5.05367 0 0.02036 0.76105 0.69414 5.76887 -14.4488 15.1901 0.72872 0.51283 3.61484 -10.4944 17.6803 0.2744 357100000000 114400000000
 0.7300   449650 0.7400   458477      1       -1       -1       -1  0 2.57400e+11 2.57400e+11 144.428000 7.587000 92.890000  1 0.2800 145.290000 37.56118 23.67770 11.37595 -3.510 205.080 -40.030 -5.274e+10 3.795e+09 6.091e+10 0.02790 333239 333239 678949 3869 61 333211 333284 7.58705 257390000000 257390000000 257390000000 219260000000 142990000000 14.8378 0 0.02051 0.78189 0.57305 -7.15206 -10.2928 11.0426 0.72771 0.44086 -5.27574 -9.94981 10.5182 0.3008 377900000000 95330000000
 0.7200   440803 0.7300   449650      1       -1       -1       -1  0 2.54233e+11 2.57400e+11 144.922000 21.903000 99.620000  1 0.2800 114.310000 37.63820 23.63698 11.38880 -7.470 208.530 -35.840 -4.999e+10 -1.875e+10 9.491e+10 0.02078 333240 333240 678949 4945 60 333211 333284 21.9033 257390000000 276460000000 238320000000 133460000000 0 60.4286 0 0.02783 0.18978 0.12192 67.5687 4.36182 11.9081 0.01016 0 63.3858 5.66734 12.954 0.6224 277400000000 152500000000
 0.7100   431895 0.7200   440803      1       -1       -1       -1  0 2.47867e+11 2.47900e+11 143.594000 5.429000 96.720000  1 0.2800 159.570000 37.55994 23.58183 11.38690 -3.340 200.480 -43.040 -4.784e+10 -1.979e+10 5.336e+10 0.02905 333241 333241 678949 4001 59 333211 333284 5.42856 247860000000 247860000000 228790000000 200190000000 171590000000 14.88 0 0.02035 0.89334 0.51533 -10.5324 10.7902 8.81242 0.65539 0.34159 -8.06261 10.6527 11.588 0.3006 477800000000 104900000000
 0.7000   422921 0.7100   431895      1       -1       -1       -1  0 2.38333e+11 2.38300e+11 142.203000 5.766000 86.430000  1 0.2800 155.050000 37.56159 23.53416 11.39339 -3.940 199.240 -40.020 -4.030e+09 6.126e+09 3.683e+10 0.01556 333242 333242 678949 5111 58 333211 333284 5.7665 238320000000 238320000000 219260000000 200190000000 181130000000 15.9529 0 0.01103 0.79641 0.63877 18.1343 3.97475 13.8333 0.93514 0.62235 10.364 -8.40473 14.5272 0.2644 435500000000 57200000000
 0.6900   413926 0.7000   422921      1       -1       -1       -1  0 2.31967e+11 2.28800e+11 140.744000 6.839000 79.330000  1 0.2800 145.910000 37.56331 23.48878 11.39901 -2.470 196.100 -38.640 1.300e+09 7.098e+08 2.876e+10 0.01249 333243 333243 678949 5141 57 333211 333284 6.83855 228790000000 228790000000 219260000000 200190000000 152530000000 11.5645 0 0.0091 0.88457 0.63064 15.5836 11.5567 2.7285 0.80596 0.61958 7.08525 16.0737 -3.2617 0.2454 380900000000 57200000000
 0.6800   404922 0.6900   413926      1       -1       -1       -1  0 2.28800e+11 2.28800e+11 141.203000 9.151000 76.690000  1 0.2800 135.590000 37.57081 23.43949 11.41121 -4.520 191.220 -35.790 3.977e+08 1.622e+09 2.851e+10 0.01219 333244 333244 678949 5128 56 333211 333284 9.15114 228790000000 228790000000 219260000000 190660000000 85797000000 4.57532 3.29 0.00908 0.5031 0.22926 14.735 15.0248 -6.05346 0.30139 0.13656 18.0149 13.0974 -2.4107 0.2404 307500000000 85800000000
 0.6700   395940 0.6800   404922      1       -1       -1       -1  0 2.28800e+11 2.19300e+11 139.662000 10.507000 70.250000  1 0.2800 129.410000 37.57740 23.38514 11.41819 -6.280 190.060 -39.280 -1.358e+09 6.592e+09 4.192e+10 0.01947 333245 333245 678949 5186 55 333211 333284 10.5069 219260000000 228790000000 209730000000 190660000000 76264000000 9.48004 0 0.01458 0.90604 0.73352 19.849 4.35536 2.50397 0.80099 0.54482 16.0062 11.0337 -8.134 0.213 300400000000 85800000000
 0.6600   387008 0.6700   395940      1       -1       -1       -1  0 2.28800e+11 2.09700e+11 138.045000 8.757000 66.850000  1 0.2800 134.020000 37.58019 23.33403 11.42707 -8.590 184.930 -37.060 2.194e+10 -3.647e+10 3.412e+10 0.02768 333246 333246 678949 5164 54 333211 333284 8.75707 209730000000 209730000000 200190000000 181130000000 76264000000 7.84153 0 0.02029 0.69671 0.51078 14.9896 -13.1906 -2.4376 0.40949 0.07352 -12.1532 12.7435 5.36828 0.1926 270800000000 76260000000
 0.6500   377974 0.6600   387008      1       -1       -1       -1  0 2.28800e+11 2.09700e+11 138.477000 8.567000 68.070000  1 0.2800 135.740000 37.58009 23.28775 11.44300 -9.010 181.370 -37.230 2.114e+10 -3.804e+10 3.340e+10 0.02790 333247 333247 678949 4007 53 333211 333284 8.5671 209730000000 209730000000 200190000000 171590000000 104860000000 3.53914 0 0.02053 0.79219 0.45322 -4.20079 3.29288 16.6434 0.60933 0.42179 -9.97144 1.21274 13.3719 0.197 269200000000 76260000000
 0.6400   368898 0.6500   377974      1       -1       -1       -1  0 2.28800e+11 2.09700e+11 138.905000 7.293000 71.420000  1 0.2800 142.850000 37.58261 23.23004 11.44658 -9.640 178.560 -35.870 -6.366e+09 3.692e+08 3.760e+10 0.01987 333248 333248 678949 4015 52 333211 333284 7.29254 209730000000 209730000000 181130000000 171590000000 123930000000 10.497 3.02 0.01436 0.76061 0.48808 15.3043 0.32433 14.4691 0.81064 0.54374 16.9931 0.68799 8.82675 0.2038 309700000000 66730000000
 0.6300   359784 0.6400   368898      1       -1       -1       -1  0 2.28800e+11 1.81100e+11 132.683000 5.088000 78.800000  1 0.2800 150.000000 37.58980 23.17661 11.45600 -9.400 178.480 -35.900 2.711e+10 -3.023e+10 2.040e+10 0.03459 333249 333249 678949 5095 51 333211 333284 5.08817 181130000000 190660000000 181130000000 171590000000 123930000000 1.73534 0 0.02198 0.74614 0.43344 12.8844 2.95172 8.67385 0.72861 0.42255 14.0373 3.95144 5.67277 0.2031 322100000000 76260000000
 0.6200   350680 0.6300   359784      1       -1       -1       -1  0 2.28800e+11 2.28800e+11 143.858000 24.741000 70.610000  1 0.2800 114.080000 37.61501 23.12490 11.51414 -6.320 172.870 -35.710 2.666e+10 2.752e+10 4.035e+10 0.01912 333250 333250 678949 5085 50 333211 333284 24.7408 228790000000 228790000000 228790000000 142990000000 0 28.3477 0 0.01836 0.16785 0.00803 14.3852 5.19289 49.0476 0.39842 0.31211 22.0176 0.38817 50.3332 0.2871 228800000000 162100000000
 0.6100   341552 0.6200   350680      1       -1       -1       -1  0 2.28800e+11 1.90700e+11 135.776000 5.848000 70.100000  1 0.2800 149.350000 37.59713 23.07761 11.48063 -12.240 170.010 -37.590 2.377e+10 -3.491e+10 4.997e+10 0.04186 333251 333251 678949 5069 49 333211 333284 5.84795 190660000000 209730000000 171590000000 171590000000 133460000000 1.87701 0 0.02944 0.74133 0.56431 22.666 4.8275 -2.10155 0.56248 0.46849 23.4017 0.28272 -6.96697 0.1923 322700000000 47660000000
 0.6000   332410 0.6100   341552      1       -1       -1       -1  0 2.28800e+11 2.09700e+11 140.566000 10.767000 68.050000  1 0.2800 132.710000 37.58978 23.01499 11.51219 -3.810 164.620 -34.020 3.501e+10 2.884e+10 3.169e+09 0.02198 333252 333252 678949 800 48 333211 333284 10.7675 209730000000 219260000000 200190000000 142990000000 47665000000 12.6541 0 0.01758 0.55926 0.31408 -11.4122 1.44075 20.1975 0.49987 0.2347 -1.00633 2.88497 20.1623 0.2098 262800000000 76260000000
 0.5900   323243 0.6000   332410      1       -1       -1       -1  0 2.28800e+11 2.00200e+11 138.798000 8.145000 63.580000  1 0.2800 141.020000 37.59648 22.96349 11.50486 -8.560 159.990 -37.260 5.170e+10 1.597e+09 2.050e+09 0.02943 333253 333253 678949 5366 47 333211 333284 8.14476 200190000000 209730000000 190660000000 152530000000 123930000000 10.877 4.2 0.02177 0.86461 0.38271 16.2127 -1.12462 16.9183 0.86333 0.41837 19.4966 -2.7756 3.87997 0.1683 278300000000 66730000000
 0.5800   314006 0.5900   323243      1       -1       -1       -1  0 2.28800e+11 2.28800e+11 145.523000 15.174000 56.680000  1 0.2800 128.930000 37.61194 22.91797 11.53878 -4.920 158.360 -34.020 2.148e+10 3.728e+10 4.778e+10 0.02733 333254 333254 678949 5373 46 333211 333284 15.1742 228790000000 228790000000 209730000000 171590000000 57198000000 5.96543 0 0.0218 0.5796 0.32461 15.3076 0.15512 28.2569 0.17981 0.00104 15.5398 1.31963 31.8243 0.1443 245000000000 133500000000
 0.5700   304775 0.5800   314006      1       -1       -1       -1  0 2.28800e+11 2.28800e+11 145.924000 12.298000 59.550000  1 0.2800 136.370000 37.60432 22.86051 11.53698 -5.690 154.100 -34.970 2.068e+10 3.612e+10 4.770e+10 0.02859 333255 333255 678949 5356 45 333211 333284 12.298 228790000000 228790000000 190660000000 162060000000 104860000000 12.781 1.63 0.02163 0.90191 0.72982 8.76172 16.7035 4.33475 0.36098 0.29536 3.79254 15.4841 -9.54841 0.1408 239300000000 114400000000
 0.5600   295525 0.5700   304775      1       -1       -1       -1  0 2.28800e+11 2.28800e+11 146.318000 7.782000 64.320000  1 0.2800 154.840000 37.60238 22.81032 11.55591 -4.060 149.540 -32.270 2.161e+10 2.627e+10 1.814e+10 0.01822 333256 333256 678949 5359 44 333211 333284 7.78232 228790000000 228790000000 219260000000 162060000000 104860000000 12.1337 0 0.01327 0.70993 0.44105 19.3945 -2.69016 2.90707 0.64202 0.41463 17.2648 -4.66665 2.17603 0.148 289400000000 85800000000
 0.5500   286272 0.5600   295525      1       -1       -1       -1  0 2.28800e+11 2.28800e+11 146.706000 11.489000 61.740000  1 0.2800 140.940000 37.61092 22.75744 11.58178 -2.990 148.690 -31.400 2.397e+10 5.955e+09 6.693e+10 0.03271 333257 333257 678949 5348 43 333211 333284 11.4886 228790000000 228790000000 228790000000 171590000000 104860000000 7.01766 0 0.02474 0.63817 0.56311 24.1782 -6.84998 7.99566 0.7087 0.49069 21.7318 -7.97849 6.52844 0.1457 255300000000 104900000000
 0.5400   277053 0.5500   286272      1       -1       -1       -1  0 2.28800e+11 2.28800e+11 147.087000 13.451000 61.340000  1 0.2800 136.890000 37.61360 22.70720 11.59000 -4.820 144.040 -33.440 2.718e+10 3.914e+09 4.429e+10 0.02443 333258 333258 678949 5353 42 333211 333284 13.4515 228790000000 228790000000 228790000000 181130000000 95330000000 15.1975 0 0.01822 0.59893 0.54509 7.0451 -9.55466 16.9745 0.25182 0.21173 -7.18228 14.9563 -12.5159 0.1389 250900000000 114400000000
 0.5300   267814 0.5400   277053      1       -1       -1       -1  0 2.28800e+11 2.28800e+11 147.461000 10.788000 65.090000  1 0.2800 145.660000 37.62005 22.64198 11.59637 -4.230 140.610 -33.110 2.635e+10 3.887e+09 4.261e+10 0.02336 333259 333259 678949 5257 41 333211 333284 10.7876 228790000000 228790000000 228790000000 171590000000 114400000000 5.75164 0 0.01771 0.7137 0.33614 -12.7521 1.80233 29.3934 0.54393 0.15559 -3.17922 -13.9295 29.4562 0.1564 271100000000 104900000000
 0.5200   258586 0.5300   267814      1       -1       -1       -1  0 2.28800e+11 2.28800e+11 147.828000 7.194000 67.150000  1 0.2800 163.930000 37.60988 22.59838 11.62930 -4.070 134.850 -31.700 2.018e+09 1.499e+10 5.716e+10 0.02935 333260 333260 678949 4198 40 333211 333284 7.19362 228790000000 228790000000 228790000000 162060000000 142990000000 26.4041 0 0.02101 0.69134 0.42629 -4.41881 3.50741 23.3038 0.66042 0.43322 -4.98272 1.44478 21.509 0.1474 347500000000 57200000000
 0.5100   249303 0.5200   258586      1       -1       -1       -1  0 2.28800e+11 2.19300e+11 146.100000 10.671000 66.240000  1 0.2800 146.100000 37.62069 22.54112 11.64898 -4.000 131.100 -31.060 8.625e+08 1.685e+10 5.613e+10 0.03070 333261 333261 678949 4158 39 333211 333284 10.6713 219260000000 219260000000 219260000000 152530000000 104860000000 23.418 0 0.02255 0.46193 0.31229 21.9567 -8.16024 -4.40727 0.32754 0.23446 16.6254 -6.03257 -3.46031 0.1527 249000000000 104900000000
 0.5000   240134 0.5100   249303      1       -1       -1       -1  0 2.28800e+11 2.28800e+11 148.539000 12.566000 61.950000  1 0.2800 144.180000 37.62666 22.46313 11.63846 -3.250 128.110 -29.790 6.970e+09 1.291e+10 5.326e+10 0.02599 333262 333262 678949 4184 38 333211 333284 12.566 228790000000 228790000000 219260000000 190660000000 0 5.95773 0 0.01997 0.55604 0.41471 38.1462 -3.56852 5.49814 0.46275 0.14326 34.2362 -0.3956 5.66726 0.1436 283400000000 85800000000
 0.4900   230954 0.5000   240134      1       -1       -1       -1  0 2.28800e+11 2.28800e+11 148.883000 13.176000 60.280000  1 0.2800 143.930000 37.62853 22.40398 11.65200 -3.070 124.750 -28.880 9.141e+09 1.391e+10 5.065e+10 0.02511 333263 333263 678949 5276 37 333211 333284 13.1759 228790000000 228790000000 219260000000 190660000000 0 6.06396 0 0.01945 0.87319 0.482 34.087 1.63652 6.34764 0.48836 0.11639 -22.7541 -10.4907 33.0883 0.1386 263200000000 95330000000
 0.4800   221806 0.4900   230954      1       -1       -1       -1  0 2.28800e+11 2.28800e+11 149.219000 14.373000 54.780000  1 0.2800 142.450000 37.63041 22.34437 11.66582 -2.960 121.370 -28.010 1.061e+10 1.489e+10 4.822e+10 0.02386 333264 333264 678949 5287 36 333211 333284 14.3727 228790000000 228790000000 228790000000 181130000000 0 5.97098 0 0.01898 0.48676 0.38869 -18.7697 -14.8095 31.6138 0.04709 0 24.3907 13.5974 -23.8003 0.1228 257400000000 104900000000
 0.4700   212672 0.4800   221806      1       -1       -1       -1  0 2.22433e+11 2.28800e+11 149.546000 16.587000 54.250000  1 0.2800 139.420000 37.63232 22.28431 11.67994 -3.970 118.240 -28.810 1.165e+10 1.476e+10 3.752e+10 0.01891 333265 333265 678949 5282 35 333211 333284 16.5875 228790000000 228790000000 219260000000 190660000000 0 6.20043 0 0.0156 0.46136 0.16 28.2252 4.62135 -26.3022 0.48891 0.40267 -22.359 -10.0792 29.7593 0.1258 250100000000 133500000000
 0.4600   203557 0.4700   212672      1       -1       -1       -1  0 2.19267e+11 2.09700e+11 145.581000 18.247000 50.870000  1 0.2800 133.380000 37.65002 22.20703 11.70438 -3.110 114.570 -27.620 5.861e+09 4.349e+09 4.463e+10 0.02353 333266 333266 678949 4087 34 333211 333284 18.2471 209730000000 209730000000 209730000000 142990000000 0 17.7934 0 0.01962 0.28343 0.13376 34.9348 1.65509 -29.7754 0.49753 0.30326 -21.3102 -6.49553 28.615 0.1202 209600000000 114400000000
 0.4500   194513 0.4600   203557      1       -1       -1       -1  0 1.97033e+11 2.19300e+11 148.060000 24.304000 48.630000  1 0.2800 130.190000 37.63617 22.16281 11.70911 -1.440 111.750 -26.860 7.419e+09 2.606e+10 2.458e+10 0.01780 333267 333267 678949 4050 33 333211 333284 24.3041 219260000000 219260000000 200190000000 133460000000 0 7.91993 0 0.01488 0.42466 0.34402 35.9018 -16.9151 -10.2579 0.17643 0.03805 34.6167 -18.3133 -5.6599 0.1051 196000000000 133500000000
 0.4400   185458 0.4500   194513      1       -1       -1       -1  0 1.84300e+11 1.62100e+11 134.138000 7.181000 59.900000  1 0.2800 153.280000 37.66840 22.07893 11.71276 -4.980 109.660 -24.440 2.974e+10 -1.926e+10 2.728e+10 0.04549 333268 333268 678949 5154 32 333211 333284 7.18055 162060000000 162060000000 152530000000 142990000000 85797000000 7.86719 1.92 0.03042 0.84657 0.40348 14.6596 -2.65166 4.62658 0.71723 0.26713 15.1105 -3.0305 -3.54998 0.1109 227000000000 47660000000
 0.4300   176443 0.4400   185458      1       -1       -1       -1  0 1.84300e+11 1.62100e+11 134.398000 6.642000 62.580000  1 0.2800 158.420000 37.64875 22.02207 11.72175 -4.060 103.320 -23.370 2.871e+10 -1.927e+10 2.603e+10 0.04331 333269 333269 678949 3958 31 333211 333284 6.64226 162060000000 162060000000 152530000000 133460000000 114400000000 19.3062 0 0.02976 0.73694 0.23897 22.0446 -4.34016 -9.1079 0.53577 0.04379 18.7499 -5.27351 -10.3768 0.1272 247700000000 38130000000
 0.4200   167482 0.4300   176443      1       -1       -1       -1  0 1.84300e+11 1.71600e+11 137.241000 11.150000 53.050000  1 0.2800 143.120000 37.64954 21.96531 11.72310 -3.180 98.790 -24.030 2.711e+10 -2.181e+10 2.625e+10 0.03552 333270 333270 678949 3936 30 333211 333284 11.1499 171590000000 171590000000 171590000000 142990000000 57198000000 22.3959 0 0.02754 0.84167 0.34051 1.69135 4.93479 17.9275 0.38166 0.09393 10.8999 -5.25019 -9.68093 0.1149 193000000000 76260000000
 0.4100   158603 0.4200   167482      1       -1       -1       -1  0 1.84300e+11 1.81100e+11 139.991000 27.047000 47.370000  1 0.2800 124.340000 37.62698 21.90824 11.77690 -4.090 96.510 -23.770 2.172e+10 -2.023e+10 4.958e+08 0.01956 333271 333271 678949 3828 29 333211 333284 27.0465 181130000000 181130000000 181130000000 104860000000 0 33.7689 0 0.01733 0.43443 0.01618 -20.5217 5.24726 32.2527 0.38587 0.00768 -7.56895 -0.17587 34.6235 0.114 170600000000 133500000000
 0.4000   149813 0.4100   158603      1       -1       -1       -1  0 1.84300e+11 1.90700e+11 142.654000 32.242000 46.650000  1 0.2800 125.330000 37.62647 21.84122 11.78988 -2.110 93.170 -24.790 2.812e+10 -1.819e+10 1.056e+10 0.02092 333272 333272 678949 4919 28 333211 333284 32.2423 190660000000 190660000000 181130000000 114400000000 0 32.0845 0 0.01904 0.19584 0.02273 5.90717 -0.20177 53.5496 0.29566 0.04445 -23.1232 5.00943 47.2781 0.1127 161300000000 171600000000
 0.3900   141132 0.4000   149813      1       -1       -1       -1  0 1.84300e+11 1.71600e+11 137.963000 17.130000 45.070000  1 0.2800 134.850000 37.66440 21.78173 11.77917 -2.360 88.530 -18.440 1.033e+10 -1.510e+10 1.115e+10 0.01721 333273 333273 678949 4870 27 333211 333284 17.1304 171590000000 171590000000 152530000000 123930000000 28599000000 13.3144 0 0.01401 0.55395 0.28338 38.5703 -4.25516 11.9743 0.40989 0.01063 24.0557 -15.7913 -9.79136 0.0859 165100000000 95330000000
 0.3800   132655 0.3900   141132      1       -1       -1       -1  0 1.84300e+11 1.71600e+11 138.187000 23.572000 47.280000  1 0.2800 128.930000 37.61109 21.70936 11.80654 -0.270 83.840 -23.110 1.304e+10 6.378e+09 2.862e+09 0.01092 333274 333274 678949 4800 26 333211 333284 23.5721 171590000000 171590000000 171590000000 85797000000 0 27.6399 0 0.0098 0.04595 0 75.0113 -6.30374 -6.7954 0.11476 0.04302 54.292 -6.22027 -9.28754 0.1108 160500000000 123900000000
 0.3700   124156 0.3800   132655      1       -1       -1       -1  0 1.84300e+11 1.81100e+11 140.919000 28.573000 46.230000  1 0.2800 129.580000 37.61155 21.65381 11.81733 -2.780 82.840 -22.280 4.807e+09 2.014e+08 -1.400e+10 0.01013 333275 333275 678949 3711 25 333211 333284 28.5725 181130000000 181130000000 171590000000 95330000000 9533000000 22.7033 0 0.00907 0.42704 0.11348 52.4684 -9.91578 -14.0753 0.51213 0.149 39.2063 -4.14392 -5.84658 0.1013 161100000000 162100000000
 0.3600   115685 0.3700   124156      1       -1       -1       -1  0 1.84300e+11 1.71600e+11 138.608000 11.423000 46.730000  1 0.2800 153.300000 37.65216 21.58967 11.83685 -0.120 77.880 -19.460 1.262e+08 -7.221e+09 -5.493e+09 0.00780 333276 333276 678949 4578 24 333211 333284 11.4226 171590000000 171590000000 171590000000 85797000000 85797000000 9.36045 0 0.00616 0.66419 0.29395 -10.1617 6.56915 10.138 0.75449 0.42497 -3.39274 14.4026 -1.34668 0.083 177500000000 85800000000
 0.3500   107367 0.3600   115685      1       -1       -1       -1  0 1.84300e+11 1.62100e+11 136.185000 11.240000 48.230000  1 0.2800 152.370000 37.64449 21.52590 11.85416 3.160 75.750 -15.810 -7.303e+09 -1.608e+10 -3.026e+09 0.01754 333277 333277 678949 4442 23 333211 333284 11.2399 162060000000 162060000000 162060000000 114400000000 76264000000 9.46646 0 0.01356 0.52318 0.39906 26.1248 -12.0643 -15.7034 0.63854 0.25868 19.5012 -15.8765 -1.14543 0.083 170500000000 76260000000
 0.3400    99226 0.3500   107367      1       -1       -1       -1  0 1.84300e+11 1.52500e+11 133.642000 9.065000 49.930000  1 0.2800 159.030000 37.63292 21.45808 11.86985 8.730 73.210 -17.970 2.260e+10 -2.287e+10 3.618e+10 0.05475 333278 333278 678949 4359 22 333211 333284 9.06479 152530000000 152530000000 152530000000 133460000000 38132000000 8.54288 5.49 0.0411 0.82694 0.58217 -12.8002 24.1945 3.9179 0.69929 0.49851 -15.5846 21.6721 -7.4044 0.0836 198500000000 38130000000
 0.3300    91326 0.3400    99226      1       -1       -1       -1  0 1.84300e+11 1.81100e+11 141.703000 15.802000 45.940000  1 0.2800 151.920000 37.62540 21.38439 11.87069 0.110 74.020 -14.440 2.082e+10 -2.598e+10 1.675e+10 0.02946 333279 333279 678949 4295 21 333211 333284 15.8019 181130000000 181130000000 181130000000 133460000000 9533000000 15.4041 0 0.0241 0.5172 0.23462 2.34036 2.90947 32.4753 0.08768 0 2.10315 -5.01393 24.1074 0.0767 180600000000 95330000000
 0.3200    83561 0.3300    91326      1       -1       -1       -1  0 1.84300e+11 1.90700e+11 144.324000 19.077000 49.600000  1 0.2800 151.560000 37.60805 21.32049 11.88692 3.360 74.190 -17.570 3.342e+10 -2.026e+10 1.342e+10 0.02993 333280 333280 678949 4134 20 333211 333284 19.0769 190660000000 190660000000 190660000000 142990000000 0 11.0442 0 0.0249 0.61792 0.0886 -4.17588 5.90133 38.8628 0.54927 0.1407 -5.13437 14.0572 40.1389 0.086 182800000000 123900000000
 0.3100    76039 0.3200    83561      1       -1       -1       -1  0 1.84300e+11 1.81100e+11 142.042000 15.566000 45.800000  1 0.2800 157.130000 37.59486 21.26580 11.91156 4.250 66.900 -15.900 1.161e+10 3.050e+10 1.771e+10 0.03168 333281 333281 678949 4070 19 333211 333284 15.566 181130000000 181130000000 162060000000 142990000000 47665000000 18.1318 0 0.02475 0.58122 0.42424 22.339 10.248 -6.20966 0.18581 0.0832 29.859 11.3587 0.62647 0.0642 186100000000 104900000000
 0.3000    68754 0.3100    76039      1       -1       -1       -1  0 1.81100e+11 1.81100e+11 142.198000 18.318000 45.100000  1 0.2800 154.470000 37.57268 21.17935 11.91452 2.100 62.530 -16.230 1.426e+10 2.905e+10 2.090e+10 0.03199 333282 333282 678949 3093 18 333211 333284 18.3175 181130000000 181130000000 181130000000 142990000000 9533000000 13.2861 0 0.02609 0.27437 0.13859 15.1846 0.79061 20.016 0.15711 0.06816 20.6997 -0.83941 23.9311 0.068 190900000000 95330000000
 0.2900    61726 0.3000    68754      1       -1       -1       -1  0 1.77933e+11 1.81100e+11 142.345000 20.949000 40.580000  1 0.2800 153.170000 37.56969 21.10802 11.93189 1.660 60.550 -14.960 1.536e+10 2.770e+10 2.005e+10 0.03014 333283 333283 678949 2911 17 333211 333284 20.9493 181130000000 181130000000 181130000000 123930000000 0 15.9283 0 0.02581 0.63302 0.18053 7.5669 -2.38078 51.6462 0.81658 0.74129 -19.7008 -3.6963 32.4599 0.064 180400000000 114400000000
 0.2800    54971 0.2900    61726      0       -1       -1       -1  0 1.71600e+11 1.71600e+11 139.939000 29.354000 36.970000  1 0.2800 144.830000 37.56716 21.03623 11.94913 -0.720 59.530 -10.830 5.694e+09 1.735e+09 3.136e+10 0.02725 333284 333284 678949 3523 16 333211 333284 29.3538 171590000000 162060000000 162060000000 114400000000 0 17.2313 0 0.02446 0.93152 0.0152 -0.58043 28.1891 -22.0371 0.55527 0.0077 -1.04965 -20.4659 30.2499 0.0598 147400000000 152500000000
