 1.0000   679247 0.0000       -1      1       -1       -1       -1  0 1.81100e+11 1.62100e+11 111.539000 3.336000 87.650000  1 0.7800 132.630000 31.85889 30.91747 29.05924 34.870 183.600 46.680 7.207e+09 1.863e+09 6.695e+08 0.00465 524086 524086 679247 4762 88 524085 524108 3.33639 162060000000 162060000000 133460000000 123930000000 76264000000 15.7457 0 0.0037 0.59856 0.41568 12.6523 1.69826 -7.57322 0.96708 0.53152 9.93553 2.41398 -3.59048 0.4193 322400000000 66730000000
 0.9900   671107 1.0000   679247      1       -1       -1       -1  0 1.81100e+11 1.62100e+11 112.009000 3.117000 92.650000  1 0.7800 136.120000 31.85616 30.90211 29.05493 37.740 180.070 46.940 6.908e+09 2.539e+09 8.241e+08 0.00487 524087 524087 679247 4934 87 524085 524108 3.11683 162060000000 162060000000 142990000000 133460000000 76264000000 15.4015 0 0.00368 0.66072 0.50159 7.60696 3.88554 -4.1974 0.48672 0.38607 5.3154 7.10627 -0.29228 0.4207 334700000000 76260000000
 0.9800   662709 0.9900   671107      1       -1       -1       -1  0 1.81100e+11 1.62100e+11 112.479000 4.291000 91.820000  1 0.7800 123.750000 31.85246 30.88335 29.04932 40.540 176.540 47.240 6.679e+09 3.189e+09 1.003e+09 0.00462 524088 524088 679247 4815 86 524085 524108 4.29088 162060000000 162060000000 142990000000 133460000000 104860000000 14.6918 0 0.00372 0.65684 0.36361 10.2665 -1.81253 -8.17612 0.7015 0.50687 -3.30757 7.11563 5.67944 0.4473 305100000000 66730000000
 0.9700   654348 0.9800   662709      1       -1       -1       -1  0 1.81100e+11 1.62100e+11 112.947000 4.507000 89.340000  1 0.7800 122.460000 31.84875 30.86419 29.04350 43.250 173.020 47.570 6.528e+09 3.887e+09 1.148e+09 0.00464 524089 524089 679247 7716 85 524085 524108 4.50683 162060000000 162060000000 142990000000 133460000000 114400000000 13.5783 0 0.00384 0.54699 0.4366 10.09 -9.11398 -8.38509 0.15725 0.07977 -8.91545 11.6865 9.2683 0.4462 331600000000 66730000000
 0.9600   646027 0.9700   654348      1       -1       -1       -1  0 1.81100e+11 1.62100e+11 113.416000 4.788000 87.410000  1 0.7800 120.800000 31.84514 30.84474 29.03746 45.870 169.510 47.930 6.457e+09 4.698e+09 1.261e+09 0.00484 524090 524090 679247 4771 84 524085 524108 4.78843 162060000000 162060000000 152530000000 133460000000 95330000000 11.9938 0 0.00405 0.48562 0.38495 17.4431 -7.07315 -9.67539 0.27153 0.2451 13.2284 -13.0157 -9.39523 0.4407 304400000000 57200000000
 0.9500   637706 0.9600   646027      1       -1       -1       -1  0 1.81100e+11 1.62100e+11 113.883000 6.010000 83.980000  1 0.7800 113.660000 31.85019 30.82380 29.02732 48.390 166.050 48.310 6.459e+09 5.647e+09 1.504e+09 0.00511 524091 524091 679247 4777 83 524085 524108 6.01042 162060000000 162060000000 162060000000 142990000000 57198000000 1.20209 0 0.00438 0.48135 0.33858 18.8022 -6.13036 -9.01094 0.40954 0.29765 18.5736 -9.44398 -5.31441 0.4312 291000000000 47660000000
 0.9400   629403 0.9500   637706      1       -1       -1       -1  0 1.81100e+11 1.62100e+11 114.350000 5.334000 80.350000  1 0.7800 118.090000 31.84816 30.80648 29.02011 50.790 162.690 48.710 6.503e+09 6.627e+09 2.231e+09 0.00561 524092 524092 679247 4803 82 524085 524108 5.33427 162060000000 162060000000 162060000000 152530000000 47665000000 3.76089 0 0.00481 0.48076 0.1095 21.2725 -4.67862 -9.38708 0.41705 0.08648 19.1053 -4.95518 -7.26749 0.4094 318600000000 19070000000
 0.9300   621082 0.9400   629403      1       -1       -1       -1  0 1.81100e+11 1.62100e+11 114.815000 6.520000 78.910000  1 0.7800 112.110000 31.83471 30.78641 29.01681 53.060 159.550 49.190 6.648e+09 7.268e+09 4.146e+09 0.00631 524093 524093 679247 4811 81 524085 524108 6.52018 162060000000 171590000000 162060000000 152530000000 28599000000 4.15146 0 0.0054 0.34051 0.11942 24.3209 -0.11901 -14.9737 0.53968 0.23092 22.4392 -3.74308 -10.9723 0.3987 290800000000 28600000000
 0.9200   612738 0.9300   621082      1       -1       -1       -1  0 1.81100e+11 1.71600e+11 117.498000 7.783000 82.450000  1 0.7800 110.040000 31.83117 30.76705 29.00876 56.200 151.070 54.260 -3.938e+10 -2.230e+10 -1.884e+10 0.02607 524094 524094 679247 4818 80 524085 524108 7.78259 171590000000 171590000000 162060000000 162060000000 57198000000 4.18451 0 0.02262 0.21797 0.11341 22.1633 -2.32455 -11.3266 0.2125 0.06618 18.2896 -1.83438 -10.6251 0.4148 277100000000 57200000000
 0.9100   604374 0.9200   612738      1       -1       -1       -1  0 1.81100e+11 1.71600e+11 117.970000 11.922000 82.520000  1 0.7800 99.690000 31.80189 30.73425 29.01204 57.160 153.530 50.760 -4.372e+10 -3.747e+10 -4.661e+10 0.03208 524095 524095 679247 4922 79 524085 524108 11.922 171590000000 181130000000 171590000000 123930000000 9533000000 29.9941 7.74 0.03429 0.15128 0.02199 37.9789 8.18758 -17.5151 0.1024 0 37.9787 12.0361 -20.6603 0.5209 235000000000 85800000000
 0.9000   596002 0.9100   604374      1       -1       -1       -1  0 1.81100e+11 1.71600e+11 118.442000 7.675000 81.420000  1 0.7800 111.440000 31.82180 30.72485 28.99916 61.390 142.620 54.420 -3.817e+10 -1.999e+10 -1.889e+10 0.02627 524096 524096 679247 4990 78 524085 524108 7.67531 171590000000 181130000000 171590000000 152530000000 66731000000 6.41823 0 0.02186 0.42795 0.31024 17.2261 -0.08346 -12.4876 0.33208 0.1043 13.9494 3.35032 -9.12412 0.3868 266800000000 66730000000
 0.8900   587592 0.9000   596002      1       -1       -1       -1  0 1.81100e+11 1.71600e+11 118.912000 10.759000 81.510000  1 0.7800 102.960000 31.78993 30.68941 28.98746 64.150 138.040 54.350 -3.606e+10 -1.793e+10 -1.711e+10 0.01947 524097 524097 679247 5020 77 524085 524108 10.7591 171590000000 181130000000 171590000000 142990000000 0 28.7215 0 0.0204 0.37362 0.07564 31.3876 11.9855 -10.0763 0.30137 0.07652 30.212 11.8603 -6.99962 0.4995 249300000000 57200000000
 0.8800   579208 0.8900   587592      1       -1       -1       -1  0 1.81100e+11 1.71600e+11 119.381000 7.851000 88.790000  1 0.7800 111.830000 31.78393 30.69642 28.98417 57.620 130.810 58.410 -3.014e+09 3.216e+08 4.541e+10 0.02085 524098 524098 679247 957 76 524085 524108 7.8509 171590000000 171590000000 171590000000 162060000000 0 19.7999 0 0.0213 0.57714 0.30974 29.0786 -3.53542 -18.8218 0.48585 0.24903 30.2901 -4.62301 -13.6506 0.5244 279700000000 19070000000
 0.8700   570750 0.8800   579208      1       -1       -1       -1  0 1.81100e+11 1.71600e+11 119.848000 7.138000 89.590000  1 0.7800 115.240000 31.77592 30.67667 28.97619 59.900 126.570 59.190 -3.092e+09 1.831e+09 4.450e+10 0.02089 524099 524099 679247 4035 75 524085 524108 7.13788 171590000000 181130000000 171590000000 162060000000 0 19.1677 0 0.02097 0.61769 0.12278 32.0924 -1.69092 -16.6629 0.12152 0.01833 38.7841 -12.157 -12.0138 0.5203 293600000000 0
 0.8600   562294 0.8700   570750      1       -1       -1       -1  0 1.81100e+11 1.81100e+11 122.501000 6.834000 87.040000  1 0.7800 119.910000 31.78294 30.65140 28.96874 64.350 122.870 59.330 -1.570e+09 -1.964e+10 3.014e+10 0.01663 524100 524100 679247 4275 74 524085 524108 6.83403 181130000000 181130000000 171590000000 162060000000 28599000000 6.59206 0 0.01552 0.32573 0.17404 26.6768 4.39843 -20.0144 0.31742 0.06294 18.0703 -0.11094 -11.28 0.4616 314200000000 28600000000
 0.8500   553856 0.8600   562294      1       -1       -1       -1  0 1.81100e+11 1.71600e+11 120.777000 10.605000 87.110000  1 0.7800 105.270000 31.74826 30.64496 28.95508 68.580 120.460 59.540 7.392e+08 -2.133e+10 4.308e+10 0.02002 524101 524101 679247 5027 73 524085 524108 10.6053 181130000000 190660000000 171590000000 133460000000 0 21.8372 0 0.02276 0.04407 0.00632 47.35 -13.1418 -6.93884 0.0258 0 45.1739 -11.0085 -7.36549 0.5679 249000000000 47660000000
 0.8400   545353 0.8500   553856      1       -1       -1       -1  0 1.81100e+11 1.81100e+11 123.444000 9.695000 79.380000  1 0.7800 110.540000 31.75691 30.61147 28.95147 67.960 115.010 60.080 -2.696e+09 -1.805e+10 2.823e+10 0.01507 524102 524102 679247 5134 72 524085 524108 9.69536 181130000000 181130000000 181130000000 152530000000 0 11.7406 0 0.0146 0.36588 0.15019 27.2388 6.76017 -19.0755 0.15592 0.02393 23.2147 8.29137 -17.1233 0.4352 260900000000 47660000000
 0.8300   536837 0.8400   545353      1       -1       -1       -1  1 1.81100e+11 1.81100e+11 123.913000 11.726000 75.260000  1 0.7800 106.930000 31.74805 30.59649 28.94364 67.960 115.010 60.080 -3.294e+09 -1.714e+10 2.731e+10 0.01423 524103 524103 679247 8296 71 524085 524108 12.0672 181130000000 181130000000 181130000000 119163500000 0 16.1907 0 0.01414 0.33404 0.0889 32.0925 -5.21719 -14.8762 0.266745 0.011965 24.4903 -0.133565 -11.9696 0.41935 243350000000 66730000000
 0.8200   528241 0.8300   536837      1       -1       -1       -1  0 1.74733e+11 1.81100e+11 124.379000 13.756000 70.630000  1 0.7800 103.050000 31.72195 30.59469 28.92374 70.870 107.420 60.610 -3.892e+09 -1.622e+10 2.640e+10 0.01338 524104 524104 679247 4064 70 524085 524108 13.7561 181130000000 181130000000 181130000000 85797000000 0 20.6409 0 0.01368 0.3022 0.02761 36.9463 -17.1945 -10.6769 0.37757 0 25.7659 -8.5585 -6.81593 0.4035 225800000000 85800000000
 0.8100   519600 0.8200   528241      1       -1       -1       -1  1 1.71600e+11 1.62000e+11 120.248000 10.427000 73.610000  1 0.7800 107.040000 31.71241 30.58022 28.91558 70.870 107.420 60.610 9.239e+09 6.285e+09 3.130e+10 0.02615 524105 524105 679247 8505 69 524085 524108 11.397 162060000000 181130000000 162060000000 100098500000 38132000000 17.5766 0 0.023665 0.49694 0.111665 13.9856 -12.6164 1.39847 0.61232 0.097005 18.1305 -3.79385 -8.60492 0.3931 211850000000 71500000000
 0.8000   510920 0.8100   519600      1       -1       -1       -1  0 1.71600e+11 1.43000e+11 115.811000 7.098000 76.370000  1 0.7800 110.750000 31.74670 30.55192 28.88888 69.040 96.920 71.100 2.237e+10 2.879e+10 3.619e+10 0.03893 524106 524106 679247 4121 68 524085 524108 7.09833 142990000000 181130000000 142990000000 114400000000 76264000000 14.5123 0 0.03365 0.69168 0.19572 -8.97502 -8.03825 13.4739 0.84707 0.19401 10.4952 0.9708 -10.3939 0.3827 197900000000 57200000000
 0.7900   502277 0.8000   510920      1       -1       -1       -1  1 1.71600e+11 1.57300e+11 120.028000 9.907000 72.080000  1 0.7800 107.810000 31.73709 30.53843 28.87898 69.040 96.920 71.100 8.408e+09 5.520e+09 1.525e+10 0.02462 524107 524107 679247 8402 67 524085 524108 10.6472 157290000000 181130000000 138225000000 114400000000 52431500000 11.9825 0 0.02157 0.600805 0.267905 5.86072 -2.22379 -1.29566 0.79492 0.315205 12.7501 5.49939 -9.0145 0.3561 197650000000 76265000000
 0.7800   493638 0.7900   502277      0       -1       -1       -1  0 1.71600e+11 1.71600e+11 123.967000 12.716000 67.210000  1 0.7800 104.690000 31.70530 30.51299 28.87857 74.490 91.200 63.680 -5.555e+09 -1.775e+10 -5.685e+09 0.01032 524108 524108 679247 3816 66 524085 524108 12.7164 171590000000 181130000000 133460000000 114400000000 28599000000 9.45269 0 0.00949 0.50993 0.34009 20.6965 3.59066 -16.0652 0.74277 0.4364 15.0051 10.028 -7.63508 0.3295 197400000000 95330000000
