 1.0000   680255 0.0000       -1      1       -1       -1       -1  0 2.51067e+11 2.47900e+11 128.510000 7.610000 96.810000  1 0.3200 124.960000 34.88713 31.79132 53.20440 -108.260 47.070 14.380 6.854e+10 -1.291e+11 6.690e+10 0.04369 432347 432347 680255 5770 88 432346 432415 7.6096 247860000000 285990000000 228790000000 181130000000 95330000000 6.99216 0 0.03918 0.71573 0.35285 8.03831 0.6275 14.3614 0.72324 0.28808 5.78999 0.48972 12.4613 0.4716 370000000000 85800000000
 0.9900   672127 1.0000   680255      1       -1       -1       -1  0 2.51067e+11 2.47900e+11 129.051000 8.645000 95.990000  1 0.3200 121.290000 34.89536 31.78428 53.20073 -106.920 46.660 14.980 6.583e+10 -1.236e+11 6.764e+10 0.04157 432348 432348 680255 5661 87 432346 432415 8.64518 247860000000 295520000000 228790000000 181130000000 104860000000 4.4741 0 0.03802 0.58296 0.34619 0.84249 4.26853 20.3239 0.42785 0.11167 -2.35921 4.05492 19.1593 0.4762 330300000000 104900000000
 0.9800   663708 0.9900   672127      1       -1       -1       -1  0 2.51067e+11 2.47900e+11 129.592000 6.121000 96.020000  1 0.3200 133.880000 34.90572 31.78102 53.20147 -105.540 46.310 15.600 6.319e+10 -1.182e+11 6.873e+10 0.04040 432349 432349 680255 5682 86 432346 432415 6.12096 247860000000 266920000000 219260000000 181130000000 123930000000 3.94633 0 0.03692 0.7443 0.40776 1.08678 3.80212 19.1664 0.45482 0.19966 -9.08419 -1.03221 14.8127 0.4751 416500000000 66730000000
 0.9700   655329 0.9800   663708      1       -1       -1       -1  0 2.51067e+11 2.47900e+11 130.132000 7.594000 96.220000  1 0.3200 126.580000 34.91495 31.78207 53.20369 -104.120 46.000 16.260 6.083e+10 -1.128e+11 6.954e+10 0.03932 432350 432350 680255 4747 85 432346 432415 7.59413 247860000000 266920000000 200190000000 181130000000 123930000000 8.34231 0 0.03586 0.75039 0.36254 21.6668 6.78178 5.87604 0.70505 0.35416 13.376 1.86377 -11.4818 0.4741 368600000000 95330000000
 0.9600   646990 0.9700   655329      1       -1       -1       -1  0 2.51067e+11 2.47900e+11 130.671000 7.673000 97.140000  1 0.3200 126.760000 34.92949 31.77706 53.20419 -102.680 45.740 16.930 5.886e+10 -1.068e+11 6.986e+10 0.03828 432351 432351 680255 5764 84 432346 432415 7.67308 247860000000 266920000000 181130000000 171590000000 123930000000 11.0534 0 0.03468 0.70179 0.32134 20.2262 4.80458 1.73814 0.41281 0.06478 -11.1029 -1.85638 11.7773 0.4745 380800000000 85800000000
 0.9500   638664 0.9600   646990      1       -1       -1       -1  0 2.41533e+11 2.57400e+11 132.871000 6.501000 98.820000  1 0.3200 135.470000 34.94459 31.77936 53.20817 -100.110 47.860 14.620 2.019e+09 -6.181e+10 6.145e+10 0.02246 432352 432352 680255 5725 83 432346 432415 6.50124 257390000000 266920000000 181130000000 171590000000 133460000000 16.2115 0 0.02026 0.62645 0.42815 15.0201 -0.90047 -2.63552 0.51673 0.26867 13.3944 -3.57322 -3.95573 0.4713 423800000000 76260000000
 0.9400   630348 0.9500   638664      1       -1       -1       -1  0 2.41500e+11 2.19300e+11 126.472000 5.057000 98.410000  1 0.3200 136.660000 34.95577 31.77117 53.20349 -108.570 44.980 16.850 9.190e+10 -1.220e+11 -4.156e+10 0.05928 432353 432353 680255 5721 82 432346 432415 5.05652 219260000000 276460000000 181130000000 171590000000 142990000000 13.6383 0 0.0482 0.69076 0.4763 -2.49505 4.97113 13.0979 0.67628 0.47046 -1.70456 3.97044 12.7426 0.4387 425900000000 66730000000
 0.9300   622022 0.9400   630348      1       -1       -1       -1  0 2.41500e+11 2.38300e+11 130.566000 18.188000 97.820000  1 0.3200 103.470000 34.93982 31.74809 53.16628 -102.140 43.010 19.380 9.362e+10 -1.438e+11 7.334e+09 0.03062 432354 432354 680255 5742 81 432346 432415 18.1882 238320000000 324120000000 219260000000 104860000000 0 21.9464 3.92 0.04568 0.3917 0.08334 26.0681 16.8445 32.7519 0.41746 0.00031 24.1039 17.3924 20.6885 0.715 278600000000 152500000000
 0.9200   613676 0.9300   622022      1       -1       -1       -1  0 2.41500e+11 2.09700e+11 125.626000 5.057000 100.190000  1 0.3200 135.280000 34.98833 31.76161 53.19448 -105.670 43.410 18.160 -3.741e+10 3.211e+10 -6.636e+10 0.03427 432355 432355 680255 5774 80 432346 432415 5.05694 209730000000 238320000000 190660000000 162060000000 114400000000 5.35066 0 0.0273 0.6314 0.4729 -0.53483 4.61204 16.9321 0.56573 0.31414 1.22661 4.17257 18.1252 0.4378 414200000000 76260000000
 0.9100   605302 0.9200   613676      1       -1       -1       -1  0 2.41500e+11 2.09700e+11 126.131000 6.408000 97.440000  1 0.3200 126.880000 35.00190 31.75745 53.19004 -103.470 43.750 18.630 -3.817e+10 3.184e+10 -6.473e+10 0.03395 432356 432356 680255 5781 79 432346 432415 6.40823 209730000000 228790000000 200190000000 171590000000 114400000000 4.53367 0 0.02704 0.81638 0.52518 4.71252 9.49025 7.14683 0.73323 0.40554 7.26522 8.30579 4.36855 0.4236 372300000000 57200000000
 0.9000   596926 0.9100   605302      1       -1       -1       -1  0 2.41500e+11 2.09700e+11 126.635000 5.829000 92.700000  1 0.3200 130.970000 35.01424 31.75238 53.18887 -101.290 44.110 19.020 -3.877e+10 3.175e+10 -6.372e+10 0.03374 432357 432357 680255 5779 78 432346 432415 5.82893 209730000000 209730000000 200190000000 181130000000 123930000000 5.1034 0 0.02696 0.96363 0.5753 16.8114 0.178 -3.60747 0.7316 0.54257 14.6367 6.1672 6.1585 0.4001 381200000000 85800000000
 0.8900   588513 0.9000   596926      1       -1       -1       -1  0 2.41500e+11 2.09700e+11 127.138000 7.128000 90.730000  1 0.3200 124.330000 35.03299 31.74451 53.18357 -98.980 43.270 17.020 -3.890e+10 3.199e+10 -6.336e+10 0.03218 432358 432358 680255 5809 77 432346 432415 7.12784 209730000000 209730000000 200190000000 181130000000 104860000000 3.62124 2.63 0.02701 0.73327 0.38556 -14.6496 8.21913 14.2177 0.87248 0.37551 -10.4005 8.49266 13.1487 0.4125 330500000000 47660000000
 0.8800   580132 0.8900   588513      1       -1       -1       -1  0 2.41500e+11 2.00200e+11 125.675000 8.805000 93.330000  1 0.3200 115.810000 35.05211 31.73654 53.17996 -97.260 43.780 17.830 -4.646e+10 5.407e+10 -7.654e+10 0.04271 432359 432359 680255 5803 76 432346 432415 8.80459 200190000000 219260000000 200190000000 171590000000 76264000000 13.3039 0 0.03786 0.49165 0.31868 -14.5654 14.7629 16.2708 0.24581 0.17002 -9.16207 17.5282 14.7207 0.4578 299900000000 85800000000
 0.8700   571655 0.8800   580132      1       -1       -1       -1  0 2.41500e+11 2.00200e+11 126.167000 6.220000 90.920000  1 0.3200 127.850000 35.05922 31.73381 53.18525 -95.440 44.320 18.610 -4.840e+10 5.272e+10 -7.743e+10 0.04808 432360 432360 680255 4847 75 432346 432415 6.21958 200190000000 219260000000 190660000000 171590000000 95330000000 3.71166 0 0.03831 0.70857 0.54179 13.362 -4.62983 -6.04771 0.66286 0.53503 12.4436 -4.67687 -6.2806 0.3923 327000000000 66730000000
 0.8600   563190 0.8700   571655      1       -1       -1       -1  0 2.41500e+11 2.09700e+11 128.636000 7.816000 85.920000  1 0.3200 123.030000 35.06702 31.73323 53.18955 -92.760 45.810 19.910 -4.066e+10 3.318e+10 -6.467e+10 0.03443 432361 432361 680255 5888 74 432346 432415 7.81567 209730000000 219260000000 181130000000 171590000000 104860000000 13.8682 0 0.02811 0.77903 0.44652 9.80369 -0.66214 -9.24607 0.66511 0.23036 -4.41944 -1.31714 10.6087 0.3702 309300000000 85800000000
 0.8500   554750 0.8600   563190      1       -1       -1       -1  0 2.41500e+11 2.00200e+11 127.145000 29.159000 85.210000  1 0.3200 93.160000 35.02913 31.68684 53.15865 -80.870 47.630 19.650 -1.732e+10 -4.412e+10 -6.607e+10 0.01985 432362 432362 680255 5864 73 432346 432415 29.1595 200190000000 266920000000 171590000000 0 0 45.1129 0 0.02977 0.15766 0.07044 51.9087 39.4475 14.8125 0 0 0 0 0 0.6631 256000000000 190700000000
 0.8400   546249 0.8500   554750      1       -1       -1       -1  0 2.41500e+11 2.09700e+11 129.626000 26.524000 82.150000  1 0.3200 96.370000 35.04750 31.68024 53.15492 -83.160 47.310 17.900 -2.049e+10 -6.618e+10 -5.030e+10 0.02174 432363 432363 680255 5904 72 432346 432415 26.5238 209730000000 257390000000 181130000000 0 0 44.5313 0 0.02913 0.18793 0.13624 41.6612 37.2905 18.4965 0 0 0 0 0 0.5871 241400000000 181100000000
 0.8300   537733 0.8400   546249      1       -1       -1       -1  0 2.41500e+11 2.09700e+11 130.118000 8.763000 78.460000  1 0.3200 121.180000 35.11812 31.70883 53.16648 -85.490 38.460 21.130 -6.172e+10 6.150e+10 -5.607e+10 0.04172 432364 432364 680255 5920 71 432346 432415 8.7635 209730000000 209730000000 171590000000 171590000000 104860000000 14.7268 6.53 0.03539 0.65435 0.59464 16.8906 14.0196 -2.92385 0.45433 0.36873 22.0305 2.59855 -1.33895 0.3405 290800000000 85800000000
 0.8200   529141 0.8300   537733      1       -1       -1       -1  0 2.41500e+11 2.09700e+11 130.608000 7.482000 75.950000  1 0.3200 127.050000 35.13070 31.70382 53.16113 -84.240 39.770 22.810 -3.583e+10 5.895e+10 1.466e+10 0.02945 432365 432365 680255 4912 70 432346 432415 7.48182 209730000000 209730000000 190660000000 162060000000 114400000000 7.00031 0 0.02419 0.81794 0.53958 16.1327 15.178 -5.11127 0.77134 0.35686 -14.9834 -12.0118 11.6094 0.3062 313900000000 57200000000
 0.8100   520497 0.8200   529141      1       -1       -1       -1  0 2.41500e+11 1.90700e+11 126.996000 6.239000 81.600000  1 0.3200 129.010000 35.13748 31.70107 53.17391 -82.000 39.780 23.040 -4.877e+10 6.052e+10 7.236e+09 0.03984 432366 432366 680255 5961 69 432346 432415 6.23917 190660000000 200190000000 181130000000 171590000000 123930000000 4.10006 0 0.03152 0.56327 0.37007 12.0494 19.6955 -0.01319 0.56591 0.37694 9.14053 17.9566 -2.84555 0.331 319700000000 47660000000
 0.8000   511819 0.8100   520497      1       -1       -1       -1  0 2.41500e+11 1.90700e+11 127.466000 5.871000 84.520000  1 0.3200 131.990000 35.14141 31.67707 53.16002 -80.230 40.670 23.510 -4.817e+10 6.002e+10 7.669e+09 0.04212 432367 432367 680255 4959 68 432346 432415 5.87149 190660000000 209730000000 190660000000 152530000000 114400000000 18.329 0 0.03137 0.73828 0.47744 10.3554 11.6491 2.4901 0.82391 0.60037 -5.15832 -9.1015 8.48683 0.3185 312600000000 57200000000
 0.7900   503178 0.8000   511819      1       -1       -1       -1  1 2.41500e+11 1.76400e+11 124.615000 13.023000 85.710000  1 0.3200 115.980000 35.15258 31.67141 53.15675 -80.230 40.670 23.510 -3.089e+10 3.486e+10 -1.318e+10 0.02711 432368 432368 680255 8614 67 432346 432415 16.1438 176360000000 224025000000 157295000000 76265000000 57200000000 35.6934 0 0.025855 0.545125 0.36487 31.5374 26.6056 4.8693 0.411955 0.300185 -2.57916 -4.55075 4.24341 0.527 260650000000 90550000000
 0.7800   494546 0.7900   503178      1       -1       -1       -1  0 2.41500e+11 1.62100e+11 121.628000 20.175000 86.860000  1 0.3200 93.640000 35.12370 31.62497 53.14766 -81.310 38.300 18.490 -1.362e+10 9.701e+09 -3.403e+10 0.01210 432369 432369 680255 4962 66 432346 432415 20.1754 162060000000 238320000000 123930000000 0 0 53.0579 0 0.02034 0.35197 0.2523 52.7193 41.5622 7.24849 0 0 0 0 0 0.7355 208700000000 123900000000
 0.7700   485863 0.7800   494546      1       -1       -1       -1  0 2.41500e+11 2.00200e+11 130.974000 7.748000 79.200000  1 0.3200 126.800000 35.20043 31.66121 53.14319 -74.950 42.640 22.990 -4.026e+10 6.773e+10 5.252e+09 0.03821 432370 432370 680255 6009 65 432346 432415 7.7478 200190000000 200190000000 181130000000 171590000000 95330000000 12.6216 0 0.02993 0.64512 0.45617 22.3866 2.58139 -1.87253 0.54732 0.23094 19.0187 1.37844 -8.60298 0.303 296500000000 76260000000
 0.7600   477161 0.7700   485863      1       -1       -1       -1  0 2.41500e+11 1.90700e+11 129.320000 6.559000 76.930000  1 0.3200 130.800000 35.20070 31.65722 53.14679 -75.140 44.340 23.790 -3.855e+10 5.554e+10 2.724e+10 0.04031 432371 432371 680255 6042 64 432346 432415 6.55901 190660000000 200190000000 181130000000 171590000000 114400000000 9.50181 0 0.03011 0.83119 0.33548 16.087 -4.64436 7.18847 0.86748 0.32237 13.833 -6.6077 9.37628 0.2746 300200000000 38130000000
 0.7500   468432 0.7600   477161      1       -1       -1       -1  0 2.41500e+11 1.90700e+11 129.776000 7.368000 73.470000  1 0.3200 127.380000 35.23017 31.64377 53.13481 -73.330 44.730 23.760 -3.859e+10 5.393e+10 2.665e+10 0.03821 432372 432372 680255 6047 63 432346 432415 7.3684 190660000000 200190000000 181130000000 171590000000 28599000000 8.30807 0 0.02967 0.63264 0.27541 22.0334 -3.10419 3.07807 0.37036 0.01667 24.2492 -0.45006 3.94846 0.2701 314600000000 38130000000
 0.7400   459621 0.7500   468432      1       -1       -1       -1  0 2.41500e+11 1.90700e+11 130.230000 7.717000 70.210000  1 0.3200 126.530000 35.24098 31.63433 53.12861 -71.540 45.180 23.720 -3.849e+10 5.215e+10 2.638e+10 0.03834 432373 432373 680255 6067 62 432346 432415 7.71673 190660000000 209730000000 190660000000 181130000000 38132000000 7.12065 0 0.02919 0.7388 0.49768 18.6778 9.86944 -0.46308 0.73199 0.57144 18.2387 7.82022 -2.38462 0.243 307200000000 38130000000
 0.7300   450799 0.7400   459621      1       -1       -1       -1  0 2.41500e+11 1.81100e+11 128.464000 50.899000 74.170000  1 0.3200 91.340000 35.18971 31.57646 53.15560 -69.210 57.190 33.840 -4.574e+10 1.563e+09 -1.162e+11 0.03980 432374 432374 680255 5021 61 432346 432415 50.8993 181130000000 190660000000 104860000000 0 0 68.1712 13.78 0.05702 0.00814 0 49.9693 31.8638 -9.76302 0 0 0 0 0 0.5727 191700000000 266900000000
 0.7200   441951 0.7300   450799      1       -1       -1       -1  0 2.41500e+11 2.00200e+11 133.276000 8.085000 76.430000  1 0.3200 129.110000 35.27003 31.62023 53.12667 -66.750 41.880 20.280 -3.315e+10 4.376e+10 3.018e+10 0.03302 432375 432375 680255 6124 60 432346 432415 8.08548 200190000000 209730000000 190660000000 162060000000 95330000000 7.83897 3.71 0.02434 0.63996 0.51341 10.7326 9.953 2.88682 0.79803 0.6951 12.0995 0.55874 2.25703 0.2519 298500000000 76260000000
 0.7100   433036 0.7200   441951      1       -1       -1       -1  0 2.41500e+11 1.81100e+11 129.339000 31.393000 82.800000  1 0.3200 95.510000 35.21763 31.56228 53.15569 -64.470 46.940 25.030 4.720e+10 -3.459e+10 6.508e+09 0.01695 432376 432376 680255 5104 59 432346 432415 31.3928 181130000000 209730000000 162060000000 0 0 56.4747 0 0.02718 0.07176 0.0485 58.5776 40.8266 -26.3685 0 0 0 0 0 0.6661 183600000000 171600000000
 0.7000   424061 0.7100   433036      1       -1       -1       -1  0 2.41500e+11 1.90700e+11 132.009000 35.494000 83.390000  1 0.3200 96.680000 35.23199 31.55176 53.15573 -64.900 48.270 23.220 3.381e+10 -1.947e+10 2.647e+10 0.01206 432377 432377 680255 6177 58 432346 432415 35.4936 190660000000 200190000000 142990000000 0 0 62.4797 0 0.02009 0.10788 0.06394 66.5647 34.3734 -43.4173 0 0 0 0 0 0.6791 183200000000 200200000000
 0.6900   415066 0.7000   424061      1       -1       -1       -1  1 2.41500e+11 1.95400e+11 133.549000 20.354000 81.910000  1 0.3200 128.950000 35.24267 31.54382 53.15191 -64.900 48.270 23.220 2.038e+10 1.978e+10 2.270e+10 0.02333 432378 432378 680255 8950 57 432346 432415 28.201 195425000000 200190000000 166825000000 85795000000 66730000000 33.7745 0 0.02243 0.43914 0.2549 41.831 13.3704 -23.5627 0.40259 0.190535 7.84068 -3.50217 -2.79176 0.4667 268550000000 128700000000
 0.6800   406060 0.6900   415066      1       -1       -1       -1  0 2.41500e+11 2.00200e+11 135.055000 5.214000 80.380000  1 0.3200 150.140000 35.33331 31.57127 53.10062 -60.000 42.920 14.910 6.943e+09 5.903e+10 1.892e+10 0.03460 432379 432379 680255 6216 56 432346 432415 5.21414 200190000000 200190000000 190660000000 171590000000 133460000000 5.06927 0 0.02477 0.7704 0.44586 17.0973 -7.63262 -3.70811 0.80518 0.38107 15.6814 -7.00433 -5.58351 0.2543 353900000000 57200000000
 0.6700   397063 0.6800   406060      1       -1       -1       -1  0 2.41500e+11 1.90700e+11 133.305000 7.700000 76.180000  1 0.3200 132.350000 35.35297 31.56457 53.09977 -60.020 42.980 14.080 7.427e+09 4.444e+10 2.695e+10 0.03059 432380 432380 680255 6195 55 432346 432415 7.70007 190660000000 200190000000 190660000000 171590000000 95330000000 3.69749 0 0.02275 0.89267 0.69978 7.97628 17.0706 3.745 0.84632 0.26029 8.39521 16.9281 2.21176 0.2528 281400000000 76260000000
 0.6600   388137 0.6700   397063      1       -1       -1       -1  0 2.41500e+11 2.00200e+11 135.921000 10.047000 67.980000  1 0.3200 126.850000 35.36193 31.55750 53.09187 -57.300 42.970 13.170 5.637e+09 5.683e+10 1.972e+10 0.03074 432381 432381 680255 6222 54 432346 432415 10.0473 200190000000 209730000000 190660000000 162060000000 66731000000 9.3123 1.52 0.02428 0.53283 0.37292 -11.5576 15.6616 -5.81308 0.389 0.13498 -13.6725 16.5486 -6.98549 0.2282 242900000000 85800000000
 0.6500   379102 0.6600   388137      1       -1       -1       -1  0 2.41500e+11 1.90700e+11 134.147000 10.204000 62.870000  1 0.3200 124.670000 35.38645 31.53747 53.08128 -55.560 45.570 16.600 4.644e+09 5.807e+10 1.617e+10 0.03436 432382 432382 680255 5135 53 432346 432415 10.2037 190660000000 219260000000 190660000000 152530000000 47665000000 10.3737 0 0.02651 0.74066 0.2807 10.9205 -13.9043 16.7699 0.8773 0.25922 -4.8531 16.7212 -10.8704 0.1959 237500000000 85800000000
 0.6400   370026 0.6500   379102      1       -1       -1       -1  0 2.41500e+11 2.19300e+11 140.979000 12.030000 60.850000  1 0.3200 127.790000 35.40129 31.51847 53.07272 -50.780 44.990 11.340 3.346e+10 5.248e+10 3.715e+10 0.03076 432383 432383 680255 5133 52 432346 432415 12.0304 219260000000 219260000000 181130000000 133460000000 95330000000 15.2121 0 0.02534 0.62952 0.28727 12.5144 7.55407 30.4718 0.63854 0.3887 1.70922 12.2109 21.8779 0.1922 233000000000 104900000000
 0.6300   360914 0.6400   370026      1       -1       -1       -1  0 2.41500e+11 2.19300e+11 141.408000 18.484000 58.920000  1 0.3200 117.270000 35.39811 31.50299 53.08702 -51.680 46.850 13.250 8.371e+09 7.040e+10 -2.460e+10 0.03163 432384 432384 680255 6409 51 432346 432415 18.4844 219260000000 219260000000 190660000000 123930000000 38132000000 8.59654 0 0.0264 0.79096 0.72607 -6.97084 10.0699 18.794 0.7128 0.55148 6.53978 17.9532 -4.01855 0.1836 214200000000 123900000000
 0.6200   351812 0.6300   360914      1       -1       -1       -1  0 2.41500e+11 2.09700e+11 139.746000 14.264000 59.450000  1 0.3200 122.410000 35.43444 31.48358 53.07926 -47.090 48.590 12.940 2.635e+10 5.866e+10 3.014e+10 0.03321 432385 432385 680255 6405 50 432346 432415 14.2638 209730000000 209730000000 209730000000 133460000000 76264000000 15.6812 0 0.02709 0.86262 0.43103 5.74439 1.57886 23.8083 0.81509 0.53812 5.78167 -5.55591 17.7376 0.1773 214500000000 114400000000
 0.6100   342687 0.6200   351812      1       -1       -1       -1  0 2.41500e+11 2.09700e+11 140.158000 14.027000 62.820000  1 0.3200 123.760000 35.43534 31.48042 53.07135 -44.840 48.860 12.080 2.578e+10 5.758e+10 3.213e+10 0.03437 432386 432386 680255 6311 49 432346 432415 14.0273 209730000000 209730000000 209730000000 152530000000 66731000000 2.64885 0 0.02718 0.48289 0.15242 5.41999 20.2406 14.8891 0.55718 0.14639 5.25553 16.738 8.9091 0.1821 209600000000 114400000000
 0.6000   333551 0.6100   342687      1       -1       -1       -1  0 2.41500e+11 2.09700e+11 140.566000 12.118000 64.970000  1 0.3200 128.960000 35.44865 31.45747 53.05627 -42.240 48.990 10.080 5.528e+09 8.465e+10 -1.171e+10 0.04051 432387 432387 680255 6455 48 432346 432415 12.1179 209730000000 209730000000 209730000000 152530000000 28599000000 8.98766 0 0.0331 0.55056 0.3317 8.26954 26.896 12.6617 0.4198 0.11923 13.5928 29.0806 11.2691 0.1994 253600000000 95330000000
 0.5900   324378 0.6000   333551      1       -1       -1       -1  0 2.41500e+11 2.09700e+11 140.967000 9.922000 67.140000  1 0.3200 136.520000 35.46656 31.44068 53.05890 -44.820 49.230 8.980 -2.029e+08 4.414e+10 3.448e+10 0.02840 432388 432388 680255 6380 47 432346 432415 9.92209 209730000000 209730000000 200190000000 152530000000 85797000000 4.5115 0 0.0218 0.70183 0.42426 5.89157 20.0927 11.2311 0.73223 0.22341 8.34326 7.50379 17.8799 0.1879 273500000000 85800000000
 0.5800   315135 0.5900   324378      1       -1       -1       -1  0 2.41500e+11 2.09700e+11 141.363000 9.336000 71.610000  1 0.3200 139.790000 35.48496 31.42542 53.05768 -40.970 49.060 7.790 6.098e+08 4.451e+10 3.279e+10 0.02923 432389 432389 680255 6355 46 432346 432415 9.33636 209730000000 209730000000 190660000000 171590000000 104860000000 6.01856 1.74 0.02168 0.81664 0.53869 -7.90537 18.0509 6.84302 0.69022 0.38423 -10.6463 16.0865 4.59915 0.1962 275500000000 85800000000
 0.5700   305895 0.5800   315135      1       -1       -1       -1  0 2.41500e+11 2.00200e+11 139.571000 7.866000 73.420000  1 0.3200 144.660000 35.49149 31.41064 53.05489 -38.740 48.250 7.340 6.504e+09 2.053e+10 2.709e+10 0.01982 432390 432390 680255 6324 45 432346 432415 7.8658 200190000000 200190000000 181130000000 181130000000 76264000000 11.9535 0 0.01477 0.82297 0.5288 -5.06008 17.0543 -9.23799 0.64384 0.30351 -12.8505 17.4576 -3.69328 0.2095 309300000000 47660000000
 0.5600   296646 0.5700   305895      1       -1       -1       -1  0 2.41500e+11 2.00200e+11 139.948000 8.679000 71.130000  1 0.3200 142.030000 35.50214 31.38996 53.05267 -35.030 47.380 4.890 5.225e+09 1.722e+10 2.623e+10 0.01817 432391 432391 680255 6313 44 432346 432415 8.67876 200190000000 200190000000 181130000000 181130000000 104860000000 10.7879 2.46 0.01368 0.78699 0.48551 1.51679 17.5829 -15.9908 0.7071 0.29035 3.09672 18.4158 -15.6346 0.2027 267900000000 57200000000
 0.5500   287401 0.5600   296646      1       -1       -1       -1  0 2.41500e+11 1.81100e+11 135.716000 8.118000 64.850000  1 0.3200 139.780000 35.51444 31.34865 53.05896 -34.830 46.690 2.490 -2.738e+10 3.163e+10 1.919e+10 0.03244 432392 432392 680255 6312 43 432346 432415 8.11812 181130000000 181130000000 181130000000 171590000000 85797000000 10.8686 0 0.02356 0.7963 0.55903 23.2186 0.91556 -4.0917 0.82034 0.39796 23.5628 0.38384 -2.18393 0.172 251400000000 57200000000
 0.5400   278185 0.5500   287401      1       -1       -1       -1  0 2.41500e+11 1.81100e+11 136.068000 7.977000 61.230000  1 0.3200 141.650000 35.52623 31.33439 53.05327 -32.140 44.920 2.360 -2.665e+10 3.126e+10 1.883e+10 0.03141 432393 432393 680255 6286 42 432346 432415 7.97721 181130000000 181130000000 181130000000 142990000000 95330000000 10.1731 0 0.02332 0.92101 0.72997 14.8788 -10.1452 -10.4381 0.8822 0.62665 2.11735 7.4483 18.157 0.1618 263400000000 47660000000
 0.5300   268943 0.5400   278185      1       -1       -1       -1  0 2.41500e+11 1.90700e+11 138.767000 11.283000 57.810000  1 0.3200 133.530000 35.54232 31.32187 53.05299 -27.860 43.600 3.290 -1.805e+10 3.184e+10 4.539e+09 0.02301 432394 432394 680255 6261 41 432346 432415 11.2834 190660000000 209730000000 181130000000 133460000000 85797000000 4.80081 0 0.01761 0.62806 0.44939 -7.07292 7.02329 17.9418 0.49647 0.31322 -8.45906 4.07838 17.1665 0.151 228500000000 95330000000
 0.5200   259705 0.5300   268943      1       -1       -1       -1  0 2.41500e+11 2.09700e+11 143.602000 13.228000 55.710000  1 0.3200 134.940000 35.55608 31.30198 53.04946 -32.880 42.840 4.710 5.133e+09 5.025e+10 8.270e+10 0.04983 432395 432395 680255 5063 40 432346 432415 13.2283 209730000000 209730000000 162060000000 133460000000 85797000000 12.6469 2.3 0.03981 0.75459 0.37547 -0.08485 4.24658 20.4588 0.41165 0.06251 -3.30508 3.06495 18.6456 0.1399 200200000000 95330000000
 0.5100   250420 0.5200   259705      1       -1       -1       -1  0 2.41500e+11 1.90700e+11 139.450000 12.200000 54.680000  1 0.3200 133.430000 35.57021 31.27632 53.05170 -29.000 38.740 1.510 -3.803e+10 1.966e+10 7.949e+10 0.05433 432396 432396 680255 4992 39 432346 432415 12.2002 190660000000 209730000000 152530000000 133460000000 85797000000 12.0022 0 0.04384 0.51855 0.15283 9.49201 -1.81514 20.4191 0.18224 0.02946 15.3117 -1.52911 21.5764 0.1428 190500000000 85800000000
 0.5000   241245 0.5100   250420      1       -1       -1       -1  0 2.41500e+11 2.19300e+11 146.447000 28.100000 48.700000  1 0.3200 121.240000 35.57693 31.25920 53.04223 -29.170 39.870 -3.260 -6.449e+10 2.673e+10 9.313e+10 0.05248 432397 432397 680255 5032 38 432346 432415 28.1 219260000000 219260000000 171590000000 114400000000 57198000000 17.9283 0 0.04517 0.74335 0.42682 1.43902 -1.21713 27.9911 0.65498 0.43945 7.57105 1.12718 24.8366 0.1179 192500000000 152500000000
 0.4900   232056 0.5000   241245      1       -1       -1       -1  0 2.41500e+11 2.00200e+11 142.402000 25.503000 48.190000  1 0.3200 119.890000 35.58695 31.23368 53.05218 -25.940 39.170 -5.100 -8.360e+10 2.217e+10 8.722e+10 0.06457 432398 432398 680255 6088 37 432346 432415 25.5027 200190000000 200190000000 181130000000 123930000000 28599000000 19.5674 0 0.05597 0.69517 0.49344 -5.74993 -8.01185 24.0922 0.30302 0.02303 -9.02448 -1.04652 31.0796 0.1198 184000000000 143000000000
 0.4800   222908 0.4900   232056      1       -1       -1       -1  0 2.41500e+11 2.19300e+11 147.117000 38.936000 48.630000  1 0.3200 118.770000 35.61137 31.21439 53.04641 -23.480 41.650 -5.200 -5.524e+10 3.333e+09 1.043e+11 0.05344 432399 432399 680255 6099 36 432346 432415 38.936 219260000000 219260000000 209730000000 133460000000 0 20.826 0 0.04666 0.30198 0.2216 -12.4728 -0.43186 34.1287 0.59089 0.5534 -9.20296 -10.6293 29.341 0.1154 191400000000 219300000000
 0.4700   213774 0.4800   222908      1       -1       -1       -1  0 2.41500e+11 2.38300e+11 151.595000 31.590000 53.980000  1 0.3200 126.690000 35.61590 31.22335 53.04244 -25.020 38.350 -0.190 -6.945e+10 -3.530e+10 1.411e+11 0.06393 432400 432400 680255 6064 35 432346 432415 31.5899 238320000000 238320000000 200190000000 133460000000 0 7.47787 0 0.05597 0.73791 0.71815 -0.62793 40.8639 -6.43937 0.05139 0 -9.82418 -27.6867 39.3641 0.1271 206000000000 200200000000
 0.4600   204651 0.4700   213774      1       -1       -1       -1  0 2.41500e+11 2.38300e+11 151.919000 30.877000 58.140000  1 0.3200 128.350000 35.61726 31.19506 53.05173 -22.840 35.870 -1.150 -1.299e+11 -9.065e+09 1.040e+11 0.06877 432401 432401 680255 4876 34 432346 432415 30.8767 238320000000 228790000000 209730000000 142990000000 47665000000 10.2904 2.75 0.05841 0.89414 0.75514 -12.6187 24.1815 11.885 0.65655 0.04592 -1.43979 -12.2902 19.1322 0.1355 206600000000 200200000000
 0.4500   195593 0.4600   204651      1       -1       -1       -1  0 2.41500e+11 2.19300e+11 148.060000 13.823000 65.420000  1 0.3200 145.620000 35.63468 31.18322 53.04652 -21.160 32.790 2.420 -9.820e+10 1.084e+10 9.575e+10 0.07001 432402 432402 680255 4850 33 432346 432415 13.8234 219260000000 219260000000 209730000000 152530000000 47665000000 17.8473 0 0.05598 0.67788 0.59305 4.38491 13.6023 20.7201 0.39508 0.11178 -1.09627 15.2366 21.8618 0.1552 220300000000 114400000000
 0.4400   186531 0.4500   195593      1       -1       -1       -1  0 2.38333e+11 2.66900e+11 158.411000 15.384000 64.100000  1 0.3200 155.680000 35.64110 31.15633 53.03494 -21.590 37.440 2.670 -7.929e+10 1.958e+10 1.330e+11 0.05715 432403 432403 680255 6044 32 432346 432415 15.3845 266920000000 266920000000 219260000000 142990000000 104860000000 9.44399 0 0.04621 0.90943 0.51336 -5.69897 -10.2936 14.0359 0.7855 0.45857 -6.35759 -11.8359 9.28299 0.1365 252900000000 123900000000
 0.4300   177510 0.4400   186531      1       -1       -1       -1  0 2.38333e+11 2.28800e+11 150.770000 16.603000 59.570000  1 0.3200 145.390000 35.63742 31.13103 53.05649 -20.680 32.560 0.170 -3.842e+10 6.218e+10 1.128e+10 0.03649 432404 432404 680255 4911 31 432346 432415 16.6028 228790000000 219260000000 209730000000 181130000000 38132000000 12.1407 2.37 0.02862 0.87852 0.44903 11.2052 -3.58451 10.0531 0.55054 0.16288 2.50707 -4.47032 13.2802 0.12 244000000000 123900000000
 0.4200   168526 0.4300   177510      1       -1       -1       -1  0 2.25633e+11 2.19300e+11 148.926000 14.805000 60.960000  1 0.3200 148.170000 35.65046 31.12013 53.04775 -20.570 32.280 0.610 -5.706e+10 5.534e+10 3.342e+10 0.04595 432405 432405 680255 4849 30 432346 432415 14.8047 219260000000 219260000000 219260000000 171590000000 57198000000 4.58441 0 0.03621 0.436 0.31824 9.7339 -22.3774 28.7304 0.52189 0.13201 6.34279 -15.6939 25.6477 0.1299 234300000000 95330000000
 0.4100   159646 0.4200   168526      1       -1       -1       -1  0 2.22467e+11 2.28800e+11 151.328000 14.262000 59.490000  1 0.3200 153.810000 35.67027 31.09877 53.05444 -22.790 37.780 -0.320 -3.918e+10 5.652e+10 1.375e+10 0.03442 432406 432406 680255 4780 29 432346 432415 14.2615 228790000000 228790000000 219260000000 142990000000 95330000000 9.80498 4.1 0.02774 0.72082 0.45014 -15.7774 -12.2778 19.7137 0.67732 0.34464 -11.3972 -2.02193 15.3169 0.1295 210800000000 95330000000
 0.4000   150853 0.4100   159646      1       -1       -1       -1  0 2.16100e+11 2.19300e+11 149.457000 26.270000 49.030000  1 0.3200 135.940000 35.67883 31.06507 53.05606 -19.350 33.920 -1.440 -7.941e+09 7.839e+10 8.824e+09 0.04155 432407 432407 680255 5795 28 432346 432415 26.2697 219260000000 219260000000 200190000000 142990000000 47665000000 6.87066 0 0.03405 0.65878 0.41592 18.4815 5.41491 -7.58371 0.51297 0.31507 18.078 3.43719 -7.83691 0.0937 194000000000 162100000000
 0.3900   142164 0.4000   150853      1       -1       -1       -1  0 2.03400e+11 2.00200e+11 145.238000 22.733000 46.110000  1 0.3200 136.000000 35.69200 31.04164 53.05545 -17.950 36.000 0.450 1.583e+10 7.203e+10 -3.119e+09 0.04515 432408 432408 680255 5705 27 432346 432415 22.7331 200190000000 200190000000 200190000000 142990000000 0 12.6438 0 0.03733 0.56466 0.43695 39.7372 2.40957 -7.63953 0.53372 0.22646 39.7503 -4.40762 -4.64727 0.0873 189000000000 143000000000
 0.3800   133684 0.3900   142164      1       -1       -1       -1  0 1.93867e+11 1.90700e+11 143.126000 27.210000 46.290000  1 0.3200 131.350000 35.72396 30.99689 53.04084 -17.130 35.380 -1.430 1.999e+10 5.386e+10 -9.086e+09 0.03791 432409 432409 680255 5656 26 432346 432415 27.2103 190660000000 190660000000 190660000000 104860000000 19066000000 19.5475 0 0.0323 0.7145 0.38481 -0.06183 32.4801 -16.1196 0.41126 0.20636 17.0094 28.1665 -11.7315 0.0957 169500000000 152500000000
 0.3700   125186 0.3800   133684      1       -1       -1       -1  0 1.90700e+11 1.90700e+11 143.349000 24.768000 40.670000  1 0.3200 134.950000 35.70693 30.98411 53.05531 -14.280 32.850 1.510 1.055e+10 4.655e+10 7.824e+09 0.03101 432410 432410 680255 4580 25 432346 432415 24.7677 190660000000 190660000000 181130000000 95330000000 0 6.03379 0 0.0272 0.6086 0.04894 0.85454 36.3534 -22.3093 0.31435 0.07135 -12.2191 27.7737 -23.23 0.079 181100000000 143000000000
 0.3600   116693 0.3700   125186      1       -1       -1       -1  0 1.84333e+11 1.90700e+11 143.562000 26.944000 42.950000  1 0.3200 135.000000 35.71464 30.96727 53.05467 -12.890 29.640 3.270 -9.397e+09 4.052e+10 1.840e+10 0.02906 432411 432411 680255 5467 24 432346 432415 26.9442 190660000000 190660000000 171590000000 133460000000 0 14.383 0 0.02591 0.60624 0.26037 37.0452 -28.5174 -3.62661 0.50589 0.22979 34.4672 -12.1028 8.85012 0.0837 166700000000 152500000000
 0.3500   108350 0.3600   116693      1       -1       -1       -1  0 1.77967e+11 1.71600e+11 138.805000 21.645000 43.810000  1 0.3200 136.050000 35.71835 30.94103 53.05418 -10.790 29.480 3.690 -1.007e+10 3.616e+10 1.175e+10 0.03168 432412 432412 680255 5347 23 432346 432415 21.6452 171590000000 171590000000 171590000000 85797000000 9533000000 16.9972 0 0.02707 0.82347 0.4045 26.6896 -17.2911 -16.4341 0.45508 0.00781 1.42347 -0.95616 26.0858 0.0818 167700000000 104900000000
 0.3400   100177 0.3500   108350      1       -1       -1       -1  0 1.62067e+11 1.71600e+11 138.993000 19.079000 42.470000  1 0.3200 141.130000 35.72458 30.90239 53.05729 -12.090 27.890 1.470 -2.141e+08 4.022e+10 8.582e+09 0.03318 432413 432413 680255 5378 22 432346 432415 19.0786 171590000000 171590000000 171590000000 76264000000 19066000000 11.8215 0 0.0287 0.58063 0.25422 22.5577 14.3013 -18.3556 0.1777 0.03068 -12.5396 7.69121 22.2033 0.0787 179000000000 76260000000
 0.3300    92255 0.3400   100177      1       -1       -1       -1  0 1.52533e+11 1.43000e+11 130.966000 20.517000 40.700000  1 0.3200 131.570000 35.78799 30.89864 53.04604 -15.140 30.620 0.700 -6.032e+09 2.448e+10 1.110e+10 0.02990 432414 432414 680255 5105 21 432346 432415 20.5169 142990000000 142990000000 142990000000 95330000000 0 36.8432 0 0.02642 0.76148 0.29614 33.0908 8.44091 -13.5556 0.83269 0.00354 23.583 5.18363 4.14343 0.0788 127400000000 95330000000
 0.3200    84479 0.3300    92255      0       -1       -1       -1  0 1.43000e+11 1.43000e+11 131.127000 18.587000 44.920000  1 0.3200 135.910000 35.79262 30.86540 53.03566 -10.970 26.930 -0.530 -7.498e+08 2.177e+10 2.837e+09 0.02550 432415 432415 680255 5044 20 432346 432415 18.5873 142990000000 142990000000 142990000000 104860000000 28599000000 12.9982 0 0.02139 0.6879 0.16665 28.1664 6.47446 -17.8743 0.52834 0.00812 30.1547 -2.77682 -13.9058 0.083 133300000000 76260000000
