 1.0000   676854 0.0000       -1      1       -1       -1       -1  0 2.25950e+12 1.93500e+12 254.944000 15.338000 211.850000  1 0.6700 243.850000 19.27813 39.56120 23.72884 68.940 46.650 -44.060 -4.491e+12 -4.637e+12 8.728e+12 0.09502 164934 164934 676854 2369 88 164933 165097 16.0514 1935200000000 2202100000000 1735000000000 1315600000000 848440000000 16.2809 18.86 0.0861 0.72757 0.47394 16.075 15.1106 14.9334 0.66779 0.43117 13.8253 12.0289 12.9795 0.531 2616000000000 810300000000
 0.9900   668699 1.0000   676854      1       -1       -1       -1  0 2.25950e+12 1.96400e+12 257.272000 16.152000 210.750000  1 0.6700 243.240000 19.26324 39.55479 23.73553 62.980 42.040 -48.380 -4.557e+12 -4.725e+12 8.900e+12 0.09478 164935 164935 676854 2357 87 164933 165097 16.8453 1963800000000 2192600000000 1715900000000 1325100000000 772170000000 20.4316 17.25 0.08585 0.71836 0.54575 18.135 12.0472 17.0223 0.67999 0.49934 15.8179 7.83028 14.9905 0.524 2438000000000 772200000000
 0.9800   660332 0.9900   668699      1       -1       -1       -1  0 2.25950e+12 1.95400e+12 257.932000 21.873000 209.310000  1 0.6700 233.220000 19.25160 39.54682 23.72332 73.310 39.610 -47.920 -4.130e+12 -4.311e+12 8.458e+12 0.08890 164936 164936 676854 2368 86 164933 165097 20.0291 1954300000000 2173500000000 1677800000000 1306000000000 772170000000 26.8591 15.97 0.08127 0.65231 0.52471 11.5356 10.2076 17.698 0.62666 0.48606 7.35747 8.46439 15.4222 0.5244 2261000000000 905600000000
 0.9700   652006 0.9800   660332      1       -1       -1       -1  0 2.25950e+12 1.93500e+12 258.162000 25.890000 208.810000  1 0.6700 236.230000 19.24504 39.54473 23.73251 67.440 39.930 -52.790 -4.516e+12 -5.203e+12 8.621e+12 0.09951 164937 164937 676854 2388 85 164933 165097 19.0256 1935200000000 2144900000000 1668300000000 1334600000000 695910000000 29.6599 9.8 0.08832 0.69842 0.63923 10.0546 13.0053 16.3017 0.65123 0.61597 4.94878 12.1489 13.7101 0.5082 2257000000000 1058000000000
 0.9600   643691 0.9700   652006      1       -1       -1       -1  0 2.25950e+12 1.97300e+12 260.923000 21.218000 204.230000  1 0.6700 231.710000 19.24263 39.53771 23.73985 75.010 42.160 -48.740 -4.701e+12 -5.618e+12 7.794e+12 0.09220 164938 164938 676854 1349 84 164933 165097 21.6249 1973300000000 2116300000000 1658700000000 1372800000000 762640000000 25.4894 11.05 0.08313 0.60636 0.52247 11.1991 16.8263 17.8148 0.48438 0.44016 7.6318 16.2144 15.1548 0.5001 2352000000000 915200000000
 0.9500   635393 0.9600   643691      1       -1       -1       -1  0 2.25950e+12 1.96400e+12 261.576000 18.716000 202.640000  1 0.6700 233.830000 19.23387 39.53642 23.75245 67.440 48.130 -50.180 -3.915e+12 -5.058e+12 8.130e+12 0.09045 164939 164939 676854 2393 83 164933 165097 21.0127 1963800000000 2125900000000 1725500000000 1391800000000 762640000000 23.3201 6.98 0.0813 0.51672 0.34788 15.7711 17.9971 22.0133 0.37811 0.27941 12.899 18.4489 20.9728 0.4937 2371000000000 867500000000
 0.9400   627108 0.9500   635393      1       -1       -1       -1  0 2.25950e+12 1.95400e+12 262.223000 18.220000 203.760000  1 0.6700 228.500000 19.22844 39.53355 23.76201 68.260 52.460 -48.550 -3.518e+12 -4.842e+12 7.803e+12 0.08678 164940 164940 676854 346 82 164933 165097 23.3584 1954300000000 2144900000000 1715900000000 1334600000000 743570000000 20.5887 10.43 0.07817 0.41357 0.32592 16.8355 14.255 22.1783 0.26077 0.25529 13.8119 16.0713 22.2603 0.4965 2355000000000 810300000000
 0.9300   618799 0.9400   627108      1       -1       -1       -1  0 2.25950e+12 1.95400e+12 263.291000 21.288000 201.120000  1 0.6700 231.690000 19.21696 39.52508 23.76420 67.940 49.160 -57.210 -3.622e+12 -5.264e+12 7.813e+12 0.08886 164941 164941 676854 3399 81 164933 165097 22.4275 1954300000000 2135400000000 1744500000000 1363200000000 734040000000 23.3524 5.92 0.0805 0.37176 0.35129 24.3373 7.61796 27.2079 0.2564 0.24304 20.6901 8.12429 26.4142 0.4915 2360000000000 962800000000
 0.9200   610466 0.9300   618799      1       -1       -1       -1  0 2.25950e+12 1.92600e+12 263.061000 34.208000 198.800000  1 0.6700 216.430000 19.19145 39.51551 23.73538 54.560 37.230 -77.560 -4.114e+12 -4.922e+12 7.578e+12 0.07996 164942 164942 676854 2407 80 164933 165097 30.1889 1925700000000 2097300000000 1696900000000 1248800000000 419450000000 53.3842 25.37 0.08143 0.38442 0.2492 24.9667 1.96736 35.1946 0.23062 0.08646 19.3934 -0.4613 31.7748 0.5449 2126000000000 1249000000000
 0.9100   602117 0.9200   610466      1       -1       -1       -1  0 2.25950e+12 2.03100e+12 268.829000 22.137000 194.540000  1 0.6700 223.470000 19.23343 39.50777 23.80079 66.090 63.880 -55.140 -5.024e+12 -5.268e+12 7.917e+12 0.09073 164943 164943 676854 2415 79 164933 165097 29.2963 2030500000000 2183100000000 1763600000000 1439500000000 610110000000 12.5592 21.35 0.08103 0.65375 0.47382 28.499 -6.92598 18.7876 0.563 0.35677 25.9074 -6.81219 17.0691 0.4579 2403000000000 905600000000
 0.9000   593766 0.9100   602117      1       -1       -1       -1  0 2.25950e+12 2.07800e+12 271.998000 24.146000 194.280000  1 0.6700 228.490000 19.22490 39.49525 23.80427 56.290 58.780 -48.410 -5.383e+12 -5.409e+12 8.707e+12 0.09481 164944 164944 676854 2431 78 164933 165097 28.1791 2078200000000 2202100000000 1754100000000 1420400000000 705440000000 8.07627 16.09 0.08422 0.70627 0.50574 30.1371 -15.4596 12.5785 0.53382 0.37008 26.5675 -16.6903 10.6207 0.4486 2404000000000 1020000000000
 0.8900   585369 0.9000   593766      1       -1       -1       -1  0 2.25950e+12 2.05900e+12 272.240000 24.950000 194.890000  1 0.6700 230.820000 19.21546 39.48045 23.80878 57.030 52.690 -53.650 -5.064e+12 -6.228e+12 8.666e+12 0.09964 164945 164945 676854 2440 77 164933 165097 27.0057 2059100000000 2240300000000 1763600000000 1401400000000 648240000000 11.0392 10.52 0.08756 0.77043 0.48585 25.976 -19.9819 5.14873 0.69222 0.32754 -20.5963 20.3329 -2.40338 0.4439 2319000000000 1087000000000
 0.8800   576990 0.8900   585369      1       -1       -1       -1  0 2.25950e+12 2.05900e+12 273.313000 21.252000 192.330000  1 0.6700 239.250000 19.18801 39.49358 23.81543 38.610 53.060 -61.990 -5.510e+12 -6.928e+12 8.900e+12 0.10841 164946 164946 676854 3443 76 164933 165097 23.5756 2059100000000 2240300000000 1792200000000 1420400000000 724510000000 15.5381 22.6 0.09339 0.93113 0.51636 -12.2733 29.3372 15.1111 0.63453 0.28863 -11.3353 28.7718 13.6796 0.4254 2355000000000 934200000000
 0.8700   568533 0.8800   576990      2       -1       -1       -1  0 2.25950e+12 2.06900e+12 274.806000 32.384000 190.850000  1 0.6700 231.510000 19.19484 39.46300 23.81071 69.640 43.840 -57.140 -5.333e+12 -7.658e+12 9.470e+12 0.11343 164947 164947 676854 2439 75 164933 165097 28.0084 2068700000000 2287900000000 1878000000000 1410900000000 552910000000 18.9424 20.13 0.09853 0.80132 0.51996 18.2191 13.1869 23.2516 0.46433 0.40273 5.02992 19.1476 21.913 0.423 2367000000000 1287000000000
 0.8600   560074 0.8700   568533      1       -1       -1       -1  0 2.25950e+12 2.05000e+12 275.023000 44.846000 194.930000  1 0.6700 229.830000 19.17044 39.45480 23.81117 60.140 33.950 -49.570 -5.875e+12 -7.195e+12 8.919e+12 0.11205 164948 164948 676854 2455 74 165016 165015 29.0795 2049600000000 2268900000000 1916100000000 1429900000000 629180000000 23.611 11.57 0.09729 0.72265 0.57902 20.6474 4.8878 16.5845 0.63749 0.5672 8.94999 10.261 18.78 0.4329 2275000000000 1621000000000
 0.8600   560075 0.8700   568533      1   560074   560074       -1  0 4.86200e+11 4.86200e+11 170.247000 9.975000 121.170000  0 0.5300 164.430000 19.19798 39.49630 23.87156 -73.180 111.820 -115.410 -2.405e+11 1.074e+11 2.449e+11 0.03692 164949 165016 676854 2456 74 164933 165097 9.97472 1830300000000 1830300000000 1830300000000 1363200000000 285990000000 6.45605 3.76 0.02989 0.45071 0.42445 25.7212 4.49903 9.54985 0.50372 0.43013 22.7656 1.80499 5.74982 0.3986 676400000000 209700000000
 0.8500   551643 0.8600   560074      1       -1       -1       -1  0 2.25950e+12 2.06900e+12 276.937000 33.479000 198.710000  1 0.6700 224.450000 19.15956 39.45654 23.80509 56.400 19.690 -48.550 -6.927e+12 -7.662e+12 9.414e+12 0.11722 164950 164949 676854 2440 73 164933 165015 33.9224 2068700000000 2249800000000 1868500000000 1363200000000 638710000000 34.1147 21.9 0.10438 0.55731 0.50685 23.1432 3.70265 25.6934 0.53059 0.44633 11.5607 6.69079 24.3713 0.4521 2306000000000 1258000000000
 0.8500   551644 0.8600   560075      1   551643   551643   560074  0 5.27500e+11 5.33800e+11 176.316000 11.985000 125.130000  1 0.5300 163.730000 19.21448 39.48172 23.88705 -64.150 127.930 -84.440 -1.198e+11 3.683e+10 3.442e+11 0.03227 164951 165017 676854 2441 73 164933 165097 11.985 1849400000000 1849400000000 1849400000000 1401400000000 295520000000 2.41784 3.44 0.02616 0.42333 0.34485 22.9318 3.31231 12.891 0.5099 0.3088 19.2968 2.54296 9.23705 0.3943 719500000000 238300000000
 0.8400   543130 0.8500   551643      1       -1       -1       -1  0 2.25950e+12 2.15500e+12 281.788000 32.238000 200.250000  1 0.6700 227.000000 19.13970 39.45322 23.82086 48.280 13.060 -56.480 -7.188e+12 -9.191e+12 1.055e+13 0.12211 164952 164950 676854 2484 72 164933 165015 35.621 2154500000000 2249800000000 1906600000000 1401400000000 629180000000 36.6293 28.45 0.11023 0.36576 0.31199 29.6804 2.37961 26.8048 0.33808 0.27357 22.4568 3.8348 23.9464 0.4539 2364000000000 1211000000000
 0.8400   543131 0.8500   551644      1   543130   543130   551643  0 8.23100e+11 5.62500e+11 180.096000 10.048000 134.130000  1 0.5300 176.330000 19.21796 39.46366 23.89203 -63.980 131.530 -29.810 2.174e+11 3.972e+11 5.173e+11 0.05402 164953 165018 676854 2485 72 164933 165097 10.0479 1897100000000 1897100000000 1897100000000 1382300000000 257390000000 6.39889 4.58 0.04518 0.49462 0.4264 15.8701 1.63584 11.019 0.45763 0.36779 14.0943 2.19017 9.02538 0.4334 725500000000 209700000000
 0.8300   534619 0.8400   543130      1       -1       -1       -1  0 2.25950e+12 2.16400e+12 283.274000 43.231000 199.330000  1 0.6700 225.020000 19.12586 39.44382 23.83329 46.950 -1.250 -66.280 -8.390e+12 -1.012e+13 1.232e+13 0.13608 164954 164951 676854 357 71 164933 165015 38.5818 2173500000000 2259300000000 1878000000000 1506200000000 533850000000 41.589 45.85 0.12582 0.33356 0.29831 33.1468 -0.96627 21.6167 0.24907 0.22225 31.0804 -0.24043 20.1666 0.4615 2335000000000 1621000000000
 0.8300   534620 0.8400   543131      1   534619   534619   543130  0 8.77133e+11 1.37300e+12 243.399000 45.060000 213.980000  1 0.5300 184.390000 19.22371 39.44258 23.90020 15.080 87.330 -4.710 -5.556e+12 -5.829e+12 6.286e+12 0.09933 164955 165019 676854 358 71 164933 165097 43.7666 2249800000000 2326100000000 1887500000000 1353700000000 343190000000 34.2183 25.5 0.15236 0.38923 0.30896 30.7457 -6.54403 24.1307 0.45855 0.38181 18.5512 -3.39341 17.9493 0.7863 1345000000000 1115000000000
 0.8200   526041 0.8300   534619      1       -1       -1       -1  0 2.25950e+12 2.17300e+12 284.757000 39.146000 196.460000  1 0.6700 223.410000 19.11473 39.45197 23.84715 48.060 -2.290 -77.080 -9.117e+12 -1.154e+13 1.304e+13 0.14677 164956 164952 676854 2467 70 164933 165015 41.586 2202100000000 2278400000000 1906600000000 1420400000000 486180000000 45.1425 53.82 0.13684 0.33716 0.26252 39.6728 -11.7537 17.2582 0.30135 0.22275 30.5863 -9.75911 13.4754 0.4565 2322000000000 1439000000000
 0.8200   526042 0.8300   534620      1   526041   526041   534619  0 9.62900e+11 6.95900e+11 194.807000 12.580000 133.390000  1 0.5300 183.500000 19.22634 39.42170 23.89829 -8.110 124.620 23.910 -3.034e+11 5.734e+11 1.422e+12 0.08421 164957 165020 676854 2468 70 164933 165097 12.5802 1963800000000 1963800000000 1944700000000 1334600000000 371790000000 15.1879 0 0.07263 0.80415 0.48453 10.845 -11.0747 18.4063 0.59963 0.47066 6.35327 -5.88281 18.3192 0.4109 782100000000 257400000000
 0.8100   517399 0.8200   526041      1       -1       -1       -1  0 2.25950e+12 2.19300e+12 286.653000 54.148000 193.920000  1 0.6700 224.500000 19.11080 39.44615 23.86476 32.680 3.580 -80.080 -8.580e+12 -1.163e+13 1.353e+13 0.14760 164958 164953 676854 2479 69 164933 165015 42.4053 2192600000000 2287900000000 1973300000000 1439500000000 505250000000 44.9168 55.41 0.13641 0.34436 0.25615 35.5013 -16.3477 7.99611 0.28873 0.18085 23.8939 -14.8396 5.9699 0.4427 2264000000000 1868000000000
 0.8100   517400 0.8200   526042      1   517399   517399   526041  0 8.00767e+11 8.19800e+11 206.513000 18.040000 176.370000  1 0.5300 180.480000 19.22498 39.40143 23.88931 40.070 100.470 12.980 -1.748e+12 -1.877e+12 2.956e+12 0.12115 164959 165021 676854 2480 69 164933 165097 18.0397 2068700000000 2068700000000 1954300000000 1382300000000 295520000000 4.15493 0 0.13898 0.61642 0.38652 23.2041 -13.3832 13.1333 0.7754 0.45613 11.9604 -7.9498 14.3261 0.6543 923300000000 333700000000
 0.8000   508725 0.8100   517399      1       -1       -1       -1  0 2.25950e+12 2.22100e+12 288.960000 53.591000 189.920000  1 0.6700 219.330000 19.09529 39.45805 23.87477 19.610 5.770 -85.470 -1.037e+13 -1.319e+13 1.471e+13 0.15834 164960 164954 676854 2497 68 164933 165015 51.8672 2221200000000 2278400000000 1935200000000 1287000000000 495720000000 58.2757 60.81 0.15116 0.36341 0.24973 34.4753 -22.4273 4.14662 0.52704 0.36968 21.442 -15.1371 4.75414 0.4458 2145000000000 1830000000000
 0.8000   508726 0.8100   517400      1   508725   508725   517399  0 8.86567e+11 8.86600e+11 212.755000 31.505000 143.560000  1 0.5300 166.710000 19.22603 39.36897 23.88564 78.520 102.250 49.150 -1.541e+12 -4.734e+10 2.335e+12 0.09407 164961 165022 676854 2498 68 164933 165097 31.5053 2106800000000 2106800000000 1963800000000 1077200000000 247860000000 19.8401 0 0.08759 0.80113 0.6389 -11.7101 17.5234 -11.2475 0.81877 0.67982 -9.93441 14.6152 -7.02477 0.4399 935500000000 638700000000
 0.7900   500091 0.8000   508725      1       -1       -1       -1  0 2.25950e+12 2.20200e+12 289.187000 46.016000 187.320000  1 0.6700 221.730000 19.10154 39.45105 23.89094 6.130 12.820 -78.550 -9.655e+12 -1.236e+13 1.366e+13 0.15537 164962 164955 676854 2502 67 164933 165015 48.9204 2221200000000 2278400000000 2001900000000 1363200000000 457580000000 49.2274 58.31 0.14359 0.44285 0.31589 30.7341 -26.4368 -3.19728 0.59544 0.40762 18.5932 -17.4169 0.52178 0.4226 2228000000000 1602000000000
 0.7900   500092 0.8000   508726      1   500091   500091   508725  0 8.89767e+11 9.53300e+11 218.763000 27.162000 143.700000  1 0.5300 177.340000 19.21610 39.36773 23.88021 95.180 79.920 44.350 -1.691e+12 -2.263e+10 2.259e+12 0.08700 164963 165023 676854 2503 67 164933 165097 27.162 2125900000000 2125900000000 2011500000000 1144000000000 238320000000 19.3099 0 0.07863 0.91241 0.71812 12.8077 -10.1501 12.3178 0.75977 0.67939 -3.13517 -9.01306 14.2125 0.4152 978700000000 572000000000
 0.7800   491449 0.7900   500091      1       -1       -1       -1  0 2.25950e+12 2.20200e+12 290.238000 81.642000 184.180000  1 0.6700 219.480000 19.10614 39.45884 23.90833 -7.280 10.200 -77.460 -9.598e+12 -1.183e+13 1.559e+13 0.16401 164964 164956 676854 2505 66 164933 165015 54.0168 2202100000000 2268900000000 1954300000000 1115400000000 457580000000 52.779 67.01 0.15111 0.44222 0.34322 -19.2843 25.728 8.86896 0.89712 0.62428 -6.30154 16.7268 -2.90419 0.4109 2177000000000 2269000000000
 0.7800   491450 0.7900   500092      1   491449   491449   500091  0 9.02467e+11 8.29400e+11 209.599000 23.883000 142.530000  1 0.5300 173.070000 19.20179 39.34344 23.87426 96.620 70.130 51.270 -1.142e+12 -1.569e+11 1.671e+12 0.07845 164965 165024 676854 2504 66 164933 165097 23.8831 2068700000000 2068700000000 2011500000000 810300000000 209730000000 17.9629 0 0.07168 0.89237 0.5682 11.9113 -9.84135 16.086 0.91602 0.49589 6.01896 -9.63523 15.9083 0.439 902200000000 514800000000
 0.7700   482763 0.7800   491449      1       -1       -1       -1  0 2.25950e+12 2.22100e+12 292.121000 99.155000 183.490000  1 0.6700 226.590000 19.10711 39.45663 23.92903 -20.490 19.410 -82.130 -1.017e+13 -1.315e+13 1.596e+13 0.17026 164966 164957 676854 2529 65 164933 165015 46.6149 2221200000000 2249800000000 1935200000000 915170000000 495720000000 58.6491 77.14 0.15826 0.37766 0.33974 -15.0081 26.5445 14.2637 0.84257 0.70403 -8.44893 14.7004 -4.49819 0.4111 2095000000000 2469000000000
 0.7700   482764 0.7800   491450      1   482763   482763   491449  0 8.67500e+11 9.24700e+11 218.123000 23.901000 142.770000  1 0.5300 181.790000 19.19001 39.34035 23.84659 115.360 53.430 34.360 -1.542e+12 -3.961e+11 1.991e+12 0.08279 164967 165025 676854 2530 65 164933 165097 23.9013 2078200000000 2078200000000 2001900000000 676840000000 295520000000 14.2967 0 0.07543 0.67927 0.38741 18.7161 5.30714 19.1546 0.63653 0.35903 13.5908 9.28123 15.3319 0.419 908300000000 486200000000
 0.7600   474067 0.7700   482763      1       -1       -1       -1  0 2.25950e+12 2.19300e+12 291.898000 112.320000 179.430000  1 0.6700 226.780000 19.10631 39.44613 23.94921 -23.220 27.110 -74.630 -9.608e+12 -1.283e+13 1.435e+13 0.16231 164968 164958 676854 2521 64 164933 165015 46.4649 2192600000000 2259300000000 1916100000000 905630000000 581510000000 58.7968 72.82 0.1517 0.33571 0.29569 -15.1016 29.6309 23.8846 0.89445 0.79895 14.7416 -3.36137 -5.80069 0.4037 2064000000000 2555000000000
 0.7600   474068 0.7700   482764      1   474067   474067   482763  0 8.54767e+11 8.48400e+11 212.709000 23.924000 137.030000  1 0.5300 176.520000 19.17328 39.32227 23.84483 123.880 36.050 39.990 -1.197e+12 2.210e+11 1.770e+12 0.08375 164969 165026 676854 2520 64 164933 165097 23.9237 2030500000000 2030500000000 1887500000000 657780000000 295520000000 8.55676 0 0.07372 0.60658 0.45958 22.7771 -3.10153 19.8097 0.5998 0.48539 15.6475 -1.30915 17.3333 0.3933 829400000000 476600000000
 0.7500   465345 0.7600   474067      1       -1       -1       -1  0 2.25950e+12 2.13500e+12 290.359000 45.177000 174.430000  1 0.6700 222.470000 19.11614 39.43489 23.95572 -22.740 35.930 -67.720 -9.004e+12 -1.078e+13 1.299e+13 0.15369 164970 164959 676854 2536 63 164933 165015 50.7607 2135400000000 2268900000000 1944700000000 857970000000 600580000000 55.3118 67.68 0.14168 0.32682 0.23794 -8.3443 24.6793 22.8822 0.95426 0.72876 -7.28433 13.8473 3.99639 0.386 2074000000000 1258000000000
 0.7500   465346 0.7600   474068      1   465345   465345   474067  0 8.70667e+11 7.91200e+11 208.551000 23.411000 134.260000  1 0.5300 173.370000 19.14825 39.31258 23.83584 119.290 29.640 36.260 -1.235e+12 7.670e+10 1.602e+12 0.08887 164971 165027 676854 2535 63 164933 165097 23.4109 1925700000000 1925700000000 1830300000000 619640000000 324120000000 11.5898 1.2 0.0784 0.60213 0.39626 21.4168 -2.18982 12.7766 0.7823 0.56646 16.316 1.57392 4.25688 0.3943 755900000000 429000000000
 0.7400   456549 0.7500   465345      1       -1       -1       -1  0 2.25950e+12 2.10700e+12 290.066000 80.687000 171.190000  1 0.6700 221.720000 19.12488 39.42739 23.97880 -24.390 40.570 -60.140 -8.241e+12 -1.122e+13 1.217e+13 0.14969 164972 164960 676854 2524 62 164933 165015 51.9998 2154500000000 2211700000000 1839900000000 896100000000 552910000000 63.3408 65.36 0.14074 0.34171 0.20417 -1.05434 26.6919 27.8081 0.92697 0.66092 -5.48647 13.5644 -8.32327 0.3869 1953000000000 2202000000000
 0.7400   456550 0.7500   465346      1   456549   456549   465345  0 8.51600e+11 9.72400e+11 224.164000 61.416000 140.470000  1 0.5300 189.860000 19.13500 39.29670 23.82984 122.890 23.770 16.450 -7.089e+11 2.360e+11 1.455e+12 0.05109 164973 165028 676854 2523 62 164933 165097 23.227 1992400000000 1992400000000 1630100000000 610110000000 305060000000 15.1231 0.96 0.04516 0.69499 0.45555 17.7258 -9.23885 11.9175 0.81658 0.52007 10.5859 -7.41046 12.547 0.3817 890700000000 1010000000000
 0.7300   447718 0.7400   456549      1       -1       -1       -1  0 2.25950e+12 2.07800e+12 289.746000 207.650000 166.890000  1 0.6700 219.780000 19.13511 39.41332 23.98356 -22.060 47.030 -53.140 -8.398e+12 -1.021e+13 1.130e+13 0.14511 164974 164961 676854 2532 61 164933 165015 55.2989 2078200000000 2202100000000 1801700000000 867500000000 467120000000 59.9909 60.68 0.13607 0.3482 0.23458 4.77599 32.7464 35.6191 0.84432 0.65377 4.9323 13.5472 -11.5871 0.3745 1897000000000 2641000000000
 0.7300   447719 0.7400   456550      1   447718   447718   456549  0 7.75367e+11 7.91200e+11 210.002000 41.592000 125.460000  1 0.5300 158.460000 19.12694 39.29648 23.80973 137.440 3.330 10.750 -8.513e+11 -9.912e+10 1.069e+12 0.05407 164975 165029 676854 2533 61 164933 165097 41.5924 1820800000000 1820800000000 877040000000 543380000000 238320000000 33.1837 0 0.05361 0.43026 0.34019 -5.62623 -24.1949 28.1684 0.37672 0.33574 -5.24869 -21.0359 21.1808 0.4154 809500000000 572000000000
 0.7200   438858 0.7300   447718      1       -1       -1       -1  0 2.25950e+12 1.98300e+12 286.221000 211.326000 161.620000  1 0.6700 211.110000 19.13695 39.39929 23.99534 -19.510 53.120 -46.330 -7.850e+12 -9.900e+12 1.019e+13 0.14702 164976 164962 676854 2567 60 164933 165015 68.9978 1982900000000 2154500000000 1592000000000 857970000000 438520000000 62.3458 54.64 0.13807 0.31656 0.23488 6.22908 22.1416 24.7582 0.78174 0.69487 -7.15262 14.7685 -3.75965 0.366 1823000000000 2603000000000
 0.7200   438859 0.7300   447719      1   438858   438858   447718  0 7.02267e+11 5.62500e+11 188.061000 14.067000 110.180000  1 0.5300 172.550000 19.09333 39.27215 23.82296 139.020 2.800 6.360 -5.459e+11 -2.905e+11 6.184e+11 0.07372 164977 165030 676854 2566 60 164933 165097 14.0665 1439500000000 1439500000000 886570000000 562450000000 247860000000 12.8878 1.57 0.06075 0.44941 0.33484 -5.10669 -17.1141 20.3075 0.51554 0.37686 -3.08574 -13.0295 17.094 0.3165 593500000000 200200000000
 0.7100   429942 0.7200   438858      1       -1       -1       -1  0 2.25950e+12 1.92600e+12 284.400000 167.274000 156.090000  1 0.6700 205.740000 19.13618 39.37859 24.00061 -15.500 59.120 -36.680 -7.025e+12 -9.278e+12 9.114e+12 0.14095 164978 164963 676854 2572 59 164933 165015 86.4 1925700000000 2125900000000 1410900000000 819840000000 381320000000 59.1842 50.74 0.13272 0.33299 0.20446 15.139 26.6958 38.5581 0.88343 0.70612 -10.4849 14.4334 6.92498 0.3539 1799000000000 2574000000000
 0.7100   429943 0.7200   438859      1   429942   429942   438858  0 7.18167e+11 7.53100e+11 207.980000 21.077000 121.160000  1 0.5300 177.960000 19.07146 39.26295 23.83827 132.750 0.340 -9.860 -1.247e+12 -1.674e+11 1.155e+12 0.08464 164979 165031 676854 2571 59 164933 165097 21.0769 1601500000000 1601500000000 1058200000000 419450000000 324120000000 15.0635 0 0.07334 0.67046 0.35381 -2.18718 -19.8996 19.5781 0.93224 0.42037 4.77129 -8.28839 17.2105 0.338 725100000000 324100000000
 0.7000   420972 0.7100   429942      1       -1       -1       -1  0 2.25950e+12 1.76400e+12 277.110000 83.941000 151.710000  1 0.6700 202.880000 19.14228 39.37183 24.01552 -19.090 63.950 -32.840 -5.220e+12 -7.587e+12 8.220e+12 0.13934 164980 164964 676854 2585 58 164933 165015 74.7417 1763600000000 1982900000000 1077200000000 819840000000 409920000000 57.3546 46.19 0.12903 0.3426 0.26852 13.8148 18.6406 28.1109 0.84825 0.60645 -3.34136 13.8276 11.5093 0.3444 1736000000000 2193000000000
 0.7000   420973 0.7100   429943      1   420972   420972   429942  0 7.18167e+11 8.38900e+11 216.316000 22.768000 125.120000  1 0.5300 183.950000 19.04427 39.24751 23.85398 118.110 -6.110 -15.360 -9.193e+11 -1.645e+11 1.203e+12 0.06124 164981 165032 676854 2586 58 164933 165097 22.7677 1677800000000 1677800000000 972370000000 428980000000 314590000000 21.8463 0 0.05492 0.6113 0.31935 18.9659 -12.1439 21.055 0.47749 0.20774 21.8924 -2.76366 18.4296 0.3504 785000000000 371800000000
 0.6900   411976 0.7000   420972      1       -1       -1       -1  0 2.25950e+12 1.66800e+12 272.922000 59.124000 148.580000  1 0.6700 208.100000 19.13631 39.35373 24.02581 -12.080 65.410 -23.970 -4.005e+12 -6.917e+12 7.353e+12 0.13623 164982 164965 676854 2577 57 164933 165015 53.1265 1668300000000 1849400000000 1039100000000 800770000000 409920000000 57.4611 38.51 0.12522 0.50373 0.31964 13.3096 16.5923 26.0238 0.85908 0.47084 -3.30534 -9.63572 16.2532 0.3369 1699000000000 1258000000000
 0.6900   411977 0.7000   420973      1   411976   411976   420972  0 7.24533e+11 5.62500e+11 189.952000 14.001000 107.360000  1 0.5300 176.030000 19.01415 39.24292 23.85726 127.170 9.040 -36.830 -4.513e+11 -4.472e+11 4.350e+11 0.06432 164983 165033 676854 2578 57 164933 165097 14.0007 1182100000000 1182100000000 724510000000 467120000000 257390000000 11.5469 0 0.05437 0.60864 0.50494 -17.1403 20.1533 -9.34216 0.52961 0.3785 18.6137 -8.92609 11.9512 0.3086 647300000000 219300000000
 0.6800   402961 0.6900   411976      1       -1       -1       -1  0 2.25950e+12 1.65900e+12 273.289000 81.627000 143.470000  1 0.6700 211.180000 19.13296 39.34328 24.02079 -7.160 62.580 -18.620 -3.785e+12 -6.562e+12 6.798e+12 0.13046 164984 164966 676854 2582 56 164933 165015 49.3807 1658700000000 1782700000000 1020000000000 781710000000 419450000000 47.5247 33.25 0.11917 0.42709 0.2384 19.522 12.1329 26.1541 0.89435 0.48498 5.4713 -10.1478 13.3799 0.3179 1632000000000 1992000000000
 0.6800   402962 0.6900   411977      1   402961   402961   411976  0 6.70500e+11 7.72200e+11 211.804000 21.953000 109.890000  1 0.5300 181.560000 18.98820 39.24600 23.85799 114.090 -11.210 -26.280 -7.294e+11 -6.681e+11 5.343e+11 0.05608 164985 165034 676854 2581 56 164933 165097 21.9527 1534800000000 1534800000000 657780000000 428980000000 257390000000 11.1747 2.91 0.04707 0.63638 0.43796 -9.52708 25.0005 -7.12298 0.70091 0.55382 -2.00605 16.0549 -9.66228 0.2721 793700000000 324100000000
 0.6700   393976 0.6800   402961      1       -1       -1       -1  0 2.25950e+12 1.58300e+12 269.901000 54.719000 138.320000  1 0.6700 198.270000 19.12811 39.32170 24.02108 -9.570 63.000 -11.900 -3.269e+12 -5.595e+12 6.196e+12 0.12449 164986 164967 676854 3669 55 164933 165015 76.0297 1592000000000 1706400000000 953300000000 762640000000 362250000000 43.0906 33.33 0.11419 0.36624 0.2772 20.6891 8.21224 21.2145 0.90526 0.61405 5.61163 1.11654 16.2578 0.3077 1572000000000 1039000000000
 0.6700   393977 0.6800   402962      1   393976   393976   402961  0 7.37200e+11 6.76800e+11 203.355000 21.397000 107.220000  1 0.5300 174.200000 18.96349 39.23508 23.85930 112.650 -20.200 -28.870 -6.703e+11 -3.654e+11 5.527e+11 0.06029 164987 165035 676854 3668 55 164933 165097 21.397 1201200000000 1267900000000 638710000000 400390000000 238320000000 21.8357 2.02 0.04944 0.75638 0.4482 -1.27367 21.7465 -8.81069 0.73347 0.52997 0.45757 16.8759 -2.18451 0.2654 745400000000 324100000000
 0.6600   385030 0.6700   393976      1       -1       -1       -1  0 1.29667e+12 1.24900e+12 250.209000 38.859000 130.190000  1 0.1900 198.130000 19.13360 39.31079 24.02859 -9.950 63.880 -6.790 -1.439e+12 -2.138e+12 2.545e+12 0.08099 164988 164968 676854 2567 54 164933 165015 40.1123 1248800000000 1429900000000 962830000000 695910000000 362250000000 20.646 15.28 0.06886 0.69937 0.61765 22.4806 -2.01568 12.8447 0.87599 0.71656 -0.20544 -9.45683 14.827 0.2783 1532000000000 772200000000
 0.6600   385031 0.6700   393977      1       -1       -1   393976  0 9.62833e+11 7.62600e+11 212.280000 31.056000 106.630000  1 0.5300 170.790000 18.93953 39.23402 23.86445 99.140 -24.010 -33.530 -8.005e+11 -8.322e+11 2.656e+11 0.05895 164989 165036 676854 2566 54 164933 165097 31.0559 905630000000 1029600000000 619640000000 390850000000 228790000000 32.9416 0 0.05124 0.87701 0.49104 -1.56568 22.8454 9.35725 0.63959 0.30696 5.72415 15.6145 13.3264 0.2657 758800000000 419500000000
 0.6500   375989 0.6600   385030      1       -1       -1       -1  0 1.11233e+12 1.05800e+12 237.508000 31.049000 124.630000  1 0.1900 206.480000 19.14474 39.30002 24.03485 -12.930 68.590 -6.080 -6.175e+11 -4.394e+11 9.376e+11 0.03908 164990 164969 676854 2598 53 164933 165015 23.9805 1058200000000 1210700000000 905630000000 648240000000 390850000000 15.2352 5.37 0.03039 0.81475 0.72569 16.1713 -5.33311 12.4679 0.74084 0.69565 3.55016 -6.28034 15.7777 0.2436 1464000000000 638700000000
 0.6500   375990 0.6600   385031      1       -1       -1       -1  0 9.62833e+11 7.34000e+11 210.249000 34.817000 102.950000  1 0.5300 166.090000 18.91268 39.24208 23.88607 98.640 -31.890 -42.970 -9.731e+11 -7.058e+11 1.988e+11 0.06468 164991 165037 676854 2597 53 164933 165097 34.8166 877040000000 1029600000000 705440000000 324120000000 219260000000 34.7415 0 0.05651 0.68442 0.50884 18.7121 -13.3633 23.5537 0.46653 0.3957 21.791 4.8474 16.9437 0.2555 725300000000 467100000000
 0.6400   366913 0.6500   375989      1       -1       -1       -1  0 1.11200e+12 1.03000e+12 236.076000 16.235000 124.220000  1 0.1900 219.220000 19.16200 39.28842 24.03854 -11.810 69.210 -0.110 -6.260e+11 -2.350e+11 6.713e+11 0.03312 164992 164970 676854 2581 52 164933 165015 18.2413 1029600000000 1124900000000 924700000000 619640000000 438520000000 15.5642 2.53 0.02516 0.90403 0.86775 -10.39 16.3995 -12.121 0.73732 0.53173 0.09623 14.1841 -12.9019 0.2344 1362000000000 438500000000
 0.6400   366914 0.6500   375990      1       -1       -1       -1  0 9.62833e+11 7.62600e+11 213.603000 72.069000 104.960000  1 0.5300 156.290000 18.89744 39.26231 23.90103 96.490 -39.380 -40.330 -6.916e+11 -5.367e+11 -2.510e+11 0.04445 164993 165038 676854 2580 52 164933 165097 72.0686 934230000000 1058200000000 819840000000 381320000000 171590000000 38.4868 2.55 0.03988 0.56988 0.52243 14.6201 -13.5674 17.4018 0.52994 0.34162 16.6861 -1.1751 10.111 0.2664 701600000000 972400000000
 0.6300   357797 0.6400   366913      1       -1       -1       -1  0 1.11200e+12 1.02000e+12 236.062000 20.291000 118.340000  1 0.1900 216.130000 19.16659 39.26305 24.04318 -10.400 69.540 2.970 -4.925e+11 -2.513e+11 4.856e+11 0.02639 164994 164971 676854 1457 51 164933 165015 19.5888 1020000000000 1067700000000 915170000000 610110000000 419450000000 24.2771 2.9 0.01997 0.91213 0.81891 22.0986 -5.93315 -0.50326 0.82171 0.65867 -2.17515 -10.2171 14.621 0.2143 1263000000000 476600000000
 0.6300   357798 0.6400   366914      1       -1       -1       -1  0 9.62833e+11 7.53100e+11 213.357000 44.010000 105.460000  1 0.5300 164.180000 18.86054 39.27171 23.90200 92.670 -44.120 -44.210 -6.386e+11 -2.704e+11 -2.562e+11 0.03828 164995 165039 676854 1456 51 164933 165097 44.0102 962830000000 1048600000000 791240000000 390850000000 209730000000 32.6053 2.05 0.03326 0.64938 0.47027 -16.2173 26.8871 -14.1013 0.66438 0.57985 -12.188 19.0478 2.74774 0.2543 708100000000 629200000000
 0.6200   348706 0.6300   357797      1       -1       -1       -1  0 1.11200e+12 1.03000e+12 237.505000 47.828000 113.620000  1 0.1900 218.240000 19.17583 39.25787 24.04210 -7.110 67.910 3.180 -4.406e+11 -1.616e+11 5.237e+11 0.02452 164996 164972 676854 2573 50 164933 165015 19.7022 1029600000000 1048600000000 905630000000 657780000000 305060000000 29.5906 2.04 0.01891 0.9257 0.7737 9.52007 17.5615 14.2184 0.78653 0.62265 9.61511 13.0019 12.8884 0.2044 903300000000 858000000000
 0.6200   348707 0.6300   357798      1       -1       -1       -1  0 9.62833e+11 1.02000e+12 236.770000 93.518000 122.940000  1 0.5300 181.030000 18.78656 39.35151 23.92751 70.610 -28.670 -45.310 -1.014e+12 -6.257e+11 7.901e+11 0.04064 164997 165040 676854 2572 50 164933 165097 52.7937 1020000000000 1105800000000 943770000000 495720000000 0 24.1837 2.59 0.03905 0.32597 0.13606 -42.6385 63.2766 3.10859 0.12703 0.09242 -42.1579 62.7613 9.98846 0.3176 1087000000000 1411000000000
 0.6100   339581 0.6200   348706      1       -1       -1       -1  0 1.11200e+12 1.02000e+12 237.469000 33.356000 112.440000  1 0.1900 200.290000 19.17566 39.23152 24.03078 -4.270 66.220 2.300 -4.543e+11 -2.588e+11 3.889e+11 0.02337 164998 164973 676854 2570 49 164933 165015 29.5445 1020000000000 1096300000000 905630000000 667310000000 362250000000 19.0589 3.24 0.01792 0.85889 0.6905 18.4169 -9.49604 17.3036 0.80435 0.54467 2.9874 -5.97881 21.8939 0.1975 1183000000000 657800000000
 0.6100   339582 0.6200   348707      1       -1       -1       -1  0 9.62833e+11 9.43800e+11 231.397000 59.677000 120.450000  1 0.5300 174.740000 18.83144 39.34178 23.92986 68.070 -33.960 -47.940 -7.106e+11 2.491e+10 1.120e+12 0.04498 164999 165041 676854 2569 49 164933 165097 59.6766 1029600000000 1029600000000 953300000000 495720000000 0 28.1514 0 0.04152 0.41389 0.3224 18.7097 58.6285 -17.0228 0.06476 0.01222 40.1505 42.985 5.49712 0.2947 850000000000 953300000000
 0.6000   330441 0.6100   339581      1       -1       -1       -1  0 1.11200e+12 1.04900e+12 240.364000 42.177000 111.330000  1 0.1900 203.230000 19.17424 39.21754 24.01101 -0.900 64.150 4.050 -4.158e+11 -2.195e+11 3.286e+11 0.01937 165000 164974 676854 3592 48 164933 165015 30.1273 1048600000000 1067700000000 905630000000 676840000000 362250000000 24.1333 4.6 0.01517 0.58278 0.51645 16.8691 -11.9564 18.9859 0.61709 0.51591 11.0338 -11.5946 16.8066 0.1947 1233000000000 781700000000
 0.6000   330442 0.6100   339582      1       -1       -1       -1  0 9.18367e+11 9.24700e+11 230.495000 43.843000 120.890000  1 0.5300 181.390000 18.80287 39.34848 23.94698 59.870 -32.250 -47.860 -7.708e+11 -7.580e+10 1.129e+12 0.05105 165001 165042 676854 3591 48 164933 165097 43.8432 991430000000 1020000000000 953300000000 533850000000 0 14.7837 0.97 0.04464 0.45887 0.41502 24.598 48.3854 -23.7955 0.42495 0.24638 32.634 31.0792 -10.1204 0.2759 891700000000 772200000000
 0.5900   321264 0.6000   330441      1       -1       -1       -1  0 1.11200e+12 1.07700e+12 243.222000 36.754000 113.060000  1 0.1900 208.240000 19.17351 39.18409 24.01046 3.590 61.280 7.220 -2.969e+11 -2.094e+11 3.027e+11 0.01555 165002 164975 676854 1464 47 164933 165015 29.2295 1077200000000 1124900000000 924700000000 695910000000 352720000000 16.3834 3.23 0.01204 0.60672 0.52094 17.0721 -14.5241 20.6515 0.54577 0.43464 8.51743 -16.2401 19.6924 0.1906 1101000000000 715000000000
 0.5900   321265 0.6000   330442      1       -1       -1       -1  0 9.05633e+11 8.86600e+11 227.931000 35.366000 121.440000  1 0.5300 186.020000 18.74665 39.33739 23.97553 56.760 -34.370 -51.110 -8.489e+11 -1.929e+09 9.375e+11 0.05230 165003 165043 676854 1463 47 164933 165097 35.3657 962830000000 981900000000 867500000000 505250000000 295520000000 33.7123 0 0.04454 0.76193 0.3991 -19.5599 34.4336 5.14494 0.66606 0.43677 -5.22658 23.0852 12.47 0.2717 795600000000 543400000000
 0.5800   312022 0.5900   321264      1       -1       -1       -1  0 1.11200e+12 1.08700e+12 244.622000 46.809000 114.450000  1 0.1900 209.370000 19.17804 39.15721 24.00956 5.420 59.720 8.600 -2.961e+11 2.183e+11 3.461e+11 0.01670 165004 164976 676854 2631 46 164933 165015 30.0897 1086800000000 1153500000000 962830000000 743570000000 362250000000 15.2823 3.61 0.01276 0.60356 0.51354 16.4073 -10.6606 27.7637 0.6914 0.54515 6.44489 -13.1049 21.8197 0.1859 1026000000000 858000000000
 0.5800   312023 0.5900   321265      1       -1       -1       -1  0 8.96100e+11 9.05600e+11 230.198000 28.636000 123.350000  1 0.5300 196.590000 18.72182 39.35722 24.00252 50.710 -25.480 -51.250 -9.598e+11 -1.348e+10 1.107e+12 0.05953 165005 165044 676854 2630 46 164933 165097 28.636 905630000000 934230000000 857970000000 495720000000 305060000000 40.8344 1.23 0.05017 0.81342 0.46356 28.7702 -27.101 -10.4312 0.59137 0.37721 -17.3237 30.4006 9.52156 0.2699 832000000000 457600000000
 0.5700   302799 0.5800   312022      1       -1       -1       -1  0 1.11200e+12 1.07700e+12 244.577000 34.962000 118.920000  1 0.1900 222.060000 19.17840 39.13252 24.00645 9.950 58.210 8.520 -2.282e+11 2.055e+11 2.629e+11 0.01408 165006 164977 676854 2592 45 164933 165015 23.3205 1077200000000 1096300000000 1048600000000 724510000000 390850000000 10.3291 3.12 0.01044 0.80304 0.46384 15.9597 -8.88832 12.4332 0.8688 0.49079 13.7169 -9.40817 3.31465 0.1881 1013000000000 715000000000
 0.5700   302800 0.5800   312023      1       -1       -1       -1  0 8.83367e+11 8.96100e+11 230.020000 28.907000 124.000000  1 0.5300 196.930000 18.71153 39.36999 23.99922 45.520 -23.770 -50.950 -1.010e+12 -1.532e+11 1.399e+12 0.07410 165007 165045 676854 2590 45 164933 165097 28.9069 896100000000 905630000000 791240000000 638710000000 276460000000 36.5486 0 0.06082 0.77102 0.61408 29.868 -16.7828 -21.1048 0.67618 0.52545 -12.87 19.8041 25.6923 0.2616 850300000000 552900000000
 0.5600   293544 0.5700   302799      1       -1       -1       -1  0 1.11200e+12 1.06800e+12 244.512000 33.085000 120.620000  1 0.1900 226.630000 19.18088 39.11063 23.98779 12.070 55.400 11.040 -2.756e+11 3.273e+11 2.668e+11 0.01796 165008 164978 676854 2594 44 164933 165015 21.7688 1067700000000 1105800000000 1029600000000 734040000000 419450000000 21.2775 2.88 0.01332 0.78106 0.59214 6.12181 3.81756 24.1617 0.80861 0.61001 -0.05204 2.75161 19.6725 0.192 1025000000000 657800000000
 0.5600   293545 0.5700   302800      1       -1       -1       -1  0 8.38900e+11 8.48400e+11 226.477000 23.707000 127.490000  1 0.5300 202.370000 18.73590 39.38822 24.02086 42.800 -21.420 -48.720 -9.325e+11 2.685e+10 1.190e+12 0.07270 165009 165046 676854 2593 44 164933 165097 23.7069 848440000000 848440000000 810300000000 657780000000 209730000000 8.23803 0.77 0.05857 0.72692 0.40521 32.4745 -8.53736 -22.6217 0.64703 0.21601 28.2618 -4.78244 -23.0516 0.272 868700000000 495700000000
 0.5500   284290 0.5600   293544      1       -1       -1       -1  0 1.11200e+12 1.07700e+12 245.888000 19.225000 120.730000  1 0.1900 227.880000 19.17633 39.10058 23.99465 16.150 53.570 13.900 -2.493e+11 1.600e+10 2.334e+11 0.01208 165010 164979 676854 2567 43 164933 165015 22.3822 1077200000000 1096300000000 1001000000000 705440000000 457580000000 17.9554 1.75 0.00897 0.90416 0.77551 12.1981 -0.58532 21.1899 0.9552 0.80263 7.89077 -10.2311 14.2901 0.1903 1016000000000 476600000000
 0.5500   284291 0.5600   293545      1       -1       -1       -1  0 7.69000e+11 7.72200e+11 220.059000 30.729000 119.260000  1 0.5300 186.470000 18.68872 39.43339 24.04194 38.650 -21.630 -49.550 -6.788e+11 -6.442e+10 1.321e+12 0.08147 165011 165047 676854 2566 43 164933 165097 30.7291 772170000000 791240000000 724510000000 543380000000 238320000000 43.446 0 0.06791 0.44998 0.28218 -11.4258 26.6108 -17.3964 0.38023 0.18561 11.373 -18.6351 24.7416 0.2723 697800000000 486200000000
 0.5400   275066 0.5500   284290      1       -1       -1       -1  0 1.11200e+12 1.10600e+12 248.690000 30.262000 115.570000  1 0.1900 216.390000 19.18499 39.06771 23.97932 18.510 49.040 14.800 -9.035e+10 -1.475e+10 1.850e+11 0.00686 165012 164980 676854 2565 42 164933 165015 31.0846 1105800000000 1134400000000 1001000000000 753110000000 390850000000 21.6803 3.41 0.00522 0.91984 0.71128 9.55783 -5.91301 25.0185 0.89199 0.6309 -13.3665 -5.58443 18.3816 0.1807 986300000000 657800000000
 0.5400   275067 0.5500   284291      2       -1       -1       -1  0 7.37233e+11 6.86400e+11 212.137000 46.904000 107.410000  1 0.5300 168.280000 18.68252 39.45900 24.06778 29.800 -30.840 -50.950 -7.865e+11 -6.632e+10 1.067e+12 0.08360 165013 165048 676854 2564 42 164933 165097 46.9037 686380000000 695910000000 600580000000 419450000000 114400000000 39.8159 6.83 0.07436 0.44964 0.17999 -9.19159 43.3992 -10.6659 0.4857 0.18269 -8.9116 33.2419 -7.4996 0.2763 632700000000 600600000000
 0.5300   265820 0.5400   275066      1       -1       -1       -1  0 1.11200e+12 1.11500e+12 250.036000 32.806000 112.120000  1 0.1900 216.710000 19.17474 39.04622 23.98080 21.820 46.100 14.400 -2.007e+11 -3.545e+11 4.457e+11 0.01970 165014 164981 676854 2579 41 164933 165015 32.8057 1115400000000 1124900000000 1039100000000 753110000000 381320000000 13.8412 5.17 0.01518 0.87244 0.68326 22.3483 -16.019 4.41564 0.76364 0.5752 21.1694 -10.5243 -2.38354 0.1718 984400000000 695900000000
 0.5300   265821 0.5400   275067      1       -1       -1       -1  0 7.37233e+11 6.67300e+11 210.688000 63.570000 98.800000  1 0.5300 162.950000 18.69363 39.43760 24.08872 30.740 -22.850 -45.100 -8.390e+11 -1.044e+11 7.247e+11 0.07201 165015 165049 676854 2580 41 165074 165073 63.5696 667310000000 686380000000 552910000000 324120000000 123930000000 22.1381 0 0.06591 0.63721 0.34729 -9.6095 46.8277 -9.41543 0.70334 0.31424 23.2845 -18.2909 2.37259 0.26 611000000000 791200000000
 0.5300   265822 0.5400   275067      1   265821   265821       -1  0 2.09700e+11 2.09700e+11 143.246000 17.979000 77.790000  0 0.3000 125.230000 18.67099 39.27275 24.10946 96.980 55.170 -41.800 -4.061e+10 -8.573e+10 1.225e+10 0.03928 165016 165074 676854 2581 41 164933 165097 17.9785 371790000000 371790000000 371790000000 162060000000 0 3.62869 0 0.03897 0.2646 0.01158 -27.9394 33.7676 44.6759 0.30378 0.05437 -25.3151 34.9173 44.2932 0.3353 234900000000 85800000000
 0.5200   256588 0.5300   265820      1       -1       -1       -1  0 1.10867e+12 1.11500e+12 250.658000 43.274000 112.060000  1 0.1900 224.120000 19.17017 39.01964 23.97374 24.650 41.770 12.170 -1.952e+11 -2.388e+11 4.528e+11 0.01797 165017 164982 676854 7972 40 164933 165015 28.9724 1124900000000 1124900000000 1010500000000 743570000000 324120000000 24.3298 2.53 0.01389 0.59517 0.49901 28.8412 -13.4938 11.5819 0.49271 0.33737 23.7304 -12.5216 10.2408 0.1698 974100000000 829400000000
 0.5200   256589 0.5300   265821      1       -1       -1       -1  0 5.14767e+11 4.95700e+11 191.288000 29.551000 74.700000  1 0.2900 161.860000 18.70981 39.45151 24.09058 5.970 -42.700 -44.600 -1.797e+11 -1.392e+11 -9.281e+10 0.02886 165018 165050 676854 7971 40 164933 165073 29.551 495720000000 495720000000 362250000000 305060000000 104860000000 23.6059 1.94 0.02405 0.44723 0.31341 -24.716 33.9387 12.329 0.36203 0.17934 25.492 -18.8708 -14.5636 0.1608 549900000000 314600000000
 0.5200   256590 0.5300   265822      1       -1       -1   265821  0 2.22467e+11 1.71600e+11 134.311000 14.738000 69.910000  1 0.3000 121.410000 18.61197 39.26451 24.16478 83.880 43.060 -58.180 -2.843e+10 5.929e+10 4.365e+09 0.04349 165019 165075 676854 7970 40 164933 165097 14.7377 171590000000 171590000000 142990000000 123930000000 66731000000 7.99352 0 0.03782 0.25166 0.17836 -6.8123 7.36505 24.4139 0.15944 0.05556 -7.24227 7.98873 29.4813 0.2537 169300000000 95330000000
 0.5100   247322 0.5200   256588      1       -1       -1       -1  0 1.08667e+12 1.09600e+12 249.828000 64.681000 108.440000  1 0.1900 203.980000 19.17648 38.99825 23.99397 23.080 39.490 10.860 -5.181e+11 -1.764e+11 5.992e+11 0.02673 165020 164983 676854 1409 39 164933 165015 50.5607 1096300000000 1096300000000 1010500000000 714970000000 247860000000 32.6161 2.93 0.02136 0.44272 0.2209 19.579 -8.59209 35.9986 0.49043 0.26497 14.3552 -4.98376 30.1385 0.1703 944200000000 1125000000000
 0.5100   247323 0.5200   256589      1       -1       -1       -1  0 4.22633e+11 3.81300e+11 175.696000 14.053000 75.690000  1 0.2900 171.770000 18.71927 39.47045 24.08833 -3.940 -37.210 -38.820 -4.403e+09 -7.344e+09 -7.605e+09 0.00235 165021 165051 676854 1407 39 164933 165073 14.0529 400390000000 419450000000 324120000000 285990000000 190660000000 9.74568 0 0.00175 0.52584 0.31903 18.6145 -15.0127 -13.6697 0.4573 0.32747 16.2827 -12.1988 -14.0401 0.1487 473000000000 190700000000
 0.5100   247324 0.5200   256590      1       -1       -1       -1  0 2.22467e+11 1.43000e+11 126.699000 9.401000 62.310000  1 0.3000 126.200000 18.58002 39.23951 24.19152 80.750 47.930 -52.490 9.775e+09 2.814e+10 -3.773e+10 0.04720 165022 165076 676854 1406 39 164933 165097 9.40074 142990000000 142990000000 142990000000 114400000000 47665000000 9.6327 0 0.03771 0.82742 0.5183 -7.19737 8.13332 14.022 0.77964 0.49739 2.33708 -1.34581 14.9825 0.2001 170400000000 47660000000
 0.5000   238149 0.5100   247322      1       -1       -1       -1  0 1.06767e+12 1.04900e+12 246.737000 31.726000 104.930000  1 0.1900 206.240000 19.16975 38.96912 23.97303 23.150 36.440 10.970 -6.581e+11 -2.076e+11 7.105e+11 0.03577 165023 164984 676854 7897 38 164933 165015 44.3564 1048600000000 1048600000000 981900000000 600580000000 276460000000 26.8328 3.87 0.02831 0.58606 0.35108 32.2626 -12.5212 19.2107 0.64464 0.32323 26.8454 -6.23055 5.85206 0.1597 975000000000 533800000000
 0.5000   238150 0.5100   247323      1       -1       -1       -1  0 4.22633e+11 3.62300e+11 173.127000 9.514000 85.070000  1 0.2900 187.850000 18.72743 39.47763 24.10329 -7.320 -29.640 -34.080 -1.426e+10 -5.617e+10 1.595e+11 0.04055 165024 165052 676854 7898 38 164933 165073 9.51431 362250000000 362250000000 343190000000 285990000000 190660000000 8.6827 0 0.02852 0.71737 0.50922 -8.2219 15.5004 7.62843 0.68082 0.47143 -6.0886 13.5738 9.29309 0.1627 466400000000 133500000000
 0.5000   238151 0.5100   247324      1       -1       -1       -1  0 2.22467e+11 1.33500e+11 124.112000 7.086000 59.220000  1 0.3000 133.260000 18.54472 39.22129 24.21749 76.100 41.580 -48.550 1.191e+10 2.336e+10 -2.890e+10 0.04318 165025 165077 676854 7896 38 164933 165097 7.08617 133460000000 133460000000 123930000000 104860000000 76264000000 10.6054 0 0.03464 0.84127 0.68233 20.8673 -3.11787 -8.37179 0.60223 0.4813 22.375 4.60008 -1.03881 0.1927 179100000000 28600000000
 0.4900   228969 0.5000   238149      1       -1       -1       -1  0 1.06467e+12 1.05800e+12 248.056000 38.189000 102.510000  1 0.1900 208.800000 19.12542 38.96241 23.96008 22.870 34.460 10.980 -5.210e+11 -2.357e+11 4.689e+11 0.02686 165026 164985 676854 1358 37 164933 165015 44.4923 1058200000000 1058200000000 1001000000000 676840000000 285990000000 10.2011 2.47 0.02101 0.80116 0.62393 25.7892 -20.4402 7.77615 0.81364 0.61825 21.9901 -12.7731 -5.80102 0.1488 963500000000 695900000000
 0.4900   228970 0.5000   238150      1       -1       -1       -1  0 4.22633e+11 3.33700e+11 168.836000 8.590000 80.220000  1 0.2900 188.430000 18.73674 39.49365 24.12076 -9.540 -28.690 -34.850 9.126e+10 4.447e+08 5.967e+10 0.03228 165027 165053 676854 1359 37 164933 165073 8.59007 343190000000 343190000000 324120000000 295520000000 200190000000 7.23303 0 0.02121 0.61915 0.32264 -6.85085 19.4977 14.1927 0.60732 0.33624 -4.62327 17.0458 14.9132 0.1342 466300000000 114400000000
 0.4900   228971 0.5000   238151      1       -1       -1       -1  0 2.22467e+11 1.23900e+11 121.364000 14.083000 51.810000  1 0.3000 110.510000 18.51122 39.20340 24.23985 73.150 42.940 -45.310 7.118e+09 2.190e+10 -3.803e+10 0.05148 165028 165078 676854 1357 37 164933 165097 14.0825 123930000000 123930000000 123930000000 95330000000 19066000000 14.5018 0 0.04506 0.66391 0.42852 24.3068 -17.0788 -4.74815 0.62827 0.12954 -15.7959 26.5357 -10.5516 0.1861 127200000000 76260000000
 0.4800   219823 0.4900   228969      1       -1       -1       -1  0 1.06133e+12 1.08700e+12 250.835000 65.089000 103.870000  1 0.1900 211.220000 19.10512 38.94901 23.94913 23.070 34.210 11.610 -6.202e+11 -1.489e+11 6.879e+11 0.03258 165029 164986 676854 2570 36 164933 165015 46.9956 1086800000000 1086800000000 1001000000000 648240000000 324120000000 15.4386 2.81 0.02573 0.75988 0.48624 23.7793 -13.3302 -13.423 0.68609 0.33955 -13.1142 6.71416 17.7461 0.1505 933200000000 1087000000000
 0.4800   219824 0.4900   228970      1       -1       -1       -1  0 4.22633e+11 3.52700e+11 172.380000 11.456000 73.420000  1 0.2900 180.160000 18.74413 39.51475 24.13440 -8.950 -26.580 -34.070 3.175e+10 -4.262e+10 1.106e+10 0.01365 165030 165054 676854 2718 36 164933 165073 11.4561 352720000000 352720000000 333650000000 314590000000 152530000000 9.9261 0 0.00971 0.43548 0.37679 -11.2513 22.4157 11.7209 0.54766 0.29335 -8.42117 19.7993 11.04 0.1268 446900000000 114400000000
 0.4800   219825 0.4900   228971      1       -1       -1       -1  0 2.22467e+11 7.62600e+10 103.463000 26.191000 48.670000  1 0.3000 83.900000 18.48039 39.16756 24.18988 51.870 48.730 -40.970 1.652e+10 1.645e+10 -1.214e+10 0.04233 165031 165079 676854 3129 36 164933 165097 26.1908 76264000000 76264000000 66731000000 0 0 60.9251 7.83 0.06037 0.34464 0.03554 32.7814 -8.96822 61.1978 0 0 0 0 0 0.4073 120400000000 76260000000
 0.4700   210685 0.4800   219823      1       -1       -1       -1  0 1.03280e+12 1.03900e+12 247.655000 51.900000 104.220000  1 0.1900 226.730000 19.08923 38.92488 23.93448 29.010 34.840 11.790 -4.299e+11 -2.492e+10 6.435e+11 0.02985 165032 164987 676854 1424 35 164933 165015 30.0012 1039100000000 1039100000000 991430000000 600580000000 371790000000 27.5656 3.58 0.0231 0.67663 0.47229 22.0663 -18.4504 12.4391 0.84663 0.62455 -9.45718 7.96957 16.9702 0.1483 899200000000 877000000000
 0.4700   210686 0.4800   219824      1       -1       -1       -1  0 4.22633e+11 3.52700e+11 172.758000 11.635000 71.390000  1 0.2900 181.240000 18.74496 39.51981 24.15652 -10.360 -23.800 -32.860 1.765e+10 -2.556e+10 2.636e+10 0.01016 165033 165055 676854 1590 35 164933 165073 11.6347 352720000000 352720000000 352720000000 305060000000 0 5.4532 0 0.00736 0.51851 0.36748 -20.3552 40.7758 12.0878 0.41323 0.25978 -9.25684 40.8676 17.0641 0.1231 489100000000 85800000000
 0.4700   210687 0.4800   219825      1       -1       -1       -1  0 2.22467e+11 1.23900e+11 121.904000 11.993000 42.540000  1 0.3000 116.660000 18.53963 39.70671 24.27442 28.120 -42.970 -62.100 1.202e+10 1.804e+09 2.349e+10 0.03247 165034 165080 676854 1591 35 164933 165097 11.9935 133460000000 133460000000 123930000000 85797000000 38132000000 9.02744 2.73 0.0273 0.64267 0.34663 15.2821 11.6314 -12.2518 0.50549 0.27577 19.006 5.83808 -14.1146 0.1187 129000000000 57200000000
 0.4600   201581 0.4700   210685      1       -1       -1       -1  0 9.72333e+11 9.72400e+11 242.753000 40.656000 103.230000  1 0.1900 219.860000 19.07412 38.90829 23.92267 28.750 34.970 15.230 -4.571e+11 -1.199e+11 4.699e+11 0.02938 165035 164988 676854 2472 34 164933 165015 32.2834 972370000000 962830000000 886570000000 629180000000 305060000000 24.7258 0.86 0.02242 0.67445 0.3582 21.4036 -19.1897 19.3928 0.69156 0.32435 19.3786 -13.8891 15.5695 0.143 816200000000 667300000000
 0.4600   201582 0.4700   210686      1       -1       -1       -1  0 4.22633e+11 3.52700e+11 173.127000 13.024000 72.810000  1 0.2900 177.920000 18.74985 39.52962 24.17037 -10.380 -22.670 -31.850 1.464e+10 -2.453e+10 2.557e+10 0.00965 165036 165056 676854 2473 34 164933 165073 13.0236 352720000000 352720000000 352720000000 295520000000 190660000000 3.45405 0 0.00699 0.50892 0.22858 -17.2209 39.8753 -4.14551 0.23585 0.07975 -23.0694 40.612 -2.34254 0.1265 416400000000 133500000000
 0.4600   201583 0.4700   210687      1       -1       -1       -1  0 2.22467e+11 1.04900e+11 115.548000 7.781000 44.070000  1 0.3000 122.140000 18.52017 39.72077 24.32223 23.570 -38.650 -62.230 1.913e+10 1.187e+10 2.412e+10 0.05468 165037 165081 676854 2474 34 164933 165097 7.78074 104860000000 104860000000 95330000000 95330000000 19066000000 8.6369 0 0.04544 0.64594 0.46175 -11.9821 14.3348 -0.71133 0.41264 0.32425 -11.4346 14.2381 0.12852 0.1277 144000000000 19070000000
 0.4500   192553 0.4600   201581      1       -1       -1       -1  0 9.08800e+11 9.05600e+11 237.558000 22.581000 102.150000  1 0.1900 232.680000 19.08032 38.88380 23.91831 29.160 36.540 16.000 -2.487e+11 9.663e+09 2.166e+11 0.01743 165038 164989 676854 2539 33 164933 165015 22.5815 905630000000 905630000000 838900000000 676840000000 209730000000 13.2397 0 0.01263 0.74234 0.53993 -17.4171 19.6548 4.95419 0.71288 0.55998 -13.4391 17.53 3.80284 0.1314 905900000000 486200000000
 0.4500   192554 0.4600   201582      1       -1       -1       -1  0 4.22633e+11 3.62300e+11 175.035000 13.559000 71.670000  1 0.2900 179.990000 18.76005 39.52191 24.18358 -7.770 -22.060 -31.240 1.049e+09 -5.498e+10 1.354e+09 0.01346 165039 165057 676854 2814 33 164933 165073 13.5587 362250000000 352720000000 343190000000 295520000000 133460000000 18.6994 1.33 0.00969 0.48818 0.42745 -5.73706 17.9048 -6.83776 0.45538 0.43352 -6.46158 16.0724 -5.19775 0.1197 366800000000 143000000000
 0.4500   192555 0.4600   201583      1       -1       -1       -1  0 2.22467e+11 1.43000e+11 128.398000 28.078000 42.340000  1 0.3000 108.300000 18.51374 39.78801 24.39083 15.180 -33.550 -60.640 2.231e+10 5.184e+08 3.153e+10 0.03150 165040 165082 676854 3135 33 164933 165097 28.0782 142990000000 142990000000 133460000000 9533000000 0 25.9251 0 0.03204 0.1625 0.086 -20.8166 29.2062 22.2115 0 0 0 0 0 0.143 135000000000 133500000000
 0.4400   183512 0.4500   192553      1       -1       -1       -1  0 8.57933e+11 8.48400e+11 232.915000 26.203000 96.290000  1 0.1900 221.690000 19.07735 38.87331 23.92054 27.970 35.110 15.390 -2.461e+11 3.485e+10 1.331e+11 0.01656 165041 164990 676854 2533 32 164933 165015 26.2025 848440000000 848440000000 838900000000 657780000000 247860000000 13.3354 0 0.01215 0.74625 0.60318 24.2244 -8.81861 -22.4371 0.89483 0.54857 24.2705 -0.63484 -16.8003 0.124 841300000000 505200000000
 0.4400   183513 0.4500   192554      1       -1       -1       -1  0 4.22633e+11 3.71800e+11 176.911000 22.957000 64.620000  1 0.2900 163.600000 18.76632 39.55876 24.20534 -8.650 -22.020 -30.320 -1.732e+10 -3.730e+10 2.301e+09 0.00908 165042 165058 676854 2664 32 164933 165073 22.957 371790000000 362250000000 352720000000 247860000000 38132000000 8.84413 1.84 0.00702 0.66387 0.29984 8.08295 22.8076 -20.141 0.15516 0.04441 -13.0878 -16.8915 21.131 0.1103 361000000000 219300000000
 0.4400   183514 0.4500   192555      1       -1       -1       -1  1 2.22467e+11 1.52500e+11 131.466000 29.947000 42.170000  1 0.3000 111.330000 18.50994 39.79642 24.40604 15.180 -33.550 -60.640 4.786e+10 4.751e+09 2.503e+10 0.04264 165043 165083 676854 8645 32 164933 165097 30.0631 152525000000 152525000000 142995000000 19066000000 0 26.067 0 0.04223 0.25243 0.165265 -19.3013 45.9943 23.6875 0.3018 0.057965 14.253 0.823765 9.61196 0.12825 138750000000 143000000000
 0.4300   174499 0.4400   183512      1       -1       -1       -1  0 8.26167e+11 8.19800e+11 230.716000 26.541000 94.480000  1 0.1900 220.460000 19.05430 38.84278 23.93255 26.710 32.780 13.210 -2.918e+11 6.846e+10 1.699e+11 0.02146 165044 164991 676854 2527 31 164933 165015 26.5415 829370000000 829370000000 800770000000 657780000000 247860000000 22.8672 0 0.01589 0.7421 0.46802 12.3668 -7.03418 25.9083 0.41791 0.33731 4.58651 2.49016 26.3066 0.124 838700000000 448100000000
 0.4300   174500 0.4400   183513      1       -1       -1       -1  0 4.22633e+11 3.81300e+11 178.758000 30.404000 59.970000  1 0.2900 158.930000 18.76006 39.57013 24.23473 -8.660 -20.050 -29.560 -4.580e+10 -8.254e+10 2.303e+10 0.01979 165045 165059 676854 2758 31 164933 165073 30.4039 381320000000 381320000000 362250000000 266920000000 38132000000 9.24475 0 0.01605 0.74638 0.40657 -2.55442 33.1253 -19.989 0.73791 0.31918 -15.3518 -9.63081 22.5495 0.1012 351300000000 295500000000
 0.4300   174501 0.4400   183514      1       -1       -1       -1  0 2.22467e+11 1.62100e+11 134.398000 31.816000 41.990000  1 0.3000 114.200000 18.49147 39.83114 24.46010 11.970 -32.250 -53.790 7.341e+10 8.984e+09 1.854e+10 0.05377 165046 165084 676854 3128 31 164933 165097 31.8157 162060000000 162060000000 152530000000 28599000000 0 26.209 0 0.05242 0.34236 0.24453 -17.7859 62.7825 25.1636 0.6036 0.11593 28.5059 1.64753 19.2239 0.1135 142500000000 152500000000
 0.4200   165551 0.4300   174499      1       -1       -1       -1  0 8.00767e+11 8.10300e+11 230.250000 30.655000 92.820000  1 0.1900 215.620000 19.04451 38.80480 23.92406 27.230 32.110 11.090 -3.009e+11 3.296e+09 2.279e+11 0.02392 165047 164992 676854 2537 30 164933 165015 30.6553 810300000000 810300000000 791240000000 552910000000 257390000000 20.4655 0 0.01794 0.56235 0.5174 22.2232 -18.8796 24.4556 0.7509 0.67907 7.37629 -10.2002 23.5815 0.1236 735300000000 505200000000
 0.4200   165552 0.4300   174500      1       -1       -1       -1  0 4.22633e+11 3.81300e+11 179.094000 41.428000 58.720000  1 0.2900 153.950000 18.74909 39.59516 24.27478 -11.510 -19.170 -25.980 -5.705e+10 -5.094e+10 2.709e+10 0.01619 165048 165060 676854 2594 30 164933 165073 41.4284 381320000000 371790000000 362250000000 162060000000 57198000000 33.5176 1.94 0.01355 0.55731 0.18996 -1.55352 17.5494 -7.97109 0.3226 0.16127 2.7137 11.168 -7.04694 0.1003 331500000000 362300000000
 0.4200   165553 0.4300   174501      1       -1       -1       -1  0 2.22467e+11 1.71600e+11 137.241000 33.237000 39.570000  1 0.3000 117.370000 18.46499 39.85008 24.47441 9.600 -29.710 -51.050 7.027e+10 9.550e+09 1.529e+10 0.04953 165049 165085 676854 2595 30 164933 165097 33.2367 171590000000 171590000000 162060000000 76264000000 19066000000 14.5921 0 0.04583 0.18392 0.02328 -8.82399 20.1163 6.21727 0.41733 0.02419 -7.2855 18.8784 6.05144 0.0874 150000000000 171600000000
 0.4100   156689 0.4200   165551      1       -1       -1       -1  0 7.65833e+11 7.72200e+11 226.992000 31.046000 84.570000  1 0.1900 213.480000 19.03120 38.77375 23.92696 25.300 39.440 10.070 -2.074e+11 -1.005e+11 -6.991e+09 0.01593 165050 164993 676854 2496 29 164933 165015 31.0457 772170000000 762640000000 714970000000 514780000000 285990000000 19.2244 0.55 0.01201 0.62966 0.50557 -6.75046 -0.08466 29.8635 0.47663 0.3483 -8.70713 4.02518 26.9364 0.1054 652000000000 448100000000
 0.4100   156690 0.4200   165552      1       -1       -1       -1  0 4.22633e+11 4.00400e+11 182.361000 41.879000 59.770000  1 0.2900 158.360000 18.75743 39.62544 24.29816 -7.600 -17.590 -29.140 -5.250e+10 -1.026e+09 6.628e+10 0.01566 165051 165061 676854 2678 29 164933 165073 41.8792 400390000000 400390000000 314590000000 181130000000 85797000000 41.4884 0 0.01316 0.66367 0.47433 -2.08796 18.1343 10.1957 0.6456 0.4628 1.51095 13.0003 5.3358 0.0977 342900000000 352700000000
 0.4100   156691 0.4200   165553      1       -1       -1       -1  0 2.22467e+11 1.71600e+11 137.490000 24.993000 42.590000  1 0.3000 123.210000 18.46580 39.86260 24.50661 7.550 -29.400 -48.540 4.332e+10 5.110e+09 8.978e+09 0.03232 165052 165086 676854 3030 29 164933 165097 24.9928 171590000000 171590000000 171590000000 76264000000 0 4.49817 0 0.02845 0.90359 0.43758 -1.84505 41.7025 -3.12775 0.67664 0.1624 -8.83051 29.6888 13.3243 0.0867 158200000000 114400000000
 0.4000   147925 0.4100   156689      1       -1       -1       -1  0 7.37233e+11 7.15000e+11 221.630000 22.967000 81.160000  1 0.1900 222.690000 19.03083 38.74115 23.92410 23.780 41.290 9.910 -1.291e+11 -3.180e+09 -9.131e+10 0.01284 165053 164994 676854 2488 28 164933 165015 22.9673 714970000000 714970000000 667310000000 448050000000 247860000000 10.9227 0 0.00948 0.83658 0.64286 19.7484 -11.6936 16.8292 0.65646 0.56381 19.3582 -0.35071 12.0888 0.0957 622800000000 305100000000
 0.4000   147926 0.4100   156690      1       -1       -1       -1  0 4.22633e+11 3.71800e+11 178.223000 21.080000 68.160000  1 0.2900 174.140000 18.75760 39.64222 24.32714 -9.850 -21.880 -25.040 -6.585e+10 -3.953e+09 2.749e+10 0.01585 165054 165062 676854 2667 28 164933 165073 21.0799 371790000000 362250000000 285990000000 181130000000 104860000000 46.101 0.89 0.01273 0.76295 0.4225 0.21064 14.0399 22.5495 0.57141 0.5243 -0.12134 4.60338 19.7465 0.1132 358800000000 171600000000
 0.4000   147927 0.4100   156691      1       -1       -1       -1  0 2.22467e+11 2.00200e+11 144.993000 29.006000 48.690000  1 0.3000 129.400000 18.45813 39.88034 24.54110 11.460 -26.950 -48.270 5.519e+10 -6.993e+09 8.129e+09 0.03231 165055 165087 676854 3007 28 164933 165097 29.0059 200190000000 200190000000 171590000000 123930000000 0 9.44878 0 0.0281 0.67618 0.33603 7.14226 39.6442 -18.1477 0.7067 0.3712 -4.73671 31.6312 -10.4494 0.0988 173700000000 162100000000
 0.3900   139265 0.4000   147925      1       -1       -1       -1  0 6.92733e+11 7.24500e+11 222.986000 31.268000 79.010000  1 0.1900 212.920000 19.02183 38.69396 23.91301 24.190 35.930 9.290 -4.805e+10 5.074e+10 -1.851e+11 0.01532 165056 164995 676854 2439 27 164933 165015 31.2681 724510000000 724510000000 657780000000 400390000000 238320000000 12.3675 0 0.01173 0.50904 0.45106 5.78314 -4.93262 30.4453 0.54327 0.41187 7.51353 -4.35127 23.489 0.0957 609900000000 390900000000
 0.3900   139266 0.4000   147926      1       -1       -1       -1  0 4.22633e+11 4.48100e+11 189.979000 29.254000 67.180000  1 0.2900 178.400000 18.78633 39.61403 24.29545 -8.830 -15.680 -24.740 4.232e+09 -1.509e+10 1.223e+11 0.01979 165057 165063 676854 2621 27 164933 165073 29.2537 448050000000 448050000000 419450000000 295520000000 0 1.52952 0 0.01628 0.2123 0.12145 -17.3055 59.7636 38.9198 0.13153 0.03704 -14.4403 54.8385 34.8747 0.1031 424500000000 295500000000
 0.3900   139267 0.4000   147927      1       -1       -1       -1  0 2.22467e+11 2.19300e+11 149.709000 24.775000 54.770000  1 0.3000 138.890000 18.44530 39.89695 24.57389 10.100 -24.040 -49.010 4.589e+10 -1.122e+10 -1.804e+10 0.02584 165058 165088 676854 2946 27 164933 165097 24.7746 219260000000 219260000000 200190000000 152530000000 0 10.6774 0 0.02198 0.58481 0.30642 10.4731 34.0166 -28.3539 0.62817 0.00947 13.6041 27.6863 20.6829 0.1096 189900000000 152500000000
 0.3800   130799 0.3900   139265      1       -1       -1       -1  0 6.76833e+11 6.38700e+11 214.158000 22.317000 79.080000  1 0.1900 219.420000 19.00092 38.65967 23.88063 21.050 35.600 7.290 -1.123e+11 9.021e+09 -8.829e+10 0.01439 165059 164996 676854 317 26 164933 165015 22.3166 638710000000 619640000000 610110000000 409920000000 219260000000 23.6615 1.03 0.0106 0.7322 0.61164 -2.96693 -2.6588 27.4921 0.90563 0.75034 -4.65415 0.21962 20.2797 0.0924 557900000000 305100000000
 0.3800   130800 0.3900   139266      1       -1       -1       -1  0 4.22633e+11 3.90800e+11 181.818000 38.633000 65.860000  1 0.2900 164.340000 18.78700 39.67395 24.35816 -9.240 -12.050 -25.770 7.772e+09 -1.087e+10 4.755e+10 0.00982 165060 165064 676854 534 26 164933 165073 38.6327 390850000000 381320000000 352720000000 238320000000 38132000000 46.7715 0 0.00829 0.31986 0.21425 -10.5826 39.4857 16.5802 0.14189 0.01234 -18.1727 35.9099 12.8246 0.1127 336400000000 324100000000
 0.3800   130801 0.3900   139267      1       -1       -1       -1  0 2.22467e+11 2.28800e+11 152.094000 19.011000 54.030000  1 0.3000 150.040000 18.44073 39.91344 24.60857 5.620 -20.090 -49.270 1.925e+10 -2.968e+10 -2.339e+10 0.02143 165061 165089 676854 829 26 164933 165097 19.011 228790000000 228790000000 228790000000 171590000000 0 5.92037 0 0.01738 0.83409 0.4399 -2.13731 37.273 -12.9751 0.76767 0.26988 28.904 16.7957 -8.65038 0.0943 217400000000 143000000000
 0.3700   122313 0.3800   130799      1       -1       -1       -1  0 6.76833e+11 6.19600e+11 212.335000 35.220000 75.350000  1 0.1900 201.210000 18.98792 38.64421 23.85095 22.080 32.060 4.160 -9.568e+10 2.065e+10 -7.085e+10 0.01245 165062 164997 676854 2382 25 164933 165015 35.2203 619640000000 610110000000 581510000000 390850000000 152530000000 31.2381 0 0.00953 0.66524 0.53029 18.4201 -11.3339 20.0638 0.618 0.37909 16.3659 -4.67049 16.693 0.0927 546500000000 438500000000
 0.3700   122314 0.3800   130800      1       -1       -1       -1  0 3.87667e+11 4.29000e+11 187.840000 28.209000 64.570000  1 0.2900 181.020000 18.79851 39.63689 24.33508 -7.320 -14.080 -25.010 4.304e+10 -1.073e+10 9.841e+10 0.01915 165063 165065 676854 2567 25 164933 165073 28.2094 428980000000 428980000000 428980000000 247860000000 9533000000 3.84963 0 0.01571 0.11854 0.04549 -13.0342 45.895 21.0491 0.47223 0.22938 -9.22537 37.239 16.9391 0.0971 410800000000 257400000000
 0.3700   122315 0.3800   130801      1       -1       -1       -1  0 2.22467e+11 2.19300e+11 150.185000 15.676000 55.110000  1 0.3000 155.520000 18.43709 39.92969 24.64347 6.320 -18.500 -48.340 1.675e+10 -1.170e+10 -8.800e+09 0.01253 165064 165090 676854 2873 25 164933 165097 15.6765 219260000000 219260000000 219260000000 190660000000 57198000000 5.59306 0 0.00991 0.89326 0.51986 29.9345 -7.66672 -19.6682 0.44631 0.08259 4.39151 -20.0232 29.7646 0.0974 236500000000 76260000000
 0.3600   113892 0.3700   122313      1       -1       -1       -1  0 6.76833e+11 6.29200e+11 213.736000 49.103000 70.780000  1 0.1900 195.680000 18.98745 38.62926 23.85347 21.140 28.800 8.260 -6.690e+10 6.693e+08 -7.994e+10 0.01025 165065 164998 676854 2326 24 164933 165015 49.103 629180000000 619640000000 610110000000 362250000000 142990000000 28.2699 0 0.00812 0.90722 0.56773 35.1276 -4.70571 -9.10369 0.78814 0.42756 9.0109 23.8402 -16.9617 0.0838 573500000000 591000000000
 0.3600   113893 0.3700   122314      1       -1       -1       -1  0 3.78167e+11 3.43200e+11 174.635000 35.003000 61.800000  1 0.2900 162.690000 18.79034 39.70763 24.37893 -10.200 -14.980 -20.990 3.883e+10 -6.497e+10 1.772e+10 0.01956 165066 165066 676854 2483 24 164933 165073 35.0026 343190000000 343190000000 343190000000 181130000000 47665000000 51.7196 0 0.01663 0.37355 0.22577 -7.19607 9.96442 32.1484 0.54468 0.34704 -3.22517 8.81748 30.2561 0.105 326600000000 247900000000
 0.3600   113894 0.3700   122315      1       -1       -1       -1  0 2.19300e+11 2.19300e+11 150.408000 17.498000 54.970000  1 0.3000 153.960000 18.44493 39.94362 24.68720 1.790 -20.570 -43.920 2.912e+10 -2.457e+10 -1.281e+10 0.02228 165067 165091 676854 2766 24 164933 165097 17.4977 219260000000 219260000000 219260000000 200190000000 0 14.7966 0 0.01814 0.94924 0.50327 33.4866 -24.1677 -1.36155 0.51944 0.09359 38.5308 -32.6216 -9.16771 0.1021 237500000000 114400000000
 0.3500   105623 0.3600   113892      1       -1       -1       -1  0 6.76833e+11 7.05400e+11 222.360000 74.760000 67.350000  1 0.1900 199.260000 18.97037 38.60331 23.85634 19.980 27.150 8.450 -8.783e+10 4.367e+09 -1.816e+08 0.00708 165068 164999 676854 2263 23 164933 165015 74.7597 705440000000 686380000000 667310000000 352720000000 133460000000 23.5568 0 0.00574 0.85808 0.5316 28.068 9.01424 -20.6746 0.55805 0.42042 16.6278 21.5499 -16.6282 0.0718 587300000000 800800000000
 0.3500   105624 0.3600   113893      1       -1       -1       -1  0 3.40033e+11 3.62300e+11 178.063000 26.369000 59.830000  1 0.2900 176.100000 18.81190 39.65143 24.36855 -6.270 -7.710 -22.460 4.668e+10 -2.498e+09 3.924e+10 0.01537 165069 165067 676854 2425 23 164933 165073 26.3693 362250000000 362250000000 362250000000 247860000000 0 6.89314 0 0.01209 0.85242 0.35719 5.20233 43.7766 -9.28659 0.58283 0.16882 -0.59116 40.3593 -5.01215 0.082 338700000000 247900000000
 0.3500   105625 0.3600   113894      1       -1       -1       -1  0 2.19300e+11 2.19300e+11 150.622000 22.735000 50.610000  1 0.3000 148.460000 18.44187 39.95795 24.72289 2.640 -20.390 -38.740 3.717e+10 -1.008e+10 -2.717e+09 0.02102 165070 165092 676854 2687 23 164933 165097 22.7352 219260000000 219260000000 219260000000 171590000000 0 12.9882 0 0.01766 0.8196 0.28826 26.937 -23.4616 14.4064 0.93721 0.08394 -22.2487 24.2854 0.24304 0.093 204700000000 152500000000
 0.3400    97533 0.3500   105623      1       -1       -1       -1  0 6.76833e+11 6.95900e+11 221.654000 26.849000 72.860000  1 0.1900 230.600000 18.95013 38.57990 23.85489 18.220 28.610 8.090 -8.987e+10 -4.153e+10 -3.114e+10 0.00922 165071 165000 676854 2211 22 164933 165015 26.8489 695910000000 686380000000 657780000000 352720000000 190660000000 26.738 0 0.00702 0.88049 0.52481 16.545 -6.29955 10.1481 0.90473 0.66284 -6.71304 -8.62615 10.0044 0.0705 580600000000 295500000000
 0.3400    97534 0.3500   105624      1       -1       -1       -1  0 3.30500e+11 3.14600e+11 170.114000 14.570000 65.230000  1 0.2900 191.020000 18.83212 39.65116 24.37538 -9.170 -8.760 -19.200 4.458e+10 -1.228e+10 2.187e+10 0.01783 165072 165068 676854 2355 22 164933 165073 14.5699 314590000000 314590000000 314590000000 209730000000 152530000000 17.6602 0 0.013 0.83741 0.31087 -7.10721 12.0886 24.8917 0.73597 0.34014 -0.29089 19.0968 15.16 0.0884 325000000000 152500000000
 0.3400    97535 0.3500   105625      1       -1       -1       -1  0 2.06567e+11 2.19300e+11 150.827000 24.653000 47.170000  1 0.3000 148.500000 18.43940 39.97211 24.75855 3.230 -18.520 -37.230 3.335e+10 -6.317e+09 -2.548e+09 0.01792 165073 165093 676854 2617 22 164933 165097 24.6526 219260000000 219260000000 219260000000 162060000000 9533000000 15.3867 0 0.01578 0.82646 0.66616 9.61593 -24.1606 22.6507 0.54554 0.32037 -2.44823 -21.4861 25.988 0.0905 197300000000 162100000000
 0.3300    89687 0.3400    97533      1       -1       -1       -1  0 6.38700e+11 6.29200e+11 214.607000 28.670000 78.210000  1 0.1900 221.880000 18.93866 38.54108 23.87036 17.840 27.460 5.740 -1.042e+11 -1.029e+11 -2.161e+10 0.01677 165074 165001 676854 2150 21 164933 165015 28.6696 629180000000 629180000000 629180000000 467120000000 209730000000 20.0913 0 0.01202 0.9078 0.47657 -9.05162 -11.8258 23.306 0.82171 0.3721 -11.1682 -11.0527 20.1344 0.0743 595300000000 419500000000
 0.3300    89688 0.3400    97534      1       -1       -1       -1  0 3.01900e+11 3.14600e+11 170.334000 24.195000 56.430000  1 0.2900 174.100000 18.83425 39.65183 24.38073 -6.850 -10.010 -17.930 6.061e+10 1.017e+10 4.053e+10 0.02403 165075 165069 676854 2321 21 164933 165073 24.1955 314590000000 314590000000 305060000000 190660000000 104860000000 27.866 0 0.01897 0.78586 0.54425 -12.0284 28.5622 -8.45298 0.35631 0.32627 16.0427 -5.90712 21.6675 0.0815 268800000000 181100000000
 0.3300    89689 0.3400    97535      1       -1       -1       -1  0 1.81133e+11 1.81100e+11 141.703000 38.586000 43.050000  1 0.3000 132.310000 18.40480 39.99712 24.77369 6.880 -14.990 -33.880 3.612e+10 -1.293e+10 -1.024e+10 0.02861 165076 165094 676854 2549 21 164933 165097 38.5859 181130000000 181130000000 171590000000 85797000000 9533000000 29.7823 0 0.02568 0.50989 0.3445 39.2749 -1.18214 -6.23302 0.35996 0.18919 29.8805 3.24569 -3.18726 0.083 161100000000 200200000000
 0.3200    81971 0.3300    89687      1       -1       -1       -1  0 5.97400e+11 5.91000e+11 210.439000 17.393000 80.910000  1 0.1900 244.730000 18.92031 38.52465 23.86827 20.690 26.720 5.530 -1.033e+11 -1.481e+11 -6.002e+09 0.02426 165077 165002 676854 2047 20 164933 165015 17.3928 591050000000 591050000000 591050000000 486180000000 228790000000 14.9 0 0.01652 0.86148 0.4821 23.3328 1.53138 -17.0315 0.8172 0.32063 19.9302 6.56638 -17.7873 0.0748 654300000000 247900000000
 0.3200    81972 0.3300    89688      1       -1       -1       -1  0 2.73300e+11 2.76500e+11 163.353000 27.108000 49.620000  1 0.2900 164.750000 18.81889 39.69503 24.43726 -5.630 -11.450 -18.060 6.353e+10 1.086e+10 3.931e+10 0.02765 165078 165070 676854 2196 20 164933 165073 27.1077 276460000000 276460000000 276460000000 57198000000 9533000000 19.9216 0 0.02449 0.2967 0.1901 -31.7947 51.4777 23.3103 0.6881 0.14834 19.7388 10.3697 -1.70455 0.0896 262800000000 181100000000
 0.3200    81973 0.3300    89689      1       -1       -1       -1  0 1.55700e+11 1.43000e+11 131.127000 15.703000 41.860000  1 0.3000 140.410000 18.40377 40.02275 24.81737 11.190 -16.120 -30.890 2.402e+10 -9.000e+09 -8.210e+08 0.02857 165079 165095 676854 2472 20 164933 165097 15.7031 142990000000 142990000000 142990000000 123930000000 0 6.66899 0 0.02498 0.59375 0.03812 -25.3058 36.0066 20.2613 0.62672 0.38923 38.4213 -26.4323 -9.05917 0.0833 149600000000 66730000000
 0.3100    74512 0.3200    81971      1       -1       -1       -1  0 5.75167e+11 5.72000e+11 208.393000 22.121000 75.030000  1 0.1900 232.110000 18.92665 38.49826 23.87206 18.310 25.670 5.750 -8.571e+10 -1.074e+11 -1.007e+10 0.01914 165080 165003 676854 1982 19 164933 165015 22.1213 571980000000 571980000000 571980000000 457580000000 190660000000 9.55117 0 0.01351 0.57343 0.49761 20.8651 3.30652 -13.9314 0.59927 0.52079 16.6899 1.85346 -13.0695 0.073 569500000000 286000000000
 0.3100    74513 0.3200    81972      1       -1       -1       -1  0 2.12933e+11 2.28800e+11 153.545000 51.602000 40.280000  1 0.2900 145.110000 18.83051 39.66740 24.46355 -3.470 -4.230 -20.630 1.205e+10 -3.475e+09 1.823e+10 0.01054 165081 165071 676854 2168 19 164933 165073 51.6024 228790000000 190660000000 181130000000 19066000000 0 15.8217 0 0.00999 0.01311 0 24.9359 70.3081 57.449 0 0 0 0 0 0.0789 221200000000 314600000000
 0.3100    74514 0.3200    81973      1       -1       -1       -1  0 1.36633e+11 1.43000e+11 131.279000 20.960000 38.750000  1 0.3000 135.150000 18.40603 40.01598 24.84365 7.600 -12.410 -34.320 1.944e+10 2.319e+09 -8.376e+09 0.02335 165082 165096 676854 2376 19 164933 165097 20.9602 142990000000 142990000000 142990000000 66731000000 0 8.91251 0 0.02105 0.46101 0.3598 33.806 -21.143 -35.3277 0.76024 0.10053 30.4015 -4.46256 -20.4733 0.075 139900000000 95330000000
 0.3000    67282 0.3100    74512      1       -1       -1       -1  0 5.24333e+11 5.62500e+11 207.456000 44.751000 60.730000  1 0.1900 207.310000 18.92177 38.46544 23.87316 17.390 20.710 7.810 -1.097e+11 -9.108e+10 -3.103e+10 0.01845 165083 165004 676854 1881 18 164933 165015 44.751 562450000000 562450000000 533850000000 257390000000 123930000000 27.8897 0 0.01495 0.58529 0.24286 37.8459 -7.92819 -16.1765 0.63964 0.22943 26.9577 -3.23122 -14.1216 0.0666 494500000000 524300000000
 0.3000    67283 0.3100    74513      1       -1       -1       -1  0 1.65267e+11 1.33500e+11 128.436000 18.190000 33.920000  1 0.2900 137.040000 18.84506 39.60239 24.40071 -2.660 9.920 -16.410 7.007e+09 2.730e+09 -1.834e+10 0.02569 165084 165072 676854 2071 18 164933 165073 18.1903 133460000000 133460000000 133460000000 76264000000 0 17.6419 0 0.02233 0.74047 0.19209 24.662 -8.33867 30.0504 0.72839 0.05536 24.5135 7.59378 -12.0759 0.0548 169800000000 76260000000
 0.3000    67284 0.3100    74514      0       -1       -1       -1  0 1.23900e+11 1.23900e+11 125.302000 24.500000 33.560000  1 0.3000 126.870000 18.41899 40.01662 24.90840 2.020 -16.420 -36.070 1.806e+10 7.163e+09 -1.099e+10 0.03013 165085 165097 676854 2334 18 164933 165097 24.4999 123930000000 123930000000 123930000000 66731000000 0 24.3052 0 0.02845 0.51015 0.27162 37.986 -32.8164 -15.5943 0.45173 0.0164 0.76068 28.0943 43.356 0.0645 111500000000 85800000000
 0.2900    60301 0.3000    67282      1       -1       -1       -1  0 4.67133e+11 4.38500e+11 191.137000 44.986000 52.110000  1 0.1900 191.940000 18.91591 38.43520 23.86840 11.900 23.990 11.830 -2.924e+10 1.994e+09 -6.055e+10 0.01287 165086 165005 676854 1830 17 164933 165015 44.9858 438520000000 419450000000 419450000000 209730000000 66731000000 22.4372 1.04 0.01061 0.37441 0.25691 -29.4365 42.4999 -29.6987 0.46251 0.33698 -6.72605 34.5722 0.34959 0.0544 407700000000 419500000000
 0.2900    60302 0.3000    67283      0       -1       -1       -1  0 1.33500e+11 1.33500e+11 128.569000 16.590000 33.480000  1 0.2900 141.780000 18.84666 39.58836 24.43196 -7.850 9.130 -16.160 -7.815e+09 -4.033e+09 -1.928e+10 0.02879 165087 165073 676854 2017 17 164933 165073 16.59 133460000000 133460000000 133460000000 66731000000 0 6.18009 0 0.02427 0.67162 0.15206 -12.9258 -12.5249 17.5527 0.84397 0.44566 25.9582 -1.64999 15.55 0.0486 127400000000 66730000000
 0.2800    53637 0.2900    60301      1       -1       -1       -1  0 4.00400e+11 4.00400e+11 185.608000 36.818000 50.260000  1 0.1900 193.550000 18.89748 38.40398 23.84745 10.500 27.050 12.370 7.327e+09 2.946e+10 -5.406e+10 0.01454 165088 165006 676854 1693 16 164933 165015 36.8177 400390000000 371790000000 371790000000 276460000000 47665000000 18.7335 0.94 0.01157 0.56445 0.23742 -10.5148 33.3974 -16.1153 0.17342 0.05024 -3.98418 28.8362 -13.4492 0.046 347000000000 324100000000
 0.2700    47295 0.2800    53637      1       -1       -1       -1  0 3.87700e+11 3.62300e+11 179.682000 27.648000 52.350000  1 0.1900 198.260000 18.88526 38.35833 23.84765 10.550 23.600 12.980 2.133e+10 3.029e+10 -3.414e+10 0.01485 165089 165007 676854 224 15 164933 165015 27.6482 362250000000 352720000000 352720000000 285990000000 95330000000 29.3179 0 0.01131 0.85181 0.41172 9.66577 -15.8559 21.0384 0.8252 0.32282 19.575 -10.2716 -2.24306 0.048 332600000000 257400000000
 0.2600    41293 0.2700    47295      1       -1       -1       -1  0 3.81333e+11 4.00400e+11 185.936000 33.016000 52.960000  1 0.1900 203.970000 18.87441 38.34082 23.82454 10.100 21.120 11.300 -6.153e+09 2.846e+10 -3.414e+10 0.01129 165090 165008 676854 939 14 164933 165015 33.0163 400390000000 400390000000 400390000000 257390000000 114400000000 17.2578 0 0.00868 0.9068 0.47503 26.2674 -13.5493 -13.7072 0.8345 0.38937 -2.07935 -9.35022 24.4429 0.045 347900000000 314600000000
 0.2500    35656 0.2600    41293      1       -1       -1       -1  0 3.71800e+11 3.81300e+11 183.082000 17.579000 55.960000  1 0.1900 230.220000 18.88201 38.32001 23.79275 9.130 18.790 12.270 -1.476e+10 2.585e+10 -3.799e+10 0.01423 165091 165009 676854 713 13 164933 165015 17.579 381320000000 381320000000 381320000000 266920000000 114400000000 8.30892 0 0.01033 0.59707 0.35443 31.8187 -14.8192 -10.4373 0.66248 0.41634 25.0282 -16.4763 -2.89262 0.0447 372200000000 209700000000
 0.2400    30356 0.2500    35656      1       -1       -1       -1  0 3.40033e+11 3.33700e+11 175.241000 15.582000 52.660000  1 0.1900 228.660000 18.87582 38.29960 23.75204 6.320 13.530 12.820 -1.050e+10 -1.992e+09 -3.125e+10 0.01254 165092 165010 676854 808 12 164933 165015 15.5818 333650000000 314590000000 314590000000 257390000000 142990000000 6.17005 0 0.00901 0.75059 0.49791 15.4579 -9.38613 -4.53739 0.55379 0.24276 -11.1608 12.296 2.13316 0.0432 324600000000 162100000000
 0.2300    25457 0.2400    30356      1       -1       -1       -1  0 2.92367e+11 3.05100e+11 170.200000 32.214000 45.990000  1 0.1900 195.970000 18.85543 38.29797 23.72599 8.160 11.370 10.670 -3.732e+08 -1.172e+10 -4.764e+10 0.01958 165093 165011 676854 1690 11 164933 165015 32.2142 305060000000 305060000000 295520000000 171590000000 47665000000 10.9742 0 0.01587 0.33613 0.23554 40.3394 -20.4175 -3.6305 0.51628 0.13905 17.3443 -4.18713 -9.50179 0.0474 258000000000 228800000000
 0.2200    20949 0.2300    25457      1       -1       -1       -1  0 2.16100e+11 2.38300e+11 156.854000 51.200000 34.880000  1 0.1900 174.240000 18.84362 38.27402 23.70753 3.140 11.790 8.810 1.792e+09 -1.753e+10 -3.059e+10 0.01904 165094 165012 676854 1035 10 164933 165015 51.2004 238320000000 219260000000 219260000000 0 0 11.9221 0 0.01761 0.14668 0.01181 69.3921 -10.1785 -9.6013 0 0 0 0 0 0.0444 217900000000 305100000000
 0.2100    16868 0.2200    20949      1       -1       -1       -1  0 1.52533e+11 1.04900e+11 119.370000 23.791000 33.290000  1 0.1900 142.530000 18.79706 38.25619 23.71844 18.030 14.650 5.870 -7.421e+09 -1.602e+10 -1.273e+10 0.04042 165095 165013 676854 915 9 164933 165015 23.791 104860000000 104860000000 104860000000 0 0 30.6552 0 0.04365 0.24573 0.06035 70.9333 -4.8123 14.9154 0 0 0 0 0 0.0784 177700000000 66730000000
 0.2000    13253 0.2100    16868      1       -1       -1       -1  0 8.89900e+10 1.14400e+11 122.948000 19.229000 29.660000  1 0.1900 156.060000 18.96399 38.17616 23.64523 -8.990 9.110 6.560 -6.416e+08 -5.333e+09 -1.639e+09 0.01144 165096 165014 676854 147 8 164933 165015 19.2286 114400000000 114400000000 95330000000 66731000000 38132000000 25.4577 0 0.00998 0.3272 0.05098 35.5624 10.5384 -27.2061 0.63611 0.32604 24.459 -1.22193 -14.0138 0.0313 106600000000 66730000000
 0.1900    10133 0.2000    13253      0       -1       -1       -1  0 4.76700e+10 4.76700e+10 91.874000 19.296000 16.130000  1 0.1900 114.350000 18.75937 38.21077 23.69608 13.880 5.540 18.530 1.872e+08 4.059e+08 3.849e+08 0.00340 165097 165015 676854 615 7 164933 165015 19.2963 47665000000 47665000000 47665000000 0 0 51.1903 0 0.00463 0.1899 0 32.1298 60.6361 -15.1257 0 0 0 0 0 0.0453 145300000000 28600000000
