 1.0000   674720 0.0000       -1      1       -1       -1       -1  0 3.94000e+11 3.81300e+11 148.354000 31.832000 83.260000  1 0.5100 110.630000 11.63096 16.91203 32.29578 328.020 132.550 74.410 -6.636e+11 -6.224e+11 -1.803e+11 0.10200 339049 339049 674720 235 88 339048 339098 31.8318 381320000000 419450000000 305060000000 19066000000 0 5.01508 4.95 0.11026 0.47053 0.14497 6.05188 47.1413 -32.3511 0 0 0 0 0 0.4111 391200000000 314600000000
 0.9900   666548 1.0000   674720      1       -1       -1       -1  0 3.94000e+11 3.71800e+11 147.727000 27.112000 84.860000  1 0.5100 112.440000 11.60103 16.90351 32.28473 323.140 131.700 73.880 -5.557e+11 -5.544e+11 -2.579e+11 0.09599 339050 339050 674720 539 87 339048 339098 27.1118 371790000000 419450000000 305060000000 19066000000 0 8.167 2.07 0.10275 0.33817 0.1341 -0.60541 44.3217 -38.4062 0 0 0 0 0 0.4163 397000000000 305100000000
 0.9800   658213 0.9900   666548      1       -1       -1       -1  0 3.94000e+11 3.62300e+11 147.067000 23.818000 88.640000  1 0.5100 114.030000 11.56714 16.88830 32.27864 319.170 132.690 73.080 -5.608e+11 -5.213e+11 -1.690e+11 0.09579 339051 339051 674720 247 86 339048 339098 23.8177 362250000000 419450000000 314590000000 19066000000 0 7.12752 1.15 0.10214 0.27142 0.13071 -10.6931 43.7863 -41.4605 0 0 0 0 0 0.4364 407300000000 276500000000
 0.9700   649900 0.9800   658213      1       -1       -1       -1  0 3.94000e+11 3.62300e+11 147.680000 20.465000 93.150000  1 0.5100 117.570000 11.52860 16.87048 32.27230 314.100 131.620 72.390 -5.596e+11 -5.168e+11 -1.683e+11 0.09520 339052 339052 674720 1536 85 339048 339098 20.4648 362250000000 400390000000 314590000000 123930000000 0 4.30057 0 0.10192 0.34936 0.07351 -7.78463 44.309 -40.5996 0.49869 0.05911 17.2454 -23.8376 28.7858 0.4619 433700000000 238300000000
 0.9600   641607 0.9700   649900      1       -1       -1       -1  0 3.94000e+11 3.62300e+11 148.292000 18.445000 96.460000  1 0.5100 120.410000 11.49610 16.85998 32.26237 309.690 131.470 71.640 -5.563e+11 -5.132e+11 -1.678e+11 0.09561 339053 339053 674720 2478 84 339048 339098 18.4451 362250000000 390850000000 333650000000 162060000000 0 7.38076 0 0.1016 0.25364 0.11568 -13.9146 36.194 -35.5933 0.23665 0.06418 -1.56769 42.6582 -31.1766 0.4747 445700000000 190700000000
 0.9500   633320 0.9600   641607      1       -1       -1       -1  0 3.94000e+11 3.52700e+11 147.585000 17.730000 99.580000  1 0.5100 120.560000 11.47396 16.83185 32.27285 306.620 132.280 70.990 -5.427e+11 -5.173e+11 -2.071e+11 0.10059 339054 339054 674720 506 83 339048 339098 17.7296 352720000000 400390000000 324120000000 219260000000 9533000000 17.0816 0 0.10692 0.164 0.08168 -10.6713 37.2141 -25.1617 0.19105 0.02767 -8.52169 25.4987 -17.6199 0.4946 422900000000 200200000000
 0.9400   625038 0.9500   633320      1       -1       -1       -1  0 3.94000e+11 3.62300e+11 149.513000 16.645000 101.800000  1 0.5100 123.970000 11.43280 16.82906 32.24396 301.080 130.960 70.140 -5.475e+11 -5.057e+11 -1.664e+11 0.09888 339055 339055 674720 1480 82 339048 339098 16.6453 362250000000 390850000000 333650000000 247860000000 0 10.0286 0 0.10073 0.48804 0.17389 -10.2073 30.6854 -28.3142 0.27796 0.15533 -7.61565 35.0343 -13.1068 0.4786 462600000000 181100000000
 0.9300   616730 0.9400   625038      1       -1       -1       -1  0 3.94000e+11 3.43200e+11 147.441000 17.320000 106.590000  1 0.5100 120.800000 11.38502 16.84767 32.21387 303.880 129.810 71.460 -7.097e+11 -4.657e+11 7.312e+10 0.11230 339056 339056 674720 532 81 339048 339098 17.3196 343190000000 390850000000 295520000000 162060000000 104860000000 39.4493 0 0.12339 0.41691 0.25683 7.44359 -22.0238 26.5998 0.59287 0.36927 4.44353 -11.1228 19.4618 0.5468 372900000000 162100000000
 0.9200   608405 0.9300   616730      1       -1       -1       -1  0 3.94000e+11 3.81300e+11 153.329000 16.504000 110.480000  1 0.5100 127.870000 11.35950 16.78275 32.22838 296.020 126.850 69.220 -6.748e+11 -5.804e+11 2.992e+09 0.10786 339057 339057 674720 1539 80 339048 339098 16.5038 381320000000 400390000000 352720000000 266920000000 0 8.9032 0 0.10851 0.50915 0.21679 -4.96328 34.6262 -12.4345 0.33775 0.02283 -0.00376 32.0839 -9.38383 0.5046 455200000000 200200000000
 0.9100   600065 0.9200   608405      1       -1       -1       -1  0 3.94000e+11 3.81300e+11 153.946000 12.943000 116.170000  1 0.5100 135.730000 11.32066 16.77508 32.22052 287.360 128.340 67.650 -6.713e+11 -6.554e+11 -3.588e+10 0.11854 339058 339058 674720 1542 79 339048 339098 12.9431 381320000000 409920000000 352720000000 285990000000 76264000000 7.41767 0 0.11485 0.56136 0.30547 -5.76522 25.139 -8.91051 0.38068 0.11265 -0.63872 22.5267 -13.9554 0.5103 500900000000 190700000000
 0.9000   591717 0.9100   600065      1       -1       -1       -1  0 3.94000e+11 3.71800e+11 153.262000 9.830000 122.680000  1 0.5100 144.600000 11.28045 16.76396 32.22200 281.700 130.410 67.280 -5.659e+11 -5.824e+11 -1.132e+11 0.11218 339059 339059 674720 537 78 339048 339098 9.83024 371790000000 390850000000 362250000000 305060000000 162060000000 3.12365 0 0.105 0.65898 0.32768 -5.48447 22.0085 -3.75832 0.54986 0.08757 -0.59957 19.0311 -4.87055 0.5239 547400000000 143000000000
 0.8900   583323 0.9000   591717      1       -1       -1       -1  0 3.94000e+11 3.90800e+11 156.457000 9.415000 126.050000  1 0.5100 150.090000 11.24200 16.74565 32.20159 280.390 126.060 66.630 -6.980e+11 -6.627e+11 5.228e+10 0.12053 339060 339060 674720 544 77 339048 339098 9.41502 390850000000 400390000000 333650000000 305060000000 209730000000 6.64009 0 0.11397 0.62571 0.37445 -11.9153 18.5578 -0.08294 0.63735 0.38015 -11.9481 16.308 1.92961 0.5346 582600000000 123900000000
 0.8800   574947 0.8900   583323      1       -1       -1       -1  0 3.94000e+11 3.90800e+11 157.074000 10.359000 127.600000  1 0.5100 147.030000 11.19296 16.73894 32.20745 275.670 123.510 66.840 -7.150e+11 -6.355e+11 1.265e+10 0.11796 339061 339061 674720 1577 76 339048 339098 10.3591 390850000000 400390000000 352720000000 285990000000 190660000000 20.7326 0 0.11354 0.84774 0.19228 -11.4149 18.983 6.98139 0.9107 0.09752 6.87632 -10.1585 15.0061 0.5484 556900000000 171600000000
 0.8700   566493 0.8800   574947      1       -1       -1       -1  0 3.94000e+11 4.00400e+11 158.960000 10.595000 121.130000  1 0.5100 148.360000 11.16291 16.70412 32.17639 273.980 121.560 66.510 -8.547e+11 -6.441e+11 1.126e+11 0.12829 339062 339062 674720 544 75 339048 339098 10.5946 400390000000 400390000000 333650000000 305060000000 85797000000 8.8682 0 0.12315 0.8538 0.4437 -9.4624 19.5829 11.318 0.8249 0.30873 -6.50371 9.59713 22.5573 0.5161 606300000000 114400000000
 0.8600   558036 0.8700   566493      1       -1       -1       -1  0 3.94000e+11 3.90800e+11 158.301000 11.091000 115.470000  1 0.5100 145.850000 11.12269 16.68057 32.16570 270.110 121.790 63.190 -8.341e+11 -5.466e+11 1.702e+11 0.12654 339063 339063 674720 556 74 339048 339098 11.091 390850000000 400390000000 343190000000 314590000000 0 10.7875 0 0.12098 0.83387 0.36329 -7.70706 20.3491 21.1497 0.8234 0.07394 -8.90206 -4.82526 24.1676 0.4931 573300000000 133500000000
 0.8500   549605 0.8600   558036      1       -1       -1       -1  0 3.87633e+11 3.90800e+11 158.912000 24.369000 109.600000  1 0.5100 123.490000 11.11692 16.71100 32.15284 265.620 123.860 66.950 -6.559e+11 -5.961e+11 -2.480e+11 0.08530 339064 339064 674720 1604 73 339048 339098 24.3686 390850000000 438520000000 343190000000 123930000000 9533000000 42.0569 0 0.11049 0.49807 0.16554 33.7123 26.8095 -12.8933 0.24853 0 23.5414 -0.99131 -6.89411 0.6191 406200000000 286000000000
 0.8400   541087 0.8500   549605      1       -1       -1       -1  0 3.84467e+11 3.81300e+11 158.212000 23.563000 105.380000  1 0.5100 123.600000 11.03944 16.64575 32.19971 259.840 121.670 63.090 -6.031e+11 -4.846e+11 3.842e+10 0.09116 339065 339065 674720 540 72 339048 339098 23.5625 381320000000 381320000000 352720000000 190660000000 0 36.3995 0 0.09729 0.69862 0.27596 9.28576 -10.6896 34.9107 0.4075 0.0638 21.2999 -3.04028 27.0116 0.507 413900000000 276500000000
 0.8300   532564 0.8400   541087      1       -1       -1       -1  0 3.81300e+11 3.81300e+11 158.812000 31.713000 101.120000  1 0.5100 118.500000 11.00664 16.60569 32.20365 255.930 120.390 62.650 -5.959e+11 -4.808e+11 3.804e+10 0.08257 339066 339066 674720 2562 71 339048 339098 31.7132 381320000000 381320000000 266920000000 171590000000 28599000000 54.0056 0 0.09669 0.42228 0.29489 9.50702 -10.6445 28.3757 0.52363 0.07575 -5.08597 21.5512 -4.17222 0.533 402000000000 295500000000
 0.8200   523990 0.8300   532564      1       -1       -1       -1  0 3.65433e+11 3.81300e+11 159.410000 29.092000 99.350000  1 0.5100 120.550000 10.94138 16.63460 32.11983 253.950 117.750 58.150 -7.587e+11 -4.749e+11 2.394e+11 0.10922 339067 339067 674720 544 70 339048 339098 29.0917 381320000000 409920000000 324120000000 152530000000 0 36.739 0 0.11734 0.5277 0.168 -4.63023 36.8741 -1.64816 0.29354 0.03396 0.98354 32.793 -8.53309 0.4796 377500000000 305100000000
 0.8100   515352 0.8200   523990      1       -1       -1       -1  0 3.52733e+11 3.33700e+11 153.040000 48.794000 100.830000  1 0.5100 108.930000 10.94346 16.54980 32.18317 241.040 121.090 59.220 -6.330e+11 -3.653e+11 1.621e+11 0.09344 339068 339068 674720 1627 69 339048 339098 48.7941 333650000000 371790000000 238320000000 104860000000 57198000000 56.4016 0 0.11894 0.43494 0.20405 19.2826 -18.4757 35.63 0.57914 0.18425 0.56706 19.3815 5.38655 0.5891 323300000000 381300000000
 0.8000   506685 0.8100   515352      1       -1       -1       -1  0 3.52733e+11 3.43200e+11 155.055000 33.690000 93.750000  1 0.5100 114.600000 10.84800 16.59639 32.09572 250.100 103.200 56.540 -6.583e+11 -3.734e+11 1.121e+11 0.10755 339069 339069 674720 577 68 339048 339098 33.6899 343190000000 409920000000 276460000000 123930000000 9533000000 33.0339 4.16 0.1165 0.38874 0.1493 -5.53566 18.5243 3.71042 0.3862 0.03944 -7.69167 12.5347 7.47741 0.4699 354200000000 305100000000
 0.7900   498054 0.8000   506685      1       -1       -1       -1  0 3.52733e+11 3.43200e+11 155.624000 26.069000 91.870000  1 0.5100 119.510000 10.80257 16.58015 32.08653 244.430 99.140 52.720 -6.052e+11 -4.803e+11 3.902e+10 0.11035 339070 339070 674720 588 67 339048 339098 26.0693 343190000000 409920000000 219260000000 123930000000 57198000000 30.7029 7.17 0.11832 0.43512 0.41686 -9.96325 25.5258 -5.43874 0.88127 0.65437 -7.28427 13.0274 2.67815 0.4519 346800000000 219300000000
 0.7800   489420 0.7900   498054      1       -1       -1       -1  0 3.52733e+11 3.33700e+11 154.729000 32.489000 90.920000  1 0.5100 115.060000 10.76249 16.54652 32.07487 241.260 91.940 50.890 -5.622e+11 -4.464e+11 6.719e+09 0.10806 339071 339071 674720 567 66 339048 339098 32.4887 333650000000 381320000000 219260000000 133460000000 57198000000 27.5574 14.82 0.1156 0.39657 0.14084 -21.9215 33.5784 -27.1591 0.77938 0.65382 5.80787 21.088 4.35506 0.4546 341100000000 257400000000
 0.7700   480734 0.7800   489420      1       -1       -1       -1  0 3.33667e+11 3.81300e+11 162.354000 48.146000 89.310000  1 0.5100 116.570000 10.77579 16.53686 32.07683 236.190 109.770 60.700 -4.847e+11 -5.958e+11 1.908e+10 0.08381 339072 339072 674720 575 65 339048 339098 48.1456 381320000000 409920000000 257390000000 95330000000 0 28.6112 0 0.0995 0.82714 0.307 -32.8971 36.2176 -22.545 0.04056 0 44.358 4.50175 21.7816 0.4716 360900000000 429000000000
 0.7600   472035 0.7700   480734      1       -1       -1       -1  0 3.08233e+11 2.86000e+11 148.034000 28.799000 81.410000  1 0.5100 111.480000 10.67301 16.51687 32.05596 237.360 97.630 47.250 -3.218e+10 -2.886e+11 -1.054e+11 0.06667 339073 339073 674720 607 64 339048 339098 28.7985 285990000000 333650000000 238320000000 123930000000 66731000000 19.5474 0 0.06492 0.87855 0.67376 -10.0106 -8.32804 11.859 0.81106 0.68531 -5.78422 -2.43664 10.5458 0.3651 305400000000 228800000000
 0.7500   463297 0.7600   472035      1       -1       -1       -1  0 2.60567e+11 2.57400e+11 143.430000 24.578000 77.780000  1 0.5100 110.240000 10.63065 16.49975 32.05396 238.500 92.330 46.790 -1.743e+10 -2.541e+11 -3.337e+10 0.06907 339074 339074 674720 598 63 339048 339098 24.5784 257390000000 324120000000 238320000000 123930000000 66731000000 9.23314 0 0.06467 0.79767 0.37581 -5.14052 -11.2989 12.6796 0.38219 0.08327 1.17746 11.6629 -7.92839 0.3355 300000000000 181100000000
 0.7400   454509 0.7500   463297      1       -1       -1       -1  0 2.44667e+11 2.38300e+11 140.286000 21.285000 78.920000  1 0.5100 110.200000 10.57727 16.48096 32.04316 234.340 88.880 47.240 -3.621e+10 -2.274e+11 -4.116e+10 0.07161 339075 339075 674720 1665 62 339048 339098 21.2847 238320000000 295520000000 219260000000 142990000000 38132000000 18.5583 0 0.06728 0.93208 0.71996 10.2258 21.0108 -6.90416 0.97087 0.31577 -10.7866 -4.82128 19.3278 0.3516 286900000000 171600000000
 0.7300   445687 0.7400   454509      1       -1       -1       -1  0 2.31967e+11 2.38300e+11 140.770000 20.676000 78.770000  1 0.5100 111.400000 10.53735 16.46103 32.03489 229.060 91.840 43.400 1.969e+10 -2.299e+11 -7.611e+10 0.07465 339076 339076 674720 573 61 339048 339098 20.6757 238320000000 276460000000 219260000000 152530000000 57198000000 10.308 0 0.07023 0.9435 0.72928 7.78388 16.6751 -1.09638 0.29679 0.07565 6.69899 20.5257 8.36952 0.3499 278500000000 152500000000
 0.7200   436817 0.7300   445687      1       -1       -1       -1  0 2.31967e+11 1.90700e+11 131.126000 11.684000 77.520000  1 0.5100 115.310000 10.47083 16.45683 32.02427 230.650 88.550 34.260 7.133e+10 -1.817e+11 -7.301e+09 0.08599 339077 339077 674720 588 60 339048 339098 11.6836 238320000000 257390000000 200190000000 142990000000 0 17.4375 0 0.08234 0.84877 0.5551 27.3703 4.26893 5.54205 0.43869 0.06431 30.8476 -1.22613 -0.22078 0.3802 218800000000 95330000000
 0.7100   427884 0.7200   436817      1       -1       -1       -1  0 2.31967e+11 1.14400e+11 110.970000 7.243000 58.570000  1 0.5100 105.640000 10.55686 16.23658 32.04039 193.450 139.400 74.690 7.038e+09 5.557e+10 4.747e+10 0.08643 339078 339078 674720 602 59 339048 339098 7.24253 114400000000 114400000000 114400000000 95330000000 9533000000 2.88736 0 0.07289 0.9062 0.48535 3.4226 9.54594 17.522 0.23712 0.02471 8.14717 12.9138 22.8817 0.2672 190600000000 28600000000
 0.7000   418916 0.7100   427884      1       -1       -1       -1  0 2.31967e+11 2.28800e+11 140.281000 21.526000 79.020000  1 0.5100 110.800000 10.39245 16.43287 31.98948 219.230 90.800 46.240 9.898e+10 -2.219e+11 -2.732e+10 0.07879 339079 339079 674720 587 58 339048 339098 21.5257 228790000000 257390000000 200190000000 142990000000 0 20.2291 0 0.07687 0.10988 0.0476 -9.44748 -24.2193 29.8302 0.10817 0.01677 -11.6224 -22.2647 26.8961 0.3663 234800000000 162100000000
 0.6900   409928 0.7000   418916      1       -1       -1       -1  0 2.31967e+11 2.38300e+11 142.672000 21.093000 76.340000  1 0.5100 113.680000 10.34222 16.41653 31.97023 214.440 86.430 51.240 3.824e+10 -2.297e+11 -9.530e+10 0.07362 339080 339080 674720 600 57 339048 339098 21.0934 238320000000 238320000000 200190000000 152530000000 0 15.6281 0 0.07431 0.11378 0.00849 3.96089 25.3659 -24.9493 0.10871 0.00851 3.16024 24.1313 -23.2455 0.3591 226400000000 152500000000
 0.6800   400922 0.6900   409928      1       -1       -1       -1  0 2.09733e+11 2.28800e+11 141.203000 25.426000 73.560000  1 0.5100 109.170000 10.29490 16.35990 31.96721 210.230 84.780 45.520 3.801e+10 -2.399e+11 -7.202e+10 0.08053 339081 339081 674720 632 56 339048 339098 25.4262 228790000000 228790000000 181130000000 133460000000 19066000000 18.4053 0 0.08054 0.50272 0.21029 -5.68432 18.148 28.0663 0.62856 0.09928 -15.1695 0.01359 20.0512 0.349 218500000000 152500000000
 0.6700   391935 0.6800   400922      1       -1       -1       -1  0 2.09700e+11 1.62100e+11 126.275000 28.841000 58.920000  1 0.5100 94.780000 10.27354 16.31294 31.94943 188.210 75.440 54.310 -5.882e+10 -4.026e+10 -2.609e+09 0.03763 339082 339082 674720 2845 55 339048 339098 28.8409 162060000000 171590000000 142990000000 76264000000 0 45.2567 0 0.04053 0.64628 0.55978 -32.813 33.0295 37.7566 0.50961 0.16667 -18.3403 32.0777 10.5965 0.323 221100000000 143000000000
 0.6600   382974 0.6700   391935      1       -1       -1       -1  0 2.09700e+11 1.43000e+11 121.500000 26.231000 56.730000  1 0.5100 92.080000 10.22091 16.28867 31.93606 184.160 71.550 55.850 1.559e+09 -2.106e+10 1.982e+10 0.01884 339083 339083 674720 1734 54 339048 339098 26.2309 142990000000 171590000000 123930000000 9533000000 0 49.6587 0 0.02039 0.13107 0.09521 -20.175 48.0278 15.7412 0 0 0 0 0 0.3196 214100000000 123900000000
 0.6500   373922 0.6600   382974      1       -1       -1       -1  0 2.09700e+11 2.09700e+11 138.477000 27.496000 61.660000  1 0.5100 106.430000 10.11332 16.33874 31.92233 194.860 79.030 51.150 3.568e+10 -1.605e+11 -8.403e+10 0.07310 339084 339084 674720 638 53 339048 339098 27.4956 209730000000 228790000000 190660000000 104860000000 0 17.3835 0 0.06908 0.2043 0.04188 51.026 -27.3326 25.3072 0.66516 0.41928 33.6053 -10.167 7.95782 0.2505 203700000000 181100000000
 0.6400   364843 0.6500   373922      1       -1       -1       -1  0 2.09700e+11 2.09700e+11 138.905000 36.922000 62.370000  1 0.5100 103.490000 10.07458 16.32558 31.90333 190.810 77.880 50.010 3.599e+10 -1.570e+11 -8.100e+10 0.07034 339085 339085 674720 869 52 339048 339098 36.9224 209730000000 219260000000 181130000000 95330000000 0 20.9055 0 0.06788 0.10968 0.02846 27.1884 -6.35484 14.8897 0.16388 0.01258 25.7736 -4.37894 13.6423 0.2618 189900000000 219300000000
 0.6300   355725 0.6400   364843      1       -1       -1       -1  0 2.06533e+11 2.09700e+11 139.328000 36.507000 64.350000  1 0.5100 104.290000 10.01859 16.30301 31.89057 186.790 76.650 48.900 3.568e+10 -1.524e+11 -7.832e+10 0.06812 339086 339086 674720 863 51 339048 339098 36.5074 209730000000 209730000000 152530000000 114400000000 9533000000 19.8296 0 0.06631 0.29738 0.22047 27.2007 -2.77285 26.3553 0.22296 0.04125 12.7667 3.04596 24.0412 0.2765 190600000000 209700000000
 0.6200   346619 0.6300   355725      1       -1       -1       -1  0 1.90667e+11 2.00200e+11 137.596000 19.000000 65.500000  1 0.5100 113.330000 9.96193 16.27997 31.87773 181.390 76.620 47.950 -6.946e+09 -1.140e+11 -5.693e+10 0.05444 339087 339087 674720 851 50 339048 339098 19.0005 200190000000 209730000000 133460000000 104860000000 0 17.5866 2.95 0.05259 0.37088 0.11452 32.6982 -3.24704 8.85503 0.10119 0.05598 35.1118 -2.7393 4.91418 0.2828 178800000000 104900000000
 0.6100   337488 0.6200   346619      1       -1       -1       -1  0 1.81133e+11 1.62100e+11 128.616000 15.903000 61.500000  1 0.5100 108.610000 9.90459 16.25646 31.86484 174.710 65.440 45.880 -3.044e+10 -4.179e+09 -7.470e+09 0.02005 339088 339088 674720 841 49 339048 339098 15.9032 162060000000 190660000000 133460000000 104860000000 9533000000 22.5165 3.69 0.01866 0.42069 0.36072 30.6489 -2.31853 5.89337 0.52462 0.03857 20.9313 3.31189 6.45849 0.2649 167400000000 95330000000
 0.6000   328327 0.6100   337488      1       -1       -1       -1  0 1.77933e+11 1.81100e+11 133.862000 28.063000 55.780000  1 0.5100 103.940000 9.87301 16.21253 31.88178 167.080 66.630 47.370 -3.000e+10 -2.561e+10 -9.546e+09 0.02152 339089 339089 674720 1847 48 339048 339098 28.0628 181130000000 181130000000 171590000000 95330000000 28599000000 13.9979 0 0.02003 0.45911 0.14242 1.96624 18.8195 -14.1139 0.74079 0.21636 8.28416 28.3925 -26.1248 0.2173 171300000000 152500000000
 0.5900   319133 0.6000   328327      1       -1       -1       -1  0 1.77933e+11 1.81100e+11 134.244000 28.590000 50.430000  1 0.5100 104.450000 9.82196 16.20207 31.84706 161.480 64.820 47.390 -2.875e+10 -2.283e+10 -7.412e+09 0.02056 339090 339090 674720 874 47 339048 339098 28.5899 181130000000 181130000000 142990000000 95330000000 47665000000 10.0831 2.33 0.01861 0.57518 0.16449 -5.08455 32.3665 3.64147 0.54392 0.42607 -14.3441 36.6426 1.76958 0.1772 159000000000 143000000000
 0.5800   309884 0.5900   319133      1       -1       -1       -1  0 1.74767e+11 1.71600e+11 132.216000 28.189000 47.580000  1 0.5100 103.310000 9.76375 16.17107 31.83830 158.260 63.840 46.720 -3.409e+10 -6.185e+09 -1.642e+10 0.02252 339091 339091 674720 873 46 339048 339098 28.1886 171590000000 171590000000 152530000000 66731000000 28599000000 8.44255 0 0.021 0.52143 0.09397 15.533 -11.9659 -12.4657 0.30544 0.09826 5.67713 4.61655 13.3847 0.1707 154000000000 152500000000
 0.5700   300661 0.5800   309884      1       -1       -1       -1  0 1.55700e+11 1.71600e+11 132.581000 38.586000 45.390000  1 0.5100 100.720000 9.70030 16.14314 31.83154 155.070 62.770 45.980 -3.224e+10 -4.409e+09 -1.614e+10 0.02071 339092 339092 674720 837 45 339048 339098 38.5862 171590000000 171590000000 142990000000 57198000000 9533000000 19.8264 0 0.02004 0.32297 0.15185 31.1532 -25.7628 -17.0148 0.54715 0.07187 11.6581 2.69264 21.611 0.1664 152800000000 190700000000
 0.5600   291415 0.5700   300661      1       -1       -1       -1  0 1.39800e+11 1.23900e+11 119.273000 18.412000 44.560000  1 0.5100 98.780000 9.61654 16.13141 31.81487 155.340 70.090 50.570 -3.351e+10 -3.174e+10 1.465e+10 0.05083 339093 339093 674720 853 44 339048 339098 18.4116 123930000000 133460000000 104860000000 76264000000 9533000000 12.4074 5.1 0.0463 0.68785 0.30318 -6.80699 -10.2185 29.9998 0.48249 0 3.25947 -3.46411 20.8553 0.16 145400000000 76260000000
 0.5500   282166 0.5600   291415      1       -1       -1       -1  0 1.33500e+11 1.23900e+11 119.589000 16.974000 53.710000  1 0.5100 101.030000 9.55600 16.10601 31.80198 152.540 68.370 48.970 -4.008e+10 -3.090e+10 -1.351e+10 0.05476 339094 339094 674720 854 43 339048 339098 16.9742 123930000000 123930000000 104860000000 85797000000 38132000000 24.5784 0 0.05047 0.22027 0.07124 -8.14756 -6.35174 30.3038 0.35674 0.03862 -6.2631 -10.7936 25.0922 0.2161 135900000000 85800000000
 0.5400   272948 0.5500   282166      1       -1       -1       -1  0 1.33500e+11 1.33500e+11 122.899000 20.777000 54.470000  1 0.5100 101.290000 9.53878 16.09025 31.78475 152.170 58.930 44.110 -2.174e+10 3.414e+09 -1.057e+10 0.02194 339095 339095 674720 934 42 339048 339098 20.7769 133460000000 133460000000 114400000000 85797000000 19066000000 24.5215 0 0.02095 0.32993 0.19818 27.7139 -9.33566 27.2279 0.26659 0.12352 17.1433 -16.5957 13.1477 0.2246 144100000000 104900000000
 0.5300   263707 0.5400   272948      1       -1       -1       -1  0 1.33500e+11 1.23900e+11 120.205000 10.080000 49.950000  1 0.5100 114.810000 9.46226 16.05223 31.74506 150.390 59.840 45.100 -2.880e+10 -1.601e+10 8.183e+09 0.04065 339096 339096 674720 983 41 339048 339098 10.0798 123930000000 123930000000 114400000000 104860000000 38132000000 5.35794 0 0.03324 0.70883 0.33465 -19.6284 25.165 -2.53246 0.77219 0.21964 -14.304 21.5046 1.01356 0.154 156700000000 38130000000
 0.5200   254466 0.5300   263707      1       -1       -1       -1  0 1.33500e+11 1.43000e+11 126.391000 15.940000 48.260000  1 0.5100 111.040000 9.42407 16.01591 31.74584 141.680 59.570 45.710 -5.075e+10 -4.121e+10 -2.937e+10 0.06082 339097 339097 674720 961 40 339048 339098 15.9397 142990000000 142990000000 123930000000 104860000000 9533000000 20.6791 0 0.05574 0.20156 0.07969 -20.4558 26.0106 -3.05758 0.36718 0.28492 -10.3833 12.4137 -2.47437 0.1625 143800000000 85800000000
 0.5100   245221 0.5200   254466      0       -1       -1       -1  0 1.33500e+11 1.33500e+11 123.818000 11.393000 54.510000  1 0.5100 117.090000 9.34823 15.99352 31.71256 143.050 57.870 40.500 -4.115e+10 -2.957e+10 -1.792e+10 0.05798 339098 339098 674720 1028 39 339048 339098 11.3932 133460000000 133460000000 114400000000 114400000000 38132000000 6.92692 4.81 0.0473 0.47518 0.04946 -14.0898 24.0547 -1.02369 0.29179 0.0372 -7.01832 13.6771 4.45546 0.1707 147800000000 47660000000
