 1.0000   675854 0.0000       -1      1       -1       -1       -1  0 1.27733e+12 1.16300e+12 215.145000 23.913000 165.410000  1 0.2500 182.220000 0.73214 0.09776 40.61700 89.950 -168.690 168.160 -6.604e+11 -7.804e+11 3.118e+11 0.02013 202830 202830 675854 1369 88 202829 202935 22.3527 1163000000000 1248800000000 1001000000000 734040000000 352720000000 16.7535 10.55 0.01981 0.80003 0.54786 19.9045 -13.9576 7.53973 0.83597 0.61029 -9.71459 16.5692 2.30942 0.5379 1321000000000 686400000000
 0.9900   667689 1.0000   675854      1       -1       -1       -1  0 1.27733e+12 1.13400e+12 214.266000 20.930000 164.850000  1 0.2500 183.330000 0.73040 0.11257 40.61017 87.320 -166.190 165.690 -8.529e+11 -8.771e+11 3.967e+11 0.02561 202831 202831 675854 1382 87 202829 202935 21.135 1134400000000 1239300000000 991430000000 695910000000 324120000000 22.4159 10.1 0.02492 0.7781 0.56489 16.5069 -12.6431 7.51975 0.76901 0.63185 -7.44289 15.3205 -0.56194 0.533 1255000000000 572000000000
 0.9800   659340 0.9900   667689      1       -1       -1       -1  0 1.27733e+12 1.09600e+12 212.725000 20.253000 164.330000  1 0.2500 187.630000 0.71780 0.13377 40.58561 88.950 -166.930 166.210 -1.056e+12 -8.779e+11 7.518e+11 0.03455 202832 202832 675854 1361 86 202829 202935 18.3002 1096300000000 1229800000000 934230000000 686380000000 400390000000 17.3355 6.09 0.03221 0.78281 0.52818 -13.0904 14.5819 -3.29886 0.56522 0.51415 -6.86738 13.7523 0.76263 0.5123 1234000000000 552900000000
 0.9700   651023 0.9800   659340      1       -1       -1       -1  0 1.27733e+12 1.06800e+12 211.738000 16.732000 159.930000  1 0.2500 187.310000 0.71024 0.15203 40.56533 86.970 -164.640 165.560 -7.563e+11 -8.270e+11 5.192e+11 0.02893 202833 202833 675854 323 85 202829 202935 17.9088 1067700000000 1229800000000 915170000000 753110000000 419450000000 16.7817 6.19 0.02664 0.72606 0.47328 -18.4625 20.7104 -0.96282 0.47715 0.40921 -14.8768 18.3139 1.97584 0.4949 1262000000000 495700000000
 0.9600   642716 0.9700   651023      1       -1       -1       -1  0 1.27733e+12 1.03900e+12 210.700000 14.470000 156.540000  1 0.2500 191.880000 0.70055 0.16565 40.54828 86.830 -163.240 163.970 -8.008e+11 -6.189e+11 5.965e+11 0.02940 202834 202834 675854 324 84 202829 202935 15.7632 1039100000000 1210700000000 934230000000 686380000000 400390000000 15.3162 3.35 0.02659 0.73646 0.49268 21.3622 -15.0206 9.07095 0.6632 0.47 16.0237 -14.9466 1.82042 0.4773 1271000000000 448100000000
 0.9500   634430 0.9600   642716      1       -1       -1       -1  0 1.27733e+12 1.03900e+12 211.569000 17.055000 156.840000  1 0.2500 183.800000 0.67603 0.19053 40.52923 86.430 -162.600 162.800 -8.081e+11 -8.586e+11 7.297e+11 0.03516 202835 202835 675854 1371 83 202829 202935 19.1634 1039100000000 1182100000000 896100000000 724510000000 324120000000 7.20304 3.6 0.03148 0.74642 0.5778 17.8402 -7.15505 5.83249 0.69038 0.51434 15.4062 -5.41399 0.38685 0.4719 1253000000000 467100000000
 0.9400   626150 0.9500   634430      1       -1       -1       -1  0 1.27733e+12 1.03000e+12 211.784000 15.899000 156.750000  1 0.2500 192.080000 0.67628 0.21051 40.50732 87.260 -160.590 161.200 -8.377e+11 -7.104e+11 6.851e+11 0.03433 202836 202836 675854 2356 82 202829 202935 15.989 1029600000000 1163000000000 886570000000 695910000000 333650000000 11.3927 3.4 0.02994 0.7605 0.5661 20.4878 -9.06379 7.41085 0.75925 0.62152 15.7356 -7.43661 5.49478 0.4581 1300000000000 419500000000
 0.9300   617841 0.9400   626150      1       -1       -1       -1  0 1.27733e+12 1.03900e+12 213.301000 13.479000 154.880000  1 0.2500 185.000000 0.66433 0.22471 40.48867 86.240 -158.190 157.940 -1.003e+12 -5.669e+11 7.251e+11 0.03551 202837 202837 675854 1373 81 202829 202935 19.3233 1039100000000 1163000000000 896100000000 724510000000 362250000000 9.52315 2.87 0.03111 0.87501 0.54759 -15.4016 16.2064 0.23221 0.84068 0.49535 -6.00931 15.8946 7.13161 0.4504 1250000000000 381300000000
 0.9200   609501 0.9300   617841      1       -1       -1       -1  0 1.27733e+12 1.01000e+12 212.181000 15.156000 155.090000  1 0.2500 187.650000 0.65046 0.25791 40.47003 86.860 -159.190 154.560 -5.932e+11 -2.494e+11 6.621e+11 0.02543 202838 202838 675854 329 80 202829 202935 17.6546 1010500000000 1153500000000 877040000000 714970000000 314590000000 10.1235 0.4 0.02218 0.90138 0.6249 -16.0462 18.571 5.15966 0.84372 0.54907 -11.991 14.353 9.28337 0.4502 1284000000000 400400000000
 0.9100   601158 0.9200   609501      1       -1       -1       -1  0 1.27733e+12 1.01000e+12 213.035000 14.827000 155.530000  1 0.2500 188.710000 0.64467 0.27554 40.44305 85.880 -157.620 151.620 -6.796e+11 -3.866e+11 5.412e+11 0.02620 202839 202839 675854 359 79 202829 202935 17.5656 1010500000000 1153500000000 877040000000 753110000000 371790000000 10.9216 1.17 0.02292 0.81746 0.4617 18.2634 -10.8411 7.10503 0.83886 0.38263 14.0349 -12.6552 0.03213 0.4515 1282000000000 429000000000
 0.9000   592808 0.9100   601158      1       -1       -1       -1  0 1.27733e+12 1.00100e+12 213.211000 14.301000 154.430000  1 0.2500 188.170000 0.62902 0.29540 40.42163 84.190 -155.790 149.690 -5.169e+11 -8.921e+10 4.756e+11 0.02036 202840 202840 675854 1381 78 202829 202935 17.8159 1001000000000 1172600000000 905630000000 762640000000 352720000000 6.66111 2.06 0.0174 0.78967 0.53586 18.0099 -6.99198 6.59142 0.68179 0.47296 14.6056 -9.90803 -3.96785 0.4353 1343000000000 400400000000
 0.8900   584414 0.9000   592808      1       -1       -1       -1  0 1.27733e+12 1.03000e+12 216.077000 12.963000 155.340000  1 0.2500 190.740000 0.60730 0.31281 40.40707 84.520 -154.250 148.710 -4.087e+11 -2.440e+11 5.817e+11 0.02068 202841 202841 675854 1409 77 202829 202935 18.0142 1029600000000 1144000000000 924700000000 743570000000 419450000000 7.13128 3.42 0.01769 0.83143 0.48793 21.6792 -9.78952 2.43547 0.65475 0.39684 17.5844 -9.30002 -9.00469 0.4322 1307000000000 343200000000
 0.8800   576039 0.8900   584414      1       -1       -1       -1  0 1.27733e+12 1.04900e+12 218.260000 13.801000 157.860000  1 0.2500 199.760000 0.59569 0.33262 40.38837 84.270 -152.510 144.950 -2.397e+11 -1.498e+11 5.524e+11 0.01676 202842 202842 675854 2419 76 202829 202935 15.7045 1048600000000 1134400000000 896100000000 734040000000 457580000000 10.0318 2.92 0.01422 0.86284 0.5101 24.5738 -11.3952 4.41577 0.61397 0.35048 -12.9287 18.6975 11.6963 0.4314 1290000000000 419500000000
 0.8700   567589 0.8800   576039      1       -1       -1       -1  0 1.27733e+12 1.06800e+12 220.434000 14.523000 163.950000  1 0.2500 211.840000 0.57506 0.34610 40.35884 85.700 -149.710 141.330 1.656e+10 -6.970e+10 5.780e+11 0.01560 202843 202843 675854 1423 75 202829 202935 13.158 1067700000000 1153500000000 915170000000 705440000000 428980000000 17.9958 1.3 0.013 0.90404 0.57084 16.0894 -2.72704 8.3001 0.71603 0.55884 -0.94297 12.715 7.11797 0.4365 1258000000000 429000000000
 0.8600   559135 0.8700   567589      1       -1       -1       -1  0 1.27733e+12 1.07700e+12 221.947000 12.934000 158.740000  1 0.2500 202.790000 0.56185 0.36715 40.34941 83.580 -147.700 138.930 -4.824e+10 -8.657e+10 5.870e+11 0.01544 202844 202844 675854 1436 74 202829 202935 16.0662 1077200000000 1172600000000 896100000000 676840000000 448050000000 18.1294 1.28 0.01314 0.71417 0.52494 20.2996 -2.49938 14.1902 0.85649 0.7465 12.6376 2.17704 11.8146 0.4291 1252000000000 409900000000
 0.8500   550713 0.8600   559135      1       -1       -1       -1  0 1.27733e+12 1.09600e+12 224.110000 17.407000 150.650000  1 0.2500 201.200000 0.55692 0.39428 40.32544 85.190 -148.760 136.710 -1.428e+11 6.525e+10 4.656e+11 0.01245 202845 202845 675854 406 73 202829 202935 17.4074 1096300000000 1191600000000 924700000000 714970000000 438520000000 10.0665 3.69 0.01057 0.76048 0.42878 25.3273 -3.46296 10.2349 0.86813 0.53462 19.6506 1.03673 7.76542 0.3977 1258000000000 486200000000
 0.8400   542188 0.8500   550713      1       -1       -1       -1  0 1.27733e+12 1.12500e+12 226.906000 25.138000 145.620000  1 0.2500 191.970000 0.53906 0.42207 40.31467 82.980 -146.220 133.390 3.656e+09 -3.765e+10 5.879e+11 0.01396 202846 202846 675854 1458 72 202829 202935 22.7098 1124900000000 1210700000000 934230000000 686380000000 362250000000 14.2833 3.46 0.0122 0.75109 0.45504 26.6617 -3.68413 5.47035 0.76622 0.48052 19.9336 -0.16861 -1.27319 0.3892 1104000000000 619600000000
 0.8300   533670 0.8400   542188      1       -1       -1       -1  0 1.27733e+12 1.11500e+12 227.122000 32.723000 141.030000  1 0.2500 184.670000 0.51861 0.45779 40.28612 84.300 -143.180 129.920 2.140e+11 2.291e+10 3.189e+11 0.00917 202847 202847 675854 3475 71 202829 202935 27.4498 1115400000000 1210700000000 915170000000 648240000000 305060000000 19.8276 5.2 0.00811 0.67067 0.4609 22.622 -20.524 -14.2338 0.71898 0.45755 20.1528 -11.1745 -11.653 0.3786 1108000000000 724500000000
 0.8200   525095 0.8300   533670      1       -1       -1       -1  0 1.27733e+12 1.14400e+12 229.909000 40.708000 136.200000  1 0.2500 178.540000 0.50226 0.48362 40.26701 83.010 -140.570 127.440 1.080e+11 1.767e+11 3.476e+11 0.00920 202848 202848 675854 1432 70 202829 202935 35.5863 1153500000000 1220200000000 962830000000 638710000000 257390000000 24.5633 7.07 0.00821 0.46909 0.42422 -26.0055 27.5843 18.5781 0.64153 0.56197 21.0539 -16.3169 -13.0253 0.36 1097000000000 838900000000
 0.8100   516451 0.8200   525095      1       -1       -1       -1  0 1.27733e+12 1.17300e+12 232.675000 51.078000 135.760000  1 0.2500 176.000000 0.49550 0.51828 40.23493 80.980 -137.280 125.530 -1.278e+10 9.026e+10 1.368e+11 0.00354 202849 202849 675854 403 69 202829 202935 42.5331 1182100000000 1258400000000 972370000000 600580000000 285990000000 33.4616 5.41 0.00322 0.50275 0.42434 -23.0622 23.2502 21.2498 0.70939 0.38045 -14.7748 5.01605 14.9656 0.3602 1094000000000 1049000000000
 0.8000   507788 0.8100   516451      1       -1       -1       -1  0 1.27733e+12 1.23000e+12 237.273000 50.314000 137.720000  1 0.2500 176.130000 0.47730 0.53900 40.21751 78.750 -132.990 123.070 -1.263e+11 7.461e+10 2.429e+11 0.00567 202850 202850 675854 1494 68 202829 202935 49.8438 1229800000000 1258400000000 981900000000 657780000000 295520000000 36.8786 5.8 0.00515 0.54481 0.34731 13.9577 -14.7334 -12.4032 0.79296 0.31109 -9.6405 7.49337 9.90961 0.3551 1151000000000 1058000000000
 0.7900   499154 0.8000   507788      1       -1       -1       -1  0 1.27733e+12 1.25800e+12 239.975000 60.915000 139.770000  1 0.2500 179.220000 0.46831 0.56191 40.19898 72.150 -131.630 120.580 -2.854e+10 3.088e+11 3.607e+11 0.00926 202851 202851 675854 1479 67 202829 202935 48.4601 1258400000000 1315600000000 1039100000000 657780000000 266920000000 36.8434 6.56 0.00834 0.69748 0.39805 -20.4821 27.5914 17.168 0.60935 0.43533 19.4938 6.20285 15.2701 0.3528 1171000000000 1268000000000
 0.7800   490511 0.7900   499154      1       -1       -1       -1  0 1.27733e+12 1.30600e+12 243.850000 49.265000 148.630000  1 0.2500 189.020000 0.45662 0.58460 40.18325 70.670 -135.380 116.490 -4.167e+10 8.974e+10 5.365e+11 0.01001 202852 202852 675854 1494 66 202829 202935 38.8268 1306000000000 1325100000000 1134400000000 705440000000 362250000000 40.0329 15.07 0.00904 0.86249 0.48649 25.2318 -23.6628 -3.98063 0.82894 0.57936 18.2673 5.46245 12.5264 0.3713 1235000000000 1125000000000
 0.7700   481820 0.7800   490511      1       -1       -1       -1  0 1.27733e+12 1.24900e+12 241.102000 54.259000 157.920000  1 0.2500 189.310000 0.42055 0.60559 40.15319 65.390 -127.800 114.380 1.311e+11 -9.750e+09 -1.488e+11 0.00394 202853 202853 675854 1488 65 202829 202935 35.8465 1248800000000 1306000000000 1153500000000 705440000000 371790000000 51.088 20.84 0.00356 0.77629 0.41954 23.6066 -15.5426 -1.55219 0.78283 0.64835 17.358 0.05472 7.75398 0.4057 1261000000000 1220000000000
 0.7600   473121 0.7700   481820      1       -1       -1       -1  0 1.26133e+12 1.27700e+12 243.795000 19.870000 165.650000  1 0.2500 211.710000 0.43195 0.63223 40.15092 73.220 -133.710 121.300 2.057e+11 2.052e+11 6.922e+10 0.00610 202854 202854 675854 1499 64 202829 202935 22.326 1277400000000 1287000000000 1210700000000 838900000000 467120000000 32.7513 7.01 0.00518 0.71716 0.5024 20.3369 -17.6736 -21.4633 0.76689 0.46984 -11.9624 1.5962 21.894 0.396 1471000000000 533800000000
 0.7500   464394 0.7600   473121      1       -1       -1       -1  0 1.26133e+12 1.24900e+12 242.815000 14.255000 173.150000  1 0.2500 223.820000 0.43475 0.62974 40.11807 73.080 -138.510 112.010 3.545e+10 7.285e+10 -1.029e+11 0.00289 202855 202855 675854 1522 63 202829 202935 17.4877 1248800000000 1296500000000 1201200000000 1048600000000 505250000000 8.36466 9.83 0.00237 0.59461 0.4946 -18.9691 26.6661 25.0787 0.51532 0.33169 -14.6127 28.6658 22.9442 0.4027 1679000000000 371800000000
 0.7400   455604 0.7500   464394      1       -1       -1       -1  0 1.25500e+12 1.25800e+12 244.282000 12.206000 176.000000  1 0.2500 218.810000 0.41872 0.66910 40.11632 76.300 -135.830 111.600 2.938e+10 -4.160e+10 2.409e+10 0.00127 202856 202856 675854 406 62 202829 202935 19.8663 1258400000000 1267900000000 1201200000000 1067700000000 524310000000 19.5936 7.44 0.00101 0.73988 0.50213 -15.0328 19.0311 19.6557 0.73615 0.46843 -4.6729 19.8997 19.7431 0.3957 1584000000000 362300000000
 0.7300   446771 0.7400   455604      1       -1       -1       -1  0 1.24867e+12 1.25800e+12 245.126000 15.096000 172.500000  1 0.2500 225.480000 0.41304 0.69374 40.09827 77.810 -133.570 104.810 3.236e+10 -1.402e+11 -1.306e+10 0.00323 202857 202857 675854 1494 61 202829 202935 18.0203 1258400000000 1258400000000 1201200000000 1029600000000 524310000000 18.6947 11.63 0.00261 0.96145 0.56304 27.5649 -17.5174 -8.16037 0.89117 0.55605 8.47268 16.4928 25.2401 0.3923 1662000000000 400400000000
 0.7200   437904 0.7300   446771      1       -1       -1       -1  0 1.23300e+12 1.23000e+12 244.086000 27.648000 167.840000  1 0.2500 212.570000 0.43652 0.70359 40.07455 66.230 -129.530 97.910 1.108e+11 -2.730e+11 4.250e+09 0.00652 202858 202858 675854 1522 60 202829 202935 22.682 1229800000000 1248800000000 1163000000000 943770000000 324120000000 35.5522 14.59 0.00556 0.668 0.40233 32.8443 -8.64624 8.18441 0.67574 0.40657 27.683 -2.47144 7.72971 0.4082 1444000000000 810300000000
 0.7100   428974 0.7200   437904      1       -1       -1       -1  0 1.21100e+12 1.21100e+12 243.639000 27.988000 161.290000  1 0.2500 206.280000 0.40966 0.71354 40.04719 64.570 -125.840 97.370 1.781e+11 -2.983e+11 -2.310e+11 0.00955 202859 202859 675854 1534 59 202829 202935 25.9177 1220200000000 1229800000000 1153500000000 896100000000 409920000000 36.2117 14.08 0.00812 0.72913 0.54015 29.2457 -19.0048 -3.16066 0.65089 0.49279 22.6629 -15.2491 -13.0473 0.3906 1337000000000 753100000000
 0.7000   420004 0.7100   428974      2       -1       -1       -1  0 1.16633e+12 1.19200e+12 243.163000 26.697000 150.560000  1 0.2500 201.380000 0.39615 0.74637 40.01636 63.360 -120.900 99.750 -1.061e+11 -2.940e+11 -1.883e+11 0.00860 202860 202860 675854 1542 58 202829 202935 29.0248 1201200000000 1220200000000 1086800000000 877040000000 362250000000 30.3839 9.81 0.00733 0.67269 0.46062 26.4433 -17.2347 -17.9782 0.66197 0.42153 25.9682 -7.46365 -13.9806 0.3628 1241000000000 648200000000
 0.6900   411011 0.7000   420004      1       -1       -1       -1  0 1.11867e+12 1.09600e+12 237.278000 19.546000 143.900000  1 0.2500 203.570000 0.38488 0.76726 39.97896 62.190 -120.490 100.690 -2.830e+11 -3.815e+10 1.972e+11 0.00948 202861 202861 675854 1569 57 202906 202905 24.2306 1096300000000 1201200000000 1020000000000 686380000000 371790000000 30.3648 2.67 0.00806 0.77642 0.40776 -22.7747 20.5356 21.4691 0.61696 0.43429 30.0881 3.36384 0.23106 0.3505 1073000000000 495700000000
 0.6900   411012 0.7000   420004      1   411011   411011       -1  0 2.19300e+11 2.19300e+11 138.761000 13.508000 81.460000  0 0.4000 120.330000 0.32247 0.87180 40.06360 63.350 -182.130 -23.240 -5.753e+09 3.518e+10 1.464e+11 0.05626 202862 202906 675854 1568 57 202829 202935 13.5075 667310000000 667310000000 667310000000 219260000000 85797000000 12.9654 0 0.05115 0.72107 0.54649 -5.84078 26.3737 1.67042 0.54732 0.10821 -4.00793 22.7069 9.07034 0.3538 233000000000 104900000000
 0.6800   401999 0.6900   411011      1       -1       -1       -1  0 1.04863e+12 1.06800e+12 235.964000 29.266000 140.490000  1 0.2500 195.990000 0.34571 0.79675 39.93708 61.420 -118.790 103.690 -5.002e+11 -1.643e+11 2.388e+11 0.01588 202863 202862 675854 1550 56 202829 202905 28.4116 1067700000000 1153500000000 972370000000 629180000000 314590000000 34.5695 1.75 0.0141 0.42472 0.36755 33.0777 9.6904 11.6474 0.3673 0.24702 30.5371 8.31938 9.35907 0.363 1005000000000 610100000000
 0.6800   402000 0.6900   411012      1   401999   401999   411011  0 1.90667e+11 1.81100e+11 130.624000 9.048000 75.170000  1 0.4000 123.280000 0.29986 0.91678 40.05269 57.520 -169.710 -10.970 8.890e+09 7.081e+10 7.180e+10 0.05686 202864 202907 675854 1551 56 202829 202935 9.04764 343190000000 343190000000 247860000000 190660000000 95330000000 13.655 0 0.04751 0.62563 0.20513 2.01351 21.71 1.29379 0.52666 0.24032 0.94264 20.1615 1.10252 0.3037 216800000000 85800000000
 0.6700   393014 0.6800   401999      1       -1       -1       -1  0 1.03277e+12 9.81900e+11 230.205000 17.221000 131.200000  1 0.2500 199.170000 0.36327 0.82641 39.92065 60.190 -117.190 103.470 -3.809e+11 -6.175e+11 4.945e+11 0.02969 202865 202863 675854 424 55 202829 202905 23.1485 981900000000 1020000000000 762640000000 610110000000 305060000000 34.2901 0.61 0.02478 0.74995 0.50019 -14.8803 13.9996 16.6805 0.78511 0.63272 17.2211 -0.30886 5.87243 0.314 1008000000000 352700000000
 0.6700   393015 0.6800   402000      1   393014   393014   401999  0 1.71600e+11 1.71600e+11 128.704000 8.765000 65.900000  1 0.4000 122.310000 0.28636 0.96133 40.05466 50.790 -157.780 -7.890 2.246e+10 4.707e+10 4.188e+10 0.04156 202866 202908 675854 425 55 202829 202935 8.76517 266920000000 266920000000 219260000000 171590000000 85797000000 11.6301 3.83 0.03455 0.45048 0.12291 -2.31517 21.6154 -18.3402 0.40885 0.0648 -5.77942 20.3417 -11.5641 0.2585 210300000000 66730000000
 0.6600   384059 0.6700   393014      1       -1       -1       -1  0 8.61167e+11 8.29400e+11 218.299000 22.577000 122.740000  1 0.2500 188.220000 0.34245 0.86001 39.90157 54.240 -111.720 112.030 -2.521e+11 -4.226e+11 4.433e+11 0.03088 202867 202864 675854 438 54 202829 202905 22.5766 829370000000 924700000000 705440000000 619640000000 228790000000 3.63302 0 0.02491 0.82659 0.55634 22.7068 -8.42454 -8.56006 0.72848 0.60983 21.8083 -2.16655 1.66027 0.2889 874500000000 486200000000
 0.6600   384060 0.6700   393015      1       -1       -1   393014  0 1.71600e+11 1.62100e+11 126.676000 10.826000 62.670000  1 0.4000 114.090000 61.97999 1.09235 40.13181 115.600 -123.110 107.580 2.531e+10 -2.981e+10 -1.823e+10 0.02868 202868 202909 675854 6470 54 202829 202935 10.8259 162060000000 171590000000 133460000000 123930000000 47665000000 10.9881 4.06 0.02466 0.25837 0.18266 -0.97401 32.2835 -21.19 0.2137 0.00649 0.33953 -26.6558 26.7805 0.2426 203700000000 57200000000
 0.6500   375008 0.6600   384059      1       -1       -1       -1  0 7.75367e+11 7.72200e+11 213.829000 21.708000 116.320000  1 0.2500 185.670000 0.32488 0.88798 39.86955 57.640 -111.340 115.900 8.076e+10 -8.337e+10 2.022e+11 0.01243 202869 202865 675854 1573 53 202829 202905 21.7075 772170000000 781710000000 705440000000 600580000000 228790000000 12.2928 0 0.00994 0.67387 0.47518 35.1288 -10.0179 -12.1083 0.65592 0.41331 32.5071 -5.13794 -4.52977 0.2697 848900000000 409900000000
 0.6500   375009 0.6600   384060      1       -1       -1       -1  0 1.71600e+11 1.52500e+11 124.531000 8.637000 65.130000  1 0.4000 118.470000 61.94902 1.12893 40.10052 116.040 -125.990 106.940 1.152e+09 -1.392e+10 -7.032e+09 0.01255 202870 202910 675854 5395 53 202829 202935 8.63654 152530000000 162060000000 142990000000 123930000000 66731000000 5.05619 0 0.00995 0.41485 0.17975 -2.43151 -11.7816 12.2483 0.20347 0.12111 5.38183 15.3008 -14.3289 0.2311 190200000000 66730000000
 0.6400   365925 0.6500   375008      1       -1       -1       -1  0 7.37233e+11 7.24500e+11 209.982000 21.758000 115.370000  1 0.2500 182.080000 0.31193 0.90532 39.83544 59.950 -110.760 114.450 2.952e+11 -5.092e+10 1.570e+11 0.02027 202871 202866 675854 1555 52 202829 202905 21.7585 724510000000 791240000000 686380000000 591050000000 219260000000 13.6331 0.86 0.01613 0.50135 0.27297 40.8628 -13.1977 -2.5276 0.57024 0.13581 36.797 -4.48955 2.42961 0.27 825100000000 400400000000
 0.6400   365926 0.6500   375009      1       -1       -1       -1  0 1.71600e+11 1.52500e+11 124.916000 9.184000 67.240000  1 0.4000 117.440000 61.91783 1.16043 40.07038 113.910 -123.930 105.890 1.598e+09 -1.352e+10 -7.041e+09 0.01246 202872 202911 675854 5361 52 202829 202935 9.18442 152530000000 162060000000 142990000000 142990000000 66731000000 3.24723 0 0.00981 0.6212 0.44634 -0.9149 19.9799 -10.4378 0.5575 0.12551 7.32833 14.0152 -7.12177 0.2405 214300000000 66730000000
 0.6300   356815 0.6400   365925      1       -1       -1       -1  0 7.22933e+11 7.15000e+11 209.693000 22.750000 110.620000  1 0.2500 180.630000 0.29520 0.92796 39.79995 60.340 -108.960 111.770 3.654e+11 4.101e+10 1.365e+11 0.02383 202873 202867 675854 2640 51 202829 202905 22.75 714970000000 753110000000 648240000000 562450000000 133460000000 18.4207 0 0.01924 0.45243 0.38695 47.7416 -13.2316 -0.77188 0.40233 0.30927 42.3784 -10.0584 6.42185 0.2588 766700000000 400400000000
 0.6300   356816 0.6400   365926      1       -1       -1       -1  0 1.71600e+11 1.52500e+11 125.296000 8.619000 62.240000  1 0.4000 120.220000 61.88357 1.19632 40.03905 111.740 -121.900 104.820 1.800e+09 -1.275e+10 -6.367e+09 0.01221 202874 202912 675854 6497 51 202829 202935 8.61875 152530000000 152530000000 152530000000 142990000000 57198000000 2.69354 0 0.00925 0.7749 0.6918 -6.88402 14.0777 -10.743 0.77753 0.36953 0.97675 -4.24041 17.7402 0.2004 209900000000 57200000000
 0.6200   347713 0.6300   356815      1       -1       -1       -1  0 7.22933e+11 7.15000e+11 210.322000 26.825000 103.640000  1 0.2500 175.880000 0.25108 0.96124 39.78000 59.150 -110.310 108.290 2.872e+11 1.116e+10 1.892e+11 0.02079 202875 202868 675854 1590 50 202829 202905 26.8252 714970000000 714970000000 667310000000 543380000000 152530000000 29.6353 0.26 0.01699 0.60098 0.54311 31.508 -8.31843 -6.59901 0.30241 0.26746 -21.7619 25.9978 6.17358 0.2355 735600000000 457600000000
 0.6200   347714 0.6300   356816      1       -1       -1       -1  0 1.71600e+11 1.62100e+11 128.237000 11.360000 63.820000  1 0.4000 116.010000 61.84602 1.25398 39.99659 107.720 -119.200 101.530 -6.684e+09 -1.177e+10 1.542e+09 0.00940 202876 202913 675854 6443 50 202829 202935 11.3595 162060000000 162060000000 162060000000 142990000000 0 22.0415 0 0.00799 0.24499 0.03665 -10.878 25.55 -18.7669 0.34838 0.11675 -8.72574 24.2979 -21.0797 0.2393 207500000000 66730000000
 0.6100   338579 0.6200   347713      1       -1       -1       -1  1 7.22933e+11 7.19800e+11 211.413000 28.951000 99.300000  1 0.2500 175.200000 0.23995 0.98200 39.75962 59.150 -110.310 108.290 3.206e+11 7.943e+09 1.745e+11 0.02177 202877 202869 675854 8807 49 202829 202905 29.1057 719740000000 724505000000 657775000000 495715000000 128695000000 29.3097 1.195 0.018005 0.627855 0.49227 33.9731 -3.31422 4.85279 0.407805 0.278625 0.274605 14.6795 15.302 0.22085 726500000000 467100000000
 0.6100   338580 0.6200   347714      1       -1       -1       -1  0 1.71600e+11 1.62100e+11 128.616000 9.019000 63.490000  1 0.4000 123.680000 61.81416 1.27277 39.96944 105.150 -116.800 99.900 -6.769e+09 -1.142e+10 2.060e+09 0.00993 202878 202914 675854 6513 49 202829 202935 9.01892 162060000000 162060000000 152530000000 152530000000 0 6.3152 0 0.00793 0.32423 0.15216 -13.133 21.6154 -19.3576 0.12479 0.01349 -6.56146 17.9208 -13.877 0.2149 220200000000 38130000000
 0.6000   329426 0.6100   338579      1       -1       -1       -1  0 7.22933e+11 7.24500e+11 212.492000 31.076000 94.540000  1 0.2500 174.510000 0.24098 1.03013 39.71638 58.630 -103.340 104.640 3.539e+11 4.726e+09 1.599e+11 0.02276 202879 202870 675854 2590 48 202829 202905 31.0758 724510000000 734040000000 648240000000 448050000000 104860000000 28.9841 2.13 0.01902 0.65473 0.44143 36.4382 1.68998 16.3046 0.5132 0.28979 22.3112 3.36115 24.4304 0.2062 717400000000 476600000000
 0.6000   329427 0.6100   338580      1       -1       -1       -1  0 1.71600e+11 1.62100e+11 128.990000 9.705000 61.490000  1 0.4000 122.330000 61.78061 1.30194 39.94088 105.820 -113.750 97.950 -6.233e+09 -1.210e+10 3.711e+09 0.01042 202880 202915 675854 6548 48 202829 202935 9.70544 162060000000 162060000000 152530000000 142990000000 19066000000 5.7263 3.35 0.00838 0.69021 0.27613 3.70087 -17.8782 22.9278 0.50857 0.21859 0.57495 -18.3397 24.4119 0.2073 220500000000 38130000000
 0.5900   320229 0.6000   329426      1       -1       -1       -1  0 6.95900e+11 7.24500e+11 213.099000 43.900000 92.640000  1 0.2500 166.540000 0.23108 1.06217 39.64314 56.160 -102.990 101.270 3.485e+11 -7.290e+10 1.750e+11 0.02329 202881 202871 675854 2715 47 202829 202905 43.8997 724510000000 724510000000 638710000000 400390000000 123930000000 25.2766 0 0.01956 0.72898 0.46632 34.0477 -15.4844 -4.02394 0.45772 0.2856 24.9218 -18.0262 -8.0786 0.1993 663100000000 610100000000
 0.5900   320230 0.6000   329427      1       -1       -1       -1  0 1.71600e+11 1.62100e+11 129.358000 10.391000 57.270000  1 0.4000 121.210000 61.74454 1.32304 39.91413 99.930 -112.000 96.650 -6.118e+09 -1.115e+10 2.242e+09 0.00938 202882 202916 675854 6569 47 202829 202935 10.3908 162060000000 162060000000 152530000000 133460000000 28599000000 21.2155 0 0.00773 0.72956 0.22 4.64412 -7.89106 20.3489 0.5805 0.20508 1.83443 -8.15785 20.3931 0.1916 205600000000 47660000000
 0.5800   310977 0.5900   320229      1       -1       -1       -1  0 6.64133e+11 6.38700e+11 204.905000 30.443000 94.890000  1 0.2500 169.240000 0.18064 1.10755 39.60821 58.440 -103.390 102.070 3.135e+11 -2.313e+11 1.121e+11 0.03134 202883 202872 675854 1646 46 202829 202905 30.4432 638710000000 695910000000 629180000000 457580000000 152530000000 19.9119 0 0.02484 0.72929 0.39248 -23.2623 23.1396 -2.76732 0.50129 0.19077 -17.0035 23.138 -2.78128 0.1953 648500000000 457600000000
 0.5800   310978 0.5900   320230      1       -1       -1       -1  0 1.71600e+11 1.71600e+11 132.216000 11.479000 55.250000  1 0.4000 122.120000 61.71010 1.35599 39.88103 96.600 -106.990 92.140 2.183e+10 -2.468e+10 -1.377e+10 0.02337 202884 202917 675854 6576 46 202829 202935 11.4793 171590000000 171590000000 142990000000 123930000000 38132000000 18.2964 3.66 0.01956 0.26619 0.08846 3.97049 -9.42503 29.5558 0.13591 0.05544 4.64831 -6.64697 26.0369 0.1802 194000000000 66730000000
 0.5700   301755 0.5800   310977      1       -1       -1       -1  0 6.29167e+11 6.29200e+11 204.442000 26.833000 93.330000  1 0.2500 173.560000 0.15506 1.14492 39.58169 57.480 -102.420 99.100 2.550e+11 -2.999e+11 1.464e+11 0.03371 202885 202873 675854 1610 45 202829 202905 26.8334 629180000000 629180000000 619640000000 476650000000 171590000000 15.1638 0 0.02658 0.94012 0.73137 31.3565 9.26073 7.95089 0.94405 0.71482 23.9432 15.5512 0.5786 0.1888 651600000000 409900000000
 0.5700   301756 0.5800   310978      1       -1       -1       -1  0 1.71600e+11 1.62100e+11 130.078000 10.362000 55.170000  1 0.4000 123.230000 61.67611 1.39115 39.84805 93.840 -105.760 90.570 5.391e+09 -2.310e+10 -2.552e+10 0.02661 202886 202918 675854 6569 45 202829 202935 10.3624 162060000000 162060000000 133460000000 123930000000 57198000000 14.1849 0 0.02115 0.24501 0.15352 2.32584 -5.78799 15.6118 0.26465 0.17776 0.23807 -5.50062 12.964 0.1648 184200000000 76260000000
 0.5600   292508 0.5700   301755      1       -1       -1       -1  0 6.19633e+11 6.19600e+11 203.954000 30.609000 91.950000  1 0.2500 169.730000 0.11918 1.19255 39.55339 54.770 -99.840 98.150 2.342e+11 -2.443e+11 1.037e+11 0.02913 202887 202874 675854 1544 44 202829 202905 30.6088 619640000000 629180000000 610110000000 438520000000 95330000000 27.0616 0 0.02315 0.87856 0.78197 32.3403 -0.19145 13.6879 0.57697 0.36919 -18.9805 -8.27096 22.417 0.1864 633400000000 438500000000
 0.5600   292509 0.5700   301756      1       -1       -1       -1  0 1.71600e+11 1.52500e+11 127.821000 10.269000 61.100000  1 0.4000 121.420000 61.65705 1.45451 39.82092 92.220 -95.770 90.480 1.235e+10 -6.949e+09 -4.189e+09 0.01197 202888 202919 675854 6561 44 202829 202935 10.2691 152530000000 171590000000 152530000000 123930000000 0 16.4427 0 0.01 0.34119 0.19104 20.0116 27.8371 2.29636 0.28824 0.17325 21.2899 28.09 0.25969 0.2113 173200000000 76260000000
 0.5500   283257 0.5600   292508      1       -1       -1       -1  0 6.16433e+11 6.10100e+11 203.441000 28.822000 94.080000  1 0.2500 171.930000 0.10137 1.24218 39.50592 53.530 -97.940 96.800 1.946e+11 -2.707e+11 1.053e+11 0.02972 202889 202875 675854 1641 43 202829 202905 28.822 610110000000 610110000000 600580000000 457580000000 152530000000 33.5434 0 0.02365 0.88798 0.61304 23.5755 -12.8449 6.73708 0.8309 0.69626 6.98694 21.4301 9.14227 0.1942 591700000000 419500000000
 0.5500   283258 0.5600   292509      1       -1       -1       -1  0 1.71600e+11 1.62100e+11 130.776000 6.941000 58.300000  1 0.4000 139.180000 61.61312 1.46558 39.78262 87.260 -96.520 86.980 3.643e+10 -2.232e+10 -1.974e+10 0.03829 202890 202920 675854 6554 43 202829 202935 6.94126 162060000000 162060000000 162060000000 104860000000 76264000000 10.0426 0 0.029 0.78719 0.18426 1.58687 -12.581 17.6225 0.44143 0.19533 17.0526 -4.91516 8.56406 0.162 208500000000 57200000000
 0.5400   274035 0.5500   283257      1       -1       -1       -1  0 5.94200e+11 6.19600e+11 205.026000 23.991000 95.520000  1 0.2500 180.790000 0.10164 1.26184 39.47850 51.660 -94.170 95.820 2.391e+11 -1.436e+11 1.218e+11 0.02615 202891 202876 675854 1628 42 202829 202905 23.9915 619640000000 638710000000 581510000000 476650000000 190660000000 6.99344 0 0.02022 0.67312 0.41808 36.3458 -11.7345 7.11275 0.55023 0.38677 30.6709 -17.2078 8.12105 0.1851 621600000000 362300000000
 0.5400   274036 0.5500   283258      1       -1       -1       -1  0 1.71600e+11 1.62100e+11 131.116000 11.024000 55.360000  1 0.4000 124.460000 61.58680 1.50499 39.75553 83.160 -93.820 83.180 5.207e+10 6.801e+08 6.918e+09 0.04078 202892 202921 675854 6545 42 202829 202935 11.0241 162060000000 162060000000 152530000000 123930000000 19066000000 3.9705 1.92 0.03262 0.53219 0.16976 1.33557 -23.2666 28.4218 0.6706 0.23717 3.18656 -15.3164 23.3227 0.1563 181900000000 76260000000
 0.5300   264790 0.5400   274035      1       -1       -1       -1  0 5.91067e+11 5.52900e+11 197.887000 14.542000 102.800000  1 0.2500 195.250000 0.02822 1.29104 39.44053 55.430 -91.330 96.830 4.243e+10 -1.656e+11 1.093e+11 0.02240 202893 202877 675854 1644 41 202829 202905 14.5417 552910000000 552910000000 514780000000 428980000000 238320000000 34.6899 0 0.01643 0.53411 0.38045 24.4566 6.46189 -3.25462 0.57264 0.36264 17.2517 4.66594 -8.92778 0.1995 549700000000 238300000000
 0.5300   264791 0.5400   274036      1       -1       -1       -1  0 1.71600e+11 1.52500e+11 128.819000 11.109000 56.000000  1 0.4000 122.220000 61.54940 1.55241 39.70621 80.310 -85.690 78.770 3.770e+10 1.814e+10 2.049e+10 0.04040 202894 202922 675854 6530 41 202829 202935 11.1086 152530000000 162060000000 152530000000 133460000000 47665000000 16.3683 6.02 0.03227 0.57129 0.19143 1.2749 -19.4165 28.9444 0.59219 0.04242 9.89275 21.9162 1.16336 0.1648 175000000000 76260000000
 0.5200   255556 0.5300   264790      1       -1       -1       -1  0 5.91067e+11 5.72000e+11 200.634000 23.009000 95.410000  1 0.2500 179.680000 0.01889 1.32269 39.41104 49.100 -89.650 92.190 1.916e+11 -2.494e+10 9.680e+10 0.02207 202895 202878 675854 1633 40 202829 202905 23.0088 571980000000 591050000000 533850000000 419450000000 171590000000 37.9484 0.9 0.01668 0.83293 0.58721 18.2178 -4.46677 -2.9905 0.73903 0.5215 12.514 -10.4474 -5.68209 0.1814 550400000000 324100000000
 0.5200   255557 0.5300   264791      1       -1       -1       -1  0 1.71600e+11 1.62100e+11 131.776000 17.744000 58.530000  1 0.4000 114.310000 61.51891 1.61342 39.68753 79.150 -92.720 78.430 5.117e+10 -2.592e+09 3.743e+09 0.03591 202896 202923 675854 5376 40 202829 202935 17.7438 162060000000 162060000000 162060000000 104860000000 19066000000 35.4948 0 0.03243 0.46219 0.09161 6.59587 26.91 11.2966 0.24718 0.03098 7.58516 22.0431 2.06422 0.2069 176200000000 85800000000
 0.5100   246305 0.5200   255556      1       -1       -1       -1  0 5.91067e+11 6.00600e+11 204.419000 27.170000 88.390000  1 0.2500 178.850000 0.03232 1.34061 39.35853 47.260 -86.840 88.780 1.959e+11 -3.428e+09 7.893e+10 0.01898 202897 202879 675854 8145 39 202829 202905 27.1705 600580000000 600580000000 571980000000 390850000000 76264000000 27.6848 0 0.01516 0.55607 0.50618 39.8304 -23.4816 10.3992 0.79211 0.53137 32.3357 -6.1284 10.7573 0.1687 552600000000 390900000000
 0.5100   246306 0.5200   255557      1       -1       -1       -1  0 1.71600e+11 1.71600e+11 134.637000 17.889000 57.650000  1 0.4000 117.800000 61.48358 1.65426 39.65297 78.940 -92.090 79.300 5.655e+10 -3.355e+09 -2.052e+09 0.03662 202898 202924 675854 5329 39 202829 202935 17.8891 171590000000 171590000000 162060000000 123930000000 0 36.5229 0 0.03281 0.80245 0.39837 -1.82895 35.9112 -0.82128 0.18267 0.0184 -3.45049 30.5518 17.7279 0.1915 179900000000 104900000000
 0.5000   237127 0.5100   246305      1       -1       -1       -1  0 5.81533e+11 6.00600e+11 204.904000 24.771000 86.810000  1 0.2500 183.800000 0.00415 1.41408 39.30173 44.670 -83.650 86.530 2.240e+11 2.111e+10 1.222e+11 0.02323 202899 202880 675854 1597 38 202829 202905 24.7712 600580000000 600580000000 533850000000 428980000000 28599000000 26.6399 0 0.01853 0.65848 0.48104 32.7311 21.6303 1.17809 0.35268 0.18213 30.7321 22.9584 1.97503 0.1618 550400000000 343200000000
 0.5000   237128 0.5100   246306      1       -1       -1       -1  0 1.71600e+11 1.71600e+11 134.957000 17.349000 50.900000  1 0.4000 119.590000 61.44793 1.69554 39.61792 78.450 -88.700 81.380 2.902e+10 7.945e+09 -3.704e+09 0.02047 202900 202925 675854 5337 38 202829 202935 17.3485 171590000000 171590000000 171590000000 104860000000 0 26.0655 0 0.0177 0.75581 0.3713 -4.7163 38.9574 7.90757 0.67725 0.45506 -14.1757 24.4329 21.5411 0.1421 183900000000 104900000000
 0.4900   227956 0.5000   237127      1       -1       -1       -1  0 5.72000e+11 5.43400e+11 198.640000 17.865000 88.940000  1 0.2500 191.310000 62.46250 1.41151 39.26012 41.670 -77.200 86.180 1.689e+11 3.300e+10 2.054e+11 0.03025 202901 202881 675854 6486 37 202829 202905 17.8654 543380000000 543380000000 533850000000 324120000000 190660000000 43.8821 0 0.02312 0.39386 0.30129 33.4387 -8.22317 16.4207 0.50672 0.43095 24.3909 -6.65531 10.324 0.1623 498600000000 219300000000
 0.4900   227957 0.5000   237128      1       -1       -1       -1  0 1.71600e+11 1.71600e+11 135.269000 15.685000 51.400000  1 0.4000 123.190000 61.42571 1.70007 39.58625 74.580 -89.370 75.720 5.173e+10 -3.230e+09 -1.527e+09 0.03818 202902 202926 675854 6467 37 202829 202935 15.6845 171590000000 171590000000 171590000000 142990000000 47665000000 6.98584 0 0.03055 0.37831 0.27765 -4.12787 -6.25917 12.5305 0.41871 0.23066 -4.00186 -5.93837 10.9853 0.1298 183300000000 85800000000
 0.4800   218814 0.4900   227956      1       -1       -1       -1  0 5.65633e+11 5.72000e+11 202.521000 33.855000 87.000000  1 0.2500 173.570000 62.45444 1.45460 39.21257 43.240 -78.700 81.630 2.450e+11 1.565e+11 9.849e+10 0.03050 202903 202882 675854 5840 36 202829 202905 33.8547 571980000000 571980000000 543380000000 381320000000 152530000000 39.5012 0 0.02454 0.48785 0.34126 39.1726 -0.74116 6.86132 0.51217 0.39449 29.574 0.72311 1.91614 0.1651 514900000000 381300000000
 0.4800   218815 0.4900   227957      1       -1       -1       -1  0 1.70033e+11 1.71600e+11 135.574000 14.305000 51.920000  1 0.4000 126.840000 61.38929 1.74126 39.55156 74.280 -83.860 76.180 2.879e+10 6.323e+09 -4.880e+09 0.02175 202904 202927 675854 6486 36 202829 202935 14.3049 171590000000 171590000000 171590000000 133460000000 28599000000 13.7448 0 0.01777 0.51313 0.28021 -0.42571 -7.6719 31.6592 0.18769 0.01886 3.45981 3.11974 20.5499 0.131 188700000000 76260000000
 0.4700   209682 0.4800   218814      1       -1       -1       -1  0 5.56100e+11 5.81500e+11 204.087000 39.073000 83.310000  1 0.2500 172.560000 62.46506 1.50165 39.17492 43.790 -75.360 79.560 2.056e+11 1.789e+11 1.422e+11 0.03020 202905 202883 675854 5815 35 202829 202905 39.0735 581510000000 581510000000 552910000000 352720000000 162060000000 17.1745 0 0.02414 0.525 0.29839 23.4924 11.6189 21.6548 0.47558 0.22995 18.8046 10.1325 9.05953 0.1494 531700000000 486200000000
 0.4700   209683 0.4800   218815      1       -1       -1       -1  1 1.66867e+11 1.66900e+11 134.590000 11.630000 53.140000  1 0.4000 134.510000 61.37159 1.76125 39.53340 74.280 -83.860 76.180 1.913e+10 -6.550e+08 -1.095e+10 0.02005 202906 202928 675854 9031 35 202829 202935 12.2149 166825000000 166825000000 166825000000 128695000000 61964500000 12.602 0 0.01586 0.57269 0.29993 -0.47965 -7.83389 21.5552 0.166555 0.02453 -4.06317 -1.73942 21.1408 0.1293 194250000000 66730000000
 0.4600   200583 0.4700   209682      1       -1       -1       -1  0 5.46567e+11 5.14800e+11 196.379000 31.367000 79.200000  1 0.2500 172.100000 62.48417 1.53320 39.11894 43.140 -71.000 80.800 1.881e+11 3.966e+11 2.942e+10 0.05164 202907 202884 675854 4612 34 202829 202905 31.3675 514780000000 514780000000 486180000000 305060000000 0 33.1398 0 0.04272 0.3602 0.28623 46.6555 1.4156 9.09956 0.19205 0.03961 40.9231 -9.45675 4.85309 0.1507 499600000000 352700000000
 0.4600   200584 0.4700   209683      1       -1       -1       -1  0 1.60500e+11 1.62100e+11 133.592000 8.954000 54.310000  1 0.4000 141.390000 61.31342 1.83406 39.48540 71.950 -79.380 68.670 9.462e+09 -7.633e+09 -1.703e+10 0.01835 202908 202929 675854 5264 34 202829 202935 8.9536 162060000000 162060000000 162060000000 123930000000 95330000000 11.4591 0 0.01395 0.63225 0.31965 -0.53359 -7.99588 11.4512 0.14542 0.0302 -11.5861 -6.59858 21.7317 0.1276 199800000000 57200000000
 0.4500   191546 0.4600   200583      1       -1       -1       -1  0 5.33867e+11 5.43400e+11 200.365000 41.440000 75.850000  1 0.2500 170.220000 62.45835 1.58536 39.10314 43.300 -68.860 78.790 1.713e+11 3.146e+11 3.335e+10 0.03849 202909 202885 675854 4606 33 202829 202905 41.4399 543380000000 543380000000 495720000000 343190000000 0 8.8335 0 0.03225 0.50062 0.31192 57.1706 -1.64348 15.4098 0.32523 0.10564 30.0628 -7.24964 32.6197 0.1381 482400000000 486200000000
 0.4500   191547 0.4600   200584      1       -1       -1       -1  0 1.46167e+11 1.52500e+11 131.191000 9.167000 60.160000  1 0.4000 138.450000 61.26736 1.88268 39.42737 69.340 -78.890 68.100 3.059e+10 7.020e+09 -2.693e+09 0.02982 202910 202930 675854 5237 33 202829 202935 9.16699 152530000000 152530000000 152530000000 123930000000 57198000000 8.12538 0 0.02346 0.24547 0.01459 2.0338 -5.81343 37.2797 0.26406 0.09238 1.44992 -5.35773 34.8086 0.1625 197900000000 47660000000
 0.4400   182510 0.4500   191546      1       -1       -1       -1  0 5.30667e+11 5.43400e+11 200.767000 48.378000 74.860000  1 0.2500 168.800000 62.42659 1.61109 39.04893 42.560 -65.930 75.530 1.620e+11 3.045e+11 5.517e+10 0.03765 202911 202886 675854 5700 32 202829 202905 48.3783 543380000000 543380000000 505250000000 238320000000 133460000000 15.2367 0 0.03164 0.35648 0.19619 44.0659 -9.66004 5.56844 0.63547 0.44982 25.639 -7.21052 2.08638 0.1354 475000000000 524300000000
 0.4400   182511 0.4500   191547      1       -1       -1       -1  0 1.31867e+11 1.23900e+11 122.663000 5.325000 54.470000  1 0.4000 148.820000 61.23225 1.92911 39.41743 71.560 -80.250 62.460 1.036e+10 -6.267e+09 -5.941e+09 0.02085 202912 202931 675854 6330 32 202829 202935 5.32503 123930000000 123930000000 123930000000 114400000000 95330000000 2.80438 0 0.01434 0.4993 0.44743 -5.55654 -3.11918 11.3947 0.40503 0.07247 -4.6728 -3.80011 10.7585 0.1193 217700000000 19070000000
 0.4300   173508 0.4400   182510      1       -1       -1       -1  0 4.86167e+11 5.05200e+11 196.337000 49.571000 75.390000  1 0.2500 165.670000 62.41071 1.65480 39.01304 33.650 -64.240 67.480 1.319e+11 -2.253e+10 1.166e+11 0.02216 202913 202887 675854 4558 31 202829 202905 49.5705 505250000000 505250000000 476650000000 266920000000 123930000000 13.9895 0 0.01834 0.40837 0.25908 33.8857 -4.08148 1.30523 0.50227 0.27747 12.3953 9.02169 -1.63493 0.1343 429600000000 505200000000
 0.4300   173509 0.4400   182511      1       -1       -1       -1  1 1.19167e+11 1.19200e+11 121.293000 5.292000 49.590000  1 0.4000 148.200000 61.21399 1.94959 39.40149 71.560 -80.250 62.460 1.089e+10 -6.256e+09 -5.106e+09 0.02110 202914 202932 675854 8800 31 202829 202935 5.29212 119165000000 119165000000 119165000000 90565500000 66731000000 10.4766 0 0.015685 0.560435 0.24932 -3.54095 -4.43044 9.82001 0.4238 0.046075 -2.09546 -5.76849 9.90602 0.1153 177100000000 28600000000
 0.4200   164569 0.4300   173508      1       -1       -1       -1  0 4.54400e+11 4.09900e+11 183.464000 14.546000 73.560000  1 0.2500 192.470000 62.45036 1.67078 38.97956 29.010 -57.770 65.200 1.224e+10 8.270e+10 3.369e+09 0.01649 202915 202888 675854 4522 30 202829 202905 14.5458 409920000000 409920000000 390850000000 305060000000 114400000000 12.3762 0 0.01238 0.51682 0.36028 34.876 -12.0586 -1.74407 0.46883 0.11949 33.7241 -10.142 0.47445 0.1176 492900000000 162100000000
 0.4200   164570 0.4300   173509      1       -1       -1       -1  0 1.16000e+11 1.14400e+11 119.891000 5.259000 43.490000  1 0.4000 147.580000 61.16278 2.02835 39.32533 66.460 -76.630 60.440 1.143e+10 -6.246e+09 -4.270e+09 0.02135 202916 202933 675854 5140 30 202829 202935 5.2588 114400000000 114400000000 114400000000 66731000000 38132000000 18.1489 0 0.01703 0.62157 0.05121 -1.52536 -5.7417 8.24536 0.44257 0.01968 0.48187 -7.73686 9.05359 0.1113 136500000000 38130000000
 0.4100   155709 0.4200   164569      1       -1       -1       -1  0 4.38533e+11 4.48100e+11 189.328000 50.447000 73.320000  1 0.2500 161.840000 62.35521 1.73761 38.94407 28.870 -56.160 63.380 6.218e+10 -8.438e+10 1.139e+11 0.02247 202917 202889 675854 4465 29 202829 202905 50.4466 448050000000 438520000000 428980000000 228790000000 0 26.651 0.65 0.01997 0.11743 0.06903 69.8699 -23.7844 -6.25054 0.07838 0.01682 58.5756 -14.4541 -10.1848 0.1488 395600000000 467100000000
 0.4100   155710 0.4200   164570      1       -1       -1       -1  0 1.11233e+11 1.14400e+11 120.109000 15.004000 32.500000  1 0.4000 114.950000 61.12494 2.07264 39.28627 65.060 -72.240 64.350 2.571e+08 -1.215e+10 -4.049e+09 0.01804 202918 202934 675854 5079 29 202829 202935 15.0045 114400000000 114400000000 104860000000 57198000000 38132000000 22.6095 1.21 0.01609 0.11086 0.00784 -12.6996 -18.8332 24.3371 0.59462 0.23877 0.97 -4.12849 34.4742 0.083 109900000000 47660000000
 0.4000   146961 0.4100   155709      1       -1       -1       -1  0 4.38533e+11 4.29000e+11 186.930000 30.411000 65.770000  1 0.2500 172.160000 62.42070 1.74459 38.91010 22.170 -58.660 56.550 2.600e+10 8.749e+09 5.192e+10 0.01055 202919 202890 675854 5488 28 202829 202905 30.4114 428980000000 428980000000 409920000000 238320000000 133460000000 19.3879 0 0.00824 0.7208 0.34688 33.1438 -12.7895 5.83718 0.63195 0.50436 -17.6222 -0.69826 19.2252 0.0949 364700000000 295500000000
 0.4000   146962 0.4100   155710      0       -1       -1       -1  0 1.04900e+11 1.04900e+11 116.880000 25.275000 28.490000  1 0.4000 103.250000 61.08679 2.11728 39.24677 62.280 -68.540 62.510 -5.550e+09 -1.038e+10 -2.946e+09 0.01845 202920 202935 675854 6106 28 202829 202935 25.2753 104860000000 104860000000 104860000000 38132000000 19066000000 24.109 0 0.01782 0.14307 0 -10.0872 -22.3371 23.5504 0.33116 0.1904 8.23123 20.1256 -15.3538 0.081 106300000000 85800000000
 0.3900   138294 0.4000   146961      1       -1       -1       -1  0 4.25800e+11 4.38500e+11 188.622000 33.244000 64.920000  1 0.2500 173.240000 62.40030 1.78773 38.86364 24.680 -56.570 55.740 4.026e+10 -4.942e+10 9.446e+10 0.01939 202921 202891 675854 5391 27 202829 202905 33.2444 438520000000 438520000000 419450000000 276460000000 0 11.3765 0 0.0156 0.45839 0.3343 53.1385 -14.2602 -4.68433 0.33702 0.17429 44.8638 2.65076 -18.4148 0.0939 400300000000 343200000000
 0.3800   129834 0.3900   138294      1       -1       -1       -1  0 4.19433e+11 4.09900e+11 184.728000 18.184000 71.440000  1 0.2500 191.660000 62.41747 1.80472 38.82512 23.420 -58.010 52.970 2.187e+10 -4.110e+09 9.490e+10 0.02027 202922 202892 675854 5312 26 202829 202905 18.184 409920000000 409920000000 390850000000 247860000000 181130000000 26.2528 0 0.01511 0.73609 0.53573 18.0672 -8.07573 -4.47789 0.70633 0.49316 12.6586 0.96129 -9.4407 0.0999 378200000000 200200000000
 0.3700   121348 0.3800   129834      1       -1       -1       -1  0 4.09900e+11 4.09900e+11 185.015000 21.114000 70.750000  1 0.2500 187.980000 62.40311 1.84506 38.78737 23.870 -54.490 51.700 3.148e+10 5.391e+08 4.104e+10 0.01078 202923 202893 675854 4260 25 202829 202905 21.1138 409920000000 400390000000 390850000000 247860000000 162060000000 30.4594 0 0.00812 0.59225 0.38867 21.1688 -12.364 -7.59254 0.71723 0.58514 -11.9517 10.8659 10.5725 0.1006 352900000000 200200000000
 0.3600   112948 0.3700   121348      1       -1       -1       -1  0 3.87667e+11 4.09900e+11 185.290000 48.944000 62.030000  1 0.2500 167.130000 62.37460 1.87584 38.74688 24.480 -52.580 50.400 7.143e+10 3.350e+10 4.424e+10 0.01730 202924 202894 675854 5145 24 202829 202905 48.9439 409920000000 390850000000 381320000000 228790000000 0 30.7106 0 0.01439 0.67057 0.28172 42.541 -19.619 -2.57959 0.63059 0.26225 -5.36729 28.0573 -22.818 0.0977 340100000000 419500000000
 0.3500   104690 0.3600   112948      1       -1       -1       -1  0 3.59067e+11 3.43200e+11 174.883000 53.722000 54.790000  1 0.2500 157.630000 62.36224 1.91780 38.69471 20.920 -50.370 48.300 4.087e+10 -8.815e+09 6.020e+10 0.01890 202925 202895 675854 5028 23 202829 202905 53.7224 343190000000 314590000000 305060000000 171590000000 47665000000 21.7571 1.97 0.01589 0.88741 0.55341 -13.8159 11.9548 10.5054 0.45748 0.24388 0.19289 -7.80085 16.4155 0.0875 315300000000 409900000000
 0.3400    96619 0.3500   104690      1       -1       -1       -1  0 3.43200e+11 3.24100e+11 171.815000 39.782000 50.110000  1 0.2500 161.040000 62.33544 1.98366 38.66103 19.700 -51.150 47.300 3.241e+10 9.319e+09 1.853e+10 0.01098 202926 202896 675854 4851 22 202829 202905 39.7819 324120000000 324120000000 314590000000 114400000000 9533000000 10.2132 0 0.0093 0.55533 0.24364 -21.7601 21.7251 33.5122 0.59668 0.07539 -5.68067 3.43791 35.5866 0.0713 296300000000 305100000000
 0.3300    88788 0.3400    96619      1       -1       -1       -1  0 3.43200e+11 3.24100e+11 172.037000 34.522000 48.810000  1 0.2500 166.350000 62.26722 2.04983 38.62733 21.500 -50.020 43.100 -1.918e+10 -9.358e+09 1.245e+10 0.00720 202927 202897 675854 4800 21 202829 202905 34.5216 324120000000 314590000000 285990000000 181130000000 28599000000 15.2885 0 0.00606 0.31199 0.14484 -20.3676 35.076 41.6662 0.11273 0.02405 -15.3154 30.7012 5.42501 0.06 289100000000 257400000000
 0.3200    81093 0.3300    88788      1       -1       -1       -1  0 3.43200e+11 3.43200e+11 175.561000 27.756000 56.860000  1 0.2500 178.500000 62.25537 2.09683 38.58849 22.770 -45.200 41.590 -5.466e+10 -1.442e+10 -6.954e+09 0.01639 202928 202898 675854 4660 20 202829 202905 27.7562 343190000000 343190000000 343190000000 238320000000 9533000000 7.46329 0 0.01289 0.40266 0.29094 -27.5465 20.6205 37.6402 0.42088 0.12216 -6.12221 15.834 39.5732 0.0636 329800000000 238300000000
 0.3100    73663 0.3200    81093      1       -1       -1       -1  0 3.43200e+11 3.43200e+11 175.765000 15.455000 64.690000  1 0.2500 204.280000 62.22615 2.13961 38.55872 22.050 -42.810 39.870 -5.258e+10 -1.272e+10 -8.364e+09 0.01754 202929 202899 675854 4472 19 202829 202905 15.4547 343190000000 343190000000 343190000000 305060000000 66731000000 11.8753 0 0.01258 0.55205 0.20796 -21.5352 11.993 24.2785 0.3971 0.15313 -19.8609 13.4123 21.9099 0.0705 391400000000 162100000000
 0.3000    66455 0.3100    73663      1       -1       -1       -1  0 3.36833e+11 3.43200e+11 175.958000 12.073000 66.080000  1 0.2500 220.660000 62.21538 2.17812 38.50720 19.120 -40.400 37.710 -5.963e+10 -4.680e+10 -1.618e+10 0.02646 202930 202900 675854 3430 18 202829 202905 12.0732 343190000000 343190000000 343190000000 305060000000 190660000000 8.45257 0 0.01809 0.85537 0.56808 -10.4437 20.9786 -1.49014 0.87398 0.5847 -12.3516 17.2768 -4.91385 0.0681 430700000000 123900000000
 0.2900    59502 0.3000    66455      1       -1       -1       -1  0 3.11400e+11 3.24100e+11 172.816000 26.392000 58.640000  1 0.2500 184.760000 62.17955 2.26049 38.48471 20.970 -37.970 29.830 -3.882e+10 -6.771e+09 -1.380e+10 0.01382 202931 202901 675854 3218 17 202829 202905 26.3917 324120000000 324120000000 324120000000 238320000000 28599000000 27.5208 2.75 0.0109 0.5087 0.32259 -29.6471 34.4432 4.22598 0.58812 0.29559 -4.09729 34.8317 -2.76945 0.0781 294200000000 238300000000
 0.2800    52873 0.2900    59502      1       -1       -1       -1  0 2.57367e+11 2.66900e+11 162.144000 22.339000 50.970000  1 0.2500 179.460000 62.15005 2.29870 38.47179 22.120 -36.880 20.690 8.404e+09 -7.533e+09 4.164e+09 0.00551 202932 202902 675854 3838 16 202829 202905 22.339 266920000000 257390000000 257390000000 142990000000 76264000000 11.2511 1.92 0.00441 0.44265 0.30397 24.4929 -20.9017 -5.48198 0.85354 0.75266 12.5874 12.2182 -8.11112 0.0697 223600000000 133500000000
 0.2700    46572 0.2800    52873      1       -1       -1       -1  0 1.84267e+11 1.81100e+11 142.614000 22.667000 41.230000  1 0.2500 156.490000 62.12147 2.34153 38.45386 18.750 -33.370 18.500 1.462e+10 -9.226e+09 1.295e+10 0.01822 202933 202903 675854 3591 15 202829 202905 22.6669 181130000000 181130000000 162060000000 133460000000 19066000000 8.94125 0 0.0154 0.752 0.63297 29.2526 -6.56308 -8.97701 0.70283 0.06757 32.9261 -7.82684 8.47696 0.0645 167200000000 133500000000
 0.2600    40612 0.2700    46572      1       -1       -1       -1  1 1.04833e+11 1.04800e+11 118.888000 19.724000 33.570000  1 0.2500 130.280000 0.11491 2.35321 38.44739 18.750 -33.370 18.500 7.982e+09 -4.189e+09 7.886e+09 0.02113 202934 202904 675854 5069 14 202829 202905 20.1539 104864500000 104864500000 95329500000 66730000000 9533000000 29.9844 6.255 0.033685 0.376 0.316485 14.6263 -3.28154 -4.4885 0.351415 0.033785 16.4631 -3.91342 4.23848 0.1483 134650000000 76285000000
 0.2500    35012 0.2600    40612      0       -1       -1       -1  0 2.86000e+10 2.86000e+10 77.209000 16.782000 17.730000  1 0.2500 83.860000 62.03806 2.42492 38.37078 21.260 -28.760 22.290 1.343e+09 8.475e+08 2.822e+09 0.02404 202935 202905 675854 2650 13 202829 202905 16.7817 28599000000 28599000000 28599000000 0 0 51.0276 12.51 0.05197 0 0 0 0 0 0 0 0 0 0 0.2321 102100000000 19070000000
