 1.0000   679198 0.0000       -1      1       -1       -1       -1  0 2.47900e+11 2.47900e+11 128.510000 13.903000 93.530000  1 0.6800 107.890000 29.05387 22.04391 20.79957 -61.590 241.530 12.040 7.307e+10 1.389e+11 -2.612e+10 0.03860 431479 431479 679198 4713 88 431478 431511 13.9027 247860000000 247860000000 219260000000 162060000000 38132000000 15.3166 0 0.03877 0.70557 0.36222 -12.9014 -5.93816 17.8684 0.53144 0.41844 1.90016 3.19721 16.3041 0.4981 318700000000 143000000000
 0.9900   671058 1.0000   679198      1       -1       -1       -1  0 2.47900e+11 2.47900e+11 129.051000 10.164000 100.640000  1 0.6800 116.420000 29.05540 22.01767 20.80401 -61.480 239.970 12.240 7.227e+10 1.379e+11 -2.605e+10 0.03976 431480 431480 679198 4701 87 431478 431511 10.1643 247860000000 247860000000 209730000000 181130000000 95330000000 15.0731 0 0.03858 0.7361 0.45258 -8.20856 -5.6705 15.649 0.38104 0.1363 1.2967 -5.47766 15.1849 0.5173 349100000000 104900000000
 0.9800   662662 0.9900   671058      1       -1       -1       -1  0 2.47900e+11 2.47900e+11 129.592000 7.323000 106.940000  1 0.6800 127.300000 29.06009 21.99056 20.79988 -61.190 238.400 12.640 7.171e+10 1.316e+11 -2.484e+10 0.03975 431481 431481 679198 4721 86 431478 431511 7.32338 247860000000 247860000000 209730000000 209730000000 104860000000 11.5219 0 0.03724 0.50957 0.29489 -3.09854 -5.03962 15.3035 0.36946 0.14309 -1.64384 -4.07441 13.474 0.5302 384100000000 95330000000
 0.9700   654301 0.9800   662662      1       -1       -1       -1  0 2.47900e+11 2.47900e+11 130.132000 7.561000 110.320000  1 0.6800 126.730000 29.05815 21.96272 20.80581 -60.780 236.780 13.110 7.122e+10 1.232e+11 -2.347e+10 0.03965 431482 431482 679198 7682 85 431478 431511 7.56072 247860000000 247860000000 209730000000 209730000000 114400000000 17.8362 0 0.03546 0.74754 0.52206 7.10182 8.63778 -10.9476 0.56878 0.3676 -5.79714 -10.0326 11.3903 0.5225 426500000000 104900000000
 0.9600   645981 0.9700   654301      1       -1       -1       -1  0 2.47900e+11 2.47900e+11 130.671000 6.432000 114.900000  1 0.6800 133.130000 29.06046 21.92483 20.79367 -60.350 235.090 13.560 7.027e+10 1.158e+11 -2.275e+10 0.03686 431483 431483 679198 4772 84 431478 431511 6.43152 247860000000 247860000000 209730000000 209730000000 133460000000 14.4407 0 0.03389 0.70549 0.45711 11.9695 7.41343 -9.6472 0.47786 0.38597 12.0329 8.25057 -9.6379 0.5565 409300000000 66730000000
 0.9500   637660 0.9600   645981      1       -1       -1       -1  0 2.47900e+11 2.47900e+11 131.210000 6.777000 118.210000  1 0.6800 131.750000 29.08207 21.90177 20.77969 -55.470 231.930 15.720 1.863e+10 1.049e+10 -1.442e+10 0.00588 431484 431484 679198 4778 83 431478 431511 6.77705 247860000000 247860000000 247860000000 209730000000 76264000000 8.81684 0 0.00638 0.47149 0.29497 -17.7777 -1.33748 20.4178 0.35344 0.02945 -16.2741 -7.97087 17.4661 0.6486 443700000000 47660000000
 0.9400   629357 0.9500   637660      1       -1       -1       -1  0 2.47900e+11 2.47900e+11 131.748000 7.122000 116.170000  1 0.6800 130.500000 29.08880 21.87529 20.77810 -55.260 230.470 15.820 1.963e+10 1.033e+10 -1.344e+10 0.00606 431485 431485 679198 4780 82 431478 431511 7.12182 247860000000 257390000000 247860000000 200190000000 95330000000 8.6388 0 0.00644 0.44553 0.20301 -20.7147 -5.45185 24.5967 0.73779 0.4829 -19.2714 -7.83432 19.8881 0.631 438300000000 57200000000
 0.9300   621036 0.9400   629357      1       -1       -1       -1  0 2.47900e+11 2.47900e+11 132.284000 8.950000 109.330000  1 0.6800 123.280000 29.09565 21.84831 20.77647 -55.070 228.980 15.910 2.058e+10 1.031e+10 -1.244e+10 0.00639 431486 431486 679198 4795 81 431478 431511 8.95007 247860000000 257390000000 247860000000 209730000000 47665000000 8.4217 0 0.00652 0.53331 0.34186 -12.4216 -4.14449 13.3781 0.16942 0.03691 -9.25162 -4.19076 18.5102 0.5826 390100000000 76260000000
 0.9200   612692 0.9300   621036      1       -1       -1       -1  0 2.47900e+11 2.47900e+11 132.820000 8.295000 101.040000  1 0.6800 126.330000 29.09389 21.82627 20.78026 -54.920 227.490 16.000 2.158e+10 1.044e+10 -1.125e+10 0.00705 431487 431487 679198 4803 80 431478 431511 8.29458 247860000000 247860000000 247860000000 200190000000 0 5.7583 0 0.00662 0.46383 0.30311 25.1184 14.2783 -14.4545 0.20006 0.02377 28.7718 13.9219 -3.26535 0.5029 366100000000 66730000000
 0.9100   604329 0.9200   612692      1       -1       -1       -1  0 2.47900e+11 2.47900e+11 133.354000 9.069000 93.090000  1 0.6800 123.960000 29.10978 21.79284 20.77316 -57.740 223.280 17.380 4.483e+10 4.479e+10 -2.370e+10 0.01821 431488 431488 679198 4820 79 431478 431511 9.06898 247860000000 257390000000 247860000000 219260000000 0 3.9409 0 0.01697 0.47688 0.40985 31.2204 16.576 -11.0966 0.42747 0.37612 30.5985 19.0032 -9.28795 0.456 389400000000 38130000000
 0.9000   595957 0.9100   604329      1       -1       -1       -1  0 2.47900e+11 2.47900e+11 133.887000 10.102000 88.800000  1 0.6800 121.160000 29.11142 21.77386 20.77330 -56.980 221.580 17.050 4.476e+10 4.447e+10 -2.318e+10 0.01796 431489 431489 679198 4826 78 431478 431511 10.1021 247860000000 257390000000 247860000000 219260000000 0 10.3255 0 0.01692 0.44168 0.24143 27.5568 19.9858 -15.2459 0.4347 0.06356 20.3872 19.7021 -7.67502 0.4372 367600000000 57200000000
 0.8900   587548 0.9000   595957      1       -1       -1       -1  0 2.47900e+11 2.47900e+11 134.418000 12.986000 87.550000  1 0.6800 114.640000 29.12359 21.74471 20.76803 -56.320 219.790 16.830 4.475e+10 4.443e+10 -2.246e+10 0.01797 431490 431490 679198 4850 77 431478 431511 12.9863 247860000000 257390000000 238320000000 190660000000 19066000000 8.76664 0 0.01691 0.29621 0.17752 24.5314 18.9037 -14.2554 0.0934 0.0203 20.5957 24.2838 -5.35879 0.4284 331100000000 114400000000
 0.8800   579165 0.8900   587548      1       -1       -1       -1  0 2.44700e+11 2.47900e+11 134.948000 13.850000 89.250000  1 0.6800 113.530000 29.13207 21.70572 20.76798 -55.700 217.940 16.690 4.473e+10 4.467e+10 -2.159e+10 0.01808 431491 431491 679198 783 76 431478 431511 13.8496 247860000000 257390000000 238320000000 162060000000 38132000000 2.75662 0 0.01694 0.25967 0.1599 16.3829 11.5899 -10.6947 0.14993 0.0223 14.2496 12.0183 -8.66711 0.4345 324600000000 133500000000
 0.8700   570708 0.8800   579165      1       -1       -1       -1  0 2.38333e+11 2.38300e+11 133.717000 11.984000 90.730000  1 0.6800 115.990000 29.13980 21.67559 20.76621 -57.490 214.880 18.520 4.185e+10 2.707e+10 -3.522e+10 0.01838 431492 431492 679198 3869 75 431478 431511 11.9836 238320000000 257390000000 238320000000 181130000000 66731000000 5.70666 0 0.01658 0.4007 0.23766 13.7835 7.49763 -11.0012 0.4118 0.1957 13.6787 7.10725 -7.31042 0.4272 294700000000 123900000000
 0.8600   562252 0.8700   570708      1       -1       -1       -1  0 2.31967e+11 2.28800e+11 132.422000 9.833000 89.650000  1 0.6800 120.220000 29.16115 21.65692 20.75142 -60.830 204.740 15.390 4.615e+10 3.343e+10 4.612e+09 0.01896 431493 431493 679198 4903 74 431478 431511 9.8329 228790000000 247860000000 200190000000 190660000000 66731000000 4.73695 0 0.01669 0.41937 0.18614 -15.58 -11.2603 19.3635 0.41048 0.06798 17.4088 9.77885 -17.2628 0.4087 327500000000 95330000000
 0.8500   553815 0.8600   562252      1       -1       -1       -1  0 2.25633e+11 2.28800e+11 132.933000 9.830000 92.640000  1 0.6800 120.820000 29.17007 21.62671 20.75012 -62.090 202.440 12.950 4.297e+10 3.764e+10 8.786e+08 0.01965 431494 431494 679198 4891 73 431478 431511 9.83018 228790000000 238320000000 200190000000 190660000000 95330000000 4.08727 3.1 0.01674 0.55504 0.31832 -12.1936 -3.16305 17.0331 0.48121 0.2229 -10.8533 -6.17926 17.0943 0.4083 330700000000 104900000000
 0.8400   545312 0.8500   553815      1       -1       -1       -1  0 2.19267e+11 2.19300e+11 131.561000 8.347000 95.150000  1 0.6800 124.420000 29.16399 21.58182 20.76069 -58.160 204.030 18.080 9.201e+10 -1.603e+10 1.307e+10 0.03367 431495 431495 679198 4922 72 431478 431511 8.34702 219260000000 247860000000 190660000000 181130000000 114400000000 16.0847 0 0.02979 0.56415 0.45291 18.1199 -0.21632 -16.4086 0.65102 0.43477 17.1899 -0.68076 -13.1626 0.4465 312700000000 85800000000
 0.8300   536796 0.8400   545312      1       -1       -1       -1  0 2.12900e+11 2.09700e+11 130.118000 5.783000 98.720000  1 0.6800 135.920000 29.19679 21.56108 20.74398 -59.050 200.930 11.890 5.386e+10 3.822e+10 -3.051e+09 0.02746 431496 431496 679198 4912 71 431478 431511 5.78262 209730000000 219260000000 209730000000 162060000000 123930000000 12.9907 0 0.02258 0.48997 0.36621 -11.6998 1.64555 21.5452 0.48964 0.37146 -8.46087 1.66014 20.8689 0.4313 363600000000 76260000000
 0.8200   528201 0.8300   536796      1       -1       -1       -1  0 2.09700e+11 2.09700e+11 130.608000 6.622000 95.480000  1 0.6800 131.420000 29.20644 21.52789 20.74340 -58.470 199.140 11.540 5.235e+10 3.771e+10 -4.142e+09 0.02758 431497 431497 679198 3891 70 431478 431511 6.62232 209730000000 219260000000 200190000000 162060000000 114400000000 12.8782 0 0.02218 0.52178 0.32999 17.6783 0.27086 -12.8875 0.62277 0.26321 -10.6413 -1.95563 16.4574 0.4041 340600000000 85800000000
 0.8100   519560 0.8200   528201      1       -1       -1       -1  0 2.09700e+11 2.09700e+11 131.096000 7.379000 88.890000  1 0.6800 128.210000 29.22126 21.49804 20.74636 -60.220 193.270 13.140 6.721e+10 3.560e+10 1.509e+10 0.03310 431498 431498 679198 4958 69 431478 431511 7.37878 209730000000 209730000000 209730000000 162060000000 104860000000 8.88789 0 0.02671 0.53097 0.37729 16.0238 4.36134 -9.6027 0.34768 0.17932 17.2654 4.2052 -7.35433 0.3713 331200000000 66730000000
 0.8000   510881 0.8100   519560      1       -1       -1       -1  0 2.06533e+11 2.09700e+11 131.581000 7.515000 84.120000  1 0.6800 128.250000 29.23429 21.46418 20.74148 -58.960 191.710 12.880 6.533e+10 3.560e+10 1.318e+10 0.03212 431499 431499 679198 3961 68 431478 431511 7.51538 209730000000 209730000000 171590000000 171590000000 104860000000 12.0668 0 0.02614 0.77178 0.42269 19.1697 7.15317 -10.7518 0.86594 0.5009 16.2436 4.12226 -10.0729 0.3496 295100000000 85800000000
 0.7900   502238 0.8000   510881      1       -1       -1       -1  0 2.03367e+11 2.00200e+11 130.031000 13.806000 78.590000  1 0.6800 108.890000 29.20787 21.41366 20.75087 -57.900 193.770 16.100 9.179e+10 -1.655e+10 5.203e+09 0.03496 431500 431500 679198 4981 67 431478 431511 13.8058 200190000000 200190000000 200190000000 152530000000 0 21.436 0 0.03508 0.30335 0.08957 46.3802 16.2227 -16.4237 0.80804 0.00256 19.5765 -2.1395 -14.6246 0.4263 238100000000 76260000000
 0.7800   493601 0.7900   502238      1       -1       -1       -1  0 1.93833e+11 2.00200e+11 130.504000 17.806000 78.450000  1 0.6800 103.980000 29.21723 21.37816 20.74881 -58.130 193.430 7.640 2.222e+10 -4.138e+09 -2.948e+10 0.01319 431501 431501 679198 3970 66 431478 431511 17.8061 200190000000 200190000000 200190000000 133460000000 0 28.2999 0 0.01401 0.20174 0.06446 52.2977 19.699 -23.0108 0.14135 0.07647 48.9927 10.6858 -19.0244 0.4501 222700000000 133500000000
 0.7700   484925 0.7800   493601      1       -1       -1       -1  0 1.84300e+11 1.81100e+11 126.676000 6.245000 77.220000  1 0.6800 129.000000 29.26568 21.35701 20.73330 -56.630 188.740 8.700 3.436e+10 1.914e+10 -9.341e+08 0.02284 431502 431502 679198 5066 65 431478 431511 6.24521 181130000000 209730000000 162060000000 152530000000 85797000000 5.42672 0 0.01762 0.60207 0.26504 -8.48501 5.62497 11.9053 0.46734 0.08883 -8.51641 5.18183 11.3069 0.3015 268800000000 66730000000
 0.7600   476226 0.7700   484925      1       -1       -1       -1  0 1.77933e+11 1.71600e+11 124.857000 6.314000 78.670000  1 0.6800 126.390000 29.27487 21.31955 20.73074 -56.810 186.400 7.020 2.224e+10 3.103e+10 1.374e+10 0.02562 431503 431503 679198 5054 64 431478 431511 6.31392 171590000000 190660000000 171590000000 133460000000 95330000000 2.8235 0 0.01998 0.76459 0.39367 9.23724 3.34831 -7.31707 0.52899 0.403 8.52946 4.88604 -5.40594 0.3215 243600000000 66730000000
 0.7500   467489 0.7600   476226      1       -1       -1       -1  0 1.77933e+11 1.81100e+11 127.576000 17.893000 69.890000  1 0.6800 101.490000 29.25156 21.27685 20.75391 -55.590 188.970 3.070 2.063e+10 -4.945e+10 -3.770e+09 0.02200 431504 431504 679198 5075 63 431478 431511 17.8925 181130000000 209730000000 142990000000 85797000000 0 25.3709 0 0.02429 0.2792 0.10049 36.6796 16.7191 -29.8931 0.02905 0 -21.0048 -16.9274 32.8468 0.4258 187800000000 104900000000
 0.7400   458691 0.7500   467489      1       -1       -1       -1  0 1.77933e+11 1.71600e+11 125.735000 27.155000 60.670000  1 0.6800 93.640000 29.25678 21.22962 20.74019 -52.640 185.210 5.370 3.176e+10 1.931e+09 7.079e+08 0.01462 431505 431505 679198 5027 62 431478 431511 27.1555 171590000000 190660000000 142990000000 66731000000 0 33.6985 0 0.01583 0.06722 0 56.386 39.1228 -13.2698 0.62925 0.25867 33.1123 15.9026 -18.2644 0.3583 174200000000 143000000000
 0.7300   449865 0.7400   458691      1       -1       -1       -1  0 1.74767e+11 1.81100e+11 128.464000 43.924000 57.980000  1 0.6800 91.900000 29.26723 21.19080 20.73794 -55.770 176.160 7.300 1.300e+10 2.560e+10 -4.483e+09 0.01213 431506 431506 679198 3997 61 431478 431511 43.9239 181130000000 181130000000 133460000000 0 0 37.5207 4.97 0.01327 0.09203 0.03478 46.0479 34.7084 -18.6233 0 0 0 0 0 0.3337 165900000000 209700000000
 0.7200   441017 0.7300   449865      1       -1       -1       -1  0 1.68400e+11 1.71600e+11 126.601000 46.836000 61.240000  1 0.6800 90.390000 29.27791 21.15128 20.73566 -52.220 177.040 4.050 5.471e+10 -7.264e+09 -6.885e+09 0.02430 431507 431507 679198 5127 60 431478 431511 46.8355 171590000000 181130000000 123930000000 0 0 38.8327 5.4 0.02794 0.21944 0.12414 48.7787 27.7798 -10.4297 0 0 0 0 0 0.3793 156800000000 209700000000
 0.7100   432107 0.7200   441017      1       -1       -1       -1  0 1.52533e+11 1.52500e+11 122.138000 32.902000 62.230000  1 0.6800 89.250000 29.28883 21.11107 20.73333 -47.130 175.880 3.530 3.753e+10 6.738e+09 1.053e+10 0.02015 431508 431508 679198 4056 59 431478 431511 32.9021 152530000000 171590000000 114400000000 0 0 47.245 0 0.02431 0.16289 0.10755 53.1204 28.152 -12.8167 0 0 0 0 0 0.4219 151700000000 171600000000
 0.7000   423131 0.7100   432107      1       -1       -1       -1  0 1.52500e+11 1.33500e+11 117.211000 7.346000 56.710000  1 0.6800 113.020000 29.36070 21.09415 20.69732 -47.670 175.990 12.260 2.535e+10 1.032e+10 -1.082e+10 0.02929 431509 431509 679198 5254 58 431478 431511 7.34618 133460000000 142990000000 123930000000 114400000000 47665000000 12.7274 0 0.02272 0.50998 0.43193 -12.4124 12.5832 20.6385 0.55086 0.49294 -7.66742 12.9869 17.2808 0.2029 189800000000 28600000000
 0.6900   414134 0.7000   423131      1       -1       -1       -1  0 1.52500e+11 1.52500e+11 122.951000 30.777000 61.750000  1 0.6800 90.890000 29.31575 21.03844 20.74296 -47.590 174.540 8.850 2.607e+10 9.976e+09 1.016e+09 0.01475 431510 431510 679198 5222 57 431478 431511 30.7771 152530000000 152530000000 123930000000 0 0 38.1291 3.47 0.01735 0.48433 0.2634 40.2558 18.2225 -36.1372 0 0 0 0 0 0.4027 139600000000 152500000000
 0.6800   405126 0.6900   414134      0       -1       -1       -1  0 1.52500e+11 1.52500e+11 123.352000 30.887000 68.520000  1 0.6800 91.400000 29.32725 20.99615 20.74094 -45.370 170.270 6.740 -1.163e+10 4.939e+09 -9.510e+09 0.00774 431511 431511 679198 5217 56 431478 431511 30.8871 152530000000 152530000000 114400000000 0 0 45.5525 0 0.00988 0.0974 0.08292 55.7288 20.312 -38.6302 0 0 0 0 0 0.4844 138400000000 152500000000
