 1.0000   675517 0.0000       -1      1       -1       -1       -1  0 7.24500e+11 7.24500e+11 183.745000 10.101000 152.920000  1 0.2700 182.330000 14.24628 32.98843 41.08915 -143.900 27.510 475.930 1.325e+12 -6.545e+11 -8.062e+11 0.07628 249109 249109 675517 1032 88 249108 249190 10.1006 734040000000 800770000000 629180000000 486180000000 371790000000 19.8257 4.54 0.06866 0.92009 0.51805 -9.50702 12.7589 8.69993 0.76772 0.49735 -10.8963 11.8728 5.58602 0.5268 1117000000000 286000000000
 0.9900   667346 1.0000   675517      1       -1       -1       -1  0 7.24500e+11 7.15000e+11 183.706000 10.422000 147.650000  1 0.2700 180.490000 14.25907 32.98564 41.03659 -146.490 28.180 466.680 1.332e+12 -5.750e+11 -6.829e+11 0.07542 249110 249110 675517 1051 87 249108 249190 10.4222 743570000000 791240000000 648240000000 495720000000 333650000000 17.635 3.33 0.06707 0.8881 0.60253 17.688 -13.6453 -2.16605 0.77996 0.5351 16.9245 -10.2314 2.21837 0.5047 1054000000000 295500000000
 0.9800   659000 0.9900   667346      1       -1       -1       -1  0 7.24500e+11 7.24500e+11 185.292000 12.322000 143.070000  1 0.2700 174.270000 14.27589 32.97945 40.98735 -146.350 29.010 453.860 1.316e+12 -6.194e+11 -7.792e+11 0.07552 249111 249111 675517 1035 86 249108 249190 12.3219 753110000000 791240000000 648240000000 476650000000 295520000000 17.8313 8.84 0.06771 0.91504 0.73855 18.5483 -4.1765 14.2785 0.61316 0.45006 16.6472 -1.95899 13.9144 0.4903 977600000000 305100000000
 0.9700   650680 0.9800   659000      1       -1       -1       -1  0 7.24500e+11 7.15000e+11 185.245000 14.556000 140.490000  1 0.2700 166.820000 14.29010 32.98207 40.93217 -147.340 29.450 446.330 1.126e+12 -5.868e+11 -6.863e+11 0.06895 249112 249112 675517 330 85 249108 249190 14.5558 753110000000 791240000000 629180000000 457580000000 266920000000 16.3869 9.06 0.06071 0.84841 0.69732 6.89037 15.4536 12.4064 0.68091 0.47639 9.69572 11.9461 12.0776 0.4726 904500000000 333700000000
 0.9600   642378 0.9700   650680      1       -1       -1       -1  0 7.24500e+11 7.15000e+11 186.013000 12.232000 140.130000  1 0.2700 175.080000 14.30393 32.97044 40.88120 -152.220 29.760 440.030 1.147e+12 -6.191e+11 -6.650e+11 0.07191 249113 249113 675517 334 84 249108 249190 12.2322 724510000000 791240000000 657780000000 486180000000 228790000000 15.5536 5.09 0.06174 0.91931 0.78738 -2.12452 14.5617 -1.74039 0.87909 0.58364 4.38144 8.65052 7.34404 0.4571 941600000000 247900000000
 0.9500   634082 0.9600   642378      1       -1       -1       -1  0 7.24500e+11 7.15000e+11 186.780000 15.172000 137.140000  1 0.2700 166.520000 14.31719 32.97359 40.83481 -153.750 30.310 431.050 1.122e+12 -6.284e+11 -6.787e+11 0.07086 249114 249114 675517 1385 83 249108 249190 15.1721 724510000000 800770000000 657780000000 505250000000 276460000000 8.92055 5.35 0.06157 0.97414 0.84301 -5.51572 -4.85843 17.7368 0.9831 0.7885 7.53544 13.4028 3.4131 0.4514 869400000000 333700000000
 0.9400   625793 0.9500   634082      1       -1       -1       -1  0 7.24500e+11 7.05400e+11 186.708000 15.564000 132.320000  1 0.2700 165.280000 14.33916 32.96383 40.78083 -153.960 31.730 423.370 1.121e+12 -5.220e+11 -7.403e+11 0.07213 249115 249115 675517 2368 82 249108 249190 15.5636 714970000000 781710000000 629180000000 495720000000 257390000000 14.107 5.39 0.06261 0.90798 0.83602 12.0858 -14.4369 9.24344 0.96307 0.76913 16.3036 -1.92468 4.21236 0.4334 873500000000 362300000000
 0.9300   617478 0.9400   625793      1       -1       -1       -1  0 7.24500e+11 7.05400e+11 187.468000 12.995000 130.240000  1 0.2700 173.620000 14.35019 32.96845 40.72976 -155.030 32.060 414.680 1.097e+12 -5.457e+11 -7.567e+11 0.07355 249116 249116 675517 1386 81 249108 249190 12.9946 714970000000 772170000000 648240000000 486180000000 295520000000 8.63452 5.24 0.06275 0.91497 0.83049 12.5334 -14.7171 9.53786 0.90107 0.61527 8.44293 16.3366 4.57667 0.4157 921200000000 314600000000
 0.9200   609140 0.9300   617478      1       -1       -1       -1  0 7.24500e+11 7.24500e+11 189.908000 14.846000 131.700000  1 0.2700 170.520000 14.36160 32.96505 40.67896 -154.130 32.700 404.000 1.249e+12 -6.798e+11 -8.340e+11 0.08005 249117 249117 675517 360 80 249108 249190 14.8463 734040000000 772170000000 638710000000 495720000000 276460000000 5.7837 4.84 0.06894 0.89343 0.74055 12.0372 -9.30202 15.4617 0.79212 0.5278 11.6245 15.057 5.86742 0.4174 905300000000 343200000000
 0.9100   600790 0.9200   609140      1       -1       -1       -1  0 7.24500e+11 7.24500e+11 190.672000 15.592000 134.770000  1 0.2700 169.240000 14.37916 32.95833 40.63177 -157.570 33.240 399.690 1.245e+12 -6.574e+11 -8.189e+11 0.07977 249118 249118 675517 374 79 249108 249190 15.5916 734040000000 753110000000 591050000000 505250000000 285990000000 4.78369 1.43 0.06836 0.80341 0.65674 12.991 -3.76992 18.0565 0.84069 0.5815 13.449 11.5951 8.89753 0.4245 937900000000 362300000000
 0.9000   592442 0.9100   600790      1       -1       -1       -1  0 7.08600e+11 7.24500e+11 191.434000 14.512000 139.410000  1 0.2700 173.030000 14.39645 32.94582 40.58755 -156.910 35.020 390.000 1.355e+12 -7.621e+11 -8.652e+11 0.08856 249119 249119 675517 1402 78 249108 249190 14.5117 724510000000 753110000000 581510000000 505250000000 295520000000 11.7543 1.26 0.07494 0.94588 0.67231 1.57535 17.6601 5.88532 0.69528 0.4667 3.21691 17.2168 4.90793 0.433 921900000000 324100000000
 0.8900   584040 0.9000   592442      1       -1       -1       -1  0 6.92700e+11 6.76800e+11 187.883000 8.928000 143.630000  1 0.2700 192.470000 14.41195 32.94894 40.54204 -155.200 35.150 381.990 1.217e+12 -8.807e+11 -8.128e+11 0.10151 249120 249120 675517 1430 77 249108 249190 8.92766 676840000000 734040000000 610110000000 505250000000 295520000000 10.0638 0 0.08086 0.9552 0.76434 -6.45426 12.8119 -5.85575 0.74716 0.62172 -3.73157 14.5721 3.95266 0.4264 939800000000 228800000000
 0.8800   575661 0.8900   584040      1       -1       -1       -1  0 6.86400e+11 6.76800e+11 188.624000 11.730000 138.370000  1 0.2700 179.320000 14.42855 32.94815 40.49140 -154.880 37.050 374.670 1.181e+12 -7.905e+11 -7.928e+11 0.09376 249121 249121 675517 2441 76 249108 249190 11.7301 676840000000 734040000000 600580000000 514780000000 285990000000 15.7651 0 0.07733 0.93244 0.66448 -10.3113 13.9561 -1.4257 0.72061 0.63311 -5.02737 13.7856 3.25764 0.4236 845900000000 266900000000
 0.8700   567205 0.8800   575661      1       -1       -1       -1  0 6.86400e+11 6.76800e+11 189.362000 13.520000 135.350000  1 0.2700 173.630000 14.44915 32.94646 40.43433 -154.470 39.700 367.100 1.162e+12 -7.729e+11 -8.007e+11 0.09338 249122 249122 675517 1454 75 249108 249190 13.5201 676840000000 734040000000 619640000000 486180000000 295520000000 14.2389 2.48 0.07674 0.80913 0.62547 12.7943 -9.23088 12.5264 0.86542 0.46112 8.29776 -11.6211 8.04598 0.4102 869000000000 314600000000
 0.8600   558741 0.8700   567205      1       -1       -1       -1  0 6.86400e+11 6.57800e+11 188.295000 13.057000 134.350000  1 0.2700 173.940000 14.47073 32.93880 40.37914 -153.720 39.550 359.620 1.000e+12 -6.359e+11 -7.404e+11 0.08750 249123 249123 675517 1452 74 249108 249190 13.0566 657780000000 714970000000 629180000000 514780000000 314590000000 14.7637 0 0.07019 0.91345 0.58154 9.23023 -10.9202 12.2861 0.86467 0.31063 2.09704 16.309 -7.08995 0.3974 897900000000 314600000000
 0.8500   550306 0.8600   558741      1       -1       -1       -1  0 6.86400e+11 6.86400e+11 191.722000 12.263000 132.750000  1 0.2700 180.890000 14.49381 32.93608 40.32366 -154.600 40.980 350.750 9.017e+11 -6.940e+11 -6.807e+11 0.07735 249124 249124 675517 496 73 249108 249190 12.2631 686380000000 714970000000 610110000000 505250000000 343190000000 13.194 0 0.06227 0.76028 0.63107 -2.53602 17.3156 -12.6345 0.65327 0.39925 0.14364 16.6469 -11.0056 0.3846 943000000000 305100000000
 0.8400   541786 0.8500   550306      1       -1       -1       -1  0 6.86400e+11 6.86400e+11 192.456000 12.788000 134.500000  1 0.2700 179.810000 14.51954 32.92841 40.26549 -153.870 40.480 341.610 9.012e+11 -5.449e+11 -7.318e+11 0.07659 249125 249125 675517 1556 72 249108 249190 12.7879 686380000000 714970000000 619640000000 495720000000 333650000000 11.8492 1.03 0.06048 0.74754 0.65116 1.44786 13.5276 -11.5929 0.78121 0.62825 2.0675 12.0057 -9.83572 0.3802 893300000000 295500000000
 0.8300   533259 0.8400   541786      1       -1       -1       -1  0 6.86400e+11 6.76800e+11 192.287000 13.060000 134.330000  1 0.2700 178.690000 14.53744 32.92487 40.20321 -152.440 40.540 334.080 7.560e+11 -4.914e+11 -5.618e+11 0.06544 249126 249126 675517 3573 71 249108 249190 13.0595 676840000000 705440000000 610110000000 514780000000 324120000000 16.1696 0 0.05149 0.83477 0.77102 7.97572 -10.6862 11.8756 0.83596 0.7634 8.79495 -6.93177 11.1611 0.3779 885300000000 305100000000
 0.8200   524678 0.8300   533259      1       -1       -1       -1  0 6.86400e+11 6.86400e+11 193.913000 11.104000 132.740000  1 0.2700 188.640000 14.56482 32.91457 40.15837 -152.570 38.980 326.610 8.834e+11 -5.442e+11 -6.228e+11 0.07353 249127 249127 675517 1552 70 249108 249190 11.1045 686380000000 705440000000 600580000000 524310000000 314590000000 12.3427 0 0.05754 0.78406 0.73559 17.4711 -7.92367 10.1183 0.66386 0.44103 17.9913 -4.77343 9.70006 0.3668 914400000000 286000000000
 0.8100   516037 0.8200   524678      1       -1       -1       -1  0 6.86400e+11 6.86400e+11 194.637000 14.899000 126.870000  1 0.2700 175.630000 14.59011 32.90119 40.09848 -151.650 39.260 317.020 8.766e+11 -5.427e+11 -5.697e+11 0.07075 249128 249128 675517 510 69 249108 249190 14.8991 686380000000 695910000000 600580000000 505250000000 295520000000 13.6188 0 0.05625 0.88516 0.49014 -5.49089 15.2175 -10.0312 0.82904 0.30415 -2.84708 13.9213 -8.28926 0.3514 884700000000 324100000000
 0.8000   507366 0.8100   516037      1       -1       -1       -1  0 6.86400e+11 6.76800e+11 194.448000 15.601000 125.180000  1 0.2700 173.560000 14.61921 32.88807 40.04614 -150.490 40.440 309.020 7.404e+11 -4.743e+11 -5.018e+11 0.06227 249129 249129 675517 1597 68 249108 249190 15.6012 676840000000 695910000000 629180000000 486180000000 266920000000 10.9205 0 0.0497 0.88667 0.61655 3.58426 18.8369 -7.38802 0.83356 0.39246 12.332 13.8087 0.22863 0.3476 851500000000 333700000000
 0.7900   498732 0.8000   507366      1       -1       -1       -1  0 6.86400e+11 6.86400e+11 196.074000 15.744000 125.510000  1 0.2700 175.120000 14.65098 32.88385 40.00564 -151.250 40.010 301.640 8.050e+11 -6.719e+11 -4.299e+11 0.06814 249130 249130 675517 1605 67 249108 249190 15.7436 686380000000 695910000000 619640000000 486180000000 285990000000 10.7901 1.52 0.05459 0.71379 0.61898 -1.82611 15.0179 -14.0787 0.76264 0.56361 -0.4302 13.0701 -12.1677 0.3471 806600000000 314600000000
 0.7800   490093 0.7900   498732      1       -1       -1       -1  0 6.86400e+11 6.86400e+11 196.786000 16.395000 121.740000  1 0.2700 174.350000 14.67816 32.88394 39.94587 -150.350 38.270 295.060 7.994e+11 -6.603e+11 -4.212e+11 0.06825 249131 249131 675517 1609 66 249108 249190 16.3946 686380000000 695910000000 600580000000 467120000000 276460000000 7.08369 0 0.05416 0.75055 0.50293 9.14284 -8.7183 13.383 0.76339 0.54893 10.809 -6.0107 9.76089 0.3282 828100000000 333700000000
 0.7700   481400 0.7800   490093      1       -1       -1       -1  0 6.83200e+11 6.86400e+11 197.494000 15.084000 120.710000  1 0.2700 178.930000 14.70522 32.88115 39.89147 -147.110 38.470 289.230 9.382e+11 -6.189e+11 -4.908e+11 0.07521 249132 249132 675517 1614 65 249108 249190 15.0836 686380000000 695910000000 600580000000 476650000000 266920000000 7.61375 1.43 0.05963 0.65707 0.48911 12.3741 -5.5586 18.7785 0.49227 0.41972 13.368 -4.45516 15.043 0.3217 758300000000 305100000000
 0.7600   472698 0.7700   481400      1       -1       -1       -1  0 6.76833e+11 6.76800e+11 197.276000 14.877000 117.700000  1 0.2700 179.510000 14.73529 32.87312 39.83704 -145.920 38.110 282.050 8.144e+11 -5.650e+11 -4.216e+11 0.06796 249133 249133 675517 1608 64 249108 249190 14.8773 676840000000 705440000000 600580000000 476650000000 285990000000 5.76268 0 0.05386 0.72365 0.55616 12.8377 -1.31296 17.5295 0.65464 0.43937 13.4461 -0.35613 12.4871 0.3115 793600000000 324100000000
 0.7500   463959 0.7600   472698      1       -1       -1       -1  0 6.64100e+11 6.67300e+11 197.039000 13.291000 115.120000  1 0.2700 184.710000 14.76872 32.86717 39.77846 -144.730 37.150 276.890 8.311e+11 -4.934e+11 -3.250e+11 0.06675 249134 249134 675517 1623 63 249108 249190 13.2908 667310000000 695910000000 581510000000 457580000000 343190000000 5.16712 0 0.05246 0.84008 0.65923 13.9733 -7.38848 19.9496 0.85722 0.65824 17.7002 -6.03726 11.3382 0.2984 859900000000 286000000000
 0.7400   455169 0.7500   463959      1       -1       -1       -1  0 6.48233e+11 6.48200e+11 195.826000 13.373000 116.500000  1 0.2700 183.260000 14.80595 32.86372 39.73154 -145.320 35.570 270.150 7.611e+11 -3.564e+11 -2.114e+11 0.05993 249135 249135 675517 500 62 249108 249190 13.3733 648240000000 686380000000 552910000000 467120000000 276460000000 11.0051 1.04 0.04703 0.80767 0.54306 18.3016 -5.72393 15.9769 0.88592 0.56067 17.1709 -6.51046 10.5925 0.3043 747500000000 276500000000
 0.7300   446346 0.7400   455169      1       -1       -1       -1  0 6.26000e+11 6.29200e+11 194.557000 14.177000 118.350000  1 0.2700 179.370000 14.82986 32.84947 39.66812 -140.470 37.740 263.250 5.100e+11 -2.066e+11 -2.071e+11 0.04404 249136 249136 675517 1600 61 249108 249190 14.1769 629180000000 667310000000 543380000000 457580000000 295520000000 3.67847 0 0.03371 0.64678 0.46516 12.5952 -6.60397 15.2974 0.51842 0.38475 13.0221 -3.48698 13.032 0.3003 756600000000 295500000000
 0.7200   437472 0.7300   446346      1       -1       -1       -1  0 6.13300e+11 6.00600e+11 192.218000 11.526000 117.320000  1 0.2700 186.800000 14.85600 32.83947 39.60842 -137.940 39.410 258.250 4.171e+11 -2.509e+11 -1.944e+11 0.04324 249137 249137 675517 1620 60 249108 249190 11.5257 600580000000 657780000000 543380000000 457580000000 324120000000 5.14816 0 0.03264 0.69686 0.50355 16.293 -3.25971 17.8479 0.43618 0.36147 18.4437 -0.36218 17.5469 0.294 812700000000 238300000000
 0.7100   428534 0.7200   437472      1       -1       -1       -1  0 6.06933e+11 6.10100e+11 193.883000 13.449000 113.080000  1 0.2700 181.680000 14.88817 32.83001 39.54980 -136.180 38.000 250.710 3.628e+11 -2.278e+11 -2.201e+11 0.03865 249138 249138 675517 1625 59 249108 249190 13.449 610110000000 648240000000 543380000000 448050000000 285990000000 6.02601 0 0.02937 0.66856 0.54323 21.1725 6.54933 15.7612 0.51053 0.42434 18.8265 8.9196 15.888 0.2783 726100000000 276500000000
 0.7000   419556 0.7100   428534      1       -1       -1       -1  0 6.06933e+11 6.00600e+11 193.512000 15.265000 109.360000  1 0.2700 175.930000 14.92065 32.81774 39.48900 -135.700 40.500 243.500 4.985e+11 -1.737e+11 -1.796e+11 0.04595 249139 249139 675517 1640 58 249108 249190 15.2646 600580000000 629180000000 552910000000 448050000000 276460000000 7.24733 2.38 0.0351 0.73144 0.54064 16.7376 9.60691 8.26206 0.67279 0.29391 12.8574 11.7896 7.04114 0.2668 705000000000 295500000000
 0.6900   410559 0.7000   419556      1       -1       -1       -1  0 6.03767e+11 6.10100e+11 195.173000 15.701000 108.020000  1 0.2700 176.990000 14.95404 32.81681 39.43295 -132.760 39.070 236.940 4.521e+11 -2.183e+11 -2.230e+11 0.04468 249140 249140 675517 1659 57 249108 249190 15.7012 610110000000 619640000000 552910000000 457580000000 209730000000 8.00498 2.36 0.03387 0.85474 0.57464 12.634 17.2532 3.92945 0.82415 0.44554 8.22512 18.048 0.37115 0.2561 677300000000 257400000000
 0.6800   401545 0.6900   410559      1       -1       -1       -1  0 6.00567e+11 6.00600e+11 194.784000 13.752000 109.550000  1 0.2700 182.930000 14.98703 32.81149 39.36954 -129.860 37.960 230.390 4.381e+11 -2.323e+11 -1.386e+11 0.04390 249141 249141 675517 1652 56 249108 249190 13.7519 600580000000 619640000000 543380000000 419450000000 228790000000 17.8481 0 0.03277 0.81778 0.65287 8.59456 18.4443 3.19478 0.82044 0.66859 5.73687 15.8002 5.3422 0.2551 667200000000 228800000000
 0.6700   392558 0.6800   401545      1       -1       -1       -1  0 5.91033e+11 5.91000e+11 194.371000 13.996000 106.070000  1 0.2700 182.100000 15.02124 32.79606 39.30884 -126.620 37.870 224.400 4.408e+11 -2.270e+11 -2.066e+11 0.04686 249142 249142 675517 534 55 249108 249190 13.9959 591050000000 600580000000 533850000000 409920000000 247860000000 19.0605 0 0.03532 0.65429 0.47386 11.0221 15.2828 12.0901 0.62422 0.3951 8.63194 14.2628 11.4545 0.2468 680000000000 247900000000
 0.6600   383588 0.6700   392558      1       -1       -1       -1  0 5.84667e+11 5.81500e+11 193.935000 15.518000 103.460000  1 0.2700 177.470000 15.05056 32.76971 39.25135 -124.130 38.860 217.960 3.274e+11 -8.141e+10 -2.901e+11 0.03990 249143 249143 675517 558 54 249108 249190 15.5176 581510000000 581510000000 552910000000 448050000000 228790000000 13.9747 0 0.03024 0.76091 0.57063 22.5404 12.8015 8.51292 0.68438 0.41136 20.0317 3.60379 11.9626 0.2396 644400000000 247900000000
 0.6500   374528 0.6600   383588      1       -1       -1       -1  0 5.81500e+11 5.81500e+11 194.542000 19.212000 96.990000  1 0.2700 169.960000 15.08350 32.76272 39.20549 -121.360 33.600 212.770 4.612e+11 -8.203e+10 -1.937e+11 0.04597 249144 249144 675517 1694 53 249108 249190 19.2119 581510000000 581510000000 514780000000 448050000000 200190000000 11.9242 0 0.03466 0.75579 0.63656 16.3435 7.20442 16.4469 0.79293 0.67854 11.9213 4.53627 16.2809 0.2127 641600000000 324100000000
 0.6400   365444 0.6500   374528      1       -1       -1       -1  0 5.81500e+11 5.62500e+11 192.987000 17.642000 98.420000  1 0.2700 172.130000 15.11474 32.75101 39.13572 -118.110 31.270 207.670 4.028e+11 -5.351e+10 -1.930e+11 0.04381 249145 249145 675517 1669 52 249108 249190 17.6423 562450000000 562450000000 533850000000 428980000000 228790000000 13.2971 0 0.03272 0.85596 0.60164 4.78664 -4.98199 21.8245 0.69951 0.50051 3.32647 16.6881 -14.6859 0.2146 649300000000 286000000000
 0.6300   356320 0.6400   365444      1       -1       -1       -1  0 5.81500e+11 5.43400e+11 191.362000 16.152000 101.900000  1 0.2700 174.490000 15.14566 32.73458 39.09836 -117.590 30.560 201.140 3.725e+11 -8.919e+09 -1.462e+11 0.04225 249146 249146 675517 2750 51 249108 249190 16.1517 543380000000 543380000000 524310000000 428980000000 200190000000 17.1534 0 0.03103 0.91333 0.58379 11.4953 16.0732 13.5275 0.86111 0.57636 5.03428 20.7143 -6.77707 0.2223 644700000000 276500000000
 0.6200   347208 0.6300   356320      1       -1       -1       -1  0 5.81500e+11 5.43400e+11 191.936000 13.596000 101.910000  1 0.2700 183.420000 15.17639 32.73667 39.02735 -115.270 29.060 195.630 3.636e+11 -8.952e+09 -1.398e+11 0.04203 249147 249147 675517 1713 50 249108 249190 13.5958 543380000000 571980000000 524310000000 400390000000 266920000000 3.9125 0 0.03041 0.77239 0.55238 13.4675 11.7602 20.4075 0.79556 0.57771 13.4476 7.26441 17.637 0.2161 707200000000 228800000000
 0.6100   338073 0.6200   347208      1       -1       -1       -1  0 5.81500e+11 5.72000e+11 195.822000 16.569000 99.230000  1 0.2700 179.750000 15.20370 32.72868 38.97206 -111.380 27.510 191.580 3.644e+11 -7.243e+09 -2.430e+11 0.04309 249148 249148 675517 1692 49 249108 249190 16.5695 571980000000 581510000000 505250000000 409920000000 228790000000 4.97427 1.7 0.03159 0.82204 0.53613 7.35886 14.1674 9.4082 0.94276 0.54531 3.85865 9.28641 12.8141 0.2046 658600000000 286000000000
 0.6000   328904 0.6100   338073      1       -1       -1       -1  0 5.81500e+11 5.91000e+11 198.549000 16.863000 97.890000  1 0.2700 182.800000 15.24162 32.72725 38.91074 -105.900 27.810 183.580 3.449e+11 -3.190e+10 -2.739e+11 0.04080 249149 249149 675517 2709 48 249108 249190 16.8627 591050000000 591050000000 505250000000 409920000000 266920000000 6.20572 1.84 0.03036 0.83779 0.747 8.35297 18.2168 3.56274 0.93649 0.7394 5.34955 12.9282 9.59446 0.2003 633100000000 305100000000
 0.5900   319704 0.6000   328904      1       -1       -1       -1  0 5.71967e+11 5.81500e+11 198.040000 13.856000 94.740000  1 0.2700 192.090000 15.26612 32.70908 38.85138 -103.680 27.020 178.350 3.381e+11 -1.244e+11 -2.879e+11 0.04421 249150 249150 675517 2837 47 249108 249190 13.8563 581510000000 581510000000 514780000000 400390000000 219260000000 10.7866 0 0.0328 0.82737 0.47463 1.07365 -8.65961 20.259 0.65292 0.30809 -0.95603 -14.7689 16.4585 0.1893 551300000000 219300000000
 0.5800   310450 0.5900   319704      1       -1       -1       -1  0 5.62467e+11 5.43400e+11 194.157000 21.166000 86.870000  1 0.2700 170.380000 15.29489 32.69224 38.79773 -102.790 25.270 173.520 3.159e+11 -2.393e+09 -3.512e+11 0.04926 249151 249151 675517 1723 46 249108 249190 21.166 543380000000 571980000000 514780000000 371790000000 200190000000 24.5366 0.56 0.03789 0.54281 0.4006 -2.15071 -7.50507 20.7694 0.48573 0.34263 -2.68712 -7.64492 17.9833 0.1785 512800000000 266900000000
 0.5700   301218 0.5800   310450      1       -1       -1       -1  0 5.56133e+11 5.62500e+11 196.943000 28.263000 82.890000  1 0.2700 164.430000 15.34055 32.69312 38.72336 -98.150 27.140 168.360 4.101e+11 -5.528e+10 -3.264e+11 0.05099 249152 249152 675517 1726 45 249108 249190 28.2627 562450000000 571980000000 533850000000 390850000000 142990000000 12.7502 0 0.04021 0.49379 0.3633 -5.83051 -6.73129 28.7614 0.376 0.2264 -6.74225 -6.45973 23.6978 0.1668 524000000000 381300000000
 0.5600   291961 0.5700   301218      1       -1       -1       -1  0 5.52933e+11 5.62500e+11 197.475000 26.233000 80.150000  1 0.2700 168.060000 15.36390 32.67180 38.65894 -95.220 27.500 162.520 4.008e+11 -7.629e+10 -3.118e+11 0.04928 249153 249153 675517 1692 44 249108 249190 26.2331 562450000000 562450000000 505250000000 333650000000 123930000000 24.5837 0 0.03947 0.41554 0.30859 -0.8127 1.727 37.424 0.31543 0.21772 -1.26166 -6.14561 31.8064 0.1599 499500000000 333700000000
 0.5500   282705 0.5600   291961      1       -1       -1       -1  0 5.33833e+11 5.33800e+11 194.584000 30.542000 81.380000  1 0.2700 161.490000 15.40314 32.66473 38.59068 -90.980 25.510 158.790 5.486e+11 -2.128e+10 -2.919e+11 0.06650 249154 249154 675517 1688 43 249108 249190 30.542 533850000000 543380000000 495720000000 371790000000 133460000000 15.3783 2.17 0.05254 0.60398 0.39355 6.29346 4.69001 36.3927 0.62443 0.46271 8.43961 -6.88579 23.7139 0.16 500800000000 390900000000
 0.5400   273481 0.5500   282705      1       -1       -1       -1  0 5.30667e+11 5.05200e+11 191.542000 21.746000 83.300000  1 0.2700 169.960000 15.43196 32.66312 38.51312 -88.090 27.400 155.430 4.038e+11 -8.011e+10 -2.578e+11 0.05924 249155 249155 675517 3955 42 249108 249190 21.7461 505250000000 505250000000 495720000000 362250000000 171590000000 23.149 0 0.04534 0.45732 0.31766 9.48626 4.66658 26.1714 0.44887 0.33346 10.4764 0.99043 20.2377 0.1597 504400000000 257400000000
 0.5300   264232 0.5400   273481      1       -1       -1       -1  0 5.30667e+11 5.05200e+11 192.029000 19.927000 85.900000  1 0.2700 174.670000 15.46794 32.66076 38.45571 -86.090 25.060 149.870 4.585e+11 -3.556e+10 -2.174e+11 0.06374 249156 249156 675517 3937 41 249108 249190 19.9266 505250000000 514780000000 495720000000 400390000000 162060000000 23.3843 2.58 0.04787 0.60429 0.44207 10.9615 12.7028 21.9887 0.71993 0.50357 11.3661 9.72267 14.9026 0.1611 505600000000 257400000000
 0.5200   254984 0.5300   264232      1       -1       -1       -1  0 5.30667e+11 5.14800e+11 193.710000 18.916000 86.230000  1 0.2700 179.620000 15.50287 32.64972 38.39112 -83.890 22.090 143.740 4.398e+11 1.795e+10 -1.955e+11 0.05912 249157 249157 675517 2809 40 249108 249190 18.916 514780000000 514780000000 486180000000 343190000000 219260000000 24.8201 0 0.0443 0.63955 0.56849 7.44269 19.3213 22.975 0.71798 0.62312 5.11341 20.0234 14.5265 0.1585 488100000000 257400000000
 0.5100   245735 0.5200   254984      1       -1       -1       -1  0 5.30667e+11 5.14800e+11 194.181000 13.743000 91.560000  1 0.2700 195.740000 15.53575 32.64548 38.34663 -80.280 20.810 138.950 4.284e+11 1.422e+10 -2.057e+11 0.05968 249158 249158 675517 2761 39 249108 249190 13.7432 514780000000 514780000000 505250000000 352720000000 228790000000 11.1446 0 0.0441 0.67671 0.45785 5.48901 15.7089 16.4358 0.56313 0.48715 -1.79957 5.9664 17.4298 0.1698 548000000000 219300000000
 0.5000   236551 0.5100   245735      1       -1       -1       -1  0 5.30667e+11 5.14800e+11 194.642000 16.519000 89.440000  1 0.2700 188.790000 15.58006 32.62485 38.26944 -79.510 25.140 136.920 3.922e+11 -1.703e+10 -2.516e+11 0.05914 249159 249159 675517 2789 38 249108 249190 16.5186 514780000000 514780000000 457580000000 314590000000 219260000000 25.9305 0 0.04363 0.65494 0.54266 11.5996 9.37643 17.4901 0.65569 0.49182 10.2659 4.60805 15.9339 0.1605 539200000000 257400000000
 0.4900   227374 0.5000   236551      1       -1       -1       -1  0 5.30667e+11 5.24300e+11 196.289000 25.349000 83.640000  1 0.2700 174.940000 15.61481 32.61732 38.21860 -76.530 22.980 130.830 4.553e+11 -4.217e+10 -2.776e+11 0.06348 249160 249160 675517 3886 37 249108 249190 25.3491 524310000000 524310000000 467120000000 352720000000 123930000000 10.2327 1.44 0.04898 0.70843 0.57501 14.3601 9.00651 14.2546 0.78279 0.27776 9.39803 8.41947 16.0885 0.1524 493400000000 305100000000
 0.4800   218217 0.4900   227374      1       -1       -1       -1  0 5.30667e+11 4.86200e+11 191.842000 23.833000 79.640000  1 0.2700 173.480000 15.64408 32.60721 38.15602 -74.930 23.270 126.890 4.475e+11 -7.365e+09 -1.510e+11 0.06399 249161 249161 675517 3885 36 249108 249190 23.8332 486180000000 486180000000 448050000000 362250000000 66731000000 12.8698 0 0.04951 0.73625 0.43885 13.4217 17.2625 15.5101 0.73217 0.25153 4.52115 12.636 20.1969 0.1468 467300000000 314600000000
 0.4700   209076 0.4800   218217      1       -1       -1       -1  0 5.30667e+11 4.48100e+11 187.099000 22.261000 77.430000  1 0.2700 171.910000 15.68149 32.60773 38.08693 -72.510 24.820 124.880 3.126e+11 -3.369e+10 -1.243e+11 0.05343 249162 249162 675517 3885 35 249108 249190 22.2605 448050000000 448050000000 438520000000 324120000000 123930000000 9.06168 0 0.04098 0.69082 0.40303 11.0806 17.9374 25.9627 0.61222 0.14327 -9.56928 3.14449 29.6293 0.1418 438600000000 266900000000
 0.4600   199969 0.4700   209076      1       -1       -1       -1  0 5.30667e+11 4.57600e+11 188.818000 27.045000 74.050000  1 0.2700 168.660000 15.71969 32.60511 38.02827 -68.140 21.070 120.260 2.629e+11 -1.355e+10 -1.111e+11 0.04325 249163 249163 675517 7977 34 249108 249190 27.0453 457580000000 457580000000 448050000000 285990000000 152530000000 6.85937 0 0.03378 0.77592 0.56438 4.86495 24.0626 21.2556 0.548 0.49797 5.34404 20.2864 19.2669 0.1312 409500000000 266900000000
 0.4500   190929 0.4600   199969      1       -1       -1       -1  0 5.30667e+11 4.38500e+11 186.544000 32.641000 68.080000  1 0.2700 162.360000 15.72224 32.58871 37.96776 -63.260 17.490 116.010 2.311e+11 -1.123e+11 -1.030e+11 0.04509 249164 249164 675517 7911 33 249108 249190 32.6409 438520000000 438520000000 419450000000 276460000000 114400000000 27.7071 0 0.03547 0.66607 0.30124 0.56711 26.9694 7.35828 0.48944 0.23082 9.28012 26.3492 7.75553 0.1142 379600000000 286000000000
 0.4400   181894 0.4500   190929      1       -1       -1       -1  0 5.30667e+11 4.29000e+11 185.554000 37.590000 65.160000  1 0.2700 159.380000 15.76759 32.58255 37.91599 -59.340 18.600 109.030 2.416e+11 -1.125e+11 -8.610e+10 0.04773 249165 249165 675517 3788 32 249108 249190 37.59 428980000000 428980000000 400390000000 285990000000 85797000000 19.8993 0 0.03761 0.71333 0.45134 4.15488 17.8118 -7.09407 0.71394 0.25155 3.5893 14.6871 -5.27473 0.1043 379700000000 352700000000
 0.4300   172883 0.4400   181894      1       -1       -1       -1  0 5.30667e+11 4.48100e+11 188.630000 46.231000 62.340000  1 0.2700 159.670000 15.78445 32.54476 37.87079 -58.500 16.890 104.500 2.622e+11 -1.513e+11 -9.228e+10 0.04779 249166 249166 675517 7866 31 249108 249190 46.231 448050000000 438520000000 409920000000 209730000000 19066000000 43.4826 0.98 0.03995 0.775 0.37444 12.6839 27.1309 -3.44354 0.55158 0.12854 7.97052 30.4147 16.4197 0.1019 379900000000 438500000000
 0.4200   163936 0.4300   172883      1       -1       -1       -1  0 5.30667e+11 4.67100e+11 191.628000 31.161000 65.540000  1 0.2700 173.170000 15.85123 32.56141 37.79264 -58.400 14.240 99.910 2.879e+11 -1.698e+11 -1.159e+11 0.05124 249167 249167 675517 7788 30 249108 249190 31.1606 467120000000 467120000000 457580000000 333650000000 0 14.2391 0 0.04211 0.48518 0.38053 -18.691 -31.0867 41.0525 0.08602 0 -26.4163 -25.4663 40.6943 0.1026 415500000000 333700000000
 0.4100   155063 0.4200   163936      1       -1       -1       -1  0 5.30667e+11 4.76700e+11 193.273000 36.499000 68.080000  1 0.2700 172.230000 15.88465 32.55049 37.72932 -56.770 14.380 95.930 2.535e+11 -1.457e+11 -1.376e+11 0.04551 249168 249168 675517 7684 29 249108 249190 36.4985 476650000000 476650000000 476650000000 305060000000 0 14.2517 0 0.03762 0.41186 0.05887 2.89343 -44.9395 52.159 0.28849 0.2247 -10.2267 -38.5269 50.2793 0.109 432600000000 381300000000
 0.4000   146310 0.4100   155063      1       -1       -1       -1  0 5.30667e+11 4.38500e+11 188.305000 39.755000 68.590000  1 0.2700 166.850000 15.94433 32.50768 37.72629 -55.690 9.740 91.410 1.697e+11 -1.861e+11 -1.405e+11 0.04786 249169 249169 675517 3620 28 249108 249190 39.755 438520000000 438520000000 390850000000 247860000000 114400000000 46.3929 0 0.03902 0.60063 0.33191 5.55159 -10.3925 26.6531 0.67223 0.33444 3.52256 -3.43015 21.3931 0.1125 426300000000 362300000000
 0.3900   137638 0.4000   146310      1       -1       -1       -1  0 5.30667e+11 5.33800e+11 201.404000 62.060000 64.330000  1 0.2700 173.510000 16.00319 32.51031 37.66417 -54.890 6.080 91.030 2.511e+11 -1.600e+11 -2.291e+11 0.04266 249170 249170 675517 3576 27 249108 249190 62.0596 533850000000 533850000000 371790000000 228790000000 0 42.9118 0 0.03706 0.59541 0.4018 -18.1276 40.194 1.11387 0.25522 0.06537 -23.3046 37.3788 0.82531 0.0985 453000000000 591000000000
 0.3800   129177 0.3900   137638      1       -1       -1       -1  0 5.30667e+11 5.14800e+11 199.300000 36.786000 66.150000  1 0.2700 183.700000 16.02020 32.51624 37.54324 -53.780 10.550 84.590 2.307e+11 -5.413e+10 -2.345e+11 0.04263 249171 249171 675517 3522 26 249108 249190 36.7858 514780000000 505250000000 486180000000 314590000000 0 8.29437 0 0.03537 0.38516 0.13267 31.5772 -3.52758 51.2596 0.38597 0.1412 27.4101 1.47959 49.9923 0.093 459000000000 429000000000
 0.3700   120678 0.3800   129177      1       -1       -1       -1  0 5.24333e+11 5.43400e+11 203.240000 42.912000 70.740000  1 0.2700 185.880000 16.06934 32.50778 37.50393 -51.270 9.720 81.500 2.141e+11 -6.519e+10 -2.279e+11 0.03854 249172 249172 675517 7251 25 249108 249190 42.9121 543380000000 495720000000 486180000000 362250000000 85797000000 12.894 1.45 0.03135 0.40223 0.30915 28.5891 11.0603 12.3647 0.46395 0.28579 23.186 6.97014 7.89764 0.0946 447800000000 438500000000
 0.3600   112278 0.3700   120678      1       -1       -1       -1  0 5.17967e+11 5.14800e+11 199.907000 39.150000 71.860000  1 0.2700 186.840000 16.10297 32.51620 37.43630 -51.160 9.990 75.260 1.805e+11 -3.279e+10 -2.386e+11 0.04041 249173 249173 675517 3404 24 249108 249190 39.1502 514780000000 514780000000 476650000000 343190000000 9533000000 16.2897 0 0.03275 0.64757 0.4316 20.8906 10.6051 17.872 0.85977 0.13385 21.5629 11.3002 21.8609 0.0999 452700000000 448100000000
 0.3500   104028 0.3600   112278      1       -1       -1       -1  0 5.14767e+11 4.95700e+11 197.688000 35.702000 67.520000  1 0.2700 189.210000 16.16237 32.50729 37.36124 -49.250 6.010 71.640 2.190e+11 -8.303e+10 -2.243e+11 0.04590 249174 249174 675517 3308 23 249108 249190 35.7023 495720000000 495720000000 486180000000 257390000000 0 16.3772 0 0.03809 0.35867 0.18647 -4.32514 60.2517 13.198 0.40937 0.16004 -3.21632 50.8962 12.3235 0.0965 444100000000 409900000000
 0.3400    95967 0.3500   104028      1       -1       -1       -1  0 5.05233e+11 5.33800e+11 202.907000 64.235000 61.540000  1 0.2700 184.790000 16.18806 32.50559 37.31023 -44.930 1.480 70.120 2.584e+11 -1.009e+11 -2.332e+11 0.04354 249175 249175 675517 3218 22 249108 249190 64.2346 533850000000 533850000000 467120000000 257390000000 0 8.71333 0 0.03814 0.54158 0.2194 -31.3484 62.798 5.83043 0.17151 0.00862 19.8134 44.1707 11.5849 0.0877 450700000000 572000000000
 0.3300    88148 0.3400    95967      1       -1       -1       -1  0 4.89367e+11 4.86200e+11 196.933000 61.138000 55.730000  1 0.2700 181.940000 16.21969 32.52091 37.22253 -40.610 0.350 71.760 2.575e+11 -5.465e+09 -1.917e+11 0.04480 249176 249176 675517 3137 21 249108 249190 61.1383 486180000000 486180000000 409920000000 190660000000 0 22.9987 0 0.04006 0.54146 0.49228 -41.4477 41.8355 -11.4981 0.66061 0.32375 3.35643 33.7952 19.99 0.0775 408600000000 543400000000
 0.3200    80464 0.3300    88148      1       -1       -1       -1  0 4.54400e+11 4.48100e+11 191.879000 56.703000 51.980000  1 0.2700 180.350000 16.25892 32.48679 37.17247 -39.210 -2.980 67.750 2.536e+11 1.291e+09 -1.916e+11 0.05098 249177 249177 675517 3021 20 249108 249190 56.703 448050000000 400390000000 400390000000 0 0 9.82993 1.29 0.04611 0.50995 0.35528 -32.5439 60.6491 -40.1793 0 0 0 0 0 0.0714 367100000000 486200000000
 0.3100    73048 0.3200    80464      1       -1       -1       -1  0 4.54400e+11 3.14600e+11 170.741000 36.599000 53.880000  1 0.2700 168.260000 16.24181 32.53261 37.06982 -29.900 7.860 71.960 1.670e+11 1.813e+09 -6.656e+10 0.05627 249178 249178 675517 2933 19 249108 249190 36.5988 314590000000 305060000000 295520000000 209730000000 9533000000 21.1434 0.85 0.04774 0.56974 0.23034 38.6843 16.2642 8.05999 0.23928 0.04362 37.9365 9.5408 4.83704 0.0734 316200000000 266900000000
 0.3000    65846 0.3100    73048      1       -1       -1       -1  0 4.54400e+11 3.33700e+11 174.314000 42.694000 56.240000  1 0.2700 171.610000 16.32543 32.51274 37.01878 -32.140 1.540 62.560 1.753e+11 -2.305e+10 -1.057e+11 0.05735 249179 249179 675517 5817 18 249108 249190 42.6937 333650000000 333650000000 305060000000 133460000000 0 30.4567 0 0.0504 0.10379 0.02976 48.0508 -35.0137 30.833 0.10091 0 40.6488 -32.783 21.6542 0.0822 337800000000 333700000000
 0.2900    58907 0.3000    65846      1       -1       -1       -1  0 4.54400e+11 3.71800e+11 180.903000 55.111000 56.040000  1 0.2700 177.320000 16.36027 32.50414 36.97605 -30.650 0.320 60.470 2.262e+11 2.653e+10 -1.492e+11 0.06111 249180 249180 675517 5508 17 249108 249190 55.111 371790000000 371790000000 333650000000 0 0 31.0532 0 0.05653 0.07637 0 65.6297 -13.3199 59.7272 0 0 0 0 0 0.0873 316700000000 429000000000
 0.2800    52300 0.2900    58907      2       -1       -1       -1  0 4.54400e+11 2.76500e+11 164.052000 63.049000 50.090000  1 0.2700 161.390000 16.39459 32.50040 36.90792 -31.470 -9.230 55.060 8.744e+10 3.754e+10 -4.901e+10 0.03870 249181 249181 675517 2505 16 249108 249190 63.0487 276460000000 257390000000 257390000000 38132000000 0 36.5376 2.24 0.03705 0 0 49.9763 -0.65613 83.8966 0.62906 0.32838 -9.80466 33.1523 14.5047 0.0896 302300000000 448100000000
 0.2700    46011 0.2800    52300      1       -1       -1       -1  0 2.73300e+11 2.76500e+11 164.201000 29.954000 47.660000  1 0.2200 176.260000 16.34795 32.44872 36.70373 -22.630 19.160 54.620 5.711e+10 1.944e+10 -3.941e+10 0.03073 249182 249182 675517 2327 15 249188 249187 29.9542 276460000000 276460000000 266920000000 200190000000 19066000000 10.1223 0 0.02538 0.75585 0.39126 27.0106 31.8525 5.08353 0.26779 0.1833 4.85495 38.095 -4.39284 0.0571 239900000000 200200000000
 0.2700    46012 0.2800    52300      1       -1       -1       -1  0 1.81100e+11 1.81100e+11 142.614000 52.425000 31.820000  0 0.2500 142.920000 16.52695 32.56338 36.91598 -37.180 -29.010 47.380 -2.060e+10 -3.148e+09 1.195e+10 0.01804 249183 249188 675517 2328 15 249108 249190 52.4253 181130000000 171590000000 142990000000 28599000000 0 11.4563 1.63 0.01712 0.07246 0 62.0102 8.15349 53.8264 0.35344 0.22495 35.8481 11.2685 24.1139 0.0421 148400000000 190700000000
 0.2600    40062 0.2700    46011      1       -1       -1       -1  0 2.51033e+11 2.66900e+11 162.430000 36.758000 40.660000  1 0.2200 172.350000 16.39656 32.41498 36.63098 -24.400 22.760 50.810 3.603e+10 8.260e+09 -2.402e+10 0.01941 249184 249183 675517 1588 14 249108 249187 36.7578 266920000000 257390000000 257390000000 133460000000 0 18.7171 0 0.01677 0.57332 0.26523 19.1775 40.7197 30.1307 0.20248 0 15.1804 31.6558 48.408 0.0484 227700000000 247900000000
 0.2600    40063 0.2700    46012      1       -1       -1       -1  1 1.66800e+11 1.66800e+11 138.862000 34.841000 36.520000  1 0.2500 151.740000 16.53739 32.57182 36.89637 -23.200 -19.560 63.830 -2.116e+10 -5.486e+09 8.444e+09 0.02328 249185 249189 675517 5594 14 249108 249190 42.0989 166830000000 157290000000 142990000000 57198000000 23832500000 17.2183 2.355 0.020185 0.26265 0.18553 29.9976 -1.38365 43.0207 0.44193 0.19771 14.8041 0.98035 22.5676 0.0469 139850000000 138250000000
 0.2500    34487 0.2600    40062      1       -1       -1       -1  0 2.19233e+11 2.09700e+11 150.003000 30.330000 42.440000  1 0.2200 164.480000 16.43392 32.38453 36.53801 -29.010 24.000 46.710 -1.835e+09 -1.135e+10 -6.733e+09 0.00916 249186 249184 675517 4167 13 249108 249187 30.33 209730000000 209730000000 209730000000 123930000000 9533000000 18.0713 0 0.00772 0.14681 0.06126 25.6668 43.4731 44.6806 0.55382 0 15.3062 8.32074 14.4179 0.0518 185100000000 190700000000
 0.2500    34488 0.2600    40063      0       -1       -1       -1  0 1.52500e+11 1.52500e+11 134.896000 17.257000 40.250000  1 0.2500 159.640000 16.60192 32.64376 36.75620 -26.190 -20.240 47.440 -2.171e+10 -7.824e+09 4.938e+09 0.02853 249187 249190 675517 4168 13 249108 249190 17.2567 152530000000 142990000000 142990000000 85797000000 47665000000 22.9802 3.08 0.02325 0.45284 0.37106 -2.01491 -10.9208 32.2151 0.53042 0.17047 -6.23997 -9.30784 21.0212 0.0517 131300000000 85800000000
 0.2400    29261 0.2500    34487      1       -1       -1       -1  0 1.77933e+11 1.81100e+11 142.954000 30.849000 38.780000  1 0.2200 158.440000 16.43932 32.36817 36.51759 -25.060 20.210 43.070 2.408e+09 7.108e+08 -9.935e+09 0.00839 249188 249185 675517 1526 12 249108 249187 30.8493 181130000000 181130000000 181130000000 47665000000 0 48.932 0 0.00774 0.39602 0.03847 -11.1234 8.32906 59.3928 0.56256 0.15253 -2.60469 11.2117 50.4773 0.0581 158500000000 152500000000
 0.2300    24440 0.2400    29261      1       -1       -1       -1  0 1.49333e+11 1.43000e+11 132.213000 18.953000 33.270000  1 0.2200 159.320000 16.51011 32.30864 36.42096 -18.820 16.920 38.180 7.944e+09 -1.990e+09 -6.484e+09 0.01399 249189 249186 675517 1396 11 249108 249187 18.9527 142990000000 133460000000 133460000000 95330000000 9533000000 19.289 0 0.01194 0.20184 0.04291 10.5841 -21.391 27.6706 0.06862 0 16.6817 -14.4755 29.5333 0.0405 141900000000 85800000000
 0.2200    20017 0.2300    24440      0       -1       -1       -1  0 1.23900e+11 1.23900e+11 126.133000 24.175000 29.060000  1 0.2200 148.080000 16.54728 32.28055 36.35063 -16.910 18.010 33.030 8.966e+09 -2.874e+09 6.856e+08 0.01517 249190 249187 675517 1753 10 249108 249187 24.1748 123930000000 123930000000 123930000000 66731000000 0 23.4146 0 0.014 0.53814 0.03455 -7.06721 4.72543 30.1419 0.60593 0.03854 -8.52998 -0.05318 28.715 0.0414 114400000000 85800000000
