 1.0000   681620 0.0000       -1      2       -1       -1       -1  0 3.63533e+12 3.60400e+12 313.648000 55.957000 254.360000  1 0.8000 259.200000 60.13610 60.13245 43.83606 299.750 -245.240 78.850 -2.023e+13 1.051e+13 -1.448e+12 0.06098 131387 131387 681620 7135 88 131386 131584 36.5815 3603500000000 3994300000000 2907600000000 1954300000000 1077200000000 25.2145 13.73 0.0643 0.81454 0.55759 -16.4087 -16.4131 17.6162 0.87148 0.60131 -8.88905 -5.19476 18.284 0.5932 3713000000000 2841000000000
 0.9900   673513 1.0000   681620      1       -1       -1       -1  0 3.63533e+12 3.61300e+12 315.247000 59.846000 250.110000  1 0.8000 250.500000 60.10921 60.15908 43.82061 279.050 -261.480 77.680 -2.225e+13 1.207e+13 -4.058e+12 0.06831 131388 131388 681620 7135 87 131507 131506 44.6839 3613000000000 3984800000000 2898000000000 2021000000000 981900000000 31.5916 35.23 0.07204 0.79515 0.56798 -16.9418 -11.0109 19.3886 0.70202 0.63422 -9.69798 -1.37249 17.4196 0.5833 3707000000000 2965000000000
 0.9900   673514 1.0000   681620      1   673513   673513       -1  0 3.81300e+11 3.81300e+11 148.979000 9.681000 131.470000  0 0.3100 141.130000 60.06139 60.12959 43.87760 409.070 -89.550 -27.610 3.392e+11 1.097e+11 1.435e+11 0.04402 131389 131507 681620 7136 87 131386 131584 9.68141 2478600000000 2478600000000 2478600000000 1811300000000 162060000000 24.1177 6.78 0.04582 0.56703 0.29401 11.0277 18.5643 -9.46375 0.29251 0.18992 10.7875 21.555 -2.34501 0.6228 526000000000 152500000000
 0.9800   665068 0.9900   673513      1       -1       -1       -1  0 3.63533e+12 3.64200e+12 317.401000 56.818000 246.230000  1 0.8000 245.460000 60.08218 60.19272 43.81629 285.470 -259.710 82.870 -2.278e+13 1.140e+13 -4.412e+12 0.06801 131390 131389 681620 7169 86 131386 131506 52.2244 3641600000000 4003900000000 2879000000000 2021000000000 896100000000 31.2664 34.38 0.07191 0.70072 0.48699 -23.4824 -19.6811 21.0058 0.62286 0.44922 -18.986 -9.95283 18.731 0.5746 3695000000000 2803000000000
 0.9800   665069 0.9900   673514      1   665068   665068   673513  0 3.36833e+11 3.24100e+11 141.714000 9.715000 111.510000  1 0.3100 132.240000 60.01694 60.15819 43.88133 402.830 -114.440 -6.500 1.014e+11 2.427e+11 1.270e+11 0.04853 131391 131508 681620 7170 86 131386 131584 9.71496 2249800000000 2249800000000 2249800000000 1658700000000 162060000000 9.31084 0 0.04579 0.73105 0.53441 13.5399 20.4118 -8.01064 0.53027 0.3765 8.68442 22.5613 -1.12626 0.5126 460600000000 123900000000
 0.9700   656665 0.9800   665068      1       -1       -1       -1  0 3.63533e+12 3.63200e+12 318.445000 52.586000 242.410000  1 0.8000 247.590000 60.05263 60.21764 43.79685 277.020 -259.170 72.280 -2.540e+13 1.427e+13 -5.537e+12 0.07841 131392 131390 681620 6147 85 131386 131506 50.405 3632100000000 3975300000000 2869400000000 1992400000000 953300000000 40.688 37.43 0.08312 0.65161 0.45806 -25.2443 -21.1767 25.5263 0.54098 0.42145 -19.2262 -9.35727 24.3189 0.567 3660000000000 2622000000000
 0.9700   656666 0.9800   665069      1   656665   656665   665068  0 3.55900e+11 3.05100e+11 139.458000 7.849000 110.220000  1 0.3100 137.000000 59.97267 60.17568 43.88570 379.560 -130.510 39.090 1.300e+11 -1.407e+10 6.145e+10 0.02864 131393 131509 681620 6148 85 131386 131584 7.84861 2164000000000 2164000000000 2164000000000 924700000000 181130000000 4.69412 0 0.02514 0.56239 0.54129 5.01869 21.7662 -1.58657 0.60553 0.35979 3.3308 20.1588 -0.56718 0.4807 488400000000 95330000000
 0.9600   648321 0.9700   656665      1       -1       -1       -1  0 3.61300e+12 3.63200e+12 319.765000 59.886000 239.550000  1 0.8000 239.830000 60.02512 60.24692 43.78544 283.250 -251.870 69.020 -2.455e+13 1.340e+13 -5.947e+12 0.07550 131394 131391 681620 7172 84 131386 131506 63.4886 3632100000000 3918100000000 2917100000000 1906600000000 753110000000 46.199 32.06 0.08039 0.66718 0.46424 -20.9171 -18.2285 23.0109 0.62866 0.52096 -12.3169 -7.21457 20.2628 0.5621 3696000000000 2917000000000
 0.9600   648322 0.9700   656666      1   648321   648321   656665  0 3.87667e+11 4.38500e+11 158.043000 12.857000 131.080000  1 0.3100 140.980000 59.93079 60.19340 43.89010 341.810 -115.810 59.520 7.976e+10 1.915e+11 9.900e+10 0.02195 131395 131510 681620 7173 84 131386 131584 12.8574 2507200000000 2507200000000 2507200000000 591050000000 162060000000 18.0425 8.08 0.02191 0.82674 0.4574 -14.9399 0.9219 17.5716 0.57741 0.39162 4.49061 17.7614 6.98444 0.5691 580800000000 219300000000
 0.9500   639983 0.9600   648321      1       -1       -1       -1  0 3.60033e+12 3.57500e+12 319.389000 71.567000 237.850000  1 0.8000 241.330000 60.00169 60.28321 43.77765 279.750 -255.060 53.840 -2.429e+13 1.414e+13 -7.013e+12 0.07874 131396 131392 681620 7196 83 131386 131506 59.8209 3574900000000 3918100000000 2926600000000 1696900000000 676840000000 51.1104 39.51 0.08388 0.62976 0.42515 25.2498 23.8807 -22.0534 0.72194 0.62275 -11.9352 -11.0978 17.8362 0.5592 3690000000000 3298000000000
 0.9500   639984 0.9600   648322      1   639983   639983   648321  1 4.19433e+11 4.19400e+11 156.333000 11.927000 127.810000  1 0.3100 141.660000 59.89483 60.20618 43.88260 329.310 -121.950 79.010 3.516e+10 2.546e+11 1.386e+11 0.03345 131397 131511 681620 8260 83 131386 131584 11.9988 2383250000000 2383250000000 2383250000000 719745000000 209725000000 15.4249 7.745 0.031295 0.69315 0.47411 0.594615 4.77283 1.84057 0.618935 0.382715 6.78974 14.0316 -2.7687 0.5393 582300000000 195450000000
 0.9400   631665 0.9500   639983      1       -1       -1       -1  0 3.58433e+12 3.59400e+12 321.267000 74.923000 239.440000  1 0.8000 244.720000 59.96793 60.30589 43.77193 277.440 -251.880 49.040 -2.514e+13 1.505e+13 -8.648e+12 0.08321 131398 131393 681620 7199 82 131386 131506 56.7196 3593900000000 3899000000000 3069600000000 1715900000000 714970000000 49.513 42.74 0.08797 0.61381 0.3925 20.3649 21.6027 -14.9916 0.81675 0.59039 -10.6316 -10.9541 12.883 0.5562 3775000000000 3470000000000
 0.9400   631666 0.9500   639984      1   631665   631665   639983  0 3.43167e+11 4.00400e+11 154.585000 10.996000 124.360000  1 0.3100 142.330000 59.86120 60.22926 43.86030 301.490 -128.960 99.740 -9.436e+09 3.177e+11 1.783e+11 0.04494 131399 131512 681620 7200 82 131386 131584 10.9958 2259300000000 2259300000000 2259300000000 848440000000 257390000000 12.8073 7.41 0.04068 0.55956 0.49082 16.1291 8.62375 -13.8904 0.66046 0.37381 9.08887 10.3018 -12.5218 0.5095 583800000000 171600000000
 0.9300   623332 0.9400   631665      1       -1       -1       -1  0 3.58433e+12 3.56500e+12 321.717000 91.643000 240.090000  1 0.8000 242.350000 59.94144 60.33613 43.76891 286.100 -228.290 41.450 -2.288e+13 1.524e+13 -7.284e+12 0.07879 131400 131394 681620 7223 81 131386 131506 60.8565 3574900000000 3822700000000 3088700000000 1763600000000 753110000000 52.6608 35.83 0.08329 0.53861 0.34668 24.7067 27.057 -15.4763 0.75706 0.52368 -12.3133 -15.005 10.5576 0.5574 3751000000000 3727000000000
 0.9300   623333 0.9400   631666      1   623332   623332   631665  0 4.51233e+11 2.09700e+11 125.120000 7.070000 96.220000  1 0.3100 122.340000 59.82526 60.24893 43.84642 284.690 -161.990 101.710 9.151e+10 1.564e+11 2.237e+11 0.10666 131401 131513 681620 7222 81 131386 131584 7.07008 1525300000000 1525300000000 1525300000000 915170000000 305060000000 9.56306 0 0.09476 0.74609 0.57229 -9.43158 -5.32152 13.952 0.76681 0.41934 -6.98748 -1.9516 13.733 0.4741 346200000000 57200000000
 0.9200   614986 0.9300   623332      1       -1       -1       -1  0 3.56833e+12 3.59400e+12 323.881000 74.347000 240.150000  1 0.8000 242.330000 59.90785 60.36570 43.76556 291.160 -216.090 39.250 -2.303e+13 1.538e+13 -8.069e+12 0.07916 131402 131395 681620 7243 80 131386 131506 63.9581 3593900000000 3756000000000 3022000000000 1763600000000 772170000000 54.4417 39.69 0.08361 0.432 0.34031 29.9966 35.1454 -18.7589 0.58014 0.52173 13.8086 20.632 -14.2538 0.5543 3711000000000 3413000000000
 0.9200   614987 0.9300   623333      1   614986   614986   623332  0 5.24300e+11 7.43600e+11 191.559000 21.410000 161.430000  1 0.3100 158.480000 59.78540 60.26550 43.83609 212.550 -179.100 184.970 -4.325e+11 9.413e+11 -5.198e+11 0.04031 131403 131514 681620 7242 80 131386 131584 21.4096 2802700000000 2802700000000 2688300000000 1124900000000 247860000000 17.9825 4.01 0.04642 0.66015 0.50524 22.8112 17.1263 2.78798 0.74798 0.4627 20.5677 10.4018 -2.46263 0.6491 880400000000 457600000000
 0.9100   606611 0.9200   614986      1       -1       -1       -1  0 3.54300e+12 3.54600e+12 323.740000 76.375000 241.350000  1 0.8000 242.770000 59.88162 60.39948 43.76788 287.620 -200.060 32.350 -2.351e+13 1.848e+13 -6.412e+12 0.08479 131404 131396 681620 7257 79 131386 131506 62.6698 3555800000000 3756000000000 3031500000000 1811300000000 714970000000 60.698 45.03 0.09098 0.40014 0.32686 27.9102 31.8332 -10.083 0.55457 0.49677 17.2588 19.9256 -4.68735 0.5654 3603000000000 3432000000000
 0.9100   606612 0.9200   614987      1   606611   606611   614986  0 6.89533e+11 6.19600e+11 180.989000 21.964000 147.360000  1 0.3100 147.140000 59.75352 60.28841 43.81909 181.020 -210.190 197.470 -5.582e+11 7.146e+11 -3.686e+11 0.04732 131405 131515 681620 7256 79 131386 131584 21.9637 2678800000000 2678800000000 2678800000000 1182100000000 228790000000 23.4153 3.71 0.05332 0.69833 0.5675 14.8677 21.1581 10.6377 0.7462 0.535 14.7632 11.9118 8.66232 0.6232 755600000000 381300000000
 0.9000   598234 0.9100   606611      1       -1       -1       -1  0 3.48267e+12 3.48900e+12 323.277000 55.905000 243.580000  1 0.8000 247.340000 59.84163 60.42625 43.76987 283.140 -194.360 31.760 -2.384e+13 1.755e+13 -5.042e+12 0.08762 131406 131397 681620 7236 78 131386 131506 54.6524 3489100000000 3765500000000 3060100000000 1935200000000 724510000000 51.2435 44.08 0.09209 0.4643 0.34396 26.0377 33.9574 -4.34255 0.63579 0.44681 14.5289 21.1681 -3.09356 0.5607 3622000000000 2784000000000
 0.9000   598235 0.9100   606612      1   598234   598234   606611  0 6.67267e+11 7.05400e+11 189.740000 19.224000 159.510000  1 0.3100 160.170000 59.72525 60.31033 43.80314 154.350 -233.390 206.010 -5.200e+11 1.066e+12 -3.958e+10 0.04668 131407 131516 681620 7235 78 131386 131584 19.2243 2783600000000 2783600000000 2764600000000 1344200000000 371790000000 34.2908 2.91 0.05227 0.76929 0.63993 12.2651 20.1383 13.4545 0.73159 0.52348 15.0238 14.6454 11.0578 0.6387 846000000000 371800000000
 0.8900   589821 0.9000   598234      1       -1       -1       -1  0 3.43833e+12 3.41300e+12 322.178000 57.638000 248.480000  1 0.8000 253.030000 59.79945 60.45245 43.76637 292.640 -181.820 25.800 -2.347e+13 1.858e+13 -6.677e+12 0.09435 131408 131398 681620 7302 77 131386 131506 46.6374 3441400000000 3717900000000 2983800000000 2125900000000 705440000000 45.2498 59.75 0.09793 0.49258 0.35925 24.5694 36.937 2.27371 0.47345 0.38015 19.1811 26.5549 -2.11632 0.5666 3726000000000 2860000000000
 0.8900   589822 0.9000   598235      1   589821   589821   598234  0 7.14933e+11 6.76800e+11 187.883000 16.782000 162.810000  1 0.3100 163.160000 59.70879 60.33711 43.78003 131.010 -249.400 209.070 -8.947e+11 1.125e+12 1.413e+11 0.06259 131409 131517 681620 7301 77 131386 131584 16.782 2802700000000 2802700000000 2802700000000 2087700000000 457580000000 32.5228 2.45 0.0684 0.62768 0.50919 3.5615 15.2318 13.9421 0.69932 0.40049 4.48706 13.9156 10.3459 0.6407 847100000000 333700000000
 0.8800   581436 0.8900   589821      1       -1       -1       -1  0 3.39700e+12 3.41300e+12 323.448000 52.687000 250.520000  1 0.8000 256.900000 59.75338 60.47708 43.76903 286.560 -172.040 10.580 -2.516e+13 1.863e+13 -6.313e+12 0.09966 131410 131399 681620 7275 76 131386 131506 43.9856 3450900000000 3603500000000 2993400000000 2202100000000 781710000000 41.5685 73.39 0.10238 0.41603 0.33048 20.0053 44.2022 12.3217 0.34242 0.28606 16.5781 36.2285 7.20115 0.5644 3714000000000 2717000000000
 0.8800   581437 0.8900   589822      1   581436   581436   589821  0 8.16467e+11 7.62600e+11 196.279000 14.585000 176.510000  1 0.3100 178.190000 59.69386 60.36927 43.75396 108.810 -301.960 183.030 -1.264e+12 8.543e+11 -4.707e+11 0.05696 131411 131518 681620 7274 76 131386 131584 14.5845 2879000000000 2879000000000 2859900000000 2259300000000 600580000000 28.852 7.97 0.06219 0.87988 0.59498 5.75309 20.1834 15.6233 0.73188 0.6206 3.88753 16.3744 15.9753 0.6611 958300000000 333700000000
 0.8700   572959 0.8800   581436      1       -1       -1       -1  0 3.36200e+12 3.36500e+12 323.195000 30.920000 252.030000  1 0.8000 273.590000 59.70222 60.47963 43.76069 273.740 -163.370 31.120 -2.103e+13 1.412e+13 -4.121e+12 0.08851 131412 131400 681620 6332 75 131386 131506 32.2309 3374700000000 3574900000000 3022000000000 2373700000000 924700000000 20.881 56.24 0.08452 0.53434 0.34841 9.66864 31.5683 17.1559 0.38048 0.30886 10.0684 27.1456 11.4286 0.5325 3848000000000 1830000000000
 0.8700   572960 0.8800   581437      1   572959   572959   581436  0 9.59533e+11 1.01000e+12 216.425000 16.705000 190.050000  1 0.3100 191.580000 59.68032 60.41283 43.72699 101.600 -335.030 146.360 -1.642e+12 1.512e+12 -1.011e+12 0.05298 131413 131519 681620 6331 75 131386 131584 17.8054 2983800000000 2983800000000 2888500000000 2268900000000 838900000000 24.9794 3.85 0.05994 0.58886 0.46672 -3.54555 11.3509 21.0102 0.5549 0.4754 -3.34457 6.79201 18.1604 0.6662 1162000000000 467100000000
 0.8600   564493 0.8700   572959      1       -1       -1       -1  0 3.31467e+12 3.30800e+12 322.602000 30.766000 247.390000  1 0.8000 267.250000 59.65662 60.50088 43.76117 277.210 -157.240 53.460 -2.133e+13 1.410e+13 -4.707e+12 0.09292 131414 131401 681620 7393 74 131386 131506 35.5243 3317500000000 3489100000000 2993400000000 2354600000000 953300000000 20.9948 53.03 0.08844 0.5541 0.40675 -4.45887 23.1444 33.7721 0.41971 0.33298 -4.71421 18.5324 29.9489 0.5238 3692000000000 1697000000000
 0.8600   564494 0.8700   572960      1   564493   564493   572959  0 1.11200e+12 1.10600e+12 223.894000 16.450000 186.670000  1 0.3100 197.330000 59.67431 60.46465 43.69505 104.090 -353.580 115.660 -1.118e+12 1.879e+12 -4.702e+11 0.04852 131415 131520 681620 7392 74 131386 131584 18.7537 3031500000000 3031500000000 2869400000000 2192600000000 848440000000 4.67776 11.75 0.04725 0.74883 0.51309 0.31281 14.1807 20.28 0.77076 0.48418 -2.47414 5.39002 20.0275 0.5751 1389000000000 448100000000
 0.8500   556056 0.8600   564493      1       -1       -1       -1  0 3.31467e+12 3.23200e+12 321.337000 43.187000 235.210000  1 0.8000 260.570000 59.60662 60.50260 43.75201 278.910 -134.260 66.070 -2.118e+13 1.314e+13 -3.913e+12 0.09465 131416 131402 681620 7358 73 131386 131506 39.2606 3250800000000 3489100000000 2888500000000 2268900000000 838900000000 30.1715 69.65 0.08958 0.75295 0.4921 -13.7131 2.84744 30.4629 0.51028 0.41278 -12.9242 -0.77989 25.9805 0.4991 3508000000000 2231000000000
 0.8500   556057 0.8600   564494      1   556056   556056   564493  0 1.12167e+12 1.22000e+12 232.255000 28.398000 172.240000  1 0.3100 189.660000 59.65580 60.51325 43.68387 123.810 -353.500 83.950 -1.962e+12 2.295e+12 -1.136e+12 0.05974 131417 131521 681620 7357 73 131386 131584 27.4078 3041000000000 3041000000000 2783600000000 2106800000000 476650000000 8.65772 16.26 0.05807 0.74583 0.50844 9.73972 21.9559 15.7381 0.82408 0.51085 12.1204 15.5676 10.9055 0.5182 1379000000000 753100000000
 0.8400   547556 0.8500   556056      1       -1       -1       -1  0 3.31467e+12 3.10800e+12 318.389000 56.708000 224.300000  1 0.8000 247.220000 59.55728 60.49994 43.72237 279.370 -123.550 68.870 -1.749e+13 9.603e+12 -1.313e+12 0.07715 131418 131403 681620 7404 72 131386 131506 49.1097 3107800000000 3403300000000 2802700000000 1935200000000 619640000000 45.3117 78.41 0.07609 0.72434 0.39872 25.2736 30.1195 -15.5022 0.66672 0.36666 -20.1054 -16.451 20.4719 0.5023 3265000000000 2583000000000
 0.8400   547557 0.8500   556057      1   547556   547556   556056  0 1.13100e+12 1.03900e+12 220.984000 19.361000 145.410000  1 0.3100 188.210000 59.63475 60.56926 43.66712 135.100 -352.480 65.020 -8.408e+11 1.409e+12 7.269e+11 0.04929 131419 131522 681620 7403 72 131386 131584 21.4655 2859900000000 2859900000000 2736000000000 1944700000000 324120000000 6.61977 3.39 0.0424 0.57593 0.41456 16.4782 27.9141 19.9278 0.59038 0.41085 14.8952 23.0232 16.0339 0.3952 1230000000000 467100000000
 0.8300   539033 0.8400   547556      1       -1       -1       -1  0 3.31467e+12 3.02200e+12 316.629000 89.753000 218.380000  1 0.8000 239.050000 59.51369 60.51700 43.71463 280.790 -107.940 74.950 -1.905e+13 1.099e+13 -1.396e+12 0.08729 131420 131404 681620 7414 71 131386 131506 58.2401 3079200000000 3336500000000 2688300000000 1553900000000 610110000000 57.4071 92.59 0.08823 0.49892 0.33378 22.7145 30.2468 -11.9219 0.82553 0.63156 10.2811 20.059 -4.57786 0.5054 3058000000000 3289000000000
 0.8300   539034 0.8400   547557      1   539033   539033   547556  0 1.10900e+12 1.13400e+12 228.409000 31.426000 147.570000  1 0.3100 183.670000 59.62564 60.63474 43.65282 150.920 -344.760 41.960 -1.221e+12 1.801e+12 -4.604e+11 0.05033 131421 131523 681620 7415 71 131386 131584 29.1858 2831300000000 2831300000000 2554800000000 943770000000 266920000000 10.768 9.07 0.04558 0.48962 0.35554 13.3083 21.2847 14.8742 0.48512 0.25376 11.1585 17.3353 11.2943 0.4103 1171000000000 753100000000
 0.8200   530442 0.8300   539033      1       -1       -1       -1  0 3.31467e+12 2.97400e+12 316.141000 114.443000 210.740000  1 0.8000 229.960000 59.46228 60.53273 43.70355 277.610 -103.030 89.910 -2.134e+13 1.212e+13 -2.091e+12 0.09747 131422 131405 681620 6426 70 131386 131506 77.9408 2983800000000 3250800000000 2469000000000 1220200000000 610110000000 69.5487 95.74 0.10168 0.36423 0.25638 35.2356 46.0952 -16.6625 0.88401 0.65178 -4.59888 20.6778 9.21076 0.5056 2807000000000 3518000000000
 0.8200   530443 0.8300   539034      1   530442   530442   539033  0 1.14733e+12 1.15400e+12 230.546000 25.370000 147.560000  1 0.3100 189.700000 59.59044 60.69191 43.64595 166.180 -327.510 27.890 -1.352e+12 1.870e+12 -1.291e+12 0.06094 131423 131524 681620 6425 70 131386 131584 26.3458 2764600000000 2764600000000 2354600000000 905630000000 343190000000 7.4587 6.24 0.05293 0.56165 0.38423 10.055 20.9603 14.5181 0.59145 0.36886 10.911 16.6303 7.65524 0.3836 1254000000000 657800000000
 0.8100   521796 0.8200   530442      1       -1       -1       -1  0 3.31467e+12 2.84100e+12 312.502000 89.137000 205.200000  1 0.8000 233.420000 59.41907 60.55693 43.70470 275.710 -102.400 94.890 -2.217e+13 1.224e+13 -4.535e+11 0.10892 131424 131406 681620 7511 69 131386 131506 62.3477 2850400000000 3174500000000 2049600000000 1248800000000 657780000000 73.9059 93.03 0.11335 0.35042 0.22818 36.6506 49.6556 -14.8167 0.83171 0.6618 7.57456 15.3619 15.4958 0.497 2663000000000 3127000000000
 0.8100   521797 0.8200   530443      1   521796   521796   530442  0 1.13800e+12 1.15400e+12 231.407000 24.083000 151.470000  1 0.3100 190.410000 59.55250 60.74092 43.64558 173.960 -313.170 21.690 -1.384e+12 1.566e+12 -1.239e+12 0.05757 131425 131525 681620 7512 69 131386 131584 26.5103 2688300000000 2688300000000 1439500000000 934230000000 371790000000 7.663 7.4 0.04884 0.53438 0.41254 9.83514 19.9043 18.9903 0.58205 0.38111 10.2257 13.1797 15.9714 0.3827 1290000000000 629200000000
 0.8000   513112 0.8100   521796      1       -1       -1       -1  0 3.31467e+12 2.63100e+12 305.742000 143.696000 202.750000  1 0.8000 230.730000 59.36861 60.58384 43.69105 270.870 -104.930 96.050 -1.847e+13 9.586e+12 -1.018e+12 0.10234 131426 131407 681620 6477 68 131386 131506 57.043 2631100000000 3041000000000 1668300000000 1191600000000 648240000000 71.6323 84.96 0.10642 0.42457 0.283 30.7821 42.645 -7.91445 0.73983 0.6233 1.38963 17.3587 14.4714 0.5015 2560000000000 3766000000000
 0.8000   513113 0.8100   521797      1   513112   513112   521796  0 1.10933e+12 1.10600e+12 229.019000 23.472000 151.100000  1 0.3100 200.160000 59.53444 60.79280 43.63366 177.960 -305.340 11.830 -1.154e+12 1.385e+12 -8.332e+11 0.05175 131427 131526 681620 6478 68 131386 131584 20.0575 2125900000000 2125900000000 1229800000000 838900000000 448050000000 10.3925 7.03 0.04303 0.63084 0.49601 7.83544 22.4444 21.7145 0.68733 0.50632 10.9235 15.5681 16.5858 0.3768 1202000000000 581500000000
 0.7900   504466 0.8000   513112      1       -1       -1       -1  0 2.13867e+12 1.96400e+12 278.354000 49.941000 187.850000  1 0.3500 248.260000 59.31517 60.59826 43.67987 261.840 -107.900 99.230 -5.671e+12 3.108e+12 4.542e+12 0.07335 131428 131408 681620 7513 67 131386 131506 22.478 1963800000000 2755000000000 1572900000000 1163000000000 638710000000 28.0561 39.05 0.06602 0.70834 0.52234 11.8606 19.6637 10.4032 0.63135 0.53947 8.85844 13.712 9.64166 0.4336 2407000000000 1478000000000
 0.7900   504467 0.8000   513113      1       -1       -1   513112  0 1.17600e+12 1.06800e+12 227.186000 20.358000 150.490000  1 0.3100 195.370000 59.50263 60.84379 43.63205 181.600 -296.560 5.400 -4.223e+11 1.079e+12 -4.976e+11 0.03614 131429 131527 681620 7512 67 131386 131584 21.4065 1420400000000 1763600000000 1201200000000 800770000000 419450000000 6.62401 3.03 0.02909 0.55861 0.42536 3.14802 18.9876 18.2826 0.69191 0.53292 4.73785 12.9077 13.1923 0.3635 1202000000000 543400000000
 0.7800   495827 0.7900   504466      1       -1       -1       -1  0 1.85267e+12 1.82100e+12 272.413000 23.226000 174.680000  1 0.3500 233.600000 59.26561 60.62162 43.67194 254.600 -121.250 97.310 -2.665e+12 1.204e+12 5.549e+12 0.06850 131430 131409 681620 6459 66 131386 131506 26.0963 1820800000000 2202100000000 1553900000000 1001000000000 657780000000 22.0626 16.87 0.05972 0.82521 0.54029 14.9852 23.3385 14.0525 0.72943 0.55033 10.0443 16.5554 13.4951 0.3919 2296000000000 734000000000
 0.7800   495828 0.7900   504467      1       -1       -1       -1  0 1.17600e+12 1.03900e+12 225.957000 23.426000 145.320000  1 0.3100 191.520000 59.45678 60.88989 43.63833 186.180 -287.380 5.590 -2.794e+11 1.004e+12 -5.063e+11 0.03412 131431 131528 681620 6460 66 131386 131584 22.8011 1477600000000 1687300000000 1144000000000 819840000000 409920000000 12.7254 3.59 0.02808 0.48657 0.34157 3.62133 25.2111 24.6173 0.58332 0.25563 6.586 21.6002 18.3761 0.3597 1136000000000 600600000000
 0.7700   487149 0.7800   495827      1       -1       -1       -1  0 1.77300e+12 1.77300e+12 270.987000 41.645000 165.380000  1 0.3500 223.570000 59.21601 60.64746 43.66008 246.210 -129.290 99.660 -1.093e+12 1.045e+12 4.839e+12 0.05755 131432 131410 681620 7551 65 131386 131506 31.167 1773100000000 1887500000000 1506200000000 896100000000 552910000000 23.9447 10.23 0.05068 0.80908 0.48706 5.8793 25.2555 17.0104 0.63978 0.4304 7.12359 20.3288 12.2466 0.3733 2162000000000 1144000000000
 0.7700   487150 0.7800   495828      1       -1       -1       -1  0 1.17600e+12 1.08700e+12 230.186000 22.270000 148.260000  1 0.3100 196.400000 59.42303 60.93996 43.63583 189.160 -277.300 -9.320 -3.205e+11 1.030e+12 -2.347e+11 0.03042 131433 131529 681620 7550 65 131386 131584 22.6548 1391800000000 1582500000000 1096300000000 819840000000 390850000000 12.6859 6.58 0.02496 0.59211 0.55343 6.61109 19.5831 21.491 0.61737 0.6069 8.72857 15.6886 16.7228 0.3589 1197000000000 581500000000
 0.7600   478453 0.7700   487149      1       -1       -1       -1  0 1.72200e+12 1.72500e+12 269.494000 36.295000 154.870000  1 0.3500 213.080000 59.16385 60.66929 43.63913 243.250 -131.660 99.550 -6.196e+11 1.067e+12 4.342e+12 0.05447 131434 131411 681620 7555 64 131386 131506 38.805 1725500000000 1811300000000 1410900000000 877040000000 505250000000 28.5154 11.15 0.04745 0.8609 0.49197 5.15694 23.0522 22.6091 0.7443 0.43828 4.26697 18.3542 16.9212 0.34 2046000000000 934200000000
 0.7600   478454 0.7700   487150      1       -1       -1       -1  0 1.17600e+12 1.15400e+12 235.641000 30.228000 149.980000  1 0.3100 199.610000 59.37585 60.99690 43.63966 190.380 -268.390 -11.710 -2.024e+11 1.619e+12 -9.498e+11 0.04656 131435 131530 681620 7556 64 131386 131584 24.0874 1344200000000 1515700000000 1096300000000 848440000000 400390000000 16.0972 12.13 0.03883 0.70477 0.53873 10.5214 16.3384 15.7596 0.643 0.54447 15.458 12.4619 6.06052 0.3618 1174000000000 734000000000
 0.7500   469733 0.7600   478453      1       -1       -1       -1  0 1.68400e+12 1.66800e+12 267.423000 58.835000 148.880000  1 0.3500 206.180000 59.10392 60.68559 43.61186 238.800 -139.060 100.390 1.478e+11 1.112e+12 4.842e+12 0.06425 131436 131412 681620 7603 63 131386 131506 44.9592 1668300000000 1763600000000 1429900000000 857970000000 428980000000 35.4003 15.49 0.05553 0.9015 0.68775 29.9559 11.4089 15.6611 0.70089 0.58673 14.4281 15.4151 20.2645 0.3216 1872000000000 1506000000000
 0.7500   469734 0.7600   478454      1       -1       -1       -1  0 1.17600e+12 1.21100e+12 240.318000 24.842000 152.510000  1 0.3100 203.980000 59.34448 61.05589 43.63858 192.670 -257.130 -7.030 -3.092e+11 1.825e+12 -1.253e+12 0.05070 131437 131531 681620 7604 63 131386 131584 24.492 1334600000000 1391800000000 1086800000000 810300000000 448050000000 9.22946 10.63 0.04261 0.49737 0.45595 7.57885 19.3215 21.2906 0.55091 0.42065 5.65284 16.6045 17.6753 0.3633 1179000000000 629200000000
 0.7400   460922 0.7500   469733      1       -1       -1       -1  0 1.65233e+12 1.65900e+12 267.845000 47.433000 147.570000  1 0.3500 208.940000 59.07396 60.71172 43.58260 228.810 -135.530 93.930 4.111e+11 1.791e+11 3.867e+12 0.05175 131438 131413 681620 7586 62 131386 131506 42.3283 1658700000000 1773100000000 1439500000000 934230000000 409920000000 21.4033 10.41 0.04414 0.88553 0.68516 31.8921 6.38132 7.47172 0.84464 0.63995 23.0558 7.09367 9.4785 0.3095 1821000000000 1211000000000
 0.7400   460923 0.7500   469734      1       -1       -1       -1  0 1.16633e+12 1.16300e+12 237.950000 28.950000 146.390000  1 0.3100 199.770000 59.30838 61.11594 43.64133 196.710 -251.270 -10.250 -4.316e+11 1.486e+12 -1.089e+12 0.04622 131439 131532 681620 7587 62 131386 131584 25.6758 1287000000000 1334600000000 1086800000000 810300000000 352720000000 4.39043 10.84 0.03876 0.38593 0.35666 5.7466 18.2814 28.7946 0.35565 0.2508 3.70293 16.0767 24.1341 0.348 1153000000000 715000000000
 0.7300   452099 0.7400   460922      1       -1       -1       -1  0 1.64600e+12 1.63000e+12 267.217000 34.985000 145.430000  1 0.3500 208.650000 59.02797 60.75824 43.56256 220.420 -138.330 89.800 6.059e+11 3.054e+11 3.896e+12 0.05410 131440 131414 681620 6550 61 131386 131506 42.3927 1630100000000 1754100000000 1410900000000 943770000000 467120000000 23.5444 11.98 0.04638 0.63335 0.57289 16.478 32.1382 9.95851 0.47847 0.30465 11.1913 31.6472 12.9245 0.3059 1845000000000 934200000000
 0.7300   452100 0.7400   460923      1       -1       -1       -1  0 1.16633e+12 1.12500e+12 236.134000 36.424000 139.940000  1 0.3100 200.010000 59.27295 61.16512 43.65162 198.180 -241.700 -11.390 -1.434e+10 1.207e+12 -8.197e+11 0.03844 131441 131533 681620 6551 61 131386 131584 24.6431 1258400000000 1306000000000 1077200000000 781710000000 333650000000 10.7759 7.06 0.03175 0.51962 0.4393 4.53881 19.3096 31.1271 0.51839 0.45238 3.71457 16.3485 26.9224 0.3234 1159000000000 800800000000
 0.7200   443260 0.7300   452099      1       -1       -1       -1  0 1.63633e+12 1.64900e+12 269.171000 40.291000 142.600000  1 0.3500 215.060000 58.97961 60.76777 43.53650 214.660 -137.010 88.340 5.340e+11 -2.332e+11 4.414e+12 0.06135 131442 131415 681620 7677 60 131386 131506 37.871 1649200000000 1744500000000 1363200000000 896100000000 505250000000 24.798 12.4 0.05148 0.69139 0.61091 19.7327 25.4513 8.22159 0.62541 0.56971 15.9253 21.4747 5.7627 0.2835 1709000000000 1030000000000
 0.7200   443261 0.7300   452100      1       -1       -1       -1  0 1.16633e+12 1.14400e+12 238.273000 30.702000 135.670000  1 0.3100 200.520000 59.24149 61.21316 43.65319 194.550 -235.760 -13.120 5.588e+10 1.320e+12 -1.201e+12 0.04527 131443 131534 681620 7676 60 131386 131584 25.8345 1182100000000 1296500000000 1086800000000 753110000000 324120000000 19.946 9.31 0.03799 0.66773 0.39657 1.31873 17.4528 27.8089 0.74953 0.33066 -3.58873 11.9295 23.0928 0.3151 1096000000000 686400000000
 0.7100   434352 0.7200   443260      1       -1       -1       -1  0 1.63333e+12 1.63000e+12 269.036000 38.013000 143.820000  1 0.3500 227.410000 58.93883 60.79170 43.50938 214.100 -129.890 95.210 2.091e+11 2.732e+11 3.870e+12 0.05547 131444 131416 681620 6648 59 131386 131506 28.8378 1630100000000 1696900000000 1391800000000 867500000000 514780000000 22.1892 4.55 0.04605 0.76507 0.74285 18.4336 19.4403 20.4014 0.88916 0.57462 18.4929 16.4913 1.84376 0.2806 1642000000000 972400000000
 0.7100   434353 0.7200   443261      1       -1       -1       -1  0 1.16633e+12 1.12500e+12 237.742000 35.068000 137.900000  1 0.3100 200.130000 59.19863 61.26480 43.66443 195.250 -227.200 -13.420 3.251e+11 1.267e+12 -1.418e+12 0.05164 131445 131535 681620 6649 59 131386 131584 25.9766 1220200000000 1277400000000 1001000000000 686380000000 419450000000 27.895 7.88 0.04243 0.64923 0.54257 -2.60974 16.6194 21.0831 0.69527 0.59019 -6.94013 10.7233 16.553 0.3106 1060000000000 743600000000
 0.7000   425380 0.7100   434352      1       -1       -1       -1  0 1.61433e+12 1.62100e+12 269.408000 24.917000 146.300000  1 0.3500 225.920000 58.89027 60.81639 43.49623 207.640 -130.440 91.860 2.888e+11 1.239e+11 3.883e+12 0.05673 131446 131417 681620 7735 58 131386 131506 30.2734 1620600000000 1677800000000 1363200000000 886570000000 524310000000 24.8453 2.36 0.04688 0.93771 0.73277 22.2798 -9.61168 4.96756 0.86795 0.83725 18.1065 -3.15394 -2.3021 0.2848 1563000000000 715000000000
 0.7000   425381 0.7100   434353      1       -1       -1       -1  0 1.16633e+12 1.19200e+12 243.163000 37.185000 138.790000  1 0.3100 216.950000 59.15350 61.31556 43.66836 193.810 -217.220 -14.360 1.643e+11 1.285e+12 -1.638e+12 0.05083 131447 131536 681620 7736 58 131386 131584 20.7293 1201200000000 1248800000000 1048600000000 667310000000 400390000000 31.4157 8.43 0.04196 0.90066 0.51213 -2.86725 15.5213 23.0655 0.82672 0.60158 -13.0335 9.39161 13.691 0.3053 1117000000000 753100000000
 0.6900   416386 0.7000   425380      1       -1       -1       -1  0 1.59867e+12 1.59200e+12 268.698000 28.470000 149.720000  1 0.3500 231.490000 58.85575 60.86301 43.46397 203.990 -130.560 94.670 4.026e+10 7.150e+10 4.278e+12 0.06664 131448 131418 681620 7743 57 131386 131506 26.9255 1592000000000 1639700000000 1420400000000 915170000000 591050000000 9.62354 4.16 0.05334 0.94369 0.61392 22.927 -11.1454 5.67791 0.86368 0.68296 17.2293 -9.8026 1.46464 0.2812 1496000000000 772200000000
 0.6900   416387 0.7000   425381      1       -1       -1       -1  0 1.16633e+12 1.13400e+12 239.998000 25.849000 138.180000  1 0.3100 201.160000 59.10710 61.37440 43.69333 192.670 -210.010 -13.920 3.450e+11 1.219e+12 -1.257e+12 0.04604 131449 131537 681620 7744 57 131386 131584 27.324 1153500000000 1239300000000 1010500000000 648240000000 400390000000 36.2713 6.55 0.03912 0.5668 0.37635 12.7681 8.30961 22.2361 0.58334 0.3393 8.69036 9.94628 17.5116 0.3191 1074000000000 543400000000
 0.6800   407382 0.6900   416386      1       -1       -1       -1  0 1.54133e+12 1.58300e+12 269.035000 20.385000 151.170000  1 0.3500 241.240000 58.81271 60.89244 43.44090 199.880 -128.450 98.650 1.263e+11 -9.948e+09 3.607e+12 0.05771 131450 131419 681620 7769 56 131386 131506 22.9041 1582500000000 1630100000000 1344200000000 924700000000 638710000000 7.06599 9.55 0.04571 0.80425 0.6674 11.6167 17.2223 12.8049 0.74168 0.60495 8.7761 15.3109 7.95504 0.28 1594000000000 705400000000
 0.6800   407383 0.6900   416387      1       -1       -1       -1  0 1.15700e+12 1.17300e+12 243.449000 60.051000 128.930000  1 0.3100 187.070000 59.03340 61.40776 43.68471 186.280 -203.650 -11.850 2.884e+11 1.093e+12 -1.374e+12 0.04322 131451 131538 681620 7770 56 131386 131584 45.68 1210700000000 1258400000000 1039100000000 676840000000 314590000000 21.4744 2.19 0.03714 0.63515 0.54227 9.55135 10.3233 22.4887 0.74243 0.47789 9.51329 9.05178 15.557 0.2894 1087000000000 1173000000000
 0.6700   398384 0.6800   407382      1       -1       -1       -1  0 1.49367e+12 1.44900e+12 262.089000 16.639000 152.550000  1 0.3500 240.040000 58.77246 60.91383 43.41737 195.480 -129.590 95.800 2.308e+11 -1.489e+11 2.204e+12 0.04305 131452 131420 681620 7758 55 131386 131506 20.6649 1449000000000 1592000000000 1325100000000 1029600000000 591050000000 9.27507 7.12 0.03276 0.66357 0.62258 16.1876 11.2149 20.4502 0.66062 0.56508 9.04993 15.7271 16.8356 0.2755 1493000000000 552900000000
 0.6700   398385 0.6800   407383      1       -1       -1       -1  0 1.15700e+12 1.14400e+12 242.230000 63.368000 124.850000  1 0.3100 187.410000 58.97931 61.46799 43.69810 185.770 -198.020 -10.970 -1.593e+09 7.594e+11 -1.502e+12 0.04213 131453 131539 681620 7759 55 131386 131584 44.1667 1163000000000 1220200000000 972370000000 734040000000 171590000000 30.0855 2.73 0.03682 0.64241 0.49179 3.79546 15.3817 32.632 0.60862 0.40136 2.25888 8.79371 30.5254 0.2836 1056000000000 1182000000000
 0.6600   389471 0.6700   398384      1       -1       -1       -1  0 1.43933e+12 1.44900e+12 262.922000 18.005000 147.720000  1 0.3500 225.790000 58.72493 60.95365 43.39560 191.220 -123.390 91.740 2.065e+11 -1.807e+11 2.233e+12 0.04360 131454 131421 681620 7815 54 131386 131506 27.6959 1449000000000 1525300000000 1267900000000 1086800000000 514780000000 8.89282 3.04 0.03339 0.6974 0.563 23.719 6.24652 16.0352 0.59063 0.44004 24.9109 4.61743 13.8723 0.264 1570000000000 514800000000
 0.6600   389472 0.6700   398385      1       -1       -1       -1  0 1.14100e+12 1.15400e+12 243.673000 58.555000 120.670000  1 0.3100 187.420000 58.93222 61.51521 43.68688 188.350 -191.960 -14.000 3.346e+11 6.736e+11 -1.087e+12 0.03344 131455 131540 681620 7816 54 131386 131584 47.1228 1182100000000 1201200000000 1001000000000 714970000000 171590000000 25.1797 5.93 0.02869 0.60623 0.42104 6.01336 18.5183 27.9222 0.70272 0.33395 4.4399 14.7637 21.1114 0.2605 1032000000000 1096000000000
 0.6500   380455 0.6600   389471      1       -1       -1       -1  0 1.42333e+12 1.42000e+12 261.999000 21.852000 143.240000  1 0.3500 230.590000 58.69458 60.98672 43.37701 185.180 -120.560 90.200 1.098e+11 -1.518e+11 1.895e+12 0.03786 131456 131422 681620 6718 53 131386 131506 25.0381 1420400000000 1496700000000 1239300000000 1020000000000 581510000000 25.1232 5.28 0.02939 0.62811 0.60541 28.2115 6.07806 16.3801 0.54096 0.50558 24.731 8.74026 12.2553 0.2578 1408000000000 648200000000
 0.6500   380456 0.6600   389472      1       -1       -1       -1  0 1.12500e+12 1.12500e+12 242.400000 53.079000 122.210000  1 0.3100 184.390000 58.89108 61.58220 43.68681 183.750 -186.100 -13.050 2.973e+11 7.259e+11 -1.303e+12 0.04065 131457 131541 681620 6719 53 131386 131584 51.9936 1163000000000 1201200000000 1020000000000 676840000000 285990000000 22.1044 6.23 0.03463 0.58706 0.46621 4.88331 17.1107 24.6529 0.55614 0.52222 2.9537 13.0546 18.4035 0.2646 1004000000000 1010000000000
 0.6400   371390 0.6500   380455      1       -1       -1       -1  0 1.41100e+12 1.40100e+12 261.627000 26.181000 144.470000  1 0.3500 233.000000 58.62626 61.03201 43.33522 181.360 -118.260 90.840 1.230e+11 -2.426e+10 1.729e+12 0.03583 131458 131423 681620 6709 52 131386 131506 24.0712 1410900000000 1458500000000 1296500000000 981900000000 543380000000 14.3009 7.47 0.02753 0.67502 0.56442 19.8996 0.26174 20.4055 0.5654 0.45709 17.9738 -3.20724 18.9342 0.2567 1366000000000 686400000000
 0.6400   371391 0.6500   380456      1       -1       -1       -1  0 1.10267e+12 1.09600e+12 241.070000 61.407000 120.420000  1 0.3100 191.260000 58.84221 61.63839 43.67409 182.750 -179.790 -13.720 6.808e+11 1.246e+12 -7.775e+11 0.04666 131459 131542 681620 6710 52 131386 131584 39.6251 1115400000000 1153500000000 981900000000 705440000000 295520000000 21.6175 3.99 0.03872 0.57531 0.4148 6.76752 11.6763 28.6622 0.59445 0.42882 3.929 13.8888 20.4959 0.2498 982000000000 1115000000000
 0.6300   362292 0.6400   371390      1       -1       -1       -1  0 1.41100e+12 1.38200e+12 261.228000 37.413000 140.280000  1 0.3500 235.820000 58.60492 61.07229 43.32677 179.340 -118.450 87.340 3.271e+11 -2.299e+11 1.361e+12 0.02977 131460 131424 681620 7848 51 131386 131506 23.0036 1382300000000 1410900000000 1287000000000 886570000000 457580000000 33.573 6.42 0.0232 0.69154 0.50525 22.7615 11.4874 21.5941 0.69507 0.48581 20.2702 7.02822 16.8615 0.2511 1275000000000 886600000000
 0.6300   362293 0.6400   371391      1       -1       -1       -1  0 1.07733e+12 1.08700e+12 241.101000 53.504000 120.190000  1 0.3100 194.190000 58.78936 61.68103 43.66167 181.840 -174.830 -13.450 8.494e+11 1.091e+12 -3.311e+11 0.04260 131461 131543 681620 7849 51 131386 131584 36.9668 1096300000000 1105800000000 896100000000 648240000000 285990000000 13.9438 4.56 0.03471 0.5029 0.43196 1.91245 8.79151 24.7834 0.4546 0.38408 1.10728 4.67235 21.2263 0.242 965700000000 981900000000
 0.6200   353188 0.6300   362292      1       -1       -1       -1  0 1.41100e+12 1.39200e+12 262.613000 35.488000 133.470000  1 0.3500 226.800000 58.54456 61.09911 43.29464 175.660 -113.070 82.470 3.006e+11 -1.674e+10 1.600e+12 0.03393 131462 131425 681620 7842 50 131386 131506 28.6099 1391800000000 1458500000000 1248800000000 848440000000 514780000000 22.9867 5.7 0.02649 0.74172 0.50073 29.8217 1.16864 16.1476 0.67239 0.49917 23.497 0.51908 14.4788 0.2312 1257000000000 848400000000
 0.6200   353189 0.6300   362293      1       -1       -1       -1  0 1.03613e+12 1.04900e+12 238.962000 39.499000 118.230000  1 0.3100 197.600000 58.72855 61.71359 43.65807 180.760 -169.400 -13.910 6.618e+11 7.496e+11 -2.918e+11 0.03302 131463 131544 681620 7843 50 131386 131584 32.3095 1048600000000 1115400000000 886570000000 629180000000 324120000000 20.3578 4.23 0.02717 0.55587 0.41213 3.19278 18.7688 34.5835 0.68962 0.48962 3.06281 9.19085 28.3954 0.2421 934800000000 724500000000
 0.6100   344051 0.6200   353188      1       -1       -1       -1  0 1.41100e+12 1.40100e+12 263.988000 42.869000 130.750000  1 0.3500 217.730000 58.49877 61.11583 43.28716 171.350 -117.030 72.700 7.300e+10 -2.656e+10 1.276e+12 0.02569 131464 131426 681620 7865 49 131386 131506 36.9085 1401400000000 1477600000000 1201200000000 829370000000 457580000000 31.6979 9.77 0.02071 0.92565 0.72293 23.0114 -0.57348 13.0367 0.83671 0.61777 1.94463 16.755 -13.0271 0.2315 1251000000000 962800000000
 0.6100   344052 0.6200   353189      1       -1       -1       -1  0 9.85200e+11 9.72400e+11 233.711000 34.616000 113.870000  1 0.3100 196.860000 58.67719 61.77087 43.65961 178.380 -163.270 -12.660 2.916e+11 5.067e+11 8.040e+10 0.02180 131465 131545 681620 7866 49 131386 131584 29.2711 972370000000 1010500000000 877040000000 610110000000 352720000000 24.3587 0.74 0.01758 0.49065 0.36008 -1.97407 15.1019 27.633 0.68824 0.56133 -2.86394 4.60642 23.5621 0.2254 896100000000 648200000000
 0.6000   334924 0.6100   344051      1       -1       -1       -1  0 1.41100e+12 1.43000e+12 266.544000 36.808000 127.790000  1 0.3500 225.840000 58.44030 61.16772 43.24265 171.270 -112.260 75.920 1.520e+11 1.358e+11 1.475e+12 0.02942 131466 131427 681620 7974 48 131386 131506 33.057 1429900000000 1496700000000 1210700000000 800770000000 457580000000 25.9317 1.73 0.02348 0.79427 0.56413 26.5239 -16.1988 7.46419 0.81756 0.64856 -6.30328 23.0111 -9.66657 0.2141 1263000000000 810300000000
 0.6000   334925 0.6100   344052      1       -1       -1       -1  0 9.72367e+11 9.34200e+11 231.285000 30.445000 110.520000  1 0.3100 193.700000 58.61761 61.82533 43.65051 174.850 -156.400 -10.650 2.606e+11 4.377e+11 1.571e+11 0.02117 131467 131546 681620 8033 48 131386 131584 30.4448 934230000000 1001000000000 819840000000 648240000000 228790000000 26.4056 0 0.01709 0.61869 0.37367 -9.45164 21.876 35.635 0.81476 0.32614 -15.6388 1.67475 26.0055 0.2159 876300000000 572000000000
 0.5900   325757 0.6000   334924      1       -1       -1       -1  0 1.41100e+12 1.38200e+12 264.301000 34.125000 127.190000  1 0.3500 228.030000 58.38028 61.20646 43.21389 172.420 -110.990 77.320 7.861e+10 3.616e+11 1.100e+12 0.02485 131468 131428 681620 7942 47 131386 131506 30.5958 1382300000000 1420400000000 1258400000000 857970000000 505250000000 19.0079 8.01 0.0195 0.73736 0.57085 32.6286 -9.96174 11.0171 0.81805 0.57716 17.8256 -19.2718 7.79175 0.2065 1234000000000 800800000000
 0.5900   325758 0.6000   334925      1       -1       -1       -1  0 9.72367e+11 9.34200e+11 231.945000 31.365000 108.640000  1 0.3100 194.060000 58.55125 61.87669 43.67452 171.010 -151.790 -12.090 3.888e+11 3.790e+11 1.629e+11 0.02303 131469 131547 681620 7943 47 131386 131584 31.3649 934230000000 943770000000 896100000000 724510000000 209730000000 10.2254 0 0.0183 0.53821 0.42806 -5.83918 28.5096 33.2426 0.57161 0.39747 -7.37675 22.1606 27.2601 0.2018 949100000000 581500000000
 0.5800   316523 0.5900   325757      1       -1       -1       -1  0 1.41100e+12 1.37300e+12 264.432000 41.155000 131.630000  1 0.3500 225.500000 58.31386 61.24105 43.18375 166.920 -107.520 73.370 -9.485e+10 7.990e+11 1.129e+12 0.03069 131470 131429 681620 7986 46 131386 131506 33.1293 1372800000000 1410900000000 1258400000000 877040000000 467120000000 16.368 2.99 0.02373 0.62921 0.43786 29.0877 0.36056 15.6017 0.70343 0.51923 20.2133 1.90029 14.1959 0.2117 1248000000000 943800000000
 0.5800   316524 0.5900   325758      1       -1       -1       -1  0 9.72367e+11 9.24700e+11 231.802000 31.669000 111.290000  1 0.3100 194.400000 58.49495 61.92624 43.67920 167.060 -146.640 -11.610 4.041e+11 3.260e+11 1.799e+11 0.02332 131471 131548 681620 7987 46 131386 131584 31.6687 924700000000 924700000000 877040000000 638710000000 285990000000 9.05456 0 0.01817 0.57356 0.38278 -11.2913 21.4978 27.8822 0.49098 0.40224 -13.5077 16.2325 22.0406 0.2016 890500000000 610100000000
 0.5700   307298 0.5800   316523      1       -1       -1       -1  0 1.41100e+12 1.41100e+12 267.594000 32.886000 134.930000  1 0.3500 237.580000 58.25934 61.26602 43.16962 162.510 -102.510 66.780 -1.073e+11 9.362e+11 1.483e+12 0.03763 131472 131430 681620 7956 45 131386 131506 28.2251 1410900000000 1449000000000 1258400000000 905630000000 524310000000 17.3885 8.85 0.02895 0.58411 0.42598 23.9446 -9.51776 13.959 0.5965 0.49295 14.2188 -14.0582 9.44811 0.2135 1230000000000 781700000000
 0.5700   307299 0.5800   316524      1       -1       -1       -1  0 9.72367e+11 9.34200e+11 233.237000 25.355000 115.200000  1 0.3100 205.730000 58.44740 61.98116 43.69678 163.530 -141.590 -11.000 3.392e+11 1.657e+11 1.636e+11 0.01763 131473 131549 681620 7957 45 131386 131584 25.3549 943770000000 943770000000 877040000000 591050000000 333650000000 5.44992 0 0.01347 0.46472 0.31464 -1.32878 12.7953 21.3908 0.47027 0.28704 -0.21803 10.3455 16.595 0.2044 879100000000 486200000000
 0.5600   298056 0.5700   307298      1       -1       -1       -1  0 1.41100e+12 1.42000e+12 268.920000 26.093000 133.050000  1 0.3500 247.470000 58.19562 61.32421 43.13537 163.980 -99.850 67.910 -1.660e+11 1.025e+12 1.316e+12 0.03597 131474 131431 681620 7934 44 131386 131506 24.6916 1420400000000 1429900000000 1248800000000 905630000000 524310000000 21.689 9.91 0.02751 0.73268 0.62737 25.8866 -15.2203 15.1374 0.65007 0.56196 -9.84325 25.0021 -9.61557 0.2042 1253000000000 667300000000
 0.5600   298057 0.5700   307299      2       -1       -1       -1  0 9.72367e+11 8.67500e+11 228.161000 20.325000 115.250000  1 0.3100 211.450000 58.37762 62.02554 43.66716 159.800 -135.810 -8.080 4.477e+11 3.109e+11 1.499e+11 0.02798 131475 131550 681620 7935 44 131386 131584 20.3249 886570000000 886570000000 829370000000 610110000000 343190000000 23.6558 1.82 0.02111 0.52314 0.41018 -7.59406 15.2037 23.9436 0.60213 0.48407 -4.84989 13.2697 19.5515 0.2069 884500000000 381300000000
 0.5500   288808 0.5600   298056      1       -1       -1       -1  0 1.41100e+12 1.38200e+12 267.199000 40.810000 128.150000  1 0.3500 224.180000 58.14925 61.36306 43.13950 161.880 -96.860 64.340 -2.396e+11 1.256e+12 1.348e+12 0.04025 131476 131432 681620 7930 43 131386 131506 39.4133 1382300000000 1401400000000 1258400000000 838900000000 419450000000 33.8024 12.37 0.03215 0.6677 0.44097 25.0985 -2.02796 17.7749 0.91044 0.4736 3.44739 2.08024 19.5871 0.2081 1218000000000 886600000000
 0.5500   288809 0.5600   298057      1       -1       -1       -1  0 9.72367e+11 8.77000e+11 229.601000 30.481000 110.870000  1 0.3100 196.420000 58.32340 62.08789 43.69112 155.510 -133.730 -10.090 4.819e+11 3.400e+11 -4.666e+09 0.02813 131477 131551 681620 7931 43 131576 131575 30.4813 877040000000 896100000000 848440000000 695910000000 276460000000 11.9762 0 0.02179 0.40336 0.33875 -6.75103 20.6637 33.5282 0.47482 0.32421 -8.17571 14.8323 27.9505 0.2002 895000000000 572000000000
 0.5500   288810 0.5600   298057      1   288809   288809       -1  0 1.43000e+11 1.43000e+11 125.432000 17.290000 71.960000  0 0.4700 106.540000 58.29546 62.05202 43.64959 148.440 -55.810 84.780 -7.954e+10 -3.311e+10 8.869e+10 0.09290 131478 131576 681620 7932 43 131386 131584 17.2896 619640000000 619640000000 619640000000 591050000000 19066000000 15.7153 0 0.09387 0.24266 0.21733 16.8172 17.6798 22.2392 0.19167 0.04795 16.8816 18.3049 21.3828 0.3608 148100000000 85800000000
 0.5400   279590 0.5500   288808      1       -1       -1       -1  0 1.41100e+12 1.37300e+12 267.276000 89.276000 124.430000  1 0.3500 215.910000 58.08079 61.41431 43.08678 157.310 -96.970 66.790 -2.251e+11 9.044e+11 1.382e+12 0.03684 131479 131433 681620 7913 42 131386 131506 51.5556 1382300000000 1401400000000 1296500000000 838900000000 352720000000 33.1269 9.06 0.02942 0.63323 0.4806 38.9567 -9.98713 12.3395 0.69932 0.59355 23.9204 -8.13416 15.0221 0.1973 1236000000000 1630000000000
 0.5400   279591 0.5500   288809      1       -1       -1       -1  0 9.72367e+11 8.58000e+11 228.517000 29.510000 109.740000  1 0.3100 197.570000 58.26054 62.14555 43.69136 152.620 -127.990 -9.930 4.047e+11 4.660e+11 2.151e+10 0.03031 131480 131552 681620 7914 42 131386 131575 29.5104 857970000000 867500000000 838900000000 524310000000 314590000000 18.9831 0 0.02385 0.44325 0.33563 -10.7852 20.0874 30.3895 0.53073 0.34217 -8.47388 9.87167 26.4816 0.2036 831300000000 476600000000
 0.5400   279592 0.5500   288810      1   279591   279591   288809  0 1.27100e+11 1.23900e+11 119.900000 11.025000 76.650000  1 0.4700 111.450000 58.24720 62.06091 43.59385 144.060 -82.030 84.340 -8.219e+10 -7.877e+10 8.654e+10 0.12867 131481 131577 681620 7915 42 131386 131584 11.0246 343190000000 343190000000 343190000000 200190000000 0 8.19925 22.09 0.13889 0.29013 0.01965 43.4703 -2.88527 10.9218 0.48252 0.28468 41.4048 1.18903 17.8786 0.463 146600000000 28600000000
 0.5300   270354 0.5400   279590      1       -1       -1       -1  0 1.41100e+12 1.43000e+12 271.626000 49.272000 120.110000  1 0.3500 222.640000 57.97211 61.42643 43.05977 154.070 -91.840 67.940 -3.365e+11 9.861e+11 2.003e+12 0.04571 131482 131434 681620 7896 41 131386 131506 49.2717 1429900000000 1449000000000 1315600000000 962830000000 47665000000 16.6815 13.26 0.03752 0.50941 0.35225 53.4139 6.90611 23.0272 0.23596 0.20838 45.4261 14.5366 21.8024 0.1883 1238000000000 1125000000000
 0.5300   270355 0.5400   279591      1       -1       -1       -1  0 9.72367e+11 9.05600e+11 233.265000 34.129000 101.090000  1 0.3100 198.120000 58.20021 62.20230 43.71589 147.120 -124.800 -11.680 5.184e+11 3.282e+11 3.132e+10 0.02699 131483 131553 681620 7899 41 131386 131575 34.1287 905630000000 905630000000 743570000000 533850000000 305060000000 19.9532 0.61 0.02186 0.42797 0.39726 -9.93041 24.3659 30.0515 0.59831 0.55255 -9.22646 12.198 21.4916 0.1821 783800000000 552900000000
 0.5300   270356 0.5400   279592      1   270355   270355   279591  0 1.27100e+11 1.14400e+11 117.040000 15.449000 54.160000  1 0.4700 101.320000 58.19582 62.09331 43.56497 130.500 -85.890 65.580 -2.412e+10 -4.686e+10 4.964e+10 0.07902 131484 131578 681620 7898 41 131386 131584 15.4485 209730000000 209730000000 209730000000 123930000000 0 0.0019 8.16 0.081 0.38521 0.14921 42.1489 -8.60221 5.39925 0.25151 0.13257 38.2658 -15.0717 -3.39724 0.2894 118200000000 66730000000
 0.5200   261124 0.5300   270354      1       -1       -1       -1  0 1.39500e+12 1.43000e+12 272.302000 48.351000 118.940000  1 0.3500 225.550000 57.92130 61.45797 43.04266 146.180 -89.500 65.680 -2.745e+11 1.074e+12 2.100e+12 0.04905 131485 131435 681620 6754 40 131386 131506 47.9114 1429900000000 1449000000000 1239300000000 905630000000 343190000000 24.2224 9.25 0.03979 0.57026 0.46317 50.9273 -1.1251 28.473 0.58207 0.40643 42.533 2.43831 23.0919 0.178 1213000000000 1049000000000
 0.5200   261125 0.5300   270355      1       -1       -1       -1  0 8.23000e+11 8.29400e+11 227.088000 38.139000 95.810000  1 0.3100 189.490000 58.13650 62.24746 43.73577 143.750 -124.470 -16.430 5.326e+11 3.242e+11 -9.322e+10 0.03244 131486 131554 681620 6756 40 131386 131575 38.139 829370000000 838900000000 676840000000 543380000000 181130000000 10.0902 0 0.02619 0.51978 0.4789 -10.7898 19.3301 31.3012 0.56433 0.42611 -3.92487 8.02017 26.5691 0.171 720400000000 581500000000
 0.5200   261126 0.5300   270356      1       -1       -1   270355  0 1.49367e+11 1.43000e+11 126.391000 26.598000 55.510000  1 0.4700 102.040000 58.34092 61.73366 43.40586 75.170 -154.490 62.000 -1.666e+10 3.432e+09 -2.382e+10 0.02171 131487 131579 681620 6755 40 131386 131584 26.5985 142990000000 142990000000 133460000000 57198000000 0 6.64189 0 0.02277 0.9322 0.60129 37.8924 -10.7064 10.591 0.49099 0.15164 36.1077 -4.77865 -13.3944 0.2473 131600000000 133500000000
 0.5100   251851 0.5200   261124      1       -1       -1       -1  0 1.33767e+12 1.32500e+12 266.121000 48.180000 123.180000  1 0.3500 232.490000 57.87037 61.49089 43.02075 146.830 -89.950 65.700 -2.968e+11 8.715e+11 2.135e+12 0.05754 131488 131436 681620 6773 39 131386 131506 35.6409 1334600000000 1353700000000 1239300000000 819840000000 409920000000 35.0464 9.54 0.04461 0.642 0.47069 30.0462 -8.30025 19.4251 0.55662 0.47076 -15.4398 22.6791 -12.1211 0.1791 1152000000000 1030000000000
 0.5100   251852 0.5200   261125      1       -1       -1       -1  0 7.69000e+11 7.34000e+11 218.561000 36.101000 92.900000  1 0.3100 183.980000 58.06028 62.30795 43.77506 144.260 -123.260 -20.340 3.271e+11 6.812e+10 -2.520e+09 0.02156 131489 131555 681620 6878 39 131386 131575 36.1006 734040000000 743570000000 686380000000 476650000000 171590000000 23.7699 0 0.01716 0.49888 0.37965 -6.41337 18.8492 18.5997 0.5791 0.2839 -7.03545 13.5239 14.0397 0.1654 644600000000 495700000000
 0.5100   251853 0.5200   261126      1       -1       -1       -1  0 1.49367e+11 1.52500e+11 129.454000 38.505000 59.920000  1 0.4700 101.420000 58.28376 61.79018 43.35994 72.420 -143.120 58.480 6.519e+10 9.043e+09 -6.050e+10 0.05834 131490 131580 681620 6774 39 131386 131584 38.5048 152530000000 152530000000 133460000000 57198000000 0 19.158 4.59 0.06297 0.55367 0.33797 7.85906 -1.25968 45.7782 0.50533 0.37771 2.88378 -1.64717 35.4136 0.2806 133300000000 162100000000
 0.5000   242679 0.5100   251851      1       -1       -1       -1  0 1.29000e+12 1.25800e+12 262.198000 31.233000 124.010000  1 0.3500 239.060000 57.79403 61.52979 42.98839 138.310 -91.730 61.050 -2.005e+11 5.560e+11 2.005e+12 0.05874 131491 131437 681620 6776 38 131386 131506 29.2889 1277400000000 1287000000000 1220200000000 829370000000 486180000000 31.4791 3.63 0.0441 0.57551 0.47303 20.6464 -7.55301 17.0023 0.65088 0.50618 15.8072 -3.95001 15.2797 0.1752 1183000000000 657800000000
 0.5000   242680 0.5100   251852      1       -1       -1       -1  0 7.18133e+11 7.43600e+11 220.024000 33.684000 91.780000  1 0.3100 188.790000 58.01651 62.34729 43.76876 143.640 -119.730 -18.960 3.858e+11 1.899e+11 -8.076e+10 0.02773 131492 131556 681620 6878 38 131386 131575 33.6844 743570000000 743570000000 695910000000 438520000000 200190000000 19.4648 1.39 0.02218 0.57906 0.40543 -11.9893 19.929 20.3157 0.63164 0.42447 17.4296 -7.66798 -15.1117 0.1577 652800000000 467100000000
 0.5000   242681 0.5100   251853      1       -1       -1       -1  0 1.49367e+11 1.33500e+11 124.112000 29.292000 56.740000  1 0.4700 100.040000 58.27706 61.87232 43.36581 75.950 -147.520 61.570 -6.115e+09 3.888e+09 -2.471e+10 0.02202 131493 131581 681620 6777 38 131386 131584 29.2922 133460000000 133460000000 123930000000 28599000000 0 3.48781 2.6 0.02285 0.23662 0.02049 27.1131 35.6316 -16.4128 0.63126 0.42995 17.4019 17.1327 6.30343 0.2666 130100000000 123900000000
 0.4900   233469 0.5000   242679      1       -1       -1       -1  0 1.26473e+12 1.28700e+12 264.781000 45.388000 120.530000  1 0.3500 233.660000 57.70186 61.59502 42.94160 134.680 -91.780 60.890 -2.780e+11 6.379e+11 1.909e+12 0.05410 131494 131438 681620 7854 37 131386 131506 36.0116 1287000000000 1287000000000 1220200000000 857970000000 419450000000 21.6462 4.23 0.04165 0.77064 0.50407 -19.5119 27.1145 -11.6263 0.68777 0.43803 -9.82423 28.8106 -13.2861 0.1719 1130000000000 981900000000
 0.4900   233470 0.5000   242680      1       -1       -1       -1  0 6.89533e+11 6.76800e+11 213.728000 27.190000 89.770000  1 0.3100 191.040000 57.93501 62.42812 43.81644 142.260 -117.950 -19.980 2.149e+11 -6.001e+10 1.300e+10 0.01693 131495 131557 681620 7938 37 131386 131575 27.1897 676840000000 676840000000 648240000000 562450000000 104860000000 20.7478 0 0.01337 0.50956 0.36287 -5.51674 28.5534 29.4009 0.24847 0.17166 2.55172 32.7465 24.9279 0.1526 702200000000 429000000000
 0.4900   233471 0.5000   242681      1       -1       -1       -1  0 1.49367e+11 1.62100e+11 132.716000 48.136000 56.580000  1 0.4700 104.080000 58.20349 61.90381 43.29617 70.240 -132.070 60.480 5.751e+10 4.459e+10 -4.528e+10 0.05005 131496 131582 681620 8496 37 131386 131584 48.1362 162060000000 162060000000 133460000000 0 0 14.8475 1.43 0.05555 0.23297 0.02381 15.8625 -26.57 63.1954 0 0 0 0 0 0.2652 137700000000 190700000000
 0.4800   224305 0.4900   233469      2       -1       -1       -1  0 1.26473e+12 1.22000e+12 260.709000 46.424000 111.870000  1 0.3500 222.750000 57.63387 61.60216 42.90272 132.800 -95.110 62.850 -2.254e+11 5.886e+11 1.781e+12 0.05471 131497 131439 681620 7861 36 131386 131506 44.4246 1220200000000 1220200000000 1134400000000 762640000000 371790000000 33.2884 7.9 0.04272 0.87768 0.49253 -4.58138 30.7903 -4.94921 0.78067 0.58343 -9.93513 19.0056 -11.7044 0.1596 1061000000000 934200000000
 0.4800   224306 0.4900   233470      1       -1       -1       -1  0 6.51400e+11 6.48200e+11 211.149000 21.992000 90.920000  1 0.3100 198.100000 57.88180 62.47787 43.81416 138.180 -114.210 -19.420 2.018e+11 -3.848e+10 1.336e+11 0.02119 131498 131558 681620 7942 36 131386 131575 21.9923 648240000000 648240000000 629180000000 514780000000 142990000000 7.62015 0 0.0159 0.76959 0.56432 -5.29059 19.5239 26.0361 0.80684 0.40934 -5.20367 18.8565 21.789 0.1445 684100000000 352700000000
 0.4800   224307 0.4900   233471      1       -1       -1       -1  0 1.27110e+11 1.52500e+11 130.355000 50.641000 56.890000  1 0.4700 102.680000 58.17135 61.97149 43.25939 70.560 -134.940 61.960 4.950e+10 4.677e+10 -4.900e+10 0.05187 131499 131583 681620 8478 36 131386 131584 50.6412 152530000000 152530000000 114400000000 0 0 20.6402 7.34 0.06071 0.828 0.66089 22.2545 -4.97747 48.7726 0 0 0 0 0 0.3052 133600000000 200200000000
 0.4700   215171 0.4800   224305      1       -1       -1       -1  0 1.26473e+12 1.08700e+12 251.385000 54.290000 103.940000  1 0.3500 210.990000 57.53210 61.65145 42.86220 129.870 -97.260 62.940 -1.738e+11 3.007e+11 1.130e+12 0.04092 131500 131440 681620 7862 35 131482 131481 50.7237 1086800000000 1086800000000 981900000000 648240000000 257390000000 50.0387 3.14 0.03274 0.83796 0.49349 33.6988 13.3251 24.1508 0.67146 0.50699 20.4565 -18.1979 24.7373 0.1547 945900000000 943800000000
 0.4700   215172 0.4800   224305      1   215171   215171       -1  0 1.43000e+11 1.43000e+11 127.860000 27.644000 39.050000  0 0.3300 106.350000 57.61848 61.78164 42.83577 39.290 -64.820 59.910 -7.740e+09 1.582e+10 -1.259e+10 0.01911 131501 131482 681620 7863 35 131386 131506 27.6436 362250000000 362250000000 362250000000 171590000000 0 11.7564 0 0.01761 0.38424 0.11876 46.5235 4.81608 25.1782 0.12343 0.01722 48.7234 10.3013 43.497 0.1096 131200000000 123900000000
 0.4700   215173 0.4800   224306      1       -1       -1       -1  0 6.26000e+11 6.29200e+11 209.517000 17.503000 91.820000  1 0.3100 208.270000 57.82653 0.01886 43.82888 135.050 -108.970 -17.300 2.074e+11 -5.192e+10 9.503e+10 0.02163 131502 131559 681620 6485 35 131386 131575 17.5029 629180000000 629180000000 629180000000 505250000000 123930000000 24.1568 0 0.01611 0.77703 0.65025 -9.77022 36.6938 2.10907 0.75711 0.60448 3.06058 34.8178 5.76454 0.1465 709000000000 276500000000
 0.4700   215174 0.4800   224307      0       -1       -1       -1  0 6.67300e+10 6.67300e+10 99.176000 18.820000 42.870000  1 0.4700 83.960000 58.13355 62.03663 43.23024 59.310 -114.860 57.660 7.347e+09 -9.100e+09 -1.863e+10 0.04898 131503 131584 681620 8462 35 131386 131584 18.8204 66731000000 66731000000 66731000000 9533000000 0 9.80251 0 0.06373 0.31097 0.18468 -2.5746 34.5431 -30.9904 0 0 0 0 0 0.301 141100000000 38130000000
 0.4600   206043 0.4700   215171      1       -1       -1       -1  0 1.26473e+12 9.53300e+11 241.156000 47.901000 97.370000  1 0.3500 204.380000 57.45012 61.69167 42.82835 129.860 -99.070 66.850 -1.456e+11 7.013e+10 7.215e+11 0.03199 131504 131441 681620 6593 34 131386 131481 47.9007 953300000000 943770000000 810300000000 600580000000 209730000000 46.0074 0.79 0.02572 0.73032 0.45657 21.1421 -12.0927 22.9751 0.59462 0.30439 14.5514 -15.9605 19.6704 0.1466 867400000000 753100000000
 0.4600   206044 0.4700   215172      1   206043   206043   215171  0 1.65233e+11 1.81100e+11 138.638000 33.818000 45.430000  1 0.3300 114.550000 57.61992 61.83547 42.78171 46.070 -48.010 52.130 5.836e+10 4.626e+08 -1.311e+10 0.03475 131505 131483 681620 6592 34 131386 131506 33.8185 276460000000 276460000000 238320000000 85797000000 0 13.7456 10.61 0.03313 0.71711 0.28425 45.5691 27.2673 -0.23935 0.13364 0 -26.6157 24.3884 40.0183 0.1304 158600000000 181100000000
 0.4600   206045 0.4700   215173      1       -1       -1       -1  0 6.16467e+11 6.00600e+11 206.733000 19.925000 91.690000  1 0.3100 200.270000 57.76767 0.09301 43.85123 129.030 -106.380 -17.180 1.481e+11 -2.114e+10 2.567e+10 0.01545 131506 131560 681620 4547 34 131386 131575 19.9251 600580000000 600580000000 571980000000 457580000000 257390000000 23.6115 0 0.0114 0.73848 0.65423 11.9768 20.3003 3.03631 0.8185 0.60777 13.2604 16.5229 0.34967 0.1472 624400000000 305100000000
 0.4500   196977 0.4600   206043      1       -1       -1       -1  0 1.26473e+12 8.58000e+11 233.315000 33.361000 95.510000  1 0.3500 210.130000 57.38654 61.72488 42.79909 131.690 -99.700 69.260 -1.735e+11 -7.228e+10 4.709e+11 0.02717 131507 131442 681620 6551 33 131386 131481 33.3608 857970000000 857970000000 800770000000 457580000000 285990000000 45.986 0 0.02123 0.51768 0.45785 -13.1052 25.3576 -21.1877 0.55234 0.42344 -11.0471 23.4773 -17.0675 0.1403 832400000000 457600000000
 0.4500   196978 0.4600   206044      1   196977   196977   206043  0 1.82733e+11 1.71600e+11 136.444000 29.653000 38.380000  1 0.3300 115.170000 57.57783 61.83277 42.77134 53.400 -26.970 43.940 3.004e+10 -9.492e+08 -5.755e+09 0.02034 131508 131484 681620 6552 33 131386 131506 29.6535 276460000000 276460000000 257390000000 114400000000 0 13.4284 0 0.01873 0.53879 0.28714 44.5146 12.9487 13.8768 0.77421 0.12608 -11.0332 43.6871 8.90237 0.0875 157800000000 143000000000
 0.4500   196979 0.4600   206045      1       -1       -1       -1  0 6.03733e+11 6.19600e+11 209.331000 28.128000 85.250000  1 0.3100 190.720000 57.67153 0.15032 43.83669 126.740 -101.140 -14.960 2.042e+11 -2.700e+10 5.179e+10 0.01949 131509 131561 681620 4539 33 131386 131575 28.1279 619640000000 619640000000 562450000000 438520000000 152530000000 5.5769 0 0.0153 0.53837 0.46768 7.88704 26.9544 42.1046 0.43138 0.39841 14.7971 9.90076 41.3372 0.1419 578900000000 419500000000
 0.4400   187911 0.4500   196977      1       -1       -1       -1  0 8.29400e+11 8.58000e+11 233.784000 22.678000 96.450000  1 0.3500 229.820000 57.32145 61.80913 42.76424 125.790 -96.740 66.190 -2.674e+11 -1.193e+11 5.264e+11 0.03352 131510 131443 681620 7660 32 131386 131481 22.6776 857970000000 857970000000 724510000000 524310000000 343190000000 22.7025 0 0.02548 0.75094 0.37137 13.6326 -6.16361 21.2193 0.85359 0.40366 11.7767 -4.26849 15.7255 0.1332 801600000000 400400000000
 0.4400   187912 0.4500   196978      1       -1       -1   196977  1 4.35333e+11 1.95500e+11 142.806000 23.724000 51.310000  1 0.3300 129.300000 57.56091 61.83771 42.76078 80.410 -13.610 40.610 4.892e+10 -4.983e+08 -8.097e+09 0.02727 131511 131485 681620 8984 32 131386 131506 25.1221 257390000000 252625000000 243090000000 142995000000 4766500000 16.0283 0 0.02361 0.686805 0.47113 11.78 7.54153 18.9247 0.7751 0.136565 -14.938 26.1685 13.3751 0.1129 222300000000 123950000000
 0.4400   187913 0.4500   196979      1       -1       -1       -1  0 5.62433e+11 5.91000e+11 206.474000 35.139000 80.450000  1 0.3100 181.980000 57.60105 0.20703 43.84996 122.630 -100.470 -14.480 2.779e+11 -7.182e+10 8.524e+10 0.02844 131512 131562 681620 5701 32 131386 131575 35.1389 591050000000 533850000000 524310000000 400390000000 0 4.85363 2.08 0.02357 0.69001 0.26767 11.5994 33.5252 45.01 0.4715 0.02553 2.15983 19.5842 51.0833 0.1439 536900000000 438500000000
 0.4300   178903 0.4400   187911      1       -1       -1       -1  0 7.97600e+11 7.72200e+11 226.155000 33.185000 94.420000  1 0.3500 206.160000 57.22752 61.90947 42.72632 125.000 -98.570 69.350 -2.035e+11 -3.804e+11 2.023e+11 0.03129 131513 131444 681620 6524 31 131386 131481 33.1854 772170000000 753110000000 724510000000 533850000000 219260000000 21.0313 0 0.02428 0.6719 0.33966 -15.3049 38.2604 -1.25177 0.32172 0.13075 -14.0319 34.5243 -3.39953 0.1357 688000000000 533800000000
 0.4300   178904 0.4400   187912      1       -1       -1       -1  0 4.35333e+11 2.19300e+11 148.646000 17.795000 59.780000  1 0.3300 140.880000 57.51115 61.86600 42.73500 73.960 -33.620 14.090 6.779e+10 -4.739e+07 -1.044e+10 0.03420 131514 131486 681620 6525 31 131386 131506 17.7949 238320000000 228790000000 228790000000 171590000000 9533000000 18.6283 0 0.02849 0.83482 0.65512 -20.9547 2.13436 23.9727 0.77599 0.14705 -18.8427 8.64999 17.8479 0.1383 286800000000 104900000000
 0.4300   178905 0.4400   187913      1       -1       -1       -1  0 4.98900e+11 4.76700e+11 192.561000 24.703000 72.920000  1 0.3100 180.010000 57.52242 0.31222 43.89616 117.730 -105.600 -18.330 2.124e+11 1.533e+10 3.701e+10 0.03093 131515 131563 681620 4478 31 131386 131575 24.7031 476650000000 467120000000 448050000000 352720000000 95330000000 14.3556 0.83 0.02461 0.66553 0.62628 -18.8942 1.3747 19.6241 0.78578 0.51502 19.0087 -7.12784 -11.3231 0.1239 446100000000 305100000000
 0.4200   169906 0.4300   178903      1       -1       -1       -1  0 7.69000e+11 7.62600e+11 225.644000 25.003000 89.850000  1 0.3500 219.270000 57.15931 61.92006 42.67258 113.980 -92.890 66.830 -7.434e+10 -4.197e+11 6.683e+10 0.02994 131516 131445 681620 6431 30 131386 131481 25.0026 762640000000 762640000000 724510000000 524310000000 66731000000 25.3291 0 0.02269 0.46927 0.18098 -27.9957 33.6536 -23.5495 0.59356 0.11311 26.41 -25.1313 27.9546 0.1167 730300000000 448100000000
 0.4200   169907 0.4300   178904      1       -1       -1       -1  0 4.35333e+11 2.00200e+11 144.477000 19.165000 68.470000  1 0.3300 135.390000 57.48820 61.93137 42.73664 84.500 -33.790 4.440 7.316e+10 -2.225e+09 -4.578e+10 0.04696 131517 131487 681620 6432 30 131386 131506 19.1652 238320000000 238320000000 238320000000 142990000000 0 27.644 0 0.04219 0.04491 0.01529 9.5169 38.9325 54.2247 0.02088 0 10.2405 37.6183 49.1609 0.2073 202800000000 114400000000
 0.4200   169908 0.4300   178905      1       -1       -1       -1  0 4.48067e+11 4.29000e+11 186.265000 31.278000 67.370000  1 0.3100 167.440000 57.45326 0.37833 43.91712 114.440 -103.170 -14.970 1.497e+11 6.693e+08 5.018e+10 0.02665 131518 131564 681620 4452 30 131386 131575 31.2784 428980000000 428980000000 419450000000 305060000000 57198000000 11.2424 0 0.02167 0.78625 0.39945 -27.2065 6.59421 31.6142 0.47669 0.27844 -2.11599 34.9419 9.17437 0.1173 391900000000 324100000000
 0.4100   161023 0.4200   169906      1       -1       -1       -1  0 7.62633e+11 7.72200e+11 226.992000 26.979000 84.210000  1 0.3500 219.420000 57.08529 61.98822 42.62916 106.300 -90.000 64.770 -4.588e+10 -3.839e+11 1.117e+11 0.02755 131519 131446 681620 6357 29 131386 131481 26.9795 772170000000 753110000000 743570000000 619640000000 133460000000 14.7421 0.8 0.02096 0.52576 0.19937 22.4511 -21.7905 22.6712 0.42964 0.13036 18.1287 -19.621 19.9836 0.1029 782100000000 429000000000
 0.4100   161024 0.4200   169907      1       -1       -1       -1  0 4.35333e+11 1.23900e+11 123.357000 13.413000 49.380000  1 0.3300 121.480000 57.53178 0.08893 43.45932 72.030 -57.440 -4.170 -6.626e+08 -1.451e+09 4.877e+09 0.00615 131520 131488 681620 4403 29 131386 131506 13.4127 123930000000 123930000000 114400000000 104860000000 0 7.00561 0 0.00564 0.16959 0.03081 22.4356 40.0496 5.57764 0.24727 0.04783 15.0133 32.1953 7.63808 0.1667 135700000000 38130000000
 0.4100   161025 0.4200   169908      1       -1       -1       -1  0 4.32167e+11 4.38500e+11 187.975000 52.038000 62.150000  1 0.3100 160.120000 57.36696 0.44921 43.93038 109.620 -100.530 -12.080 1.669e+11 1.455e+10 2.843e+10 0.02653 131521 131565 681620 4404 29 131386 131575 52.0384 438520000000 428980000000 419450000000 238320000000 0 20.8787 0 0.02272 0.8185 0.29383 -23.1896 21.7964 34.8601 0.17584 0.05848 3.86743 30.5349 6.82672 0.1084 374300000000 457600000000
 0.4000   152237 0.4100   161023      1       -1       -1       -1  0 7.43567e+11 7.53100e+11 225.502000 19.314000 92.660000  1 0.3500 236.660000 57.00826 62.06025 42.58778 99.210 -87.720 64.640 -5.911e+10 -3.974e+11 8.557e+10 0.03153 131522 131447 681620 7399 28 131386 131481 19.3143 753110000000 753110000000 714970000000 562450000000 362250000000 6.62522 0 0.02256 0.5442 0.3865 25.8657 -17.2809 22.4277 0.57408 0.41275 21.7256 -8.59461 22.9384 0.1093 783300000000 390900000000
 0.4000   152238 0.4100   161024      1       -1       -1       -1  0 4.35333e+11 1.33500e+11 126.663000 11.013000 48.440000  1 0.3300 132.460000 57.36322 0.22031 43.76700 90.490 -57.460 0.590 -2.772e+10 -7.679e+09 -6.846e+09 0.03643 131523 131489 681620 5429 28 131386 131506 11.0128 133460000000 123930000000 123930000000 104860000000 38132000000 17.7799 6.11 0.02905 0.658 0.38517 5.31593 6.63957 28.2061 0.73565 0.48453 10.5219 7.08282 21.3037 0.1168 161300000000 47660000000
 0.4000   152239 0.4100   161025      1       -1       -1       -1  0 4.13100e+11 4.29000e+11 186.930000 47.053000 61.060000  1 0.3100 162.260000 57.30185 0.51246 43.92716 106.500 -94.990 -12.270 1.936e+11 6.836e+10 -1.439e+09 0.03351 131524 131566 681620 5430 28 131386 131575 47.0532 428980000000 428980000000 428980000000 228790000000 0 12.7761 0 0.02881 0.68829 0.17776 26.7072 39.076 -6.68002 0.48441 0.1308 18.4233 37.4303 -3.23097 0.1045 377800000000 429000000000
 0.3900   143536 0.4000   152237      1       -1       -1       -1  0 7.24500e+11 7.05400e+11 221.012000 23.260000 92.720000  1 0.3500 223.580000 56.91507 62.12701 42.51683 94.890 -86.120 60.710 -7.591e+10 -4.259e+11 7.334e+10 0.03714 131525 131448 681620 7254 27 131386 131481 23.26 705440000000 686380000000 667310000000 543380000000 219260000000 30.2143 1.92 0.0272 0.57514 0.24752 27.5605 -1.62956 21.8441 0.31327 0.17646 23.7104 3.3366 22.9057 0.118 740800000000 400400000000
 0.3900   143537 0.4000   152238      1       -1       -1       -1  0 4.35333e+11 1.81100e+11 140.472000 27.643000 47.190000  1 0.3300 126.940000 57.47177 0.12642 43.48450 80.590 -53.560 0.320 -4.308e+10 -2.677e+10 5.308e+10 0.04437 131526 131490 681620 5799 27 131386 131506 27.6434 181130000000 181130000000 181130000000 19066000000 0 14.8701 0 0.04387 0.20957 0.01082 -37.6056 55.2237 40.0791 0 0 0 0 0 0.134 169100000000 133500000000
 0.3900   143538 0.4000   152239      1       -1       -1       -1  0 3.68633e+11 3.71800e+11 178.523000 32.124000 58.620000  1 0.3100 163.440000 57.21292 0.56459 43.93871 106.010 -93.510 -10.780 7.531e+10 -1.076e+10 3.549e+10 0.01804 131527 131567 681620 5402 27 131386 131575 32.1235 371790000000 371790000000 324120000000 228790000000 0 11.7814 0 0.01513 0.81303 0.3147 -26.1957 -27.2277 24.4068 0.98142 0.06727 -22.9171 10.026 28.1577 0.0966 332100000000 257400000000
 0.3800   135047 0.3900   143536      1       -1       -1       -1  0 7.14967e+11 7.15000e+11 222.363000 26.512000 83.420000  1 0.3500 221.450000 56.86993 62.19959 42.50751 88.390 -83.240 58.880 -1.079e+11 -3.997e+11 6.363e+10 0.03494 131528 131449 681620 7174 26 131386 131481 26.5117 714970000000 714970000000 676840000000 448050000000 247860000000 13.5321 0 0.0257 0.72484 0.41239 16.8547 -24.3713 17.3604 0.73043 0.4362 11.0573 -19.0915 17.5702 0.0984 635500000000 409900000000
 0.3800   135048 0.3900   143537      1       -1       -1       -1  0 4.35333e+11 1.81100e+11 140.700000 45.949000 46.000000  1 0.3300 122.030000 57.41542 0.16342 43.48379 79.410 -50.140 -1.680 -3.320e+10 -4.110e+10 6.598e+10 0.05099 131529 131491 681620 5710 26 131386 131506 45.949 181130000000 171590000000 162060000000 19066000000 0 17.3913 1.22 0.05113 0.68723 0.1396 -16.1372 35.8327 39.0239 0 0 0 0 0 0.1315 159400000000 209700000000
 0.3800   135049 0.3900   143538      1       -1       -1       -1  0 3.43200e+11 3.05100e+11 167.401000 26.648000 56.040000  1 0.3100 157.970000 57.15734 0.61253 43.93543 104.290 -87.750 -6.980 7.815e+10 1.321e+10 -2.608e+09 0.02484 131530 131568 681620 5325 26 131386 131575 26.6483 305060000000 305060000000 305060000000 219260000000 47665000000 18.9205 0 0.02012 0.72778 0.16201 22.9586 -2.13417 -21.7976 0.56745 0.22414 21.5843 11.7578 -16.8596 0.0907 310200000000 228800000000
 0.3700   126540 0.3800   135047      1       -1       -1       -1  0 7.14967e+11 6.67300e+11 217.645000 39.574000 76.320000  1 0.3500 203.290000 56.82079 62.24884 42.48106 82.200 -80.330 56.410 -7.039e+10 -3.352e+11 1.980e+10 0.03042 131531 131450 681620 6035 25 131386 131481 39.5736 667310000000 667310000000 648240000000 381320000000 190660000000 16.9319 0 0.02391 0.54997 0.29319 33.2754 -12.2356 25.741 0.59801 0.37041 26.6173 15.4442 13.4109 0.0988 564800000000 505200000000
 0.3700   126541 0.3800   135048      1       -1       -1       -1  0 4.35333e+11 1.90700e+11 143.349000 54.762000 46.750000  1 0.3300 124.760000 57.35670 0.19317 43.48075 84.130 -53.830 4.600 -7.263e+10 -3.724e+10 9.481e+10 0.06760 131532 131492 681620 4590 25 131386 131506 54.7616 190660000000 142990000000 142990000000 0 0 6.68958 5.57 0.07035 0.20498 0 -23.7835 47.2599 11.7319 0 0 0 0 0 0.1415 157700000000 238300000000
 0.3700   126542 0.3800   135049      1       -1       -1       -1  0 3.40033e+11 3.52700e+11 175.975000 34.374000 55.760000  1 0.3100 162.650000 57.07943 0.71613 43.94970 98.460 -84.360 -6.820 2.840e+09 -1.186e+10 4.626e+10 0.01166 131533 131569 681620 4237 25 131386 131575 34.3738 352720000000 343190000000 324120000000 190660000000 57198000000 15.0645 0 0.00965 0.7475 0.41921 -22.4437 8.43992 24.8787 0.19564 0.14732 -20.133 13.2502 23.2749 0.0845 299100000000 276500000000
 0.3600   118029 0.3700   126540      2       -1       -1       -1  0 7.14967e+11 5.62500e+11 205.895000 26.028000 73.650000  1 0.3500 207.260000 56.77894 62.31240 42.44662 73.440 -75.760 51.820 -4.257e+10 -2.734e+11 -3.440e+10 0.03348 131534 131451 681620 6977 24 131386 131481 26.0279 562450000000 514780000000 428980000000 352720000000 171590000000 34.5434 4.5 0.02618 0.71586 0.46635 22.276 -12.0207 20.6877 0.50558 0.3332 14.2827 18.256 -5.76111 0.1003 522900000000 314600000000
 0.3600   118030 0.3700   126541      1       -1       -1       -1  0 4.35333e+11 1.04900e+11 117.623000 34.183000 26.470000  1 0.3300 105.200000 57.13457 0.40000 43.80437 75.660 -51.560 2.850 -9.831e+09 3.963e+09 -8.224e+09 0.02001 131535 131493 681620 5043 24 131386 131506 34.1825 104860000000 104860000000 95330000000 19066000000 0 21.0882 0 0.0207 0.66991 0.12215 28.3269 -21.9919 12.577 0 0 0 0 0 0.0667 126800000000 133500000000
 0.3600   118031 0.3700   126542      1       -1       -1       -1  0 3.40033e+11 3.33700e+11 173.002000 28.011000 55.650000  1 0.3100 166.490000 57.00938 0.77652 43.95653 93.930 -78.640 -6.610 8.761e+09 3.886e+09 3.797e+10 0.01064 131536 131570 681620 5044 24 131386 131575 28.0109 333650000000 333650000000 314590000000 209730000000 38132000000 19.6587 0 0.00878 0.6526 0.08899 13.7602 -1.35191 -12.7025 0.06287 0.00826 6.74501 1.83765 -4.84276 0.0849 293800000000 209700000000
 0.3500   109672 0.3600   118029      1       -1       -1       -1  0 4.35333e+11 3.90800e+11 182.631000 19.039000 68.460000  1 0.1700 193.650000 56.74052 62.38104 42.40628 61.760 -71.790 50.930 1.290e+09 -1.223e+11 -2.476e+10 0.02911 131537 131452 681620 6801 23 131471 131470 19.0389 390850000000 390850000000 390850000000 285990000000 152530000000 23.3671 0 0.02178 0.33625 0.26551 3.804 -11.7931 16.0821 0.38438 0.23055 2.99554 -10.5654 15.3358 0.093 472000000000 190700000000
 0.3500   109673 0.3600   118029      1       -1       -1       -1  0 2.79633e+11 2.57400e+11 158.892000 20.942000 56.300000  0 0.2500 160.560000 56.54404 62.43021 42.30432 119.120 -88.040 51.770 -2.103e+09 -7.064e+10 -3.495e+10 0.03484 131538 131471 681620 6800 23 131386 131481 20.9422 276460000000 276460000000 276460000000 190660000000 76264000000 13.3405 0 0.0276 0.66279 0.33533 17.0344 1.45877 26.7309 0.63334 0.26734 12.8789 6.21947 25.9968 0.0862 242800000000 171600000000
 0.3500   109674 0.3600   118030      1       -1       -1       -1  0 4.35333e+11 1.14400e+11 121.257000 22.637000 27.430000  1 0.3300 115.490000 57.06521 0.46381 43.78648 71.970 -53.880 -1.770 -8.833e+09 7.987e+09 -6.412e+09 0.01906 131539 131494 681620 5010 23 131386 131506 22.6367 114400000000 114400000000 114400000000 9533000000 0 16.5217 0 0.0183 0.29472 0.00892 26.1389 13.2908 36.0056 0 0 0 0 0 0.0483 113700000000 76260000000
 0.3500   109675 0.3600   118031      1       -1       -1       -1  0 3.27333e+11 3.33700e+11 173.248000 40.651000 53.080000  1 0.3100 160.130000 56.92439 0.81232 43.96824 87.750 -72.440 -2.310 8.689e+10 -1.765e+10 5.929e+10 0.02971 131540 131571 681620 5011 23 131386 131575 40.6507 333650000000 324120000000 324120000000 200190000000 38132000000 12.1261 2.25 0.02423 0.76274 0.44259 26.4823 -12.1008 -21.1306 0.41983 0.26225 -3.53743 31.1518 -0.08085 0.0744 291100000000 324100000000
 0.3400   101481 0.3500   109672      1       -1       -1       -1  0 3.59067e+11 3.52700e+11 176.727000 18.375000 63.580000  1 0.1700 189.850000 56.68876 62.41545 42.36763 51.510 -61.800 51.290 -1.928e+10 -6.199e+10 -3.677e+10 0.02112 131541 131453 681620 6618 22 131386 131470 18.3752 352720000000 343190000000 333650000000 305060000000 142990000000 12.2599 1.7 0.01566 0.55486 0.26507 -16.2988 26.9936 -23.0613 0.37678 0.23909 18.7711 -19.8328 22.216 0.0803 400400000000 190700000000
 0.3400   101482 0.3500   109673      1       -1       -1       -1  0 2.79633e+11 2.95500e+11 166.605000 32.536000 58.010000  1 0.2500 159.620000 56.44894 62.49706 42.26513 103.990 -81.710 43.740 -1.023e+10 -9.531e+10 -5.675e+10 0.03853 131542 131472 681620 6617 22 131386 131481 32.5356 295520000000 295520000000 295520000000 181130000000 66731000000 11.7229 0 0.03141 0.42527 0.3744 17.5871 -5.69254 30.6354 0.30944 0.25391 8.68913 -15.7038 20.6061 0.0899 260800000000 209700000000
 0.3400   101483 0.3500   109674      1       -1       -1       -1  0 4.35333e+11 1.33500e+11 127.824000 21.499000 37.020000  1 0.3300 125.270000 56.99680 0.51403 43.77989 70.870 -55.400 2.080 -2.519e+10 -5.604e+09 -6.416e+08 0.03038 131543 131495 681620 4859 22 131386 131506 21.4986 133460000000 133460000000 133460000000 66731000000 0 4.26906 0 0.02738 0.65585 0.11258 31.6447 3.46578 37.1838 0.1438 0.03206 21.3933 23.4625 30.8058 0.0668 129700000000 95330000000
 0.3400   101484 0.3500   109675      1       -1       -1       -1  0 2.66933e+11 3.14600e+11 170.114000 28.763000 53.750000  1 0.3100 166.570000 56.85490 0.87715 43.96968 87.050 -69.550 -5.170 5.382e+10 -7.783e+10 6.978e+10 0.03729 131544 131572 681620 4860 22 131386 131575 28.7629 314590000000 314590000000 295520000000 219260000000 57198000000 5.96192 0 0.02987 0.39102 0.24064 33.4813 -2.09986 -24.9874 0.4411 0.06719 -12.7522 1.26407 23.0891 0.0696 289400000000 228800000000
 0.3300    93535 0.3400   101481      1       -1       -1       -1  0 3.36833e+11 3.33700e+11 173.707000 14.609000 65.880000  1 0.1700 198.470000 56.64688 62.44748 42.33868 48.150 -58.720 49.040 -2.131e+10 2.917e+09 9.366e+08 0.00712 131545 131454 681620 7033 21 131386 131470 14.6086 333650000000 333650000000 333650000000 276460000000 123930000000 24.2896 0 0.00503 0.74838 0.51922 22.3684 7.61759 8.93627 0.75507 0.50161 20.4201 6.13198 9.09474 0.0777 385200000000 143000000000
 0.3300    93536 0.3400   101482      1       -1       -1       -1  0 2.79633e+11 2.86000e+11 165.007000 24.153000 56.070000  1 0.2500 167.750000 56.35730 0.05357 42.20511 99.750 -76.190 44.910 -6.833e+09 -7.333e+10 -2.087e+10 0.02816 131546 131473 681620 4689 21 131386 131481 24.153 285990000000 285990000000 257390000000 200190000000 9533000000 10.8876 0 0.02313 0.71083 0.13619 -17.0243 24.3871 -5.64847 0.17393 0.00015 -13.964 32.8984 0.17991 0.0851 254800000000 190700000000
 0.3300    93537 0.3400   101483      1       -1       -1       -1  1 4.35333e+11 2.05000e+11 147.725000 25.378000 48.790000  1 0.3300 146.420000 56.97465 0.53232 43.77998 74.340 -64.180 -2.510 2.465e+09 -1.916e+10 2.277e+10 0.02784 131547 131496 681620 7535 21 131386 131506 25.9581 204960000000 200190000000 200190000000 123930500000 42898500000 23.7262 0 0.02409 0.460295 0.17421 -3.6222 9.84431 41.6723 0.29768 0.07553 8.51088 5.70936 30.552 0.0763 185300000000 152515000000
 0.3300    93538 0.3400   101484      1    93537    93537       -1  0 2.03367e+11 1.52500e+11 133.814000 15.563000 48.650000  1 0.3100 142.210000 56.94071 0.55111 43.77931 68.400 -49.120 9.740 -3.535e+10 -2.447e+07 1.537e+10 0.04052 131548 131573 681620 4747 21 131386 131575 15.5633 152530000000 152530000000 142990000000 114400000000 19066000000 13.8433 10.05 0.0332 0.483 0.36523 23.5245 12.207 31.1752 0.35372 0.22057 14.1959 16.462 27.4276 0.0853 163900000000 76260000000
 0.3200    85731 0.3300    93535      1       -1       -1       -1  0 3.27300e+11 3.24100e+11 172.248000 12.638000 66.540000  1 0.1700 206.290000 56.58735 0.00940 42.30550 48.210 -56.200 46.190 -1.154e+10 1.155e+10 9.855e+09 0.00691 131549 131455 681620 4558 20 131386 131470 12.6382 324120000000 324120000000 305060000000 266920000000 142990000000 24.2356 0 0.00475 0.60288 0.54059 12.2108 23.4289 -11.192 0.76002 0.66673 16.4582 17.0912 -2.6448 0.0772 406900000000 143000000000
 0.3200    85732 0.3300    93536      1       -1       -1       -1  0 2.66933e+11 2.57400e+11 159.508000 27.390000 50.240000  1 0.2500 159.990000 56.25698 0.11767 42.15446 94.880 -74.140 42.400 -6.081e+09 -2.356e+10 -7.525e+09 0.01136 131550 131474 681620 4557 20 131386 131481 27.3895 276460000000 266920000000 266920000000 171590000000 47665000000 10.8229 0 0.00931 0.7641 0.44978 -11.8323 14.8838 1.56057 0.58938 0.32726 11.3324 -8.99971 -3.05458 0.0724 225200000000 190700000000
 0.3200    85733 0.3300    93537      1       -1       -1       -1  0 2.82833e+11 2.76500e+11 163.353000 29.258000 56.620000  1 0.2300 162.770000 56.65679 1.03512 44.03337 73.700 -72.320 -7.410 3.012e+10 -3.271e+10 4.618e+10 0.02531 131551 131497 681620 4616 20 131386 131506 29.258 276460000000 266920000000 266920000000 181130000000 85797000000 43.1833 0 0.0208 0.26474 0.23584 -38.8891 16.2228 46.1608 0.45156 0.119 -4.37157 -12.0438 30.2982 0.0858 240900000000 209700000000
 0.3200    85734 0.3300    93538      1       -1       -1    93537  0 1.52500e+11 1.43000e+11 131.127000 5.914000 60.050000  1 0.3100 179.290000 56.88446 0.59226 43.75687 60.880 -56.020 5.820 -3.106e+10 1.557e+09 1.097e+10 0.04720 131552 131574 681620 4615 20 131386 131575 5.91387 142990000000 142990000000 142990000000 133460000000 104860000000 7.34716 0 0.0321 0.54524 0.27074 22.1523 -1.71955 15.1118 0.54524 0.27074 22.1523 -1.71955 15.1118 0.096 230700000000 38130000000
 0.3100    78170 0.3200    85731      1       -1       -1       -1  0 3.11400e+11 3.24100e+11 172.448000 15.375000 57.270000  1 0.1700 199.780000 56.55767 0.08793 42.27107 44.690 -53.020 42.790 -2.342e+10 7.997e+07 2.364e+10 0.01114 131553 131456 681620 4374 19 131386 131470 15.3746 324120000000 305060000000 295520000000 219260000000 57198000000 18.0449 0.72 0.00841 0.85699 0.50361 -8.38542 17.867 -11.3662 0.81339 0.4281 16.3101 -9.02225 9.60026 0.0719 337600000000 171600000000
 0.3100    78171 0.3200    85732      1       -1       -1       -1  0 2.44700e+11 2.57400e+11 159.693000 28.107000 49.880000  1 0.2500 161.830000 56.15727 0.19806 42.10761 91.890 -69.480 37.940 -1.342e+10 -2.006e+10 -3.360e+10 0.01857 131554 131475 681620 4373 19 131386 131481 28.1068 276460000000 266920000000 266920000000 133460000000 9533000000 13.9915 0 0.01535 0.86743 0.37145 -10.1966 33.6724 -1.95934 0.69443 0.18228 25.4327 18.2035 1.85079 0.072 218000000000 190700000000
 0.3100    78172 0.3200    85733      1       -1       -1       -1  0 2.82833e+11 2.86000e+11 165.402000 16.658000 51.470000  1 0.2300 186.360000 56.61271 1.09188 43.99843 74.340 -66.720 -6.480 3.552e+10 -3.681e+10 4.719e+10 0.02739 131555 131498 681620 4546 19 131386 131506 16.6577 285990000000 285990000000 276460000000 238320000000 0 10.1962 0 0.02167 0.55328 0.20399 -23.7744 23.832 31.6415 0.54812 0.25711 -26.9642 19.1694 31.7754 0.0668 308800000000 104900000000
 0.3100    78173 0.3200    85734      0       -1       -1       -1  0 1.52500e+11 1.52500e+11 134.134000 15.967000 50.510000  1 0.3100 145.850000 56.81073 0.67724 43.75861 56.000 -54.190 6.880 -2.947e+10 -1.479e+08 1.371e+10 0.03487 131556 131575 681620 4880 19 131386 131575 15.9667 152530000000 152530000000 142990000000 123930000000 28599000000 24.4589 0 0.02885 0.30268 0.0339 -0.46074 29.6994 27.411 0.71111 0.46282 2.90897 32.2668 31.8128 0.1042 151300000000 95330000000
 0.3000    70812 0.3100    78170      1       -1       -1       -1  0 2.98700e+11 2.86000e+11 165.583000 22.113000 46.260000  1 0.1700 178.630000 56.49784 0.13721 42.23546 43.240 -54.940 36.750 -1.830e+10 -1.131e+10 1.517e+10 0.01028 131557 131457 681620 3312 18 131386 131470 22.1134 285990000000 266920000000 266920000000 219260000000 9533000000 7.31689 3.72 0.00833 0.76262 0.52021 23.9069 38.9292 -0.68844 0.61129 0.03818 50.8442 -15.0487 1.93026 0.0576 286000000000 181100000000
 0.3000    70813 0.3100    78171      1       -1       -1       -1  0 2.25633e+11 2.19300e+11 151.549000 28.004000 47.010000  1 0.2500 154.710000 56.06054 0.26794 42.05725 81.800 -69.110 36.560 5.519e+09 6.344e+09 -7.025e+10 0.04279 131558 131476 681620 3311 18 131386 131481 28.0045 219260000000 209730000000 209730000000 114400000000 57198000000 18.8181 1.69 0.03485 0.65158 0.60212 1.65683 31.7573 -5.5168 0.34295 0.13516 -0.23109 21.9666 -20.0087 0.0678 185500000000 162100000000
 0.3000    70814 0.3100    78172      1       -1       -1       -1  0 2.60567e+11 2.86000e+11 165.583000 32.116000 48.580000  1 0.2300 167.850000 56.54108 1.15233 44.01780 68.790 -63.330 -7.070 1.481e+10 -3.710e+10 4.865e+10 0.02370 131559 131499 681620 3458 18 131386 131506 32.1158 285990000000 285990000000 266920000000 142990000000 9533000000 20.6033 0 0.01991 0.62824 0.11244 -18.7382 5.63713 37.4331 0.91385 0.21646 -11.5678 -20.187 42.0157 0.0674 258800000000 238300000000
 0.2900    63706 0.3000    70812      1       -1       -1       -1  0 2.92333e+11 2.86000e+11 165.755000 31.040000 42.810000  1 0.1700 171.500000 56.45096 0.19649 42.19734 42.590 -52.460 34.950 -1.925e+10 -2.291e+10 1.472e+10 0.01309 131560 131458 681620 3119 17 131386 131470 31.0399 285990000000 285990000000 276460000000 181130000000 19066000000 11.3632 0 0.01072 0.35278 0.19322 26.4158 35.6756 -9.12513 0.70981 0.11851 8.81063 26.218 -8.21289 0.046 258100000000 228800000000
 0.2900    63707 0.3000    70813      1       -1       -1       -1  0 1.93867e+11 2.00200e+11 147.174000 15.575000 45.340000  1 0.2500 169.060000 55.99622 0.32426 42.02719 76.030 -62.500 35.520 8.338e+09 9.554e+09 -4.232e+10 0.03265 131561 131477 681620 3118 17 131386 131481 15.5748 200190000000 200190000000 171590000000 123930000000 76264000000 9.08439 0 0.02574 0.49294 0.21359 16.8763 -11.1584 8.56288 0.03261 0.00317 17.4663 -6.30201 11.2783 0.0614 170400000000 85800000000
 0.2900    63708 0.3000    70814      1       -1       -1       -1  0 2.25600e+11 2.09700e+11 149.474000 31.519000 44.440000  1 0.2300 152.130000 56.47481 1.19495 43.98973 64.960 -64.330 -0.270 5.094e+10 9.018e+09 3.583e+10 0.03872 131562 131500 681620 3262 17 131386 131506 31.5195 209730000000 209730000000 209730000000 95330000000 19066000000 30.3308 0 0.03393 0.20199 0.15389 -2.52354 36.3109 21.7152 0.31256 0.07399 3.13722 15.8966 11.2711 0.0716 204600000000 190700000000
 0.2800    56866 0.2900    63706      1       -1       -1       -1  0 2.92333e+11 2.66900e+11 162.144000 25.303000 48.050000  1 0.1700 175.500000 56.40544 0.26431 42.13062 42.110 -50.290 35.450 -2.719e+10 -4.389e+10 2.005e+10 0.02543 131563 131459 681620 3712 16 131386 131470 25.3034 266920000000 266920000000 266920000000 200190000000 38132000000 20.1003 0 0.02032 0.63169 0.29087 10.3657 -18.1042 37.1689 0.54094 0.03541 17.6003 -11.5336 36.5271 0.0541 260900000000 190700000000
 0.2800    56867 0.2900    63707      1       -1       -1       -1  0 1.77967e+11 1.62100e+11 137.298000 15.183000 42.030000  1 0.2500 158.770000 55.91068 0.40773 41.98423 68.900 -61.120 32.560 9.176e+09 -3.282e+09 -9.500e+09 0.01425 131564 131478 681620 3711 16 131386 131481 15.183 162060000000 152530000000 142990000000 133460000000 47665000000 13.7454 0 0.01147 0.27916 0.03132 36.6184 -34.9037 -13.363 0.43236 0.09427 24.4011 -10.4214 -6.48688 0.0603 167400000000 66730000000
 0.2800    56868 0.2900    63708      1       -1       -1       -1  0 1.93833e+11 1.81100e+11 142.484000 15.561000 44.350000  1 0.2300 165.200000 56.39790 1.32361 43.99363 62.410 -62.550 -0.270 4.010e+10 6.684e+09 2.471e+10 0.04112 131565 131501 681620 3859 16 131386 131506 15.5607 181130000000 181130000000 181130000000 142990000000 9533000000 4.17523 0 0.03331 0.15826 0.01965 -5.01371 10.7196 47.9843 0.64322 0.47891 -16.4375 0.44056 45.2571 0.065 189100000000 104900000000
 0.2700    50366 0.2800    56866      1       -1       -1       -1  0 2.92333e+11 2.86000e+11 166.067000 30.123000 47.560000  1 0.1700 178.410000 56.36852 0.33816 42.10671 38.960 -48.290 34.240 -2.347e+10 -3.518e+10 4.692e+09 0.01781 131566 131460 681620 3637 15 131386 131470 30.1228 285990000000 266920000000 266920000000 190660000000 47665000000 15.6782 0 0.01417 0.70203 0.32035 14.4284 36.0832 -17.9117 0.23637 0.00068 25.1242 25.7373 -15.663 0.0508 250300000000 228800000000
 0.2700    50367 0.2800    56867      1       -1       -1       -1  0 1.66867e+11 1.71600e+11 140.067000 32.424000 34.070000  1 0.2500 145.640000 55.84960 0.45640 41.95667 61.970 -57.900 28.950 5.875e+09 -7.392e+09 -2.045e+10 0.01950 131567 131479 681620 3758 15 131386 131481 32.4245 171590000000 152530000000 152530000000 95330000000 0 15.5035 3.57 0.01757 0.30401 0.04779 51.8099 -12.1228 -29.2933 0.42047 0.06491 35.7497 -9.17852 -27.2159 0.0517 139700000000 152500000000
 0.2700    50368 0.2800    56868      1       -1       -1       -1  0 1.71600e+11 1.90700e+11 145.073000 39.393000 39.400000  1 0.2300 148.360000 56.33650 1.35278 44.01379 57.260 -52.540 -0.040 3.791e+10 3.280e+09 3.514e+10 0.03534 131568 131502 681620 3648 15 131386 131506 39.3925 190660000000 190660000000 190660000000 57198000000 0 36.3843 0 0.03389 0.28606 0.08334 -2.52093 -19.7254 39.7434 0.29595 0.23408 -1.57724 -25.9521 31.6597 0.0721 171000000000 190700000000
 0.2600    44186 0.2700    50366      1       -1       -1       -1  0 2.92333e+11 2.95500e+11 168.036000 33.279000 42.630000  1 0.1700 181.400000 56.34925 0.39380 42.06860 36.040 -45.090 33.920 -1.588e+10 5.517e+09 1.275e+09 0.00641 131569 131461 681620 3281 14 131386 131470 33.279 295520000000 285990000000 276460000000 200190000000 9533000000 22.3785 0 0.00541 0.954 0.60411 -17.5312 33.8447 -7.65744 0.67606 0.26457 16.8016 -13.8056 15.5995 0.0439 254300000000 247900000000
 0.2600    44187 0.2700    50367      1       -1       -1       -1  1 1.66867e+11 1.66900e+11 138.869000 27.422000 33.250000  1 0.2500 150.970000 55.82960 0.47628 41.94702 52.770 -55.790 26.320 4.672e+09 1.369e+09 -1.008e+10 0.01510 131570 131480 681620 5288 14 131386 131481 28.3056 166825000000 157295000000 157295000000 109630000000 0 11.2078 1.785 0.013555 0.267055 0.024245 45.846 -3.13084 -15.0261 0.210235 0.032455 29.4944 -7.76684 -17.1633 0.0441 143100000000 138200000000
 0.2600    44188 0.2700    50368      1       -1       -1       -1  1 1.43010e+11 1.43000e+11 131.880000 30.987000 34.200000  1 0.2300 138.520000 56.31646 1.37117 44.01379 57.260 -52.540 -0.040 2.574e+10 2.344e+09 2.129e+10 0.03462 131571 131503 681620 5286 14 131386 131506 33.1172 142995000000 142995000000 142995000000 47665000000 0 25.386 0 0.0337 0.217235 0.04167 -4.49503 5.07128 29.1688 0.530155 0.12513 -4.98212 -4.42638 36.3546 0.0623 154300000000 128715000000
 0.2500    38367 0.2600    44186      1       -1       -1       -1  0 2.92333e+11 2.95500e+11 168.169000 27.391000 45.950000  1 0.1700 190.520000 56.26014 0.45276 42.02043 33.370 -40.770 29.650 -6.991e+09 -7.057e+09 1.307e+10 0.00670 131572 131462 681620 2463 13 131386 131470 27.3911 295520000000 295520000000 295520000000 200190000000 28599000000 13.0751 0 0.00537 0.89412 0.66201 37.282 0.52866 9.62219 0.87408 0.58576 31.8752 2.10496 1.76554 0.0419 274600000000 200200000000
 0.2500    38368 0.2600    44187      0       -1       -1       -1  0 1.62100e+11 1.62100e+11 137.650000 22.419000 32.380000  1 0.2500 155.940000 55.69957 0.61768 41.89116 58.240 -50.130 21.390 3.470e+09 1.013e+10 2.976e+08 0.01070 131573 131481 681620 2649 13 131386 131481 22.4189 162060000000 162060000000 162060000000 123930000000 0 6.91207 0 0.00954 0.2301 0.0007 39.8821 5.8611 -0.75882 0 0 23.2391 -6.35517 -7.1106 0.0365 146500000000 123900000000
 0.2500    38369 0.2600    44188      1       -1       -1       -1  0 1.08043e+11 9.53300e+10 115.335000 22.581000 26.600000  1 0.2300 127.030000 56.17973 1.48287 44.02524 50.540 -35.980 -6.710 1.356e+10 1.407e+09 7.441e+09 0.03389 131574 131504 681620 2486 13 131386 131506 22.5809 95330000000 95330000000 95330000000 38132000000 0 14.3876 0 0.03351 0.14841 0 -6.46912 29.868 18.5943 0.76436 0.01618 -8.387 17.0993 41.0494 0.0525 137600000000 66730000000
 0.2400    32899 0.2500    38367      1       -1       -1       -1  0 2.76467e+11 2.86000e+11 166.464000 13.644000 50.800000  1 0.1700 221.460000 56.21115 0.51649 41.97915 32.000 -37.510 27.930 -1.285e+10 -9.587e+08 2.636e+09 0.00616 131575 131463 681620 2858 12 131386 131470 13.6442 285990000000 276460000000 276460000000 200190000000 76264000000 17.6105 0.63 0.00464 0.88066 0.45738 -9.54516 31.4641 3.00359 0.91523 0.50814 27.8128 -0.34837 -9.92299 0.0471 327500000000 95330000000
 0.2400    32901 0.2500    38369      1       -1       -1       -1  0 6.99100e+10 8.58000e+10 111.436000 21.362000 25.620000  1 0.2300 125.500000 56.10643 1.54251 44.01928 45.870 -33.720 -8.600 1.693e+10 2.744e+09 3.701e+09 0.04473 131576 131505 681620 2903 12 131386 131506 21.3621 85797000000 85797000000 85797000000 19066000000 0 18.0044 0 0.04602 0.45377 0.02227 -4.37027 29.9699 32.8564 0 0 0 0 0 0.0502 122400000000 57200000000
 0.2300    27818 0.2400    32899      1       -1       -1       -1  0 2.63767e+11 2.47900e+11 158.818000 22.084000 44.140000  1 0.1700 192.460000 56.16604 0.57752 41.93669 30.080 -35.190 24.700 -1.075e+10 -2.285e+10 -2.988e+08 0.01464 131577 131464 681620 2575 11 131386 131470 22.0843 247860000000 247860000000 247860000000 181130000000 19066000000 18.3741 0 0.01155 0.70996 0.57936 4.45958 33.2385 -5.7384 0.89381 0.54464 13.2708 24.2804 2.43103 0.0425 238600000000 171600000000
 0.2300    27819 0.2400    32901      0       -1       -1       -1  0 2.86000e+10 2.86000e+10 77.318000 8.132000 19.680000  1 0.2300 99.120000 56.02293 1.65644 44.03856 55.230 -49.510 19.140 5.305e+08 6.843e+08 -9.570e+07 0.00900 131578 131506 681620 2650 11 131386 131506 8.13203 28599000000 28599000000 28599000000 19066000000 0 33.3513 19.68 0.01456 0 0 0 0 0 0 0 0 0 0 0.193 124800000000 0
 0.2200    23065 0.2300    27818      1       -1       -1       -1  0 2.38333e+11 2.57400e+11 160.930000 54.249000 39.170000  1 0.1700 178.430000 56.11382 0.63917 41.90006 32.330 -36.100 23.510 -1.385e+09 -6.362e+09 2.468e+09 0.00357 131579 131465 681620 2302 10 131386 131470 54.2491 257390000000 247860000000 238320000000 133460000000 0 14.947 0.76 0.00306 0.63953 0.17972 8.20898 33.6131 15.4898 0.08592 0.0371 7.83336 36.8456 6.37691 0.0395 209300000000 305100000000
 0.2100    18739 0.2200    23065      1       -1       -1       -1  0 2.19267e+11 2.09700e+11 150.397000 16.469000 41.360000  1 0.1700 199.680000 56.03757 0.73307 41.84138 32.950 -38.000 25.330 -8.185e+09 4.779e+08 2.348e+09 0.00725 131580 131466 681620 1962 9 131386 131470 16.4693 209730000000 209730000000 209730000000 171590000000 85797000000 12.9124 0 0.00539 0.79368 0.59413 4.70364 18.9749 -9.84123 0.54189 0.16306 -6.39183 19.725 -5.51433 0.0292 217100000000 95330000000
 0.2000    14878 0.2100    18739      1       -1       -1       -1  0 2.03367e+11 1.90700e+11 145.771000 14.106000 42.280000  1 0.1700 203.610000 55.95884 0.75758 41.79615 29.200 -32.810 26.140 -2.709e+09 -4.345e+08 4.242e+09 0.00500 131581 131467 681620 1666 8 131386 131470 14.1061 190660000000 190660000000 190660000000 181130000000 0 32.2364 0 0.00383 0.66948 0.4156 6.04406 34.9522 -10.9127 0.1893 0.04972 2.18938 52.2092 -7.57856 0.0357 210700000000 66730000000
 0.1900    11508 0.2000    14878      1       -1       -1       -1  0 1.87500e+11 2.09700e+11 150.548000 29.525000 35.800000  1 0.1700 189.120000 55.93003 0.88513 41.74884 25.200 -31.870 20.710 -5.229e+09 3.159e+09 4.044e+09 0.00569 131582 131468 681620 1376 7 131386 131470 29.5246 209730000000 209730000000 209730000000 104860000000 0 33.6255 0 0.00486 0.63451 0.06953 37.8629 21.4931 26.9779 0.29328 0.06619 40.8879 6.94888 37.6461 0.0333 189100000000 171600000000
 0.1800     8557 0.1900    11508      1       -1       -1       -1  0 1.62067e+11 1.62100e+11 138.210000 23.045000 31.450000  1 0.1700 182.700000 55.85133 0.93682 41.69150 20.050 -25.830 21.800 -5.446e+09 -1.963e+09 2.547e+09 0.00794 131583 131469 681620 1123 6 131386 131470 23.0454 162060000000 152530000000 152530000000 114400000000 19066000000 10.3693 0 0.00663 0.42863 0.33207 26.9477 14.9872 5.07411 0.38149 0.02417 26.5539 27.1574 5.16037 0.0278 140300000000 114400000000
 0.1700     6095 0.1800     8557      0       -1       -1       -1  0 1.14400e+11 1.14400e+11 123.108000 38.600000 25.450000  1 0.1700 155.410000 55.78064 1.00454 41.63922 21.250 -24.540 23.790 1.640e+08 -4.519e+09 2.720e+09 0.01055 131584 131470 681620 818 5 131386 131470 38.5999 114400000000 104860000000 104860000000 57198000000 0 9.81881 2.29 0.01017 0.57764 0.21689 -14.4589 42.5316 -28.7334 0.14483 0 -4.05506 50.7552 -25.7947 0.0326 118100000000 143000000000
