 1.0000   675019 0.0000       -1      1       -1       -1       -1  0 4.19400e+11 4.19400e+11 153.143000 7.414000 111.990000  1 0.2400 157.480000 1.45327 31.82070 15.73614 -37.170 217.930 -373.040 -3.912e+11 -1.563e+11 5.478e+11 0.07989 322574 322574 675019 534 88 322573 322650 7.41387 419450000000 467120000000 305060000000 257390000000 200190000000 8.775 0 0.07009 0.75378 0.54638 6.6095 12.756 8.63481 0.77399 0.49325 7.8244 11.6147 3.70275 0.4533 679000000000 162100000000
 0.9900   666848 1.0000   675019      1       -1       -1       -1  0 4.03533e+11 3.90800e+11 150.210000 7.984000 107.300000  1 0.2400 150.260000 1.46509 31.80993 15.77497 -39.820 207.980 -372.470 -1.899e+11 -1.159e+11 4.011e+11 0.06194 322575 322575 675019 522 87 322573 322650 7.98389 390850000000 457580000000 324120000000 266920000000 181130000000 8.52607 0 0.05248 0.80656 0.60474 5.14718 17.1965 -2.32094 0.82665 0.6305 6.32323 12.516 -5.66739 0.4214 579800000000 152500000000
 0.9800   658512 0.9900   666848      1       -1       -1       -1  0 4.00400e+11 4.00400e+11 152.056000 7.880000 108.210000  1 0.2400 153.000000 1.46526 31.78264 15.81458 -39.290 203.400 -367.680 -1.443e+11 -7.813e+10 4.110e+11 0.05877 322576 322576 675019 535 86 322573 322650 7.88001 400390000000 457580000000 295520000000 257390000000 171590000000 6.40134 0 0.04879 0.78671 0.57214 0.63342 14.0544 -5.05286 0.44158 0.29718 -6.14442 11.8822 -3.15691 0.4088 588400000000 162100000000
 0.9700   650199 0.9800   658512      1       -1       -1       -1  0 4.00400e+11 4.00400e+11 152.690000 8.923000 109.760000  1 0.2400 148.460000 1.47444 31.76014 15.84857 -39.470 198.920 -360.800 -1.390e+11 -7.813e+10 4.094e+11 0.05854 322577 322577 675019 1567 85 322573 322650 8.92323 400390000000 448050000000 295520000000 257390000000 171590000000 6.351 0 0.04858 0.95432 0.78972 -2.30473 5.50597 11.6722 0.82956 0.69512 -0.29828 -5.76198 10.233 0.414 568900000000 162100000000
 0.9600   641904 0.9700   650199      1       -1       -1       -1  0 4.00400e+11 4.00400e+11 153.323000 6.804000 113.790000  1 0.2400 160.940000 1.48010 31.73668 15.89059 -42.660 197.530 -353.850 -1.542e+11 -1.425e+11 4.734e+11 0.06951 322578 322578 675019 2504 84 322573 322650 6.80356 400390000000 448050000000 295520000000 257390000000 171590000000 7.62818 0 0.05745 0.71926 0.67576 4.78992 12.4462 8.58917 0.92484 0.78559 -1.47634 -7.9125 8.97044 0.4264 631900000000 162100000000
 0.9500   633617 0.9600   641904      1       -1       -1       -1  0 3.90867e+11 4.00400e+11 153.955000 6.448000 115.550000  1 0.2400 164.210000 1.48254 31.71855 15.93380 -43.270 194.250 -345.310 -1.892e+11 -1.827e+11 5.683e+11 0.08425 322579 322579 675019 543 83 322573 322650 6.44818 400390000000 428980000000 295520000000 266920000000 200190000000 3.58166 0 0.06969 0.69646 0.59282 11.141 11.6148 5.89842 0.70192 0.499 10.7946 10.8857 4.41939 0.4325 689400000000 181100000000
 0.9400   625334 0.9500   633617      1       -1       -1       -1  0 3.74967e+11 3.71800e+11 150.814000 5.589000 118.170000  1 0.2400 166.730000 1.48521 31.69338 15.97694 -49.730 190.900 -344.300 -1.280e+11 -7.116e+10 3.458e+11 0.06089 322580 322580 675019 1513 82 322573 322650 5.58942 371790000000 409920000000 324120000000 266920000000 228790000000 7.2879 4.02 0.04743 0.83668 0.64459 6.53507 10.1354 -7.01498 0.77502 0.61222 -3.25226 -8.44348 8.78454 0.4222 715400000000 171600000000
 0.9300   617026 0.9400   625334      1       -1       -1       -1  0 3.74967e+11 3.43200e+11 147.441000 5.229000 124.340000  1 0.2400 165.080000 1.48817 31.66326 16.01793 -51.060 185.230 -338.120 -1.144e+11 7.586e+09 2.454e+11 0.05255 322581 322581 675019 543 81 322573 322650 5.2291 343190000000 409920000000 324120000000 266920000000 200190000000 18.1075 0 0.03923 0.774 0.563 7.68422 12.8355 -2.25209 0.80949 0.59475 5.55742 10.7602 -3.88855 0.4357 666900000000 162100000000
 0.9200   608698 0.9300   617026      1       -1       -1       -1  0 3.74967e+11 3.52700e+11 149.396000 5.385000 121.860000  1 0.2400 166.340000 1.49373 31.64156 16.05719 -51.160 180.480 -331.060 -5.834e+10 -3.721e+10 2.166e+11 0.04116 322582 322582 675019 1551 80 322573 322650 5.38472 352720000000 390850000000 333650000000 276460000000 209730000000 18.9325 1.74 0.03157 0.7507 0.55154 8.37436 12.0115 -2.4797 0.77594 0.59557 5.4746 11.0341 -1.95108 0.4343 696800000000 162100000000
 0.9100   600355 0.9200   608698      1       -1       -1       -1  0 3.74967e+11 3.52700e+11 149.997000 6.754000 118.190000  1 0.2400 156.190000 1.49515 31.62871 16.10425 -51.610 177.940 -323.890 -1.284e+11 7.110e+09 2.269e+11 0.04671 322583 322583 675019 1583 79 322573 322650 6.75417 352720000000 371790000000 333650000000 276460000000 171590000000 18.5326 0 0.03634 0.7101 0.67024 12.8707 5.3195 -5.65933 0.79133 0.6915 12.1751 0.04889 -5.03233 0.4243 552100000000 143000000000
 0.9000   592009 0.9100   600355      1       -1       -1       -1  0 3.74967e+11 3.52700e+11 150.596000 6.362000 117.420000  1 0.2400 159.700000 1.52079 31.61215 16.13827 -51.820 173.310 -316.790 -1.293e+11 6.661e+09 2.245e+11 0.04717 322584 322584 675019 554 78 322573 322650 6.36237 352720000000 362250000000 333650000000 285990000000 247860000000 5.70912 0 0.03623 0.87992 0.76012 6.31857 15.373 -2.88117 0.9371 0.72662 3.69968 11.764 -8.805 0.4137 685800000000 95330000000
 0.8900   583616 0.9000   592009      1       -1       -1       -1  0 3.74967e+11 3.52700e+11 151.194000 6.857000 118.020000  1 0.2400 156.990000 1.52711 31.58901 16.17819 -52.010 168.640 -309.650 -1.293e+11 6.338e+09 2.219e+11 0.04814 322585 322585 675019 509 77 322573 322650 6.85663 352720000000 362250000000 343190000000 285990000000 228790000000 7.02361 0 0.03605 0.6158 0.4833 0.80346 14.007 -6.54107 0.61284 0.41386 0.86964 12.7217 -8.10462 0.4028 655300000000 143000000000
 0.8800   575242 0.8900   583616      1       -1       -1       -1  0 3.74967e+11 3.52700e+11 151.790000 6.840000 115.750000  1 0.2400 157.860000 1.53702 31.56726 16.21918 -51.590 165.830 -301.100 -1.069e+11 -5.787e+09 1.871e+11 0.04080 322586 322586 675019 1591 76 322573 322650 6.83986 352720000000 362250000000 333650000000 295520000000 219260000000 3.44901 0 0.03036 0.85759 0.57753 3.78958 17.2901 -2.70912 0.81807 0.56868 2.43664 15.8974 -3.88358 0.3885 642800000000 133500000000
 0.8700   566791 0.8800   575242      1       -1       -1       -1  0 3.74967e+11 3.52700e+11 152.384000 5.886000 115.580000  1 0.2400 165.850000 1.54592 31.54559 16.26061 -51.670 161.200 -294.390 -1.055e+11 -4.410e+09 1.849e+11 0.04088 322587 322587 675019 569 75 322573 322650 5.88554 352720000000 371790000000 343190000000 305060000000 200190000000 4.79346 0 0.0301 0.82107 0.54018 2.59122 14.1987 -5.06135 0.71699 0.42463 2.53862 12.0239 -5.85392 0.3816 660800000000 143000000000
 0.8600   558330 0.8700   566791      1       -1       -1       -1  0 3.74967e+11 3.52700e+11 152.976000 6.775000 117.010000  1 0.2400 159.870000 1.55149 31.52643 16.30211 -51.720 156.540 -287.660 -1.042e+11 -3.080e+09 1.825e+11 0.04083 322588 322588 675019 576 74 322573 322650 6.77464 352720000000 371790000000 343190000000 305060000000 209730000000 4.59075 0 0.02983 0.92064 0.80914 11.1934 9.04257 2.93112 0.9198 0.76997 12.1666 5.74781 2.26038 0.3827 587900000000 152500000000
 0.8500   549899 0.8600   558330      1       -1       -1       -1  0 3.74967e+11 3.52700e+11 153.566000 5.473000 117.970000  1 0.2400 171.280000 1.56152 31.50201 16.34695 -51.730 151.850 -280.910 -1.029e+11 -2.167e+09 1.805e+11 0.04078 322589 322589 675019 1625 73 322573 322650 5.47253 352720000000 371790000000 333650000000 305060000000 228790000000 5.61693 0 0.0296 0.98962 0.8705 3.726 14.176 5.7208 0.8592 0.64416 12.6033 7.25893 -6.27374 0.3826 677100000000 152500000000
 0.8400   541382 0.8500   549899      1       -1       -1       -1  0 3.74967e+11 3.71800e+11 156.882000 5.987000 118.190000  1 0.2400 171.410000 1.56753 31.47591 16.39035 -50.950 146.320 -271.960 -8.976e+10 -2.766e+10 2.297e+11 0.04407 322590 322590 675019 551 72 322573 322650 5.98665 371790000000 371790000000 324120000000 285990000000 219260000000 8.87723 4.32 0.03252 0.74862 0.48462 6.49547 11.7365 -6.36098 0.72383 0.37519 -7.06978 -9.46587 7.21886 0.3828 675600000000 162100000000
 0.8300   532855 0.8400   541382      1       -1       -1       -1  0 3.74967e+11 3.62300e+11 156.120000 6.687000 116.940000  1 0.2400 164.860000 1.58581 31.45818 16.43665 -50.350 138.480 -266.990 -7.582e+10 2.078e+10 3.052e+11 0.05791 322591 322591 675019 2569 71 322573 322650 6.68668 362250000000 371790000000 314590000000 285990000000 219260000000 17.8992 0 0.04329 0.94139 0.81394 -0.87012 12.8101 -0.45368 0.87155 0.67617 0.30221 10.1093 -7.77248 0.3862 607100000000 133500000000
 0.8200   524280 0.8300   532855      1       -1       -1       -1  0 3.74967e+11 3.43200e+11 153.909000 5.587000 113.100000  1 0.2400 170.850000 1.58901 31.43803 16.47206 -54.340 133.510 -260.790 1.006e+10 -3.227e+10 2.408e+11 0.05108 322592 322592 675019 550 70 322573 322650 5.58672 343190000000 371790000000 314590000000 276460000000 238320000000 15.0312 0 0.03671 0.81942 0.59683 8.12617 4.93898 14.2237 0.83142 0.60008 8.14779 4.67849 13.1565 0.3559 696300000000 133500000000
 0.8100   515642 0.8200   524280      1       -1       -1       -1  0 3.74967e+11 3.33700e+11 153.040000 5.246000 112.420000  1 0.2400 172.990000 1.59693 31.41592 16.51285 -54.980 131.200 -253.180 3.698e+10 -4.702e+09 1.895e+11 0.04336 322593 322593 675019 1634 69 322573 322650 5.24628 333650000000 371790000000 324120000000 276460000000 247860000000 13.1533 0 0.03069 0.87488 0.55785 2.54398 -6.01426 16.4318 0.87476 0.55749 2.93176 -5.54837 15.7244 0.3484 695200000000 123900000000
 0.8000   506976 0.8100   515642      1       -1       -1       -1  0 3.74967e+11 3.33700e+11 153.606000 5.641000 110.980000  1 0.2400 170.120000 1.60480 31.39297 16.55306 -54.810 126.030 -246.710 3.537e+10 -4.654e+09 1.876e+11 0.04314 322594 322594 675019 601 68 322573 322650 5.64079 333650000000 333650000000 314590000000 276460000000 228790000000 10.967 0 0.03047 0.94196 0.69722 1.66845 15.8334 0.68892 0.9375 0.64544 5.89728 13.5119 3.37832 0.3407 649400000000 143000000000
 0.7900   498347 0.8000   506976      1       -1       -1       -1  0 3.74967e+11 3.24100e+11 152.687000 4.900000 111.050000  1 0.2400 176.420000 1.61299 31.36885 16.59421 -56.810 120.470 -241.930 7.359e+10 3.446e+10 1.257e+11 0.03647 322595 322595 675019 565 67 322573 322650 4.90002 324120000000 333650000000 314590000000 276460000000 209730000000 6.51455 0 0.02518 0.71975 0.67116 3.98497 12.7041 -6.64378 0.70741 0.49269 5.03413 13.169 -4.88871 0.3336 611600000000 162100000000
 0.7800   489713 0.7900   498347      1       -1       -1       -1  0 3.74967e+11 3.24100e+11 153.241000 6.742000 105.090000  1 0.2400 161.090000 1.62164 31.35447 16.63992 -56.600 115.540 -235.300 7.223e+10 3.380e+10 1.246e+11 0.03413 322596 322596 675019 569 66 322573 322650 6.74156 324120000000 333650000000 295520000000 276460000000 200190000000 10.2262 0 0.025 0.59207 0.42662 8.67713 18.7623 -2.29485 0.62674 0.37964 8.82378 16.6078 -4.33772 0.3352 544700000000 104900000000
 0.7700   481026 0.7800   489713      1       -1       -1       -1  0 3.74967e+11 3.14600e+11 152.270000 7.686000 95.190000  1 0.2400 154.030000 1.61700 31.32432 16.67932 -55.900 109.240 -230.400 9.196e+10 5.197e+10 1.141e+11 0.03801 322597 322597 675019 572 65 322573 322650 7.68586 314590000000 324120000000 295520000000 266920000000 171590000000 11.3163 0 0.02775 0.73221 0.47336 3.37247 -13.2922 18.0434 0.51621 0.41907 2.81485 -12.4435 17.7192 0.2936 480400000000 95330000000
 0.7600   472329 0.7700   481026      1       -1       -1       -1  0 3.74967e+11 3.05100e+11 151.254000 7.724000 89.270000  1 0.2400 152.690000 1.63638 31.30236 16.72123 -53.570 111.030 -222.420 8.868e+10 8.781e+10 1.349e+11 0.04741 322598 322598 675019 582 64 322573 322650 7.72413 305060000000 352720000000 295520000000 266920000000 190660000000 7.64963 6.64 0.03468 0.98097 0.55696 9.99609 -12.2077 19.6367 0.96491 0.54528 -4.21917 20.5383 -10.6927 0.2719 499500000000 57200000000
 0.7500   463594 0.7600   472329      1       -1       -1       -1  0 3.74967e+11 3.24100e+11 154.886000 7.798000 84.640000  1 0.2400 157.190000 1.64592 31.27907 16.76542 -56.150 98.940 -218.820 1.097e+11 6.431e+10 9.781e+10 0.03647 322599 322599 675019 584 63 322573 322650 7.79803 324120000000 352720000000 276460000000 257390000000 209730000000 5.87372 0 0.02751 0.74231 0.55593 13.6114 -8.93846 23.5988 0.81885 0.50503 15.2146 -8.417 19.3023 0.2518 524900000000 66730000000
 0.7400   454806 0.7500   463594      1       -1       -1       -1  0 3.74967e+11 3.33700e+11 156.936000 9.926000 81.770000  1 0.2400 149.840000 1.65490 31.25984 16.80649 -53.070 99.130 -214.440 3.664e+10 4.437e+10 -3.411e+10 0.01467 322600 322600 675019 1645 62 322573 322650 9.9263 333650000000 343190000000 276460000000 247860000000 142990000000 6.7768 1.32 0.01098 0.60633 0.5415 12.721 -10.9876 18.7401 0.51997 0.36209 16.2198 -12.6004 11.304 0.2264 480300000000 114400000000
 0.7300   445987 0.7400   454806      1       -1       -1       -1  0 3.74967e+11 3.24100e+11 155.964000 9.403000 86.330000  1 0.2400 151.080000 1.66457 31.24588 16.84595 -52.860 94.250 -208.400 2.506e+10 8.248e+10 -1.290e+10 0.02082 322601 322601 675019 561 61 322573 322650 9.40254 324120000000 324120000000 305060000000 247860000000 181130000000 7.61144 0 0.01509 0.64227 0.49193 10.8222 -11.132 18.4378 0.5493 0.32924 15.1068 -11.6258 15.9001 0.2349 458400000000 133500000000
 0.7200   437116 0.7300   445987      1       -1       -1       -1  0 3.74967e+11 3.05100e+11 153.366000 7.306000 94.100000  1 0.2400 158.890000 1.67788 31.22087 16.88212 -52.170 92.000 -201.110 1.646e+10 7.622e+10 3.462e+10 0.02347 322602 322602 675019 530 60 322573 322650 7.30649 305060000000 324120000000 305060000000 266920000000 190660000000 9.01503 0 0.01643 0.5677 0.42979 1.43462 0.83847 21.9486 0.5126 0.21611 3.32586 -0.07783 22.4699 0.2574 489700000000 95330000000
 0.7100   428183 0.7200   437116      1       -1       -1       -1  0 3.74967e+11 3.14600e+11 155.471000 5.681000 101.360000  1 0.2400 174.560000 1.68896 31.19948 16.92806 -53.630 84.670 -195.260 5.402e+10 4.843e+10 1.483e+10 0.02005 322603 322603 675019 698 59 322573 322650 5.68117 314590000000 314590000000 295520000000 266920000000 219260000000 9.38249 0 0.01362 0.87978 0.57912 2.50545 2.39431 20.0707 0.96631 0.55716 6.84189 6.417 16.3046 0.2714 597900000000 123900000000
 0.7000   419215 0.7100   428183      1       -1       -1       -1  0 3.74967e+11 3.05100e+11 154.399000 5.565000 105.650000  1 0.2400 174.450000 1.69920 31.18004 16.97135 -52.540 81.540 -189.970 1.975e+10 6.980e+10 3.394e+10 0.02438 322604 322604 675019 681 58 322573 322650 5.56452 305060000000 324120000000 295520000000 276460000000 238320000000 7.82306 0 0.01559 0.74636 0.61511 2.66731 -6.33257 15.1358 0.74601 0.69759 2.26218 -7.12538 13.3237 0.2663 628200000000 123900000000
 0.6900   410225 0.7000   419215      1       -1       -1       -1  0 3.74967e+11 3.14600e+11 156.506000 5.016000 104.880000  1 0.2400 183.770000 1.71143 31.15854 17.01612 -52.780 76.290 -184.530 4.204e+10 2.879e+10 1.218e+10 0.01501 322605 322605 675019 551 57 322573 322650 5.01625 314590000000 314590000000 285990000000 276460000000 257390000000 11.2675 1.81 0.00974 0.79555 0.57922 8.37786 -8.81895 10.9561 0.86925 0.63353 6.53236 -7.36157 11.7295 0.2645 658500000000 95330000000
 0.6800   401219 0.6900   410225      1       -1       -1       -1  0 3.74967e+11 3.14600e+11 157.016000 6.143000 105.870000  1 0.2400 173.860000 1.72188 31.14361 17.05731 -54.690 68.030 -175.140 8.152e+10 -1.275e+10 -1.252e+10 0.02381 322606 322606 675019 569 56 322573 322650 6.14293 314590000000 314590000000 276460000000 276460000000 266920000000 16.5268 0 0.01561 0.68726 0.52191 7.47335 -5.06463 17.6103 0.71103 0.54929 5.16055 -5.49175 17.1472 0.2701 627100000000 143000000000
 0.6700   392234 0.6800   401219      1       -1       -1       -1  0 3.74967e+11 3.05100e+11 155.914000 6.048000 99.520000  1 0.2400 173.530000 1.73387 31.13006 17.10034 -53.630 65.700 -169.720 1.965e+10 1.246e+10 -2.405e+10 0.01007 322607 322607 675019 2761 55 322573 322650 6.04789 305060000000 314590000000 295520000000 276460000000 228790000000 13.9114 0 0.00663 0.60035 0.53181 9.13253 1.76353 18.069 0.64293 0.50101 8.37537 -0.21156 16.7448 0.2505 569500000000 104900000000
 0.6600   383273 0.6700   392234      1       -1       -1       -1  0 3.74967e+11 3.05100e+11 156.409000 7.252000 93.040000  1 0.2400 165.620000 1.75178 31.11271 17.14402 -53.510 60.750 -164.360 2.100e+10 1.459e+10 -2.526e+10 0.01062 322608 322608 675019 1663 54 322573 322650 7.25218 305060000000 305060000000 295520000000 257390000000 219260000000 12.0988 0 0.00716 0.67289 0.63993 5.73942 4.09064 16.915 0.77834 0.70971 5.24413 3.30868 14.35 0.2344 519200000000 123900000000
 0.6500   374218 0.6600   383273      1       -1       -1       -1  0 3.74967e+11 2.95500e+11 155.248000 7.048000 89.830000  1 0.2400 165.890000 1.76519 31.09821 17.18501 -54.230 57.400 -156.990 2.827e+10 1.097e+10 -2.007e+10 0.01144 322609 322609 675019 627 53 322573 322650 7.04778 295520000000 305060000000 295520000000 257390000000 181130000000 13.0968 0 0.00768 0.75561 0.55468 -8.81103 -0.26718 16.7752 0.73391 0.28178 12.9316 1.24801 -12.2987 0.2221 434000000000 123900000000
 0.6400   365137 0.6500   374218      1       -1       -1       -1  0 3.74967e+11 2.86000e+11 154.034000 8.889000 82.370000  1 0.2400 154.320000 1.78994 31.07789 17.21820 -54.000 51.230 -150.850 4.860e+10 9.188e+09 -2.194e+10 0.01722 322610 322610 675019 609 52 322573 322650 8.88919 285990000000 305060000000 266920000000 257390000000 171590000000 17.833 0 0.01215 0.76956 0.54131 -7.05929 7.84617 19.3278 0.77085 0.58532 -10.2159 4.98858 17.5982 0.2118 409400000000 114400000000
 0.6300   356022 0.6400   365137      1       -1       -1       -1  0 3.74967e+11 2.86000e+11 154.503000 7.591000 78.730000  1 0.2400 162.420000 1.79750 31.07118 17.27225 -53.780 46.720 -144.940 4.843e+10 1.666e+10 -1.281e+10 0.01695 322611 322611 675019 607 51 322573 322650 7.59142 285990000000 285990000000 266920000000 247860000000 200190000000 8.84776 0 0.01193 0.67561 0.53383 25.7358 6.19977 2.3757 0.60049 0.20982 28.2244 1.69407 3.16104 0.1942 472500000000 38130000000
 0.6200   346918 0.6300   356022      1       -1       -1       -1  0 3.74967e+11 2.57400e+11 149.619000 7.091000 78.290000  1 0.2400 159.470000 1.81622 31.05549 17.31105 -53.180 41.070 -137.960 7.213e+10 7.938e+09 -1.055e+10 0.02926 322612 322612 675019 605 50 322573 322650 7.09123 257390000000 285990000000 257390000000 247860000000 181130000000 4.09625 0 0.01988 0.92873 0.55383 16.2291 3.45474 5.36273 0.92873 0.55383 16.2291 3.45474 5.36273 0.1873 425400000000 57200000000
 0.6100   337788 0.6200   346918      1       -1       -1       -1  0 3.74967e+11 2.76500e+11 153.678000 9.802000 73.720000  1 0.2400 151.470000 1.83254 31.04409 17.34883 -52.120 34.080 -134.020 9.909e+10 2.213e+10 -1.621e+10 0.03521 322613 322613 675019 587 49 322573 322650 9.80198 276460000000 285990000000 257390000000 247860000000 152530000000 5.81948 0 0.02491 0.67152 0.64563 9.93934 8.24096 21.3702 0.68878 0.40408 12.3114 8.84835 18.7893 0.1714 412700000000 104900000000
 0.6000   328626 0.6100   337788      1       -1       -1       -1  0 3.74967e+11 2.66900e+11 152.332000 9.546000 75.280000  1 0.2400 151.440000 1.84808 31.03527 17.39758 -51.480 30.600 -129.370 1.052e+11 2.166e+10 -1.219e+10 0.04002 322614 322614 675019 1644 48 322573 322650 9.54611 266920000000 285990000000 266920000000 247860000000 95330000000 4.98342 0 0.02796 0.81959 0.74057 -4.51602 19.1872 4.53583 0.84021 0.62624 -5.38034 17.4801 7.9727 0.1747 401000000000 95330000000
 0.5900   319433 0.6000   328626      1       -1       -1       -1  0 3.74967e+11 2.76500e+11 154.564000 8.147000 78.390000  1 0.2400 161.750000 1.86515 31.02015 17.44064 -50.590 26.480 -125.000 9.735e+10 2.148e+10 -1.431e+10 0.03631 322615 322615 675019 654 47 322573 322650 8.14653 276460000000 276460000000 266920000000 247860000000 171590000000 5.7827 0 0.02474 0.73343 0.68254 -9.95975 17.2012 -0.72474 0.76158 0.53973 -10.2858 17.4102 -1.47423 0.1742 429500000000 95330000000
 0.5800   310186 0.5900   319433      1       -1       -1       -1  0 3.74967e+11 2.76500e+11 154.998000 6.858000 86.850000  1 0.2400 171.260000 1.89503 31.01225 17.48577 -51.760 20.440 -120.940 9.973e+10 1.929e+10 -1.764e+10 0.03712 322616 322616 675019 651 46 322573 322650 6.85817 276460000000 285990000000 257390000000 238320000000 209730000000 13.086 3.32 0.0255 0.40717 0.37869 25.8916 -16.9794 2.48957 0.31737 0.24289 28.7352 -17.4702 -0.00247 0.2078 480800000000 57200000000
 0.5700   300962 0.5800   310186      1       -1       -1       -1  0 3.74967e+11 2.95500e+11 158.919000 7.684000 84.170000  1 0.2400 171.940000 1.90542 31.01253 17.52874 -51.990 23.550 -114.420 5.711e+10 5.130e+10 5.614e+09 0.02516 322617 322617 675019 647 45 322573 322650 7.68381 295520000000 295520000000 266920000000 238320000000 171590000000 4.80648 0 0.01716 0.64324 0.59655 16.7202 -4.16163 7.77968 0.65482 0.5378 16.2097 -4.56674 7.91381 0.1848 439700000000 95330000000
 0.5600   291714 0.5700   300962      1       -1       -1       -1  0 3.74967e+11 3.14600e+11 162.705000 11.087000 74.070000  1 0.2400 161.090000 1.92462 31.00640 17.56637 -48.440 20.280 -111.140 1.195e+11 1.531e+10 -5.658e+09 0.03359 322618 322618 675019 632 44 322573 322650 11.0871 314590000000 324120000000 266920000000 247860000000 152530000000 5.22249 0 0.02441 0.83283 0.75738 5.86742 19.8137 4.24867 0.96509 0.92491 12.8994 -9.56463 7.78134 0.1589 422700000000 133500000000
 0.5500   282464 0.5600   291714      1       -1       -1       -1  0 3.74967e+11 3.24100e+11 164.767000 12.698000 70.830000  1 0.2400 158.920000 1.94493 30.99860 17.59958 -46.730 14.080 -106.080 5.760e+10 1.395e+10 1.740e+10 0.01610 322619 322619 675019 674 43 322573 322650 12.6978 324120000000 333650000000 295520000000 257390000000 114400000000 8.97892 0 0.01199 0.87001 0.76257 9.37326 23.0413 -4.98815 0.93117 0.86984 -0.38462 20.2386 -6.36852 0.1471 404000000000 133500000000
 0.5400   273246 0.5500   282464      1       -1       -1       -1  0 3.74967e+11 3.33700e+11 166.799000 13.947000 74.230000  1 0.2400 158.550000 1.96333 30.98767 17.64386 -45.180 11.880 -102.700 7.989e+10 3.641e+08 2.490e+10 0.02109 322620 322620 675019 650 42 322573 322650 13.9475 333650000000 333650000000 314590000000 257390000000 152530000000 9.55433 0 0.0156 0.84758 0.75555 8.97725 19.8015 -10.2538 0.92045 0.87542 -8.60085 2.93179 17.695 0.1542 370800000000 162100000000
 0.5300   264005 0.5400   273246      1       -1       -1       -1  0 3.74967e+11 3.24100e+11 165.616000 14.219000 76.130000  1 0.2400 157.300000 1.99239 30.98941 17.67993 -44.450 12.410 -98.940 5.216e+10 -9.097e+09 3.116e+10 0.01699 322621 322621 675019 654 41 322573 322650 14.2187 324120000000 324120000000 305060000000 276460000000 142990000000 16.307 0 0.01212 0.91391 0.67697 -5.37045 15.962 -7.08915 0.69162 0.54209 14.2088 -12.0951 0.69182 0.1502 381900000000 171600000000
 0.5200   254764 0.5300   264005      1       -1       -1       -1  0 3.74967e+11 3.33700e+11 167.640000 14.003000 76.380000  1 0.2400 161.200000 2.00842 30.98666 17.72456 -42.760 10.620 -95.060 2.631e+10 -5.543e+09 -2.514e+10 0.00953 322622 322622 675019 656 40 322573 322650 14.0034 333650000000 333650000000 314590000000 295520000000 133460000000 16.5519 2.62 0.00698 0.87539 0.66062 -0.69375 22.5505 -12.3961 0.86688 0.63426 -9.62717 17.8368 -13.5716 0.1541 414100000000 143000000000
 0.5100   245520 0.5200   254764      1       -1       -1       -1  0 3.74967e+11 3.43200e+11 169.632000 11.860000 75.890000  1 0.2400 171.530000 2.02255 30.98973 17.77199 -41.810 10.900 -91.970 5.329e+10 -2.067e+10 -9.874e+09 0.01448 322623 322623 675019 666 39 322573 322650 11.8604 343190000000 343190000000 324120000000 295520000000 66731000000 18.067 0 0.01058 0.80815 0.62549 -3.22408 27.9094 -6.46203 0.75966 0.50823 -5.02306 27.1564 -3.66681 0.1484 475400000000 104900000000
 0.5000   236345 0.5100   245520      1       -1       -1       -1  0 3.74967e+11 3.62300e+11 173.127000 13.767000 79.710000  1 0.2400 170.580000 2.03310 30.98209 17.81576 -41.180 7.610 -86.470 6.152e+10 -3.241e+10 -1.478e+10 0.01647 322624 322624 675019 668 38 322573 322650 13.7665 362250000000 362250000000 362250000000 305060000000 152530000000 14.6254 0 0.01195 0.95829 0.6483 -8.11374 18.6998 -4.84182 0.85861 0.67837 -9.53331 16.0133 3.0002 0.153 450800000000 152500000000
 0.4900   227175 0.5000   236345      1       -1       -1       -1  0 3.74967e+11 3.81300e+11 176.520000 15.972000 81.110000  1 0.2400 169.770000 2.04808 30.96417 17.86029 -38.960 4.460 -77.500 3.947e+10 -1.705e+10 -5.541e+09 0.00892 322625 322625 675019 642 37 322573 322650 15.9722 381320000000 381320000000 371790000000 305060000000 123930000000 4.49121 2.18 0.00675 0.62181 0.50718 0.75203 -20.8209 28.9526 0.63565 0.36946 7.78474 -20.2535 22.4809 0.1634 419600000000 209700000000
 0.4800   218023 0.4900   227175      1       -1       -1       -1  0 3.74967e+11 3.81300e+11 176.918000 17.300000 80.570000  1 0.2400 168.320000 2.06250 30.96350 17.90167 -38.860 3.700 -75.070 5.715e+10 -2.473e+10 7.082e+10 0.01944 322626 322626 675019 633 36 322573 322650 17.3 381320000000 381320000000 362250000000 333650000000 66731000000 6.72673 3.54 0.01482 0.59005 0.45371 4.39573 -28.2177 29.2134 0.48634 0.26931 13.2339 -24.1554 26.8029 0.1622 421300000000 200200000000
 0.4700   208892 0.4800   218023      1       -1       -1       -1  0 3.68633e+11 3.62300e+11 174.301000 15.231000 78.760000  1 0.2400 171.420000 2.08589 30.95720 17.93544 -38.060 6.460 -71.490 7.438e+10 -1.780e+10 4.710e+10 0.02060 322627 322627 675019 641 35 322573 322650 15.2314 362250000000 362250000000 362250000000 276460000000 95330000000 7.50691 0 0.01552 0.58774 0.47076 11.4491 31.1984 -16.9821 0.70276 0.54625 9.65126 26.2721 -14.2558 0.1568 417800000000 171600000000
 0.4600   199790 0.4700   208892      1       -1       -1       -1  0 3.59100e+11 3.62300e+11 174.673000 16.475000 71.280000  1 0.2400 170.040000 2.10568 30.95480 17.97757 -36.820 2.160 -67.350 2.774e+10 -2.228e+10 -1.311e+10 0.00863 322628 322628 675019 645 34 322573 322650 16.475 362250000000 362250000000 362250000000 257390000000 133460000000 7.96373 0 0.00662 0.91086 0.44748 12.8393 30.2961 -13.5851 0.83159 0.39239 19.5173 6.39398 24.9613 0.1371 370100000000 200200000000
 0.4500   190753 0.4600   199790      1       -1       -1       -1  0 3.52733e+11 3.52700e+11 173.485000 30.474000 66.200000  1 0.2400 150.900000 2.09996 30.94213 18.01571 -32.800 3.830 -63.400 3.691e+10 -3.148e+10 -2.455e+10 0.01235 322629 322629 675019 1767 33 322573 322650 30.474 352720000000 314590000000 305060000000 238320000000 104860000000 24.0136 3.37 0.01001 0.37388 0.16291 7.61985 -20.18 27.2643 0.29807 0.10072 11.6808 -17.0413 20.7329 0.1366 309600000000 266900000000
 0.4400   181727 0.4500   190753      1       -1       -1       -1  0 3.14600e+11 3.43200e+11 172.254000 42.630000 60.210000  1 0.2400 144.410000 2.14223 30.95619 18.05126 -32.930 2.440 -60.500 5.079e+10 -2.483e+10 4.446e+10 0.01626 322630 322630 675019 1771 32 322573 322650 42.6298 343190000000 343190000000 333650000000 162060000000 19066000000 7.61978 0 0.01401 0.1894 0.00702 15.964 -23.4501 38.4775 0.78741 0.38356 2.22766 33.6274 -28.8946 0.1304 304300000000 343200000000
 0.4300   172721 0.4400   181727      1       -1       -1       -1  0 2.89200e+11 2.47900e+11 154.847000 17.932000 53.110000  1 0.2400 147.760000 2.15113 30.91155 18.08865 -35.070 11.090 -63.770 7.319e+10 5.020e+10 3.891e+10 0.04080 322631 322631 675019 613 31 322573 322650 17.9321 247860000000 247860000000 238320000000 181130000000 28599000000 18.8286 0 0.03281 0.80033 0.43724 15.1703 0.13162 32.4329 0.23722 0.15777 11.9953 29.2417 27.0592 0.1019 248100000000 143000000000
 0.4200   163783 0.4300   172721      1       -1       -1       -1  0 2.86000e+11 2.76500e+11 160.889000 58.972000 50.550000  1 0.2400 133.300000 2.17310 30.96209 18.12614 -32.850 9.960 -60.650 3.824e+10 5.620e+10 6.548e+09 0.02165 322632 322632 675019 608 30 322573 322650 58.9722 276460000000 257390000000 238320000000 123930000000 19066000000 31.0527 2.54 0.01948 0.48102 0.09945 -8.29508 32.9946 -26.6569 0.35138 0.04027 -10.8491 -5.06873 30.1472 0.1067 256700000000 362300000000
 0.4100   154917 0.4200   163783      1       -1       -1       -1  0 2.86000e+11 2.28800e+11 151.328000 21.747000 52.460000  1 0.2400 141.020000 2.20663 30.93583 18.14671 -32.810 8.960 -54.840 4.535e+10 2.682e+10 3.114e+10 0.02850 322633 322633 675019 587 29 322573 322650 21.7469 228790000000 228790000000 228790000000 181130000000 0 27.2448 0 0.02421 0.02492 0 2.49283 -45.0786 71.8891 0.07967 0 -4.75443 -31.6216 45.8207 0.109 229000000000 133500000000
 0.4000   146175 0.4100   154917      1       -1       -1       -1  0 2.86000e+11 2.66900e+11 159.586000 21.854000 53.230000  1 0.2400 151.510000 2.22724 30.91125 18.21545 -29.440 11.640 -52.310 3.311e+10 4.680e+10 3.677e+10 0.02542 322634 322634 675019 572 28 322573 322650 21.8536 266920000000 238320000000 238320000000 209730000000 9533000000 19.1599 2.12 0.02108 0.75976 0.39482 24.4224 3.04156 28.0486 0.55808 0.11359 35.8665 13.3901 16.1287 0.0951 255500000000 162100000000
 0.3900   137512 0.4000   146175      1       -1       -1       -1  0 2.86000e+11 2.28800e+11 151.848000 35.922000 50.320000  1 0.2400 134.050000 2.22549 30.95647 18.21910 -29.020 10.010 -53.130 6.106e+09 8.474e+09 2.215e+10 0.01070 322635 322635 675019 558 27 322573 322650 35.9224 228790000000 228790000000 200190000000 66731000000 0 52.256 0 0.00991 0.59038 0.43006 -11.1555 58.4967 -11.0889 0.36575 0.13982 -2.49967 42.343 -25.2329 0.1133 232000000000 209700000000
 0.3800   129055 0.3900   137512      1       -1       -1       -1  0 2.86000e+11 2.57400e+11 158.184000 24.335000 51.980000  1 0.2400 150.140000 2.24261 30.90633 18.27544 -25.430 7.210 -48.620 1.634e+10 3.532e+10 3.292e+10 0.02096 322636 322636 675019 1591 26 322573 322650 24.3346 257390000000 247860000000 247860000000 181130000000 19066000000 26.3065 1.04 0.01717 0.83966 0.44814 9.17591 -9.65629 35.607 0.47958 0.25256 -13.0976 34.2085 2.39353 0.0888 237600000000 181100000000
 0.3700   120564 0.3800   129055      1       -1       -1       -1  0 2.86000e+11 2.76500e+11 162.249000 60.306000 49.690000  1 0.2400 141.350000 2.25858 30.94636 18.28332 -23.450 6.400 -48.530 -1.293e+10 3.492e+10 2.046e+10 0.01324 322637 322637 675019 506 25 322573 322650 60.3063 276460000000 257390000000 247860000000 9533000000 9533000000 72.0085 3.12 0.01286 0.25649 0.01598 10.173 66.4076 -19.2319 0 0 0 0 0 0.1069 229100000000 314600000000
 0.3600   112170 0.3700   120564      1       -1       -1       -1  0 2.86000e+11 2.95500e+11 166.143000 30.875000 46.420000  1 0.2400 156.460000 2.28533 30.89774 18.37416 -23.340 7.810 -41.810 7.362e+09 1.757e+10 1.287e+10 0.00742 322638 322638 675019 589 24 322573 322650 30.8746 295520000000 285990000000 276460000000 133460000000 0 5.43018 0 0.00631 0.54017 0.25243 -13.3837 38.6064 46.8999 0.87666 0.67606 6.51951 -23.2996 23.9205 0.0693 259600000000 238300000000
 0.3500   103926 0.3600   112170      1       -1       -1       -1  0 2.82800e+11 2.86000e+11 164.571000 25.223000 48.290000  1 0.2400 161.780000 2.30521 30.89252 18.40803 -22.780 5.150 -41.220 -7.344e+09 4.145e+10 4.074e+09 0.01486 322639 322639 675019 570 23 322573 322650 25.2229 285990000000 285990000000 285990000000 123930000000 9533000000 3.59055 0 0.01242 0.46946 0.34929 -13.9389 29.455 15.593 0.27176 0.02064 9.82844 5.7424 -2.07873 0.0694 273700000000 152500000000
 0.3400    95878 0.3500   103926      1       -1       -1       -1  0 2.63733e+11 2.66900e+11 161.048000 18.880000 54.740000  1 0.2400 168.660000 2.32521 30.88737 18.44126 -22.600 6.580 -41.500 3.164e+10 5.390e+10 1.571e+09 0.02651 322640 322640 675019 1581 22 322573 322650 18.8801 266920000000 266920000000 247860000000 209730000000 38132000000 14.1185 0 0.02089 0.47174 0.35204 -6.21761 30.261 19.5906 0.29218 0.13626 -9.54258 31.2798 20.6578 0.079 273300000000 162100000000
 0.3300    88069 0.3400    95878      1       -1       -1       -1  0 2.41500e+11 2.38300e+11 155.278000 11.259000 58.070000  1 0.2400 184.010000 2.34995 30.88416 18.47030 -25.850 8.190 -34.360 -1.411e+10 3.080e+10 -3.145e+10 0.02593 322641 322641 675019 521 21 322573 322650 11.2595 238320000000 238320000000 238320000000 209730000000 38132000000 17.1358 0 0.01892 0.73591 0.40652 -0.19079 25.3531 28.2236 0.41185 0.31975 1.74531 24.3001 28.7837 0.081 284000000000 47660000000
 0.3200    80398 0.3300    88069      1       -1       -1       -1  0 2.28800e+11 2.19300e+11 151.207000 16.567000 49.890000  1 0.2400 164.930000 2.35876 30.88986 18.51255 -25.750 10.560 -28.890 -5.139e+09 2.221e+10 -2.403e+10 0.02098 322642 322642 675019 511 20 322573 322650 16.5669 219260000000 219260000000 219260000000 200190000000 47665000000 9.08762 0 0.01581 0.83688 0.66091 -12.8536 25.4287 -7.42667 0.81395 0.61721 -15.2912 24.1824 0.64038 0.0701 246800000000 114400000000
 0.3100    72991 0.3200    80398      1       -1       -1       -1  0 2.25633e+11 2.28800e+11 153.545000 26.346000 41.660000  1 0.2400 156.220000 2.39081 30.86993 18.54276 -25.000 9.970 -27.390 -3.081e+09 2.103e+10 -2.117e+10 0.01604 322643 322643 675019 1406 19 322573 322650 26.346 228790000000 228790000000 228790000000 152530000000 0 10.726 0 0.01355 0.33637 0.01334 -6.6154 42.7667 14.299 0.44258 0.00462 -5.93862 29.6451 17.1376 0.0625 207100000000 181100000000
 0.3000    65800 0.3100    72991      1       -1       -1       -1  0 2.06567e+11 2.28800e+11 153.714000 40.521000 41.320000  1 0.2400 150.200000 2.41110 30.86509 18.58186 -23.540 11.000 -25.410 -8.775e+09 2.051e+10 -1.720e+10 0.01439 322644 322644 675019 466 18 322573 322650 40.5212 228790000000 228790000000 228790000000 76264000000 28599000000 27.1433 0 0.01292 0.32355 0.05971 -17.5184 16.5837 30.0757 0.54752 0.43987 -10.7111 40.3969 7.39004 0.0663 196900000000 228800000000
 0.2900    58868 0.3000    65800      1       -1       -1       -1  0 1.97033e+11 1.62100e+11 137.164000 35.059000 39.680000  1 0.2400 136.520000 2.43066 30.85744 18.60663 -23.730 13.830 -22.280 -9.005e+09 1.726e+10 -1.025e+10 0.02046 322645 322645 675019 437 17 322573 322650 35.0592 162060000000 162060000000 133460000000 95330000000 0 22.5595 0 0.01823 0.6229 0.47178 18.4791 29.3121 28.0611 0.60536 0.03312 20.3353 40.4208 12.6955 0.0696 187400000000 162100000000
 0.2800    52269 0.2900    58868      1       -1       -1       -1  0 1.65267e+11 2.00200e+11 147.318000 29.564000 42.330000  1 0.2400 153.380000 2.47326 30.81616 18.57037 -20.280 12.100 -17.920 8.463e+08 -5.234e+09 -1.757e+10 0.01325 322646 322646 675019 578 16 322573 322650 29.5639 200190000000 190660000000 190660000000 123930000000 38132000000 11.8249 0 0.01088 0.70977 0.38389 0.27286 8.69729 38.0641 0.59111 0.12339 22.7772 15.6038 -6.67737 0.0551 180300000000 162100000000
 0.2700    45987 0.2800    52269      1       -1       -1       -1  0 1.62067e+11 1.33500e+11 128.811000 45.403000 39.380000  1 0.2400 129.330000 2.47031 30.84491 18.66861 -27.920 8.340 -14.840 -1.268e+09 1.849e+10 -1.216e+10 0.02419 322647 322647 675019 1049 15 322573 322650 45.4032 133460000000 123930000000 47665000000 0 0 52.813 2.28 0.02628 0.18043 0 -35.0716 26.594 55.3315 0 0 0 0 0 0.1154 155400000000 209700000000
 0.2600    40043 0.2700    45987      1       -1       -1       -1  1 1.55700e+11 1.52500e+11 134.799000 36.057000 39.300000  1 0.2400 143.400000 2.48008 30.84199 18.67380 -27.920 8.340 -14.840 -1.236e+09 -2.685e+09 -3.771e+09 0.02318 322648 322648 675019 5029 14 322573 322650 38.333 152525000000 147760000000 109627500000 33365500000 14299500000 40.9228 1.14 0.02299 0.202855 0.00538 -30.4915 39.5347 36.5651 0.29643 0.06276 -1.42987 15.1513 2.9617 0.08685 154150000000 171600000000
 0.2500    34470 0.2600    40043      1       -1       -1       -1  0 1.55700e+11 1.71600e+11 140.298000 26.711000 39.210000  1 0.2400 155.140000 2.55760 30.78118 18.62267 -20.260 10.700 -13.110 -1.203e+09 -2.386e+10 4.618e+09 0.02217 322649 322649 675019 482 13 322573 322650 26.7111 171590000000 171590000000 171590000000 66731000000 28599000000 29.0325 0 0.0197 0.22528 0.01076 -25.9114 52.4754 17.7988 0.59286 0.12552 -2.85974 30.3025 5.92341 0.0583 152900000000 133500000000
 0.2400    29247 0.2500    34470      0       -1       -1       -1  0 1.43000e+11 1.43000e+11 132.123000 35.909000 31.240000  1 0.2400 142.780000 2.58477 30.77070 18.64563 -18.720 6.650 -12.460 -2.511e+09 -1.227e+10 1.167e+09 0.01480 322650 322650 675019 2176 12 322573 322650 35.9094 142990000000 142990000000 142990000000 57198000000 0 32.5868 0 0.01408 0.27125 0.03145 -23.0896 44.2993 -23.841 0.27588 0.10007 -19.3841 48.4021 0.36391 0.0514 126900000000 152500000000
