 1.0000   676259 0.0000       -1      1       -1       -1       -1  0 2.57400e+11 2.57400e+11 130.137000 13.266000 101.520000  1 0.4000 110.680000 23.37353 22.18565 60.16021 -331.340 76.350 -400.380 -4.260e+10 -4.997e+10 1.811e+11 0.03679 420644 420644 676259 1774 88 420643 420704 13.2665 257390000000 266920000000 247860000000 152530000000 9533000000 10.2925 0 0.04408 0.67617 0.40796 13.1103 -4.91405 16.8689 0.07029 0.01052 29.231 -13.4647 22.9772 0.6261 351300000000 123900000000
 0.9900   668096 1.0000   676259      1       -1       -1       -1  0 2.57400e+11 2.57400e+11 130.685000 13.652000 102.270000  1 0.4000 110.410000 23.39126 22.20151 60.17484 -329.840 73.380 -390.330 -5.882e+10 -7.671e+10 8.873e+10 0.02636 420645 420645 676259 1797 87 420643 420704 13.6523 257390000000 266920000000 219260000000 171590000000 76264000000 24.5234 0 0.03012 0.41706 0.2336 23.2841 1.64826 4.90233 0.31305 0.02885 18.0672 2.80008 2.92474 0.6066 302800000000 143000000000
 0.9800   659743 0.9900   668096      1       -1       -1       -1  0 2.51033e+11 2.57400e+11 131.232000 13.427000 103.520000  1 0.4000 111.250000 23.43811 22.18710 60.23099 -325.140 74.310 -386.450 -5.703e+10 -7.459e+10 9.184e+10 0.02814 420646 420646 676259 1776 86 420643 420704 13.4272 257390000000 266920000000 228790000000 190660000000 66731000000 5.0865 0 0.03024 0.38065 0.29051 18.055 -0.82894 13.1694 0.48884 0.07594 10.085 0.67219 8.53059 0.5822 332100000000 133500000000
 0.9700   651422 0.9800   659743      1       -1       -1       -1  0 2.44667e+11 2.38300e+11 128.442000 11.242000 102.530000  1 0.4000 112.700000 23.46458 22.18777 60.26497 -324.920 75.170 -382.190 -1.405e+11 -8.474e+10 4.223e+10 0.04254 420647 420647 676259 757 85 420643 420704 11.2424 238320000000 266920000000 238320000000 200190000000 57198000000 16.8378 0 0.04449 0.60586 0.40155 20.878 -5.7582 10.6112 0.52407 0.4121 18.5337 -4.97963 7.75511 0.5726 341100000000 114400000000
 0.9600   643110 0.9700   651422      1       -1       -1       -1  0 2.38300e+11 2.38300e+11 128.974000 10.344000 100.830000  1 0.4000 115.450000 23.50587 22.17830 60.31666 -320.340 76.000 -378.200 -1.396e+11 -8.354e+10 4.230e+10 0.04316 420648 420648 676259 745 84 420643 420704 10.344 238320000000 266920000000 228790000000 209730000000 38132000000 9.82851 0 0.04426 0.72272 0.46162 23.4493 0.14615 6.26803 0.54751 0.20474 23.9255 7.93489 -2.85002 0.5541 352000000000 114400000000
 0.9500   634818 0.9600   643110      1       -1       -1       -1  0 2.38300e+11 2.38300e+11 129.506000 9.124000 100.450000  1 0.4000 119.630000 23.54478 22.16669 60.35453 -315.720 76.770 -374.180 -1.384e+11 -8.214e+10 4.261e+10 0.04354 420649 420649 676259 1791 83 420643 420704 9.12375 238320000000 266920000000 219260000000 200190000000 28599000000 9.05963 0 0.04399 0.60609 0.28994 18.8755 3.06022 1.78726 0.23734 0.04513 12.2037 -0.08463 -0.02014 0.5443 352600000000 66730000000
 0.9400   626534 0.9500   634818      1       -1       -1       -1  0 2.38300e+11 2.38300e+11 130.037000 10.315000 100.340000  1 0.4000 116.510000 23.58487 22.16288 60.40047 -311.060 77.470 -370.110 -1.372e+11 -8.060e+10 4.306e+10 0.04351 420650 420650 676259 2773 82 420643 420704 10.3151 238320000000 247860000000 219260000000 200190000000 47665000000 13.7973 0 0.04368 0.64324 0.38931 14.8845 5.42138 2.12919 0.26833 0.03684 17.9039 4.82212 5.36012 0.5403 349300000000 85800000000
 0.9300   618225 0.9400   626534      1       -1       -1       -1  0 2.35133e+11 2.38300e+11 130.566000 10.719000 100.350000  1 0.4000 115.920000 23.61938 22.14339 60.43822 -306.290 75.950 -365.200 -1.392e+11 -8.003e+10 4.140e+10 0.04364 420651 420651 676259 1803 81 420643 420704 10.7187 238320000000 247860000000 219260000000 200190000000 28599000000 9.5932 2.31 0.0441 0.449 0.42531 19.8577 9.91902 6.69233 0.03007 0.01203 22.3539 10.2011 9.86684 0.5435 342100000000 114400000000
 0.9200   609885 0.9300   618225      1       -1       -1       -1  0 2.28800e+11 2.28800e+11 129.323000 7.110000 102.340000  1 0.4000 127.320000 23.66219 22.14305 60.49426 -301.620 76.710 -361.340 -1.041e+11 -7.791e+10 4.211e+10 0.04068 420652 420652 676259 776 80 420643 420704 7.11027 228790000000 247860000000 219260000000 162060000000 123930000000 15.0161 0 0.03904 0.77366 0.58428 13.1667 7.50028 -1.26344 0.6046 0.55328 12.906 1.33425 -0.55576 0.5323 346200000000 66730000000
 0.9100   601542 0.9200   609885      1       -1       -1       -1  0 2.28800e+11 2.19300e+11 128.014000 7.250000 103.520000  1 0.4000 124.940000 23.69979 22.14064 60.53946 -299.730 74.120 -357.040 -9.108e+10 -8.599e+10 4.852e+10 0.04297 420653 420653 676259 769 79 420643 420704 7.25026 219260000000 247860000000 200190000000 171590000000 104860000000 16.6841 0 0.04133 0.90033 0.38525 14.1731 4.65026 0.16084 0.59473 0.17051 12.9744 4.42969 1.27457 0.5439 316500000000 85800000000
 0.9000   593190 0.9100   601542      1       -1       -1       -1  0 2.28800e+11 2.19300e+11 128.526000 7.373000 100.770000  1 0.4000 124.950000 23.73499 22.13248 60.59016 -294.560 75.090 -353.040 -9.116e+10 -8.299e+10 5.017e+10 0.04126 420654 420654 676259 1802 78 420643 420704 7.37316 219260000000 247860000000 200190000000 171590000000 104860000000 19.8055 0 0.04109 0.52999 0.48776 16.7193 -9.00891 4.58933 0.48459 0.14295 17.916 -3.33121 1.003 0.5485 315100000000 85800000000
 0.8900   584794 0.9000   593190      1       -1       -1       -1  0 2.28800e+11 2.09700e+11 127.138000 9.529000 97.210000  1 0.4000 115.200000 23.77357 22.12184 60.63910 -289.010 74.920 -349.590 -1.052e+11 -9.231e+10 6.250e+10 0.05135 420655 420655 676259 1845 77 420643 420704 9.52934 209730000000 257390000000 171590000000 162060000000 76264000000 16.9411 0 0.05115 0.53362 0.37874 13.4773 -6.17878 8.36972 0.42297 0.16705 12.5381 -3.37694 9.80105 0.538 282000000000 76260000000
 0.8800   576417 0.8900   584794      1       -1       -1       -1  0 2.28800e+11 2.38300e+11 133.196000 23.618000 86.430000  1 0.4000 101.080000 23.80468 22.08447 60.67832 -284.490 79.400 -344.850 -1.006e+11 -7.188e+10 2.555e+10 0.03142 420656 420656 676259 2824 76 420643 420704 23.6182 238320000000 238320000000 209730000000 133460000000 47665000000 12.7244 0 0.03416 0.89355 0.44323 12.7903 12.4115 11.7889 0.59666 0.19208 1.82528 14.755 6.99077 0.5057 244200000000 190700000000
 0.8700   567964 0.8800   576417      1       -1       -1       -1  0 2.28800e+11 2.38300e+11 133.717000 25.798000 80.820000  1 0.4000 100.200000 23.82977 22.08581 60.73585 -279.960 79.830 -340.650 -9.905e+10 -7.131e+10 2.515e+10 0.03143 420657 420657 676259 1871 75 420643 420704 25.7983 238320000000 247860000000 171590000000 95330000000 38132000000 18.7175 0 0.03386 0.4649 0.27872 16.1219 4.61782 1.54958 0.3806 0.00532 13.6099 5.82493 0.56594 0.4687 230700000000 171600000000
 0.8600   559508 0.8700   567964      1       -1       -1       -1  0 2.28800e+11 1.71600e+11 120.313000 12.522000 78.740000  1 0.4000 100.890000 23.90636 22.08691 60.78736 -282.200 83.550 -345.930 -2.094e+10 -2.884e+10 3.215e+10 0.02272 420658 420658 676259 1878 74 420643 420704 12.5222 171590000000 247860000000 162060000000 123930000000 19066000000 7.61244 5.26 0.02264 0.18448 0.09843 25.265 11.6379 3.83205 0.14205 0.00301 21.0378 10.1163 2.98825 0.4623 219100000000 85800000000
 0.8500   551088 0.8600   559508      1       -1       -1       -1  0 2.28800e+11 2.38300e+11 134.754000 43.485000 73.230000  1 0.4000 95.700000 23.90785 22.05653 60.82837 -280.060 83.100 -332.300 -1.289e+11 -8.166e+10 1.950e+10 0.03831 420659 420659 676259 846 73 420643 420704 43.4847 238320000000 247860000000 133460000000 95330000000 28599000000 17.1416 9.08 0.04212 0.2148 0.11217 17.5677 8.78127 3.545 0.34318 0.11997 7.98934 4.1278 3.30605 0.4323 227100000000 257400000000
 0.8400   542562 0.8500   551088      1       -1       -1       -1  0 2.28800e+11 2.28800e+11 133.441000 32.786000 71.520000  1 0.4000 97.030000 23.94768 22.04394 60.87859 -267.130 79.920 -327.390 -9.665e+10 -6.618e+10 2.351e+10 0.03167 420660 420660 676259 1898 72 420643 420704 32.7859 228790000000 257390000000 123930000000 95330000000 28599000000 21.425 0 0.03516 0.3688 0.07333 18.0826 1.99987 0.14433 0.05142 0 14.0431 3.18544 0.78565 0.4294 220100000000 209700000000
 0.8300   534044 0.8400   542562      1       -1       -1       -1  0 2.28800e+11 1.52500e+11 117.014000 14.501000 63.240000  1 0.4000 94.660000 23.98219 22.00958 60.93943 -258.130 100.890 -327.270 -7.130e+10 3.040e+10 5.990e+10 0.05479 420661 420661 676259 3881 71 420643 420704 14.5013 152530000000 228790000000 123930000000 104860000000 0 11.4649 0 0.05689 0.4286 0.23075 40.302 12.0987 0.32765 0 0 49.5701 5.27382 -9.83047 0.3742 197300000000 85800000000
 0.8200   525465 0.8300   534044      1       -1       -1       -1  0 2.28800e+11 1.43000e+11 114.955000 16.460000 65.710000  1 0.4000 90.510000 24.02869 22.01750 60.98124 -258.040 97.290 -325.920 -7.658e+10 2.149e+10 3.367e+10 0.05393 420662 420662 676259 1888 70 420643 420704 16.46 142990000000 247860000000 114400000000 85797000000 28599000000 14.7072 0 0.05609 0.28296 0.13264 25.2352 3.99221 1.2702 0.27067 0.12164 23.9951 2.48878 -0.29857 0.4072 217200000000 95330000000
 0.8100   516820 0.8200   525465      1       -1       -1       -1  0 2.28800e+11 1.43000e+11 115.384000 15.870000 62.340000  1 0.4000 91.580000 24.06988 22.00362 61.03367 -253.770 96.920 -321.050 -7.820e+10 2.234e+10 3.229e+10 0.05547 420663 420663 676259 841 69 420643 420704 15.8702 142990000000 247860000000 114400000000 85797000000 0 16.7341 0 0.05707 0.0713 0.00425 28.3854 5.36383 -0.0368 0.18723 0.02288 26.1127 5.0072 1.09849 0.3767 218700000000 85800000000
 0.8000   508154 0.8100   516820      1       -1       -1       -1  0 2.28800e+11 2.19300e+11 133.545000 47.897000 59.050000  1 0.4000 94.500000 24.12391 21.99678 61.07522 -247.880 100.410 -315.020 -3.239e+09 1.301e+10 -5.778e+10 0.01714 420664 420664 676259 1963 68 420643 420704 47.8969 219260000000 238320000000 133460000000 66731000000 0 13.503 11.31 0.01906 0.81233 0.31004 27.1951 -8.31908 17.9689 0.76536 0.38503 15.0989 -16.6511 23.0903 0.342 210600000000 257400000000
 0.7900   499518 0.8000   508154      1       -1       -1       -1  0 2.28800e+11 1.71600e+11 123.519000 41.371000 63.030000  1 0.4000 87.790000 24.21088 21.98792 61.15631 -245.490 92.170 -312.740 -9.099e+09 6.233e+09 2.575e+09 0.00454 420665 420665 676259 1911 67 420643 420704 41.3708 171590000000 190660000000 104860000000 47665000000 0 18.8083 6.28 0.0055 0.26961 0.17098 33.7419 34.5262 3.42075 0.59218 0.24795 16.8231 21.8069 -2.4487 0.4429 173600000000 219300000000
 0.7800   490872 0.7900   499518      1       -1       -1       -1  0 2.28800e+11 1.81100e+11 126.222000 50.447000 59.650000  1 0.4000 89.130000 24.18905 21.94622 61.16909 -235.810 101.220 -300.030 -6.395e+10 4.004e+10 -7.604e+09 0.03032 420666 420666 676259 1928 66 420643 420704 50.4468 181130000000 200190000000 104860000000 0 0 23.3067 2.61 0.0338 0.00865 0 52.3901 -15.5092 42.856 0 0 0 0 0 0.3447 180300000000 247900000000
 0.7700   482181 0.7800   490872      1       -1       -1       -1  0 2.28800e+11 1.52500e+11 119.624000 16.303000 60.830000  1 0.4000 95.430000 24.23402 21.90623 61.24576 -233.090 94.830 -295.640 -6.764e+10 2.689e+10 3.032e+10 0.04539 420667 420667 676259 1935 65 420643 420704 16.3026 152530000000 162060000000 152530000000 76264000000 0 18.6549 0 0.04703 0.25718 0.00244 46.0222 -4.22696 6.4547 0.07375 0 41.0503 6.24974 15.7314 0.3462 174400000000 85800000000
 0.7600   473479 0.7700   482181      1       -1       -1       -1  0 2.28800e+11 1.62100e+11 122.501000 19.669000 56.270000  1 0.4000 95.030000 24.27608 21.88433 61.32053 -229.650 90.140 -289.960 -6.300e+10 2.997e+10 5.538e+10 0.04999 420668 420668 676259 1938 64 420643 420704 19.6693 162060000000 162060000000 152530000000 104860000000 0 11.8502 0 0.04825 0.60372 0.07365 45.0166 5.48545 9.63866 0.38646 0.0001 39.2835 -11.5893 11.8954 0.2708 170700000000 104900000000
 0.7500   464748 0.7600   473479      1       -1       -1       -1  0 2.28800e+11 1.81100e+11 127.576000 36.694000 56.470000  1 0.4000 92.060000 24.33247 21.90422 61.36577 -225.200 93.250 -283.440 -1.419e+10 1.688e+10 1.831e+10 0.01294 420669 420669 676259 1960 63 420643 420704 36.6935 181130000000 181130000000 142990000000 47665000000 0 25.5925 3.25 0.01296 0.35857 0.32889 -23.9991 29.7113 -10.8272 0.51364 0 9.94786 -10.2059 14.1353 0.2659 168300000000 200200000000
 0.7400   455955 0.7500   464748      1       -1       -1       -1  0 2.28800e+11 1.62100e+11 123.362000 17.451000 57.770000  1 0.4000 98.130000 24.35617 21.86771 61.41031 -217.240 92.470 -274.630 -2.780e+10 1.188e+10 2.097e+10 0.02099 420670 420670 676259 790 62 420643 420704 17.4514 162060000000 171590000000 162060000000 95330000000 0 24.7136 0 0.02013 0.11419 0.03117 40.2518 23.7296 -6.60544 0.52213 0.04991 32.5876 12.5635 4.15923 0.2635 184800000000 95330000000
 0.7300   447119 0.7400   455955      1       -1       -1       -1  0 2.28800e+11 1.62100e+11 123.789000 11.653000 64.710000  1 0.4000 107.290000 24.41373 21.83251 61.48954 -213.190 91.140 -269.390 -2.674e+10 1.302e+10 1.877e+10 0.02157 420671 420671 676259 1969 61 420643 420704 11.6528 162060000000 171590000000 152530000000 133460000000 28599000000 6.76901 0 0.01934 0.17582 0.11098 31.3648 5.11089 4.27311 0.77407 0.26992 37.4528 -8.72578 9.111 0.2821 199300000000 47660000000
 0.7200   438252 0.7300   447119      1       -1       -1       -1  0 2.28800e+11 1.62100e+11 124.212000 8.210000 72.080000  1 0.4000 117.630000 24.45804 21.80921 61.54381 -206.430 94.620 -266.670 -2.141e+09 -8.134e+06 9.128e+09 0.00604 420672 420672 676259 1954 60 420643 420704 8.2096 162060000000 162060000000 162060000000 142990000000 28599000000 12.7587 0 0.00518 0.6464 0.16143 23.6383 -3.09935 4.74127 0.76007 0.21511 20.9227 -9.07231 7.38566 0.3048 238800000000 38130000000
 0.7100   429325 0.7200   438252      1       -1       -1       -1  0 2.28800e+11 1.62100e+11 124.632000 6.841000 79.300000  1 0.4000 124.310000 24.49686 21.79373 61.59470 -202.820 93.490 -261.710 -1.570e+09 1.040e+08 8.772e+09 0.00621 420673 420673 676259 2010 59 420643 420704 6.84088 162060000000 162060000000 152530000000 152530000000 47665000000 1.58026 0 0.00495 0.61634 0.25882 -13.4732 20.4045 -11.4278 0.39249 0.18896 -15.5808 15.7594 -10.6636 0.3156 272900000000 38130000000
 0.7000   420355 0.7100   429325      1       -1       -1       -1  0 2.28800e+11 1.71600e+11 127.453000 12.060000 86.670000  1 0.4000 110.980000 24.55999 21.79845 61.62713 -200.710 91.240 -257.110 -1.913e+09 4.372e+09 -7.763e+08 0.00228 420674 420674 676259 1972 58 420643 420704 12.0596 171590000000 171590000000 152530000000 152530000000 0 36.9595 0 0.00246 0.36031 0.08694 -16.8128 -30.6337 33.5796 0.30656 0.00569 -11.7752 -34.3025 34.9777 0.4959 214500000000 57200000000
 0.6900   411358 0.7000   420355      1       -1       -1       -1  0 2.28800e+11 1.81100e+11 130.200000 19.549000 89.100000  1 0.4000 103.460000 24.62681 21.79486 61.70861 -194.580 88.740 -251.410 1.703e+10 1.424e+10 -3.713e+10 0.01513 420675 420675 676259 2023 57 420643 420704 19.5494 181130000000 181130000000 162060000000 38132000000 0 44.0264 0 0.02019 0.2171 0.14301 33.7333 35.5161 -5.83816 0.63708 0.31489 18.7648 12.7453 2.7075 0.6092 188700000000 114400000000
 0.6800   402345 0.6900   411358      1       -1       -1       -1  0 2.28800e+11 1.71600e+11 128.291000 10.509000 87.400000  1 0.4000 116.110000 24.65719 21.75604 61.74942 -192.430 88.210 -249.150 -3.694e+10 2.803e+10 7.310e+09 0.02167 420676 420676 676259 1991 56 420643 420704 10.5091 171590000000 171590000000 152530000000 142990000000 0 32.9528 0 0.02411 0.28028 0.04697 25.615 34.2784 -22.7951 0.22618 0.04996 25.9391 35.8991 -25.0225 0.519 228000000000 38130000000
 0.6700   393358 0.6800   402345      1       -1       -1       -1  0 2.28800e+11 1.81100e+11 131.045000 25.501000 70.870000  1 0.4000 100.430000 24.71476 21.75286 61.83827 -186.420 86.330 -241.080 1.733e+10 1.294e+10 -3.288e+10 0.01652 420677 420677 676259 886 55 420643 420704 25.5008 181130000000 181130000000 171590000000 57198000000 0 40.5955 0 0.01858 0.53443 0.14182 26.1002 40.51 6.97644 0.10612 0 19.8093 -15.6461 -6.27331 0.4182 181300000000 143000000000
 0.6600   384402 0.6700   393358      1       -1       -1       -1  0 2.28800e+11 1.52500e+11 124.142000 9.567000 61.020000  1 0.4000 114.660000 24.74185 21.69089 61.89228 -180.780 85.310 -230.970 -1.465e+10 1.140e+10 1.958e+10 0.01908 420678 420678 676259 863 54 420643 420704 9.56698 152530000000 152530000000 152530000000 152530000000 0 11.0081 0 0.01706 0.74884 0.31222 36.8607 8.46876 4.64431 0.10138 0 48.1948 11.1167 12.9237 0.2734 220500000000 28600000000
 0.6500   375351 0.6600   384402      1       -1       -1       -1  0 2.28800e+11 1.52500e+11 124.531000 10.365000 56.530000  1 0.4000 113.210000 24.78550 21.66047 61.95837 -177.630 83.770 -227.010 -1.209e+10 9.455e+09 1.660e+10 0.01532 420679 420679 676259 2005 53 420643 420704 10.3649 152530000000 152530000000 152530000000 142990000000 0 7.20697 0 0.01438 0.86931 0.39816 -26.3274 23.1828 -19.785 0.47007 0.07104 22.2866 -26.9611 32.2512 0.2638 207200000000 19070000000
 0.6400   366266 0.6500   375351      1       -1       -1       -1  0 2.28800e+11 1.71600e+11 129.918000 22.165000 55.200000  1 0.4000 102.460000 24.85009 21.64569 62.02392 -176.460 82.890 -226.730 -3.708e+10 2.479e+10 6.470e+09 0.02283 420680 420680 676259 1985 52 420643 420704 22.1645 171590000000 171590000000 152530000000 57198000000 0 14.2527 3.37 0.02371 0.32876 0.0458 52.106 -6.47668 23.653 0.82099 0.34367 33.0166 14.8658 -12.3511 0.2833 167100000000 123900000000
 0.6300   357153 0.6400   366266      1       -1       -1       -1  0 2.28800e+11 1.71600e+11 130.313000 29.373000 48.440000  1 0.4000 99.160000 24.91239 21.61993 62.09516 -169.870 79.360 -222.570 -4.491e+10 4.612e+10 -2.867e+08 0.03169 420681 420681 676259 3063 51 420643 420704 29.3735 171590000000 171590000000 76264000000 28599000000 0 26.0424 0 0.03408 0.55959 0.10618 54.6424 -9.26572 11.65 0.61198 0.00346 36.9011 4.84821 -13.6829 0.2442 163700000000 152500000000
 0.6200   348049 0.6300   357153      1       -1       -1       -1  0 2.28800e+11 1.23900e+11 117.268000 31.914000 40.300000  1 0.4000 87.770000 24.97291 21.65502 62.16675 -165.390 67.830 -217.030 -1.262e+10 4.217e+10 2.484e+10 0.04097 420682 420682 676259 2021 50 420643 420704 31.9137 123930000000 133460000000 76264000000 0 0 32.8469 0 0.04632 0.17388 0.02144 84.3302 5.77708 42.3318 0 0 0 0 0 0.2134 157600000000 133500000000
 0.6100   338913 0.6200   348049      1       -1       -1       -1  0 2.28800e+11 1.23900e+11 117.614000 32.066000 40.920000  1 0.4000 88.350000 25.01708 21.62990 62.23624 -158.210 71.250 -216.600 -1.997e+10 1.604e+10 -1.008e+09 0.02101 420683 420683 676259 2025 49 420643 420704 32.0656 123930000000 123930000000 104860000000 0 0 33.1361 0 0.02365 0.38613 0.1136 70.0922 39.8826 21.4083 0 0 0 0 0 0.2166 153600000000 123900000000
 0.6000   329758 0.6100   338913      1       -1       -1       -1  0 2.28800e+11 1.23900e+11 117.956000 37.191000 40.740000  1 0.4000 87.930000 25.06884 21.60237 62.30447 -152.690 69.780 -208.760 -1.477e+10 1.740e+10 -2.319e+09 0.01875 420684 420684 676259 3034 48 420643 420704 37.1908 123930000000 123930000000 85797000000 0 0 32.0444 2.78 0.02131 0.68844 0.45928 67.2516 -5.2027 14.7417 0 0 0 0 0 0.2195 151000000000 181100000000
 0.5900   320560 0.6000   329758      1       -1       -1       -1  0 2.28800e+11 1.71600e+11 131.846000 42.388000 39.910000  1 0.4000 98.560000 25.08731 21.53905 62.34415 -154.040 72.660 -205.530 -1.047e+10 2.501e+10 -6.720e+09 0.01450 420685 420685 676259 3169 47 420643 420704 42.3875 171590000000 181130000000 104860000000 9533000000 0 17.7418 0 0.01519 0.11402 0.02223 72.1903 -26.4223 -4.08789 0 0 0 0 0 0.156 156000000000 181100000000
 0.5800   311305 0.5900   320560      1       -1       -1       -1  0 2.28800e+11 1.62100e+11 129.721000 33.308000 40.730000  1 0.4000 99.220000 25.13405 21.54410 62.40473 -149.030 75.940 -203.900 -2.219e+10 3.154e+10 -3.914e+10 0.03274 420686 420686 676259 2078 46 420643 420704 33.3079 162060000000 162060000000 133460000000 0 0 11.5094 0 0.0331 0.39067 0.03627 44.3568 -21.3824 9.70736 0 0 0 0 0 0.1439 148100000000 162100000000
 0.5700   302082 0.5800   311305      1       -1       -1       -1  0 2.28800e+11 1.52500e+11 127.476000 25.026000 43.110000  1 0.4000 101.180000 25.19428 21.51552 62.48158 -144.740 72.870 -198.070 -4.212e+09 2.207e+10 -5.468e+10 0.03967 420687 420687 676259 2113 45 420643 420704 25.0259 152530000000 162060000000 152530000000 9533000000 0 8.69146 0 0.03969 0.06417 0 49.7256 8.03321 -4.55694 0 0 0 0 0 0.155 157800000000 123900000000
 0.5600   292830 0.5700   302082      1       -1       -1       -1  0 2.28800e+11 1.52500e+11 127.821000 24.772000 49.020000  1 0.4000 102.130000 25.24688 21.49161 0.04831 -140.990 71.870 -194.780 -4.861e+09 2.577e+10 -5.369e+10 0.04089 420688 420688 676259 920 44 420643 420704 24.7719 152530000000 171590000000 133460000000 28599000000 0 6.78905 0 0.04042 0.35622 0.161 46.3693 -4.06856 13.2027 0.52988 0.31433 29.8749 6.31336 10.5383 0.1877 166500000000 133500000000
 0.5500   283579 0.5600   292830      1       -1       -1       -1  0 2.28800e+11 2.00200e+11 140.320000 49.619000 54.150000  1 0.4000 106.320000 25.30895 21.46813 0.14270 -135.760 78.870 -187.940 -8.420e+10 8.001e+09 -9.407e+09 0.03648 420689 420689 676259 936 43 420643 420704 49.6191 200190000000 200190000000 162060000000 19066000000 9533000000 4.87248 4.79 0.03687 0.20077 0.00484 43.1723 -11.9057 37.2351 0 0 0 0 0 0.1989 184100000000 228800000000
 0.5400   274355 0.5500   283579      1       -1       -1       -1  0 2.28800e+11 2.19300e+11 145.015000 38.523000 54.520000  1 0.4000 112.750000 25.36181 21.43680 0.21542 -133.780 82.800 -184.750 -9.142e+10 2.336e+10 3.358e+10 0.03837 420690 420690 676259 940 42 420643 420704 38.5234 219260000000 219260000000 181130000000 57198000000 9533000000 12.9795 0 0.03759 0.44168 0.04795 18.113 -4.71555 23.1816 0.23488 0 4.01978 -7.84566 17.7758 0.1792 196900000000 228800000000
 0.5300   265107 0.5400   274355      1       -1       -1       -1  0 2.28800e+11 2.28800e+11 147.461000 39.450000 58.040000  1 0.4000 115.210000 25.41512 21.40459 0.28879 -129.860 76.920 -179.800 -7.026e+10 2.279e+10 2.571e+10 0.02904 420691 420691 676259 957 41 420643 420704 39.4497 228790000000 228790000000 200190000000 114400000000 0 6.08237 4.14 0.02756 0.34137 0.09791 33.9773 -4.1266 33.6423 0 0 22.2263 -10.8795 32.6478 0.1841 204700000000 228800000000
 0.5200   255872 0.5300   265107      1       -1       -1       -1  0 2.28800e+11 1.81100e+11 136.753000 16.148000 59.760000  1 0.4000 121.740000 25.43068 21.38900 0.32531 -128.820 76.200 -176.960 1.976e+09 2.526e+10 4.812e+10 0.03218 420692 420692 676259 910 40 420643 420704 16.1483 181130000000 181130000000 152530000000 85797000000 57198000000 29.8055 0 0.02852 0.69183 0.128 -0.72168 26.1205 3.0305 0.61193 0.15296 3.00646 16.8217 4.36225 0.1948 160400000000 85800000000
 0.5100   246616 0.5200   255872      1       -1       -1       -1  0 2.28800e+11 2.19300e+11 146.100000 23.441000 59.810000  1 0.4000 123.580000 25.52851 21.33333 0.43492 -123.230 74.390 -170.100 -1.179e+10 3.431e+10 3.944e+10 0.02316 420693 420693 676259 909 39 420643 420704 23.4409 219260000000 219260000000 209730000000 133460000000 0 6.91201 0 0.02062 0.21935 0.05771 -24.1849 31.7627 -20.3202 0.28828 0.09877 -23.4244 27.4794 -21.7824 0.1729 215000000000 143000000000
 0.5000   237438 0.5100   246616      1       -1       -1       -1  0 2.28800e+11 2.19300e+11 146.447000 19.696000 59.890000  1 0.4000 128.650000 25.58239 21.29849 0.51018 -119.360 73.710 -165.010 -1.049e+10 3.446e+10 3.835e+10 0.02339 420694 420694 676259 907 38 420643 420704 19.6961 219260000000 219260000000 209730000000 133460000000 19066000000 8.53372 0 0.02042 0.26348 0.04374 -24.8892 42.2583 -17.7088 0.68234 0.51282 -21.8391 32.4634 -23.0678 0.1682 230300000000 133500000000
 0.4900   228263 0.5000   237438      1       -1       -1       -1  0 2.28800e+11 2.28800e+11 148.883000 22.574000 58.170000  1 0.4000 128.820000 25.63660 21.26283 0.58603 -115.880 73.300 -160.430 -9.127e+09 3.086e+10 3.548e+10 0.02016 420695 420695 676259 897 37 420643 420704 22.5738 228790000000 228790000000 209730000000 133460000000 9533000000 12.4948 0 0.01747 0.15631 0.06736 -0.56335 30.7318 -16.4916 0.12016 0.0473 2.03499 34.1816 -17.0528 0.1547 225700000000 143000000000
 0.4800   219117 0.4900   228263      1       -1       -1       -1  0 2.28800e+11 2.28800e+11 149.219000 23.505000 60.590000  1 0.4000 129.150000 25.69119 21.23491 0.65702 -109.480 71.530 -155.270 -5.980e+09 2.795e+10 5.689e+10 0.02692 420696 420696 676259 924 36 420643 420704 23.5054 228790000000 228790000000 228790000000 142990000000 28599000000 5.34319 0 0.02344 0.56294 0.09858 3.91219 24.9317 6.81956 0.4838 0.07798 3.2731 21.1912 6.81147 0.1662 232900000000 143000000000
 0.4700   209978 0.4800   219117      1       -1       -1       -1  0 2.28800e+11 2.28800e+11 149.546000 24.164000 59.100000  1 0.4000 129.820000 25.74556 21.19907 0.73421 -106.890 72.020 -151.890 -4.419e+09 2.925e+10 6.854e+10 0.03117 420697 420697 676259 932 35 420643 420704 24.1635 228790000000 228790000000 228790000000 133460000000 0 5.40227 0 0.02774 0.83284 0.36408 24.7389 25.9224 17.6287 0.51533 0.40573 12.9621 29.9912 10.0851 0.1656 230400000000 143000000000
 0.4600   200877 0.4700   209978      1       -1       -1       -1  0 2.28800e+11 2.28800e+11 149.865000 26.414000 57.160000  1 0.4000 129.260000 25.80021 21.16239 0.81196 -103.680 70.880 -147.750 -2.453e+08 1.548e+10 3.927e+10 0.01726 420698 420698 676259 924 34 420643 420704 26.4138 228790000000 228790000000 228790000000 152530000000 0 5.94458 0 0.01584 0.20922 0.07781 48.4624 11.6609 19.7972 0.08804 0 41.7749 9.93131 28.2266 0.165 220500000000 171600000000
 0.4500   191836 0.4600   200877      1       -1       -1       -1  0 2.19267e+11 2.28800e+11 150.176000 35.068000 58.370000  1 0.4000 125.670000 25.85514 21.12491 0.89026 -99.830 69.540 -142.810 -5.262e+08 1.617e+10 3.839e+10 0.01630 420699 420699 676259 2039 33 420643 420704 35.0684 228790000000 228790000000 209730000000 76264000000 0 6.4319 0 0.01579 0.03479 0.00565 60.8987 13.8005 41.1931 0.28392 0.17806 46.7793 18.8318 28.9095 0.1882 199700000000 219300000000
 0.4400   182794 0.4500   191836      1       -1       -1       -1  0 1.97033e+11 2.00200e+11 143.926000 36.334000 49.660000  1 0.4000 120.410000 25.91035 21.08665 0.96908 -96.220 67.900 -138.640 -8.375e+07 -4.757e+08 4.205e+10 0.02000 420700 420700 676259 2029 32 420643 420704 36.3336 200190000000 200190000000 162060000000 9533000000 0 5.50329 0 0.02011 0.10472 0.04538 51.1266 9.09835 36.9723 0 0 0 0 0 0.1659 184800000000 200200000000
 0.4300   173786 0.4400   182794      1       -1       -1       -1  0 1.58900e+11 1.62100e+11 134.398000 45.882000 45.530000  1 0.4000 110.740000 25.96581 21.04764 1.04841 -103.660 70.110 -131.580 -2.970e+10 -1.372e+10 8.156e+09 0.02184 420701 420701 676259 890 31 420643 420704 45.8818 162060000000 162060000000 123930000000 9533000000 0 15.2274 9.51 0.02318 0.26131 0 48.0147 -15.962 32.7832 0 0 0 0 0 0.1805 165200000000 228800000000
 0.4200   164847 0.4300   173786      1       -1       -1       -1  0 1.23943e+11 1.14400e+11 119.891000 33.721000 39.900000  1 0.4000 101.040000 26.02153 21.00790 1.12824 -98.160 71.300 -123.310 -1.648e+10 -7.785e+09 -3.080e+10 0.04159 420702 420702 676259 882 30 420643 420704 33.7208 114400000000 114400000000 104860000000 0 0 30.0873 5.01 0.04444 0.59644 0.03874 -31.7527 42.9666 -1.21292 0 0 0 0 0 0.1522 150900000000 114400000000
 0.4100   155983 0.4200   164847      1       -1       -1       -1  0 9.85100e+10 9.53300e+10 113.027000 22.459000 37.460000  1 0.4000 99.990000 26.07749 20.96746 1.20853 -88.490 69.130 -116.530 -9.855e+09 8.351e+09 -2.323e+10 0.04250 420703 420703 676259 861 29 420643 420704 22.459 95330000000 95330000000 95330000000 0 0 40.1501 0 0.04523 0.33968 0.32707 60.3282 -23.272 14.7133 0 0 0 0 0 0.1414 127700000000 76260000000
 0.4000   147220 0.4100   155983      0       -1       -1       -1  0 8.58000e+10 8.58000e+10 109.317000 17.394000 37.710000  1 0.4000 101.050000 26.14795 20.93818 1.29772 -78.440 70.380 -109.890 -8.988e+09 2.788e+08 -1.427e+10 0.03364 420704 420704 676259 937 28 420643 420704 17.3944 85797000000 85797000000 85797000000 0 0 14.3708 0 0.0346 0.03519 0 56.9106 -35.959 21.9992 0 0 0 0 0 0.1397 99680000000 57200000000
