 1.0000   678481 0.0000       -1      1   678480   678480       -1  0 8.58000e+11 8.58000e+11 194.398000 9.106000 179.930000  1 0.1600 201.810000 32.50094 31.64130 18.81133 203.350 174.380 -267.040 -7.011e+11 -2.070e+11 8.271e+11 0.04169 232939 232939 678481 3996 88 232938 233065 9.10621 6997200000000 6997200000000 6997200000000 1029600000000 619640000000 6.67562 6.66 0.03397 0.81129 0.676 19.0997 -8.30542 1.00178 0.86478 0.69804 16.5497 -0.99049 8.87083 0.5275 1634000000000 352700000000
 0.9900   670335 1.0000   678481      1   670334   670334   678480  0 8.32567e+11 7.72200e+11 188.480000 7.925000 160.060000  1 0.1600 201.670000 32.48223 31.62022 18.83963 143.580 196.510 -253.250 -6.588e+11 -1.381e+11 5.389e+11 0.04201 232940 232940 678481 3982 87 232938 233065 7.92498 5233600000000 5233600000000 5233600000000 1153500000000 657780000000 11.4779 0 0.03172 0.86058 0.68388 16.7283 -6.2906 6.82649 0.81367 0.57847 12.597 1.00396 13.0788 0.4455 1535000000000 247900000000
 0.9800   661941 0.9900   670335      1   661939   661939   670334  0 8.38900e+11 8.67500e+11 196.759000 8.070000 180.150000  1 0.1600 211.830000 32.47345 31.60233 18.86909 78.570 221.000 -238.090 -3.678e+11 1.811e+11 8.519e+11 0.03634 232941 232941 678481 4006 86 232938 233065 8.07038 5452900000000 5452900000000 5452900000000 1315600000000 591050000000 11.7074 0 0.02873 0.92215 0.71153 13.1484 -10.776 6.08063 0.86102 0.71698 8.67632 -6.34301 13.4096 0.5067 1746000000000 333700000000
 0.9700   653587 0.9800   661941      1   653585   653585   661939  0 9.05633e+11 8.77000e+11 198.300000 8.274000 182.870000  1 0.1600 212.170000 32.46569 31.57662 18.88509 6.260 228.040 -215.310 -8.512e+11 -4.379e+11 9.656e+11 0.05199 232942 232942 678481 6946 85 232938 233065 8.27353 5262200000000 5262200000000 5262200000000 1277400000000 676840000000 14.3759 4.34 0.0407 0.76576 0.65018 13.4526 -10.9997 -0.37278 0.68218 0.65185 11.2848 -11.0016 2.94904 0.5067 1739000000000 333700000000
 0.9600   645258 0.9700   653587      1   645259   645256   653585  0 9.34233e+11 9.72400e+11 206.090000 5.419000 192.450000  1 0.1600 210.430000 32.46646 31.55016 18.90599 -84.770 236.520 -178.910 -5.722e+11 -1.155e+12 9.727e+11 0.04799 232943 232943 678481 4021 84 232938 233065 10.065 6091600000000 6091600000000 6091600000000 1487100000000 648240000000 13.5988 20.75 0.04083 0.83964 0.70175 17.2204 -10.6404 -5.50885 0.72521 0.66709 16.4166 -11.0553 -3.56836 0.5566 1656000000000 400400000000
 0.9500   636943 0.9600   645258      1   636944   636942   645259  0 9.50133e+11 9.53300e+11 205.578000 8.994000 194.980000  1 0.1600 216.480000 32.47424 31.52681 18.92393 -147.650 237.650 -150.400 -2.362e+11 -8.250e+11 1.558e+12 0.05654 232944 232944 678481 4033 83 232938 233065 8.99425 6692200000000 6692200000000 6692200000000 2526200000000 686380000000 18.4435 17.54 0.04662 0.7659 0.63627 -8.46473 6.50848 15.3486 0.72473 0.59079 -9.84961 7.00148 11.8963 0.5487 1659000000000 390900000000
 0.9400   628644 0.9500   636943      1   628645   628642   636944  0 9.59667e+11 9.24700e+11 204.335000 8.273000 187.330000  1 0.1600 219.970000 32.49017 31.50094 18.93950 -209.610 229.220 -86.850 -3.232e+11 -4.170e+11 1.212e+12 0.04740 232945 232945 678481 4045 82 232938 233065 8.27343 6625400000000 6625400000000 6625400000000 4709300000000 705440000000 14.0678 14.5 0.03657 0.77101 0.73129 4.49075 7.51485 14.818 0.80792 0.71426 4.6259 8.86633 11.8758 0.4999 1743000000000 390900000000
 0.9300   620324 0.9400   628644      1   620325   620322   628645  0 9.75567e+11 1.00100e+12 210.659000 7.333000 189.530000  1 0.1600 225.210000 32.51844 31.47181 18.94364 -278.020 226.720 -2.700 -8.433e+11 -1.078e+12 1.171e+12 0.05418 232946 232946 678481 4044 81 232938 233065 8.7089 7693100000000 7693100000000 7693100000000 5309900000000 838900000000 16.3738 4.96 0.04382 0.77025 0.73298 8.76924 2.137 20.671 0.79757 0.72386 8.28297 2.42049 17.8943 0.5119 1893000000000 429000000000
 0.9200   611975 0.9300   620324      1   611976   611974   620325  0 1.09633e+12 1.00100e+12 211.512000 6.935000 192.150000  1 0.1600 226.330000 32.55689 31.44508 18.94460 -289.370 229.520 74.110 -4.818e+11 -1.134e+12 1.529e+12 0.06146 232947 232947 678481 4048 80 232938 233065 8.69741 8493900000000 8493900000000 8493900000000 5948600000000 867500000000 13.7408 9.36 0.04792 0.90019 0.75321 6.63907 -6.26727 16.0114 0.8486 0.69943 2.93147 -2.80207 17.0935 0.4982 1807000000000 429000000000
 0.9100   603612 0.9200   611975      1   603613   603610   611976  0 1.22033e+12 1.28700e+12 230.919000 9.687000 212.350000  1 0.1600 233.530000 32.59672 31.41348 18.93328 -276.290 209.840 147.720 -2.688e+12 -3.742e+12 2.209e+11 0.08371 232948 232948 678481 4078 79 232938 233065 11.5129 10219000000000 10219000000000 10219000000000 7073500000000 829370000000 13.2332 28.02 0.07431 0.8017 0.62385 -9.30438 13.2437 -14.8047 0.82403 0.6198 4.7317 -8.80324 16.018 0.5744 2057000000000 486200000000
 0.9000   595239 0.9100   603612      1   595237   595237   603613  0 1.36967e+12 1.37300e+12 236.884000 11.881000 216.750000  1 0.1600 237.520000 32.63292 31.38487 18.91476 -256.720 190.870 222.540 -1.973e+12 -4.724e+12 -7.190e+11 0.08242 232949 232949 678481 4083 78 232938 233065 12.1532 9876200000000 9876200000000 9876200000000 5738900000000 772170000000 24.7268 31.33 0.07506 0.87111 0.6539 10.2865 -14.4463 11.3621 0.95403 0.8121 13.7476 -9.31911 1.82904 0.5859 2001000000000 543400000000
 0.8900   586832 0.9000   595239      1   586830   586830   595237  0 1.41400e+12 1.44900e+12 242.149000 11.591000 215.120000  1 0.1600 239.100000 32.66452 31.36467 18.88215 -221.620 149.770 275.950 -2.929e+12 -5.027e+12 -8.142e+11 0.08559 232950 232950 678481 4098 77 232938 233065 13.1092 9037300000000 9037300000000 9037300000000 6596800000000 829370000000 24.9068 30.82 0.07822 0.80405 0.5833 -15.8617 19.5672 -7.83529 0.83762 0.69813 -6.19411 17.0246 -10.2747 0.5754 2016000000000 552900000000
 0.8800   578449 0.8900   586832      1   578448   578448   586830  0 1.42667e+12 1.42000e+12 241.493000 10.310000 210.820000  1 0.1600 240.150000 32.69514 31.34347 18.83979 -155.830 107.970 319.060 -2.029e+12 -2.866e+12 -1.751e+11 0.05747 232951 232951 678481 38 76 232938 233065 12.7335 8389000000000 8389000000000 8389000000000 5653100000000 800770000000 22.7624 19.26 0.04858 0.79426 0.55502 17.0463 -16.1371 -2.00447 0.81375 0.59579 -7.32134 18.0079 -6.88919 0.526 2168000000000 505200000000
 0.8700   569993 0.8800   578449      1   569992   569992   578448  0 1.39167e+12 1.41100e+12 241.895000 10.686000 202.670000  1 0.1600 236.160000 32.71136 31.33352 18.79564 -86.360 71.600 344.420 -9.598e+11 -1.546e+12 -5.239e+11 0.03206 232952 232952 678481 3118 75 232938 233065 13.6255 7798000000000 7798000000000 7798000000000 1878000000000 819840000000 24.7978 14.62 0.02655 0.73717 0.56439 -12.4436 17.32 3.56869 0.74788 0.52077 -7.68354 16.878 -2.31426 0.494 2073000000000 495700000000
 0.8600   561534 0.8700   569993      1   561532   561532   569992  0 1.42667e+12 1.34400e+12 238.944000 9.026000 186.870000  1 0.1600 229.770000 32.71734 31.32632 18.74495 -38.790 33.650 337.110 -5.348e+11 3.685e+10 -3.095e+11 0.01158 232953 232953 678481 4145 74 232938 233065 14.2281 7063900000000 7063900000000 7063900000000 1401400000000 838900000000 19.7825 14.25 0.00945 0.75503 0.65575 18.5614 -15.3074 -9.62849 0.8262 0.77721 -9.26472 18.2574 0.69225 0.4525 1926000000000 438500000000
 0.8500   553096 0.8600   561534      1   553094   553094   561532  0 1.41400e+12 1.52500e+12 250.189000 10.849000 189.430000  1 0.1600 240.490000 32.71644 31.32304 18.69485 23.080 16.540 319.140 -1.145e+12 -3.877e+11 5.016e+11 0.01946 232954 232954 678481 4148 73 232938 233065 14.9242 6253600000000 6253600000000 6253600000000 1334600000000 781710000000 16.5144 9.64 0.01624 0.71081 0.61268 -18.8998 6.83345 18.6317 0.8007 0.70609 -14.2701 5.24759 16.165 0.4484 1993000000000 562400000000
 0.8400   544582 0.8500   553096      1   544581   544581   553094  0 1.41733e+12 1.37300e+12 242.479000 11.607000 177.750000  1 0.1600 227.690000 32.69859 31.32366 18.66096 58.950 0.120 295.540 -1.972e+11 -5.324e+11 7.900e+11 0.01875 232955 232955 678481 4172 72 232938 233065 15.8024 4699800000000 4699800000000 2211700000000 1325100000000 705440000000 13.383 4.59 0.01445 0.72326 0.64073 -10.1434 5.81664 19.1391 0.71056 0.64873 -8.31739 5.9963 16.5048 0.394 1805000000000 429000000000
 0.8300   536066 0.8400   544582      1   536065   536065   544581  0 1.36967e+12 1.35400e+12 242.267000 14.763000 170.280000  1 0.1600 222.930000 32.69281 31.32982 18.61895 99.910 -15.940 274.890 7.590e+10 -1.003e+11 1.071e+12 0.02153 232956 232956 678481 4164 71 232938 233065 17.0947 3031500000000 3031500000000 1754100000000 1258400000000 705440000000 14.3393 8.88 0.01647 0.82364 0.67993 -9.31392 7.47791 16.3815 0.89981 0.66268 -7.1068 7.06213 13.893 0.3707 1689000000000 562400000000
 0.8200   527469 0.8300   536066      1   527468   527468   536065  0 1.37267e+12 1.38200e+12 244.879000 13.207000 159.780000  1 0.1600 231.870000 32.67901 31.32959 18.57011 122.660 -9.460 253.330 -6.560e+11 -4.807e+11 8.074e+11 0.02213 232957 232957 678481 3150 70 232938 233065 15.5063 2230700000000 2402300000000 1658700000000 1229800000000 648240000000 10.5258 3.61 0.01697 0.96471 0.74836 -13.706 -13.4403 18.3283 0.89174 0.73453 5.81889 19.5106 -12.137 0.3353 1717000000000 533800000000
 0.8100   518826 0.8200   527469      1   518824   518824   527468  0 1.38533e+12 1.38200e+12 245.793000 17.291000 159.850000  1 0.1600 224.270000 32.66235 31.32644 18.52595 142.980 -13.480 239.380 -4.148e+11 -7.540e+11 1.073e+12 0.02670 232958 232958 678481 4206 69 232938 233065 18.0003 2106800000000 2249800000000 1715900000000 1191600000000 648240000000 14.2799 5.43 0.02046 0.9272 0.67738 -4.61145 19.9211 4.96819 0.86353 0.62883 -0.1696 18.0405 -0.04116 0.3326 1625000000000 610100000000
 0.8000   510150 0.8100   518826      1       -1       -1   518824  0 1.82733e+12 1.39200e+12 247.269000 17.534000 159.420000  1 0.1600 221.920000 32.63613 31.33194 18.47345 156.010 -5.710 216.710 -3.578e+11 -6.526e+11 1.368e+12 0.03013 232959 232959 678481 3204 68 232938 233065 19.4001 1992400000000 2144900000000 1592000000000 1153500000000 638710000000 17.0135 2.75 0.02299 0.9043 0.74135 -10.4921 5.10865 18.8425 0.85068 0.69969 -9.47542 2.96426 16.5687 0.3268 1669000000000 619600000000
 0.7900   501511 0.8000   510150      1       -1       -1       -1  0 1.82733e+12 1.40100e+12 248.741000 10.862000 169.020000  1 0.1600 243.000000 32.60418 31.33664 18.45132 176.760 -0.920 196.620 -5.964e+11 -6.457e+11 7.069e+11 0.02228 232960 232960 678481 4233 67 232938 233065 14.1313 1897100000000 2183100000000 1506200000000 1144000000000 772170000000 14.3262 6.3 0.01654 0.87799 0.73341 -11.6268 1.97638 20.41 0.80653 0.63489 -11.6993 4.22903 17.3237 0.3366 1986000000000 467100000000
 0.7800   492865 0.7900   501511      1       -1       -1       -1  0 1.82733e+12 1.42000e+12 250.772000 9.953000 172.540000  1 0.1600 247.480000 32.57119 31.33081 18.41812 189.330 0.170 181.150 -2.019e+11 -7.073e+11 8.252e+11 0.02154 232961 232961 678481 3223 66 232938 233065 13.776 1744500000000 2059100000000 1449000000000 1182100000000 743570000000 15.5499 6.83 0.01592 0.97565 0.72057 -6.17212 20.8383 -7.07599 0.88412 0.57232 -11.0917 17.8583 -2.99216 0.3393 1918000000000 543400000000
 0.7700   484188 0.7800   492865      1       -1       -1       -1  0 1.82733e+12 1.47800e+12 255.008000 9.703000 184.080000  1 0.1600 250.370000 32.53115 31.34196 18.38783 192.480 13.590 171.170 -1.102e+12 -1.275e+12 6.131e+11 0.03239 232962 232962 678481 4263 65 232938 233065 14.3294 1630100000000 2106800000000 1458500000000 1201200000000 734040000000 17.657 10.41 0.02429 0.73391 0.677 0.18537 19.3614 -5.70533 0.63679 0.60145 -1.35732 16.6521 -4.68326 0.3686 1987000000000 552900000000
 0.7600   475488 0.7700   484188      1       -1       -1       -1  0 1.82733e+12 1.57300e+12 261.307000 10.846000 180.830000  1 0.1600 245.880000 32.48861 31.33405 18.35770 205.090 20.140 158.050 -2.586e+11 -2.290e+12 1.883e+12 0.04773 232963 232963 678481 4274 64 232938 233065 17.2826 1811300000000 2049600000000 1487100000000 1267900000000 781710000000 28.167 19.57 0.0365 0.72848 0.7071 10.7425 18.9541 -3.41127 0.77059 0.61854 8.61565 16.3277 -4.60205 0.3569 1981000000000 524300000000
 0.7500   466756 0.7600   475488      1       -1       -1       -1  0 1.82733e+12 1.64900e+12 266.400000 14.048000 183.810000  1 0.1600 252.710000 32.44861 31.33111 18.32958 211.760 29.500 143.660 8.753e+11 -4.858e+12 2.721e+12 0.08075 232964 232964 678481 4280 63 232938 233065 17.1734 1878000000000 2001900000000 1592000000000 1229800000000 829370000000 36.709 31.6 0.06419 0.71655 0.58106 23.7007 15.436 -9.97463 0.8702 0.72083 13.1343 17.2995 -1.96812 0.3764 2056000000000 572000000000
 0.7400   457955 0.7500   466756      1       -1       -1       -1  0 1.82733e+12 1.63000e+12 266.296000 16.947000 180.440000  1 0.1600 246.600000 32.40123 31.31807 18.30243 229.290 34.170 131.220 1.146e+12 -4.682e+12 2.526e+12 0.07902 232965 232965 678481 4284 62 232938 233065 18.9468 1916100000000 2097300000000 1639700000000 1325100000000 810300000000 28.7916 40.25 0.06351 0.64347 0.47494 32.4394 12.6904 -18.0105 0.84318 0.66348 19.5804 16.5014 -9.67061 0.3773 1896000000000 686400000000
 0.7300   449124 0.7400   457955      1       -1       -1       -1  0 1.82733e+12 1.73500e+12 272.828000 16.889000 193.780000  1 0.1600 240.560000 32.36332 31.31096 18.26474 224.170 46.590 123.750 6.547e+11 -6.405e+12 4.473e+12 0.10057 232966 232966 678481 3250 61 232938 233065 23.8573 1858900000000 2078200000000 1687300000000 1401400000000 705440000000 36.2406 48.49 0.08288 0.82292 0.64414 20.69 5.62745 -15.5848 0.85274 0.67076 -2.22456 20.9747 -6.80655 0.415 2012000000000 648200000000
 0.7200   440280 0.7300   449124      1       -1       -1       -1  0 1.82733e+12 1.84000e+12 279.168000 19.865000 203.300000  1 0.1600 250.450000 32.29005 31.29765 18.26435 204.090 43.570 114.460 5.368e+10 -4.751e+12 5.466e+12 0.08345 232967 232967 678481 4389 60 232938 233065 22.8741 1906600000000 2154500000000 1792200000000 1429900000000 772170000000 7.76848 32.48 0.06979 0.76539 0.59127 -15.6443 10.0308 24.6733 0.81437 0.57402 -12.662 6.43541 23.2964 0.4283 2149000000000 791200000000
 0.7100   431367 0.7200   440280      2       -1       -1       -1  0 1.82733e+12 1.85900e+12 281.076000 18.561000 201.670000  1 0.1600 249.240000 32.25062 31.27316 18.22452 229.710 55.280 107.520 -2.782e+11 -5.066e+12 6.247e+12 0.08934 232968 232968 678481 3314 59 232938 233065 24.3778 1925700000000 1982900000000 1801700000000 1496700000000 772170000000 17.5803 56.27 0.07663 0.71684 0.5698 4.16076 19.4445 27.3602 0.68862 0.51105 6.7006 18.4244 22.7673 0.4473 2174000000000 695900000000
 0.7000   422394 0.7100   431367      1       -1       -1       -1  0 1.80200e+12 1.78300e+12 278.105000 21.715000 191.230000  1 0.1600 245.910000 32.19294 31.25022 18.20768 236.060 65.160 87.230 4.819e+11 -5.097e+12 5.805e+12 0.09141 232969 232969 678481 4433 58 233038 233037 24.6252 1944700000000 2011500000000 1735000000000 1372800000000 714970000000 34.3824 58.15 0.07946 0.76719 0.60375 15.6921 22.3625 20.0718 0.77356 0.61546 12.2791 18.6546 18.843 0.4397 1969000000000 810300000000
 0.7000   422395 0.7100   431367      1   422394   422394       -1  0 2.47900e+11 2.47900e+11 144.074000 21.382000 91.410000  0 0.4300 114.470000 32.18172 31.32256 18.31345 -20.170 -8.540 184.140 -2.145e+11 -3.804e+11 -2.940e+11 0.12725 232970 233038 678481 4435 58 232938 233065 21.3825 1163000000000 1163000000000 1163000000000 743570000000 66731000000 55.1161 9.76 0.14485 0.16032 0.1235 35.1998 -9.09058 -14.1261 0.59837 0.50438 12.4197 -2.84011 -4.91677 0.5044 233000000000 123900000000
 0.6900   413397 0.7000   422394      1       -1       -1       -1  0 1.78590e+12 1.76400e+12 278.024000 22.504000 185.360000  1 0.1600 245.380000 32.13443 31.25673 18.19134 228.280 72.500 76.730 8.101e+11 -5.588e+12 4.444e+12 0.08863 232971 232970 678481 4441 57 232938 233037 25.0579 1887500000000 2011500000000 1658700000000 1229800000000 695910000000 25.1553 52.25 0.07553 0.75215 0.62259 20.0834 19.1264 6.69087 0.88542 0.69996 9.33826 18.9815 6.52255 0.414 1781000000000 781700000000
 0.6900   413398 0.7000   422395      1   413397   413397   422394  0 2.54233e+11 2.57400e+11 146.379000 29.567000 77.190000  1 0.4300 111.040000 32.27732 31.33356 18.21244 4.070 6.770 211.320 -2.625e+11 -2.888e+11 -2.624e+11 0.12098 232972 233039 678481 4442 57 232938 233065 29.5674 886570000000 886570000000 886570000000 171590000000 0 29.1821 0 0.12219 0.65707 0.18592 30.2182 16.9238 -24.615 0.39317 0.20249 -11.6972 28.1602 -21.888 0.3527 245800000000 219300000000
 0.6800   404392 0.6900   413397      1       -1       -1       -1  0 1.78590e+12 1.65900e+12 273.289000 18.664000 171.640000  1 0.1600 243.420000 32.07899 31.22794 18.17386 228.050 71.940 74.390 2.337e+11 -3.748e+12 2.727e+12 0.06481 232973 232971 678481 4469 56 232938 233037 23.9326 1735000000000 1839900000000 1534800000000 1115400000000 724510000000 36.5166 45.68 0.05433 0.79529 0.61589 21.4901 16.3687 0.13751 0.75924 0.73446 4.9149 -13.0284 14.5572 0.3756 1705000000000 676800000000
 0.6800   404393 0.6900   413398      1   404392   404392   413397  0 2.79633e+11 2.57400e+11 146.857000 20.089000 75.690000  1 0.4300 118.980000 32.25772 31.31980 18.17650 22.580 26.650 212.830 -2.014e+11 -2.622e+11 -2.861e+11 0.12040 232974 233040 678481 4471 56 232938 233065 20.0888 562450000000 562450000000 428980000000 257390000000 9533000000 14.1362 4.48 0.11425 0.38886 0.10647 29.1982 17.7276 -27.7352 0.49196 0.08629 20.6773 -19.6466 -3.77103 0.311 278500000000 143000000000
 0.6700   395410 0.6800   404392      1       -1       -1       -1  0 1.47767e+12 1.48700e+12 264.368000 20.373000 155.880000  1 0.1600 230.980000 32.01336 31.21516 18.13014 221.070 78.690 74.210 3.448e+11 -3.393e+12 1.918e+12 0.06894 232975 232972 678481 4460 55 232938 233037 25.446 1601500000000 1706400000000 1353700000000 1001000000000 600580000000 29.8624 32.33 0.05527 0.89198 0.58473 11.228 24.3784 -1.82406 0.89874 0.50962 -4.3423 16.2484 -16.4603 0.3191 1610000000000 648200000000
 0.6700   395411 0.6800   404393      1       -1       -1   404392  0 3.08233e+11 3.24100e+11 159.097000 30.801000 88.720000  1 0.4300 122.010000 32.26207 31.32361 18.11867 41.140 45.290 202.370 -2.503e+11 -4.157e+10 -3.260e+11 0.07135 232976 233041 678481 4459 55 232938 233065 30.8013 448050000000 476650000000 362250000000 95330000000 38132000000 19.9915 0 0.07393 0.24048 0.13816 25.1451 32.3341 -23.5288 0.09291 0 1.83944 18.3351 -3.7453 0.3854 312600000000 276500000000
 0.6600   386470 0.6700   395410      1       -1       -1       -1  0 1.34733e+12 1.28700e+12 252.730000 15.425000 141.160000  1 0.1600 230.450000 31.94837 31.19321 18.10839 208.920 85.970 72.810 -8.918e+11 2.696e+09 8.055e+11 0.02960 232977 232973 678481 4491 54 232938 233037 20.5188 1315600000000 1429900000000 1201200000000 991430000000 543380000000 15.7732 3.27 0.02173 0.78457 0.51799 -3.85188 31.1048 -8.63786 0.86531 0.52676 -3.67182 26.4394 -8.65721 0.2465 1433000000000 476600000000
 0.6600   386471 0.6700   395411      1       -1       -1       -1  0 3.08233e+11 2.95500e+11 154.763000 25.299000 81.890000  1 0.4300 122.160000 32.24582 31.30300 18.08332 49.860 61.380 207.300 -1.551e+11 -1.799e+11 -2.770e+11 0.08096 232978 233042 678481 4490 54 232938 233065 25.2992 381320000000 428980000000 314590000000 190660000000 38132000000 17.7693 0 0.07662 0.64885 0.32941 16.4807 23.1711 -14.8438 0.76219 0.11852 -3.35315 -14.9513 15.1274 0.3186 282500000000 219300000000
 0.6500   377438 0.6600   386470      1       -1       -1       -1  0 1.27067e+12 1.26800e+12 252.264000 16.112000 135.200000  1 0.1600 228.290000 31.89730 31.16773 18.08649 200.180 91.930 68.860 -6.712e+11 2.190e+10 8.677e+11 0.02812 232979 232974 678481 3441 53 232938 233037 21.3931 1306000000000 1315600000000 1172600000000 981900000000 533850000000 16.118 3.74 0.02046 0.84643 0.68727 7.71346 25.0654 2.10797 0.85131 0.69983 11.0487 18.2638 9.19555 0.2268 1406000000000 457600000000
 0.6500   377439 0.6600   386471      1       -1       -1       -1  0 3.08233e+11 2.95500e+11 155.248000 25.021000 86.580000  1 0.4300 123.190000 32.22548 31.28794 18.02373 56.950 73.330 204.340 -1.331e+11 -1.979e+11 -1.869e+11 0.06867 232980 233043 678481 3440 53 232938 233065 25.0209 343190000000 371790000000 266920000000 200190000000 47665000000 5.70188 0 0.06401 0.92562 0.26668 22.2252 -15.0462 3.85259 0.56698 0.10242 21.6966 -9.25899 2.75065 0.3342 285700000000 219300000000
 0.6400   368356 0.6500   377438      1       -1       -1       -1  0 1.27067e+12 1.23000e+12 250.481000 22.274000 131.780000  1 0.1600 227.520000 31.84600 31.14404 18.09237 190.000 97.930 67.170 -6.531e+11 3.877e+11 7.284e+11 0.02901 232981 232975 678481 3429 52 232938 233037 21.1912 1267900000000 1296500000000 1191600000000 1001000000000 476650000000 9.40088 2.52 0.02078 0.8338 0.55343 9.53285 26.5291 -3.91664 0.87103 0.48361 9.51476 23.5512 -0.43496 0.2132 1404000000000 676800000000
 0.6400   368357 0.6500   377439      1       -1       -1       -1  0 3.08233e+11 2.57400e+11 148.719000 20.883000 85.230000  1 0.4300 121.280000 32.21167 31.27246 17.96913 57.650 78.250 201.930 -8.706e+10 -7.878e+10 -1.866e+11 0.06169 232982 233044 678481 3428 52 232938 233065 20.883 276460000000 333650000000 266920000000 200190000000 9533000000 18.9762 0 0.05901 0.75941 0.07177 39.8389 -9.89631 -6.99616 0.72002 0.22797 32.0496 -13.5064 -6.75428 0.3577 266800000000 181100000000
 0.6300   359242 0.6400   368356      1       -1       -1       -1  0 1.27067e+12 1.23900e+12 251.891000 16.825000 126.410000  1 0.1600 223.840000 31.80449 31.11694 18.07338 184.720 101.630 67.270 -6.899e+11 3.657e+11 7.334e+11 0.02882 232983 232976 678481 4470 51 232938 233037 23.7376 1248800000000 1248800000000 1182100000000 972370000000 476650000000 10.1157 4.21 0.02102 0.65084 0.57266 10.4524 27.2279 -3.10129 0.53203 0.47554 12.2489 22.9991 -2.48988 0.2027 1380000000000 438500000000
 0.6300   359243 0.6400   368357      1       -1       -1       -1  0 3.08233e+11 2.66900e+11 150.991000 15.680000 81.430000  1 0.4300 131.300000 32.19977 31.23954 17.91784 66.170 91.070 194.600 -1.102e+11 -1.334e+11 -1.656e+11 0.06753 232984 233045 678481 4469 51 232938 233065 15.6804 285990000000 295520000000 257390000000 200190000000 0 15.7413 3.07 0.06072 0.22639 0.08225 46.6865 -7.73761 -18.372 0.13348 0.03956 41.8131 -3.03577 -21.3385 0.3008 301400000000 104900000000
 0.6200   350145 0.6300   359242      1       -1       -1       -1  0 1.27067e+12 1.22000e+12 251.344000 31.383000 128.930000  1 0.1600 220.400000 31.76484 31.10194 18.06279 174.790 103.880 66.820 -7.349e+11 3.691e+11 7.240e+11 0.03057 232985 232977 678481 4545 50 232938 233037 25.5283 1220200000000 1258400000000 1153500000000 934230000000 457580000000 28.7279 4.43 0.0222 0.86952 0.60699 14.6177 18.0224 6.60748 0.81065 0.54997 14.9989 14.2077 5.01595 0.2075 1311000000000 829400000000
 0.6200   350146 0.6300   359243      1       -1       -1       -1  0 3.08233e+11 2.76500e+11 153.225000 20.104000 77.800000  1 0.4300 127.430000 32.17253 31.22150 17.85785 73.810 102.560 195.750 -8.711e+10 -1.452e+11 -1.740e+11 0.06278 232986 233046 678481 4546 50 232938 233065 20.1036 295520000000 305060000000 257390000000 209730000000 0 23.4561 0 0.05844 0.36109 0.05884 44.2053 -7.10871 -19.6475 0.50214 0.03598 31.3384 -8.37088 -14.6642 0.2907 292900000000 162100000000
 0.6100   341019 0.6200   350145      1       -1       -1       -1  0 1.27067e+12 1.19200e+12 250.101000 19.034000 131.610000  1 0.1600 233.090000 31.70497 31.07544 18.03556 160.600 105.180 64.260 -3.952e+11 2.304e+11 7.072e+11 0.02545 232987 232978 678481 4483 49 232938 233037 19.8735 1191600000000 1239300000000 1153500000000 972370000000 486180000000 24.9591 2.64 0.01787 0.90832 0.5666 12.0926 21.2133 9.13938 0.95552 0.51943 10.1475 19.5343 6.76225 0.2027 1374000000000 514800000000
 0.6100   341020 0.6200   350146      1       -1       -1       -1  0 3.08233e+11 2.76500e+11 153.678000 21.633000 77.410000  1 0.4300 126.590000 32.18551 31.15479 17.78935 79.220 114.100 194.190 -7.709e+10 -9.541e+10 -1.200e+11 0.04518 232988 233047 678481 4481 49 232938 233065 21.6333 333650000000 343190000000 209730000000 152530000000 47665000000 38.6677 0 0.04156 0.22739 0.17363 36.6466 -14.5898 -14.2325 0.47702 0.29997 20.3239 -11.0615 -5.34999 0.2825 253700000000 152500000000
 0.6000   331871 0.6100   341019      1       -1       -1       -1  0 1.27067e+12 1.20100e+12 251.494000 12.723000 130.390000  1 0.1600 239.260000 31.64268 31.04513 18.00878 149.910 111.810 62.830 -4.338e+11 2.753e+11 7.494e+11 0.02728 232989 232979 678481 113 48 232938 233037 18.6867 1201200000000 1210700000000 1144000000000 934230000000 600580000000 24.0176 4.09 0.01916 0.83975 0.55488 8.76447 22.7923 7.56475 0.84139 0.5811 6.72188 21.9315 2.6116 0.1971 1443000000000 333700000000
 0.6000   331872 0.6100   341020      1       -1       -1       -1  0 3.08233e+11 3.05100e+11 159.265000 33.232000 82.590000  1 0.4300 123.740000 32.12902 31.14471 17.75281 81.890 125.640 187.280 -1.789e+11 -9.020e+10 -1.223e+10 0.04274 232990 233048 678481 114 48 232938 233065 33.2321 362250000000 390850000000 266920000000 181130000000 19066000000 11.5813 5.52 0.04155 0.0128 0.00108 55.4841 -3.66783 -28.6257 0.0655 0.00551 42.6658 -1.94692 -21.4594 0.315 278000000000 257400000000
 0.5900   322699 0.6000   331871      1       -1       -1       -1  0 1.27067e+12 1.23000e+12 254.199000 16.322000 129.320000  1 0.1600 246.400000 31.58369 30.99007 17.98948 142.000 114.900 60.750 -4.855e+11 3.350e+11 7.165e+11 0.02680 232991 232980 678481 4634 47 232938 233037 17.8327 1229800000000 1239300000000 1172600000000 962830000000 638710000000 12.5856 5.51 0.01895 0.87225 0.61898 15.8215 32.6983 3.83868 0.82889 0.60742 11.8815 31.3005 -1.4844 0.192 1461000000000 533800000000
 0.5900   322700 0.6000   331872      1       -1       -1       -1  0 3.08233e+11 2.95500e+11 158.039000 31.810000 75.650000  1 0.4300 123.890000 32.10260 31.09817 17.69514 83.420 139.880 189.610 -1.610e+11 -1.316e+11 -6.995e+10 0.04958 232992 233049 678481 4639 47 232938 233065 31.8103 362250000000 362250000000 324120000000 171590000000 0 3.55673 4.15 0.04823 0.19405 0 56.4474 13.4612 -37.2868 0.4696 0.01608 32.2511 15.8289 -14.3154 0.2878 273500000000 257400000000
 0.5800   313458 0.5900   322699      1       -1       -1       -1  0 1.27067e+12 1.20100e+12 252.920000 15.627000 127.510000  1 0.1600 242.570000 31.53861 30.95478 17.95305 134.700 115.730 57.500 -5.367e+11 3.802e+11 7.595e+11 0.03066 232993 232981 678481 4634 46 232938 233037 18.8212 1210700000000 1229800000000 1134400000000 981900000000 600580000000 18.183 5.93 0.02148 0.83766 0.65576 6.87224 25.8359 -7.88025 0.82102 0.65318 10.6001 22.1008 -4.39311 0.1852 1419000000000 457600000000
 0.5800   313460 0.5900   322700      1       -1       -1       -1  0 3.01867e+11 3.24100e+11 163.438000 44.371000 71.430000  1 0.4300 124.340000 32.07199 31.06718 17.62086 83.200 152.930 181.040 -6.947e+10 -7.138e+10 -1.120e+11 0.02847 232994 233050 678481 4638 46 232938 233065 44.3706 409920000000 409920000000 343190000000 152530000000 0 15.3687 3.88 0.02845 0.0518 0.04412 44.5633 15.7432 -27.8792 0.46447 0.12589 32.1742 5.8347 -16.33 0.2624 293000000000 333700000000
 0.5700   304231 0.5800   313458      1       -1       -1       -1  0 1.27067e+12 1.21100e+12 254.287000 18.727000 121.760000  1 0.1600 233.870000 31.49230 30.91009 17.93589 126.830 115.960 56.260 -6.985e+11 2.828e+11 8.845e+11 0.03479 232995 232982 678481 4761 45 232938 233037 22.928 1210700000000 1220200000000 1153500000000 972370000000 505250000000 13.3516 7.01 0.0247 0.98411 0.75457 12.8739 -12.6373 16.1005 0.9738 0.81996 4.46308 21.0424 0.36667 0.1727 1364000000000 514800000000
 0.5700   304233 0.5800   313460      1       -1       -1       -1  0 3.01867e+11 2.86000e+11 157.192000 29.215000 63.560000  1 0.4300 125.750000 32.05306 30.98606 17.56540 76.660 165.010 181.580 -5.876e+10 -1.012e+11 -9.765e+10 0.03711 232996 233051 678481 4646 45 232938 233065 29.2147 390850000000 390850000000 324120000000 76264000000 0 10.1031 0 0.0359 0.58337 0.05486 34.6917 23.0534 -33.1394 0.34529 0.0541 45.2454 22.4654 -5.39408 0.2188 279300000000 209700000000
 0.5600   294974 0.5700   304231      1       -1       -1       -1  0 1.27067e+12 1.20100e+12 254.303000 23.762000 119.520000  1 0.1600 234.540000 31.45041 30.86400 17.91483 123.210 114.110 58.800 -6.458e+11 3.395e+11 9.787e+11 0.03690 232997 232983 678481 4752 44 232938 233037 23.1298 1201200000000 1201200000000 1163000000000 953300000000 438520000000 11.0181 2.03 0.02649 0.75503 0.51395 -2.78034 33.3761 -4.97321 0.77854 0.41234 -6.66922 28.2006 -0.04113 0.1697 1323000000000 657800000000
 0.5600   294975 0.5700   304233      1   294976   294976       -1  0 2.92333e+11 2.95500e+11 159.349000 34.919000 61.220000  1 0.4300 125.250000 32.02853 30.92542 17.51394 71.780 177.540 175.670 -7.459e+10 -9.651e+10 -1.270e+11 0.04045 232998 233052 678481 4638 44 232938 233065 34.9192 362250000000 381320000000 295520000000 47665000000 0 14.8995 0 0.03956 0.09276 0.00012 -31.5838 -23.706 54.5851 0.51471 0.15803 30.639 22.8244 -18.7893 0.2034 267500000000 266900000000
 0.5500   285717 0.5600   294974      1       -1       -1       -1  0 1.27067e+12 1.19200e+12 254.301000 21.610000 116.940000  1 0.1600 243.500000 31.39950 30.81063 17.88898 116.220 113.620 59.110 -6.586e+11 3.145e+11 1.049e+12 0.03944 232999 232984 678481 4746 43 232938 233037 20.1869 1191600000000 1210700000000 1182100000000 915170000000 581510000000 15.2907 2.89 0.02832 0.81514 0.58826 0.37634 39.4232 0.0707 0.77851 0.58947 -1.00655 34.8898 3.71981 0.1627 1341000000000 600600000000
 0.5500   285718 0.5600   294975      1   285721   285719   294976  0 2.95500e+11 2.95500e+11 159.771000 52.429000 62.760000  1 0.4300 121.550000 31.99405 30.84637 17.45593 67.150 189.600 169.740 -7.565e+10 -1.183e+11 -7.608e+10 0.03644 233000 233053 678481 4625 43 232938 233065 52.429 552910000000 552910000000 552910000000 133460000000 0 20.9492 0 0.03615 0.40536 0.22648 -39.2464 -18.5846 45.4541 0 0 0 0 0 0.2108 257000000000 343200000000
 0.5400   276498 0.5500   285717      1       -1       -1       -1  0 1.27067e+12 1.22000e+12 256.985000 25.054000 115.320000  1 0.1600 229.690000 31.36449 30.78253 17.86445 109.450 112.090 58.940 -6.189e+11 2.236e+11 9.977e+11 0.03479 233001 232985 678481 4747 42 232938 233037 28.1914 1229800000000 1229800000000 1134400000000 981900000000 390850000000 16.0103 4.21 0.02566 0.80148 0.5848 7.48191 37.074 -2.14096 0.73152 0.53619 15.5439 30.3885 0.90689 0.1618 1253000000000 657800000000
 0.5400   276499 0.5500   285718      1   276502   276500   285721  0 2.79633e+11 2.95500e+11 160.186000 49.102000 66.330000  1 0.4300 123.060000 31.97305 30.78906 17.38895 56.900 194.840 163.400 -7.078e+10 -1.649e+11 -1.006e+11 0.04834 233002 233054 678481 4634 42 232938 233065 49.1018 524310000000 524310000000 505250000000 247860000000 9533000000 6.71819 3.6 0.04693 0.25287 0.09458 -30.2005 -50.5198 51.9848 0.22438 0.02926 31.6268 25.4612 -21.7238 0.2107 258100000000 324100000000
 0.5300   267259 0.5400   276498      1       -1       -1       -1  0 1.27067e+12 1.16300e+12 253.549000 19.506000 116.660000  1 0.1600 235.980000 31.31781 30.71074 17.85125 103.150 112.600 55.930 -6.128e+11 -1.712e+11 8.609e+11 0.03543 233003 232986 678481 4733 41 232938 233037 23.7447 1163000000000 1172600000000 1144000000000 934230000000 476650000000 15.6087 3.93 0.0251 0.92311 0.73821 25.3057 17.0045 7.24607 0.80312 0.70967 24.5341 13.7225 2.7552 0.1549 1229000000000 486200000000
 0.5300   267260 0.5400   276499      1       -1       -1   276502  0 2.70100e+11 2.47900e+11 151.449000 19.750000 76.870000  1 0.4300 131.420000 31.96378 30.73957 17.33166 47.050 192.880 149.920 -7.473e+10 -1.865e+11 -2.269e+11 0.09933 233004 233055 678481 4645 41 232938 233065 19.7499 314590000000 333650000000 295520000000 228790000000 28599000000 11.552 0 0.09347 0.23441 0.06192 12.2496 44.3645 -35.2919 0.10492 0.00216 6.43539 43.6397 -29.3137 0.2681 258700000000 114400000000
 0.5200   258030 0.5300   267259      1       -1       -1       -1  0 1.27067e+12 1.17300e+12 254.872000 18.687000 116.800000  1 0.1600 237.830000 31.27381 30.66154 17.81323 96.320 111.950 58.450 -5.531e+11 -2.013e+11 9.204e+11 0.03576 233005 232987 678481 3578 40 232938 233037 24.2077 1172600000000 1182100000000 1144000000000 915170000000 505250000000 19.2553 2.41 0.02548 0.89954 0.62447 -4.39611 29.2028 -3.48431 0.79241 0.47571 -5.15014 26.4095 -3.61821 0.1547 1211000000000 495700000000
 0.5200   258031 0.5300   267260      1       -1       -1       -1  0 2.70100e+11 2.57400e+11 153.748000 16.696000 78.520000  1 0.4300 139.280000 31.94846 30.65576 17.27386 34.120 186.060 139.670 -8.495e+10 -1.847e+11 -2.672e+11 0.11001 233006 233056 678481 3499 40 232938 233065 16.6961 266920000000 276460000000 247860000000 200190000000 0 11.4394 0 0.09805 0.02521 0 -1.68018 67.211 -31.9812 0 0 -3.08418 42.9134 -17.9844 0.2504 280700000000 95330000000
 0.5100   248749 0.5200   258030      1       -1       -1       -1  0 1.27067e+12 1.20100e+12 257.552000 22.124000 114.930000  1 0.1600 241.600000 31.22641 30.62958 17.80128 89.960 110.180 53.090 -5.483e+11 -3.612e+11 8.187e+11 0.03296 233007 232988 678481 3525 39 232938 233037 24.5466 1201200000000 1201200000000 1144000000000 953300000000 428980000000 13.2766 2.65 0.02371 0.81152 0.5748 -2.40572 33.6282 -4.89484 0.73572 0.46482 -7.88078 30.9346 -6.3764 0.1487 1296000000000 572000000000
 0.5100   248750 0.5200   258031      1       -1       -1       -1  0 2.70100e+11 2.66900e+11 156.001000 20.177000 76.300000  1 0.4300 137.200000 31.93246 30.57978 17.21187 26.630 179.970 130.410 -1.632e+11 -1.861e+11 -2.922e+11 0.12429 233008 233057 678481 3453 39 232938 233065 20.1768 266920000000 266920000000 247860000000 200190000000 9533000000 4.47017 0 0.10616 0.17239 0.10312 -12.665 54.1334 -12.8553 0.22537 0.12355 -13.4806 43.321 -12.1611 0.2184 280300000000 171600000000
 0.5000   239579 0.5100   248749      1       -1       -1       -1  0 1.27067e+12 1.17300e+12 256.098000 17.863000 114.500000  1 0.1600 241.070000 31.18382 30.56875 17.77027 84.140 110.990 50.290 -4.733e+11 -4.179e+11 7.766e+11 0.03342 233009 232989 678481 3552 38 232938 233037 24.7207 1172600000000 1172600000000 1124900000000 915170000000 476650000000 17.5356 2.08 0.02375 0.83213 0.72583 18.3513 19.4845 4.02148 0.81865 0.66194 19.5859 14.1719 2.76963 0.1445 1274000000000 429000000000
 0.5000   239580 0.5100   248750      1       -1       -1       -1  0 2.28800e+11 2.86000e+11 160.009000 22.369000 76.560000  1 0.4300 139.550000 31.90995 30.48131 17.14438 20.070 174.720 119.960 -1.419e+11 -1.862e+11 -2.937e+11 0.10525 233010 233058 678481 3496 38 232938 233065 22.3691 285990000000 285990000000 257390000000 219260000000 0 15.3188 0 0.09361 0.21936 0.09825 45.2844 -23.8097 12.8567 0.0545 0 42.9994 -26.5323 16.6903 0.2286 280500000000 200200000000
 0.4900   230397 0.5000   239579      1       -1       -1       -1  0 1.27067e+12 1.18200e+12 257.384000 17.656000 112.000000  1 0.1600 243.200000 31.14556 30.52401 17.74923 77.890 111.050 47.370 -6.254e+11 -4.968e+11 7.499e+11 0.03608 233011 232990 678481 4677 37 232938 233037 25.1583 1182100000000 1191600000000 1124900000000 943770000000 438520000000 12.7612 3.8 0.02588 0.76748 0.55738 11.5066 23.1401 9.5091 0.83186 0.60927 13.5676 18.4062 6.86251 0.138 1222000000000 390900000000
 0.4900   230398 0.5000   239580      1       -1       -1       -1  0 2.25633e+11 1.33500e+11 124.399000 12.174000 45.710000  1 0.4300 117.510000 31.87257 30.43694 17.12974 38.900 201.310 82.260 -8.360e+09 -7.409e+09 -1.666e+10 0.02192 233012 233059 678481 4598 37 232938 233065 12.1744 238320000000 238320000000 238320000000 104860000000 47665000000 8.31579 0 0.01796 0.82522 0.11394 16.8472 27.3067 4.79328 0.43311 0.07899 -6.47805 -14.0466 18.7068 0.1242 151800000000 47660000000
 0.4800   221239 0.4900   230397      1       -1       -1       -1  0 1.27067e+12 1.16300e+12 256.570000 30.161000 111.880000  1 0.1600 240.200000 31.12040 30.49691 17.73885 70.290 109.550 43.830 -4.476e+11 -5.682e+11 8.092e+11 0.03688 233013 232991 678481 4673 36 232938 233037 26.9853 1163000000000 1163000000000 1163000000000 896100000000 419450000000 22.5112 5.46 0.02659 0.78387 0.53825 16.9486 27.4564 17.7345 0.83074 0.58171 23.0103 12.8157 15.6139 0.1385 1194000000000 762600000000
 0.4800   221240 0.4900   230398      1       -1       -1       -1  0 2.06567e+11 2.57400e+11 155.194000 37.064000 73.050000  1 0.4300 126.640000 31.88244 30.34550 17.06862 11.780 159.170 104.380 -1.648e+11 -1.604e+11 -2.967e+11 0.11385 233014 233060 678481 4622 36 232938 233065 37.0638 257390000000 257390000000 247860000000 104860000000 0 32.7294 0 0.11355 0.54652 0.46547 68.9484 9.04288 -37.2831 0.17345 0 -14.6021 -30.1161 39.118 0.2745 232900000000 257400000000
 0.4700   212104 0.4800   221239      1       -1       -1       -1  0 1.27067e+12 1.19200e+12 259.224000 34.110000 111.080000  1 0.1600 236.120000 31.09394 30.45720 17.70774 68.110 108.530 40.850 -4.510e+11 -5.569e+11 9.970e+11 0.03935 233015 232992 678481 4678 35 232938 233037 32.2035 1191600000000 1191600000000 1144000000000 896100000000 381320000000 40.0365 4.75 0.02916 0.87652 0.6603 21.2386 20.9794 9.48258 0.94564 0.62856 24.3549 6.41756 2.23339 0.1399 1153000000000 800800000000
 0.4700   212105 0.4800   221240      1       -1       -1       -1  0 2.06567e+11 2.00200e+11 143.036000 44.477000 58.670000  1 0.4300 114.780000 31.84864 30.25761 16.98880 22.450 180.400 79.070 -9.105e+10 -6.297e+10 -1.026e+11 0.06626 233016 233061 678481 5025 35 232938 233065 44.4774 200190000000 200190000000 162060000000 19066000000 9533000000 31.6687 9.1 0.07006 0.41652 0.02569 3.84145 -3.13087 43.5454 0 0 0 0 0 0.2392 216600000000 276500000000
 0.4600   202993 0.4700   212104      1       -1       -1       -1  0 1.27067e+12 1.22000e+12 261.839000 24.800000 108.280000  1 0.1600 239.660000 31.06386 30.39649 17.69488 64.530 106.360 39.880 -5.012e+11 -7.077e+11 8.549e+11 0.03760 233017 232993 678481 3478 34 232938 233037 32.9769 1220200000000 1210700000000 1144000000000 905630000000 352720000000 32.0596 5.19 0.02807 0.62005 0.56582 29.88 14.8666 23.6709 0.62726 0.44197 30.3532 6.30692 13.9323 0.1317 1158000000000 533800000000
 0.4600   202994 0.4700   212105      1       -1       -1       -1  0 1.55733e+11 1.62100e+11 133.592000 49.803000 52.200000  1 0.4300 106.950000 31.84039 30.18053 16.94055 15.490 172.630 73.320 -6.920e+10 -4.220e+09 -4.437e+10 0.04991 233018 233062 678481 3821 34 232938 233065 49.8029 162060000000 162060000000 133460000000 19066000000 0 50.9736 5.77 0.05487 0.11993 0.05962 0.70852 -45.2832 75.5208 0 0 0 0 0 0.2237 199000000000 286000000000
 0.4500   193947 0.4600   202993      1       -1       -1       -1  0 1.27067e+12 1.27700e+12 266.418000 32.576000 107.880000  1 0.1600 238.990000 31.02809 30.33419 17.66978 60.480 102.030 40.390 -5.619e+11 -9.554e+11 1.207e+12 0.04623 233019 232994 678481 3466 33 232938 233037 38.9357 1277400000000 1258400000000 1172600000000 857970000000 371790000000 29.0287 5.41 0.03535 0.56289 0.40163 31.3966 7.32172 20.6762 0.65563 0.20129 26.5042 -0.37756 14.0362 0.13 1126000000000 772200000000
 0.4500   193948 0.4600   202994      1       -1       -1       -1  0 1.27133e+11 1.04900e+11 115.787000 35.841000 36.520000  1 0.4300 94.390000 31.85708 30.11059 16.90414 12.740 145.880 67.670 -2.420e+10 -4.285e+09 -4.224e+09 0.03034 233020 233063 678481 3840 33 232938 233065 35.8411 104860000000 104860000000 38132000000 9533000000 9533000000 32.7888 4.25 0.03468 0.42755 0.06809 13.6655 34.8244 -9.94086 0 0 0 0 0 0.1665 181700000000 162100000000
 0.4400   184889 0.4500   193947      1       -1       -1       -1  0 1.27067e+12 1.27700e+12 266.953000 53.788000 104.640000  1 0.1600 233.660000 31.01033 30.26070 17.66030 60.260 104.280 45.830 -6.117e+11 -1.094e+12 1.426e+12 0.05360 233021 232995 678481 4555 32 232938 233037 47.4871 1277400000000 1267900000000 1201200000000 800770000000 285990000000 23.4073 7.47 0.04137 0.40136 0.35792 38.3512 4.96277 25.8023 0.59867 0.4528 27.2673 5.49551 16.2246 0.1236 1140000000000 1096000000000
 0.4400   184890 0.4500   193948      1       -1       -1       -1  0 1.23900e+11 1.14400e+11 119.434000 11.880000 44.250000  1 0.4300 116.750000 31.83660 29.96483 16.92620 10.730 157.690 68.390 -3.644e+10 9.324e+09 7.447e+09 0.05450 233022 233064 678481 4992 32 232938 233065 11.8796 114400000000 114400000000 114400000000 104860000000 38132000000 7.22545 0 0.04661 0.72272 0.42815 8.68469 22.5398 -4.1201 0.8727 0.52871 6.24915 11.0725 12.2388 0.1292 134500000000 47660000000
 0.4300   175872 0.4400   184889      1       -1       -1       -1  0 1.24233e+12 1.25800e+12 266.135000 48.383000 105.020000  1 0.1600 235.200000 30.97707 30.19855 17.61992 56.200 101.420 40.190 -7.523e+11 -1.014e+12 1.433e+12 0.05617 233023 232996 678481 3425 31 232938 233037 47.0213 1258400000000 1258400000000 1191600000000 877040000000 314590000000 17.8567 4.87 0.04312 0.48283 0.43391 36.5573 -6.73634 26.3038 0.58523 0.42783 23.4574 -1.34647 23.6304 0.1231 1146000000000 1039000000000
 0.4300   175873 0.4400   184890      0       -1       -1       -1  0 1.23900e+11 1.23900e+11 122.902000 11.368000 41.690000  1 0.4300 123.190000 31.82990 29.87013 16.88943 6.700 147.640 62.570 -3.491e+10 8.751e+09 4.250e+09 0.04508 233024 233065 678481 3877 31 232938 233065 11.3679 123930000000 123930000000 123930000000 66731000000 47665000000 10.7223 5.98 0.03896 0.40466 0.02661 13.6799 33.0799 -3.6058 0.51542 0.43502 9.9341 -2.62125 18.0619 0.1184 122500000000 47660000000
 0.4200   166913 0.4300   175872      1       -1       -1       -1  0 1.21067e+12 1.19200e+12 261.837000 57.737000 102.160000  1 0.1600 238.150000 30.94314 30.11699 17.58804 53.720 97.800 40.210 -8.009e+11 -7.876e+11 1.229e+12 0.05437 233025 232997 678481 3405 30 232938 233037 40.9667 1191600000000 1191600000000 1172600000000 838900000000 219260000000 18.0555 0.86 0.04161 0.5098 0.35539 41.006 -16.2343 30.1252 0.59432 0.33395 30.0119 -6.48372 23.8536 0.1177 1139000000000 1144000000000
 0.4100   158036 0.4200   166913      1       -1       -1       -1  0 1.19173e+12 1.18200e+12 261.611000 56.790000 96.880000  1 0.1600 233.830000 30.90442 30.04592 17.53988 50.780 95.010 37.300 -7.656e+11 -7.631e+11 1.095e+12 0.05033 233026 232998 678481 3359 29 232938 233037 48.4 1182100000000 1182100000000 1134400000000 753110000000 219260000000 23.4565 2.94 0.03942 0.58178 0.38604 24.5399 -15.5131 20.3475 0.3124 0.10416 21.6766 -15.0927 24.8922 0.1118 1092000000000 1115000000000
 0.4000   149260 0.4100   158036      2       -1       -1       -1  0 1.19173e+12 1.18200e+12 262.069000 90.532000 92.910000  1 0.1600 230.960000 30.87563 29.98423 17.50452 48.360 90.830 41.390 -7.634e+11 -7.368e+11 1.010e+12 0.04724 233027 232999 678481 4434 28 232938 233037 57.7315 1182100000000 1172600000000 1077200000000 781710000000 171590000000 30.8167 3.94 0.03795 0.7861 0.44297 32.1838 0.00695 37.898 0.4474 0.27669 31.2351 -5.74398 30.9671 0.1083 987100000000 1325000000000
 0.3900   140584 0.4000   149260      1       -1       -1       -1  0 1.19173e+12 1.06800e+12 253.754000 48.379000 91.320000  1 0.1600 229.330000 30.86740 29.91757 17.48862 46.200 86.750 40.100 -7.935e+11 -5.484e+11 9.799e+11 0.05491 233028 233000 678481 4359 27 233024 233023 49.8902 1077200000000 1067700000000 991430000000 686380000000 181130000000 26.6511 4.71 0.04271 0.48768 0.41155 33.8807 -2.50992 34.7498 0.37518 0.29524 26.305 -2.79546 32.8343 0.1008 899200000000 867500000000
 0.3900   140585 0.4000   149260      1   140584   140584       -1  0 2.00200e+11 2.00200e+11 145.238000 19.095000 47.650000  0 0.2600 140.380000 30.91497 30.07475 17.59471 -42.740 93.100 -12.020 3.250e+10 5.027e+09 1.191e+10 0.02119 233029 233024 678481 4358 27 232938 233037 19.0949 324120000000 324120000000 324120000000 162060000000 57198000000 7.17879 0.95 0.01769 0.51757 0.10426 19.2243 28.6248 12.6468 0.397 0.09809 24.4416 15.8103 10.4686 0.0943 195300000000 104900000000
 0.3800   132105 0.3900   140584      1       -1       -1       -1  0 9.91533e+11 9.81900e+11 247.166000 23.101000 95.280000  1 0.1600 252.220000 30.82375 29.84548 17.44714 43.430 82.600 38.150 -6.390e+11 -3.862e+11 5.953e+11 0.04654 233030 233001 678481 4288 26 232938 233023 26.2374 981900000000 953300000000 915170000000 676840000000 390850000000 29.8076 3.5 0.03453 0.53694 0.48002 20.0323 -10.9247 25.8937 0.42552 0.37962 14.9064 -12.3155 22.4491 0.1011 910800000000 448100000000
 0.3800   132106 0.3900   140585      1       -1       -1   140584  0 2.00200e+11 2.00200e+11 145.473000 24.655000 44.210000  1 0.2600 135.870000 30.94417 30.00377 17.60095 -38.440 104.360 -4.670 3.437e+10 7.185e+09 9.197e+09 0.02194 233031 233025 678481 4289 26 232938 233037 24.6552 305060000000 305060000000 305060000000 181130000000 0 7.02693 0 0.01858 0.90992 0.29348 21.6832 30.3975 12.8818 0.79451 0.04196 32.4724 -8.69905 3.21281 0.0836 186000000000 152500000000
 0.3700   123613 0.3800   132105      1       -1       -1       -1  0 9.31067e+11 9.24700e+11 242.647000 30.203000 92.730000  1 0.1600 242.210000 30.77770 29.80713 17.40273 45.410 75.460 37.220 -2.825e+11 -1.376e+11 1.274e+11 0.01875 233032 233002 678481 3221 25 232938 233023 30.2027 924700000000 924700000000 829370000000 695910000000 343190000000 28.9552 1.6 0.01372 0.59392 0.47052 25.9428 -8.42124 22.4079 0.4972 0.29344 24.6687 -5.77977 21 0.0954 884700000000 591000000000
 0.3700   123614 0.3800   132106      1       -1       -1       -1  0 2.00200e+11 1.90700e+11 143.349000 25.627000 38.300000  1 0.2600 134.240000 30.97267 29.92160 17.60503 -29.590 107.970 4.780 2.151e+10 9.361e+09 9.212e+08 0.01496 233033 233026 678481 3222 25 232938 233037 25.6269 257390000000 257390000000 247860000000 200190000000 0 5.46143 0 0.0132 0.08524 0 62.3725 -32.1728 2.43079 0.76962 0.30203 13.1827 -1.5717 25.4963 0.0685 174100000000 152500000000
 0.3600   115157 0.3700   123613      1       -1       -1       -1  0 9.05633e+11 8.86600e+11 239.620000 33.410000 87.570000  1 0.1600 236.740000 30.77966 29.72161 17.40055 43.680 69.480 34.450 -1.020e+11 -1.371e+11 -1.039e+11 0.01163 233034 233003 678481 4120 24 232938 233023 33.4105 886570000000 867500000000 848440000000 667310000000 209730000000 30.1038 0 0.00879 0.55897 0.39541 32.0321 -8.42643 24.643 0.53921 0.23289 31.0564 -3.91451 18.4388 0.0936 804100000000 591000000000
 0.3600   115158 0.3700   123614      1       -1       -1       -1  0 2.00200e+11 2.00200e+11 145.916000 25.197000 38.250000  1 0.2600 138.960000 30.99395 29.84431 17.60531 -22.530 112.750 10.840 3.555e+10 5.644e+09 -1.671e+10 0.02373 233035 233027 678481 4121 24 232938 233037 25.1975 228790000000 219260000000 219260000000 114400000000 0 11.7384 0 0.02084 0.54313 0.22433 49.8838 -3.70617 25.9965 0.96906 0.5778 -18.2514 40.3201 -7.93568 0.0628 193400000000 143000000000
 0.3500   106853 0.3600   115157      1       -1       -1       -1  0 8.67500e+11 9.05600e+11 241.669000 44.661000 78.920000  1 0.1600 230.510000 30.70337 29.67896 17.36717 40.650 63.810 33.880 1.432e+09 -1.446e+11 -1.974e+11 0.01332 233036 233004 678481 4010 23 232938 233023 44.6613 905630000000 896100000000 857970000000 638710000000 57198000000 11.205 0.8 0.01053 0.5594 0.38987 45.5025 -5.04378 32.9818 0.38841 0.18172 39.9391 -7.10396 28.8913 0.0825 786700000000 743600000000
 0.3500   106854 0.3600   115158      1       -1       -1       -1  0 2.00200e+11 2.09700e+11 148.407000 26.855000 41.030000  1 0.2600 142.000000 30.99959 29.74188 17.57517 -15.980 117.790 13.340 2.125e+10 1.482e+10 -2.333e+09 0.01512 233037 233028 678481 4011 23 232938 233037 26.8546 209730000000 200190000000 181130000000 133460000000 28599000000 14.9178 1.86 0.01281 0.9403 0.23664 17.9998 -16.3811 23.4819 0.4817 0.05724 15.0517 -18.5288 27.4397 0.0622 177600000000 162100000000
 0.3400    98730 0.3500   106853      1       -1       -1       -1  0 8.48433e+11 8.10300e+11 233.189000 57.143000 76.390000  1 0.1600 217.180000 30.71884 29.61518 17.38818 33.340 60.760 28.970 -2.788e+10 -1.169e+11 -1.818e+11 0.01432 233038 233005 678481 3916 22 232938 233023 57.1433 810300000000 791240000000 772170000000 524310000000 133460000000 35.3299 0 0.01144 0.52089 0.49192 24.4734 -0.24014 37.5237 0.59036 0.52589 14.9645 -8.10227 27.7888 0.0812 706700000000 791200000000
 0.3400    98731 0.3500   106854      1       -1       -1       -1  0 2.00200e+11 1.90700e+11 143.961000 16.579000 46.140000  1 0.2600 151.320000 31.01562 29.64249 17.56499 -10.610 115.040 16.400 1.236e+10 8.495e+09 -1.297e+10 0.01498 233039 233029 678481 3917 22 232938 233037 16.5789 200190000000 200190000000 200190000000 162060000000 66731000000 7.87119 0 0.01161 0.77787 0.45796 24.333 1.79765 23.9125 0.63558 0.38266 13.9627 -12.7375 24.0464 0.0664 192100000000 104900000000
 0.3300    90852 0.3400    98730      1       -1       -1       -1  0 7.88067e+11 8.29400e+11 235.307000 40.316000 75.720000  1 0.1600 232.930000 30.63320 29.57957 17.32565 34.390 59.480 29.250 1.087e+11 3.446e+10 -1.009e+11 0.00985 233040 233006 678481 3833 21 232938 233023 40.3159 829370000000 829370000000 781710000000 543380000000 95330000000 13.4016 0 0.0078 0.51975 0.32739 40.5175 4.96037 23.3536 0.3405 0.15579 37.3956 5.60575 19.5633 0.0754 697700000000 581500000000
 0.3300    90853 0.3400    98731      1       -1       -1       -1  0 1.93867e+11 2.00200e+11 146.511000 11.906000 49.540000  1 0.2600 168.780000 31.01639 29.54606 17.55947 -6.130 112.810 18.000 1.052e+10 7.452e+09 -3.504e+09 0.00968 233041 233030 678481 3834 21 232938 233037 11.9059 209730000000 209730000000 200190000000 152530000000 85797000000 18.0312 0.96 0.00731 0.70352 0.48198 8.47749 1.97814 15.9605 0.84019 0.40238 9.5151 5.94076 11.3886 0.0718 204600000000 85800000000
 0.3200    83101 0.3300    90852      1       -1       -1       -1  0 7.43567e+11 7.24500e+11 225.216000 27.802000 79.260000  1 0.1600 239.690000 30.61860 29.54089 17.32679 28.180 54.650 26.380 6.587e+10 -4.215e+10 -1.446e+11 0.01469 233042 233007 678481 3694 20 232938 233023 27.8019 724510000000 714970000000 714970000000 533850000000 247860000000 15.8394 0 0.01071 0.75183 0.56133 30.7839 -5.31161 15.8547 0.83938 0.66681 9.18573 11.8304 22.3671 0.073 644600000000 409900000000
 0.3200    83102 0.3300    90853      1       -1       -1       -1  0 1.90667e+11 1.90700e+11 144.324000 20.407000 42.210000  1 0.2600 149.660000 31.03241 29.43549 17.52682 -5.000 105.970 21.730 1.483e+10 -2.447e+09 -1.015e+10 0.01371 233043 233031 678481 3695 20 232938 233037 20.4073 190660000000 190660000000 190660000000 123930000000 28599000000 5.71944 0 0.01093 0.59196 0.44775 14.4344 -9.2769 24.8686 0.69354 0.18041 -10.8825 18.6863 -11.704 0.0601 182500000000 123900000000
 0.3100    75599 0.3200    83101      1       -1       -1       -1  0 6.86367e+11 6.76800e+11 220.420000 24.229000 75.630000  1 0.1600 243.680000 30.58937 29.49360 17.31274 25.040 52.400 23.990 3.096e+09 4.486e+10 -2.695e+10 0.00523 233044 233008 678481 3573 19 232938 233023 24.2286 676840000000 629180000000 619640000000 524310000000 133460000000 26.2826 0 0.00388 0.76165 0.58496 29.7711 -14.1186 18.8943 0.46823 0.40918 25.4026 -21.5935 18.0023 0.0706 697400000000 343200000000
 0.3100    75600 0.3200    83102      1       -1       -1       -1  0 1.81133e+11 1.81100e+11 142.042000 20.088000 40.510000  1 0.2600 149.380000 31.03095 29.32901 17.49936 0.530 102.420 22.300 8.460e+09 6.605e+09 -4.697e+09 0.00935 233045 233032 678481 3574 19 232938 233037 20.0878 181130000000 181130000000 181130000000 133460000000 0 5.36804 0 0.00781 0.45039 0.21339 36.0044 -11.3281 26.563 0.33328 0.25056 34.3718 -19.9249 25.3308 0.0621 177300000000 104900000000
 0.3000    68329 0.3100    75599      1       -1       -1       -1  0 6.48233e+11 6.57800e+11 218.571000 31.469000 70.310000  1 0.1600 232.520000 30.53891 29.45369 17.26823 24.110 49.280 20.040 3.124e+10 4.801e+10 1.527e+09 0.00600 233046 233009 678481 2542 18 232938 233023 31.4688 657780000000 629180000000 619640000000 428980000000 181130000000 25.5365 0 0.00452 0.88223 0.63618 25.5033 4.53232 28.3291 0.86451 0.57131 18.5631 10.6072 24.6227 0.0641 570700000000 419500000000
 0.3000    68330 0.3100    75600      1       -1       -1       -1  0 1.68400e+11 1.71600e+11 139.658000 22.403000 38.800000  1 0.2600 145.800000 31.03314 29.22431 17.47593 1.060 97.270 21.570 1.560e+09 9.386e+09 4.291e+09 0.00893 233047 233033 678481 2543 18 232938 233037 22.4034 171590000000 171590000000 162060000000 133460000000 0 11.785 0 0.00773 0.38273 0.11221 40.0891 -27.6913 29.4411 0.15669 0.07648 45.9975 -35.3059 19.8314 0.0643 155000000000 123900000000
 0.2900    61319 0.3000    68329      1       -1       -1       -1  0 6.26000e+11 6.10100e+11 213.379000 36.546000 62.490000  1 0.1600 223.810000 30.54012 29.39049 17.26474 22.440 43.830 16.260 -4.727e+10 2.475e+10 1.769e+09 0.00614 233048 233010 678481 2410 17 232938 233023 36.5465 610110000000 610110000000 591050000000 438520000000 0 18.4274 0 0.00486 0.50428 0.42666 53.8415 -14.766 21.2884 0.05024 0.00541 56.8678 0.83515 21.4136 0.0583 576600000000 486200000000
 0.2900    61320 0.3000    68330      1       -1       -1       -1  0 1.62067e+11 1.52500e+11 134.420000 25.807000 35.410000  1 0.2600 138.570000 31.04762 29.11339 17.47991 1.840 90.370 21.740 -2.785e+09 2.964e+08 4.788e+09 0.00569 233049 233034 678481 2411 17 232938 233037 25.8072 152530000000 142990000000 142990000000 85797000000 0 9.73872 1.68 0.00508 0.06345 0 27.9874 -15.7631 44.2416 0.67607 0.04585 -12.6497 36.7415 13.7609 0.0612 137700000000 123900000000
 0.2800    54592 0.2900    61319      1       -1       -1       -1  0 5.81500e+11 6.10100e+11 213.587000 58.120000 58.640000  1 0.1600 214.740000 30.50859 29.31407 17.21243 18.740 42.240 16.250 -3.761e+10 1.017e+11 -2.624e+09 0.01207 233050 233011 678481 3063 16 232938 233023 58.1196 610110000000 600580000000 591050000000 285990000000 28599000000 26.8917 0 0.01003 0.35629 0.19489 46.9488 -21.5936 1.98306 0.35993 0.22067 33.2218 -21.1435 -2.68282 0.0564 526700000000 657800000000
 0.2800    54593 0.2900    61320      1       -1       -1       -1  0 1.46167e+11 1.62100e+11 137.298000 53.732000 34.600000  1 0.2600 135.000000 31.03541 29.01448 17.43989 4.980 83.690 23.710 1.678e+10 4.795e+09 -6.368e+09 0.01637 233051 233035 678481 3064 16 232938 233037 53.7316 162060000000 133460000000 123930000000 57198000000 9533000000 12.4938 5.36 0.01566 0.2597 0.03247 -16.6946 30.2737 -4.32052 0.2593 0 -14.5256 24.0047 -2.34587 0.0653 132300000000 200200000000
 0.2700    48204 0.2800    54592      1       -1       -1       -1  0 5.40200e+11 5.24300e+11 203.251000 60.342000 56.570000  1 0.1600 206.290000 30.44447 29.26218 17.19794 16.580 40.070 20.160 -1.088e+10 3.756e+10 -1.512e+09 0.00592 233052 233012 678481 2914 15 232938 233023 60.3415 524310000000 495720000000 495720000000 238320000000 123930000000 27.0574 0 0.00474 0.51652 0.34298 37.2946 0.05527 8.27322 0.66217 0.44263 25.2126 0.82752 9.21842 0.0508 468200000000 638700000000
 0.2700    48205 0.2800    54593      1       -1       -1       -1  0 1.17577e+11 1.23900e+11 125.668000 29.615000 34.590000  1 0.2600 130.400000 31.00383 28.91464 17.37574 7.120 84.040 26.120 2.245e+10 1.738e+10 -5.029e+09 0.03823 233053 233036 678481 3247 15 232938 233037 29.6148 123930000000 123930000000 123930000000 0 0 8.21377 0 0.03869 0.253 0.08885 63.4545 -25.6755 29.93 0 0 0 0 0 0.0803 121500000000 123900000000
 0.2600    42144 0.2700    48204      1       -1       -1       -1  0 5.05233e+11 4.86200e+11 198.368000 34.082000 55.020000  1 0.1600 218.730000 30.48905 29.22348 17.16515 11.080 40.350 20.170 -5.944e+09 -2.800e+10 -4.215e+09 0.00518 233054 233013 678481 2704 14 232938 233023 34.082 486180000000 476650000000 476650000000 333650000000 0 18.3943 0 0.00405 0.70741 0.27873 47.8717 20.1686 4.61989 0.68438 0.14606 36.2371 32.6762 -11.449 0.0409 445700000000 352700000000
 0.2600    42145 0.2700    48205      0       -1       -1       -1  0 6.67300e+10 6.67300e+10 102.325000 46.165000 29.970000  1 0.2600 103.870000 31.00414 28.80445 17.35328 7.090 76.750 23.780 1.031e+10 8.085e+09 -9.951e+09 0.05091 233055 233037 678481 3083 14 232938 233037 46.1648 66731000000 57198000000 57198000000 0 0 44.6671 9.46 0.0631 0 0 30.8189 -4.71878 27.7462 0 0 0 0 0 0.132 108600000000 162100000000
 0.2500    36451 0.2600    42144      1       -1       -1       -1  0 4.89367e+11 5.05200e+11 201.087000 19.786000 62.530000  1 0.1600 251.460000 30.46750 29.16728 17.13422 9.920 38.090 17.910 -3.918e+09 -1.402e+10 -1.933e+10 0.00456 233056 233014 678481 1847 13 232938 233023 19.7863 505250000000 495720000000 495720000000 390850000000 200190000000 5.01958 0 0.00324 0.61158 0.49361 17.3034 35.0942 4.92292 0.38672 0.28105 22.7499 35.663 -3.94399 0.0428 497900000000 286000000000
 0.2400    31096 0.2500    36451      1       -1       -1       -1  0 4.79833e+11 4.76700e+11 197.365000 18.679000 64.340000  1 0.1600 253.840000 30.46268 29.11160 17.10760 9.860 36.500 17.700 -2.889e+10 -2.031e+10 -3.593e+09 0.00758 233057 233015 678481 2285 12 232938 233023 18.6791 476650000000 476650000000 476650000000 381320000000 181130000000 6.09171 0 0.00534 0.56538 0.3418 30.6968 7.75996 13.9533 0.80931 0.33208 23.5046 8.37165 11.1349 0.048 481000000000 238300000000
 0.2300    26142 0.2400    31096      1       -1       -1       -1  0 4.41700e+11 4.57600e+11 194.830000 35.084000 51.140000  1 0.1600 225.990000 30.42130 29.07984 17.06071 11.890 31.510 15.610 -4.836e+10 -2.767e+10 -1.447e+10 0.01188 233058 233016 678481 2085 11 232938 233023 35.0836 457580000000 428980000000 428980000000 285990000000 0 13.8733 1.39 0.00947 0.91186 0.4785 41.5916 18.3764 15.3701 0.47265 0.13749 -14.4886 42.7769 -9.39037 0.0419 394800000000 352700000000
 0.2200    21569 0.2300    26142      1       -1       -1       -1  0 4.03567e+11 3.90800e+11 184.974000 44.386000 47.140000  1 0.1600 211.030000 30.38517 29.01504 17.03325 13.560 34.150 13.810 -2.846e+10 -6.582e+09 4.934e+09 0.00821 233059 233017 678481 1875 10 232938 233023 44.3862 390850000000 381320000000 362250000000 257390000000 95330000000 15.2134 1.02 0.00648 0.60157 0.49776 24.4726 27.3446 9.3292 0.37539 0.12343 19.5077 21.3457 14.6932 0.0334 338400000000 381300000000
 0.2100    17427 0.2200    21569      1       -1       -1       -1  0 3.65433e+11 3.62300e+11 180.452000 30.510000 47.040000  1 0.1600 220.830000 30.35007 28.97081 17.01933 9.540 32.020 10.120 -1.263e+10 -8.537e+09 -1.901e+10 0.00805 233060 233018 678481 79 9 232938 233023 30.5095 362250000000 362250000000 362250000000 209730000000 85797000000 12.283 0 0.00619 0.86872 0.57007 22.7704 10.6244 8.64845 0.70414 0.31101 -6.31668 -12.6253 19.7077 0.0328 316000000000 238300000000
 0.2000    13728 0.2100    17427      1       -1       -1       -1  0 3.36867e+11 3.43200e+11 177.322000 30.208000 44.900000  1 0.1600 221.910000 30.34980 28.89526 17.00419 10.800 28.870 8.180 -5.785e+09 -9.949e+09 -1.646e+10 0.00710 233061 233019 678481 744 8 232938 233023 30.208 343190000000 324120000000 324120000000 219260000000 9533000000 3.87953 0 0.00572 0.41243 0.28134 45.7834 -28.6984 1.25276 0.22977 0 37.349 -25.0013 5.99662 0.0319 312000000000 247900000000
 0.1900    10541 0.2000    13728      1       -1       -1       -1  0 3.17800e+11 3.05100e+11 170.576000 15.229000 46.040000  1 0.1600 248.830000 30.27979 28.86630 16.98645 9.410 24.450 6.660 -6.738e+09 6.863e+09 -2.968e+10 0.01531 233062 233020 678481 71 7 232938 233023 15.2294 305060000000 305060000000 305060000000 285990000000 0 21.4075 0 0.01109 0.7513 0.53231 37.9412 -15.7832 12.155 0.43728 0.37832 40.1225 -23.1086 17.7124 0.0265 364500000000 104900000000
 0.1800     7761 0.1900    10541      1       -1       -1       -1  0 2.82833e+11 3.05100e+11 170.650000 19.941000 44.820000  1 0.1600 240.900000 30.28217 28.77893 16.95248 8.720 24.040 6.480 -1.967e+10 -4.636e+09 5.015e+09 0.01012 233063 233021 678481 56 6 232938 233023 19.9405 305060000000 305060000000 305060000000 228790000000 85797000000 18.8724 0 0.0076 0.70313 0.52776 -3.37778 26.3512 30.9492 0.86163 0.71848 9.84069 18.9116 22.8351 0.0294 299600000000 181100000000
 0.1700     5448 0.1800     7761      1       -1       -1       -1  0 2.19267e+11 2.38300e+11 157.231000 48.252000 35.970000  1 0.1600 198.790000 30.25559 28.70485 16.93103 7.040 20.920 5.520 -1.168e+10 -8.115e+09 7.084e+09 0.00980 233064 233022 678481 358 5 232938 233023 48.252 238320000000 219260000000 219260000000 0 0 32.7433 0 0.00901 0.64581 0.44595 64.5092 -10.25 52.0398 0 0 0 0 0 0.0381 209800000000 286000000000
 0.1600     3619 0.1700     5448      0       -1       -1       -1  0 1.14400e+11 1.14400e+11 123.150000 39.824000 19.810000  1 0.1600 159.840000 30.30908 28.67583 17.00556 -1.650 22.240 -2.800 -1.860e+09 2.416e+09 -9.287e+08 0.00651 233065 233023 678481 43 4 232938 233023 39.8242 114400000000 104860000000 104860000000 28599000000 0 20.6953 1.71 0.00633 0.18071 0.01488 11.0606 34.3699 -22.4058 0.24661 0.04702 12.3955 29.4777 -14.3051 0.0205 104600000000 143000000000
