 1.0000   675288 0.0000       -1      1       -1       -1       -1  0 2.35133e+11 2.28800e+11 125.126000 9.026000 94.370000  1 0.3300 115.530000 18.42650 1.27171 32.90137 -230.310 -73.720 -36.250 1.924e+10 -1.089e+10 -5.194e+10 0.01716 446195 446195 675288 803 88 446194 446262 9.02621 228790000000 238320000000 209730000000 190660000000 85797000000 7.65256 0 0.01572 0.83242 0.55207 12.7001 4.78981 -5.66284 0.43718 0.04807 11.1771 5.24583 -6.76805 0.482 349100000000 104900000000
 0.9900   667117 1.0000   675288      1       -1       -1       -1  0 2.35133e+11 2.28800e+11 125.653000 11.100000 89.020000  1 0.3300 110.270000 18.43321 1.28136 32.90999 -228.970 -72.980 -36.190 1.885e+10 -1.038e+10 -5.105e+10 0.01621 446196 446196 675288 794 87 446194 446262 11.1003 228790000000 238320000000 200190000000 142990000000 66731000000 24.1307 0 0.01547 0.65693 0.53575 17.476 2.65175 -5.3149 0.67371 0.27235 14.85 0.27952 -4.59064 0.4724 299400000000 114400000000
 0.9800   658779 0.9900   667117      1       -1       -1       -1  0 2.35133e+11 2.28800e+11 126.180000 12.770000 84.930000  1 0.3300 107.220000 18.45556 1.29091 32.91471 -224.390 -72.230 -36.290 -6.560e+10 -1.465e+10 -3.760e+10 0.02281 446197 446197 675288 802 86 446194 446262 12.7697 228790000000 238320000000 200190000000 152530000000 57198000000 21.293 0 0.02158 0.63177 0.51243 20.6017 -0.89544 -7.54808 0.58437 0.52393 17.295 2.07835 -6.84509 0.4422 281600000000 123900000000
 0.9700   650466 0.9800   658779      1       -1       -1       -1  0 2.35133e+11 2.19300e+11 124.921000 9.558000 84.780000  1 0.3300 113.240000 18.49765 1.29014 32.90622 -223.980 -73.390 -35.310 -7.568e+09 -2.647e+10 -1.423e+10 0.01039 446198 446198 675288 1779 85 446194 446262 9.55753 219260000000 238320000000 209730000000 171590000000 28599000000 9.81704 0 0.00935 0.80695 0.58925 15.2165 -0.55061 -6.36317 0.62322 0.14535 -6.14917 -0.62509 11.2616 0.4206 320200000000 85800000000
 0.9600   642168 0.9700   650466      1       -1       -1       -1  0 2.35133e+11 2.28800e+11 127.231000 9.960000 84.090000  1 0.3300 114.570000 18.52701 1.29712 32.91224 -224.940 -70.590 -36.000 1.855e+10 -8.696e+09 -4.761e+10 0.01617 446199 446199 675288 2720 84 446194 446262 9.95993 228790000000 238320000000 200190000000 181130000000 9533000000 4.73394 0 0.01461 0.59756 0.5355 25.3574 -2.14905 -7.25976 0.67593 0.3873 21.2306 -4.69121 -6.26568 0.4119 330800000000 95330000000
 0.9500   633879 0.9600   642168      1       -1       -1       -1  0 2.35133e+11 2.28800e+11 127.756000 10.192000 86.280000  1 0.3300 114.400000 18.54723 1.31141 32.91578 -221.500 -71.280 -30.380 -6.122e+10 -1.081e+11 -1.394e+10 0.03921 446200 446200 675288 770 83 446194 446262 10.1919 228790000000 238320000000 200190000000 181130000000 66731000000 11.94 0 0.03536 0.55838 0.40615 25.5622 -4.13431 -3.48553 0.61822 0.26667 23.0899 -4.53867 -2.44885 0.4185 334600000000 104900000000
 0.9400   625595 0.9500   633879      1       -1       -1       -1  0 2.35133e+11 2.19300e+11 126.472000 8.282000 86.440000  1 0.3300 118.960000 18.57165 1.31846 32.92270 -220.140 -70.030 -35.120 -1.300e+09 -2.098e+10 -8.043e+09 0.00776 446201 446201 675288 1719 82 446194 446262 8.28235 219260000000 238320000000 200190000000 181130000000 38132000000 6.28105 0 0.00686 0.66435 0.25913 24.4642 -5.67237 -0.54926 0.85824 0.07194 18.7694 2.92178 -11.0116 0.4149 341000000000 57200000000
 0.9300   617285 0.9400   625595      1       -1       -1       -1  0 2.35133e+11 2.28800e+11 128.802000 8.346000 90.020000  1 0.3300 121.400000 18.60837 1.32420 32.92685 -221.730 -70.840 -28.590 -5.362e+10 -1.004e+11 -9.548e+09 0.03609 446202 446202 675288 775 81 446194 446262 8.34639 228790000000 238320000000 190660000000 181130000000 9533000000 3.97317 3.93 0.0325 0.61501 0.26573 26.3522 -9.21181 0.08929 0.55461 0.14968 23.7707 -10.3816 4.25322 0.4358 362200000000 66730000000
 0.9200   608955 0.9300   617285      1       -1       -1       -1  0 2.35133e+11 2.47900e+11 132.820000 19.544000 90.190000  1 0.3300 104.150000 18.65941 1.33101 32.96513 -218.770 -68.330 -28.000 -2.748e+10 -7.844e+10 -6.616e+10 0.02133 446203 446203 675288 1797 80 446194 446262 19.5445 247860000000 257390000000 200190000000 133460000000 9533000000 29.3837 0 0.02655 0.34976 0.11142 21.337 -10.2278 43.8382 0.2837 0 8.62101 -4.02618 34.5029 0.582 273200000000 152500000000
 0.9100   600610 0.9200   608955      1       -1       -1       -1  0 2.35133e+11 2.09700e+11 126.131000 7.917000 94.210000  1 0.3300 119.740000 18.67272 1.33923 32.93268 -219.390 -70.050 -28.620 -2.737e+10 -1.648e+11 1.388e+10 0.06403 446204 446204 675288 1829 79 446194 446262 7.91675 209730000000 247860000000 200190000000 190660000000 85797000000 5.43779 0 0.05553 0.62829 0.48036 20.295 -10.8691 6.12808 0.60249 0.47092 12.6318 -9.12594 13.7305 0.4472 344400000000 85800000000
 0.9000   592264 0.9100   600610      1       -1       -1       -1  0 2.35133e+11 2.19300e+11 128.526000 13.006000 95.150000  1 0.3300 108.530000 18.71404 1.35185 32.96695 -216.050 -70.600 -25.920 2.037e+10 -1.583e+11 -5.263e+09 0.04294 446205 446205 675288 809 78 446194 446262 13.0062 219260000000 247860000000 200190000000 142990000000 0 29.8695 0 0.04932 0.3453 0.08199 17.6665 -6.95058 33.6296 0.11411 0 1.14291 -18.0218 21.8945 0.582 261100000000 104900000000
 0.8900   583869 0.9000   592264      1       -1       -1       -1  0 2.35133e+11 2.09700e+11 127.138000 5.606000 99.210000  1 0.3300 133.090000 18.72058 1.36100 32.94011 -215.350 -67.830 -28.900 -2.657e+10 -1.617e+11 1.352e+10 0.06798 446206 446206 675288 797 77 446194 446262 5.60599 209730000000 247860000000 200190000000 162060000000 133460000000 4.3351 0 0.05487 0.72153 0.48867 11.8003 -4.64969 8.39931 0.69213 0.55537 8.09283 -2.37511 10.3011 0.4354 369300000000 76260000000
 0.8800   575494 0.8900   583869      1       -1       -1       -1  0 2.35133e+11 2.19300e+11 129.544000 6.216000 99.420000  1 0.3300 132.300000 18.75386 1.36917 32.94321 -213.700 -65.230 -28.800 -3.144e+10 -1.561e+11 -1.594e+10 0.06208 446207 446207 675288 1822 76 446194 446262 6.21598 219260000000 238320000000 200190000000 162060000000 123930000000 5.33093 0 0.04979 0.97911 0.68309 10.0302 -4.3876 -1.2015 0.78583 0.71489 1.99995 -3.16634 8.94036 0.426 383100000000 66730000000
 0.8700   567041 0.8800   575494      1       -1       -1       -1  0 2.35133e+11 2.19300e+11 130.051000 5.859000 98.180000  1 0.3300 135.240000 18.78947 1.37780 32.94823 -209.730 -66.990 -25.590 2.022e+10 -1.569e+11 -5.850e+09 0.05894 446208 446208 675288 796 75 446194 446262 5.85885 219260000000 238320000000 190660000000 162060000000 104860000000 5.98703 0 0.04942 0.62826 0.49148 -9.4832 -2.69636 15.5188 0.39721 0.16884 -9.65789 -8.70818 16.5591 0.4401 356900000000 76260000000
 0.8600   558578 0.8700   567041      1       -1       -1       -1  0 2.35133e+11 2.19300e+11 130.557000 6.492000 91.410000  1 0.3300 131.970000 18.81964 1.38723 32.95136 -212.580 -66.180 -23.460 1.017e+10 -1.045e+11 6.020e+09 0.03940 446209 446209 675288 785 74 446194 446262 6.49162 219260000000 238320000000 200190000000 162060000000 104860000000 7.35308 0 0.03295 0.42172 0.35005 -16.9302 2.91286 19.0538 0.34496 0.2461 17.2807 1.48319 -17.1505 0.4014 372500000000 66730000000
 0.8500   550145 0.8600   558578      1       -1       -1       -1  0 2.35133e+11 2.28800e+11 132.933000 8.002000 84.100000  1 0.3300 127.460000 18.85001 1.39930 32.96418 -209.030 -66.340 -23.620 -4.859e+10 -7.727e+10 -2.018e+10 0.03216 446210 446210 675288 1901 73 446194 446262 8.00214 228790000000 238320000000 200190000000 171590000000 114400000000 7.58705 4.48 0.0274 0.59404 0.42433 18.6755 -7.10939 -18.3117 0.03344 0 25.6185 -4.67515 -12.224 0.3647 318900000000 66730000000
 0.8400   541627 0.8500   550145      1       -1       -1       -1  0 2.35133e+11 2.19300e+11 131.561000 11.155000 79.350000  1 0.3300 115.650000 18.88074 1.40555 32.96621 -208.150 -63.700 -22.490 9.096e+09 -9.457e+10 8.564e+09 0.03566 446211 446211 675288 844 72 446194 446262 11.1552 219260000000 238320000000 209730000000 181130000000 76264000000 4.18123 0 0.03013 0.70239 0.52517 22.7609 -5.30153 -13.2321 0.27025 0.03337 27.9419 0.51831 -13.4937 0.3388 302300000000 104900000000
 0.8300   533100 0.8400   541627      1       -1       -1       -1  0 2.35133e+11 2.28800e+11 133.948000 13.581000 74.930000  1 0.3300 113.030000 18.90019 1.40254 32.97810 -205.960 -62.340 -22.140 -3.872e+10 -7.759e+10 -9.926e+09 0.02866 446212 446212 675288 2875 71 446194 446262 13.5808 228790000000 247860000000 219260000000 171590000000 28599000000 15.7121 2.72 0.02579 0.83938 0.75029 26.4893 4.57303 -1.85516 0.37634 0.05198 18.7375 -11.5595 2.97399 0.3339 280300000000 114400000000
 0.8200   524521 0.8300   533100      1       -1       -1       -1  0 2.35133e+11 2.19300e+11 132.558000 10.903000 75.330000  1 0.3300 117.460000 18.94067 1.42706 32.97649 -203.840 -60.920 -21.810 8.091e+09 -9.177e+10 8.628e+09 0.03460 446213 446213 675288 857 70 446194 446262 10.9025 219260000000 228790000000 209730000000 171590000000 19066000000 6.17468 0 0.02947 0.87144 0.58045 25.9727 1.71061 7.55529 0.65878 0.59649 24.6568 -1.69677 6.54302 0.3153 299000000000 95330000000
 0.8100   515883 0.8200   524521      1       -1       -1       -1  0 2.35133e+11 2.28800e+11 134.954000 11.908000 75.360000  1 0.3300 117.660000 18.97616 1.43733 32.98257 -202.330 -58.150 -19.060 -4.593e+10 -7.402e+10 -1.404e+10 0.03056 446214 446214 675288 1924 69 446194 446262 11.9082 228790000000 228790000000 209730000000 171590000000 38132000000 7.20472 0 0.02629 0.85799 0.55169 15.5092 0.70704 21.4758 0.85406 0.58004 17.1318 1.91423 15.7086 0.312 285000000000 104900000000
 0.8000   507214 0.8100   515883      1       -1       -1       -1  0 2.35133e+11 2.28800e+11 135.453000 14.635000 75.160000  1 0.3300 112.920000 18.99849 1.43174 32.98728 -200.320 -56.710 -18.560 -4.745e+10 -7.312e+10 -1.453e+10 0.02895 446215 446215 675288 870 68 446194 446262 14.6354 228790000000 238320000000 209730000000 171590000000 0 16.8773 0 0.02645 0.83977 0.3664 22.3152 7.96707 23.1351 0.71235 0.09022 11.5173 -7.19032 30.1839 0.3353 267800000000 123900000000
 0.7900   498585 0.8000   507214      1       -1       -1       -1  0 2.35133e+11 2.38300e+11 137.812000 15.672000 73.450000  1 0.3300 113.740000 19.03258 1.44180 32.99027 -197.990 -57.580 -19.020 -2.274e+10 -5.431e+10 -4.636e+10 0.02297 446216 446216 675288 858 67 446194 446262 15.6718 238320000000 238320000000 209730000000 171590000000 9533000000 17.7515 0 0.02105 0.60889 0.2522 20.4934 7.68591 20.8191 0.57276 0.21222 6.99307 -3.32371 30.9396 0.3183 270100000000 133500000000
 0.7800   489948 0.7900   498585      1       -1       -1       -1  0 2.35133e+11 2.28800e+11 136.444000 10.596000 72.540000  1 0.3300 122.980000 19.08900 1.46656 32.99983 -198.630 -55.150 -18.100 -1.789e+09 1.889e+09 -6.952e+10 0.02460 446217 446217 675288 818 66 446194 446262 10.5955 228790000000 228790000000 200190000000 162060000000 47665000000 10.1432 0 0.02101 0.60014 0.45586 8.84904 -2.1984 30.2407 0.44312 0.26677 1.23419 -6.95553 30.2602 0.2856 305900000000 66730000000
 0.7700   481261 0.7800   489948      1       -1       -1       -1  0 2.22433e+11 2.38300e+11 138.811000 17.910000 73.580000  1 0.3300 111.910000 19.10282 1.46241 32.99612 -193.220 -55.510 -17.760 -2.331e+10 -5.151e+10 -4.098e+10 0.02154 446218 446218 675288 869 65 446194 446262 17.9103 238320000000 238320000000 219260000000 171590000000 0 18.6654 0 0.01979 0.64428 0.47944 11.1823 7.06766 32.5759 0.70734 0.1036 -3.18139 -3.27757 29.003 0.3158 263600000000 143000000000
 0.7600   472561 0.7700   481261      1       -1       -1       -1  0 2.19267e+11 2.00200e+11 131.440000 8.456000 75.200000  1 0.3300 124.580000 19.16645 1.48734 33.01225 -196.550 -55.820 -19.350 5.451e+10 2.957e+10 -2.396e+10 0.03171 446219 446219 675288 881 64 446194 446262 8.45604 200190000000 228790000000 190660000000 181130000000 47665000000 5.57237 0 0.02532 0.73122 0.42008 1.2093 2.74231 29.9931 0.33553 0.13367 -13.0031 9.34872 36.5842 0.2814 299800000000 57200000000
 0.7500   463825 0.7600   472561      1       -1       -1       -1  0 2.03400e+11 2.19300e+11 135.965000 8.800000 77.340000  1 0.3300 128.840000 19.20250 1.49708 33.00853 -193.450 -54.550 -17.950 3.004e+10 5.158e+10 -5.018e+10 0.03140 446220 446220 675288 888 63 446194 446262 8.79973 219260000000 228790000000 190660000000 190660000000 47665000000 9.52747 5.77 0.02564 0.69035 0.41896 -8.96523 7.35835 24.8694 0.24121 0.06284 -19.4141 13.6734 34.3187 0.294 329100000000 57200000000
 0.7400   455035 0.7500   463825      1       -1       -1       -1  0 2.00233e+11 1.90700e+11 130.230000 6.762000 82.840000  1 0.3300 131.220000 19.24422 1.50749 33.01220 -189.750 -55.190 -16.310 3.695e+10 2.132e+10 -2.076e+10 0.02556 446221 446221 675288 1966 62 446194 446262 6.76209 190660000000 228790000000 190660000000 190660000000 57198000000 5.85404 0 0.01979 0.93043 0.41653 -5.61931 8.21642 16.5751 0.83228 0.30715 -8.91364 8.21235 17.0255 0.3128 342900000000 38130000000
 0.7300   446212 0.7400   455035      1       -1       -1       -1  0 2.00200e+11 1.90700e+11 130.680000 6.648000 85.120000  1 0.3300 132.650000 19.28276 1.51915 33.01641 -183.380 -49.830 -13.790 6.595e+10 4.014e+08 -1.385e+10 0.03780 446222 446222 675288 912 61 446194 446262 6.64812 190660000000 209730000000 190660000000 190660000000 76264000000 3.38429 0 0.02826 0.72843 0.40692 12.5103 9.23505 12.2861 0.29925 0.12613 19.1257 10.7791 9.83768 0.3072 338100000000 38130000000
 0.7200   437340 0.7300   446212      1       -1       -1       -1  0 2.00200e+11 1.90700e+11 131.126000 5.391000 85.640000  1 0.3300 141.820000 19.32284 1.52593 33.01974 -181.080 -49.010 -12.290 6.568e+10 -7.547e+08 -1.337e+10 0.03868 446223 446223 675288 878 60 446194 446262 5.39098 190660000000 200190000000 190660000000 181130000000 95330000000 3.64917 0 0.02825 0.78157 0.63162 4.09642 9.39426 18.6672 0.78157 0.63162 4.09642 9.39426 18.6672 0.2994 382800000000 38130000000
 0.7100   428407 0.7200   437340      1       -1       -1       -1  0 2.00200e+11 1.90700e+11 131.570000 6.409000 84.410000  1 0.3300 135.710000 19.36635 1.52783 33.02066 -178.520 -48.190 -11.010 6.516e+10 -1.375e+09 -1.321e+10 0.03781 446224 446224 675288 885 59 446194 446262 6.4087 190660000000 200190000000 190660000000 181130000000 76264000000 12.9287 0 0.02818 0.73995 0.60983 -10.804 18.7228 3.22786 0.73995 0.60983 -10.804 18.7228 3.22786 0.3009 345600000000 47660000000
 0.7000   419436 0.7100   428407      1       -1       -1       -1  0 2.00200e+11 1.90700e+11 132.009000 5.243000 85.860000  1 0.3300 144.830000 19.39987 1.55160 33.02216 -175.790 -47.370 -9.850 6.452e+10 -1.678e+09 -1.344e+10 0.03947 446225 446225 675288 868 58 446194 446262 5.24323 190660000000 190660000000 181130000000 181130000000 114400000000 4.81117 0 0.02809 0.81735 0.78469 -5.3204 13.4331 -13.2217 0.81274 0.7246 -6.5754 14.1629 -12.1311 0.2881 338500000000 47660000000
 0.6900   410443 0.7000   419436      1       -1       -1       -1  0 2.00200e+11 1.90700e+11 132.445000 6.018000 83.950000  1 0.3300 139.970000 19.44107 1.56366 33.01748 -173.420 -45.390 -6.210 6.649e+10 -1.079e+09 -1.399e+10 0.03953 446226 446226 675288 892 57 446194 446262 6.01847 190660000000 190660000000 181130000000 162060000000 123930000000 11.5762 2.85 0.02911 0.53546 0.5206 15.2022 -11.4263 18.3905 0.635 0.62335 12.8885 -11.3724 15.5001 0.2931 330700000000 47660000000
 0.6800   401434 0.6900   410443      1       -1       -1       -1  0 2.00200e+11 1.81100e+11 130.624000 8.749000 77.910000  1 0.3300 124.350000 19.46926 1.56755 33.01335 -169.870 -44.530 -5.770 4.795e+10 -1.522e+10 -6.991e+09 0.02929 446227 446227 675288 905 56 446194 446262 8.74889 181130000000 209730000000 181130000000 162060000000 47665000000 19.1003 0 0.02384 0.644 0.50451 10.8263 -0.4327 10.5513 0.62537 0.36268 10.0201 1.12519 9.79829 0.3103 261500000000 57200000000
 0.6700   392447 0.6800   401434      1       -1       -1       -1  0 2.00200e+11 1.81100e+11 131.045000 12.425000 71.760000  1 0.3300 114.890000 19.50694 1.58025 33.00991 -167.270 -43.440 -5.410 4.728e+10 -1.631e+10 -7.124e+09 0.02704 446228 446228 675288 3095 55 446194 446262 12.4246 181130000000 219260000000 162060000000 162060000000 28599000000 25.3535 0 0.02385 0.57516 0.42594 26.767 -8.05952 16.8073 0.5164 0.25694 27.5157 -8.0901 11.5923 0.3097 227000000000 95330000000
 0.6600   383484 0.6700   392447      1       -1       -1       -1  0 2.00200e+11 1.81100e+11 131.461000 12.022000 62.540000  1 0.3300 116.530000 19.56235 1.59851 33.03292 -165.820 -45.900 -9.210 3.657e+10 -2.327e+10 1.057e+10 0.02550 446229 446229 675288 1969 54 446194 446262 12.0219 181130000000 181130000000 181130000000 152530000000 9533000000 14.3089 0 0.02118 0.62438 0.50089 -13.4203 12.276 21.1517 0.5153 0.1342 22.4845 -17.1991 -5.73019 0.2306 226500000000 85800000000
 0.6500   374428 0.6600   383484      1       -1       -1       -1  0 2.00200e+11 1.71600e+11 129.518000 11.969000 55.350000  1 0.3300 114.870000 19.61325 1.60678 33.03561 -161.580 -44.740 -7.610 3.355e+10 -1.461e+10 5.740e+09 0.02321 446230 446230 675288 873 53 446194 446262 11.9695 171590000000 181130000000 171590000000 142990000000 9533000000 8.42042 0 0.01936 0.94298 0.5065 22.3792 -0.30249 4.03683 0.20341 0.02545 19.8106 -4.4154 -5.42094 0.1967 213300000000 66730000000
 0.6400   365345 0.6500   374428      1       -1       -1       -1  0 2.00200e+11 1.71600e+11 129.918000 13.389000 48.800000  1 0.3300 112.790000 19.67189 1.62079 33.05821 -160.520 -46.530 -6.570 2.059e+10 -1.135e+10 2.874e+10 0.02265 446231 446231 675288 915 52 446194 446262 13.3887 171590000000 171590000000 162060000000 133460000000 9533000000 12.3657 0 0.01953 0.75617 0.48576 4.18783 8.04871 35.5343 0.19388 0 33.8472 2.17827 6.62725 0.167 194000000000 47660000000
 0.6300   356225 0.6400   365345      1       -1       -1       -1  0 2.00200e+11 1.71600e+11 130.313000 13.505000 46.650000  1 0.3300 113.370000 19.72297 1.63625 33.06394 -157.560 -44.550 -8.590 1.906e+10 -1.260e+10 2.833e+10 0.02193 446232 446232 675288 882 51 446194 446262 13.5051 171590000000 171590000000 162060000000 123930000000 0 18.8655 3.88 0.01927 0.75839 0.52746 9.71605 10.3515 38.5419 0.85715 0.80838 -17.8037 3.62663 25.6708 0.1591 192000000000 47660000000
 0.6200   347119 0.6300   356225      1       -1       -1       -1  0 2.00200e+11 1.52500e+11 125.672000 13.402000 43.030000  1 0.3300 109.030000 19.77100 1.65181 33.06781 -156.940 -43.140 -9.640 3.190e+10 -1.590e+10 1.392e+10 0.02941 446233 446233 675288 864 50 446194 446262 13.4024 152530000000 162060000000 152530000000 133460000000 0 11.1361 0 0.02481 0.60701 0.51926 -20.9424 15.2507 33.2151 0.3923 0.04751 -16.1235 19.5149 38.6638 0.1264 178800000000 76260000000
 0.6100   337986 0.6200   347119      1       -1       -1       -1  0 2.00200e+11 1.90700e+11 135.776000 21.731000 51.350000  1 0.3300 109.350000 19.77459 1.65262 33.02115 -152.010 -42.690 -0.700 2.047e+10 3.571e+10 1.229e+10 0.01995 446234 446234 675288 918 49 446194 446262 21.731 190660000000 200190000000 190660000000 28599000000 0 29.6396 0 0.01933 0 0 33.0601 9.80842 50.2129 0.59381 0.25156 15.5282 -0.90054 24.6239 0.1958 196800000000 95330000000
 0.6000   328821 0.6100   337986      1       -1       -1       -1  0 2.00200e+11 2.00200e+11 138.403000 19.565000 59.280000  1 0.3300 114.370000 19.82199 1.66564 33.02357 -148.550 -41.150 0.950 3.586e+10 -7.092e+09 1.182e+10 0.01619 446235 446235 675288 1925 48 446194 446262 19.5653 200190000000 200190000000 190660000000 0 0 21.6345 4.59 0.01605 0.28874 0.19537 46.1916 8.66919 46.829 0 0 0 0 0 0.2441 214800000000 76260000000
 0.5900   319626 0.6000   328821      1       -1       -1       -1  0 2.00200e+11 2.00200e+11 138.798000 21.212000 62.010000  1 0.3300 113.580000 19.87365 1.68395 33.03332 -143.550 -40.090 -2.620 3.716e+10 -1.491e+10 1.024e+10 0.01772 446236 446236 675288 933 47 446194 446262 21.212 200190000000 200190000000 190660000000 0 0 13.6966 0 0.01738 0.02568 0 35.6972 32.5901 42.3992 0 0 0 0 0 0.2543 199200000000 133500000000
 0.5800   310374 0.5900   319626      1       -1       -1       -1  0 1.97033e+11 2.00200e+11 139.187000 21.713000 61.530000  1 0.3300 113.990000 19.91818 1.68408 33.02565 -140.610 -38.990 -2.170 3.740e+10 -1.184e+10 8.104e+09 0.01697 446237 446237 675288 900 46 446194 446262 21.7134 200190000000 200190000000 190660000000 0 0 23.2704 0 0.01697 0.12505 0 44.172 14.6703 38.6751 0 0 0 0 0 0.2576 196700000000 114400000000
 0.5700   301147 0.5800   310374      1       -1       -1       -1  0 1.93867e+11 1.90700e+11 137.319000 24.270000 63.350000  1 0.3300 110.700000 19.98395 1.69281 33.02748 -139.770 -41.100 -2.090 2.608e+10 -3.311e+09 1.251e+10 0.01358 446238 446238 675288 832 45 446194 446262 24.2696 190660000000 190660000000 181130000000 85797000000 0 23.8842 2.83 0.01348 0.08254 0.03351 37.972 38.2766 42.0578 0.30167 0.23844 31.6423 13.1279 27.0679 0.2687 181100000000 152500000000
 0.5600   291894 0.5700   301147      1       -1       -1       -1  0 1.93867e+11 1.71600e+11 132.939000 6.733000 61.840000  1 0.3300 142.630000 20.06553 1.73252 33.06950 -133.490 -36.700 1.830 9.516e+09 -2.971e+10 1.280e+10 0.02415 446239 446239 675288 880 44 446194 446262 6.73306 171590000000 171590000000 133460000000 133460000000 104860000000 15.7725 9.11 0.01875 0.73072 0.67048 -12.6425 8.14265 21.6994 0.78877 0.59606 -7.05394 8.41206 22.3231 0.1829 270200000000 19070000000
 0.5500   282641 0.5600   291894      1       -1       -1       -1  0 1.93867e+11 1.71600e+11 133.292000 16.511000 59.690000  1 0.3300 115.580000 20.08577 1.72573 33.03240 -133.750 -38.440 -2.340 3.166e+09 4.261e+09 2.713e+10 0.01612 446240 446240 675288 875 43 446194 446262 16.5108 171590000000 181130000000 171590000000 142990000000 0 33.5895 0 0.01549 0.17535 0.03903 19.5036 15.132 37.5761 0.20716 0 15.6967 11.4632 25.0153 0.2413 182700000000 57200000000
 0.5400   273420 0.5500   282641      1       -1       -1       -1  0 1.93867e+11 1.62100e+11 131.116000 11.710000 62.780000  1 0.3300 122.700000 20.15810 1.74929 33.07154 -131.120 -33.980 -0.220 2.005e+10 -5.640e+10 1.023e+10 0.04653 446241 446241 675288 885 42 446194 446262 11.7096 162060000000 171590000000 152530000000 133460000000 47665000000 8.17037 0 0.03772 0.41287 0.09805 -7.96874 28.685 -0.09595 0.3525 0.0763 -11.6964 28.0162 2.81133 0.203 187300000000 85800000000
 0.5300   264175 0.5400   273420      1       -1       -1       -1  0 1.93867e+11 1.71600e+11 133.978000 25.703000 53.690000  1 0.3300 108.910000 20.18815 1.74439 33.03140 -128.790 -33.740 3.250 -6.595e+09 2.013e+10 1.687e+10 0.01549 446242 446242 675288 914 41 446194 446262 25.7034 171590000000 171590000000 152530000000 28599000000 0 43.3194 0 0.01541 0.62555 0.02659 32.4451 29.5682 22.1828 0.45088 0.09229 25.2775 10.7342 20.2728 0.2153 161600000000 143000000000
 0.5200   254930 0.5300   264175      1       -1       -1       -1  0 1.93867e+11 1.62100e+11 131.776000 15.007000 50.240000  1 0.3300 118.190000 20.25679 1.78423 33.07347 -124.990 -33.340 1.810 5.559e+09 -5.185e+10 1.029e+10 0.03915 446243 446243 675288 873 40 446194 446262 15.0068 162060000000 162060000000 142990000000 114400000000 0 8.23744 0 0.03355 0.79122 0.38639 10.239 -10.2579 24.75 0.42959 0.05496 5.50631 -1.18271 26.2607 0.1547 157800000000 95330000000
 0.5100   245681 0.5200   254930      1       -1       -1       -1  0 1.93867e+11 1.52500e+11 129.454000 27.757000 48.280000  1 0.3300 104.900000 20.29201 1.76294 33.03095 -119.650 -28.510 9.470 1.442e+10 -4.307e+10 3.187e+10 0.03917 446244 446244 675288 872 39 446194 446262 27.7567 152530000000 162060000000 142990000000 38132000000 0 33.5892 5.22 0.03908 0.43108 0.11038 14.529 34.2695 9.08893 0.3335 0 17.7326 27.4981 -4.06795 0.1884 167000000000 143000000000
 0.5000   236498 0.5100   245681      1       -1       -1       -1  0 1.93867e+11 1.81100e+11 137.411000 54.574000 45.140000  1 0.3300 106.710000 20.33218 1.78618 33.03287 -113.640 -31.860 4.960 2.728e+10 -7.564e+10 4.275e+10 0.04951 446245 446245 675288 823 38 446194 446262 54.5744 181130000000 181130000000 123930000000 38132000000 0 22.5859 1.78 0.04859 0.35425 0.02574 43.297 11.7867 -2.96916 0.68781 0.2473 21.5945 12.151 -7.2373 0.1445 162300000000 247900000000
 0.4900   227324 0.5000   236498      1       -1       -1       -1  0 1.93867e+11 1.62100e+11 132.716000 28.542000 43.910000  1 0.3300 108.900000 20.41172 1.81934 33.05836 -115.260 -30.030 4.770 1.357e+10 -3.954e+10 2.572e+10 0.03416 446246 446246 675288 818 37 446194 446262 28.5418 162060000000 171590000000 152530000000 76264000000 0 9.04253 0 0.03181 0.56186 0.24103 21.5877 -14.515 37.0065 0.85099 0.11761 4.96348 34.2529 10.6061 0.1344 147700000000 152500000000
 0.4800   218169 0.4900   227324      1       -1       -1       -1  0 1.93867e+11 1.71600e+11 135.574000 34.408000 47.500000  1 0.3300 109.910000 20.46920 1.83072 33.04979 -108.550 -29.160 4.920 8.380e+09 -6.807e+10 4.748e+10 0.05184 446247 446247 675288 801 36 446194 446262 34.4081 171590000000 171590000000 162060000000 66731000000 0 10.5884 0 0.0496 0.19689 0.0469 -14.9907 26.1371 -26.3215 0.73019 0 -0.75791 -23.931 29.6776 0.1534 151700000000 171600000000
 0.4700   209033 0.4800   218169      1       -1       -1       -1  0 1.93867e+11 1.90700e+11 140.728000 60.423000 42.460000  1 0.3300 111.400000 20.51320 1.84166 33.04420 -104.470 -26.760 5.250 2.235e+10 -7.236e+10 3.915e+10 0.04480 446248 446248 675288 833 35 446194 446262 60.4228 190660000000 190660000000 142990000000 57198000000 0 4.08704 2.13 0.04293 0.77617 0.28932 10.7723 33.7123 30.7476 0.53505 0.30852 8.90777 25.8555 -17.5639 0.1188 159700000000 257400000000
 0.4600   199929 0.4700   209033      1       -1       -1       -1  0 1.93867e+11 1.81100e+11 138.638000 40.112000 40.720000  1 0.3300 112.700000 20.56682 1.83155 33.04138 -100.270 -25.030 2.300 1.605e+10 -1.883e+10 5.020e+09 0.01473 446249 446249 675288 814 34 446194 446262 40.1115 181130000000 181130000000 171590000000 66731000000 0 12.4479 0 0.01398 0.76335 0.06771 -16.6403 43.2804 -14.9817 0.94759 0.19248 14.4892 8.21645 38.5392 0.1017 154400000000 190700000000
 0.4500   190890 0.4600   199929      1       -1       -1       -1  0 1.93867e+11 1.62100e+11 133.869000 23.613000 43.140000  1 0.3300 116.370000 20.62533 1.86627 33.04186 -99.660 -22.720 2.200 2.386e+10 1.438e+10 -7.598e+09 0.02089 446250 446250 675288 1929 33 446194 446262 23.6135 162060000000 162060000000 162060000000 47665000000 0 14.1189 0 0.01945 0.1836 0.04331 22.1403 12.2705 45.7438 0.86392 0 1.61677 13.8752 19.9129 0.1108 158000000000 114400000000
 0.4400   181859 0.4500   190890      1       -1       -1       -1  0 1.93867e+11 1.62100e+11 134.138000 16.387000 48.700000  1 0.3300 125.530000 20.67290 1.85576 33.03869 -96.710 -21.240 2.510 2.214e+10 1.196e+10 -6.052e+09 0.01949 446251 446251 675288 1943 32 446194 446262 16.3869 162060000000 162060000000 162060000000 123930000000 0 17.0772 0 0.01761 0.09551 0.04059 -8.21466 52.6086 27.3799 0.67561 0.33973 13.6877 39.7697 34.7425 0.1305 164400000000 47660000000
 0.4300   172848 0.4400   181859      1       -1       -1       -1  0 1.93867e+11 1.71600e+11 136.984000 18.069000 49.880000  1 0.3300 127.370000 20.71569 1.87997 33.03105 -92.340 -21.250 0.870 1.584e+10 -7.310e+09 7.430e+09 0.01327 446252 446252 675288 820 31 446194 446262 18.0692 171590000000 171590000000 162060000000 123930000000 9533000000 7.57326 0 0.01185 0.39228 0.0716 -3.05174 42.4165 28.1888 0.2223 0.09369 -6.07469 47.3077 19.1589 0.1328 177300000000 76260000000
 0.4200   163905 0.4300   172848      1       -1       -1       -1  0 1.93867e+11 1.62100e+11 134.651000 17.579000 45.650000  1 0.3300 126.570000 20.77449 1.87980 33.03048 -90.240 -17.380 3.300 1.910e+10 9.701e+09 -4.651e+09 0.01710 446253 446253 675288 783 30 446194 446262 17.5788 162060000000 162060000000 162060000000 95330000000 9533000000 17.2421 0 0.01523 0.47718 0.05299 -5.34001 33.023 34.0835 0.47525 0.23249 -1.24167 29.9995 28.1629 0.1162 174500000000 76260000000
 0.4100   155035 0.4200   163905      1       -1       -1       -1  0 1.93867e+11 1.81100e+11 139.991000 24.972000 45.220000  1 0.3300 125.810000 20.82066 1.91438 33.03576 -91.060 -20.110 0.160 2.158e+10 -1.134e+10 -1.043e+10 0.01712 446254 446254 675288 850 29 446194 446262 24.9719 181130000000 181130000000 152530000000 104860000000 0 8.63512 0 0.01548 0.88012 0.30032 34.5185 -20.4471 -8.33812 0.15093 0 21.1288 31.2306 -3.80866 0.1074 157800000000 133500000000
 0.4000   146286 0.4100   155035      1       -1       -1       -1  0 1.93867e+11 2.00200e+11 144.993000 24.059000 48.910000  1 0.3300 133.100000 20.87939 1.89453 33.02355 -88.950 -16.670 1.970 3.969e+10 3.568e+10 -3.758e+10 0.03638 446255 446255 675288 824 28 446194 446262 24.0594 200190000000 190660000000 162060000000 57198000000 57198000000 24.4661 2.07 0.03263 0.37336 0.05974 24.8703 -15.5474 -6.38658 0.40229 0.05005 13.8243 -2.34858 -11.4671 0.1139 167600000000 104900000000
 0.3900   137617 0.4000   146286      1       -1       -1       -1  0 1.93867e+11 1.90700e+11 142.895000 26.731000 49.360000  1 0.3300 130.070000 20.95310 1.91623 33.03988 -86.120 -15.640 1.810 3.220e+10 1.659e+10 -1.795e+10 0.02446 446256 446256 675288 861 27 446194 446262 26.7308 190660000000 181130000000 181130000000 66731000000 28599000000 9.84542 2.3 0.02218 0.73259 0.02354 18.0172 -1.65473 -16.2819 0.36807 0.13568 15.6527 -10.5254 0.05707 0.1174 168000000000 152500000000
 0.3800   129156 0.3900   137617      1       -1       -1       -1  0 1.93867e+11 1.90700e+11 143.126000 28.666000 46.730000  1 0.3300 130.390000 21.01607 1.92893 33.04831 -81.860 -17.250 1.130 3.284e+10 1.543e+10 -1.444e+10 0.02333 446257 446257 675288 1813 26 446194 446262 28.6663 190660000000 181130000000 181130000000 38132000000 0 16.634 2.12 0.02169 0.33805 0.03035 -22.6202 10.8285 37.0485 0.3865 0.06719 -22.4939 10.2242 35.5495 0.1139 173900000000 171600000000
 0.3700   120657 0.3800   129156      1       -1       -1       -1  0 1.87500e+11 2.00200e+11 145.699000 53.483000 42.550000  1 0.3300 126.990000 21.07563 1.94107 33.04865 -79.060 -17.080 0.490 2.960e+10 8.430e+09 -1.663e+10 0.01896 446258 446258 675288 815 25 446194 446262 53.4832 200190000000 190660000000 152530000000 28599000000 9533000000 6.93101 1.62 0.01814 0.53233 0.05678 -14.1984 12.9793 23.6094 0.43921 0.02181 -13.9089 24.7879 28.6646 0.0991 166000000000 219300000000
 0.3600   112257 0.3700   120657      1       -1       -1       -1  0 1.68433e+11 1.71600e+11 138.608000 36.501000 42.470000  1 0.3300 125.060000 21.14035 1.94448 33.04916 -76.900 -16.560 1.220 2.010e+10 9.995e+09 -2.503e+10 0.02293 446259 446259 675288 803 24 446194 446262 36.5009 171590000000 171590000000 162060000000 19066000000 0 14.4782 0 0.02283 0.47928 0.00901 24.1326 5.38069 39.619 0 0 0 0 0 0.1158 152900000000 181100000000
 0.3500   104008 0.3600   112257      1       -1       -1       -1  0 1.36667e+11 1.33500e+11 127.651000 39.034000 44.610000  1 0.3300 115.090000 21.20131 1.95616 33.04892 -76.190 -9.490 0.210 -5.335e+09 -2.046e+10 -3.474e+09 0.02135 446260 446260 675288 775 23 446194 446262 39.0338 133460000000 123930000000 123930000000 38132000000 9533000000 25.1705 2.92 0.02242 0.26826 0.01043 -4.55375 18.2614 36.1433 0 0 4.83894 47.3759 -4.64249 0.1477 143300000000 171600000000
 0.3400    95954 0.3500   104008      1       -1       -1       -1  0 1.11243e+11 1.04900e+11 117.950000 30.733000 41.950000  1 0.3300 109.160000 21.26452 1.96922 33.03876 -80.570 -5.880 -1.190 -3.236e+06 -1.174e+10 -2.300e+09 0.01717 446261 446261 675288 1818 22 446194 446262 30.7333 104860000000 104860000000 104860000000 0 0 30.2095 0 0.01897 0.1458 0.09211 -9.08204 37.6823 68.5993 0 0 0 0 0 0.1679 135200000000 104900000000
 0.3300    88135 0.3400    95954      0       -1       -1       -1  0 9.53300e+10 9.53300e+10 114.410000 30.109000 37.690000  1 0.3300 107.170000 21.32091 1.99078 33.03998 -73.060 -7.760 -4.470 1.605e+10 -2.037e+10 -7.392e+09 0.04254 446262 446262 675288 732 21 446194 446262 30.1086 95330000000 95330000000 95330000000 0 0 36.5521 0 0.05083 0.30914 0.03986 -6.76148 -38.7486 91.5979 0 0 0 0 0 0.1694 120600000000 95330000000
