 1.0000   681168 0.0000       -1      1       -1       -1       -1  0 2.00233e+11 1.62100e+11 111.539000 11.222000 76.680000  1 0.4400 95.140000 27.33097 41.29241 23.26772 -143.440 -105.880 213.630 -7.588e+09 1.071e+11 -1.272e+10 0.04663 525847 525847 681168 6683 88 525846 525903 11.222 162060000000 162060000000 142990000000 85797000000 9533000000 5.90857 0 0.05349 0.49184 0.16942 -15.4873 1.48618 24.9634 0.16354 0.1218 -8.15469 16.0021 12.4586 0.5426 184700000000 85800000000
 0.9900   673053 1.0000   681168      1       -1       -1       -1  0 2.00233e+11 1.62100e+11 112.009000 10.176000 76.990000  1 0.4400 97.650000 27.34610 41.30352 23.24627 -137.910 -106.240 213.160 -1.015e+11 8.449e+10 -4.421e+10 0.06165 525848 525848 681168 6674 87 525846 525903 10.1764 162060000000 162060000000 142990000000 85797000000 19066000000 10.9691 0 0.06913 0.49882 0.18191 -16.7722 0.96205 24.0435 0.51587 0.14163 0.80128 16.1295 13.5446 0.528 190400000000 76260000000
 0.9800   664619 0.9900   673053      1       -1       -1       -1  0 2.00233e+11 1.62100e+11 112.479000 10.471000 77.990000  1 0.4400 97.400000 27.36279 41.30977 23.22725 -135.280 -105.690 210.970 -1.020e+11 8.265e+10 -4.539e+10 0.06098 525849 525849 681168 6685 86 525846 525903 10.4706 162060000000 162060000000 114400000000 85797000000 28599000000 12.2504 0 0.06915 0.62357 0.19021 -15.1304 5.18478 22.9112 0.55754 0.06163 -3.37788 7.86902 13.9283 0.5395 195000000000 85800000000
 0.9700   656228 0.9800   664619      1       -1       -1       -1  0 2.00233e+11 1.62100e+11 112.947000 12.299000 78.230000  1 0.4400 94.360000 27.37956 41.32094 23.20397 -132.620 -105.140 208.810 -1.023e+11 7.992e+10 -4.659e+10 0.05912 525850 525850 681168 5697 85 525846 525903 12.2993 162060000000 162060000000 123930000000 95330000000 9533000000 14.4951 0 0.06887 0.55612 0.12666 -10.1928 10.2968 19.4843 0.18159 0.08072 -5.27354 12.2117 15.2015 0.5541 181200000000 85800000000
 0.9600   647885 0.9700   656228      1       -1       -1       -1  0 2.00233e+11 1.62100e+11 113.416000 12.365000 75.670000  1 0.4400 94.630000 27.39832 41.33586 23.17994 -137.730 -103.050 206.480 -3.846e+10 8.245e+10 3.160e+10 0.04285 525851 525851 681168 6731 84 525846 525903 12.3654 162060000000 162060000000 123930000000 95330000000 28599000000 5.89798 0 0.04824 0.59667 0.19354 -11.7346 7.81144 21.0302 0.50058 0.09217 -1.14221 11.2426 16.3653 0.5178 186800000000 95330000000
 0.9500   639555 0.9600   647885      1       -1       -1       -1  0 2.00233e+11 1.43000e+11 109.229000 8.901000 75.620000  1 0.4400 97.310000 27.40154 41.34332 23.17129 -128.140 -108.430 203.940 -1.126e+11 6.683e+09 -1.188e+10 0.06865 525852 525852 681168 6740 83 525846 525903 8.90083 142990000000 171590000000 123930000000 123930000000 0 8.67147 0 0.07018 0.87695 0.46619 -13.0342 -10.8358 18.7668 0.79871 0.30901 0.22689 19.113 14.9239 0.4824 213300000000 57200000000
 0.9400   631239 0.9500   639555      1       -1       -1       -1  0 2.00233e+11 1.33500e+11 107.184000 6.412000 71.560000  1 0.4400 103.270000 27.41652 41.35830 23.14644 -129.520 -107.730 209.090 -4.720e+10 5.569e+10 2.314e+10 0.05683 525853 525853 681168 6742 82 525846 525903 6.41225 133460000000 171590000000 123930000000 123930000000 0 0.00193 0 0.05335 0.84239 0.47812 10.3902 17.7466 -13.5449 0.85242 0.43252 6.92137 20.7599 -11.3911 0.4213 236900000000 28600000000
 0.9300   622907 0.9400   631239      1       -1       -1       -1  0 2.00233e+11 1.33500e+11 107.620000 6.244000 72.870000  1 0.4400 104.480000 27.43169 41.37104 23.12180 -126.550 -107.350 206.820 -4.566e+10 5.570e+10 2.239e+10 0.05676 525854 525854 681168 6780 81 525846 525903 6.24383 133460000000 171590000000 123930000000 123930000000 9533000000 0.0011 0 0.05272 0.72738 0.40576 5.15272 21.7375 -6.36665 0.89237 0.57831 -7.03297 25.7543 5.17636 0.4239 237300000000 28600000000
 0.9200   614561 0.9300   622907      1       -1       -1       -1  0 2.00233e+11 1.33500e+11 108.056000 6.858000 75.730000  1 0.4400 102.340000 27.44569 41.38630 23.09786 -123.620 -106.910 204.400 -4.439e+10 5.578e+10 2.141e+10 0.05620 525855 525855 681168 6785 80 525846 525903 6.85776 133460000000 181130000000 123930000000 123930000000 9533000000 2.75974 0 0.0522 0.56077 0.06211 3.8084 22.6207 -2.16323 0.30394 0.02641 1.95374 20.2118 -0.8309 0.4418 222500000000 38130000000
 0.9100   606190 0.9200   614561      1       -1       -1       -1  0 2.00233e+11 1.33500e+11 108.490000 6.289000 79.200000  1 0.4400 105.220000 27.46040 41.39867 23.07219 -120.750 -106.400 201.880 -4.320e+10 5.604e+10 2.046e+10 0.05652 525856 525856 681168 6812 79 525846 525903 6.28854 133460000000 181130000000 123930000000 114400000000 28599000000 2.33524 0 0.05184 0.83398 0.40677 0.72154 13.6213 1.50869 0.25023 0.08396 4.04373 24.3539 1.22182 0.457 218900000000 28600000000
 0.9000   597812 0.9100   606190      1       -1       -1       -1  0 2.00233e+11 1.33500e+11 108.924000 6.432000 80.950000  1 0.4400 105.060000 27.47535 41.41117 23.04606 -117.930 -105.850 199.270 -4.175e+10 5.676e+10 1.980e+10 0.05730 525857 525857 681168 6808 78 525846 525903 6.43205 133460000000 152530000000 123930000000 114400000000 66731000000 2.22346 0 0.05169 0.78219 0.59311 -0.23587 13.4482 6.48623 0.75332 0.56943 2.08536 14.2169 4.11236 0.4592 219800000000 28600000000
 0.8900   589397 0.9000   597812      1       -1       -1       -1  0 2.00233e+11 1.43000e+11 111.900000 11.931000 80.440000  1 0.4400 93.380000 27.49612 41.41905 23.04664 -117.620 -106.970 199.920 -3.546e+10 1.515e+10 1.753e+09 0.02044 525858 525858 681168 6842 77 525846 525903 11.9313 142990000000 162060000000 133460000000 104860000000 0 20.5485 0 0.02439 0.55066 0.15626 -4.39926 -4.2977 31.0369 0.31226 0 -10.9904 -16.2501 28.0166 0.5828 174100000000 76260000000
 0.8800   581009 0.8900   589397      1       -1       -1       -1  0 2.00233e+11 1.52500e+11 114.784000 9.384000 82.100000  1 0.4400 101.780000 27.49747 41.43537 23.00577 -112.090 -103.660 190.740 -9.872e+10 -3.466e+10 -4.505e+10 0.05658 525859 525859 681168 3891 76 525846 525903 9.38412 152530000000 152530000000 123930000000 114400000000 28599000000 10.4434 0 0.06487 0.60043 0.26171 -15.377 -0.13278 22.2613 0.49324 0.02883 -12.7151 5.42156 23.8379 0.5663 210500000000 47660000000
 0.8700   572535 0.8800   581009      1       -1       -1       -1  0 2.00233e+11 1.52500e+11 115.234000 11.932000 76.670000  1 0.4400 96.740000 27.51160 41.44947 22.97855 -114.760 -104.020 191.120 -5.200e+10 -4.194e+10 -1.425e+10 0.03627 525860 525860 681168 2898 75 525846 525903 11.9316 152530000000 152530000000 123930000000 114400000000 19066000000 10.4081 0 0.03905 0.52601 0.2783 -11.4359 2.83995 18.5777 0.4572 0.05874 -5.33807 3.13678 8.63534 0.4964 188000000000 76260000000
 0.8600   564075 0.8700   572535      1       -1       -1       -1  0 2.00233e+11 1.52500e+11 115.681000 14.905000 73.890000  1 0.4400 92.820000 27.54057 41.46379 22.96115 -108.730 -105.190 192.050 -5.040e+10 -3.906e+10 -1.252e+10 0.03368 525861 525861 681168 2904 74 525846 525903 14.9052 152530000000 162060000000 133460000000 95330000000 19066000000 15.4096 5.49 0.03729 0.51888 0.21212 -8.77089 6.73276 31.3406 0.37713 0.02516 3.39349 11.483 31.0806 0.4925 162800000000 95330000000
 0.8500   555635 0.8600   564075      1       -1       -1       -1  0 2.00233e+11 1.52500e+11 116.127000 15.614000 70.720000  1 0.4400 92.420000 27.55498 41.47868 22.92906 -105.760 -104.200 189.270 -5.135e+10 -4.118e+10 -1.150e+10 0.03639 525862 525862 681168 2884 73 525846 525903 15.6145 152530000000 162060000000 133460000000 85797000000 0 10.9895 5.86 0.0385 0.31166 0.20835 -7.20244 10.4235 27.2748 0.16387 0.09852 -3.89545 10.1339 25.0148 0.4483 161500000000 95330000000
 0.8400   547134 0.8500   555635      1       -1       -1       -1  0 2.00233e+11 1.52500e+11 116.572000 14.888000 68.380000  1 0.4400 93.720000 27.57839 41.49465 22.89144 -108.780 -105.670 186.240 -2.911e+10 -8.960e+10 -3.457e+10 0.05634 525863 525863 681168 2931 72 525846 525903 14.888 152530000000 152530000000 123930000000 104860000000 9533000000 4.39562 0 0.05804 0.62848 0.48062 -6.46939 1.74014 12.0755 0.18465 0.09248 -2.4339 1.55026 8.15979 0.4125 171500000000 85800000000
 0.8300   538612 0.8400   547134      1       -1       -1       -1  0 2.00233e+11 1.23900e+11 109.189000 17.751000 57.410000  1 0.4400 84.060000 27.54716 41.54615 22.86366 -105.170 -107.050 173.520 -6.477e+10 2.049e+09 -5.066e+10 0.05559 525864 525864 681168 791 71 525846 525903 17.7509 123930000000 171590000000 114400000000 0 0 35.6004 0 0.06753 0.23116 0.03082 40.655 -17.7059 -30.0309 0 0 0 0 0 0.4437 175600000000 85800000000
 0.8200   530019 0.8300   538612      1       -1       -1       -1  0 2.00233e+11 1.33500e+11 112.341000 19.483000 57.340000  1 0.4400 85.620000 27.56346 41.56181 22.83453 -106.490 -105.410 171.680 -6.572e+10 -2.202e+10 1.898e+10 0.04277 525865 525865 681168 2904 70 525846 525903 19.4833 133460000000 162060000000 114400000000 0 0 40.1446 7.98 0.05236 0.79012 0.10062 35.6287 -29.2233 -18.2411 0 0 0 0 0 0.4415 174500000000 95330000000
 0.8100   521370 0.8200   530019      1       -1       -1       -1  0 2.00233e+11 1.52500e+11 117.893000 21.051000 61.590000  1 0.4400 89.500000 27.61471 41.53495 22.80354 -99.670 -103.870 178.680 -2.245e+10 -8.085e+10 -2.570e+10 0.04836 525866 525866 681168 2923 69 525846 525903 21.0511 152530000000 152530000000 133460000000 76264000000 0 21.6096 0 0.0514 0.14196 0.03302 24.3612 11.4555 -20.9155 0.5922 0.35237 16.3375 24.1043 -23.2085 0.3763 159300000000 104900000000
 0.8000   512687 0.8100   521370      1       -1       -1       -1  0 2.00233e+11 1.62100e+11 120.745000 36.337000 54.240000  1 0.4400 86.350000 27.59654 41.59385 22.77484 -98.650 -99.320 172.970 -6.071e+09 -3.771e+10 -3.556e+10 0.02355 525867 525867 681168 2952 68 525846 525903 36.3372 162060000000 171590000000 114400000000 0 0 28.9227 6.34 0.02775 0.65049 0.00339 -18.3102 43.8969 -9.35784 0 0 0 0 0 0.3619 171500000000 171600000000
 0.7900   504045 0.8000   512687      1       -1       -1       -1  0 2.00233e+11 1.43000e+11 116.235000 15.563000 57.980000  1 0.4400 92.860000 27.66464 41.57815 22.74678 -96.550 -102.560 174.150 -1.296e+10 -8.059e+10 7.303e+08 0.05093 525868 525868 681168 2948 67 525846 525903 15.5627 142990000000 152530000000 142990000000 38132000000 0 7.14191 0 0.05371 0.41875 0.13628 36.8516 28.0538 -5.86719 0.60486 0.14321 18.8248 23.0542 -17.2949 0.3501 169400000000 66730000000
 0.7800   495408 0.7900   504045      1       -1       -1       -1  0 2.00233e+11 1.62100e+11 121.628000 43.387000 53.770000  1 0.4400 86.240000 27.63027 41.62687 22.71319 -91.440 -99.690 170.010 2.248e+10 -7.692e+09 -1.777e+10 0.01371 525869 525869 681168 2948 66 525846 525903 43.3867 162060000000 171590000000 66731000000 0 0 26.3134 3.23 0.01592 0.75606 0.5165 43.41 -18.1739 -15.6149 0 0 0 0 0 0.3394 168100000000 209700000000
 0.7700   486726 0.7800   495408      1       -1       -1       -1  0 2.00233e+11 1.71600e+11 124.414000 43.801000 58.550000  1 0.4400 88.360000 27.67725 41.61523 22.69276 -88.100 -100.550 167.650 -3.263e+10 -1.312e+11 -3.053e+10 0.06255 525870 525870 681168 2971 65 525846 525903 43.8009 171590000000 171590000000 123930000000 47665000000 19066000000 14.7291 3.9 0.06794 0.32839 0.08497 21.476 24.647 -14.8778 0.26594 0 11.7433 23.9028 -4.53296 0.3385 163200000000 190700000000
 0.7600   478024 0.7700   486726      1       -1       -1       -1  0 2.00233e+11 1.71600e+11 124.857000 43.135000 56.370000  1 0.4400 88.870000 27.66463 41.66090 22.64952 -87.400 -95.440 168.690 4.347e+10 1.377e+10 -3.435e+10 0.02438 525871 525871 681168 2964 64 525846 525903 43.1348 171590000000 181130000000 76264000000 0 0 23.0157 2.98 0.02811 0.5957 0.11634 43.0372 -15.1062 3.13385 0 0 0 0 0 0.3415 164500000000 209700000000
 0.7500   469304 0.7600   478024      1       -1       -1       -1  0 2.00233e+11 1.43000e+11 117.910000 32.941000 57.910000  1 0.4400 85.290000 27.75926 41.63315 22.62632 -90.950 -97.900 162.700 -1.772e+10 -6.732e+10 3.241e+10 0.04326 525872 525872 681168 2992 63 525846 525903 32.9414 142990000000 152530000000 104860000000 0 0 32.419 0 0.05149 0.51628 0.06702 -30.8191 33.71 -6.45953 0 0 0 0 0 0.3935 147600000000 152500000000
 0.7400   460503 0.7500   469304      1       -1       -1       -1  0 2.00233e+11 1.81100e+11 128.022000 37.281000 58.860000  1 0.4400 92.420000 27.71663 41.68635 22.58383 -86.840 -92.610 168.630 -8.235e+09 -1.048e+11 -4.658e+10 0.04871 525873 525873 681168 3006 62 525846 525903 37.2807 181130000000 190660000000 123930000000 47665000000 0 17.6047 3.95 0.05226 0.66953 0.04908 33.1733 5.37806 6.47405 0.05098 0 23.4121 -17.3897 -5.47418 0.3162 168700000000 190700000000
 0.7300   451678 0.7400   460503      1       -1       -1       -1  0 2.00233e+11 1.81100e+11 128.464000 40.729000 59.660000  1 0.4400 92.310000 27.73501 41.70486 22.54979 -81.650 -92.670 168.540 -1.201e+10 -1.051e+11 -4.082e+10 0.04827 525874 525874 681168 3037 61 525846 525903 40.7288 181130000000 190660000000 133460000000 47665000000 0 16.1722 0 0.0518 0.64533 0.22869 34.5797 -4.29098 1.79533 0.51365 0.10364 24.8091 -4.66292 -8.7685 0.3205 167400000000 200200000000
 0.7200   442833 0.7300   451678      1       -1       -1       -1  0 2.00233e+11 1.71600e+11 126.601000 36.324000 61.040000  1 0.4400 91.820000 27.74555 41.73822 22.50909 -80.320 -89.120 164.470 -1.916e+10 -7.281e+10 -2.681e+10 0.03645 525875 525875 681168 3043 60 525846 525903 36.324 171590000000 200190000000 114400000000 57198000000 0 19.3302 3.87 0.04015 0.48167 0.01707 35.5701 -9.49242 17.8239 0.38259 0.02528 28.967 -6.8163 23.0816 0.3472 171400000000 200200000000
 0.7100   433929 0.7200   442833      1       -1       -1       -1  0 2.00233e+11 1.81100e+11 129.339000 38.151000 61.090000  1 0.4400 93.780000 27.78059 41.74421 22.48046 -78.960 -89.240 161.340 1.196e+10 -2.634e+10 -1.012e+10 0.01340 525876 525876 681168 3098 59 525846 525903 38.1509 181130000000 181130000000 133460000000 57198000000 0 16.4902 0 0.01415 0.39741 0.16916 31.3286 10.5137 26.8005 0.60262 0.06507 10.3753 5.20053 22.9225 0.3193 168000000000 200200000000
 0.7000   424960 0.7100   433929      1       -1       -1       -1  0 2.00233e+11 1.71600e+11 127.453000 29.649000 63.120000  1 0.4400 94.770000 27.80029 41.75649 22.44343 -74.780 -87.650 157.650 9.443e+09 1.074e+10 -2.463e+09 0.00674 525877 525877 681168 3134 58 525846 525903 29.649 171590000000 190660000000 123930000000 47665000000 0 14.3038 0 0.00737 0.44835 0.05067 26.0625 19.0714 26.1913 0.16036 0.10014 29.3037 30.5054 19.4918 0.3559 166200000000 171600000000
 0.6900   415962 0.7000   424960      1       -1       -1       -1  0 2.00233e+11 1.90700e+11 132.445000 39.153000 61.710000  1 0.4400 96.430000 27.80677 41.78842 22.40159 -71.660 -87.840 154.720 2.067e+09 -1.403e+10 -2.792e+10 0.01241 525878 525878 681168 3186 57 525846 525903 39.153 190660000000 200190000000 114400000000 76264000000 0 7.06115 0 0.01341 0.30585 0.00223 40.2655 2.29205 36.3636 0.75666 0.07901 43.6859 -3.69576 11.7287 0.3251 179900000000 219300000000
 0.6800   406957 0.6900   415962      1       -1       -1       -1  0 2.00233e+11 1.71600e+11 128.291000 12.191000 62.490000  1 0.4400 112.120000 27.83961 41.80457 22.39725 -77.150 -85.390 156.100 -7.216e+09 1.833e+10 6.536e+09 0.01092 525879 525879 681168 3105 56 525846 525903 12.1914 171590000000 171590000000 152530000000 57198000000 38132000000 10.8434 2.19 0.01066 0.3348 0.12166 22.1351 11.026 2.77442 0.76708 0.17923 9.85127 2.34997 5.42866 0.296 163300000000 38130000000
 0.6700   397954 0.6800   406957      1       -1       -1       -1  0 2.00233e+11 2.19300e+11 139.662000 46.068000 62.230000  1 0.4400 101.420000 27.83016 41.83318 22.32871 -78.910 -80.760 151.400 4.540e+10 2.025e+10 -3.425e+10 0.01919 525880 525880 681168 4174 55 525846 525903 46.068 219260000000 219260000000 142990000000 47665000000 0 18.1722 0 0.02072 0.39818 0.12728 41.8723 5.00336 16.7618 0.6569 0.21835 28.95 -0.28442 10.6516 0.3012 197700000000 228800000000
 0.6600   389035 0.6700   397954      1       -1       -1       -1  0 2.00233e+11 1.90700e+11 133.728000 25.019000 61.140000  1 0.4400 103.350000 27.86753 41.84301 22.29603 -75.880 -84.030 151.570 -2.197e+10 -4.944e+08 -4.615e+09 0.00946 525881 525881 681168 3099 54 525846 525903 25.0189 190660000000 200190000000 171590000000 57198000000 9533000000 16.7959 0 0.00979 0.05668 0.00373 46.55 33.9142 37.8469 0.54016 0.18684 5.28746 10.6797 6.41075 0.2921 186300000000 143000000000
 0.6500   380010 0.6600   389035      1       -1       -1       -1  0 1.90700e+11 1.90700e+11 134.147000 25.816000 60.450000  1 0.4400 103.560000 27.88698 41.86401 22.25751 -75.610 -81.040 145.130 3.686e+09 5.778e+10 1.735e+08 0.02494 525882 525882 681168 3138 53 525846 525903 25.8162 190660000000 200190000000 181130000000 47665000000 9533000000 12.9743 0 0.02539 0.27209 0.04613 32.6265 25.9375 25.1831 0.50068 0.08144 23.8943 28.9263 13.9455 0.2748 180900000000 152500000000
 0.6400   370943 0.6500   380010      1       -1       -1       -1  0 1.90700e+11 1.81100e+11 132.280000 18.831000 59.970000  1 0.4400 107.600000 27.91299 41.90411 22.25064 -72.960 -81.350 145.190 -6.225e+10 2.086e+10 5.390e+10 0.04348 525883 525883 681168 3167 52 525846 525903 18.8308 181130000000 181130000000 142990000000 114400000000 0 13.5284 2.4 0.04083 0.60944 0.25976 32.3966 23.0102 6.10084 0.60312 0.3036 28.7145 18.3393 19.1349 0.2418 174000000000 114400000000
 0.6300   361836 0.6400   370943      1       -1       -1       -1  0 1.90700e+11 1.90700e+11 134.971000 18.607000 60.320000  1 0.4400 110.810000 27.93611 41.91771 22.18052 -72.230 -80.960 139.380 -3.453e+10 3.443e+10 5.026e+10 0.03305 525884 525884 681168 2040 51 525846 525903 18.6067 190660000000 200190000000 171590000000 123930000000 0 16.9052 3.84 0.0311 0.58924 0.01848 21.0177 3.44253 55.6087 0.20668 0.02073 36.1207 29.5113 28.6315 0.2362 204500000000 114400000000
 0.6200   352737 0.6300   361836      1       -1       -1       -1  0 1.90700e+11 1.90700e+11 135.376000 16.215000 61.670000  1 0.4400 114.630000 27.95291 41.94266 22.14112 -71.610 -75.340 136.930 -2.797e+10 3.548e+10 4.675e+10 0.03158 525885 525885 681168 3157 50 525846 525903 16.2151 190660000000 190660000000 181130000000 142990000000 0 15.6692 0 0.02906 0.62969 0.25848 23.3862 6.9987 41.6209 0.51689 0.09584 13.578 28.2646 21.2551 0.2352 202600000000 95330000000
 0.6100   343604 0.6200   352737      1       -1       -1       -1  0 1.87500e+11 1.90700e+11 135.776000 21.485000 65.190000  1 0.4400 109.560000 27.95781 41.96103 22.08514 -69.720 -73.580 134.390 -6.955e+09 3.680e+10 2.974e+10 0.02228 525886 525886 681168 3174 49 525846 525903 21.4855 190660000000 190660000000 171590000000 114400000000 0 29.5784 0 0.02152 0.05676 0 39.1743 11.6718 40.369 0.87661 0.15963 28.4339 -15.4031 -8.47855 0.2719 183600000000 143000000000
 0.6000   334470 0.6100   343604      1       -1       -1       -1  0 1.84300e+11 1.81100e+11 133.862000 19.202000 66.430000  1 0.4400 110.320000 27.97848 41.98318 22.04277 -66.460 -77.580 133.450 -4.969e+10 1.082e+10 5.731e+10 0.03922 525887 525887 681168 4187 48 525846 525903 19.2017 181130000000 181130000000 181130000000 133460000000 0 35.2913 6.07 0.03781 0.0168 0 55.5455 20.9594 55.8202 0.73856 0 19.9114 4.8963 14.1052 0.2872 186700000000 123900000000
 0.5900   325305 0.6000   334470      1       -1       -1       -1  0 1.81100e+11 1.81100e+11 134.244000 9.966000 64.490000  1 0.4400 128.270000 28.01507 42.02983 22.02337 -64.980 -69.300 132.930 -3.742e+10 1.327e+10 4.569e+10 0.03473 525888 525888 681168 2094 47 525846 525903 9.96572 181130000000 181130000000 171590000000 162060000000 0 6.53374 0 0.03008 0.79973 0.65774 21.1164 -8.21639 22.5992 0.3693 0 3.6134 -5.43962 22.5821 0.2343 251700000000 28600000000
 0.5800   316061 0.5900   325305      1       -1       -1       -1  0 1.81100e+11 1.81100e+11 134.621000 13.770000 64.750000  1 0.4400 119.770000 28.04232 42.04720 21.97732 -63.460 -66.920 130.770 -3.690e+10 1.247e+10 4.530e+10 0.03364 525889 525889 681168 3197 46 525846 525903 13.7705 181130000000 181130000000 181130000000 162060000000 9533000000 2.3138 0 0.0299 0.94861 0.39543 -17.0278 -6.28561 20.74 0.72493 0.00554 2.43786 -14.3766 17.7893 0.2454 215800000000 76260000000
 0.5700   306829 0.5800   316061      1       -1       -1       -1  0 1.74767e+11 1.81100e+11 134.992000 17.021000 65.090000  1 0.4400 115.500000 28.05957 42.06408 21.92939 -61.980 -64.100 122.880 -8.656e+09 4.796e+10 3.946e+10 0.03401 525890 525890 681168 3154 45 525846 525903 17.0214 181130000000 181130000000 181130000000 142990000000 0 4.38053 0 0.03162 0.53667 0.12758 19.6981 -9.33032 36.0196 0.42064 0.07107 -1.41206 2.03898 26.5982 0.2625 200000000000 76260000000
 0.5600   297588 0.5700   306829      1       -1       -1       -1  0 1.71600e+11 1.62100e+11 130.430000 25.562000 59.990000  1 0.4400 104.050000 28.04459 42.07667 21.88713 -57.040 -62.280 124.920 -3.006e+10 3.008e+10 2.860e+10 0.03198 525891 525891 681168 3150 44 525846 525903 25.5623 162060000000 162060000000 152530000000 95330000000 0 30.2095 0 0.03134 0.22041 0.1116 28.8312 -15.1289 20.6041 0.2723 0.19523 25.9722 -12.8644 19.7299 0.2673 151800000000 114400000000
 0.5500   288341 0.5600   297588      1       -1       -1       -1  0 1.68433e+11 1.71600e+11 133.292000 38.364000 59.090000  1 0.4400 102.360000 28.06451 42.10021 21.84324 -59.830 -62.780 122.800 -1.717e+10 5.564e+10 2.136e+10 0.03396 525892 525892 681168 3126 43 525846 525903 38.3641 171590000000 171590000000 114400000000 85797000000 19066000000 26.587 0 0.03475 0.40674 0.30469 17.602 -11.8006 24.9133 0.35408 0.01189 17.7519 -1.96513 17.9265 0.2668 149800000000 171600000000
 0.5400   279124 0.5500   288341      1       -1       -1       -1  0 1.62067e+11 1.71600e+11 133.638000 42.169000 57.120000  1 0.4400 102.460000 28.13324 42.12780 21.80689 -56.290 -59.860 119.380 -2.594e+09 4.788e+10 1.238e+10 0.02570 525893 525893 681168 3217 42 525846 525903 42.1688 171590000000 190660000000 142990000000 0 0 16.9546 3.45 0.02796 0.26036 0.1522 55.2113 -9.328 44.9108 0 0 0 0 0 0.2881 160700000000 200200000000
 0.5300   269878 0.5400   279124      1       -1       -1       -1  0 1.46167e+11 1.43000e+11 126.078000 41.694000 53.030000  1 0.4400 96.910000 28.15465 42.15359 21.76095 -56.700 -55.030 117.570 -1.806e+10 3.941e+10 2.631e+08 0.02914 525894 525894 681168 3218 41 525846 525903 41.6937 142990000000 142990000000 123930000000 0 0 30.644 2.19 0.03344 0.15183 0 55.6527 9.45027 37.2833 0 0 0 0 0 0.2991 163800000000 200200000000
 0.5200   260637 0.5300   269878      1       -1       -1       -1  0 1.08033e+11 1.23900e+11 120.504000 39.374000 49.130000  1 0.4400 93.230000 28.17299 42.17179 21.70663 -57.440 -50.940 120.170 -3.935e+10 -2.248e+09 2.501e+10 0.03799 525895 525895 681168 8587 40 525846 525903 39.3735 123930000000 133460000000 95330000000 0 0 40.2148 3.52 0.04609 0.27176 0.0802 60.8866 11.5285 33.5241 0 0 0 0 0 0.3107 141900000000 181100000000
 0.5100   251353 0.5200   260637      1       -1       -1       -1  0 7.30767e+10 5.72000e+10 93.352000 35.031000 51.540000  1 0.4400 72.170000 28.19454 42.19799 21.65922 -48.940 -59.880 108.320 -5.470e+09 3.403e+10 -2.945e+09 0.03570 525896 525896 681168 2027 39 525846 525903 35.0308 57198000000 95330000000 0 0 0 60.6722 26.95 0.12494 0.4749 0.13864 60.2741 8.15774 45.2114 0 0 0 0 0 0.8688 136800000000 143000000000
 0.5000   242180 0.5100   251353      1       -1       -1       -1  0 4.76667e+10 3.81300e+10 81.744000 21.904000 20.240000  1 0.4400 65.030000 28.21610 42.22454 21.61121 -47.210 -58.460 105.720 -3.571e+08 2.085e+09 -1.308e+10 0.04615 525897 525897 681168 8536 38 525846 525903 21.9043 38132000000 38132000000 9533000000 0 0 39.9526 29.16 0.09489 0.66453 0.23237 29.6582 34.1598 -0.1817 0 0 0 0 0 0.487 130800000000 38130000000
 0.4900   232974 0.5000   242180      1       -1       -1       -1  0 4.44900e+10 4.76700e+10 88.260000 32.995000 19.420000  1 0.4400 69.130000 28.23768 42.25142 21.56261 -67.130 -50.320 100.260 -2.703e+09 1.557e+10 -1.659e+09 0.05560 525898 525898 681168 1994 37 525846 525903 32.9952 47665000000 47665000000 28599000000 0 0 28.8785 14.45 0.07917 0.39053 0 9.1208 44.0134 4.63636 0 0 0 0 0 0.189 119800000000 85800000000
 0.4800   223816 0.4900   232974      1       -1       -1       -1  0 3.81367e+10 4.76700e+10 88.459000 23.321000 24.510000  1 0.4400 71.440000 28.25927 42.27864 21.51343 -43.850 -55.600 100.480 5.795e+09 -3.446e+09 -1.676e+10 0.05742 525899 525899 681168 3125 36 525846 525903 23.3211 47665000000 47665000000 19066000000 9533000000 0 36.1683 22.53 0.09082 0.61781 0.0659 30.2161 30.2895 49.4176 0 0 0 0 0 0.3181 112100000000 47660000000
 0.4700   214675 0.4800   223816      1       -1       -1       -1  0 2.86033e+10 1.90700e+10 65.320000 5.856000 0.000000  1 0.4400 63.850000 28.28086 42.30618 21.46367 -62.130 -37.840 102.440 0.000e+00 0.000e+00 0.000e+00 0.00000 525900 525900 681168 1973 35 525846 525903 5.85626 19066000000 19066000000 19066000000 19066000000 0 33.1556 0 0 0 0 0 0 0 0 0 0 0 0 0 109100000000 0
 0.4600   205549 0.4700   214675      1       -1       -1       -1  0 1.90700e+10 1.90700e+10 65.460000 4.134000 0.000000  1 0.4400 70.370000 28.30245 42.33404 21.41334 -70.410 -54.830 105.090 0.000e+00 0.000e+00 0.000e+00 0.00000 525901 525901 681168 3102 34 525846 525903 4.13417 19066000000 19066000000 19066000000 19066000000 0 32.3622 0 0 0 0 0 0 0 0 0 0 0 0 0 104000000000 0
 0.4500   196486 0.4600   205549      1       -1       -1       -1  0 1.90700e+10 1.90700e+10 65.595000 6.582000 0.000000  1 0.4400 63.470000 28.32649 42.37033 21.37107 -70.690 -55.640 106.680 0.000e+00 0.000e+00 0.000e+00 0.00000 525902 525902 681168 3120 33 525846 525903 6.58249 19066000000 19066000000 19066000000 9533000000 0 34.1744 0 0 0 0 0 0 0 0 0 0 0 0 0 98150000000 0
 0.4400   187417 0.4500   196486      0       -1       -1       -1  0 1.90700e+10 1.90700e+10 65.727000 11.556000 0.000000  1 0.4400 57.630000 28.34801 42.39858 21.31961 -37.440 -49.330 90.020 -2.977e+09 7.559e+08 -5.353e+09 0.08726 525903 525903 681168 3097 32 525846 525903 11.5559 19066000000 19066000000 19066000000 0 0 38.4472 42.59 0.14862 0 0 0 0 0 0 0 0 0 0 0 93110000000 9533000000
