 1.0000   676666 0.0000       -1      1   676664   676664       -1  0 1.04900e+11 1.04900e+11 96.474000 13.798000 97.750000  1 0.5800 76.630000 8.13620 40.02433 33.68143 -138.680 461.140 479.810 9.159e+10 9.817e+09 1.966e+11 0.19470 546294 546294 676666 2181 88 546293 546336 13.7979 190660000000 200190000000 133460000000 0 0 12.4502 10.21 0.22198 0.3581 0.07165 -1.61256 29.4365 31.3899 0 0 0 0 0 1.7251 131700000000 38130000000
 0.9900   668504 1.0000   676666      1   668502   668502   676664  0 1.04900e+11 1.04900e+11 96.880000 15.328000 107.370000  1 0.5800 75.500000 8.15257 39.97577 33.63290 -137.730 515.660 485.240 8.783e+10 9.781e+09 1.872e+11 0.21305 546295 546295 676666 2165 87 546293 546336 15.3279 247860000000 247860000000 142990000000 0 0 26.7337 19.52 0.21221 0.10589 0.05253 4.43971 37.5013 25.1599 0 0 0 0 0 1.8135 126600000000 57200000000
 0.9800   660137 0.9900   668504      1   660134   660134   668502  0 1.04900e+11 1.04900e+11 97.286000 11.195000 122.190000  1 0.5800 80.420000 8.16952 39.88567 33.58581 -93.380 603.220 521.590 1.462e+11 9.401e+10 1.129e+11 0.23472 546296 546296 676666 2161 86 546293 546336 11.1952 352720000000 352720000000 238320000000 114400000000 0 3.58785 26.43 0.2131 0.55969 0.12299 0.61685 3.72841 29.5146 0.26842 0.13276 7.23893 2.54685 23.5443 1.7069 122800000000 57200000000
 0.9700   651810 0.9800   660137      1   651808   651807   660134  0 1.03300e+11 1.04900e+11 97.692000 8.032000 130.260000  1 0.5800 87.010000 8.17827 39.81712 33.53033 -68.540 675.650 518.400 1.639e+11 3.447e+10 1.135e+11 0.24609 546297 546297 676666 2183 85 546293 546336 8.03159 562450000000 562450000000 562450000000 190660000000 28599000000 8.4621 26.48 0.20865 0.76537 0.37532 -7.02635 3.02322 16.5757 0.29057 0.11349 12.4528 -3.49859 2.86909 1.7129 141700000000 47660000000
 0.9600   643495 0.9700   651810      1   643494   643493   651808  1 1.00110e+11 1.00100e+11 96.570000 7.741000 133.730000  1 0.5800 86.460000 8.18312 39.74025 33.47643 -21.900 777.460 500.530 8.148e+10 8.714e+10 8.456e+10 0.26002 546298 546298 676666 8159 84 546293 546336 7.75199 2778875000000 2778875000000 2778875000000 2592980000000 2511949500000 15.8643 30.635 0.195875 0.75003 0.453815 4.89301 -3.87091 2.18628 0.58986 0.120185 13.3104 -1.29598 -5.38893 1.98075 147000000000 38130000000
 0.9500   635197 0.9600   643495      1   635196   635195   643494  0 1.03277e+11 9.53300e+10 95.421000 7.451000 137.020000  1 0.5800 85.900000 8.15676 39.62851 33.42872 156.620 932.310 433.220 -9.387e+08 1.398e+11 5.562e+10 0.27394 546299 546299 676666 2190 83 546293 546336 7.45063 4995300000000 4995300000000 4995300000000 4995300000000 4995300000000 23.2664 34.79 0.1831 0.73469 0.53231 16.8124 -10.765 -12.2032 0.88915 0.12688 14.1679 0.90662 -13.6469 2.2486 152300000000 28600000000
 0.9400   626906 0.9500   635197      1   626905   626904   635196  0 1.08043e+11 1.14400e+11 101.815000 7.552000 113.100000  1 0.5800 92.750000 8.14082 39.50671 33.37259 351.480 918.400 262.770 3.390e+10 1.064e+11 2.743e+10 0.05723 546300 546300 676666 108 82 546293 546336 7.55164 6043900000000 6043900000000 6043900000000 6043900000000 5900900000000 14.5384 22.77 0.10356 0.58612 0.44979 9.26244 19.4055 18.2917 0.80682 0.36105 -1.1648 22.2893 0.03408 1.1475 169700000000 38130000000
 0.9300   618597 0.9400   626906      1   618596   618594   626905  0 1.14400e+11 1.14400e+11 102.230000 10.884000 111.740000  1 0.5800 85.510000 8.12482 39.45293 33.35853 442.570 760.900 116.180 1.123e+11 7.312e+10 4.421e+10 0.11077 546301 546301 676666 3163 81 546293 546336 10.8845 3212600000000 3212600000000 3212600000000 3212600000000 0 41.0443 11.06 0.12752 0.07038 0 20.0758 52.527 -12.3374 0.4814 0.06358 29.2537 7.60391 7.99422 1.5075 147800000000 47660000000
 0.9200   610262 0.9300   618597      1   610261   610259   618596  0 1.14400e+11 1.14400e+11 102.644000 8.807000 99.300000  1 0.5800 90.110000 8.06084 39.34182 33.33372 460.370 638.440 104.430 1.231e+11 1.171e+11 1.334e+10 0.03053 546302 546302 676666 2180 80 546293 546336 8.80722 1858900000000 1858900000000 1858900000000 1858900000000 9533000000 17.0846 7.59 0.15453 0.47427 0.10635 -8.30437 -19.4843 26.4947 0.14562 0.02674 -12.7594 -22.4582 29.1789 1.0225 162300000000 38130000000
 0.9100   601912 0.9200   610262      1   601911   601910   610261  0 1.23933e+11 1.14400e+11 103.057000 9.670000 90.640000  1 0.5800 88.550000 8.00713 39.26540 33.31902 438.060 550.730 107.010 1.211e+11 1.090e+11 1.464e+10 0.02051 546303 546303 676666 2194 79 546293 546336 9.67041 743570000000 743570000000 743570000000 238320000000 0 20.8157 17.68 0.14887 0.56634 0.22252 -15.7575 -4.84486 32.359 0.65997 0.06822 -17.5101 1.77584 25.1864 0.9878 158500000000 38130000000
 0.9000   593557 0.9100   601912      1   593556   593554   601911  0 1.33467e+11 1.43000e+11 111.458000 22.784000 95.550000  1 0.5800 82.920000 7.97090 39.21734 33.32207 410.790 485.660 107.650 1.928e+11 7.515e+10 2.317e+11 0.08381 546304 546304 676666 2183 78 546293 546336 22.7841 591050000000 591050000000 533850000000 66731000000 0 26.22 0 0.19557 0.11816 0.07206 54.2195 20.3987 -24.63 0 0 0 0 0 1.1446 150200000000 123900000000
 0.8900   585156 0.9000   593557      1   585153   585153   593556  0 1.43000e+11 1.43000e+11 111.900000 29.800000 85.510000  1 0.5800 80.720000 7.91865 39.15425 33.30805 382.080 437.750 113.510 1.664e+11 7.521e+10 1.861e+11 0.01998 546305 546305 676666 2192 77 546293 546336 29.8 457580000000 457580000000 190660000000 19066000000 0 25.6679 0 0.16474 0.44965 0.09575 44.0672 7.19156 -9.61097 0 0 0 0 0 0.9877 153000000000 143000000000
 0.8800   576772 0.8900   585156      1   576769   576769   585153  0 1.39833e+11 1.43000e+11 112.341000 28.721000 72.160000  1 0.5800 81.340000 7.82362 39.07664 33.27664 359.050 389.200 118.610 1.436e+11 1.372e+11 -2.463e+09 0.07983 546306 546306 676666 3192 76 546293 546336 28.7213 247860000000 247860000000 152530000000 76264000000 9533000000 12.5239 0 0.12596 0.63354 0.02005 -2.07771 10.8782 28.0493 0.87154 0.02559 10.6057 -10.6471 -6.80486 0.6821 144800000000 143000000000
 0.8700   568314 0.8800   576772      1       -1       -1   576769  0 2.03367e+11 1.33500e+11 110.217000 33.159000 65.410000  1 0.5800 78.660000 7.77548 39.02470 33.26149 327.880 371.180 126.780 1.073e+11 1.452e+11 -5.906e+10 0.09290 546307 546307 676666 2185 75 546293 546336 33.1594 209730000000 219260000000 104860000000 38132000000 9533000000 11.0334 11.71 0.13569 0.4218 0.32048 -11.5202 0.77942 23.0269 0.46083 0.01867 22.9994 -13.699 1.64735 0.6116 148100000000 152500000000
 0.8600   559854 0.8700   568314      1       -1       -1       -1  0 2.03367e+11 1.52500e+11 115.681000 41.805000 65.020000  1 0.5800 81.650000 7.76156 38.98573 33.25702 311.280 349.130 129.620 1.362e+11 1.579e+11 5.127e+10 0.07792 546308 546308 676666 2200 74 546293 546336 41.8049 171590000000 247860000000 95330000000 47665000000 0 23.6369 18.13 0.12323 0.03271 0 -0.44114 2.09449 71.5079 0.82653 0.27601 17.9338 5.18699 22.8268 0.6347 161000000000 190700000000
 0.8500   551431 0.8600   559854      1       -1       -1       -1  0 2.03367e+11 1.23900e+11 108.362000 32.662000 61.610000  1 0.5800 77.320000 7.71786 38.93516 33.23960 284.520 324.830 118.100 6.807e+10 1.186e+11 8.761e+09 0.07252 546309 546309 676666 2176 73 546293 546336 32.6624 142990000000 200190000000 76264000000 0 0 30.8273 0 0.11156 0.14032 0.00616 0.17307 3.78245 63.1809 0 0 0 0 0 0.6014 163500000000 181100000000
 0.8400   542910 0.8500   551431      1       -1       -1       -1  0 2.03367e+11 1.23900e+11 108.776000 38.679000 58.400000  1 0.5800 76.860000 7.67557 38.88633 33.22185 271.370 306.180 112.010 1.088e+11 9.873e+10 1.936e+10 0.08273 546310 546310 676666 2205 72 546293 546336 38.6786 123930000000 200190000000 66731000000 0 0 27.1855 2.23 0.12116 0.57743 0.26316 -9.24416 18.6319 43.3615 0 0 0 0 0 0.5496 153600000000 181100000000
 0.8300   534400 0.8400   542910      1       -1       -1       -1  0 2.03367e+11 1.14400e+11 106.314000 40.531000 57.270000  1 0.5800 74.930000 7.63450 38.83900 33.20378 251.830 287.870 106.270 9.777e+10 7.445e+10 3.340e+10 0.07969 546311 546311 676666 95 71 546293 546336 40.5314 114400000000 181130000000 66731000000 0 0 22.3346 2.15 0.11946 0.36019 0.02609 -2.09986 4.00483 58.7818 0 0 0 0 0 0.5592 145000000000 190700000000
 0.8200   525820 0.8300   534400      1       -1       -1       -1  0 2.03367e+11 1.14400e+11 106.715000 30.293000 57.460000  1 0.5800 76.580000 7.56202 38.78934 33.16952 242.120 270.030 109.370 9.550e+10 6.397e+10 -1.916e+10 0.07581 546312 546312 676666 2200 70 546293 546336 30.2934 114400000000 114400000000 76264000000 0 0 12.5748 0 0.10977 0.26333 0.0947 -21.6546 12.6511 41.2262 0 0 0 0 0 0.5459 163700000000 114400000000
 0.8100   517173 0.8200   525820      1       -1       -1       -1  0 2.03367e+11 1.14400e+11 107.113000 39.125000 57.840000  1 0.5800 75.690000 7.52209 38.74750 33.15352 231.060 259.760 108.020 9.528e+10 6.265e+10 -2.234e+10 0.07252 546313 546313 676666 2210 69 546293 546336 39.1254 123930000000 123930000000 66731000000 0 0 14.6644 3.73 0.10993 0.05633 0 32.1774 -18.4929 -30.865 0 0 0 0 0 0.5726 169500000000 171600000000
 0.8000   508494 0.8100   517173      1       -1       -1       -1  0 2.03367e+11 1.04900e+11 104.436000 32.968000 58.640000  1 0.5800 74.440000 7.47756 38.71040 33.13815 176.270 225.380 112.330 9.492e+10 3.087e+10 1.563e+10 0.02459 546314 546314 676666 2883 68 546293 546336 32.9682 114400000000 123930000000 66731000000 0 0 18.3612 44.97 0.11097 0.36364 0.09472 -28.5565 29.6601 45.9894 0 0 0 0 0 0.9512 164600000000 114400000000
 0.7900   499857 0.8000   508494      1       -1       -1       -1  0 2.03367e+11 5.72000e+10 85.643000 21.066000 52.430000  1 0.5800 62.440000 7.44458 38.67310 33.12045 200.190 220.920 104.810 2.487e+10 -1.002e+10 1.234e+10 0.02103 546315 546315 676666 2877 67 546293 546336 21.066 57198000000 114400000000 47665000000 0 0 32.1246 16.65 0.08944 0 0 -30.0336 35.9955 28.6522 0 0 0 0 0 0.9273 175100000000 47660000000
 0.7800   491215 0.7900   499857      1       -1       -1       -1  0 2.03367e+11 7.62600e+10 94.605000 32.176000 51.330000  1 0.5800 67.240000 7.40004 38.62311 33.12946 188.830 221.100 98.910 3.357e+10 -1.005e+10 -7.830e+09 0.03029 546316 546316 676666 2904 66 546293 546336 32.1759 76264000000 76264000000 0 0 0 31.0389 10.27 0.06768 0.06331 0 -38.6054 28.6146 62.3318 0 0 0 0 0 0.7426 174800000000 104900000000
 0.7700   482525 0.7800   491215      1       -1       -1       -1  0 2.03367e+11 7.62600e+10 94.945000 18.433000 46.330000  1 0.5800 71.440000 7.39111 38.56522 33.09500 179.930 196.140 99.790 2.378e+10 -1.805e+10 -3.577e+09 0.03996 546317 546317 676666 2963 65 546293 546336 18.4328 76264000000 190660000000 47665000000 0 0 32.5645 14.58 0.05692 0.53342 0.13806 -17.6133 45.646 8.7892 0 0 0 0 0 0.4779 163600000000 47660000000
 0.7600   473828 0.7700   482525      1       -1       -1       -1  0 2.03367e+11 1.43000e+11 117.495000 45.245000 74.350000  1 0.5800 83.240000 7.37301 38.52805 33.09218 183.540 208.020 99.870 -6.964e+10 -2.319e+10 7.595e+10 0.03744 546318 546318 676666 2985 64 546293 546336 45.2449 142990000000 181130000000 57198000000 0 0 34.5768 23.4 0.07048 0.25076 0.1239 5.59228 27.9783 47.878 0 0 0 0 0 0.7294 170700000000 228800000000
 0.7500   465102 0.7600   473828      1       -1       -1       -1  0 2.03367e+11 1.43000e+11 117.910000 42.297000 77.410000  1 0.5800 83.880000 7.32110 38.48595 33.05953 177.480 191.020 77.960 -6.191e+10 -2.675e+10 5.441e+10 0.03255 546319 546319 676666 2968 63 546293 546336 42.2968 142990000000 171590000000 85797000000 0 0 39.3377 3.89 0.0581 0.28171 0.08811 38.2003 -23.0326 -31.6108 0 0 0 0 0 0.7138 166200000000 200200000000
 0.7400   456307 0.7500   465102      1       -1       -1       -1  0 2.03367e+11 1.52500e+11 120.895000 33.655000 77.570000  1 0.5800 87.610000 7.29606 38.44283 33.04970 168.630 181.370 75.460 -5.300e+10 -2.705e+10 7.271e+10 0.03696 546320 546320 676666 2960 62 546293 546336 33.655 152530000000 152530000000 95330000000 9533000000 0 36.1729 0 0.05685 0.17278 0.08971 -21.5436 9.6677 31.7511 0 0 0 0 0 0.6416 175400000000 152500000000
 0.7300   447471 0.7400   456307      1       -1       -1       -1  0 2.03367e+11 1.62100e+11 123.789000 54.881000 76.520000  1 0.5800 87.840000 7.28292 38.41238 33.05397 165.640 174.560 73.030 5.273e+09 -9.225e+09 5.766e+10 0.02147 546321 546321 676666 3039 61 546293 546336 54.8808 162060000000 181130000000 123930000000 9533000000 0 38.0016 5.85 0.03223 0.14205 0 -5.32876 10.9331 52.7249 0 0 0 0 0 0.617 180500000000 247900000000
 0.7200   438608 0.7300   447471      1       -1       -1       -1  0 2.03367e+11 1.62100e+11 124.212000 34.518000 75.710000  1 0.5800 90.330000 7.22757 38.36784 33.01319 150.290 163.270 71.260 -7.631e+10 6.150e+09 3.984e+10 0.03455 546322 546322 676666 3003 60 546293 546336 34.5185 162060000000 162060000000 123930000000 38132000000 0 35.8679 0 0.04769 0.69714 0.61711 -29.878 41.0898 30.6652 0.59949 0.39571 -3.65319 24.2072 23.0368 0.5725 176300000000 162100000000
 0.7100   429682 0.7200   438608      1       -1       -1       -1  0 2.03367e+11 1.62100e+11 124.632000 29.046000 78.400000  1 0.5800 92.450000 7.19377 38.33109 32.99473 147.690 159.760 71.210 -5.034e+10 4.070e+10 -8.051e+09 0.02484 546323 546323 676666 3019 59 546293 546336 29.0465 162060000000 181130000000 133460000000 0 0 36.1273 0 0.03624 0.4418 0.30264 -32.8451 24.0838 33.0188 0 0 0 0 0 0.6152 185800000000 152500000000
 0.7000   420711 0.7100   429682      1       -1       -1       -1  0 2.03367e+11 1.81100e+11 129.771000 39.832000 77.820000  1 0.5800 94.000000 7.15499 38.29839 32.98246 139.870 153.050 68.750 -8.232e+10 2.970e+10 5.649e+10 0.03272 546324 546324 676666 3017 58 546293 546336 39.8322 181130000000 219260000000 142990000000 0 0 36.9425 5.05 0.04834 0.08246 0 -47.8669 -21.4616 65.1995 0 0 0 0 0 0.6023 191000000000 238300000000
 0.6900   411715 0.7000   420711      1       -1       -1       -1  0 2.03367e+11 2.19300e+11 138.761000 51.842000 73.290000  1 0.5800 99.660000 7.16751 38.26781 32.96195 139.010 147.980 67.070 2.695e+10 6.712e+10 6.477e+10 0.02742 546325 546325 676666 3032 57 546293 546336 51.8417 219260000000 228790000000 162060000000 28599000000 0 7.06559 3.87 0.03295 0.22243 0.04006 -26.9097 36.011 30.9887 0.47523 0.05749 -15.5889 28.498 13.8478 0.4357 200500000000 247900000000
 0.6800   402699 0.6900   411715      1       -1       -1       -1  0 2.03367e+11 2.09700e+11 137.166000 34.478000 70.710000  1 0.5800 101.600000 7.08850 38.22655 32.94414 129.290 139.590 80.300 -3.675e+09 4.707e+10 1.150e+11 0.03644 546326 546326 676666 3027 56 546293 546336 34.4775 209730000000 228790000000 85797000000 0 0 33.6703 0 0.0457 0.7601 0.59459 -13.2045 51.8879 32.6629 0 0 0 0 0 0.4391 198400000000 209700000000
 0.6700   393710 0.6800   402699      1       -1       -1       -1  0 1.93833e+11 1.81100e+11 131.045000 24.890000 66.640000  1 0.5800 100.780000 7.10366 38.21871 32.92643 120.260 138.440 77.800 3.049e+10 8.581e+10 4.237e+10 0.04228 546327 546327 676666 4116 55 546293 546336 24.8896 181130000000 200190000000 181130000000 0 0 18.7364 0 0.04741 0.25252 0.05987 -24.8031 46.9293 5.61594 0 0 0 0 0 0.3645 185100000000 133500000000
 0.6600   384759 0.6700   393710      1       -1       -1       -1  0 1.87500e+11 1.90700e+11 133.728000 38.609000 65.190000  1 0.5800 98.310000 7.01522 38.15375 32.89698 122.220 133.040 82.400 2.173e+10 2.292e+10 1.580e+11 0.05806 546328 546328 676666 3003 54 546293 546336 38.6088 190660000000 219260000000 142990000000 0 0 41.7769 0 0.07022 0.82327 0.38068 50.0409 0.18412 34.0903 0 0 0 0 0 0.3892 188600000000 219300000000
 0.6500   375710 0.6600   384759      1       -1       -1       -1  0 1.87500e+11 1.81100e+11 131.873000 38.453000 67.190000  1 0.5800 97.150000 6.98282 38.11875 32.87741 116.370 126.020 81.920 -3.599e+09 3.871e+10 1.656e+11 0.06766 546329 546329 676666 3046 53 546293 546336 38.4529 181130000000 209730000000 142990000000 0 0 47.2286 2.25 0.08128 0.70853 0.54891 47.0503 32.5441 23.9761 0 0 0 0 0 0.4009 182400000000 219300000000
 0.6400   366629 0.6500   375710      1       -1       -1       -1  0 1.87500e+11 1.90700e+11 134.561000 34.691000 69.180000  1 0.5800 100.550000 6.95057 38.08402 32.85779 113.430 122.610 79.930 -9.972e+09 7.476e+10 1.414e+11 0.05904 546330 546330 676666 3032 52 546293 546336 34.6913 190660000000 190660000000 162060000000 0 0 40.9646 3.08 0.07074 0.38514 0.00531 59.8825 1.30107 22.5602 0 0 0 0 0 0.4073 175400000000 190700000000
 0.6300   357515 0.6400   366629      1       -1       -1       -1  0 1.87500e+11 1.90700e+11 134.971000 33.709000 70.450000  1 0.5800 101.520000 6.91844 38.04954 32.83814 110.160 119.310 79.490 -1.302e+10 8.418e+10 1.346e+11 0.05838 546331 546331 676666 1897 51 546293 546336 33.7093 190660000000 190660000000 171590000000 19066000000 0 41.1386 0 0.07076 0.37956 0.06456 43.8668 -3.53718 21.7422 0 0 0 0 0 0.4237 172700000000 190700000000
 0.6200   348417 0.6300   357515      1       -1       -1       -1  0 1.81133e+11 1.81100e+11 133.081000 29.302000 69.400000  1 0.5800 101.910000 6.89047 38.02358 32.82013 105.730 119.130 75.160 2.040e+10 7.142e+10 7.961e+10 0.04369 546332 546332 676666 3029 50 546293 546336 29.3024 181130000000 200190000000 171590000000 19066000000 0 43.4392 0 0.05301 0.84139 0.52705 63.2818 6.5605 0.75547 0 0 0 0 0 0.4237 172200000000 171600000000
 0.6100   339285 0.6200   348417      1       -1       -1       -1  0 1.77933e+11 1.71600e+11 131.090000 33.098000 68.240000  1 0.5800 99.200000 6.86401 37.97790 32.78411 101.830 114.860 73.960 5.365e+09 6.658e+10 7.744e+10 0.04509 546333 546333 676666 3094 49 546293 546336 33.0978 171590000000 171590000000 152530000000 28599000000 0 38.7176 0 0.05486 0.32191 0.03663 65.7637 25.4687 7.39053 0.81658 0.21187 17.6391 23.6971 12.1352 0.4255 157600000000 171600000000
 0.6000   330132 0.6100   339285      1       -1       -1       -1  0 1.71600e+11 1.81100e+11 133.862000 47.199000 65.580000  1 0.5800 99.140000 6.85994 37.97540 32.78986 96.490 107.720 64.850 4.971e+10 1.606e+10 1.345e+11 0.06338 546334 546334 676666 4040 48 546293 546336 47.199 181130000000 190660000000 133460000000 38132000000 0 27.9957 5.05 0.0712 0.70041 0.1461 43.8819 -9.98853 10.8386 0 0 32.6848 1.37711 27.9961 0.3628 160900000000 228800000000
 0.5900   320945 0.6000   330132      1       -1       -1       -1  0 1.55700e+11 1.62100e+11 129.358000 50.485000 59.380000  1 0.5800 95.820000 6.82440 37.94465 32.76648 87.420 112.170 61.080 -2.893e+10 -2.732e+10 1.271e+11 0.06852 546335 546335 676666 1920 47 546293 546336 50.4852 162060000000 181130000000 123930000000 28599000000 0 33.884 9.71 0.07968 0.28084 0 53.3558 -31.0061 14.911 0.81922 0.38874 17.9318 9.45223 21.8307 0.354 166800000000 228800000000
 0.5800   311697 0.5900   320945      0       -1       -1       -1  0 1.23900e+11 1.23900e+11 118.625000 29.116000 62.750000  1 0.5800 91.160000 6.76269 37.87231 32.70980 90.900 97.490 76.070 2.764e+10 8.422e+10 2.240e+10 0.05515 546336 546336 676666 3144 46 546293 546336 29.1157 123930000000 133460000000 0 0 0 17.4441 0 0.08614 0.46181 0.13082 79.4561 -16.9868 0.87197 0 0 0 0 0 0.5583 148500000000 123900000000
