 1.0000   681061 0.0000       -1      1       -1       -1       -1  0 2.28800e+11 2.28800e+11 125.126000 7.449000 106.140000  1 0.5100 121.490000 58.10025 56.85216 18.53250 23.760 -297.540 138.940 -2.924e+11 -1.060e+10 -4.531e+10 0.08468 453378 453378 681061 6576 88 453377 453427 7.44945 228790000000 238320000000 190660000000 181130000000 95330000000 12.291 0 0.08247 0.61594 0.43687 9.65149 -7.91558 1.12812 0.56984 0.30936 10.3707 -6.7923 -0.8345 0.5638 367100000000 85800000000
 0.9900   672946 1.0000   681061      1       -1       -1       -1  0 2.28800e+11 2.28800e+11 125.653000 6.257000 109.330000  1 0.5100 128.020000 58.09356 56.88015 18.51787 24.150 -294.990 138.170 -2.863e+11 -8.856e+09 -4.484e+10 0.08354 453379 453379 681061 6642 87 453377 453427 6.25654 228790000000 238320000000 209730000000 171590000000 114400000000 14.729 0 0.08098 0.5177 0.44913 10.7482 -7.89519 1.79486 0.48672 0.34608 10.8097 -5.6856 0.42373 0.5759 375400000000 85800000000
 0.9800   664512 0.9900   672946      1       -1       -1       -1  0 2.28800e+11 2.28800e+11 126.180000 6.965000 108.900000  1 0.5100 124.760000 58.09343 56.91125 18.50245 24.430 -292.450 137.350 -2.806e+11 -8.229e+09 -4.316e+10 0.08376 453380 453380 681061 6744 86 453377 453427 6.96471 228790000000 238320000000 209730000000 171590000000 123930000000 14.6055 0 0.07957 0.56924 0.42637 11.934 -7.82501 3.03079 0.41507 0.29562 12.9716 -7.65024 2.33916 0.564 378200000000 76260000000
 0.9700   656122 0.9800   664512      1       -1       -1       -1  0 2.28800e+11 2.28800e+11 126.706000 6.777000 106.020000  1 0.5100 126.230000 58.08920 56.95028 18.49300 24.640 -289.900 136.480 -2.756e+11 -8.329e+09 -4.093e+10 0.08352 453381 453381 681061 5592 85 453377 453427 6.77701 228790000000 228790000000 209730000000 162060000000 114400000000 6.64466 0 0.07835 0.70877 0.45999 9.99748 -10.3861 -4.1095 0.42178 0.31295 11.6143 -9.1423 -1.15033 0.5446 375700000000 85800000000
 0.9600   647781 0.9700   656122      1       -1       -1       -1  0 2.28800e+11 2.28800e+11 127.231000 7.926000 101.870000  1 0.5100 121.480000 58.09182 56.97642 18.46868 24.820 -287.300 135.580 -2.716e+11 -8.539e+09 -3.895e+10 0.08197 453382 453382 681061 6687 84 453377 453427 7.92559 228790000000 228790000000 209730000000 171590000000 104860000000 16.7325 0 0.07738 0.75607 0.37385 -0.51702 2.56109 19.3222 0.75324 0.447 11.3026 -9.73205 -2.27088 0.5279 334400000000 95330000000
 0.9500   639454 0.9600   647781      1       -1       -1       -1  0 2.28800e+11 2.28800e+11 127.756000 9.055000 95.280000  1 0.5100 117.830000 58.08950 57.01987 18.45677 25.410 -288.420 135.930 -1.695e+11 2.032e+10 -1.975e+10 0.05304 453383 453383 681061 6697 83 453377 453427 9.05468 228790000000 228790000000 209730000000 181130000000 76264000000 10.404 0 0.0486 0.78601 0.73748 -4.26095 7.21412 11.9316 0.7215 0.60494 11.0986 -0.30151 -2.65363 0.4779 320600000000 85800000000
 0.9400   631139 0.9500   639454      1       -1       -1       -1  0 2.28800e+11 2.28800e+11 128.279000 10.970000 91.740000  1 0.5100 112.860000 58.08611 57.04462 18.44613 25.430 -285.270 134.890 -1.675e+11 2.026e+10 -1.975e+10 0.05128 453384 453384 681061 6698 82 453377 453427 10.9697 228790000000 228790000000 209730000000 162060000000 47665000000 11.1674 0 0.0482 0.94196 0.54891 -10.6013 16.1733 -4.2705 0.40355 0.14331 12.4844 -10.7204 5.71534 0.4712 299100000000 114400000000
 0.9300   622809 0.9400   631139      1       -1       -1       -1  0 2.25633e+11 2.28800e+11 128.802000 11.226000 87.150000  1 0.5100 112.730000 58.08313 57.07991 18.43056 25.430 -282.100 133.880 -1.657e+11 2.008e+10 -1.976e+10 0.05096 453385 453385 681061 6733 81 453377 453427 11.2262 228790000000 228790000000 219260000000 162060000000 66731000000 9.65791 0 0.04784 0.76905 0.33738 -10.8087 11.397 -14.7028 0.10963 0.02724 -18.6085 20.96 -12.7338 0.4448 300500000000 95330000000
 0.9200   614463 0.9300   622809      1       -1       -1       -1  0 2.25633e+11 2.19300e+11 127.501000 12.536000 82.020000  1 0.5100 108.470000 58.07851 57.11378 18.40181 23.660 -278.440 136.420 -1.017e+11 6.621e+09 1.304e+10 0.03401 453386 453386 681061 6737 80 453377 453427 12.5359 219260000000 228790000000 200190000000 171590000000 57198000000 15.955 0 0.0315 0.65174 0.32631 -10.5767 17.5255 3.22528 0.15586 0.0693 -8.32083 18.2534 3.71162 0.4136 286100000000 85800000000
 0.9100   606093 0.9200   614463      1       -1       -1       -1  0 2.25633e+11 1.90700e+11 122.187000 25.746000 79.220000  1 0.5100 90.570000 58.11486 57.13353 18.36209 25.500 -284.610 134.940 -3.890e+10 2.956e+10 -2.828e+10 0.01541 453387 453387 681061 6765 79 453377 453427 25.7463 190660000000 219260000000 123930000000 28599000000 0 56.3097 0 0.02193 0.51746 0.32904 47.1753 -25.7233 -37.4945 0.4547 0.12509 23.3236 6.09429 -15.8891 0.627 204400000000 152500000000
 0.9000   597716 0.9100   606093      1       -1       -1       -1  0 2.25633e+11 2.19300e+11 128.526000 14.467000 78.200000  1 0.5100 106.060000 58.07264 57.18515 18.38105 23.720 -273.220 134.150 -9.692e+10 7.271e+09 1.077e+10 0.03282 453388 453388 681061 6745 78 453377 453427 14.4674 219260000000 228790000000 200190000000 152530000000 47665000000 4.16731 0 0.03019 0.50718 0.34351 19.0206 -14.3877 0.40863 0.27217 0.02131 18.353 -12.9536 0.99041 0.3849 277200000000 123900000000
 0.8900   589303 0.9000   597716      1       -1       -1       -1  0 2.25633e+11 2.19300e+11 129.036000 13.279000 78.180000  1 0.5100 108.520000 58.07724 57.22239 18.37554 24.850 -270.000 129.410 -1.516e+11 1.733e+10 -2.400e+10 0.04971 453389 453389 681061 6878 77 453377 453427 13.2788 219260000000 228790000000 200190000000 162060000000 38132000000 15.508 0 0.04786 0.61635 0.2212 18.4601 -7.83441 5.07004 0.36416 0.16259 9.42272 -8.14302 -0.23104 0.4047 271800000000 95330000000
 0.8800   580916 0.8900   589303      1       -1       -1       -1  0 2.25633e+11 2.19300e+11 129.544000 16.591000 76.350000  1 0.5100 104.080000 58.07425 57.25853 18.35961 24.900 -266.430 128.470 -1.501e+11 1.672e+10 -2.338e+10 0.04876 453390 453390 681061 6776 76 453377 453427 16.5913 219260000000 228790000000 200190000000 142990000000 38132000000 16.6548 0 0.04753 0.41611 0.15599 17.6286 -5.20281 7.33509 0.52181 0.08487 9.49079 -2.47225 6.46207 0.3978 256600000000 143000000000
 0.8700   572442 0.8800   580916      1       -1       -1       -1  0 2.25633e+11 2.19300e+11 130.051000 18.944000 73.380000  1 0.5100 101.980000 58.07117 57.27867 18.33237 23.810 -264.410 130.430 -9.798e+10 7.952e+09 7.999e+09 0.03119 453391 453391 681061 5927 75 453377 453427 18.9442 219260000000 228790000000 181130000000 85797000000 28599000000 21.8062 0 0.03079 0.69775 0.13984 8.65377 -7.5117 15.5266 0.40344 0.00113 6.93004 -5.74139 11.0803 0.3834 243500000000 123900000000
 0.8600   563983 0.8700   572442      1       -1       -1       -1  0 2.25633e+11 2.19300e+11 130.557000 19.152000 73.020000  1 0.5100 102.250000 58.06145 57.32042 18.30729 23.790 -261.330 129.210 -9.834e+10 7.916e+09 7.553e+09 0.03250 453392 453392 681061 7004 74 453377 453427 19.1524 219260000000 219260000000 200190000000 114400000000 38132000000 15.4481 0 0.03101 0.44093 0.3293 -11.9638 12.3237 -7.73645 0.36639 0.18348 -8.29156 8.64333 -7.52158 0.3628 228500000000 143000000000
 0.8500   555543 0.8600   563983      1       -1       -1       -1  0 2.25633e+11 2.00200e+11 127.145000 10.859000 77.020000  1 0.5100 111.550000 58.05442 57.38639 18.29417 27.340 -260.760 126.050 -6.586e+10 5.058e+10 -1.501e+10 0.03558 453393 453393 681061 6948 73 453377 453427 10.859 200190000000 219260000000 181130000000 142990000000 66731000000 8.22381 0 0.0309 0.6865 0.48273 15.0406 1.5138 16.0282 0.5737 0.14867 16.8833 -0.18946 0.34821 0.3506 257100000000 95330000000
 0.8400   547043 0.8500   555543      1       -1       -1       -1  0 2.25633e+11 2.09700e+11 129.626000 9.734000 77.520000  1 0.5100 117.380000 58.04303 57.42188 18.26847 27.190 -256.830 124.680 -7.488e+10 5.355e+10 -1.445e+10 0.03723 453394 453394 681061 7010 72 453377 453427 9.73442 209730000000 209730000000 181130000000 142990000000 57198000000 1.89773 0.58 0.0317 0.70513 0.32447 3.7354 -0.84819 13.0588 0.79139 0.21637 0.02625 2.48183 9.47406 0.3365 259600000000 95330000000
 0.8300   538523 0.8400   547043      1       -1       -1       -1  0 2.25633e+11 1.90700e+11 126.050000 7.691000 82.710000  1 0.5100 120.490000 58.03904 57.46877 18.25455 25.970 -255.990 124.830 -5.606e+09 4.110e+10 8.554e+09 0.02048 453395 453395 681061 7007 71 453377 453427 7.69097 190660000000 209730000000 181130000000 133460000000 95330000000 12.3166 0 0.01696 0.75352 0.26199 9.32756 -8.62481 15.8497 0.85956 0.33705 -4.50643 16.5057 4.63625 0.3645 285700000000 76260000000
 0.8200   529930 0.8300   538523      1       -1       -1       -1  0 2.25633e+11 1.90700e+11 126.524000 12.225000 83.770000  1 0.5100 107.970000 58.04739 57.48080 18.22305 27.630 -251.750 120.370 -1.670e+10 -1.026e+09 -1.189e+10 0.00860 453396 453396 681061 6010 70 453377 453427 12.2253 190660000000 219260000000 181130000000 123930000000 57198000000 19.9451 0 0.00825 0.30816 0.23237 -11.3744 20.9734 11.6462 0.26403 0.10595 -10.4134 12.2096 13.7456 0.4388 222500000000 104900000000
 0.8100   521281 0.8200   529930      1       -1       -1       -1  0 2.25633e+11 2.00200e+11 129.079000 7.926000 82.530000  1 0.5100 123.290000 58.04034 57.54521 18.21695 26.610 -244.940 120.850 -6.474e+10 5.070e+10 -1.159e+10 0.03678 453397 453397 681061 7057 69 453377 453427 7.92551 200190000000 209730000000 162060000000 142990000000 95330000000 11.0589 0 0.03091 0.96453 0.59153 -7.01021 10.6458 5.79218 0.86878 0.53334 10.8248 -5.94296 6.49105 0.3627 258300000000 85800000000
 0.8000   512598 0.8100   521281      1       -1       -1       -1  0 2.25633e+11 2.00200e+11 129.556000 9.495000 74.720000  1 0.5100 118.270000 58.03345 57.58841 18.19629 28.390 -241.820 117.470 -7.822e+10 1.336e+09 -3.454e+10 0.03766 453398 453398 681061 6084 68 453377 453427 9.49484 200190000000 200190000000 162060000000 142990000000 85797000000 8.26988 0 0.03197 0.94887 0.63154 -5.65584 11.937 2.58858 0.79436 0.43925 -7.54972 7.84239 -5.80958 0.3197 263100000000 85800000000
 0.7900   503956 0.8000   512598      1       -1       -1       -1  0 2.25633e+11 2.00200e+11 130.031000 10.531000 71.790000  1 0.5100 115.890000 58.02755 57.62418 18.17069 27.790 -234.310 115.900 -7.904e+10 -2.163e+09 -3.332e+10 0.03731 453399 453399 681061 7071 67 453377 453427 10.5312 200190000000 200190000000 171590000000 142990000000 66731000000 4.47427 4.16 0.03222 0.7028 0.49743 6.46962 19.8966 17.3055 0.86518 0.29868 -3.58456 18.4954 10.6228 0.3091 245000000000 85800000000
 0.7800   495320 0.7900   503956      1       -1       -1       -1  0 2.25633e+11 1.81100e+11 126.222000 11.448000 70.240000  1 0.5100 109.610000 58.02268 57.66359 18.14891 27.190 -234.120 114.640 3.559e+10 -6.316e+08 -1.537e+10 0.02033 453400 453400 681061 6042 66 453377 453427 11.4477 181130000000 200190000000 171590000000 162060000000 38132000000 3.70042 0 0.01728 0.66271 0.30831 6.78927 11.7086 14.6486 0.37306 0.08497 4.08576 11.4034 20.1849 0.3015 243000000000 76260000000
 0.7700   486638 0.7800   495320      1       -1       -1       -1  0 2.25633e+11 1.81100e+11 126.676000 11.447000 69.220000  1 0.5100 110.210000 58.02777 57.71313 18.13508 26.950 -230.550 113.520 3.550e+10 -3.162e+08 -1.530e+10 0.02051 453401 453401 681061 7097 65 453377 453427 11.4475 181130000000 181130000000 171590000000 142990000000 47665000000 13.5316 0 0.01731 0.73754 0.38837 14.0645 12.9117 10.104 0.89608 0.4515 14.6247 -8.10879 -3.86414 0.2906 224700000000 66730000000
 0.7600   477936 0.7700   486638      1       -1       -1       -1  0 2.25633e+11 1.71600e+11 124.857000 10.588000 68.010000  1 0.5100 110.400000 58.02260 57.73093 18.09333 29.250 -228.280 113.610 3.982e+10 2.056e+10 -1.459e+09 0.02279 453402 453402 681061 7137 64 453377 453427 10.5882 171590000000 181130000000 171590000000 104860000000 0 28.5499 0 0.02208 0.70478 0.34934 -6.2993 30.0633 17.5212 0.87446 0.24854 -17.3608 12.3249 12.6592 0.3471 244800000000 38130000000
 0.7500   469216 0.7600   477936      1       -1       -1       -1  0 2.25633e+11 1.71600e+11 125.298000 11.683000 68.700000  1 0.5100 108.500000 58.01809 57.77497 18.07029 28.970 -223.950 111.770 3.850e+10 2.150e+10 -6.218e+08 0.02238 453403 453403 681061 7150 63 453377 453427 11.6828 171590000000 181130000000 171590000000 114400000000 19066000000 29.8477 0 0.02182 0.95882 0.23759 14.0029 22.7317 10.8763 0.30073 0.04559 18.3617 3.3766 6.43196 0.3529 233400000000 47660000000
 0.7400   460416 0.7500   469216      1       -1       -1       -1  0 2.25633e+11 1.81100e+11 128.022000 10.744000 66.810000  1 0.5100 113.800000 58.01480 57.84046 18.07741 24.170 -216.670 111.680 -1.216e+10 1.524e+10 -3.677e+10 0.02164 453404 453404 681061 7167 62 453377 453427 10.7442 181130000000 181130000000 162060000000 142990000000 9533000000 13.9049 0 0.01891 0.72541 0.48807 -17.2991 19.5039 -3.07925 0.78894 0.02609 23.7853 -9.97766 9.46585 0.2842 232800000000 66730000000
 0.7300   451594 0.7400   460416      1       -1       -1       -1  0 2.25633e+11 1.81100e+11 128.464000 16.776000 62.500000  1 0.5100 103.910000 58.00873 57.86511 18.02296 25.650 -215.480 108.940 3.414e+10 2.814e+09 -1.246e+10 0.01780 453405 453405 681061 6132 61 453377 453427 16.776 181130000000 181130000000 171590000000 95330000000 19066000000 31.5624 0 0.01665 0.36809 0.1919 -12.4904 27.7778 18.9567 0.72361 0.07764 0.14893 -0.39078 14.414 0.284 208300000000 95330000000
 0.7200   442750 0.7300   451594      1       -1       -1       -1  0 2.25633e+11 1.81100e+11 128.904000 18.261000 63.370000  1 0.5100 102.860000 58.00389 57.91124 17.99867 25.190 -211.500 107.840 3.325e+10 3.637e+09 -1.144e+10 0.01725 453406 453406 681061 7240 60 453377 453427 18.2613 181130000000 181130000000 171590000000 123930000000 19066000000 32.3552 0 0.01623 0.23963 0.09859 -4.38002 14.1535 17.1491 0.23751 0.05099 -1.90934 7.92883 11.0442 0.2893 191600000000 123900000000
 0.7100   433847 0.7200   442750      1       -1       -1       -1  0 2.25633e+11 1.81100e+11 129.339000 15.086000 65.510000  1 0.5100 107.400000 57.99081 57.97664 17.99850 24.670 -207.420 106.800 3.251e+10 4.359e+09 -1.042e+10 0.01882 453407 453407 681061 6187 59 453377 453427 15.0858 181130000000 181130000000 181130000000 142990000000 57198000000 8.20257 0 0.01589 0.683 0.24546 -8.00616 18.3614 14.1301 0.02726 0 -10.757 17.5408 24.6985 0.257 206300000000 104900000000
 0.7000   424878 0.7100   433847      1       -1       -1       -1  0 2.25633e+11 1.81100e+11 129.771000 13.841000 65.140000  1 0.5100 110.040000 57.98894 58.02671 17.97637 24.050 -203.250 105.820 3.213e+10 5.041e+09 -9.545e+09 0.01871 453408 453408 681061 7285 58 453377 453427 13.8407 181130000000 181130000000 181130000000 133460000000 57198000000 12.2346 0 0.01573 0.95862 0.30787 -10.7939 18.477 -0.05521 0.91192 0.21523 -5.27157 15.8499 10.9952 0.2515 201000000000 95330000000
 0.6900   415880 0.7000   424878      1       -1       -1       -1  0 2.25633e+11 2.09700e+11 136.720000 26.936000 62.770000  1 0.5100 104.070000 57.98630 58.04862 17.91595 23.880 -197.880 106.050 -2.032e+10 1.320e+10 -2.609e+10 0.01371 453409 453409 681061 7294 57 453377 453427 26.9357 209730000000 219260000000 181130000000 95330000000 19066000000 17.1561 0 0.01301 0.07562 0.0101 5.71194 12.0285 26.0868 0.06998 0 4.26865 6.23016 17.613 0.2528 191500000000 162100000000
 0.6800   406877 0.6900   415880      1       -1       -1       -1  0 2.25633e+11 2.09700e+11 137.166000 24.852000 65.450000  1 0.5100 105.950000 57.98395 58.09547 17.90083 23.230 -194.610 104.340 -1.989e+10 1.235e+10 -2.589e+10 0.01401 453410 453410 681061 7366 56 453377 453427 24.8517 209730000000 219260000000 190660000000 123930000000 9533000000 16.3822 0 0.01283 0.72712 0.32694 -2.33457 18.7338 21.9746 0.41567 0.15407 4.14567 18.6332 22.7322 0.2536 201700000000 162100000000
 0.6700   397874 0.6800   406877      1       -1       -1       -1  0 2.25633e+11 2.09700e+11 137.608000 15.793000 71.330000  1 0.5100 115.720000 57.97844 58.14489 17.87427 22.570 -191.170 102.630 -1.925e+10 1.174e+10 -2.633e+10 0.01424 453411 453411 681061 7336 55 453377 453427 15.7927 209730000000 209730000000 200190000000 114400000000 47665000000 16.1754 0 0.01282 0.68064 0.33635 3.07113 17.9151 21.0945 0.63823 0.04989 7.97756 15.9831 14.2972 0.2802 223900000000 114400000000
 0.6600   388955 0.6700   397874      1       -1       -1       -1  0 2.25633e+11 2.00200e+11 135.921000 7.477000 74.730000  1 0.5100 137.140000 57.95083 58.21335 17.85939 20.430 -184.840 101.740 8.615e+09 2.564e+10 -2.733e+10 0.01905 453412 453412 681061 7386 54 453377 453427 7.4771 200190000000 200190000000 200190000000 123930000000 114400000000 12.9382 0 0.01545 0.81364 0.46591 20.2681 7.83416 -7.41378 0.76678 0.42778 17.5742 11.8777 -1.98716 0.264 286600000000 47660000000
 0.6500   379930 0.6600   388955      1       -1       -1       -1  0 2.25633e+11 2.00200e+11 136.347000 11.146000 71.780000  1 0.5100 124.490000 57.94025 58.26407 17.83293 22.830 -183.190 95.920 2.340e+10 1.174e+10 -6.857e+09 0.01333 453413 453413 681061 6336 53 453377 453427 11.1462 200190000000 209730000000 200190000000 142990000000 85797000000 17.6015 0 0.01094 0.66457 0.56944 23.1255 -8.66874 -16.2113 0.72059 0.42658 20.1975 -12.0722 -9.22843 0.2512 227500000000 95330000000
 0.6400   370864 0.6500   379930      1       -1       -1       -1  0 2.25633e+11 2.09700e+11 138.905000 13.757000 72.250000  1 0.5100 121.660000 57.93581 58.31446 17.80399 20.320 -179.770 97.510 -1.496e+10 1.152e+10 -2.903e+10 0.01582 453414 453414 681061 6208 52 453377 453427 13.7568 209730000000 209730000000 200190000000 171590000000 47665000000 18.7399 0 0.01304 0.82191 0.51348 20.5897 -19.0272 -9.5183 0.82408 0.49449 22.5379 -14.9509 1.28845 0.2494 241000000000 114400000000
 0.6300   361761 0.6400   370864      1       -1       -1       -1  0 2.25633e+11 2.28800e+11 143.428000 15.513000 72.540000  1 0.5100 123.630000 57.94826 58.33854 17.76254 21.450 -180.130 99.150 -7.770e+10 -8.635e+09 -2.945e+10 0.03231 453415 453415 681061 7469 51 453377 453427 15.5125 228790000000 228790000000 209730000000 181130000000 66731000000 6.14456 0 0.02738 0.49725 0.25853 -12.2923 37.6748 11.9218 0.38385 0.12666 -8.25653 33.9321 5.4436 0.2475 259100000000 114400000000
 0.6200   352664 0.6300   361761      1       -1       -1       -1  0 2.25633e+11 2.19300e+11 141.832000 9.672000 74.920000  1 0.5100 136.870000 57.92573 58.41505 17.73547 19.820 -172.780 97.190 -4.927e+10 3.002e+08 -2.056e+10 0.02381 453416 453416 681061 7438 50 453377 453427 9.67161 219260000000 219260000000 209730000000 171590000000 95330000000 18.1989 0 0.01891 0.72453 0.3109 -8.53848 12.9821 5.25567 0.84195 0.39479 13.3482 -3.58414 0.99251 0.242 243700000000 85800000000
 0.6100   343532 0.6200   352664      1       -1       -1       -1  0 2.25633e+11 2.28800e+11 144.283000 14.999000 76.800000  1 0.5100 126.340000 57.93407 58.44412 17.69645 24.750 -174.070 97.590 -1.044e+11 -1.565e+10 -2.141e+10 0.04152 453417 453417 681061 7460 49 453377 453427 14.9991 228790000000 228790000000 228790000000 200190000000 38132000000 5.42942 0 0.03577 0.20096 0.18083 -12.8848 34.2948 14.1323 0.13803 0.02793 -11.6537 33.0261 7.57355 0.2733 275200000000 104900000000
 0.6000   334400 0.6100   343532      1       -1       -1       -1  0 2.25633e+11 2.28800e+11 144.702000 15.900000 70.650000  1 0.5100 125.700000 57.92596 58.49468 17.65146 24.130 -170.960 95.860 -1.036e+11 -1.668e+10 -1.995e+10 0.04194 453418 453418 681061 7504 48 453377 453427 15.9 228790000000 238320000000 228790000000 181130000000 19066000000 18.8767 0 0.03571 0.32185 0.21493 -10.7248 30.0674 22.3592 0.05878 0.00712 -6.58448 27.7398 30.5022 0.2376 250600000000 123900000000
 0.5900   325237 0.6000   334400      1       -1       -1       -1  0 2.19267e+11 2.19300e+11 143.071000 12.309000 71.230000  1 0.5100 131.860000 57.92369 58.54855 17.61716 19.740 -170.370 95.380 -1.160e+11 -1.571e+10 -1.237e+10 0.05275 453419 453419 681061 7529 47 453377 453427 12.3087 219260000000 219260000000 200190000000 190660000000 57198000000 8.05511 0 0.04255 0.53388 0.27089 6.04599 26.0358 19.6574 0.21669 0.08239 11.7844 35.0479 22.476 0.2203 276100000000 85800000000
 0.5800   315993 0.5900   325237      1       -1       -1       -1  0 2.12900e+11 2.09700e+11 141.363000 11.174000 74.680000  1 0.5100 133.560000 57.91358 58.61234 17.60525 19.360 -167.720 96.980 -8.189e+10 -5.589e+09 -1.062e+10 0.03955 453420 453420 681061 7520 46 453377 453427 11.1745 209730000000 228790000000 200190000000 190660000000 9533000000 21.9557 0 0.03245 0.6743 0.49448 -4.33907 15.5674 25.6654 0.4485 0.08353 -6.89855 22.4805 17.9069 0.2446 269400000000 66730000000
 0.5700   306762 0.5800   315993      1       -1       -1       -1  0 2.06533e+11 2.09700e+11 141.752000 10.059000 76.560000  1 0.5100 138.230000 57.90651 58.67006 17.57407 17.900 -166.600 93.800 -7.539e+10 -8.471e+09 -9.584e+09 0.03623 453421 453421 681061 7525 45 453377 453427 10.0588 209730000000 209730000000 200190000000 190660000000 0 24.0196 2.26 0.0302 0.71507 0.52842 -13.5791 1.20619 31.8802 0.10273 0.0175 -6.61354 5.73821 31.6931 0.2608 282400000000 28600000000
 0.5600   297522 0.5700   306762      1       -1       -1       -1  0 2.03367e+11 2.00200e+11 139.948000 11.039000 76.070000  1 0.5100 133.540000 57.89257 58.72657 17.54018 18.060 -163.270 91.360 -8.780e+10 -2.369e+09 3.907e+09 0.04368 453422 453422 681061 7549 44 453377 453427 11.0386 200190000000 200190000000 200190000000 190660000000 0 23.7036 0 0.0378 0.76992 0.3529 22.803 17.3207 -26.0434 0.28568 0 1.93382 33.5653 -22.5016 0.2788 273400000000 38130000000
 0.5500   288276 0.5600   297522      1       -1       -1       -1  0 2.00200e+11 2.00200e+11 140.320000 13.149000 67.410000  1 0.5100 129.170000 57.88490 58.78598 17.50847 18.120 -159.870 88.960 -8.684e+10 -2.225e+09 4.571e+09 0.04182 453423 453423 681061 7536 43 453377 453427 13.1488 200190000000 200190000000 200190000000 190660000000 0 25.926 0 0.03769 0.9027 0.42542 -29.8382 3.8816 31.4151 0.44144 0 -20.5212 23.9239 37.3216 0.2515 247000000000 38130000000
 0.5400   279059 0.5500   288276      1       -1       -1       -1  0 2.00200e+11 2.00200e+11 140.684000 17.380000 56.900000  1 0.5100 122.700000 57.88600 58.84407 17.44949 18.980 -152.560 88.800 -5.290e+10 1.388e+09 -2.551e+10 0.02889 453424 453424 681061 7600 42 453377 453427 17.3799 200190000000 200190000000 200190000000 162060000000 0 6.17106 0 0.02566 0.76202 0.13957 -19.3565 24.6074 32.6285 0.63908 0.20398 -12.5189 26.2646 32.496 0.19 212600000000 95330000000
 0.5300   269815 0.5400   279059      1       -1       -1       -1  0 1.93833e+11 2.00200e+11 141.042000 28.627000 54.660000  1 0.5100 113.760000 57.86940 58.90721 17.44416 18.490 -149.830 86.030 -5.134e+10 6.496e+08 -2.401e+10 0.02519 453425 453425 681061 7517 41 453377 453427 28.6272 200190000000 200190000000 190660000000 0 0 34.2568 0 0.02495 0.69551 0.02296 3.0912 40.502 41.3506 0 0 0 0 0 0.2137 184600000000 181100000000
 0.5200   260578 0.5300   269815      1       -1       -1       -1  0 1.84300e+11 1.81100e+11 136.753000 34.005000 51.190000  1 0.5100 108.250000 57.86566 58.97903 17.41360 20.090 -146.510 80.530 -3.903e+10 2.773e+10 -5.228e+09 0.02393 453426 453426 681061 6332 40 453377 453427 34.0052 181130000000 181130000000 142990000000 0 0 35.262 0 0.02526 0.17824 0.01958 21.9155 50.4295 44.5674 0 0 0 0 0 0.2253 165400000000 181100000000
 0.5100   251295 0.5200   260578      0       -1       -1       -1  0 1.71600e+11 1.71600e+11 134.637000 50.136000 49.740000  1 0.5100 104.120000 57.87436 59.04562 17.38295 24.940 -138.870 72.020 -5.963e+10 9.112e+09 -1.781e+10 0.03150 453427 453427 681061 6238 39 453377 453427 50.1356 171590000000 171590000000 76264000000 0 0 32.3547 10.53 0.03641 0.1848 0.04953 -3.9269 28.9908 59.4851 0 0 0 0 0 0.2656 154100000000 209700000000
