 1.0000   678618 0.0000       -1      1       -1       -1       -1  0 1.55400e+12 1.55400e+12 236.960000 22.391000 186.010000  1 0.2300 192.470000 46.36471 25.53356 36.77496 82.140 323.410 39.750 9.233e+11 -2.311e+12 -2.005e+11 0.02653 180833 180833 678618 4133 88 180832 180910 30.1176 1553900000000 1696900000000 1372800000000 972370000000 295520000000 10.0271 14.29 0.02855 0.90859 0.73925 -8.91149 17.7719 26.0596 0.80088 0.76096 -11.647 15.1935 18.1072 0.592 1796000000000 762600000000
 0.9900   670475 1.0000   678618      1       -1       -1       -1  0 1.52867e+12 1.46800e+12 233.495000 24.296000 183.500000  1 0.2300 192.290000 46.35828 25.50014 36.77172 80.850 319.510 36.350 9.685e+11 -2.217e+12 -5.910e+11 0.03040 180834 180834 678618 4164 87 180832 180910 27.5282 1468100000000 1687300000000 1325100000000 962830000000 295520000000 16.4385 10.91 0.0314 0.94791 0.78197 -9.8095 21.4522 14.8464 0.75305 0.69978 -12.4452 16.7408 10.0068 0.571 1732000000000 810300000000
 0.9800   662082 0.9900   670475      1       -1       -1       -1  0 1.52867e+12 1.43900e+12 232.941000 31.277000 180.680000  1 0.2300 194.250000 46.33941 25.47545 36.76768 72.770 316.890 37.020 9.317e+11 -1.561e+12 -1.014e+12 0.02794 180835 180835 678618 4190 86 180832 180910 25.7112 1458500000000 1668300000000 1277400000000 1010500000000 333650000000 9.42186 10.61 0.0272 0.93117 0.71269 -10.1423 -3.79535 17.1102 0.72088 0.64864 -7.02264 7.41069 13.3519 0.5355 1736000000000 1020000000000
 0.9700   653727 0.9800   662082      1       -1       -1       -1  0 1.52867e+12 1.45900e+12 234.940000 24.544000 181.800000  1 0.2300 193.940000 46.33542 25.44279 36.76224 74.000 310.600 35.290 1.055e+12 -1.249e+12 -8.673e+11 0.02432 180836 180836 678618 7138 85 180832 180910 27.0785 1477600000000 1649200000000 1258400000000 991430000000 448050000000 11.1912 10.06 0.02373 0.7387 0.71005 -9.79059 -9.42657 19.5658 0.76904 0.7016 -4.34107 -3.87629 18.2844 0.536 1708000000000 781700000000
 0.9600   645404 0.9700   653727      1       -1       -1       -1  0 1.52867e+12 1.46800e+12 236.427000 22.330000 183.820000  1 0.2300 201.730000 46.32335 25.40110 36.75399 76.440 308.470 29.900 6.964e+11 -9.167e+11 -8.756e+11 0.01908 180837 180837 678618 4157 84 180832 180910 23.265 1468100000000 1601500000000 1229800000000 953300000000 476650000000 6.88699 7.68 0.0184 0.771 0.76318 -11.8854 -13.576 16.2862 0.95874 0.82732 15.5804 10.0378 -0.30894 0.5327 1677000000000 753100000000
 0.9500   637092 0.9600   645404      1       -1       -1       -1  0 1.52867e+12 1.43900e+12 235.850000 23.604000 183.880000  1 0.2300 203.320000 46.31308 25.36566 36.75025 78.470 309.500 26.130 4.914e+11 -8.186e+11 -8.491e+11 0.01786 180838 180838 678618 4175 83 180832 180910 22.0885 1439500000000 1601500000000 1201200000000 934230000000 467120000000 6.56616 3.74 0.01685 0.71895 0.68579 -10.1976 -14.741 21.2349 0.82844 0.68747 3.0254 -11.5467 17.2334 0.5232 1631000000000 781700000000
 0.9400   628790 0.9500   637092      1       -1       -1       -1  0 1.52867e+12 1.43900e+12 236.816000 29.201000 185.070000  1 0.2300 205.810000 46.30912 25.32352 36.74707 78.770 304.660 27.040 3.323e+11 -1.094e+12 -7.907e+11 0.01967 180839 180839 678618 4179 82 180832 180910 21.3388 1439500000000 1582500000000 1182100000000 924700000000 495720000000 10.0473 9.43 0.01839 0.74587 0.67945 -6.9633 -8.26249 17.6124 0.86517 0.68386 1.90584 -6.50117 14.4894 0.52 1605000000000 896100000000
 0.9300   620471 0.9400   628790      1       -1       -1       -1  0 1.52867e+12 1.43000e+12 237.255000 25.840000 181.590000  1 0.2300 199.250000 46.30458 25.27961 36.74641 75.290 304.250 27.950 3.745e+11 -1.137e+12 -8.091e+11 0.02047 180840 180840 678618 4233 81 180832 180910 24.8001 1429900000000 1563400000000 1182100000000 934230000000 467120000000 13.2501 10.19 0.01939 0.77503 0.59648 -8.57457 -8.30132 16.8395 0.8522 0.63674 -2.05729 -8.37953 13.5622 0.5173 1548000000000 819800000000
 0.9200   612130 0.9300   620471      1       -1       -1       -1  0 1.52867e+12 1.41100e+12 237.152000 23.728000 174.340000  1 0.2300 199.580000 46.28833 25.24915 36.74615 77.060 307.120 28.550 6.267e+11 -1.105e+12 -7.715e+11 0.02172 180841 180841 678618 4192 80 180832 180910 24.4775 1410900000000 1582500000000 1191600000000 924700000000 486180000000 6.29184 14.73 0.02047 0.66865 0.51718 -13.7005 -13.4864 26.6544 0.72449 0.60875 -7.18858 -14.7918 18.2633 0.4953 1524000000000 724500000000
 0.9100   603769 0.9200   612130      1       -1       -1       -1  0 1.52867e+12 1.41100e+12 238.105000 28.733000 170.190000  1 0.2300 197.070000 46.27862 25.21537 36.74499 77.400 302.600 22.480 4.496e+11 -1.091e+12 -8.370e+11 0.02123 180842 180842 678618 4259 79 180832 180910 26.4916 1410900000000 1582500000000 1182100000000 886570000000 343190000000 7.17501 9.81 0.02 0.67787 0.51695 -12.4229 -11.477 24.9809 0.70105 0.60848 7.02896 16.065 -15.0009 0.4805 1523000000000 848400000000
 0.9000   595398 0.9100   603769      1       -1       -1       -1  0 1.52867e+12 1.43000e+12 240.129000 35.028000 168.070000  1 0.2300 195.090000 46.26649 25.17771 36.74930 74.850 300.700 16.140 -1.924e+11 -1.052e+12 -7.597e+11 0.01873 180843 180843 678618 4216 78 180832 180910 29.1636 1429900000000 1649200000000 1182100000000 924700000000 285990000000 1.75599 7.47 0.01779 0.68405 0.49653 -13.5821 -8.80922 30.7159 0.82194 0.59337 -10.1395 -11.9394 19.8869 0.4743 1497000000000 962800000000
 0.8900   586990 0.9000   595398      1       -1       -1       -1  0 1.52867e+12 1.40100e+12 239.464000 35.331000 166.850000  1 0.2300 195.990000 46.25903 25.13984 36.74397 73.430 292.380 12.980 -4.003e+11 -9.182e+11 -9.036e+11 0.02020 180844 180844 678618 4294 77 180832 180910 28.0011 1401400000000 1658700000000 1144000000000 867500000000 333650000000 7.62915 7.2 0.01899 0.69189 0.45436 -12.4376 -5.22444 30.1882 0.82137 0.54529 -8.24709 5.43011 20.645 0.4677 1435000000000 962800000000
 0.8800   578610 0.8900   586990      1       -1       -1       -1  0 1.52867e+12 1.40100e+12 240.408000 34.188000 164.820000  1 0.2300 197.750000 46.24392 25.10026 36.73200 69.730 291.740 13.370 -7.343e+11 -1.061e+12 -9.907e+11 0.02480 180845 180845 678618 182 76 180832 180910 27.408 1401400000000 1639700000000 1115400000000 838900000000 352720000000 9.79853 7.36 0.02299 0.65378 0.48939 -10.0285 -0.94788 29.1508 0.69632 0.54865 -4.90447 3.41514 21.9846 0.4523 1388000000000 924700000000
 0.8700   570152 0.8800   578610      1       -1       -1       -1  0 1.52867e+12 1.43900e+12 243.518000 32.513000 164.250000  1 0.2300 194.840000 46.23715 25.05748 36.73538 65.680 288.260 7.990 -8.917e+11 -1.043e+12 -9.985e+11 0.02448 180846 180846 678618 3301 75 180832 180910 31.8448 1439500000000 1677800000000 1124900000000 877040000000 381320000000 7.3493 9.27 0.02302 0.74156 0.54753 -4.05005 10.3734 30.846 0.78122 0.4437 1.58768 14.8737 19.5189 0.4514 1429000000000 896100000000
 0.8600   561696 0.8700   570152      1       -1       -1       -1  0 1.52867e+12 1.45900e+12 245.539000 33.055000 163.380000  1 0.2300 195.050000 46.21984 25.01891 36.72876 64.280 285.070 7.910 -1.225e+12 -1.492e+12 -1.085e+12 0.03089 180847 180847 678618 4301 74 180832 180910 33.331 1468100000000 1649200000000 1096300000000 848440000000 371790000000 16.836 9.52 0.02949 0.76279 0.54575 -0.02273 4.59348 36.41 0.93367 0.44448 15.1378 0.03618 22.1522 0.4524 1418000000000 877000000000
 0.8500   553262 0.8600   561696      1       -1       -1       -1  0 1.52867e+12 1.48700e+12 248.086000 34.028000 161.070000  1 0.2300 195.090000 46.21773 24.97482 36.73231 62.190 282.060 7.830 -1.163e+12 -1.013e+12 -1.135e+12 0.02624 180848 180848 678618 4334 73 180832 180910 35.592 1487100000000 1677800000000 1105800000000 800770000000 333650000000 9.70637 9.41 0.02479 0.81741 0.53486 -2.82556 0.57804 30.3628 0.86177 0.59022 -8.56478 18.8248 -7.06403 0.4348 1449000000000 848400000000
 0.8400   544758 0.8500   553262      1       -1       -1       -1  0 1.52867e+12 1.47800e+12 248.502000 47.755000 157.620000  1 0.2300 192.490000 46.19751 24.94057 36.72969 58.840 279.470 8.260 -1.057e+12 -9.041e+11 -1.144e+12 0.02503 180849 180849 678618 4368 72 180832 180910 38.8787 1477600000000 1668300000000 1144000000000 781710000000 314590000000 15.0746 10.29 0.02366 0.69394 0.52596 0.4264 -15.0097 20.6055 0.67216 0.58395 -6.59363 15.6336 -10.8333 0.4235 1446000000000 1144000000000
 0.8300   536246 0.8400   544758      1       -1       -1       -1  0 1.52867e+12 1.49700e+12 250.514000 52.768000 155.960000  1 0.2300 186.680000 46.18653 24.89727 36.73413 48.100 280.610 10.200 -1.979e+11 -7.938e+11 -9.702e+11 0.01727 180850 180850 678618 4357 71 180832 180910 50.489 1496700000000 1677800000000 1201200000000 743570000000 362250000000 17.1376 14.55 0.01639 0.68208 0.5675 -0.68168 -17.1897 20.7747 0.73642 0.51434 -8.05092 13.787 -9.48252 0.4158 1452000000000 1296000000000
 0.8200   527649 0.8300   536246      1       -1       -1       -1  0 1.52867e+12 1.51600e+12 252.520000 54.765000 154.060000  1 0.2300 183.780000 46.18360 24.84186 36.74163 44.890 283.370 16.390 -2.525e+11 -7.225e+11 -1.039e+12 0.01718 180851 180851 678618 3348 70 180832 180910 61.9537 1515700000000 1668300000000 1134400000000 724510000000 343190000000 17.2622 18.79 0.01638 0.64779 0.5523 -5.9877 -16.8995 23.0378 0.57856 0.48415 -3.72188 -15.0306 15.3811 0.4081 1421000000000 1316000000000
 0.8100   519007 0.8200   527649      1       -1       -1       -1  0 1.52867e+12 1.52500e+12 253.993000 132.647000 151.170000  1 0.2300 183.030000 46.17285 24.81027 36.73125 44.270 265.280 15.650 -5.595e+10 -8.293e+11 -7.182e+11 0.01452 180852 180852 678618 4410 69 180832 180910 69.2443 1525300000000 1687300000000 1172600000000 724510000000 333650000000 14.9131 11.28 0.01386 0.50947 0.37031 -5.52316 -26.2582 32.2572 0.52932 0.49748 2.97726 20.1371 -19.6547 0.3971 1453000000000 1859000000000
 0.8000   510333 0.8100   519007      1       -1       -1       -1  0 1.52867e+12 1.53500e+12 255.462000 90.369000 150.280000  1 0.2300 182.920000 46.16278 24.76502 36.73021 43.900 260.100 11.760 3.028e+11 -1.185e+12 -8.167e+11 0.01919 180853 180853 678618 3392 68 180832 180910 75.7074 1534800000000 1696900000000 1191600000000 705440000000 285990000000 19.2783 14.12 0.01844 0.58183 0.3785 -0.88304 -18.8836 26.3227 0.55287 0.2755 2.78648 -11.4338 17.2212 0.3929 1445000000000 1821000000000
 0.7900   501689 0.8000   510333      1       -1       -1       -1  0 1.52867e+12 1.51600e+12 255.333000 81.881000 151.430000  1 0.2300 184.330000 46.15353 24.71348 36.74141 43.160 255.340 10.180 -5.746e+10 -1.301e+12 -6.673e+11 0.02008 180854 180854 678618 4432 67 180832 180910 69.3218 1515700000000 1630100000000 1239300000000 724510000000 314590000000 26.123 11.05 0.01882 0.86442 0.55133 -3.69212 -17.0371 24.2205 0.7796 0.58206 -9.70188 16.8501 -10.4248 0.3818 1413000000000 1745000000000
 0.7800   493049 0.7900   501689      1       -1       -1       -1  0 1.49667e+12 1.53500e+12 257.331000 68.528000 153.430000  1 0.2300 191.200000 46.14857 24.66758 36.75378 44.550 250.370 7.930 6.132e+11 -1.603e+12 -6.438e+11 0.02483 180855 180855 678618 3416 66 180832 180910 54.3668 1534800000000 1582500000000 1239300000000 772170000000 333650000000 37.0289 14.47 0.0232 0.90599 0.57231 4.98176 -18.5169 19.3437 0.54242 0.43337 -12.9485 13.8803 -6.70765 0.3838 1413000000000 1544000000000
 0.7700   484378 0.7800   493049      1       -1       -1       -1  0 1.45200e+12 1.43900e+12 252.796000 49.496000 153.690000  1 0.2300 191.220000 46.14541 24.61399 36.75022 43.650 243.980 6.390 -4.620e+10 -1.489e+12 -2.525e+11 0.02372 180856 180856 678618 4466 65 180832 180910 47.3061 1458500000000 1601500000000 1229800000000 734040000000 381320000000 35.1851 13.01 0.02139 0.82192 0.59669 -2.36029 -12.7714 24.5749 0.81059 0.67808 2.38668 -11.508 15.0631 0.3748 1342000000000 1201000000000
 0.7600   475682 0.7700   484378      1       -1       -1       -1  0 1.40767e+12 1.38200e+12 250.291000 38.530000 156.530000  1 0.2300 194.750000 46.14391 24.56779 36.76033 38.290 244.390 12.050 -5.583e+11 -1.665e+12 -4.526e+11 0.03073 180857 180857 678618 4464 64 180832 180910 39.4818 1410900000000 1582500000000 1172600000000 800770000000 352720000000 41.3966 6.82 0.02758 0.63902 0.54119 -0.44125 -5.69294 34.5402 0.52325 0.34306 -1.66105 -1.84821 28.7482 0.3851 1336000000000 953300000000
 0.7500   466949 0.7600   475682      1       -1       -1       -1  0 1.40767e+12 1.38200e+12 251.174000 25.399000 156.960000  1 0.2300 199.340000 46.13314 24.51673 36.74971 35.550 236.150 5.520 -1.716e+11 -1.473e+12 -3.411e+11 0.02691 180858 180858 678618 4485 63 180832 180910 35.6956 1391800000000 1506200000000 1191600000000 877040000000 390850000000 36.1764 9.57 0.02326 0.71859 0.61334 2.76005 -13.1694 24.7949 0.67305 0.47964 2.58417 -5.5227 21.3364 0.3665 1404000000000 667300000000
 0.7400   458149 0.7500   466949      1       -1       -1       -1  0 1.40767e+12 1.32500e+12 248.526000 22.914000 161.270000  1 0.2300 207.380000 46.13192 24.46175 36.75047 32.490 238.030 4.590 -9.170e+11 -1.425e+12 -5.845e+10 0.03317 180859 180859 678618 5278 62 180832 180910 27.5962 1334600000000 1487100000000 1210700000000 943770000000 486180000000 37.6852 10.4 0.02794 0.65945 0.56581 -6.59214 22.3744 -13.5246 0.5636 0.4334 -6.93799 17.9462 -12.5642 0.3716 1371000000000 600600000000
 0.7300   449323 0.7400   458149      1       -1       -1       -1  0 1.40767e+12 1.36300e+12 251.754000 23.735000 161.790000  1 0.2300 214.250000 46.12393 24.41737 36.74222 31.240 229.960 4.100 -5.379e+11 -1.291e+12 6.704e+10 0.02645 180860 180860 678618 4582 61 180832 180910 25.7138 1372800000000 1449000000000 1210700000000 981900000000 495720000000 27.6119 10.83 0.02212 0.66107 0.59094 -6.1263 30.011 -13.8 0.61331 0.56048 -3.59951 24.2033 -14.1167 0.3643 1404000000000 676800000000
 0.7200   440479 0.7300   449323      1       -1       -1       -1  0 1.40767e+12 1.35400e+12 252.025000 28.921000 159.290000  1 0.2300 215.270000 46.11425 24.37199 36.72849 34.050 227.800 9.440 -4.939e+11 -1.173e+12 4.251e+11 0.02622 180861 180861 678618 5681 60 180832 180910 25.5226 1353700000000 1458500000000 1277400000000 867500000000 400390000000 17.1702 8.79 0.02157 0.76592 0.6329 -6.54635 28.1102 -4.39464 0.92362 0.73949 -1.87235 21.1551 -3.47613 0.3492 1438000000000 819800000000
 0.7100   431566 0.7200   440479      1       -1       -1       -1  0 1.40767e+12 1.41100e+12 256.389000 40.341000 152.750000  1 0.2300 210.320000 46.10602 24.32589 36.70977 31.260 219.050 12.040 -5.864e+11 -1.239e+12 4.787e+11 0.02608 180862 180862 678618 4622 59 180832 180910 31.7567 1410900000000 1439500000000 1306000000000 924700000000 409920000000 7.86799 6 0.02189 0.84199 0.69237 -6.50639 26.2492 -10.0551 0.92728 0.76528 -0.34701 11.2239 19.562 0.332 1383000000000 1010000000000
 0.7000   422593 0.7100   431566      1       -1       -1       -1  0 1.40767e+12 1.41100e+12 257.246000 56.105000 149.180000  1 0.2300 202.920000 46.08472 24.28798 36.69218 36.440 213.550 18.120 -5.248e+11 -1.156e+12 5.549e+11 0.02476 180863 180863 678618 5716 58 180832 180910 39.7755 1410900000000 1468100000000 1344200000000 810300000000 362250000000 13.885 7.22 0.021 0.77681 0.44354 -3.23999 18.438 -16.7229 0.683 0.40013 -0.99419 16.3441 -9.44158 0.326 1384000000000 1344000000000
 0.6900   413597 0.7000   422593      1       -1       -1       -1  0 1.38867e+12 1.40100e+12 257.512000 53.643000 142.920000  1 0.2300 201.510000 46.07393 24.23468 36.68110 34.890 203.810 21.220 -5.425e+11 -1.052e+12 4.183e+11 0.02265 180864 180864 678618 5717 57 180832 180910 42.3187 1401400000000 1429900000000 1296500000000 762640000000 419450000000 20.1226 7.99 0.01936 0.61309 0.49876 -8.60007 30.6301 -23.1155 0.63591 0.53651 -9.32373 24.1383 -12.8433 0.3103 1357000000000 1277000000000
 0.6800   404594 0.6900   413597      1       -1       -1       -1  0 1.34733e+12 1.35400e+12 255.389000 55.376000 138.360000  1 0.2300 198.270000 46.07288 24.19046 36.66614 32.170 194.140 21.250 -8.078e+11 -6.431e+11 3.431e+11 0.02076 180865 180865 678618 5741 56 180832 180910 44.7713 1353700000000 1410900000000 1210700000000 800770000000 362250000000 29.4009 10.73 0.01787 0.77617 0.57822 -8.66233 34.4623 -22.0738 0.97744 0.70774 26.7296 10.9202 4.00193 0.3032 1241000000000 1239000000000
 0.6700   395613 0.6800   404594      1       -1       -1       -1  0 1.28400e+12 1.28700e+12 251.930000 51.872000 134.280000  1 0.2300 197.780000 46.05851 24.15208 36.65511 37.330 184.370 20.400 -3.034e+11 -9.256e+11 5.348e+11 0.02357 180866 180866 678618 5731 55 180832 180910 41.8456 1287000000000 1334600000000 1105800000000 781710000000 343190000000 26.9703 11.96 0.01997 0.94019 0.76424 -0.70139 29.1596 -18.0078 0.64501 0.41357 29.3023 7.0103 3.64568 0.2872 1170000000000 1106000000000
 0.6600   386677 0.6700   395613      1       -1       -1       -1  0 1.22667e+12 1.21100e+12 247.636000 42.323000 133.940000  1 0.2300 190.870000 46.03733 24.08774 36.64241 37.910 182.760 19.370 2.617e+11 -4.178e+11 4.358e+11 0.01551 180867 180867 678618 5746 54 180832 180910 47.1933 1210700000000 1315600000000 1105800000000 762640000000 333650000000 25.209 6.32 0.01317 0.70423 0.52631 -6.08594 20.2212 -18.6118 0.7916 0.45429 -5.50902 14.2937 -15.4515 0.2909 1123000000000 905600000000
 0.6500   377645 0.6600   386677      1       -1       -1       -1  0 1.17900e+12 1.18200e+12 246.440000 69.746000 134.170000  1 0.2300 201.110000 46.03949 24.05492 36.63456 40.620 177.880 20.510 3.256e+11 -2.451e+11 3.322e+11 0.01324 180868 180868 678618 4659 53 180832 180910 33.9031 1182100000000 1210700000000 1029600000000 753110000000 305060000000 22.2159 6.5 0.01102 0.63251 0.50846 3.9339 -18.6124 24.162 0.53511 0.31788 6.59422 -9.66698 23.007 0.2856 1077000000000 1287000000000
 0.6400   368568 0.6500   377645      1       -1       -1       -1  0 1.13133e+12 1.14400e+12 244.514000 38.997000 130.850000  1 0.2300 190.720000 46.02234 24.01841 36.62350 41.730 171.630 20.880 1.139e+11 -2.378e+11 5.693e+11 0.01632 180869 180869 678618 4643 52 180832 180910 44.783 1144000000000 1191600000000 981900000000 705440000000 333650000000 33.01 8.17 0.01398 0.64606 0.56497 -10.0851 27.0848 -20.822 0.55156 0.45827 -10.0084 23.4417 -14.8309 0.2905 1006000000000 781700000000
 0.6300   359455 0.6400   368568      1       -1       -1       -1  0 1.06147e+12 1.06800e+12 239.683000 34.398000 124.840000  1 0.2300 195.330000 46.01803 23.95595 36.61940 40.360 170.120 19.310 4.609e+10 2.021e+09 7.544e+11 0.02286 180870 180870 678618 5750 51 180832 180910 34.3978 1067700000000 1144000000000 953300000000 772170000000 266920000000 19.8297 4.04 0.01901 0.86052 0.71788 -14.8456 25.5477 -3.43174 0.64639 0.4192 -10.0542 21.4601 -0.83652 0.2655 1049000000000 743600000000
 0.6200   350356 0.6300   359455      1       -1       -1       -1  0 1.00743e+12 9.72400e+11 233.023000 26.601000 125.030000  1 0.2300 200.860000 45.98688 23.91430 36.61563 44.150 166.660 18.930 1.635e+11 9.321e+10 6.197e+11 0.02343 180871 180871 678618 5761 50 180832 180910 25.617 972370000000 1058200000000 877040000000 705440000000 285990000000 17.3613 1.28 0.01916 0.79079 0.72079 -28.5594 32.843 1.63193 0.84506 0.65986 -23.3392 29.3405 10.1108 0.2669 1021000000000 572000000000
 0.6100   341230 0.6200   350356      1       -1       -1       -1  0 9.50133e+11 9.81900e+11 234.472000 22.845000 123.430000  1 0.2300 199.500000 46.00275 23.85320 36.61559 40.240 167.900 17.160 1.390e+11 -3.008e+11 4.774e+11 0.02125 180872 180872 678618 5772 49 180832 180910 27.9351 981900000000 1001000000000 877040000000 695910000000 314590000000 10.9104 1.19 0.01703 0.93999 0.70884 12.8734 -0.60987 27.8912 0.8714 0.52459 -6.25806 24.4378 4.46496 0.2516 956700000000 467100000000
 0.6000   332087 0.6100   341230      1       -1       -1       -1  0 9.37433e+11 8.96100e+11 228.094000 23.485000 123.980000  1 0.2300 200.940000 45.97524 23.79830 36.60136 44.680 164.520 15.450 2.216e+11 1.570e+11 2.793e+11 0.01739 180873 180873 678618 5828 48 180832 180910 23.4851 896100000000 972370000000 819840000000 686380000000 324120000000 8.10526 0.25 0.01339 0.83546 0.68155 18.2805 -12.7976 24.5422 0.86263 0.81268 9.81644 -3.70989 25.2093 0.2469 951700000000 505200000000
 0.5900   322921 0.6000   332087      1       -1       -1       -1  0 9.37433e+11 9.24700e+11 231.154000 24.104000 121.120000  1 0.2300 203.910000 45.97160 23.74048 36.61446 41.720 162.850 15.270 1.531e+11 -3.894e+11 2.381e+11 0.02059 180874 180874 678618 5858 47 180832 180910 24.104 934230000000 972370000000 838900000000 648240000000 324120000000 3.48121 0 0.01581 0.72599 0.59814 14.8797 -11.2423 14.7987 0.79768 0.70116 9.79564 -5.33439 15.9437 0.2302 917500000000 486200000000
 0.5800   313686 0.5900   322921      1       -1       -1       -1  0 9.37433e+11 9.43800e+11 233.385000 18.381000 118.300000  1 0.2300 220.700000 45.94802 23.68476 36.60387 40.600 160.140 16.160 1.029e+11 -5.539e+11 2.417e+11 0.02514 180875 180875 678618 5863 46 180832 180910 18.381 943770000000 981900000000 819840000000 600580000000 371790000000 10.9373 0.85 0.0196 0.82262 0.56917 9.79696 -12.7826 23.7357 0.82305 0.55104 2.89816 -2.37837 22.0393 0.2248 949400000000 400400000000
 0.5700   304456 0.5800   313686      1       -1       -1       -1  0 9.24733e+11 9.43800e+11 234.028000 23.332000 110.350000  1 0.2300 210.370000 45.93061 23.62917 36.60991 39.080 158.830 13.050 1.460e+11 -7.182e+11 1.063e+11 0.02964 180876 180876 678618 5847 45 180832 180910 23.3318 943770000000 953300000000 753110000000 562450000000 381320000000 10.1946 0 0.02384 0.759 0.65094 -19.883 20.7328 -26.0412 0.73822 0.60625 15.1186 -10.8901 24.9543 0.2105 862700000000 448100000000
 0.5600   295203 0.5700   304456      1       -1       -1       -1  0 9.05667e+11 8.86600e+11 229.821000 43.857000 101.210000  1 0.2300 184.030000 45.92134 23.56996 36.61309 37.780 155.020 8.020 -5.211e+10 -9.895e+11 4.900e+10 0.04389 180877 180877 678618 5842 44 180832 180910 43.8567 886570000000 924700000000 819840000000 552910000000 219260000000 13.8985 0 0.03572 0.75709 0.73767 29.3577 -14.8365 -3.10864 0.74458 0.67164 22.4493 -3.14464 17.4238 0.1894 783100000000 715000000000
 0.5500   285951 0.5600   295203      1       -1       -1       -1  0 8.83400e+11 8.86600e+11 230.430000 55.136000 99.400000  1 0.2300 180.150000 45.90493 23.50771 36.60475 36.320 151.750 8.550 6.955e+10 -9.852e+11 4.551e+10 0.04342 180878 180878 678618 5841 43 180832 180910 55.1355 886570000000 905630000000 829370000000 457580000000 209730000000 15.5085 0 0.03587 0.87947 0.69032 21.7728 2.38274 -21.2906 0.94366 0.74805 10.7343 16.9278 4.73239 0.1866 791500000000 886600000000
 0.5400   276734 0.5500   285951      1       -1       -1       -1  0 8.67500e+11 8.77000e+11 230.198000 36.612000 98.490000  1 0.2300 191.630000 45.87640 23.44389 36.62045 36.810 148.970 7.740 7.247e+10 -1.023e+12 -2.442e+10 0.04586 180879 180879 678618 5826 42 180832 180910 36.612 877040000000 877040000000 819840000000 419450000000 247860000000 27.0286 0 0.03819 0.71414 0.60829 -14.2898 -6.98596 35.2018 0.82309 0.75908 -3.70327 -4.81367 22.2654 0.1847 782500000000 514800000000
 0.5300   267495 0.5400   276734      1       -1       -1       -1  0 8.29367e+11 8.38900e+11 227.389000 44.302000 96.920000  1 0.2300 184.440000 45.88631 23.37828 36.61679 37.090 144.320 8.710 1.117e+11 -1.158e+12 -6.509e+10 0.05763 180880 180880 678618 5813 41 180832 180910 44.3021 838900000000 838900000000 743570000000 438520000000 200190000000 13.2542 0 0.04711 0.54514 0.36322 -20.2414 -4.79213 41.5714 0.7212 0.51044 -18.7384 5.5002 23.5946 0.1741 760000000000 715000000000
 0.5200   258268 0.5300   267495      1       -1       -1       -1  0 7.88067e+11 7.72200e+11 221.742000 40.400000 94.050000  1 0.2300 182.690000 45.86323 23.31956 36.65595 28.040 140.870 0.600 -3.646e+10 -4.464e+11 -1.272e+11 0.02643 180881 180881 678618 4692 40 180832 180910 40.3999 772170000000 772170000000 705440000000 524310000000 142990000000 29.4093 1.82 0.02179 0.29891 0.22663 -15.5844 -5.63283 51.2942 0.21329 0.09591 -17.0637 -5.6362 42.5489 0.1735 664200000000 572000000000
 0.5100   248988 0.5200   258268      1       -1       -1       -1  0 7.53100e+11 7.53100e+11 220.437000 27.879000 95.720000  1 0.2300 194.720000 45.86945 23.25914 36.64337 25.000 134.560 1.520 -2.887e+11 -3.649e+11 -1.758e+11 0.03118 180882 180882 678618 4644 39 180832 180910 27.8791 753110000000 753110000000 714970000000 486180000000 228790000000 20.2983 1.92 0.02448 0.7124 0.50283 -14.7222 -1.3931 43.0512 0.85546 0.57124 1.99867 -21.3848 25.8313 0.1635 684800000000 438500000000
 0.5000   239820 0.5100   248988      1       -1       -1       -1  0 7.34033e+11 7.34000e+11 219.079000 27.713000 98.780000  1 0.2300 194.750000 45.86124 23.19992 36.60539 22.020 131.340 2.610 -1.906e+11 -1.692e+11 -1.944e+11 0.02114 180883 180883 678618 4646 38 180832 180910 27.7126 734040000000 734040000000 714970000000 562450000000 0 8.75648 0 0.0166 0.53564 0.26629 -0.60601 17.2261 50.1712 0.42982 0.0781 0.24865 26.9083 41.7187 0.1717 714900000000 467100000000
 0.4900   230641 0.5000   239820      1       -1       -1       -1  0 7.24500e+11 7.15000e+11 217.668000 24.728000 98.590000  1 0.2300 199.080000 45.85188 23.13986 36.63289 20.310 128.310 2.990 -2.634e+11 -1.817e+11 -1.644e+11 0.02575 180884 180884 678618 5744 37 180832 180910 24.728 714970000000 714970000000 714970000000 495720000000 228790000000 16.2122 0 0.01965 0.55504 0.19301 8.21052 -8.79667 36.8518 0.30539 0.09344 12.0657 -14.4473 30.3748 0.1644 720400000000 409900000000
 0.4800   221494 0.4900   230641      1       -1       -1       -1  0 6.99100e+11 7.24500e+11 219.125000 27.429000 95.090000  1 0.2300 197.860000 45.84969 23.06497 36.60929 20.490 125.140 6.920 -2.645e+11 -1.280e+11 -1.665e+11 0.02350 180885 180885 678618 5776 36 180832 180910 27.4294 724510000000 724510000000 667310000000 562450000000 123930000000 16.8926 1.31 0.01821 0.62323 0.48712 6.9294 -7.6576 39.1997 0.45319 0.32835 13.8556 -10.07 31.5172 0.1574 720400000000 467100000000
 0.4700   212357 0.4800   221494      1       -1       -1       -1  0 6.67300e+11 6.57800e+11 212.645000 24.434000 94.590000  1 0.2300 196.790000 45.83716 23.00529 36.63029 19.490 124.380 5.560 -2.135e+11 -3.933e+10 -1.155e+11 0.02112 180886 180886 678618 5761 35 180832 180910 24.4337 657780000000 657780000000 619640000000 524310000000 219260000000 20.047 0 0.01572 0.71719 0.61631 -18.1974 -1.37445 31.7205 0.53706 0.38817 -18.7842 -11.0961 24.3863 0.15 666100000000 390900000000
 0.4600   203247 0.4700   212357      1       -1       -1       -1  0 6.32333e+11 6.19600e+11 208.898000 20.821000 92.490000  1 0.2300 200.850000 45.83430 22.93252 36.60562 18.480 120.270 9.290 -1.256e+11 4.786e+10 -1.246e+11 0.01779 180887 180887 678618 4552 34 180832 180910 20.8215 619640000000 619640000000 600580000000 505250000000 219260000000 14.1553 0 0.01307 0.81351 0.64489 -23.1968 27.5034 -0.57057 0.84209 0.78889 16.3583 -13.2302 20.3749 0.1454 665600000000 314600000000
 0.4500   194211 0.4600   203247      1       -1       -1       -1  0 6.03733e+11 6.19600e+11 209.331000 22.601000 90.140000  1 0.2300 199.340000 45.79914 22.86230 36.59069 19.450 115.960 9.300 -1.257e+11 1.572e+10 -1.230e+11 0.01678 180888 180888 678618 4563 33 180832 180910 22.6005 619640000000 619640000000 591050000000 428980000000 238320000000 19.1338 0 0.01272 0.71252 0.41471 13.7341 -7.97463 15.4341 0.7009 0.30665 7.48787 -5.31051 16.8544 0.1468 575500000000 324100000000
 0.4400   185153 0.4500   194211      1       -1       -1       -1  0 5.59267e+11 5.72000e+11 204.229000 28.754000 81.410000  1 0.2300 185.980000 45.78549 22.78413 36.57400 19.390 111.410 14.110 -8.152e+10 3.623e+10 -4.955e+10 0.01086 180889 180889 678618 5675 32 180832 180910 28.7541 571980000000 562450000000 495720000000 390850000000 181130000000 28.6224 1.66 0.00848 0.67781 0.48149 20.8804 -13.6516 22.0431 0.67401 0.33349 17.2057 -9.66134 19.4456 0.1362 495400000000 362300000000
 0.4300   176138 0.4400   185153      1       -1       -1       -1  0 5.02100e+11 4.86200e+11 193.836000 26.027000 74.870000  1 0.2300 179.620000 45.79587 22.70902 36.55330 16.110 107.250 21.130 3.680e+10 3.781e+10 -3.670e+10 0.00902 180890 180890 678618 4501 31 180832 180910 26.0275 486180000000 486180000000 448050000000 285990000000 162060000000 19.8581 0 0.00708 0.77215 0.40004 -18.0208 -12.6264 24.5519 0.81512 0.38588 -17.5727 -5.96564 19.7582 0.1278 446000000000 266900000000
 0.4200   167181 0.4300   176138      1       -1       -1       -1  0 4.95700e+11 4.48100e+11 188.985000 30.780000 63.290000  1 0.2300 170.730000 45.78920 22.65691 36.51608 13.640 107.530 26.670 -6.885e+08 -4.336e+10 -8.238e+10 0.01467 180891 180891 678618 4502 30 180832 180910 30.7805 448050000000 448050000000 409920000000 276460000000 19066000000 13.4203 0 0.01188 0.45891 0.37394 -25.6422 -29.0836 30.0377 0.52903 0.30154 -22.2968 -24.8371 23.7062 0.0997 414800000000 276500000000
 0.4100   158305 0.4200   167181      1       -1       -1       -1  0 4.95700e+11 4.48100e+11 189.328000 29.246000 60.420000  1 0.2300 174.200000 45.76834 22.59372 36.50897 14.170 102.960 26.080 2.094e+10 -6.397e+10 -6.427e+10 0.01471 180892 180892 678618 4438 29 180832 180910 29.246 448050000000 448050000000 438520000000 266920000000 0 8.60172 0 0.01201 0.50644 0.29259 -0.9758 43.7157 -33.3285 0.04489 0 -3.06613 -35.1008 39.726 0.0898 402200000000 286000000000
 0.4000   149526 0.4100   158305      1       -1       -1       -1  0 4.95700e+11 4.86200e+11 194.894000 43.654000 65.910000  1 0.2300 171.410000 45.76474 22.52955 36.47860 9.670 101.980 23.940 7.789e+10 -2.324e+10 -4.994e+10 0.01336 180893 180893 678618 5461 28 180832 180910 43.6536 486180000000 486180000000 448050000000 305060000000 19066000000 12.4355 0 0.01087 0.40997 0.27649 -6.02066 39.8291 -32.9437 0.36794 0.03827 11.5439 -24.4631 26.6713 0.0936 418500000000 429000000000
 0.3900   140853 0.4000   149526      1       -1       -1       -1  0 4.95700e+11 4.86200e+11 195.222000 26.362000 72.530000  1 0.2300 187.730000 45.75978 22.45999 36.46606 10.400 98.620 24.100 4.871e+10 -6.770e+10 -3.607e+10 0.01351 180894 180894 678618 5370 27 180832 180910 26.3624 486180000000 486180000000 467120000000 381320000000 95330000000 8.85883 0 0.01047 0.26447 0.18959 -8.59684 34.4609 -30.9379 0.06505 0.00525 -0.6636 22.953 -19.856 0.0989 457700000000 324100000000
 0.3800   132379 0.3900   140853      1       -1       -1       -1  0 4.95700e+11 4.86200e+11 195.539000 20.335000 76.250000  1 0.2300 200.430000 45.73388 22.42109 36.41307 10.630 96.460 20.100 9.230e+10 -3.967e+10 -1.714e+10 0.01551 180895 180895 678618 5293 26 180832 180910 20.3349 486180000000 486180000000 457580000000 333650000000 114400000000 39.3614 0 0.01189 0.66513 0.42298 -16.0316 29.1869 -15.8665 0.66534 0.12573 -17.6776 28.1706 -16.923 0.1063 467500000000 276500000000
 0.3700   123885 0.3800   132379      1       -1       -1       -1  0 4.95700e+11 5.05200e+11 198.370000 31.626000 73.010000  1 0.2300 189.210000 45.73856 22.33299 36.39949 10.210 92.870 20.350 7.416e+10 -4.418e+10 -7.043e+09 0.01248 180896 180896 678618 4213 25 180832 180910 31.6263 505250000000 505250000000 505250000000 371790000000 133460000000 33.5592 0 0.0096 0.83667 0.74016 -11.0999 27.5816 -18.678 0.77044 0.31894 -6.51461 27.4277 -7.86795 0.0971 474100000000 371800000000
 0.3600   115424 0.3700   123885      1       -1       -1       -1  0 4.95700e+11 4.95700e+11 197.408000 28.952000 71.080000  1 0.2300 193.250000 45.73856 22.26339 36.38915 8.690 87.590 20.590 3.153e+10 -8.203e+10 -2.479e+10 0.01375 180897 180897 678618 5156 24 180832 180910 28.952 495720000000 495720000000 495720000000 324120000000 85797000000 25.2836 0 0.01058 0.57184 0.34636 0.17759 26.8707 -11.5568 0.31684 0.07975 -5.86663 21.0809 -10.7548 0.0915 496200000000 324100000000
 0.3500   107119 0.3600   115424      1       -1       -1       -1  0 4.83000e+11 4.86200e+11 196.413000 24.286000 69.100000  1 0.2300 200.980000 45.73577 22.18772 36.40027 9.620 83.310 18.390 3.481e+10 -7.472e+10 -2.279e+10 0.01325 180898 180898 678618 5054 23 180832 180910 24.2858 486180000000 486180000000 486180000000 400390000000 19066000000 6.64989 0 0.01037 0.51013 0.32771 2.75488 54.4339 -11.9861 0.10027 0.02334 4.88012 57.7678 -7.14006 0.0912 481800000000 305100000000
 0.3400    98989 0.3500   107119      1       -1       -1       -1  0 4.60767e+11 4.67100e+11 194.074000 39.328000 64.900000  1 0.2300 184.990000 45.72901 22.11761 36.37574 9.460 80.350 17.310 8.327e+09 -7.408e+10 -3.940e+10 0.01372 180899 180899 678618 4911 22 180832 180910 39.3276 467120000000 467120000000 467120000000 314590000000 0 8.77399 0 0.01108 0.54792 0.46702 -10.5002 50.6889 -0.97318 0.52217 0.25585 -6.47842 46.538 -4.64495 0.089 414300000000 419500000000
 0.3300    91103 0.3400    98989      1       -1       -1       -1  0 4.13100e+11 4.29000e+11 188.886000 41.509000 59.000000  1 0.2300 180.490000 45.72400 22.04942 36.36988 8.290 78.150 18.520 2.949e+09 -7.004e+10 -9.333e+09 0.01315 180900 180900 678618 4774 21 180832 180910 41.5085 428980000000 381320000000 381320000000 257390000000 47665000000 9.53475 4.16 0.01087 0.75896 0.67606 -7.3491 38.4328 -8.18839 0.97793 0.52739 10.3582 29.5524 2.80521 0.0824 363000000000 362300000000
 0.3200    83347 0.3300    91103      1       -1       -1       -1  0 3.59100e+11 3.43200e+11 175.561000 18.000000 58.480000  1 0.2300 194.270000 45.71415 21.97668 36.37158 7.600 79.680 13.530 -2.130e+10 -1.339e+10 -2.647e+10 0.01041 180901 180901 678618 4639 20 180832 180910 17.9995 343190000000 314590000000 305060000000 181130000000 123930000000 11.6561 0 0.00826 0.84116 0.49771 -5.555 15.9322 -10.8113 0.55001 0.24075 -10.6773 13.3367 -9.92099 0.0804 319800000000 133500000000
 0.3100    75838 0.3200    83347      1       -1       -1       -1  0 2.98733e+11 3.05100e+11 168.998000 24.713000 52.740000  1 0.2300 176.660000 45.71414 21.89905 36.38747 8.680 75.390 8.930 3.161e+10 -4.858e+10 -1.996e+10 0.02099 180902 180902 678618 4463 19 180832 180910 24.7131 305060000000 285990000000 266920000000 190660000000 0 16.5084 1.88 0.01714 0.7676 0.38602 9.90833 36.1705 -18.3966 0.81006 0.48874 26.0797 -11.3724 16.655 0.0713 282400000000 190700000000
 0.3000    68560 0.3100    75838      1       -1       -1       -1  0 2.70133e+11 2.47900e+11 157.870000 27.620000 50.870000  1 0.2300 162.510000 45.71067 21.83285 36.32693 9.660 74.510 10.100 2.640e+10 -2.110e+10 -1.256e+10 0.01700 180903 180903 678618 3405 18 180832 180910 27.6205 247860000000 247860000000 247860000000 162060000000 0 32.3753 0 0.01448 0.92071 0.52568 -3.97257 -4.02401 44.1386 0.83952 0.73264 33.4799 20.7253 -22.8828 0.0805 254100000000 181100000000
 0.2900    61540 0.3000    68560      1       -1       -1       -1  0 2.51067e+11 2.57400e+11 160.034000 22.942000 49.170000  1 0.2300 173.020000 45.69915 21.74916 36.36384 14.480 67.520 9.120 3.052e+10 -2.631e+10 -1.142e+10 0.02001 180904 180904 678618 3234 17 180832 180910 22.9424 257390000000 257390000000 257390000000 190660000000 28599000000 8.01087 0 0.01605 0.5782 0.47073 34.1837 7.68996 14.1275 0.24899 0.13924 32.3747 16.7423 25.3853 0.0625 233600000000 181100000000
 0.2800    54802 0.2900    61540      1       -1       -1       -1  0 2.47867e+11 2.47900e+11 158.188000 18.100000 49.610000  1 0.2300 181.620000 45.68578 21.64354 36.35873 11.770 61.800 6.990 1.733e+10 -1.003e+10 2.804e+09 0.01081 180905 180905 678618 3836 16 180832 180910 18.1003 247860000000 238320000000 238320000000 200190000000 38132000000 10.3469 1.98 0.00839 0.61848 0.52452 26.6191 9.32675 21.6157 0.50373 0.13771 21.3036 12.5206 10.1988 0.0575 248700000000 123900000000
 0.2700    48409 0.2800    54802      1       -1       -1       -1  0 2.19267e+11 2.38300e+11 156.275000 23.541000 46.970000  1 0.2300 173.070000 45.65951 21.55751 36.34294 9.610 58.570 7.530 1.635e+10 -1.323e+10 -1.086e+09 0.01149 180906 180906 678618 3647 15 180832 180910 23.541 238320000000 238320000000 238320000000 181130000000 0 21.9804 0 0.0095 0.37269 0.18118 42.3915 3.26069 38.7084 0.08469 0 41.2239 3.24187 39.7398 0.0615 218900000000 143000000000
 0.2600    42344 0.2700    48409      1       -1       -1       -1  0 2.06533e+11 1.71600e+11 140.186000 10.315000 49.560000  1 0.2300 184.450000 45.66991 21.47332 36.34273 5.810 60.790 4.390 4.605e+09 -7.935e+09 -1.629e+09 0.01050 180907 180907 678618 3489 14 180832 180910 10.3152 171590000000 171590000000 171590000000 142990000000 66731000000 8.43235 0 0.0074 0.61844 0.38325 18.8908 3.38859 18.3734 0.79367 0.51172 6.87079 -2.82452 19.1449 0.0554 209800000000 66730000000
 0.2500    36640 0.2600    42344      1       -1       -1       -1  0 1.87467e+11 2.09700e+11 150.003000 34.516000 38.830000  1 0.2300 161.800000 45.64343 21.42933 36.33490 5.910 52.740 5.980 5.032e+08 -1.245e+10 -2.470e+09 0.00843 180908 180908 678618 2557 13 180832 180910 34.5161 209730000000 209730000000 209730000000 123930000000 0 22.627 0 0.00737 0.73147 0.16637 0.21718 44.8091 -0.07657 0.2266 0.05077 27.4587 37.8846 10.622 0.047 182100000000 200200000000
 0.2400    31267 0.2500    36640      1       -1       -1       -1  0 1.84300e+11 1.81100e+11 142.954000 28.156000 38.920000  1 0.2300 160.380000 45.64900 21.32660 36.32449 4.010 47.240 5.230 -1.007e+09 -2.243e+09 -1.868e+09 0.00281 180909 180909 678618 3022 12 180832 180910 28.156 181130000000 181130000000 181130000000 85797000000 47665000000 21.3111 0 0.00233 0.74059 0.25049 28.994 7.98976 9.06833 0.69077 0.13572 19.2424 6.73614 17.7448 0.046 165800000000 143000000000
 0.2300    26305 0.2400    31267      0       -1       -1       -1  0 1.62100e+11 1.62100e+11 137.845000 17.125000 37.680000  1 0.2300 170.700000 45.64929 21.27875 36.33181 5.490 45.340 5.660 -5.877e+09 -7.617e+08 2.794e+09 0.00754 180910 180910 678618 2722 11 180832 180910 17.1247 162060000000 162060000000 162060000000 114400000000 38132000000 18.1416 0 0.00608 0.5425 0.21241 -0.5299 15.7443 4.89365 0.52183 0.0548 -1.08189 13.4696 3.72976 0.0404 150300000000 104900000000
