 1.0000   681761 0.0000       -1      1       -1       -1       -1  0 1.01667e+12 9.81900e+11 203.341000 22.912000 159.590000  1 0.2800 179.930000 32.61583 50.95246 34.52771 -8.470 -164.000 -24.800 -3.944e+11 6.902e+11 1.231e+11 0.02169 220476 220476 681761 7276 88 220475 220548 17.4363 981900000000 1039100000000 915170000000 705440000000 343190000000 7.89696 2.24 0.01977 0.88287 0.81644 18.6973 -11.1452 -3.44469 0.79649 0.52977 16.1323 -11.0389 -5.48465 0.5044 1230000000000 629200000000
 0.9900   673657 1.0000   681761      1       -1       -1       -1  0 1.01667e+12 1.00100e+12 205.510000 13.634000 153.400000  1 0.2800 175.120000 32.61963 50.96835 34.52967 -10.180 -161.620 -24.750 -4.533e+11 6.659e+11 2.414e+11 0.02208 220477 220477 681761 7270 87 220475 220548 20.6481 1001000000000 1048600000000 896100000000 686380000000 314590000000 9.96864 3.32 0.02007 0.94679 0.89516 19.3607 -7.34603 1.53836 0.96068 0.62698 12.7986 -12.3076 -2.80732 0.4788 1262000000000 371800000000
 0.9800   665211 0.9900   673657      1       -1       -1       -1  0 1.01667e+12 9.91400e+11 205.714000 15.774000 151.360000  1 0.2800 174.140000 32.62066 50.98413 34.54023 -8.450 -161.730 -24.930 -2.800e+11 6.235e+11 1.293e+11 0.01874 220478 220478 681761 7315 86 220475 220548 21.1821 991430000000 1048600000000 905630000000 695910000000 314590000000 13.471 2.51 0.01692 0.98416 0.89202 16.2666 12.2741 -2.29375 0.76725 0.65016 11.8294 11.7356 -5.31785 0.4679 1245000000000 419500000000
 0.9700   656807 0.9800   665211      1       -1       -1       -1  0 1.01667e+12 1.00100e+12 207.232000 18.494000 153.140000  1 0.2800 176.370000 32.61736 51.00234 34.53707 -11.260 -159.970 -26.770 -4.182e+11 4.652e+11 1.651e+11 0.01729 220479 220479 681761 6286 85 220475 220548 20.7213 1001000000000 1039100000000 924700000000 667310000000 333650000000 8.66047 2.1 0.01554 0.91299 0.7628 15.2588 13.3655 -7.90066 0.68214 0.4879 15.5311 11.7159 -7.65207 0.4688 1205000000000 486200000000
 0.9600   648464 0.9700   656807      1       -1       -1       -1  0 1.01667e+12 9.91400e+11 207.428000 19.326000 155.810000  1 0.2800 180.700000 32.61840 51.02077 34.54385 -9.990 -159.120 -27.190 -3.034e+11 5.626e+11 2.624e+11 0.01919 220480 220480 681761 7302 84 220475 220548 18.6396 991430000000 1029600000000 934230000000 695910000000 352720000000 10.5337 1.61 0.01691 0.95834 0.76846 5.69508 15.9515 -9.58171 0.83895 0.53061 7.0059 14.2129 -5.98492 0.467 1196000000000 524300000000
 0.9500   640128 0.9600   648464      1       -1       -1       -1  0 1.01667e+12 9.72400e+11 206.939000 19.094000 161.650000  1 0.2800 186.210000 32.61747 51.04698 34.55915 -10.100 -157.730 -27.340 -1.530e+09 5.915e+11 1.612e+10 0.01678 220481 220481 681761 7334 83 220475 220548 16.1834 972370000000 1048600000000 867500000000 667310000000 343190000000 23.1437 1.45 0.01501 0.92188 0.89492 -7.8066 14.987 7.96701 0.81911 0.77118 -5.17234 14.4637 4.90183 0.4945 1227000000000 543400000000
 0.9400   631810 0.9500   640128      1       -1       -1       -1  0 1.01667e+12 9.81900e+11 208.464000 15.763000 163.350000  1 0.2800 193.250000 32.61964 51.05895 34.56024 -12.450 -157.850 -27.710 -3.767e+10 8.654e+11 -6.984e+09 0.02489 220482 220482 681761 7343 82 220475 220548 14.4368 981900000000 1039100000000 896100000000 676840000000 448050000000 19.0759 2.03 0.02169 0.89543 0.76926 17.1716 -7.05534 -7.33975 0.85665 0.55472 -10.2618 14.0043 4.19211 0.4838 1278000000000 476600000000
 0.9300   623474 0.9400   631810      1       -1       -1       -1  0 1.01667e+12 9.91400e+11 209.988000 14.060000 163.690000  1 0.2800 197.890000 32.61868 51.07410 34.56234 -12.330 -156.780 -29.460 -1.241e+11 9.334e+11 -2.550e+10 0.02687 220483 220483 681761 7364 81 220475 220548 13.6124 991430000000 1039100000000 886570000000 667310000000 438520000000 17.5141 1.45 0.02328 0.80633 0.73914 16.0483 -4.94925 -8.37053 0.77718 0.58854 12.7139 -8.43627 -5.80659 0.4794 1287000000000 438500000000
 0.9200   615130 0.9300   623474      1       -1       -1       -1  0 1.01667e+12 1.00100e+12 211.512000 16.757000 165.250000  1 0.2800 203.050000 32.62875 51.09127 34.55489 -12.950 -156.850 -31.850 -1.906e+11 9.315e+11 -2.619e+10 0.02721 220484 220484 681761 7385 80 220475 220548 12.7579 1001000000000 1048600000000 886570000000 714970000000 419450000000 10.4096 1.72 0.02321 0.69323 0.58681 13.8716 -0.27721 -13.1446 0.71719 0.47819 13.0504 -2.84172 -9.55738 0.4731 1273000000000 476600000000
 0.9100   606754 0.9200   615130      1       -1       -1       -1  0 1.01667e+12 9.81900e+11 211.006000 15.198000 158.730000  1 0.2800 198.170000 32.62860 51.11520 34.55962 -12.370 -155.810 -33.640 -2.026e+11 9.129e+11 8.647e+10 0.02784 220485 220485 681761 7398 79 220475 220548 13.7961 981900000000 1067700000000 877040000000 695910000000 448050000000 11.1237 0.86 0.02375 0.66439 0.57899 21.3231 -2.32369 -15.8009 0.69634 0.52399 18.8818 -5.90086 -9.30403 0.4545 1291000000000 448100000000
 0.9000   598378 0.9100   606754      1       -1       -1       -1  0 1.01667e+12 9.81900e+11 211.849000 19.730000 154.700000  1 0.2800 188.190000 32.63017 51.13340 34.56025 -13.550 -151.190 -33.920 -4.317e+11 7.419e+11 3.010e+10 0.02571 220486 220486 681761 7401 78 220475 220548 17.2316 981900000000 1067700000000 886570000000 676840000000 333650000000 7.8408 1.15 0.0218 0.73102 0.62088 17.7318 -0.16046 -14.2575 0.85573 0.62498 14.5275 -5.17804 -8.86187 0.4372 1185000000000 524300000000
 0.8900   589965 0.9000   598378      1       -1       -1       -1  0 1.01667e+12 9.91400e+11 213.376000 26.025000 151.490000  1 0.2800 186.170000 32.63230 51.14233 34.56422 -13.230 -148.630 -34.430 -3.447e+11 8.901e+11 -4.458e+09 0.02822 220487 220487 681761 7457 77 220475 220548 18.6834 991430000000 1048600000000 915170000000 686380000000 314590000000 10.4434 2 0.02392 0.65659 0.60377 16.2628 4.68346 -12.2353 0.81533 0.59249 10.8283 5.81001 -11.0458 0.4245 1186000000000 667300000000
 0.8800   581583 0.8900   589965      1       -1       -1       -1  0 1.01667e+12 1.01000e+12 215.582000 21.490000 146.890000  1 0.2800 187.000000 32.62770 51.16295 34.56698 -12.970 -149.000 -34.420 -4.561e+11 1.035e+12 6.819e+10 0.03214 220488 220488 681761 7419 76 220475 220548 19.3288 1010500000000 1039100000000 896100000000 686380000000 333650000000 7.96374 1.56 0.02762 0.57875 0.54936 19.9698 8.86917 -14.1719 0.65114 0.40743 16.0259 7.17909 -12.8365 0.4112 1187000000000 552900000000
 0.8700   573106 0.8800   581583      1       -1       -1       -1  0 1.01667e+12 1.02000e+12 217.104000 31.624000 142.930000  1 0.2800 179.780000 32.62697 51.17781 34.57419 -13.900 -145.550 -33.750 -3.013e+11 1.271e+12 8.497e+10 0.03650 220489 220489 681761 6480 75 220475 220548 23.9581 1020000000000 1058200000000 886570000000 676840000000 295520000000 12.1109 3.01 0.03151 0.66633 0.58789 17.8738 5.53392 -13.3147 0.71109 0.50273 13.6229 1.96452 -11.5928 0.3968 1077000000000 715000000000
 0.8600   564640 0.8700   573106      1       -1       -1       -1  0 1.01667e+12 1.02000e+12 217.947000 29.116000 140.480000  1 0.2800 178.090000 32.63050 51.19867 34.57612 -12.490 -144.550 -33.970 -2.924e+11 1.253e+12 1.020e+11 0.03621 220490 220490 681761 7545 74 220475 220548 25.6329 1020000000000 1048600000000 905630000000 667310000000 333650000000 11.9409 3.04 0.03119 0.79521 0.61914 23.4437 4.68222 -15.1452 0.72996 0.47334 19.5034 1.54892 -14.9014 0.3862 1086000000000 676800000000
 0.8500   556203 0.8600   564640      1       -1       -1       -1  0 1.01333e+12 1.01000e+12 218.104000 23.864000 139.710000  1 0.2800 180.430000 32.64528 51.21050 34.57632 -12.010 -143.060 -35.360 -4.405e+11 1.337e+12 7.264e+10 0.03991 220491 220491 681761 7505 73 220475 220548 24.1839 1010500000000 1058200000000 867500000000 676840000000 343190000000 22.1962 1.91 0.03476 0.85654 0.73804 19.7308 -4.07363 -9.40351 0.6922 0.53901 16.132 -4.13136 -8.38892 0.3875 1056000000000 533800000000
 0.8400   547705 0.8500   556203      1       -1       -1       -1  0 9.97467e+11 1.01000e+12 218.938000 24.181000 140.950000  1 0.2800 179.000000 32.63429 51.23996 34.57547 -14.730 -139.880 -33.260 -5.048e+11 1.450e+12 -9.312e+10 0.04401 220492 220492 681761 7542 72 220475 220548 25.7114 1010500000000 1058200000000 867500000000 667310000000 314590000000 15.411 2.69 0.03808 0.87174 0.78958 18.9756 0.26595 -14.8292 0.6823 0.54264 17.7449 -1.23705 -14.3479 0.3861 1061000000000 562400000000
 0.8300   539183 0.8400   547705      1       -1       -1       -1  0 9.78567e+11 9.72400e+11 216.969000 24.114000 145.290000  1 0.2800 187.700000 32.64374 51.26040 34.58424 -15.240 -138.840 -34.110 -6.772e+11 1.543e+12 -1.278e+11 0.05397 220493 220493 681761 7554 71 220475 220548 19.7139 972370000000 1058200000000 877040000000 667310000000 314590000000 11.1791 0.46 0.04477 0.90483 0.54305 -13.6357 -2.53621 13.8207 0.60128 0.35067 14.8259 2.94044 -11.627 0.3836 1091000000000 572000000000
 0.8200   530594 0.8300   539183      1       -1       -1       -1  0 9.59667e+11 9.53300e+11 216.353000 16.551000 147.470000  1 0.2800 195.150000 32.65268 51.28805 34.58805 -16.350 -137.880 -33.590 -6.065e+11 1.414e+12 -1.525e+11 0.05147 220494 220494 681761 6576 70 220475 220548 16.5509 953300000000 1029600000000 877040000000 676840000000 352720000000 12.1912 0 0.04251 0.88703 0.61703 -15.9861 -2.11913 16.1907 0.51203 0.40139 17.9064 2.92765 -9.0731 0.39 1049000000000 429000000000
 0.8100   521951 0.8200   530594      1       -1       -1       -1  0 9.56467e+11 9.53300e+11 217.161000 16.714000 149.670000  1 0.2800 195.690000 32.64295 51.31258 34.59855 -16.030 -136.630 -34.010 -5.953e+11 1.396e+12 -1.468e+11 0.05196 220495 220495 681761 7655 69 220475 220548 16.7137 953300000000 1020000000000 838900000000 695910000000 390850000000 6.11315 0 0.04211 0.87217 0.76655 -9.66562 2.62034 16.0165 0.77198 0.5153 14.6551 -2.38922 -7.07184 0.3871 1099000000000 438500000000
 0.8000   513265 0.8100   521951      1       -1       -1       -1  0 9.40567e+11 9.62800e+11 218.688000 14.361000 149.500000  1 0.2800 205.340000 32.64244 51.32729 34.60120 -16.370 -134.970 -33.480 -6.636e+11 1.372e+12 -1.741e+11 0.05146 220496 220496 681761 6644 68 220475 220548 14.3611 962830000000 1010500000000 829370000000 676840000000 438520000000 13.5761 0.97 0.04185 0.74266 0.62457 -16.599 -9.73742 18.3513 0.57736 0.54167 15.6471 11.7469 -14.6772 0.3859 1217000000000 438500000000
 0.7900   504622 0.8000   513265      1       -1       -1       -1  0 9.34200e+11 9.05600e+11 215.055000 11.905000 151.950000  1 0.2800 211.590000 32.64568 51.35529 34.60425 -17.790 -134.280 -29.920 -4.214e+11 9.179e+11 -8.324e+10 0.03927 220497 220497 681761 7669 67 220475 220548 11.9053 905630000000 1010500000000 829370000000 676840000000 505250000000 5.73035 0 0.03076 0.79517 0.56287 17.4301 7.5428 -14.2003 0.81385 0.52926 15.8907 8.63593 -12.3428 0.3825 1283000000000 333700000000
 0.7800   495981 0.7900   504622      1       -1       -1       -1  0 9.18333e+11 9.34200e+11 218.085000 14.801000 150.490000  1 0.2800 203.380000 32.64617 51.37870 34.60843 -17.890 -135.580 -30.060 -3.030e+11 9.086e+11 7.477e+10 0.03459 220498 220498 681761 6605 66 220475 220548 14.801 934230000000 1010500000000 810300000000 667310000000 476650000000 7.80709 0 0.02781 0.76061 0.48166 20.7538 6.92929 -10.0293 0.83166 0.45202 18.4418 6.90065 -8.48663 0.3843 1237000000000 429000000000
 0.7700   487307 0.7800   495981      1       -1       -1       -1  0 9.12000e+11 9.15200e+11 217.371000 16.075000 143.070000  1 0.2800 198.530000 32.64953 51.39381 34.62708 -18.950 -134.120 -29.120 -9.577e+10 8.268e+11 2.302e+11 0.03239 220499 220499 681761 7712 65 220475 220548 16.0754 915170000000 972370000000 800770000000 667310000000 409920000000 13.1095 0 0.02599 0.69217 0.4839 18.7155 3.81503 -15.2203 0.61846 0.45472 17.1958 2.77472 -14.5075 0.3622 1112000000000 448100000000
 0.7600   478611 0.7700   487307      1       -1       -1       -1  0 8.96133e+11 8.86600e+11 215.849000 14.088000 139.170000  1 0.2800 203.820000 32.65711 51.41793 34.62218 -18.400 -132.620 -30.070 -9.198e+10 6.111e+11 9.395e+10 0.02551 220500 220500 681761 7709 64 220475 220548 14.0877 886570000000 953300000000 772170000000 638710000000 362250000000 7.62346 0 0.01993 0.78338 0.67007 17.7736 3.42096 -13.1958 0.62954 0.55403 16.0537 -0.27484 -13.3863 0.3397 1002000000000 362300000000
 0.7500   469890 0.7600   478611      1       -1       -1       -1  0 8.83400e+11 8.86600e+11 216.611000 19.432000 129.320000  1 0.2800 189.260000 32.65586 51.44469 34.62487 -17.560 -130.640 -31.850 -3.050e+10 5.253e+11 1.011e+11 0.02118 220501 220501 681761 7767 63 220475 220548 19.4325 886570000000 943770000000 772170000000 619640000000 324120000000 5.402 0 0.01717 0.77206 0.69541 16.8046 9.58144 -10.2884 0.64219 0.53122 12.7411 9.01041 -10.6382 0.3227 953200000000 419500000000
 0.7400   461081 0.7500   469890      1       -1       -1       -1  0 8.70667e+11 8.77000e+11 216.585000 22.704000 119.500000  1 0.2800 182.970000 32.66322 51.46615 34.63064 -17.320 -128.350 -35.340 -1.058e+11 2.197e+11 4.374e+10 0.00998 220502 220502 681761 7736 62 220475 220548 22.7045 877040000000 924700000000 753110000000 591050000000 276460000000 7.30742 1.09 0.00812 0.79941 0.55345 -14.8641 -8.20363 22.3744 0.81053 0.36429 -15.2508 -8.77697 16.3597 0.2904 907100000000 438500000000
 0.7300   452259 0.7400   461081      1       -1       -1       -1  0 8.67500e+11 8.48400e+11 214.945000 23.564000 116.670000  1 0.2800 180.140000 32.67110 51.49486 34.63474 -16.670 -128.230 -38.900 -2.403e+11 2.267e+11 3.520e+10 0.01422 220503 220503 681761 6714 61 220475 220548 23.5638 848440000000 915170000000 762640000000 552910000000 285990000000 7.9382 0 0.01157 0.85274 0.74548 25.9917 2.51714 -11.3977 0.92621 0.657 20.8574 0.20345 -10.0875 0.2812 842400000000 448100000000
 0.7200   443424 0.7300   452259      1       -1       -1       -1  0 8.67500e+11 8.58000e+11 216.485000 24.210000 120.600000  1 0.2800 180.990000 32.67352 51.53225 34.64230 -16.100 -127.990 -39.080 -2.890e+10 2.592e+11 8.659e+10 0.01160 220504 220504 681761 7845 60 220475 220548 24.2095 857970000000 915170000000 762640000000 552910000000 285990000000 11.7039 0 0.00944 0.75076 0.53285 -5.17018 13.0646 17.5134 0.64155 0.3996 -4.00424 11.4569 16.7926 0.2912 835100000000 476600000000
 0.7100   434520 0.7200   443424      1       -1       -1       -1  0 8.67500e+11 8.00800e+11 212.278000 16.323000 121.770000  1 0.2800 193.800000 32.67517 51.55281 34.63444 -17.710 -127.220 -41.000 -1.252e+11 -3.844e+10 4.879e+10 0.00699 220505 220505 681761 6821 59 220475 220548 16.3228 800770000000 905630000000 753110000000 486180000000 324120000000 19.7979 0 0.00542 0.88675 0.61737 15.4156 -1.5876 -9.76268 0.79109 0.57032 12.2167 -0.83553 -9.09167 0.2802 844900000000 333700000000
 0.7000   425551 0.7100   434520      1       -1       -1       -1  0 8.67500e+11 8.19800e+11 214.665000 18.664000 120.060000  1 0.2800 190.630000 32.69074 51.58862 34.65147 -19.310 -126.650 -40.010 -1.031e+11 -6.371e+10 1.348e+11 0.00845 220506 220506 681761 7889 58 220475 220548 18.6645 819840000000 886570000000 743570000000 514780000000 343190000000 20.4455 0 0.00679 0.74158 0.40164 25.6025 10.8176 4.63335 0.76826 0.37391 22.6242 8.05078 8.15802 0.2837 857700000000 390900000000
 0.6900   416556 0.7000   425551      1       -1       -1       -1  0 8.67500e+11 8.19800e+11 215.373000 20.302000 114.580000  1 0.2800 188.130000 32.67476 51.60603 34.65723 -19.490 -125.400 -40.440 -1.120e+11 -5.165e+10 1.613e+11 0.00963 220507 220507 681761 7904 57 220475 220548 20.302 819840000000 857970000000 734040000000 533850000000 305060000000 19.2979 0 0.00765 0.78073 0.54818 18.3947 15.3131 9.91641 0.78524 0.58472 16.1904 13.4153 5.07231 0.2587 849200000000 400400000000
 0.6800   407547 0.6900   416556      1       -1       -1       -1  0 8.67500e+11 8.19800e+11 216.075000 22.986000 111.990000  1 0.2800 184.180000 32.68287 51.64517 34.67825 -19.010 -126.180 -39.940 -1.435e+11 -6.793e+09 1.447e+11 0.00984 220508 220508 681761 7931 56 220475 220548 22.9863 819840000000 857970000000 724510000000 552910000000 257390000000 9.83651 0 0.00773 0.85139 0.84819 22.0789 -2.19804 -5.88783 0.8523 0.73687 16.5868 6.21615 -8.24992 0.2435 839500000000 457600000000
 0.6700   398553 0.6800   407547      1       -1       -1       -1  0 8.67500e+11 7.81700e+11 213.357000 19.121000 118.020000  1 0.2800 189.500000 32.68066 51.67768 34.68929 -20.450 -124.060 -40.690 -2.395e+11 1.707e+10 9.469e+10 0.01388 220509 220509 681761 7930 55 220475 220548 19.1212 781710000000 867500000000 714970000000 591050000000 295520000000 12.5858 0 0.01065 0.86935 0.63699 -13.6003 4.31709 18.8612 0.7362 0.45626 16.9961 -2.14147 -14.7906 0.2576 828300000000 352700000000
 0.6600   389642 0.6700   398553      1       -1       -1       -1  0 8.67500e+11 7.81700e+11 214.034000 20.405000 118.180000  1 0.2800 187.930000 32.67928 51.72027 34.70468 -18.990 -121.830 -36.990 -1.813e+11 4.367e+09 -5.730e+10 0.01025 220510 220510 681761 7972 54 220475 220548 20.4052 781710000000 838900000000 714970000000 600580000000 285990000000 9.72573 0 0.0079 0.75563 0.51128 18.6658 -15.5608 -19.1317 0.45722 0.38279 22.4623 -13.2284 -15.1747 0.256 850400000000 381300000000
 0.6500   380623 0.6600   389642      1       -1       -1       -1  0 8.67500e+11 8.29400e+11 218.983000 27.907000 113.870000  1 0.2800 181.340000 32.70092 51.74731 34.71869 -16.270 -118.050 -38.640 -1.427e+11 9.263e+10 9.596e+10 0.00934 220511 220511 681761 6889 53 220475 220548 27.9068 829370000000 877040000000 734040000000 591050000000 238320000000 15.5457 0 0.00739 0.84708 0.62926 18.9555 -14.1035 -6.44572 0.68279 0.60705 18.2046 -11.6812 -1.87287 0.2418 839100000000 543400000000
 0.6400   371559 0.6500   380623      1       -1       -1       -1  0 8.67500e+11 8.48400e+11 221.330000 24.534000 112.160000  1 0.2800 189.150000 32.69208 51.78576 34.73185 -16.820 -115.250 -37.980 -1.222e+11 1.356e+11 9.864e+10 0.00965 220512 220512 681761 6903 52 220475 220548 24.5342 848440000000 867500000000 772170000000 619640000000 257390000000 19.77 0.8 0.00761 0.7903 0.72783 19.0198 -13.764 -9.05107 0.74702 0.70302 -15.3104 16.4529 0.78921 0.2305 829800000000 467100000000
 0.6300   362463 0.6400   371559      1       -1       -1       -1  0 8.67500e+11 8.77000e+11 224.471000 23.074000 117.310000  1 0.2800 195.630000 32.69345 51.81415 34.74195 -12.530 -109.040 -35.980 -8.905e+10 1.305e+11 1.602e+11 0.00992 220513 220513 681761 8041 51 220475 220548 23.0741 877040000000 877040000000 762640000000 591050000000 333650000000 30.4922 0 0.00785 0.84804 0.56532 -21.0945 17.809 17.348 0.67361 0.38836 -11.4089 21.9201 15.2061 0.241 811000000000 448100000000
 0.6200   353357 0.6300   362463      1       -1       -1       -1  0 8.67500e+11 8.67500e+11 224.326000 27.325000 119.520000  1 0.2800 189.310000 32.68827 51.86451 34.77139 -11.300 -107.170 -36.750 -2.001e+11 5.733e+10 6.419e+10 0.00974 220514 220514 681761 8008 50 220475 220548 27.3254 867500000000 877040000000 829370000000 581510000000 247860000000 37.3434 0 0.00779 0.57077 0.4054 22.7273 -7.11854 -18.7705 0.57625 0.44581 17.8959 -7.08227 -14.682 0.2525 825500000000 495700000000
 0.6100   344221 0.6200   353357      1       -1       -1       -1  0 8.57967e+11 8.58000e+11 224.161000 23.668000 119.760000  1 0.2800 195.630000 32.70262 51.89122 34.77490 -12.320 -105.470 -36.870 -1.265e+11 4.405e+10 -1.295e+09 0.00635 220515 220515 681761 8049 49 220475 220548 23.6683 857970000000 867500000000 810300000000 610110000000 314590000000 29.879 0 0.00491 0.84079 0.54042 23.395 8.18377 -4.064 0.52797 0.38404 16.1521 10.897 5.83787 0.2405 851300000000 448100000000
 0.6000   335096 0.6100   344221      1       -1       -1       -1  0 8.42067e+11 8.48400e+11 223.976000 22.029000 121.460000  1 0.2800 199.320000 32.71792 51.92859 34.78900 -11.660 -102.740 -37.040 -1.287e+11 6.859e+10 2.457e+10 0.00733 220516 220516 681761 8095 48 220475 220548 22.0293 848440000000 857970000000 810300000000 676840000000 257390000000 20.3929 0 0.00557 0.86684 0.59672 -16.5383 2.08235 20.3234 0.86601 0.38944 20.3435 3.30291 -11.8873 0.2393 956600000000 448100000000
 0.5900   325929 0.6000   335096      1       -1       -1       -1  0 8.10267e+11 8.19800e+11 222.063000 18.554000 120.600000  1 0.2800 206.100000 32.72801 51.96508 34.79720 -9.450 -101.910 -35.490 -1.539e+11 -4.517e+09 3.619e+09 0.00821 220517 220517 681761 8123 47 220475 220548 18.5539 819840000000 829370000000 762640000000 657780000000 390850000000 15.0522 0 0.00618 0.76451 0.66985 -11.479 0.49413 32.9301 0.88117 0.54324 -8.79904 1.25202 28.3974 0.2369 905900000000 400400000000
 0.5800   316698 0.5900   325929      1       -1       -1       -1  0 7.81667e+11 7.62600e+11 217.382000 16.659000 115.470000  1 0.2800 206.960000 32.73602 52.00813 34.79021 -10.160 -101.120 -33.560 -4.941e+10 8.892e+10 -1.685e+11 0.01197 220518 220518 681761 8176 46 220475 220548 16.6588 762640000000 800770000000 743570000000 610110000000 276460000000 11.2988 0 0.00897 0.97959 0.78401 25.7512 -15.5646 3.79241 0.8393 0.66609 22.3 -17.1664 2.87524 0.2268 910600000000 314600000000
 0.5700   307475 0.5800   316698      1       -1       -1       -1  0 7.53067e+11 7.62600e+11 217.981000 24.278000 108.480000  1 0.2800 191.290000 32.75497 52.03945 34.78779 -11.530 -100.600 -33.180 -7.472e+10 2.189e+11 -7.365e+10 0.01424 220519 220519 681761 8145 45 220475 220548 24.2783 762640000000 781710000000 724510000000 591050000000 285990000000 16.0581 0 0.01115 0.75747 0.6948 24.8079 12.5295 0.4021 0.65973 0.43127 15.6269 12.6405 10.5385 0.2198 806900000000 419500000000
 0.5600   298234 0.5700   307475      1       -1       -1       -1  0 7.21300e+11 7.34000e+11 215.804000 25.153000 101.990000  1 0.2800 188.490000 32.76632 52.07220 34.78953 -14.660 -97.940 -31.820 -1.240e+11 8.014e+10 -1.209e+11 0.01178 220520 220520 681761 8107 44 220475 220548 25.1526 734040000000 734040000000 724510000000 486180000000 200190000000 19.9241 0 0.00941 0.80725 0.52494 31.856 19.6837 13.0875 0.59936 0.29546 24.7377 19.8553 22.2781 0.2092 695000000000 429000000000
 0.5500   288987 0.5600   298234      1       -1       -1       -1  0 6.73633e+11 6.67300e+11 209.609000 21.065000 96.760000  1 0.2800 189.940000 32.78190 52.10478 34.80585 -22.430 -98.820 -27.460 -1.983e+11 -6.400e+10 -1.927e+11 0.02148 220521 220521 681761 8114 43 220475 220548 21.0647 667310000000 705440000000 638710000000 438520000000 238320000000 16.7176 0 0.01653 0.88439 0.66266 -16.8481 -2.62883 22.3037 0.83404 0.39845 14.1732 19.6299 15.0001 0.1849 678700000000 371800000000
 0.5400   279766 0.5500   288987      1       -1       -1       -1  0 6.64133e+11 6.19600e+11 205.026000 16.742000 94.150000  1 0.2800 196.000000 32.79387 52.15583 34.82891 -23.600 -97.610 -28.630 -1.018e+11 -2.661e+10 -1.193e+11 0.01423 220522 220522 681761 8109 42 220475 220548 16.7415 619640000000 629180000000 591050000000 457580000000 295520000000 15.7155 0 0.01057 0.94369 0.65721 -3.5489 15.6897 20.5389 0.84239 0.53677 1.05028 23.9146 7.42061 0.1696 671100000000 314600000000
 0.5300   270530 0.5400   279766      1       -1       -1       -1  0 6.64133e+11 5.91000e+11 202.335000 20.359000 91.180000  1 0.2800 185.290000 32.79494 52.18387 34.81303 -24.780 -97.050 -28.520 -1.240e+11 -1.144e+11 -7.452e+10 0.01782 220523 220523 681761 8091 41 220475 220548 20.359 591050000000 591050000000 552910000000 505250000000 123930000000 12.0218 0 0.01336 0.69054 0.48975 -7.64969 7.22054 30.2273 0.59437 0.31505 -8.846 5.18975 28.9673 0.163 676100000000 324100000000
 0.5200   261302 0.5300   270530      1       -1       -1       -1  0 6.64133e+11 5.91000e+11 202.839000 19.197000 89.300000  1 0.2800 189.430000 32.80475 52.23154 34.83406 -23.500 -94.310 -29.330 -1.242e+11 -1.114e+11 -8.048e+10 0.01827 220524 220524 681761 6946 40 220475 220548 19.1971 591050000000 600580000000 562450000000 486180000000 209730000000 4.73387 0 0.01353 0.91079 0.48743 10.2255 19.347 13.9126 0.80197 0.27064 15.7307 22.7242 1.78788 0.1532 681000000000 266900000000
 0.5100   252029 0.5200   261302      1       -1       -1       -1  0 6.64133e+11 6.10100e+11 205.495000 20.495000 88.750000  1 0.2800 190.810000 32.81254 52.27433 34.85250 -21.890 -92.840 -28.600 -1.457e+11 -3.230e+10 -3.237e+10 0.01407 220525 220525 681761 6895 39 220475 220548 20.495 610110000000 610110000000 571980000000 486180000000 123930000000 7.93221 0 0.01067 0.73693 0.53449 20.4052 23.4262 5.89834 0.579 0.38337 15.8951 24.3436 -2.29443 0.1534 680600000000 295500000000
 0.5000   242860 0.5100   252029      1       -1       -1       -1  0 6.64133e+11 6.19600e+11 207.050000 24.855000 87.880000  1 0.2800 185.990000 32.81280 52.30610 34.83771 -21.350 -91.170 -28.830 -1.879e+11 -3.985e+10 -3.801e+10 0.01741 220526 220526 681761 6894 38 220475 220548 24.8553 619640000000 619640000000 571980000000 409920000000 219260000000 20.437 0 0.01345 0.6477 0.49358 28.5434 22.2063 6.86196 0.73532 0.40194 28.1849 15.243 0.3183 0.1531 581300000000 371800000000
 0.4900   233653 0.5000   242860      1       -1       -1       -1  0 6.64133e+11 6.29200e+11 208.588000 22.405000 86.180000  1 0.2800 193.050000 32.82217 52.36002 34.85613 -19.730 -88.190 -28.030 -2.866e+11 -9.733e+10 -3.424e+10 0.02662 220527 220527 681761 7948 37 220475 220548 22.4053 629180000000 629180000000 552910000000 409920000000 257390000000 18.743 0 0.02059 0.74738 0.25864 22.2643 23.0384 9.95616 0.7024 0.1492 24.1886 19.2144 5.62301 0.1458 559600000000 305100000000
 0.4800   224481 0.4900   233653      1       -1       -1       -1  0 6.64133e+11 6.38700e+11 210.109000 36.458000 84.270000  1 0.2800 179.000000 32.84324 52.40239 34.89391 -18.040 -84.060 -27.340 -2.890e+11 -6.997e+10 -8.589e+10 0.02568 220528 220528 681761 7946 36 220475 220548 36.4582 638710000000 648240000000 591050000000 400390000000 133460000000 10.5042 0 0.02059 0.76017 0.70411 19.6917 16.9698 20.5839 0.73163 0.52279 15.6565 18.5226 18.5779 0.1451 561800000000 467100000000
 0.4700   215345 0.4800   224481      1       -1       -1       -1  0 6.64133e+11 6.38700e+11 210.570000 37.531000 80.790000  1 0.2800 179.950000 32.84218 52.45283 34.89279 -17.500 -80.370 -25.430 -3.245e+11 -5.558e+10 -1.298e+11 0.02979 220529 220529 681761 7935 35 220475 220548 37.5313 638710000000 638710000000 591050000000 409920000000 123930000000 10.492 0 0.02376 0.59483 0.45901 20.9217 22.6987 7.51116 0.41575 0.25975 22.1211 20.0845 6.69423 0.1317 549200000000 457600000000
 0.4600   206218 0.4700   215345      1       -1       -1       -1  0 6.64133e+11 6.38700e+11 211.019000 34.896000 79.140000  1 0.2800 183.870000 32.86191 52.48445 34.90331 -18.470 -76.930 -23.430 -3.139e+11 -1.133e+11 -1.182e+11 0.02937 220530 220530 681761 6754 34 220475 220548 34.8964 638710000000 638710000000 571980000000 428980000000 0 6.7537 0 0.024 0.81159 0.57943 37.4691 27.708 6.12071 0.47426 0.20762 41.5603 21.7231 6.68818 0.128 574500000000 486200000000
 0.4500   197149 0.4600   206218      1       -1       -1       -1  0 6.64133e+11 6.57800e+11 213.540000 33.735000 82.180000  1 0.2800 188.970000 32.85733 52.51550 34.91943 -22.640 -75.940 -24.250 -2.836e+11 -1.348e+11 -1.058e+11 0.02639 220531 220531 681761 6678 33 220475 220548 33.7349 657780000000 657780000000 629180000000 457580000000 0 9.80426 0 0.0216 0.77098 0.43745 56.0554 -8.93433 -13.2102 0.72202 0.10069 50.4795 -11.5407 -7.44044 0.1308 584600000000 476600000000
 0.4400   188081 0.4500   197149      1       -1       -1       -1  0 6.64133e+11 6.57800e+11 213.969000 27.642000 86.950000  1 0.2800 198.040000 32.87021 52.55960 34.93124 -19.620 -73.620 -23.570 -2.459e+11 -2.186e+11 -1.335e+11 0.02876 220532 220532 681761 7826 32 220475 220548 27.6418 657780000000 657780000000 648240000000 486180000000 0 6.3541 0 0.02339 0.69272 0.34268 49.7981 -20.5259 -28.2465 0.67422 0.06616 49.6273 3.2243 -7.76548 0.1413 632500000000 400400000000
 0.4300   179070 0.4400   188081      1       -1       -1       -1  0 6.64133e+11 6.67300e+11 215.416000 34.575000 88.360000  1 0.2800 193.350000 32.87635 52.59761 34.94688 -19.940 -71.340 -23.040 -2.400e+11 -2.029e+11 -1.549e+11 0.02788 220533 220533 681761 6668 31 220475 220548 34.5749 667310000000 657780000000 648240000000 495720000000 0 7.00241 0.84 0.02277 0.60045 0.22047 -31.4252 35.9451 31.6536 0.07604 0.03453 -26.3343 41.7719 35.859 0.1459 605100000000 495700000000
 0.4200   170072 0.4300   179070      1       -1       -1       -1  0 6.48233e+11 6.67300e+11 215.821000 47.597000 85.090000  1 0.2800 186.590000 32.89373 52.65318 34.95230 -17.350 -70.310 -23.850 -2.482e+11 -2.494e+11 -1.345e+11 0.02927 220534 220534 681761 6562 30 220475 220548 47.5973 667310000000 667310000000 648240000000 381320000000 0 9.58258 0 0.02475 0.21154 0.12211 -30.9028 26.5016 48.1425 0.1585 0.02419 -27.7936 23.5377 35.275 0.1455 586800000000 610100000000
 0.4100   161192 0.4200   170072      1       -1       -1       -1  0 6.22800e+11 6.10100e+11 209.850000 75.946000 74.060000  1 0.2800 175.590000 32.84170 52.67831 35.00063 -17.370 -66.130 -21.870 -1.725e+11 -1.946e+11 -1.393e+11 0.02516 220535 220535 681761 6490 29 220475 220548 75.9462 610110000000 562450000000 505250000000 190660000000 9533000000 49.6113 0 0.02276 0.42783 0.23584 48.0181 35.7474 15.8323 0.41891 0.217 2.03498 26.2842 17.8641 0.1381 519000000000 724500000000
 0.4000   152404 0.4100   161192      1       -1       -1       -1  0 5.84667e+11 5.91000e+11 208.004000 46.459000 69.540000  1 0.2800 183.010000 32.90415 52.73412 34.98291 -11.230 -65.380 -23.520 -1.598e+11 -4.073e+11 -1.039e+11 0.04225 220536 220536 681761 7531 28 220475 220548 46.4586 591050000000 591050000000 591050000000 104860000000 9533000000 10.0954 0 0.03699 0.65026 0.18123 11.5698 14.5637 42.588 0.25705 0.04865 8.19599 2.39322 33.7216 0.113 529400000000 552900000000
 0.3900   143704 0.4000   152404      1       -1       -1       -1  0 5.33833e+11 5.52900e+11 203.774000 53.436000 68.830000  1 0.2800 177.950000 32.91749 52.77718 34.99738 -6.750 -62.920 -20.210 -9.920e+10 -3.917e+11 -1.794e+11 0.04662 220537 220537 681761 7391 27 220475 220548 53.4356 552910000000 552910000000 543380000000 238320000000 0 10.9034 0 0.04113 0.16189 0.1224 -12.3322 -13.9699 56.9749 0.18547 0.06127 -12.1734 -14.0121 47.2651 0.1148 477200000000 572000000000
 0.3800   135213 0.3900   143704      1       -1       -1       -1  0 4.89367e+11 4.57600e+11 191.627000 32.983000 67.010000  1 0.2800 178.530000 32.87309 52.79154 34.98232 2.580 -56.340 -19.220 -1.171e+11 -1.657e+11 -2.483e+11 0.04919 220538 220538 681761 7307 26 220475 220548 32.9828 457580000000 438520000000 438520000000 333650000000 0 15.5307 1.59 0.0414 0.57125 0.27349 56.8929 25.5166 -9.84921 0.74742 0.05548 41.1185 8.91612 25.3491 0.105 417100000000 352700000000
 0.3700   126705 0.3800   135213      1       -1       -1       -1  0 4.51233e+11 4.57600e+11 191.925000 34.357000 65.090000  1 0.2800 179.690000 32.87279 52.83464 34.99508 0.420 -55.040 -18.790 -6.792e+10 -1.234e+11 -2.175e+11 0.04027 220539 220539 681761 6261 25 220475 220548 34.3566 457580000000 457580000000 448050000000 314590000000 0 19.2848 0 0.03387 0.69283 0.42001 61.6902 16.7439 -12.0794 0.10993 0 40.996 -2.92323 28.9086 0.0996 418800000000 362300000000
 0.3600   118191 0.3700   126705      1       -1       -1       -1  0 4.28967e+11 4.38500e+11 189.503000 29.889000 63.810000  1 0.2800 183.170000 32.86600 52.88077 35.03096 -1.230 -54.380 -19.880 -1.312e+11 -1.004e+11 -1.829e+11 0.04208 220540 220540 681761 7083 24 220475 220548 29.8886 438520000000 419450000000 409920000000 324120000000 0 4.96153 0 0.03504 0.87375 0.31522 42.2236 -11.4156 -20.5603 0.65475 0.03593 -5.70573 24.778 15.9363 0.0953 403700000000 324100000000
 0.3500   109833 0.3600   118191      1       -1       -1       -1  0 3.78133e+11 3.90800e+11 182.631000 32.087000 64.640000  1 0.2800 175.540000 32.90164 52.93798 35.02079 -5.420 -56.360 -16.240 -1.169e+11 -7.687e+10 -1.823e+11 0.04833 220541 220541 681761 6826 23 220475 220548 32.0873 390850000000 390850000000 381320000000 247860000000 0 28.3632 0 0.0401 0.51513 0.4105 25.6136 47.9678 -15.1271 0.68671 0.33898 21.5238 31.3067 14.6139 0.1002 337700000000 295500000000
 0.3400   101639 0.3500   109833      1       -1       -1       -1  0 3.36833e+11 3.05100e+11 168.378000 21.107000 65.080000  1 0.2800 173.980000 32.88963 52.92485 35.02612 -5.200 -55.560 -8.860 -3.912e+10 2.820e+10 -1.229e+11 0.04646 220542 220542 681761 6726 22 220475 220548 21.1066 305060000000 305060000000 305060000000 247860000000 114400000000 30.1012 0 0.03531 0.6135 0.55259 11.0377 37.0709 2.48281 0.58533 0.52767 5.12621 32.7324 7.10207 0.0966 301600000000 190700000000
 0.3300    93689 0.3400   101639      1       -1       -1       -1  0 2.92367e+11 3.14600e+11 170.334000 23.185000 60.060000  1 0.2800 175.490000 32.88736 53.00659 35.05202 -3.930 -54.310 -10.420 -4.505e+10 2.743e+10 -1.238e+11 0.04315 220543 220543 681761 6538 21 220475 220548 23.185 314590000000 314590000000 305060000000 200190000000 9533000000 19.6843 0 0.03468 0.66989 0.40207 13.6563 9.89746 -9.25463 0.546 0.13692 -11.5565 -7.44696 13.1179 0.0943 278900000000 190700000000
 0.3200    85880 0.3300    93689      1       -1       -1       -1  0 2.57400e+11 2.57400e+11 159.508000 44.527000 51.770000  1 0.2800 150.630000 32.87606 53.05705 35.08255 -4.260 -58.420 -13.510 -3.882e+10 3.388e+10 -1.163e+11 0.05258 220544 220544 681761 6383 20 220475 220548 44.5266 257390000000 257390000000 228790000000 123930000000 0 39.4529 0 0.0465 0.68674 0.19871 29.2357 30.2068 -1.31553 0.96178 0.05386 -1.6579 -17.9191 20.7248 0.0961 238800000000 286000000000
 0.3100    78315 0.3200    85880      1       -1       -1       -1  0 2.19267e+11 2.00200e+11 146.861000 34.997000 46.690000  1 0.2800 142.900000 32.87913 53.10950 35.10534 -3.880 -53.780 -13.970 -4.406e+10 2.664e+10 -6.469e+10 0.04980 220545 220545 681761 6160 19 220475 220548 34.9968 200190000000 200190000000 200190000000 76264000000 19066000000 36.0554 0 0.04664 0.31452 0.11884 24.0302 27.1967 14.0682 0.29705 0.03875 2.08075 16.2901 8.3681 0.1013 207500000000 200200000000
 0.3000    70951 0.3100    78315      1       -1       -1       -1  0 1.65243e+11 2.00200e+11 147.022000 39.626000 44.970000  1 0.2800 143.360000 32.90338 53.16915 35.06731 -6.410 -44.800 -15.080 -2.488e+10 1.110e+10 -2.598e+10 0.02166 220546 220546 681761 5120 18 220475 220548 39.6257 200190000000 200190000000 200190000000 38132000000 0 9.72797 0 0.02158 0.0544 0.04533 27.9597 56.5734 -38.2638 0.40765 0.19862 12.284 43.5638 -17.7617 0.1076 185600000000 209700000000
 0.2900    63839 0.3000    70951      1       -1       -1       -1  0 1.36643e+11 9.53300e+10 114.928000 23.678000 27.730000  1 0.2800 117.330000 32.86717 53.13423 35.09299 -3.250 -26.000 -8.210 3.425e+09 9.293e+08 1.728e+09 0.00835 220547 220547 681761 4870 17 220475 220548 23.678 95330000000 95330000000 95330000000 38132000000 19066000000 23.5212 0 0.00792 0.32648 0.02235 22.1008 29.6606 2.39404 0.6783 0.32549 9.6319 18.892 6.93725 0.0629 135500000000 85800000000
 0.2800    56995 0.2900    63839      0       -1       -1       -1  0 1.14400e+11 1.14400e+11 122.248000 28.967000 24.620000  1 0.2800 124.660000 32.86956 53.17870 35.10011 -9.300 -28.360 -7.760 -4.459e+09 5.005e+09 4.914e+09 0.01273 220548 220548 681761 5354 16 220475 220548 28.9672 114400000000 114400000000 114400000000 28599000000 0 13.991 0 0.01252 0.43249 0 26.2413 5.28363 31.0524 0.12062 0.09483 25.6554 2.21291 38.2751 0.0384 122600000000 114400000000
