 1.0000   675508 0.0000       -1      1       -1       -1       -1  0 1.62100e+11 1.23900e+11 101.998000 7.113000 86.860000  1 0.7700 94.990000 4.17230 25.05569 7.94339 -158.150 376.860 -106.210 -3.010e+10 -5.376e+10 -3.074e+09 0.02813 542274 542274 675508 1023 88 542273 542297 7.11348 123930000000 181130000000 123930000000 123930000000 9533000000 24.4278 0 0.04774 0.39797 0.16254 -9.11426 29.4044 0.91085 0.42231 0.09881 0.94597 17.0268 11.052 0.7925 214000000000 19070000000
 0.9900   667337 1.0000   675508      1       -1       -1       -1  0 1.62100e+11 1.23900e+11 102.428000 8.589000 86.420000  1 0.7700 91.010000 4.18814 25.01807 7.95290 -148.710 373.650 -95.840 -5.324e+09 -3.121e+10 -1.058e+10 0.01674 542275 542275 675508 1016 87 542273 542297 8.58887 123930000000 181130000000 123930000000 104860000000 9533000000 21.308 0 0.0259 0.11914 0.06017 -9.45528 37.1046 3.38228 0.36909 0.13681 -8.39898 20.7971 0.95613 0.7573 194400000000 47660000000
 0.9800   658991 0.9900   667337      1       -1       -1       -1  0 1.62100e+11 1.23900e+11 102.857000 3.852000 89.180000  1 0.7700 113.800000 4.21856 24.95722 7.96015 -150.120 369.340 -97.320 1.551e+10 -4.483e+10 -2.730e+10 0.04619 542276 542276 675508 1020 86 542273 542297 3.85204 123930000000 162060000000 123930000000 95330000000 85797000000 1.89509 0 0.0426 0.50758 0.30596 2.85336 -9.48311 11.3736 0.78839 0.46989 3.17995 -7.27315 7.68339 0.5451 256000000000 28600000000
 0.9700   650671 0.9800   658991      1       -1       -1       -1  0 1.62100e+11 1.23900e+11 103.286000 7.673000 83.860000  1 0.7700 94.320000 4.22041 24.93702 7.97875 -145.580 365.050 -95.570 -1.020e+09 -2.919e+10 -1.024e+10 0.01806 542277 542277 675508 2036 85 542273 542297 7.67277 123930000000 181130000000 123930000000 104860000000 9533000000 20.956 0 0.02417 0.49216 0.23188 -7.47169 21.7456 7.86469 0.33055 0 -5.27223 19.1111 4.25245 0.6875 193600000000 28600000000
 0.9600   642369 0.9700   650671      1       -1       -1       -1  0 1.62100e+11 1.43000e+11 108.781000 8.162000 78.010000  1 0.7700 98.990000 4.23723 24.89776 7.99005 -144.150 360.650 -95.000 -1.601e+10 -2.855e+10 -2.044e+10 0.01938 542278 542278 675508 2975 84 542273 542297 8.16192 142990000000 171590000000 123930000000 104860000000 9533000000 19.3645 7.3 0.02381 0.7736 0.35277 -8.79065 20.0399 10.5408 0.231 0.07242 0.81717 25.6384 6.60197 0.5986 211000000000 28600000000
 0.9500   634074 0.9600   642369      1       -1       -1       -1  0 1.62100e+11 1.43000e+11 109.229000 5.054000 74.370000  1 0.7700 113.170000 4.26270 24.84022 7.99537 -145.970 357.560 -100.110 -2.563e+10 -4.152e+10 -1.600e+10 0.03260 542279 542279 675508 1022 83 542273 542297 5.05359 142990000000 162060000000 114400000000 95330000000 85797000000 8.79985 0 0.03178 0.68932 0.30108 5.04335 -9.24258 20.4089 0.6733 0.39809 2.92863 -5.32918 19.3994 0.4582 255200000000 19070000000
 0.9400   625784 0.9500   634074      1       -1       -1       -1  0 1.62100e+11 1.62100e+11 114.350000 25.744000 70.210000  1 0.7700 84.230000 4.26598 24.82784 8.00504 -141.710 349.110 -101.550 -9.563e+10 -3.396e+10 -6.848e+10 0.05062 542280 542280 675508 1978 82 542273 542297 25.7436 162060000000 181130000000 114400000000 66731000000 9533000000 22.3619 6.69 0.06171 0.40581 0.28382 -13.1868 24.0077 7.77047 0.56856 0.08432 1.37144 9.65841 12.4914 0.5232 158600000000 133500000000
 0.9300   617469 0.9400   625784      1       -1       -1       -1  0 1.62100e+11 1.52500e+11 112.519000 23.629000 69.400000  1 0.7700 83.550000 4.28341 24.78675 8.01758 -138.580 348.230 -97.230 -8.718e+10 3.184e+08 -6.484e+10 0.05146 542281 542281 675508 1026 81 542273 542297 23.6287 152530000000 181130000000 123930000000 66731000000 9533000000 23.0445 6.01 0.06079 0.52398 0.33689 -10.1152 23.854 8.65773 0.5276 0.13335 -8.25947 11.2757 10.5309 0.5048 157800000000 133500000000
 0.9200   609131 0.9300   617469      1       -1       -1       -1  0 1.62100e+11 1.43000e+11 110.570000 16.455000 70.270000  1 0.7700 86.530000 4.32775 24.73599 8.03469 -138.430 340.930 -101.660 -7.889e+10 5.364e+09 -3.326e+09 0.04110 542282 542282 675508 1987 80 542273 542297 16.4548 142990000000 152530000000 123930000000 76264000000 0 25.6997 0 0.04948 0.64753 0.15822 25.3072 14.8729 20.673 0.121 0 23.1111 11.9964 24.2459 0.5286 164200000000 95330000000
 0.9100   600781 0.9200   609131      1       -1       -1       -1  0 1.62100e+11 1.43000e+11 111.014000 19.168000 71.780000  1 0.7700 84.690000 4.31915 24.70259 8.04340 -136.860 336.770 -101.710 -7.671e+10 2.347e+09 -5.041e+09 0.04033 542283 542283 675508 2053 79 542273 542297 19.1682 142990000000 181130000000 123930000000 76264000000 9533000000 25.8809 0 0.04825 0.36391 0.10857 4.26684 11.3354 24.2643 0.22232 0 5.63843 7.83688 17.6998 0.5352 160600000000 104900000000
 0.9000   592433 0.9100   600781      1       -1       -1       -1  0 1.62100e+11 1.23900e+11 106.266000 7.548000 72.150000  1 0.7700 97.640000 4.34350 24.64994 8.03359 -130.920 330.800 -94.590 -9.710e+10 2.620e+10 9.794e+08 0.08388 542284 542284 675508 1028 78 542273 542297 7.5476 123930000000 152530000000 123930000000 85797000000 57198000000 3.5765 0 0.08038 0.28275 0.21629 15.4891 8.72071 7.69619 0.10277 0.02202 15.7289 8.49132 12.3611 0.4403 174300000000 57200000000
 0.8900   584031 0.9000   592433      1       -1       -1       -1  0 1.62100e+11 1.52500e+11 114.334000 20.056000 69.610000  1 0.7700 86.940000 4.35609 24.61573 8.07023 -128.520 328.050 -99.360 -7.987e+10 -6.217e+09 -8.337e+10 0.05460 542285 542285 675508 1039 77 542273 542297 20.0558 152530000000 181130000000 123930000000 85797000000 0 24.3766 9.7 0.0656 0.16778 0.05929 9.95978 7.34938 37.9767 0.04754 0 11.3297 7.65581 43.5389 0.5154 161400000000 123900000000
 0.8800   575652 0.8900   584031      1       -1       -1       -1  0 1.62100e+11 1.43000e+11 112.341000 16.603000 66.860000  1 0.7700 87.880000 4.37503 24.57127 8.08404 -131.310 327.030 -99.280 -9.592e+10 1.548e+10 -4.787e+10 0.06094 542286 542286 675508 2056 76 542273 542297 16.6026 142990000000 181130000000 123930000000 76264000000 0 27.2966 0 0.06868 0.27761 0.06089 8.62692 3.26486 38.3874 0.43081 0.08628 6.80794 4.48394 26.2461 0.4613 161200000000 85800000000
 0.8700   567196 0.8800   575652      1       -1       -1       -1  0 1.62100e+11 1.43000e+11 112.781000 12.023000 66.540000  1 0.7700 94.080000 4.40666 24.50405 8.09403 -129.880 322.630 -99.320 -9.459e+10 1.515e+10 -4.842e+10 0.06342 542287 542287 675508 1041 75 542273 542297 12.0228 142990000000 162060000000 123930000000 104860000000 0 22.0351 0 0.06833 0.49017 0.35848 22.2326 -17.5564 28.0086 0.47708 0.30866 23.0584 -15.9964 21.7331 0.4348 172700000000 57200000000
 0.8600   558732 0.8700   567196      1       -1       -1       -1  0 1.62100e+11 1.43000e+11 113.219000 13.470000 69.650000  1 0.7700 92.300000 4.42490 24.45936 8.10708 -128.430 318.140 -99.330 -9.350e+10 1.495e+10 -4.900e+10 0.06192 542288 542288 675508 1040 74 542273 542297 13.4703 142990000000 162060000000 123930000000 104860000000 0 20.8319 0 0.06813 0.55245 0.28134 26.2434 -8.44698 22.3802 0.61347 0.01088 25.3322 -6.14529 13.4466 0.4662 164300000000 85800000000
 0.8500   550297 0.8600   558732      1       -1       -1       -1  0 1.62100e+11 1.43000e+11 113.656000 13.946000 73.330000  1 0.7700 92.080000 4.44748 24.41549 8.11742 -126.970 313.570 -99.320 -9.255e+10 1.487e+10 -4.972e+10 0.05874 542289 542289 675508 2085 73 542273 542297 13.9462 142990000000 162060000000 123930000000 95330000000 0 21.0756 0 0.06807 0.309 0.16424 28.9863 -1.56334 17.6063 0.66119 0.29944 30.0299 -13.1423 15.879 0.5172 156600000000 76260000000
 0.8400   541777 0.8500   550297      1       -1       -1       -1  0 1.62100e+11 1.43000e+11 114.091000 13.669000 73.580000  1 0.7700 92.900000 4.46493 24.36316 8.12968 -125.480 308.890 -99.270 -9.151e+10 1.491e+10 -5.066e+10 0.05895 542290 542290 675508 1027 72 542273 542297 13.6688 142990000000 152530000000 133460000000 85797000000 0 18.7839 0 0.06805 0.16409 0.03424 34.9695 -7.03889 23.0698 0.10839 0.01727 35.3011 -6.12134 22.5755 0.517 154000000000 85800000000
 0.8300   533249 0.8400   541777      1       -1       -1       -1  0 1.62100e+11 1.62100e+11 119.403000 18.179000 67.710000  1 0.7700 92.950000 4.47454 24.33833 8.15726 -127.220 305.230 -98.430 -7.880e+10 -2.224e+08 1.631e+09 0.03675 542291 542291 675508 3047 71 542273 542297 18.1788 162060000000 171590000000 123930000000 95330000000 0 17.0236 3.15 0.04137 0.29427 0.17032 20.5786 10.9394 32.9381 0.44887 0.18946 18.0802 12.6339 27.9011 0.4417 158200000000 104900000000
 0.8200   524668 0.8300   533249      1       -1       -1       -1  0 1.62100e+11 1.62100e+11 119.852000 20.161000 62.740000  1 0.7700 91.790000 4.49544 24.28956 8.17277 -127.280 303.670 -96.880 -8.089e+10 -4.067e+09 4.116e+09 0.03978 542292 542292 675508 1035 70 542273 542297 20.1611 162060000000 171590000000 123930000000 95330000000 0 17.1819 0 0.04275 0.27772 0.22351 20.8463 8.44093 31.5485 0.20416 0 18.161 13.1352 33.4894 0.381 154300000000 104900000000
 0.8100   516026 0.8200   524668      1       -1       -1       -1  0 1.62100e+11 1.62100e+11 120.300000 23.950000 57.260000  1 0.7700 89.880000 4.51668 24.24004 8.18858 -120.030 296.940 -100.470 -7.896e+10 2.024e+09 -6.333e+09 0.04123 542293 542293 675508 2119 69 542273 542297 23.9504 162060000000 171590000000 133460000000 57198000000 0 9.17746 6.13 0.04195 0.35589 0.12343 15.0577 22.0703 31.464 0.17457 0 19.203 20.3812 28.5814 0.3116 159100000000 133500000000
 0.8000   507355 0.8100   516026      1       -1       -1       -1  0 1.62100e+11 1.52500e+11 118.329000 19.626000 57.430000  1 0.7700 90.940000 4.53826 24.18977 8.20470 -124.050 293.250 -98.200 -6.757e+10 8.668e+09 -7.930e+09 0.04037 542294 542294 675508 1066 68 542273 542297 19.6258 152530000000 171590000000 133460000000 85797000000 0 15.9197 0 0.04035 0.77606 0.30796 10.2647 22.228 27.6226 0.71452 0.28421 14.8278 -1.33652 35.099 0.3082 160800000000 104900000000
 0.7900   498720 0.8000   507355      1       -1       -1       -1  0 1.62100e+11 1.52500e+11 118.763000 16.135000 58.310000  1 0.7700 94.610000 4.54133 24.14896 8.21619 -119.970 288.230 -104.380 -7.356e+10 4.904e+09 -1.130e+10 0.04523 542295 542295 675508 1050 67 542273 542297 16.1348 152530000000 152530000000 133460000000 95330000000 9533000000 12.7509 7.43 0.04407 0.80589 0.35853 7.3242 21.1456 18.9716 0.39127 0.06231 -4.69347 0.54232 24.0991 0.3055 167700000000 95330000000
 0.7800   490081 0.7900   498720      1       -1       -1       -1  0 1.62100e+11 1.52500e+11 119.195000 14.587000 60.090000  1 0.7700 97.000000 4.56472 24.09760 8.23432 -116.490 286.340 -98.890 -1.900e+10 3.395e+10 6.903e+10 0.05029 542296 542296 675508 1048 66 542273 542297 14.587 152530000000 162060000000 123930000000 114400000000 9533000000 3.91694 3.76 0.04704 0.91519 0.34914 -1.01178 2.66482 22.0935 0.40315 0.09362 -8.18906 4.84449 23.945 0.2917 169400000000 85800000000
 0.7700   481389 0.7800   490081      0       -1       -1       -1  0 1.62100e+11 1.62100e+11 122.066000 15.478000 63.150000  1 0.7700 98.740000 4.60512 24.03439 8.25496 -121.120 280.040 -98.430 -2.801e+10 -9.208e+09 1.401e+10 0.01845 542297 542297 675508 1056 65 542273 542297 15.4784 162060000000 162060000000 123930000000 114400000000 28599000000 8.2849 3.59 0.0176 0.9589 0.26274 9.23378 20.4714 -1.97089 0.64638 0.08715 18.2278 1.14615 14.5066 0.3092 173300000000 104900000000
