 1.0000   674603 0.0000       -1      1       -1       -1       -1  0 2.03367e+11 1.43000e+11 106.982000 8.662000 88.980000  1 0.5000 95.980000 16.95308 17.14371 33.81805 -24.410 523.700 -13.630 2.174e+10 5.220e+10 6.863e+10 0.02858 533843 533843 674603 118 88 533842 533893 8.66219 181130000000 238320000000 142990000000 57198000000 0 39.2334 0 0.05421 0.06039 0 42.8003 -21.1209 9.14929 0.711 0.14371 24.1919 4.8929 19.0425 0.8215 229100000000 9533000000
 0.9900   666426 1.0000   674603      1       -1       -1       -1  0 2.03367e+11 1.33500e+11 104.990000 3.039000 84.810000  1 0.5000 125.990000 16.91955 17.10120 33.79573 -29.720 497.530 -33.250 3.028e+10 3.415e+10 4.274e+10 0.05869 533844 533844 674603 107 87 533842 533893 3.03916 162060000000 190660000000 142990000000 133460000000 123930000000 3.25448 0 0.04289 0.38888 0.19498 -8.8257 17.37 2.76395 0.41169 0.03394 -9.05279 16.7388 5.35731 0.3918 372600000000 38130000000
 0.9800   658092 0.9900   666426      1       -1       -1       -1  0 2.03367e+11 1.43000e+11 107.882000 3.291000 99.000000  1 0.5000 127.170000 16.92427 17.04706 33.79973 -18.720 497.120 -39.760 4.606e+09 4.705e+10 5.201e+10 0.05460 533845 533845 674603 113 86 533842 533893 3.29105 181130000000 209730000000 162060000000 133460000000 123930000000 6.86507 0 0.0431 0.21205 0.11567 -6.06844 22.1789 0.19984 0.02749 0.00626 -5.21272 23.4044 0.468 0.4933 375900000000 47660000000
 0.9700   649777 0.9800   658092      1       -1       -1       -1  0 2.03367e+11 1.33500e+11 105.869000 3.445000 86.650000  1 0.5000 122.170000 16.92620 16.99583 33.80607 -24.880 478.650 -60.960 2.832e+10 3.151e+10 4.023e+10 0.05665 533846 533846 674603 1126 85 533842 533893 3.44454 181130000000 219260000000 171590000000 142990000000 114400000000 5.82768 0 0.04031 0.3756 0.27776 -0.90031 12.0618 -0.34776 0.33321 0.09667 -1.0299 13.8808 -0.70238 0.3872 343300000000 47660000000
 0.9600   641486 0.9700   649777      1       -1       -1       -1  0 2.03367e+11 1.33500e+11 106.308000 3.365000 85.890000  1 0.5000 123.610000 16.92858 16.94368 33.81336 -18.440 471.140 -72.630 2.895e+10 3.055e+10 4.127e+10 0.05820 533847 533847 674603 2055 84 533842 533893 3.36473 209730000000 247860000000 162060000000 142990000000 104860000000 5.96855 0 0.0408 0.5847 0.32134 1.72171 12.6439 1.71391 0.50526 0.11703 3.37734 11.3234 2.97742 0.3746 329100000000 57200000000
 0.9500   633194 0.9600   641486      1       -1       -1       -1  0 2.03367e+11 1.33500e+11 106.746000 3.281000 84.910000  1 0.5000 125.150000 16.92736 16.89644 33.82246 -11.030 462.250 -80.850 2.855e+10 3.046e+10 4.174e+10 0.05927 533848 533848 674603 100 83 533842 533893 3.28085 200190000000 219260000000 162060000000 142990000000 104860000000 0.00053 0 0.04099 0.70557 0.36893 1.77123 9.36258 5.69013 0.74161 0.11627 1.17003 8.17266 6.04836 0.362 333700000000 66730000000
 0.9400   624910 0.9500   633194      1       -1       -1       -1  0 2.03367e+11 1.33500e+11 107.184000 3.599000 83.020000  1 0.5000 122.140000 16.93072 16.83816 33.83182 -6.160 451.460 -88.310 2.845e+10 3.070e+10 4.119e+10 0.05725 533849 533849 674603 1053 82 533842 533893 3.59856 162060000000 190660000000 152530000000 133460000000 104860000000 6.05105 0 0.04091 0.69573 0.52615 -6.38452 7.19723 6.04712 0.5947 0.31932 -7.26493 6.98084 5.4023 0.3657 332600000000 57200000000
 0.9300   616601 0.9400   624910      1       -1       -1       -1  0 2.03367e+11 1.33500e+11 107.620000 3.560000 79.730000  1 0.5000 123.110000 16.93233 16.78450 33.84359 0.970 439.850 -96.070 2.871e+10 3.068e+10 4.276e+10 0.05811 533850 533850 674603 100 81 533842 533893 3.5599 142990000000 142990000000 142990000000 123930000000 104860000000 7.33196 2.44 0.0419 0.81248 0.70282 -8.01851 9.90549 4.55438 0.81248 0.70282 -8.01851 9.90549 4.55438 0.35 334300000000 47660000000
 0.9200   608276 0.9300   616601      1       -1       -1       -1  0 2.03367e+11 1.33500e+11 108.056000 3.435000 77.180000  1 0.5000 125.080000 16.93048 16.73253 33.85490 5.900 427.470 -103.300 2.882e+10 2.992e+10 4.243e+10 0.05820 533851 533851 674603 1119 80 533842 533893 3.43458 142990000000 142990000000 133460000000 123930000000 114400000000 5.87202 2.67 0.04164 0.77885 0.42431 -5.87094 9.56464 5.38234 0.77885 0.42431 -5.87094 9.56464 5.38234 0.3301 332300000000 38130000000
 0.9100   599935 0.9200   608276      1       -1       -1       -1  0 2.03367e+11 1.33500e+11 108.490000 3.544000 78.950000  1 0.5000 124.450000 16.93039 16.67836 33.86700 7.880 416.330 -110.010 2.885e+10 2.949e+10 4.084e+10 0.05664 533852 533852 674603 1138 79 533842 533893 3.54363 133460000000 152530000000 133460000000 123930000000 114400000000 7.54131 0 0.04086 0.6061 0.32453 -8.82471 16.7803 6.257 0.59218 0.28292 -9.63277 17.2344 5.34588 0.3417 325400000000 47660000000
 0.9000   591587 0.9100   599935      1       -1       -1       -1  0 2.03367e+11 1.33500e+11 108.924000 3.639000 81.490000  1 0.5000 124.020000 16.92778 16.62730 33.88284 12.270 405.090 -116.620 2.908e+10 2.922e+10 4.061e+10 0.05654 533853 533853 674603 110 78 533842 533893 3.63883 142990000000 142990000000 142990000000 123930000000 104860000000 5.39692 0 0.04087 0.34878 0.21923 -5.40967 12.1412 3.16293 0.2827 0.15384 -4.82913 11.3203 2.77632 0.3559 310500000000 57200000000
 0.8900   583189 0.9000   591587      1       -1       -1       -1  0 2.03367e+11 1.33500e+11 109.356000 4.142000 79.910000  1 0.5000 119.770000 16.92495 16.57702 33.89903 16.770 394.090 -122.870 2.933e+10 2.900e+10 4.044e+10 0.05810 533854 533854 674603 105 77 533842 533893 4.14164 142990000000 171590000000 133460000000 123930000000 95330000000 2.8162 0 0.04095 0.40115 0.27882 -4.34411 15.64 4.49128 0.36421 0.23074 -3.68457 15.7846 5.20212 0.3346 294800000000 47660000000
 0.8800   574812 0.8900   583189      1       -1       -1       -1  0 2.03367e+11 1.33500e+11 109.787000 4.177000 75.420000  1 0.5000 120.050000 16.91768 16.53242 33.91612 21.710 383.600 -129.040 2.925e+10 2.865e+10 4.013e+10 0.05728 533855 533855 674603 1144 76 533842 533893 4.1771 152530000000 190660000000 142990000000 123930000000 76264000000 6.96986 0 0.04079 0.50125 0.41797 -3.39056 15.6655 2.75573 0.43721 0.37435 -2.03643 16.0824 3.18455 0.313 292200000000 47660000000
 0.8700   566358 0.8800   574812      1       -1       -1       -1  0 2.03367e+11 1.33500e+11 110.217000 4.140000 73.370000  1 0.5000 120.970000 16.91865 16.47074 33.93422 30.550 367.530 -139.780 1.015e+10 1.393e+10 5.191e+10 0.05485 533856 533856 674603 106 75 533842 533893 4.14016 209730000000 228790000000 152530000000 142990000000 85797000000 4.11584 0 0.03906 0.51796 0.29336 -1.32768 19.5069 2.41393 0.36626 0.0504 0.61428 20.5836 0.0031 0.296 294000000000 47660000000
 0.8600   557898 0.8700   566358      1       -1       -1       -1  0 2.03367e+11 1.33500e+11 110.645000 3.837000 73.960000  1 0.5000 124.430000 16.91414 16.41884 33.95406 34.330 356.750 -143.980 1.148e+10 1.463e+10 5.004e+10 0.05490 533857 533857 674603 112 74 533842 533893 3.8369 219260000000 247860000000 162060000000 142990000000 104860000000 4.41282 0 0.03827 0.59562 0.49178 -1.20825 15.4793 5.62773 0.57103 0.45228 -1.7866 14.9885 6.26339 0.2886 298700000000 38130000000
 0.8500   549465 0.8600   557898      1       -1       -1       -1  0 2.03367e+11 1.71600e+11 120.777000 5.334000 79.970000  1 0.5000 126.330000 16.90695 16.37508 33.97529 35.770 343.250 -137.910 8.706e+10 5.975e+10 8.909e+10 0.08383 533858 533858 674603 1164 73 533842 533893 5.33418 228790000000 238320000000 142990000000 133460000000 95330000000 12.552 0 0.0654 0.72752 0.47471 -10.4908 12.2055 -3.54429 0.91018 0.0953 9.81384 -8.88312 -6.94433 0.3327 264200000000 66730000000
 0.8400   540948 0.8500   549465      1       -1       -1       -1  0 2.03367e+11 1.81100e+11 123.444000 7.034000 85.770000  1 0.5000 120.160000 16.90542 16.32439 34.00975 46.460 334.640 -140.850 5.415e+10 1.397e+11 9.713e+10 0.09234 533859 533859 674603 95 72 533842 533893 7.03416 209730000000 247860000000 181130000000 133460000000 95330000000 3.84647 0 0.07754 0.72421 0.26947 1.27324 5.6832 14.6429 0.52672 0.23333 -5.9856 11.7499 7.19262 0.3908 276100000000 76260000000
 0.8300   532422 0.8400   540948      1       -1       -1       -1  0 2.03367e+11 1.90700e+11 126.050000 12.758000 87.650000  1 0.5000 106.410000 16.91548 16.29378 34.04197 57.120 322.320 -138.560 9.093e+10 2.047e+11 6.946e+10 0.08385 533860 533860 674603 2114 71 533842 533893 12.7578 228790000000 247860000000 190660000000 133460000000 0 24.8965 0 0.09389 0.2843 0.1018 10.7829 39.1491 20.3626 0.47275 0.0462 17.1645 11.8051 11.0932 0.5345 252900000000 66730000000
 0.8200   523843 0.8300   532422      1       -1       -1       -1  0 2.03367e+11 1.90700e+11 126.524000 11.705000 87.050000  1 0.5000 109.050000 16.90637 16.24315 34.06440 60.900 311.720 -137.400 9.124e+10 2.005e+11 6.743e+10 0.08670 533861 533861 674603 100 70 533842 533893 11.7051 200190000000 219260000000 190660000000 152530000000 9533000000 25.3677 0 0.09264 0.29865 0.16453 11.3067 30.6621 15.7798 0.12269 0.07071 15.1172 16.3907 12.6764 0.5072 257700000000 66730000000
 0.8100   515201 0.8200   523843      1       -1       -1       -1  0 2.03367e+11 1.81100e+11 124.843000 5.561000 85.350000  1 0.5000 130.450000 16.88494 16.16512 34.07202 58.730 300.770 -136.870 9.219e+10 1.284e+11 6.060e+10 0.09642 533862 533862 674603 1181 69 533842 533893 5.56132 190660000000 209730000000 181130000000 142990000000 95330000000 12.3696 0 0.07445 0.60341 0.34262 -1.35306 15.5325 1.9827 0.66941 0.2997 -2.8177 13.9897 3.45638 0.3471 294200000000 76260000000
 0.8000   506535 0.8100   515201      1       -1       -1       -1  0 2.03367e+11 1.81100e+11 125.305000 4.752000 82.590000  1 0.5000 137.430000 16.87205 16.11164 34.09457 67.680 289.670 -132.570 8.468e+10 1.197e+11 6.613e+10 0.09146 533863 533863 674603 752 68 533842 533893 4.75214 190660000000 209730000000 190660000000 142990000000 104860000000 14.6439 5.84 0.07104 0.49185 0.30037 -8.91203 12.1804 13.4301 0.59206 0.44955 -7.34073 10.7912 10.1667 0.3357 338900000000 47660000000
 0.7900   497904 0.8000   506535      1       -1       -1       -1  0 2.03367e+11 1.81100e+11 125.765000 5.492000 81.480000  1 0.5000 132.370000 16.86153 16.06454 34.12167 65.670 279.790 -131.940 8.640e+10 1.243e+11 5.470e+10 0.09122 533864 533864 674603 107 67 533842 533893 5.49169 190660000000 228790000000 181130000000 133460000000 114400000000 10.3855 0 0.07143 0.66506 0.30267 -3.17569 18.5649 10.7807 0.39983 0.07176 0.57834 19.9877 12.3505 0.3312 312000000000 28600000000
 0.7800   489269 0.7900   497904      1       -1       -1       -1  0 2.03367e+11 1.90700e+11 128.398000 8.576000 83.840000  1 0.5000 120.240000 16.84760 16.02563 34.16048 72.990 268.210 -125.100 9.312e+10 1.899e+11 6.320e+10 0.10319 533865 533865 674603 96 66 533842 533893 8.57561 190660000000 219260000000 181130000000 142990000000 57198000000 8.66544 0 0.09035 0.71391 0.43175 -2.46811 26.3256 9.64373 0.58214 0.43144 -0.79883 23.7644 10.4605 0.3884 266900000000 57200000000
 0.7700   480581 0.7800   489269      1       -1       -1       -1  0 2.03367e+11 2.09700e+11 133.020000 11.814000 82.170000  1 0.5000 116.200000 16.83258 15.97749 34.18322 78.170 256.140 -121.790 1.384e+11 2.917e+11 3.492e+10 0.12615 533866 533866 674603 105 65 533842 533893 11.8143 209730000000 209730000000 181130000000 142990000000 85797000000 6.30091 3.6 0.11392 0.5285 0.21959 -4.7571 24.5694 5.90424 0.52419 0.16142 -5.32464 23.9264 1.85272 0.378 239900000000 104900000000
 0.7600   471882 0.7700   480581      1       -1       -1       -1  0 2.03367e+11 2.00200e+11 131.440000 8.903000 79.820000  1 0.5000 122.920000 16.81688 15.92986 34.20582 77.500 244.380 -118.730 1.109e+11 2.203e+11 2.810e+10 0.11067 533867 533867 674603 108 64 533842 533893 8.90333 200190000000 209730000000 181130000000 142990000000 76264000000 8.3088 0 0.09453 0.83982 0.5356 15.4408 -10.0661 -4.81941 0.52114 0.18013 -6.00427 17.0793 6.43296 0.3445 233000000000 76260000000
 0.7500   463140 0.7600   471882      1       -1       -1       -1  0 1.87500e+11 2.00200e+11 131.904000 30.811000 78.450000  1 0.5000 97.160000 16.80481 15.86637 34.26870 79.690 232.410 -117.610 1.200e+11 2.547e+11 5.740e+10 0.09469 533868 533868 674603 909 63 533842 533893 30.8113 200190000000 200190000000 171590000000 104860000000 0 39.6601 0 0.10999 0.2397 0.12913 -6.54653 -16.0133 37.9468 0.48366 0.26865 -6.38465 -6.86753 44.699 0.4834 190600000000 171600000000
 0.7400   454350 0.7500   463140      1       -1       -1       -1  0 1.74800e+11 1.62100e+11 123.362000 6.011000 67.660000  1 0.5000 126.550000 16.81102 15.82826 34.25277 66.010 222.010 -126.280 4.483e+10 4.838e+10 6.000e+10 0.06666 533869 533869 674603 1835 62 533842 533893 6.01099 162060000000 162060000000 162060000000 142990000000 104860000000 2.70741 0 0.04877 0.81701 0.37399 14.7031 -5.50025 1.22361 0.84051 0.2166 13.8443 -6.32202 0.71481 0.2301 276200000000 28600000000
 0.7300   445529 0.7400   454350      1       -1       -1       -1  0 1.62100e+11 1.62100e+11 123.789000 4.850000 69.100000  1 0.5000 135.580000 16.79930 15.78578 34.27393 67.260 213.020 -122.390 4.479e+10 4.746e+10 5.912e+10 0.06766 533870 533870 674603 788 61 533842 533893 4.84999 162060000000 162060000000 162060000000 142990000000 114400000000 6.21281 0 0.04841 0.65161 0.46821 -10.2907 18.2424 3.35589 0.50132 0.3848 -11.8293 17.7398 3.373 0.2274 309800000000 19070000000
 0.7200   436657 0.7300   445529      1       -1       -1       -1  0 1.62100e+11 1.62100e+11 124.212000 5.098000 76.840000  1 0.5000 134.410000 16.78670 15.73982 34.30013 68.060 204.450 -118.830 4.476e+10 4.636e+10 5.833e+10 0.06806 533871 533871 674603 794 60 533842 533893 5.0977 162060000000 162060000000 152530000000 142990000000 123930000000 5.99555 0 0.04803 0.49537 0.41175 -4.63425 21.9304 1.35899 0.36593 0.32634 -7.133 22.4931 -0.41685 0.2605 308500000000 38130000000
 0.7100   427720 0.7200   436657      1       -1       -1       -1  0 1.62100e+11 1.52500e+11 122.138000 4.613000 83.350000  1 0.5000 135.760000 16.77352 15.69083 34.32561 67.840 197.590 -116.040 3.983e+10 3.927e+10 4.859e+10 0.06346 533872 533872 674603 935 59 533842 533893 4.61289 152530000000 162060000000 152530000000 142990000000 123930000000 6.24608 0 0.04554 0.41484 0.32332 -0.17101 20.2148 1.18102 0.38521 0.2938 -1.60651 20.2287 1.25897 0.3076 302200000000 38130000000
 0.7000   418751 0.7100   427720      1       -1       -1       -1  0 1.62100e+11 1.52500e+11 122.546000 8.493000 79.230000  1 0.5000 115.100000 16.73826 15.66919 34.33629 68.540 190.080 -113.550 4.058e+10 3.842e+10 4.874e+10 0.05108 533873 533873 674603 913 58 533842 533893 8.49259 152530000000 171590000000 152530000000 142990000000 0 31.5066 0 0.04582 0.58738 0.34778 23.2775 -12.0184 16.0788 0.3177 0.03595 21.4574 0.37606 24.5205 0.3863 213200000000 38130000000
 0.6900   409764 0.7000   418751      1       -1       -1       -1  0 1.62100e+11 1.62100e+11 125.461000 7.650000 70.290000  1 0.5000 122.140000 16.74476 15.60570 34.38303 68.340 180.830 -109.250 4.429e+10 4.383e+10 5.623e+10 0.06420 533874 533874 674603 936 57 533842 533893 7.65017 162060000000 162060000000 162060000000 152530000000 76264000000 7.02504 0 0.04715 0.59482 0.3385 11.8329 13.6292 -1.74319 0.55969 0.30071 10.8802 14.7403 0.05277 0.2415 245600000000 57200000000
 0.6800   400755 0.6900   409764      1       -1       -1       -1  0 1.62100e+11 1.62100e+11 125.870000 17.056000 67.920000  1 0.5000 102.160000 16.68077 15.56800 34.38509 67.770 173.430 -106.240 4.413e+10 4.316e+10 5.537e+10 0.04505 533875 533875 674603 983 56 533842 533893 17.0555 162060000000 171590000000 152530000000 76264000000 0 47.9715 0 0.04684 0.26551 0.05295 47.7822 -17.5617 23.3034 0.68239 0.19328 13.5735 -25.4396 29.1121 0.3731 180400000000 85800000000
 0.6700   391766 0.6800   400755      1       -1       -1       -1  0 1.62100e+11 1.62100e+11 126.275000 17.947000 63.100000  1 0.5000 101.850000 16.66677 15.52317 34.40343 66.680 166.060 -103.180 4.444e+10 4.218e+10 5.455e+10 0.04447 533876 533876 674603 3232 55 533842 533893 17.9467 162060000000 162060000000 162060000000 85797000000 0 50.2565 0 0.04661 0.15062 0.0275 54.6872 -13.0945 33.257 0.35487 0.01907 19.0969 -15.9219 31.9159 0.3426 177700000000 85800000000
 0.6600   382802 0.6700   391766      1       -1       -1       -1  0 1.62100e+11 1.62100e+11 126.676000 10.029000 65.350000  1 0.5000 116.220000 16.66189 15.47762 34.45204 68.100 161.130 -108.120 1.738e+10 2.907e+10 6.461e+10 0.04673 533877 533877 674603 2034 54 533842 533893 10.0293 162060000000 162060000000 162060000000 142990000000 19066000000 36.4781 0 0.04169 0.39048 0.15019 31.1713 0.79228 6.44485 0.02155 0 50.9736 17.9355 15.0207 0.2773 206000000000 28600000000
 0.6500   373747 0.6600   382802      1       -1       -1       -1  0 1.62100e+11 1.62100e+11 127.073000 10.905000 65.970000  1 0.5000 114.670000 16.65205 15.43538 34.47826 67.630 154.910 -105.600 1.712e+10 2.935e+10 6.387e+10 0.04848 533878 533878 674603 909 53 533842 533893 10.9053 162060000000 162060000000 152530000000 152530000000 19066000000 30.5277 0 0.0416 0.4735 0.25944 34.3723 -7.3645 15.5134 0.20619 0.0473 40.809 -15.6415 13.6402 0.2637 217100000000 57200000000
 0.6400   364667 0.6500   373747      1       -1       -1       -1  0 1.62100e+11 1.52500e+11 124.916000 4.605000 67.300000  1 0.5000 142.430000 16.66179 15.39598 34.52428 64.110 148.240 -102.560 1.280e+10 3.225e+10 5.027e+10 0.05715 533879 533879 674603 913 52 533842 533893 4.6054 152530000000 162060000000 152530000000 142990000000 133460000000 2.7806 0 0.0391 0.73965 0.55654 18.1736 -10.3284 7.67682 0.73965 0.55654 18.1736 -10.3284 7.67682 0.1937 315600000000 19070000000
 0.6300   355548 0.6400   364667      1       -1       -1       -1  0 1.62100e+11 1.62100e+11 127.854000 4.449000 80.550000  1 0.5000 148.880000 16.64765 15.35947 34.55164 60.560 140.470 -95.400 3.440e+10 -2.948e+10 3.140e+10 0.04923 533880 533880 674603 862 51 533842 533893 4.44903 162060000000 162060000000 142990000000 142990000000 114400000000 7.6304 0 0.0321 0.64151 0.40195 9.71677 -5.79904 1.83307 0.36348 0.1611 12.0599 -7.12306 1.22553 0.2309 307000000000 76260000000
 0.6200   346439 0.6300   355548      1       -1       -1       -1  0 1.62100e+11 1.52500e+11 125.672000 8.634000 79.470000  1 0.5000 121.040000 16.60940 15.31227 34.54464 62.220 137.710 -98.250 1.195e+10 3.228e+10 4.855e+10 0.03993 533881 533881 674603 886 50 533842 533893 8.63403 152530000000 152530000000 142990000000 123930000000 0 42.1623 0 0.03859 0.24733 0.09496 13.7403 12.0121 34.6194 0.21381 0.01565 12.728 11.7256 27.6373 0.4022 207600000000 9533000000
 0.6100   337305 0.6200   346439      1       -1       -1       -1  0 1.62100e+11 1.43000e+11 123.360000 13.531000 62.700000  1 0.5000 106.780000 16.58949 15.26991 34.56674 58.130 129.110 -95.580 2.008e+10 2.693e+10 5.343e+10 0.04699 533882 533882 674603 888 49 533842 533893 13.5311 142990000000 142990000000 133460000000 114400000000 0 49.8354 0 0.04588 0.17632 0.00708 9.04628 21.1481 27.9806 0.45626 0.43065 21.0508 9.96499 44.3552 0.3067 162200000000 28600000000
 0.6000   328144 0.6100   337305      1       -1       -1       -1  0 1.62100e+11 1.71600e+11 131.471000 7.426000 61.700000  1 0.5000 134.420000 16.59273 15.23505 34.64270 56.420 124.580 -93.790 6.060e+10 -1.141e+11 2.478e+10 0.08992 533883 533883 674603 1895 48 533842 533893 7.42599 171590000000 171590000000 142990000000 133460000000 66731000000 20.5488 15.64 0.07105 0.8304 0.4397 20.5138 -15.4189 4.52759 0.72517 0.28809 19.557 -17.1676 5.40291 0.2045 263500000000 19070000000
 0.5900   318945 0.6000   328144      1       -1       -1       -1  0 1.62100e+11 1.52500e+11 126.770000 8.297000 61.810000  1 0.5000 125.110000 16.57841 15.19751 34.67183 53.660 119.910 -92.170 2.986e+10 -2.093e+10 4.379e+10 0.04824 533884 533884 674603 855 47 533842 533893 8.2972 152530000000 152530000000 152530000000 142990000000 38132000000 3.24588 8.41 0.03771 0.60315 0.27129 29.6835 -11.482 5.03979 0.13206 0.09885 25.6571 -21.1223 3.83461 0.2055 219000000000 38130000000
 0.5800   309694 0.5900   318945      1       -1       -1       -1  0 1.62100e+11 1.52500e+11 127.126000 11.403000 60.450000  1 0.5000 116.530000 16.54649 15.14511 34.70477 49.800 114.460 -89.320 3.745e+10 -2.942e+10 3.846e+10 0.04753 533885 533885 674603 986 46 533842 533893 11.4026 152530000000 162060000000 152530000000 133460000000 0 22.5576 8.12 0.0408 0.64368 0.17743 36.0543 -5.56595 -2.5664 0.29822 0.01488 51.7906 -9.29878 -1.53571 0.2303 189400000000 57200000000
 0.5700   300470 0.5800   309694      1       -1       -1       -1  0 1.62100e+11 1.62100e+11 130.078000 12.116000 56.560000  1 0.5000 118.740000 16.54924 15.10811 34.72052 53.530 110.750 -73.500 3.414e+10 -4.903e+10 3.674e+10 0.05032 533886 533886 674603 1032 45 533842 533893 12.1162 162060000000 162060000000 162060000000 152530000000 9533000000 15.1359 0 0.04257 0.58921 0.50486 32.1581 -13.4784 7.23763 0.0845 0 35.5092 -31.1696 12.8872 0.1923 197700000000 66730000000
 0.5600   291221 0.5700   300470      1       -1       -1       -1  0 1.62100e+11 1.62100e+11 130.430000 14.499000 52.070000  1 0.5000 115.060000 16.52740 15.06756 34.74590 52.340 107.340 -70.450 3.399e+10 -4.894e+10 3.640e+10 0.04948 533887 533887 674603 1031 44 533842 533893 14.4986 162060000000 162060000000 162060000000 104860000000 19066000000 16.5079 0 0.04269 0.74567 0.65602 27.2091 -3.74345 17.5456 0.62635 0.01096 -7.2537 23.9191 3.97653 0.1731 192200000000 76260000000
 0.5500   281965 0.5600   291221      1       -1       -1       -1  0 1.62100e+11 1.62100e+11 130.776000 18.231000 53.390000  1 0.5000 110.850000 16.50509 15.02713 34.77133 56.610 107.090 -66.070 1.649e+10 -8.027e+10 2.583e+10 0.05972 533888 533888 674603 1023 43 533842 533893 18.2315 162060000000 162060000000 162060000000 114400000000 9533000000 14.5086 0 0.05294 0.49616 0.20111 23.2552 6.35677 23.0999 0.8266 0.02487 16.2431 -4.10093 12.9908 0.1844 174100000000 104900000000
 0.5400   272747 0.5500   281965      1       -1       -1       -1  0 1.62100e+11 1.62100e+11 131.116000 20.468000 62.270000  1 0.5000 109.500000 16.48386 14.98305 34.80644 52.600 99.400 -66.710 1.659e+10 -5.832e+10 4.915e+10 0.05208 533889 533889 674603 985 42 533842 533893 20.4678 162060000000 162060000000 152530000000 95330000000 0 18.9142 0 0.04847 0.14357 0.01855 27.6879 20.5434 23.3502 0.11452 0.00123 29.0834 20.8198 23.7094 0.2492 157500000000 114400000000
 0.5300   263503 0.5400   272747      1       -1       -1       -1  0 1.49367e+11 1.62100e+11 131.449000 24.665000 56.390000  1 0.5000 107.200000 16.45589 14.93910 34.83908 51.830 96.020 -63.690 1.364e+10 -5.452e+10 4.861e+10 0.04814 533890 533890 674603 2180 41 533842 533893 24.6654 162060000000 162060000000 142990000000 85797000000 0 26.808 0 0.04653 0.18823 0.03211 31.7075 26.2742 8.47685 0.2771 0.17743 36.5577 22.5056 13.5681 0.2312 143600000000 123900000000
 0.5200   254262 0.5300   263503      1       -1       -1       -1  0 1.39833e+11 1.23900e+11 120.504000 8.956000 42.580000  1 0.5000 119.250000 16.46553 14.91741 34.87053 44.090 95.130 -64.520 9.958e+09 8.144e+09 1.538e+10 0.02458 533891 533891 674603 2152 40 533842 533893 8.95561 123930000000 123930000000 123930000000 95330000000 9533000000 9.58169 0 0.0198 0.21379 0.17584 31.1444 -1.12329 4.77439 0.06774 0 40.3005 3.87387 3.09222 0.1166 155100000000 38130000000
 0.5100   245018 0.5200   254262      1       -1       -1       -1  0 1.33500e+11 1.33500e+11 123.818000 15.251000 37.230000  1 0.5000 109.950000 16.41877 14.86588 34.88905 42.430 93.390 -61.590 1.716e+10 1.937e+10 1.006e+10 0.02753 533892 533892 674603 8717 39 533842 533893 15.2507 133460000000 133460000000 123930000000 95330000000 0 30.2489 0 0.02443 0.58827 0.0134 37.2377 0.96606 -3.15301 0.618 0.01266 -18.72 16.6611 15.8756 0.1023 146200000000 57200000000
 0.5000   235838 0.5100   245018      0       -1       -1       -1  0 1.33500e+11 1.33500e+11 124.112000 14.519000 37.260000  1 0.5000 112.080000 16.39515 14.82620 34.91510 42.640 90.320 -59.590 1.665e+10 1.886e+10 9.865e+09 0.02691 533893 533893 674603 2176 38 533842 533893 14.5194 133460000000 133460000000 133460000000 95330000000 0 34.2691 0 0.02399 0.63883 0.11137 43.563 9.51499 8.38805 0.8301 0.03003 -3.61946 21.7083 21.1816 0.0985 148900000000 47660000000
