 1.0000   675054 0.0000       -1      1       -1       -1       -1  0 4.09900e+11 3.43200e+11 143.234000 10.501000 105.560000  1 0.3700 131.710000 26.21014 20.08600 26.94119 -135.970 115.420 57.050 3.514e+11 -1.714e+11 7.993e+09 0.05835 359294 359294 675054 569 88 359293 359357 10.5012 343190000000 362250000000 324120000000 228790000000 0 10.3203 0 0.05541 0.83627 0.63642 -15.0262 9.37142 20.4904 0.8654 0.38348 18.4713 -13.5911 -4.94486 0.4908 482700000000 133500000000
 0.9900   666883 1.0000   675054      1       -1       -1       -1  0 4.09900e+11 3.43200e+11 143.837000 12.615000 104.750000  1 0.3700 126.440000 26.22593 20.07415 26.93452 -134.640 115.290 56.720 3.485e+11 -1.697e+11 8.558e+09 0.05686 359295 359295 675054 567 87 359293 359357 12.6151 343190000000 362250000000 324120000000 238320000000 9533000000 12.5376 0 0.0551 0.85713 0.47455 -9.75043 11.5398 24.5803 0.9789 0.21049 -9.69688 16.4048 14.8385 0.4958 451700000000 181100000000
 0.9800   658547 0.9900   666883      1       -1       -1       -1  0 4.09900e+11 3.43200e+11 144.440000 13.527000 104.150000  1 0.3700 124.900000 26.24124 20.07637 26.92998 -133.830 117.630 56.120 3.461e+11 -1.666e+11 2.196e+10 0.05688 359296 359296 675054 575 86 359293 359357 13.527 343190000000 352720000000 324120000000 238320000000 47665000000 17.6427 2.55 0.05484 0.84573 0.39238 -14.2807 3.82394 16.7825 0.80267 0.3699 12.9892 3.72865 12.8901 0.489 444700000000 181100000000
 0.9700   650234 0.9800   658547      1       -1       -1       -1  0 4.09900e+11 3.43200e+11 145.042000 14.188000 102.760000  1 0.3700 124.050000 26.24965 20.05132 26.91076 -128.990 120.140 58.110 3.668e+11 -1.856e+11 2.369e+10 0.05756 359297 359297 675054 1591 85 359293 359357 14.1879 343190000000 362250000000 324120000000 257390000000 9533000000 16.692 6.3 0.05887 0.52838 0.20554 2.75965 12.4093 22.4078 0.28352 0.05071 3.51711 7.48744 13.7142 0.5114 451600000000 171600000000
 0.9600   641939 0.9700   650234      1       -1       -1       -1  0 4.09900e+11 3.33700e+11 144.282000 12.822000 99.350000  1 0.3700 126.020000 26.26596 20.04510 26.90817 -130.330 112.880 57.520 2.805e+11 -1.694e+11 1.308e+10 0.05093 359298 359298 675054 2541 84 359293 359357 12.8217 333650000000 352720000000 314590000000 266920000000 19066000000 14.6147 0 0.04929 0.5937 0.12834 3.66236 12.1999 19.8148 0.16641 0.0064 5.12257 11.7809 16.4714 0.4678 459200000000 152500000000
 0.9500   633651 0.9600   641939      1       -1       -1       -1  0 4.09900e+11 3.43200e+11 146.244000 12.742000 96.640000  1 0.3700 128.210000 26.27760 20.03193 26.90489 -129.180 114.620 55.010 3.382e+11 -1.628e+11 1.241e+10 0.05722 359299 359299 675054 581 83 359293 359357 12.7419 343190000000 352720000000 305060000000 266920000000 19066000000 11.6863 0 0.05403 0.52369 0.18416 8.59388 14.669 16.7481 0.2243 0 5.81357 7.45096 8.15833 0.4371 454300000000 143000000000
 0.9400   625367 0.9500   633651      1       -1       -1       -1  0 4.09900e+11 3.43200e+11 146.843000 13.083000 96.680000  1 0.3700 127.950000 26.28975 20.01827 26.89824 -129.470 111.570 55.260 3.390e+11 -2.059e+11 -3.539e+10 0.06213 359300 359300 675054 1538 82 359293 359357 13.0828 343190000000 352720000000 295520000000 257390000000 66731000000 11.2899 0 0.05747 0.63073 0.34168 8.20377 13.1524 11.2341 0.35637 0.11171 10.2838 5.72711 3.97687 0.4233 456600000000 123900000000
 0.9300   617059 0.9400   625367      1       -1       -1       -1  0 4.09900e+11 3.43200e+11 147.441000 12.770000 97.600000  1 0.3700 129.230000 26.30490 20.00297 26.88928 -128.260 111.360 54.730 3.363e+11 -2.041e+11 -3.660e+10 0.06128 359301 359301 675054 576 81 359293 359357 12.7697 343190000000 352720000000 305060000000 257390000000 76264000000 12.8711 0 0.05721 0.61088 0.325 7.34459 20.0058 17.1103 0.76233 0.24573 8.80154 14.4263 12.023 0.4306 464100000000 114400000000
 0.9200   608731 0.9300   617059      1       -1       -1       -1  0 4.09900e+11 3.33700e+11 146.654000 13.546000 97.400000  1 0.3700 126.540000 26.31382 19.99063 26.88498 -124.040 112.880 54.160 2.772e+11 -1.071e+11 -8.139e+10 0.05140 359302 359302 675054 1599 80 359293 359357 13.546 333650000000 343190000000 305060000000 266920000000 66731000000 8.11577 0 0.04692 0.64923 0.35943 6.73742 18.4304 14.5769 0.71956 0.39148 -0.74753 12.3304 14.3556 0.4202 440300000000 152500000000
 0.9100   600388 0.9200   608731      1       -1       -1       -1  0 4.09900e+11 3.33700e+11 147.244000 12.452000 99.700000  1 0.3700 129.640000 26.32843 19.97312 26.87939 -123.040 112.470 53.290 2.728e+11 -1.093e+11 -7.847e+10 0.05064 359303 359303 675054 1608 79 359293 359357 12.4519 333650000000 343190000000 305060000000 247860000000 38132000000 5.6828 0 0.04648 0.64217 0.29514 9.15495 24.3437 15.151 0.58533 0.14508 5.96903 17.3029 20.2616 0.4327 456900000000 133500000000
 0.9000   592042 0.9100   600388      1       -1       -1       -1  0 4.09900e+11 3.24100e+11 146.411000 9.647000 103.110000  1 0.3700 137.160000 26.34209 19.97791 26.88440 -121.820 112.880 51.120 3.279e+11 -1.025e+11 -5.794e+10 0.06510 359304 359304 675054 581 78 359293 359357 9.64664 324120000000 343190000000 295520000000 238320000000 142990000000 18.4093 0 0.05607 0.89372 0.67609 9.62896 14.0561 4.90303 0.92377 0.41649 3.14233 -1.50921 13.7091 0.4211 401500000000 133500000000
 0.8900   583649 0.9000   592042      1       -1       -1       -1  0 4.09900e+11 3.24100e+11 146.992000 10.428000 103.280000  1 0.3700 135.050000 26.36071 19.93463 26.86504 -118.730 112.730 52.630 2.535e+11 -5.675e+10 -1.096e+11 0.05060 359305 359305 675054 588 77 359293 359357 10.428 324120000000 343190000000 295520000000 266920000000 0 6.06456 0 0.04555 0.52623 0.33724 4.49925 33.59 9.61686 0.00699 0 11.9416 36.9555 5.4375 0.4412 451300000000 152500000000
 0.8800   575275 0.8900   583649      1       -1       -1       -1  0 4.09900e+11 3.05100e+11 144.619000 9.177000 107.120000  1 0.3700 136.750000 26.38431 19.92847 26.85369 -118.670 111.250 51.000 3.206e+11 -5.484e+10 -6.772e+10 0.06745 359306 359306 675054 1617 76 359293 359357 9.1774 305060000000 343190000000 295520000000 257390000000 123930000000 10.4406 0 0.05959 0.9583 0.45078 20.8961 -13.0419 -13.5312 0.93671 0.48602 15.101 20.3663 -7.67366 0.457 457900000000 123900000000
 0.8700   566824 0.8800   575275      1       -1       -1       -1  0 4.09900e+11 3.14600e+11 146.682000 8.773000 106.750000  1 0.3700 140.890000 26.38801 19.89694 26.85980 -117.510 109.550 51.050 2.660e+11 -6.103e+10 -8.087e+10 0.05655 359307 359307 675054 587 75 359293 359357 8.77324 314590000000 362250000000 295520000000 247860000000 104860000000 18.989 0 0.04869 0.4849 0.34232 -5.89374 22.3548 0.14606 0.3782 0.19655 -5.30924 19.2733 0.04311 0.4368 488000000000 104900000000
 0.8600   558363 0.8700   566824      1       -1       -1       -1  0 4.09900e+11 3.05100e+11 145.749000 6.719000 105.920000  1 0.3700 150.550000 26.39591 19.90489 26.84779 -116.350 110.720 49.630 3.086e+11 -5.188e+10 -6.485e+10 0.07033 359308 359308 675054 591 74 359293 359357 6.71918 305060000000 333650000000 295520000000 228790000000 181130000000 16.4913 0 0.05776 0.83284 0.5071 15.1657 3.75248 -6.0018 0.92809 0.58435 8.08183 10.072 -5.9725 0.414 505500000000 47660000000
 0.8500   549932 0.8600   558363      1       -1       -1       -1  0 4.09900e+11 3.24100e+11 149.298000 8.703000 102.300000  1 0.3700 144.400000 26.42312 19.86516 26.84553 -113.070 110.560 51.140 2.987e+11 -1.197e+11 -5.486e+10 0.06309 359309 359309 675054 1642 73 359293 359357 8.70322 324120000000 352720000000 305060000000 247860000000 114400000000 21.8439 0 0.05354 0.76464 0.51286 20.5533 9.7308 -11.1126 0.87298 0.60005 7.81581 15.9206 -10.1694 0.4011 500900000000 114400000000
 0.8400   541415 0.8500   549932      1       -1       -1       -1  0 4.09900e+11 3.24100e+11 149.869000 10.789000 99.140000  1 0.3700 137.160000 26.44822 19.85918 26.82406 -111.580 110.190 50.300 2.944e+11 -1.174e+11 -5.494e+10 0.06163 359310 359310 675054 572 72 359293 359357 10.7891 324120000000 324120000000 314590000000 238320000000 114400000000 8.64581 0 0.05296 0.59962 0.4182 22.3878 5.1835 -13.0645 0.93393 0.56405 -4.71414 -2.01279 17.2986 0.3909 409800000000 152500000000
 0.8300   532888 0.8400   541415      1       -1       -1       -1  0 4.09900e+11 3.24100e+11 150.438000 12.067000 94.790000  1 0.3700 134.060000 26.46806 19.84592 26.82686 -110.070 109.830 49.500 2.901e+11 -1.151e+11 -5.500e+10 0.06166 359311 359311 675054 2585 71 359293 359357 12.0671 324120000000 324120000000 314590000000 228790000000 95330000000 6.14414 0 0.0524 0.81212 0.57766 23.6046 14.0628 -4.1024 0.6944 0.55923 14.1345 12.7213 14.7493 0.3634 422800000000 152500000000
 0.8200   524312 0.8300   532888      1       -1       -1       -1  0 4.09900e+11 3.24100e+11 151.004000 12.643000 93.500000  1 0.3700 133.240000 26.46919 19.82891 26.83360 -108.340 105.850 50.070 2.223e+11 -1.260e+11 -3.235e+10 0.04908 359312 359312 675054 566 70 359293 359357 12.6431 324120000000 362250000000 314590000000 247860000000 0 23.2143 0 0.04277 0.78685 0.43882 7.88918 28.7896 17.1701 0.53343 0.47694 5.38978 24.4155 18.781 0.3656 421800000000 162100000000
 0.8100   515674 0.8200   524312      1       -1       -1       -1  0 4.09900e+11 3.24100e+11 151.568000 15.247000 91.910000  1 0.3700 128.250000 26.49730 19.80377 26.80571 -107.410 105.160 49.300 2.198e+11 -1.205e+11 -2.881e+10 0.04915 359313 359313 675054 1643 69 359293 359357 15.2466 324120000000 343190000000 324120000000 257390000000 76264000000 6.25937 0 0.04207 0.75288 0.43087 14.3709 26.4272 3.78186 0.74908 0.39274 11.4925 20.3924 1.1268 0.348 414100000000 162100000000
 0.8000   507008 0.8100   515674      1       -1       -1       -1  0 4.09900e+11 3.24100e+11 152.129000 14.686000 91.660000  1 0.3700 130.000000 26.51654 19.77869 26.79823 -106.150 104.090 48.440 2.310e+11 -1.138e+11 -2.795e+10 0.05039 359314 359314 675054 594 68 359293 359357 14.6858 324120000000 362250000000 324120000000 266920000000 95330000000 11.998 0 0.04338 0.67001 0.43731 10.0283 24.7087 0.5367 0.54744 0.42254 4.0393 18.3951 -1.72586 0.3477 414100000000 152500000000
 0.7900   498379 0.8000   507008      1       -1       -1       -1  0 4.09900e+11 3.43200e+11 155.624000 16.492000 90.330000  1 0.3700 130.380000 26.53096 19.77359 26.79724 -104.430 105.900 45.120 1.565e+11 -1.381e+11 -7.719e+10 0.03922 359315 359315 675054 575 67 359293 359357 16.4915 343190000000 381320000000 324120000000 276460000000 114400000000 10.574 0 0.03403 0.37009 0.30107 5.91226 28.6821 2.87691 0.67065 0.21596 2.19175 15.5584 -2.93982 0.3339 416100000000 123900000000
 0.7800   489744 0.7900   498379      1       -1       -1       -1  0 4.09900e+11 3.71800e+11 160.412000 20.226000 89.950000  1 0.3700 129.770000 26.54405 19.72412 26.78684 -101.280 99.670 46.560 2.270e+11 -1.472e+11 4.279e+10 0.04049 359316 359316 675054 586 66 359293 359357 20.2259 371790000000 381320000000 266920000000 238320000000 123930000000 26.7467 2.5 0.03683 0.30354 0.15971 5.9967 28.2084 2.58798 0.37633 0.13867 9.26635 19.81 0.7136 0.3383 375100000000 238300000000
 0.7700   481057 0.7800   489744      1       -1       -1       -1  0 4.09900e+11 3.62300e+11 159.602000 19.056000 94.060000  1 0.3700 130.670000 26.57011 19.73987 26.77545 -103.900 102.470 46.900 2.800e+11 -1.381e+11 -4.457e+09 0.05013 359317 359317 675054 599 65 359293 359357 19.0562 362250000000 390850000000 343190000000 181130000000 85797000000 2.58077 0 0.04404 0.40509 0.33679 9.44067 28.9113 -3.38423 0.81352 0.38783 4.69184 10.0132 -9.83973 0.345 403100000000 171600000000
 0.7600   472359 0.7700   481057      1       -1       -1       -1  0 4.09900e+11 3.90800e+11 164.280000 22.838000 92.130000  1 0.3700 130.730000 26.57989 19.70549 26.76124 -104.660 101.260 47.280 2.651e+11 -6.281e+10 5.085e+10 0.03901 359318 359318 675054 613 64 359293 359357 22.8383 390850000000 400390000000 352720000000 228790000000 104860000000 12.7409 0 0.03461 0.31229 0.23843 5.16152 34.6674 -9.60435 0.55023 0.33517 5.94286 19.9827 -5.64664 0.3255 386600000000 238300000000
 0.7500   463624 0.7600   472359      1       -1       -1       -1  0 4.09900e+11 3.90800e+11 164.859000 27.755000 91.470000  1 0.3700 127.070000 26.60679 19.67899 26.76228 -104.140 99.970 46.440 2.750e+11 -2.302e+10 1.087e+11 0.04098 359319 359319 675054 592 63 359293 359357 27.7546 390850000000 400390000000 362250000000 247860000000 66731000000 13.7779 0 0.03722 0.38904 0.1603 4.87492 37.5466 -9.87304 0.14231 0.05953 -1.74836 42.2494 -18.8037 0.3299 398700000000 266900000000
 0.7400   454836 0.7500   463624      1       -1       -1       -1  0 4.09900e+11 4.00400e+11 166.769000 28.300000 89.680000  1 0.3700 128.570000 26.62444 19.65574 26.75386 -105.080 99.640 46.040 2.937e+11 1.816e+10 6.599e+10 0.04036 359320 359320 675054 1662 62 359293 359357 28.2998 400390000000 409920000000 362250000000 238320000000 0 16.6308 0 0.03654 0.46849 0.24592 1.45925 43.5704 -5.2964 0.16918 0.01303 -8.58793 51.3246 -14.5473 0.3141 389600000000 276500000000
 0.7300   446015 0.7400   454836      1       -1       -1       -1  0 4.09900e+11 4.00400e+11 167.346000 23.910000 88.080000  1 0.3700 133.090000 26.64131 19.63486 26.75211 -103.910 98.570 45.690 2.936e+11 1.565e+10 6.146e+10 0.04087 359321 359321 675054 603 61 359293 359357 23.9103 400390000000 409920000000 352720000000 257390000000 0 19.5117 0 0.03657 0.618 0.37206 -2.01047 41.6422 -5.61579 0.26532 0.0106 -9.14457 44.5073 -7.91497 0.3001 398200000000 257400000000
 0.7200   437144 0.7300   446015      1       -1       -1       -1  0 4.09900e+11 4.00400e+11 167.918000 23.816000 90.470000  1 0.3700 133.960000 26.66276 19.60826 26.74432 -102.710 97.480 45.280 2.920e+11 1.309e+10 5.667e+10 0.04059 359322 359322 675054 596 60 359293 359357 23.8159 400390000000 428980000000 324120000000 285990000000 9533000000 25.1475 0 0.03644 0.84595 0.48023 -7.59952 32.096 0.49299 0.85883 0.05162 -7.57805 31.2369 8.76086 0.3117 409400000000 276500000000
 0.7100   428211 0.7200   437144      1       -1       -1       -1  0 4.09900e+11 4.09900e+11 169.812000 20.465000 94.430000  1 0.3700 140.070000 26.68477 19.58954 26.73405 -98.310 95.260 45.630 2.737e+11 -7.535e+10 -2.462e+10 0.03819 359323 359323 675054 614 59 359293 359357 20.4645 409920000000 428980000000 324120000000 295520000000 95330000000 20.9287 0 0.03372 0.81822 0.39366 6.92002 -9.09965 18.2863 0.53762 0.1793 3.32956 -3.92577 21.5967 0.3147 436400000000 238300000000
 0.7000   419243 0.7100   428211      1       -1       -1       -1  0 4.09900e+11 4.09900e+11 170.379000 16.782000 97.390000  1 0.3700 147.020000 26.69874 19.57524 26.72507 -98.010 94.020 46.530 2.203e+11 -2.777e+10 -7.152e+10 0.03258 359324 359324 675054 602 58 359293 359357 16.7819 409920000000 419450000000 362250000000 295520000000 95330000000 25.5427 0 0.02776 0.68186 0.42512 1.2669 1.84562 23.9718 0.31842 0.14876 2.99421 -0.32249 25.0273 0.3106 474200000000 209700000000
 0.6900   410253 0.7000   419243      1       -1       -1       -1  0 4.09900e+11 4.09900e+11 170.942000 13.969000 100.930000  1 0.3700 154.420000 26.72830 19.55092 26.70756 -96.820 93.100 45.660 2.167e+11 -2.610e+10 -7.046e+10 0.03397 359325 359325 675054 632 57 359293 359357 13.9692 409920000000 409920000000 400390000000 266920000000 171590000000 19.787 0 0.02744 0.96526 0.58787 -3.03075 16.6835 -12.6453 0.93079 0.73921 -10.9875 12.7232 -0.06424 0.3027 437000000000 190700000000
 0.6800   401247 0.6900   410253      1       -1       -1       -1  0 4.06733e+11 4.09900e+11 171.499000 12.359000 105.350000  1 0.3700 160.220000 26.76315 19.52450 26.69472 -95.620 92.150 44.790 2.131e+11 -2.442e+10 -7.001e+10 0.03338 359326 359326 675054 643 56 359293 359357 12.3589 409920000000 409920000000 390850000000 266920000000 190660000000 22.0555 0 0.02714 0.50017 0.29553 19.3041 -18.4298 2.52712 0.55571 0.34459 -13.0868 16.1438 -5.77253 0.3239 454800000000 190700000000
 0.6700   392261 0.6800   401247      1       -1       -1       -1  0 4.03567e+11 4.00400e+11 170.707000 9.897000 102.880000  1 0.3700 169.310000 26.77765 19.51088 26.68307 -93.180 90.100 42.810 1.711e+11 -3.113e+10 -1.044e+11 0.03193 359327 359327 675054 2841 55 359293 359357 9.89687 400390000000 409920000000 390850000000 257390000000 181130000000 11.2709 0 0.02552 0.32082 0.26448 16.1651 -15.7642 -1.12149 0.39637 0.30516 -11.6334 12.8897 -0.83863 0.3092 516900000000 152500000000
 0.6600   383300 0.6700   392261      1       -1       -1       -1  0 4.00400e+11 4.00400e+11 171.249000 18.357000 95.790000  1 0.3700 146.510000 26.79766 19.48854 26.66624 -94.010 86.880 43.100 1.766e+11 -3.163e+10 -8.687e+10 0.03008 359328 359328 675054 1738 54 359293 359357 18.3572 400390000000 400390000000 390850000000 266920000000 114400000000 8.95453 0 0.02523 0.90768 0.64811 20.6018 -16.1514 7.14424 0.93946 0.59891 11.0899 -6.22983 16.9328 0.2989 404100000000 200200000000
 0.6500   374245 0.6600   383300      1       -1       -1       -1  0 3.90867e+11 4.00400e+11 171.786000 21.588000 88.540000  1 0.3700 142.640000 26.81913 19.47311 26.64600 -92.620 85.610 42.250 1.768e+11 -2.575e+10 -8.213e+10 0.02893 359329 359329 675054 634 53 359293 359357 21.5883 400390000000 400390000000 352720000000 266920000000 114400000000 12.0399 0 0.02504 0.73479 0.43188 20.249 -10.9398 25.3812 0.46584 0.10088 23.0982 -7.42818 27.5189 0.2806 392800000000 257400000000
 0.6400   365164 0.6500   374245      1       -1       -1       -1  0 3.71800e+11 3.71800e+11 168.112000 21.021000 83.250000  1 0.3700 140.170000 26.84182 19.45383 26.63028 -90.590 84.380 41.680 2.599e+11 -2.372e+10 -1.781e+10 0.04400 359330 359330 675054 617 52 359293 359357 21.021 371790000000 400390000000 324120000000 247860000000 9533000000 12.7046 1.82 0.03793 0.81981 0.42233 -6.96769 35.0894 11.0815 0.97959 0.45374 -19.2905 19.6856 -13.1123 0.2621 370800000000 238300000000
 0.6300   356048 0.6400   365164      1       -1       -1       -1  0 3.43200e+11 3.43200e+11 164.184000 15.414000 81.540000  1 0.3700 146.030000 26.86905 19.42911 26.61165 -87.440 79.710 46.580 1.702e+11 -1.084e+11 -1.593e+10 0.03953 359331 359331 675054 622 51 359293 359357 15.414 343190000000 343190000000 314590000000 266920000000 9533000000 10.5808 3.87 0.03375 0.6252 0.34245 -7.22396 30.2878 9.02435 0.16027 0.01578 -16.8855 32.3334 17.5602 0.256 396200000000 143000000000
 0.6200   346944 0.6300   356048      1       -1       -1       -1  0 3.17767e+11 3.14600e+11 159.969000 16.966000 78.590000  1 0.3700 138.950000 26.88928 19.42229 26.59838 -89.160 81.330 44.690 1.901e+11 -1.205e+11 6.342e+10 0.05320 359332 359332 675054 610 50 359293 359357 16.9659 314590000000 314590000000 295520000000 266920000000 0 22.8643 0 0.04537 0.58438 0.20412 -17.1722 32.9821 -4.09467 0.52565 0.01301 -16.9611 20.3156 -16.5668 0.2473 366600000000 143000000000
 0.6100   337814 0.6200   346944      1       -1       -1       -1  0 3.11400e+11 2.95500e+11 157.132000 15.960000 76.750000  1 0.3700 138.300000 26.91769 19.39372 26.57798 -85.910 82.620 44.350 1.621e+11 -9.611e+10 1.764e+10 0.04953 359333 359333 675054 607 49 359293 359357 15.9601 295520000000 295520000000 285990000000 219260000000 0 25.3406 0 0.04103 0.86144 0.31883 -19.4202 28.3533 3.46584 0.7521 0.25628 -20.0359 27.6307 2.58182 0.232 323400000000 152500000000
 0.6000   328652 0.6100   337814      1       -1       -1       -1  0 3.11400e+11 2.95500e+11 157.589000 14.626000 77.000000  1 0.3700 142.100000 26.94845 19.37363 26.56863 -85.030 81.290 42.740 1.593e+11 -9.389e+10 1.920e+10 0.05005 359334 359334 675054 1612 48 359293 359357 14.6258 295520000000 295520000000 276460000000 219260000000 123930000000 30.4162 0 0.04057 0.88334 0.44877 -6.52145 14.5072 11.3209 0.58761 0.31204 -12.606 16.3992 2.32353 0.2249 306800000000 152500000000
 0.5900   319459 0.6000   328652      1       -1       -1       -1  0 3.11400e+11 2.47900e+11 149.039000 9.024000 78.540000  1 0.3700 150.150000 26.97755 19.33682 26.53043 -87.250 75.060 52.300 3.004e+10 -2.520e+10 -1.184e+10 0.01642 359335 359335 675054 624 47 359293 359357 9.02428 247860000000 247860000000 247860000000 209730000000 95330000000 15.6445 0 0.01207 0.57854 0.34142 -10.3338 14.8627 12.8188 0.33816 0.07892 -8.1052 15.4109 6.87819 0.2089 370100000000 85800000000
 0.5800   310211 0.5900   319459      1       -1       -1       -1  0 3.11400e+11 2.86000e+11 156.760000 21.270000 81.040000  1 0.3700 131.640000 27.02750 19.28359 26.56159 -84.040 77.360 44.660 1.376e+11 -7.826e+10 3.597e+10 0.04003 359336 359336 675054 645 46 359293 359357 21.2697 285990000000 285990000000 238320000000 200190000000 0 33.5127 3.03 0.03796 0.48475 0.24043 21.1924 -22.4057 35.2315 0.6554 0.15455 11.7194 -14.4217 29.1168 0.3071 275100000000 190700000000
 0.5700   300986 0.5800   310211      1       -1       -1       -1  0 3.11400e+11 2.38300e+11 147.923000 8.745000 85.630000  1 0.3700 151.330000 27.02702 19.29263 26.51523 -83.570 75.170 49.280 3.080e+10 -1.484e+10 -1.775e+10 0.01634 359337 359337 675054 637 45 359293 359357 8.74515 238320000000 247860000000 228790000000 200190000000 104860000000 15.5489 0 0.01229 0.51769 0.35485 -9.80468 22.4948 8.1664 0.47923 0.28527 -10.1851 22.4478 7.75237 0.2506 363200000000 76260000000
 0.5600   291738 0.5700   300986      1       -1       -1       -1  0 3.11400e+11 2.47900e+11 150.275000 27.671000 72.210000  1 0.3700 120.960000 27.05867 19.23668 26.53657 -82.400 75.650 45.360 7.771e+10 -5.410e+10 2.990e+10 0.03149 359338 359338 675054 735 44 359293 359357 27.6712 247860000000 247860000000 209730000000 162060000000 19066000000 42.1235 0 0.02991 0.39615 0.12226 -14.8544 2.50215 40.7869 0.18456 0.01928 -9.34245 -14.611 47.5217 0.2763 229200000000 200200000000
 0.5500   282488 0.5600   291738      1       -1       -1       -1  0 3.11400e+11 2.09700e+11 142.512000 10.242000 63.080000  1 0.3700 139.890000 27.10884 19.21136 26.46445 -87.060 78.570 44.970 1.503e+08 -3.620e+10 2.715e+09 0.01890 359339 359339 675054 687 43 359293 359357 10.2422 209730000000 209730000000 209730000000 200190000000 47665000000 6.35003 0 0.01456 0.57526 0.46198 -9.50983 16.1505 21.6523 0.24871 0.02875 -12.4342 24.6038 36.4226 0.1716 273500000000 47660000000
 0.5400   273270 0.5500   282488      1       -1       -1       -1  0 3.11400e+11 2.00200e+11 140.684000 15.058000 54.320000  1 0.3700 126.400000 27.15281 19.17469 26.44182 -85.360 79.450 45.330 8.862e+09 -2.432e+10 -9.603e+09 0.01485 359340 359340 675054 648 42 359293 359357 15.0584 200190000000 200190000000 200190000000 152530000000 47665000000 15.0722 0 0.01206 0.80623 0.56287 21.1836 -17.9355 -8.21143 0.21985 0.0166 22.9245 -2.28911 3.84743 0.1494 236200000000 66730000000
 0.5300   264029 0.5400   273270      1       -1       -1       -1  0 3.11400e+11 2.00200e+11 141.042000 17.150000 50.810000  1 0.3700 124.090000 27.18343 19.15540 26.43613 -82.860 77.280 43.260 9.346e+09 -2.222e+10 -1.220e+10 0.01402 359341 359341 675054 664 41 359293 359357 17.1504 200190000000 200190000000 200190000000 152530000000 47665000000 11.0198 0 0.01189 0.61926 0.36866 -15.3452 29.8438 14.5092 0.4991 0.07494 31.0736 -9.8153 11.7422 0.1432 217800000000 76260000000
 0.5200   254787 0.5300   264029      1       -1       -1       -1  0 3.11400e+11 2.00200e+11 141.393000 21.686000 49.850000  1 0.3700 119.790000 27.21451 19.11140 26.42983 -80.610 75.490 41.350 9.622e+09 -1.946e+10 -1.585e+10 0.01319 359342 359342 675054 687 40 359293 359357 21.686 200190000000 200190000000 190660000000 85797000000 0 19.3928 0 0.01193 0.37685 0.02444 -18.8634 50.9672 13.8124 0.59081 0.36803 -21.3156 40.9776 -4.57641 0.1532 205600000000 114400000000
 0.5100   245543 0.5200   254787      1       -1       -1       -1  0 3.11400e+11 1.90700e+11 139.450000 22.958000 51.320000  1 0.3700 117.450000 27.25414 19.07763 26.38900 -81.490 74.910 38.380 -1.455e+10 -3.316e+10 -4.295e+09 0.01908 359343 359343 675054 712 39 359293 359357 22.9578 190660000000 209730000000 181130000000 76264000000 0 9.56728 1.16 0.01771 0.19038 0.12654 -21.4041 54.0984 9.28622 0.08007 0 -20.7945 41.2841 16.7578 0.1688 203600000000 143000000000
 0.5000   236365 0.5100   245543      1       -1       -1       -1  0 3.11400e+11 2.00200e+11 142.073000 25.094000 57.820000  1 0.3700 119.080000 27.29410 19.04606 26.38103 -81.010 64.120 32.170 3.110e+10 -1.602e+10 -5.850e+10 0.03133 359344 359344 675054 683 38 359293 359357 25.0943 200190000000 200190000000 200190000000 9533000000 0 9.961 0 0.03079 0.27383 0.14191 -27.5843 63.3007 6.79361 0 0 0 0 0 0.2071 213700000000 143000000000
 0.4900   227194 0.5000   236365      1       -1       -1       -1  0 3.11400e+11 2.00200e+11 142.402000 25.979000 52.910000  1 0.3700 119.560000 27.32766 19.01357 26.36501 -79.070 62.100 30.240 2.448e+10 -1.783e+10 -5.836e+10 0.03069 359345 359345 675054 674 37 359293 359357 25.9789 200190000000 200190000000 200190000000 9533000000 9533000000 6.83366 0 0.02996 0.13288 0.00208 -32.4044 48.6369 7.60281 0 0 0 0 0 0.1793 221900000000 123900000000
 0.4800   218041 0.4900   227194      1       -1       -1       -1  0 3.11400e+11 2.57400e+11 155.194000 53.067000 54.910000  1 0.3700 122.910000 27.36171 18.98050 26.34891 -75.460 63.120 29.440 2.364e+10 -3.826e+09 -9.831e+10 0.03123 359346 359346 675054 663 36 359293 359357 53.0669 257390000000 257390000000 228790000000 38132000000 0 10.4688 5.95 0.03061 0.3119 0.01382 -26.931 78.3361 8.50049 0.67819 0.21199 27.2356 -5.40619 8.8635 0.1607 225100000000 314600000000
 0.4700   208910 0.4800   218041      1       -1       -1       -1  0 3.11400e+11 2.00200e+11 143.036000 21.771000 58.720000  1 0.3700 125.440000 27.37623 19.01921 26.34937 -69.650 66.400 33.470 5.982e+10 1.534e+10 -8.008e+10 0.05209 359347 359347 675054 679 35 359293 359357 21.7706 200190000000 200190000000 200190000000 133460000000 0 11.3668 0 0.04695 0.37775 0.21495 32.2613 -27.7986 -5.37746 0.80641 0.65208 -24.2275 7.91325 33.5932 0.1716 191800000000 133500000000
 0.4600   199808 0.4700   208910      1       -1       -1       -1  0 3.11400e+11 2.00200e+11 143.341000 25.889000 57.990000  1 0.3700 123.170000 27.41569 18.97198 26.32579 -65.930 67.410 34.860 4.406e+10 -6.526e+09 -5.988e+10 0.03848 359348 359348 675054 661 34 359293 359357 25.8887 200190000000 200190000000 200190000000 104860000000 28599000000 12.2949 0 0.03498 0.42664 0.25537 -16.4488 25.2781 11.3509 0.17812 0 -8.9755 13.7807 -11.4659 0.1714 221700000000 143000000000
 0.4500   190771 0.4600   199808      1       -1       -1       -1  0 3.11400e+11 3.24100e+11 168.664000 47.931000 61.420000  1 0.3700 138.400000 27.47946 18.87979 26.29814 -64.810 64.470 30.140 5.828e+10 -2.513e+10 -1.049e+11 0.02753 359349 359349 675054 1799 33 359293 359357 47.9307 324120000000 324120000000 276460000000 104860000000 0 6.24113 2.77 0.026 0.11076 0.05434 -51.2396 65.2213 41.8584 0.37916 0.03899 -10.6813 38.713 9.29086 0.1507 277200000000 333700000000
 0.4400   181744 0.4500   190771      1       -1       -1       -1  0 3.11400e+11 3.14600e+11 167.329000 32.582000 67.730000  1 0.3700 144.520000 27.51525 18.84548 26.28199 -62.210 64.290 27.540 3.527e+10 -1.914e+09 -6.717e+10 0.01881 359350 359350 675054 1797 32 359293 359357 32.5818 314590000000 314590000000 305060000000 85797000000 0 22.9789 0 0.01709 0.38481 0.03872 -30.1177 53.4474 16.367 0.18708 0.11556 27.3611 26.2467 10.8493 0.1605 291800000000 266900000000
 0.4300   172738 0.4400   181744      1       -1       -1       -1  0 3.01867e+11 2.95500e+11 164.197000 21.481000 71.150000  1 0.3700 152.910000 27.55136 18.81056 26.26578 -60.160 60.060 26.230 2.720e+10 -1.251e+10 -2.760e+10 0.01189 359351 359351 675054 647 31 359293 359357 21.4813 295520000000 295520000000 295520000000 209730000000 0 19.042 0 0.01028 0.53677 0.3772 -40.6935 57.3407 17.3885 0.39007 0.24211 -28.0176 45.3139 15.7464 0.1665 311500000000 143000000000
 0.4200   163799 0.4300   172738      1       -1       -1       -1  0 2.92333e+11 2.95500e+11 164.506000 17.568000 67.190000  1 0.3700 161.120000 27.57744 18.76831 26.25190 -60.010 58.280 26.150 3.250e+10 -1.255e+10 -3.550e+10 0.01549 359352 359352 675054 605 30 359293 359357 17.5675 295520000000 285990000000 285990000000 247860000000 0 20.7074 1.1 0.0127 0.46175 0.29096 -29.0759 46.5821 13.9697 0.34234 0.13753 -20.9863 43.3805 -4.93089 0.1385 321500000000 133500000000
 0.4100   154933 0.4200   163799      1       -1       -1       -1  0 2.82800e+11 2.86000e+11 163.013000 17.167000 66.130000  1 0.3700 161.640000 27.63456 18.72488 26.22364 -57.720 56.820 24.490 1.501e+10 -1.152e+10 -4.285e+10 0.01611 359353 359353 675054 629 29 359293 359357 17.1666 285990000000 285990000000 276460000000 219260000000 57198000000 3.2164 0 0.01277 0.81986 0.59593 30.8873 0.96005 -12.6494 0.83658 0.54296 -4.8622 27.8959 5.32166 0.1313 291400000000 143000000000
 0.4000   146191 0.4100   154933      1       -1       -1       -1  0 2.63733e+11 2.66900e+11 159.586000 18.497000 63.440000  1 0.3700 156.580000 27.67245 18.68858 26.21550 -59.530 56.550 24.790 2.003e+10 -2.713e+10 -2.873e+10 0.01720 359354 359354 675054 613 28 359293 359357 18.4967 266920000000 257390000000 238320000000 228790000000 38132000000 9.2787 1.83 0.01371 0.77566 0.50255 -18.1213 -16.5564 26.3306 0.68491 0.37409 -12.1548 -14.3415 26.4946 0.1266 281300000000 152500000000
 0.3900   137528 0.4000   146191      1       -1       -1       -1  0 2.41500e+11 2.38300e+11 153.929000 19.954000 61.150000  1 0.3700 149.180000 27.69429 18.64500 26.20473 -56.150 58.680 25.590 3.453e+10 -4.171e+10 1.848e+10 0.02532 359355 359355 675054 598 27 359293 359357 19.9538 238320000000 238320000000 228790000000 181130000000 0 17.2061 0 0.02164 0.17195 0.05324 37.1701 -36.6636 -31.4831 0.48156 0.23126 -28.9962 30.6674 33.3281 0.1431 237000000000 152500000000
 0.3800   129070 0.3900   137528      1       -1       -1       -1  0 1.90667e+11 2.19300e+11 149.952000 24.757000 55.360000  1 0.3700 140.650000 27.75909 18.61028 26.17462 -52.730 56.670 26.850 3.902e+10 -1.910e+10 5.121e+09 0.02098 359356 359356 675054 1625 26 359293 359357 24.7568 219260000000 200190000000 200190000000 142990000000 0 16.5225 2.16 0.01925 0.04836 0.00983 -44.6808 68.633 31.2783 0.14309 0 -29.026 52.0602 22.0458 0.1448 212300000000 162100000000
 0.3700   120578 0.3800   129070      0       -1       -1       -1  0 1.14400e+11 1.14400e+11 120.905000 13.573000 42.840000  1 0.3700 123.260000 27.73566 18.62482 26.17882 -41.080 31.170 22.490 1.434e+10 -3.163e+10 -2.899e+09 0.05568 359357 359357 675054 627 25 359293 359357 13.5728 114400000000 114400000000 114400000000 95330000000 38132000000 12.317 0 0.04591 0.47808 0.10263 1.20851 -6.13687 11.9114 0.5078 0.06698 2.56888 -7.32967 12.5388 0.0952 166800000000 57200000000
