 1.0000   679950 0.0000       -1      1       -1       -1       -1  0 6.86400e+11 6.86400e+11 180.464000 10.431000 143.260000  1 0.2800 176.620000 46.66819 29.48643 50.62541 169.290 241.300 52.680 -3.142e+10 -1.701e+11 -6.115e+11 0.03332 255638 255638 679950 5465 88 255637 255710 10.4315 686380000000 791240000000 619640000000 467120000000 305060000000 10.6685 0 0.02836 0.70969 0.66242 -2.27206 16.328 8.17174 0.69694 0.52259 -2.4952 14.5628 -2.94065 0.476 919900000000 266900000000
 0.9900   671822 1.0000   679950      1       -1       -1       -1  0 6.86400e+11 6.76800e+11 180.381000 9.560000 146.040000  1 0.2800 180.580000 46.65198 29.46572 50.62157 167.260 239.710 51.810 3.479e+10 -1.760e+11 -5.222e+11 0.03013 255639 255639 679950 5350 87 255637 255710 9.56019 676840000000 781710000000 591050000000 495720000000 295520000000 6.38088 0 0.0253 0.54488 0.50504 -0.7177 15.3006 11.0325 0.57772 0.54562 -3.09645 12.861 6.43024 0.4795 943400000000 266900000000
 0.9800   663408 0.9900   671822      1       -1       -1       -1  0 6.86400e+11 6.76800e+11 181.137000 8.899000 145.790000  1 0.2800 185.030000 46.63800 29.43491 50.60913 164.950 237.160 51.110 3.835e+10 -1.813e+11 -5.117e+11 0.02969 255640 255640 679950 5376 86 255637 255710 8.89917 676840000000 753110000000 610110000000 476650000000 295520000000 14.2472 0 0.02501 0.57315 0.33465 3.55053 15.5747 11.0313 0.6542 0.4044 2.99657 12.6212 8.43731 0.4793 1040000000000 276500000000
 0.9700   655032 0.9800   663408      1       -1       -1       -1  0 6.86400e+11 6.76800e+11 181.892000 9.736000 143.780000  1 0.2800 181.180000 46.62008 29.41470 50.61140 162.660 234.620 50.420 4.167e+10 -1.876e+11 -5.002e+11 0.02962 255641 255641 679950 4435 85 255637 255710 9.73613 676840000000 772170000000 591050000000 476650000000 333650000000 8.2693 0 0.0247 0.66051 0.5198 7.93561 16.1199 9.57881 0.70492 0.55209 11.8577 9.36637 5.97283 0.4663 1019000000000 266900000000
 0.9600   646695 0.9700   655032      1       -1       -1       -1  0 6.86400e+11 6.67300e+11 181.784000 9.354000 140.570000  1 0.2800 182.890000 46.60095 29.38694 50.60479 158.880 236.190 51.380 -3.436e+10 -3.058e+11 -2.737e+11 0.02391 255642 255642 679950 5427 84 255637 255710 9.3545 667310000000 762640000000 562450000000 476650000000 343190000000 7.89609 0 0.0195 0.82481 0.62191 11.2287 15.6945 4.56498 0.74025 0.5748 14.4619 9.31655 1.9071 0.4432 1049000000000 238300000000
 0.9500   638370 0.9600   646695      1       -1       -1       -1  0 6.86400e+11 6.57800e+11 181.660000 9.505000 139.950000  1 0.2800 181.740000 46.57858 29.36206 50.60132 155.010 230.740 47.800 -1.003e+11 -1.858e+11 -2.391e+11 0.01947 255643 255643 679950 5395 83 255637 255710 9.50463 657780000000 762640000000 571980000000 476650000000 343190000000 10.9157 0 0.01552 0.79701 0.61918 4.2259 16.6913 3.1782 0.86941 0.69492 5.34643 13.3304 1.38148 0.4284 1032000000000 228800000000
 0.9400   630056 0.9500   638370      1       -1       -1       -1  0 6.86400e+11 6.48200e+11 181.519000 9.758000 140.480000  1 0.2800 180.080000 46.55893 29.33436 50.59852 153.700 226.200 47.140 -1.386e+11 -2.058e+11 -6.443e+10 0.01628 255644 255644 679950 5393 82 255637 255710 9.75798 648240000000 743570000000 581510000000 467120000000 314590000000 15.87 0 0.01282 0.68391 0.58645 -2.83565 17.782 5.77185 0.68555 0.59855 -5.09632 15.1254 3.23337 0.4247 945000000000 257400000000
 0.9300   621730 0.9400   630056      1       -1       -1       -1  0 6.86400e+11 6.67300e+11 184.028000 9.220000 139.910000  1 0.2800 186.080000 46.54341 29.30480 50.59304 152.930 223.660 47.590 -9.581e+10 -2.772e+11 -2.250e+11 0.02210 255645 255645 679950 5422 81 255637 255710 9.21978 667310000000 762640000000 571980000000 476650000000 285990000000 15.269 2.09 0.01768 0.60167 0.56971 1.26489 17.4093 4.52103 0.63193 0.47785 1.8322 15.1228 4.44369 0.4247 974300000000 257400000000
 0.9200   613384 0.9300   621730      1       -1       -1       -1  0 6.86400e+11 6.57800e+11 183.889000 9.615000 138.490000  1 0.2800 183.600000 46.53337 29.28280 50.58981 150.390 222.000 46.240 -1.178e+11 -2.241e+11 -1.510e+11 0.01858 255646 255646 679950 5443 80 255637 255710 9.61454 657780000000 734040000000 600580000000 476650000000 276460000000 12.3164 1.01 0.01448 0.69258 0.63459 10.2577 13.6125 6.55372 0.65465 0.53096 10.2787 11.7632 6.22826 0.4071 987800000000 247900000000
 0.9100   605010 0.9200   613384      1       -1       -1       -1  0 6.86400e+11 6.67300e+11 185.516000 10.199000 136.750000  1 0.2800 182.550000 46.51503 29.25735 50.58342 149.270 219.010 45.030 -9.836e+10 -2.171e+11 -1.318e+11 0.01675 255647 255647 679950 5444 79 255637 255710 10.1992 667310000000 724510000000 629180000000 486180000000 276460000000 9.79401 1.21 0.01311 0.8601 0.66434 14.698 9.81711 3.84158 0.74018 0.59584 10.3991 13.3423 0.79986 0.3989 937300000000 247900000000
 0.9000   596635 0.9100   605010      1       -1       -1       -1  0 6.86400e+11 6.86400e+11 188.015000 11.679000 136.390000  1 0.2800 178.900000 46.50596 29.23083 50.58714 149.280 217.520 45.240 -4.959e+10 -1.139e+11 -2.571e+11 0.01649 255648 255648 679950 5453 78 255637 255710 11.6793 686380000000 695910000000 610110000000 476650000000 333650000000 15.6059 0 0.01316 0.88115 0.69946 15.4477 -7.04324 6.63461 0.91873 0.80498 6.074 12.9622 -2.11586 0.4007 918600000000 286000000000
 0.8900   588223 0.9000   596635      1       -1       -1       -1  0 6.86400e+11 6.86400e+11 188.761000 9.642000 137.400000  1 0.2800 189.440000 46.49256 29.20835 50.57945 147.280 213.260 44.520 1.156e+10 -2.623e+11 -2.882e+11 0.02299 255649 255649 679950 5479 77 255637 255710 9.64223 686380000000 695910000000 619640000000 476650000000 343190000000 13.6281 0 0.01803 0.75356 0.60268 17.3002 -3.1801 8.38891 0.85869 0.59524 11.9836 0.67607 10.6395 0.3942 936400000000 238300000000
 0.8800   579843 0.8900   588223      1       -1       -1       -1  0 6.83167e+11 6.86400e+11 189.505000 10.720000 137.890000  1 0.2800 184.820000 46.46854 29.17688 50.57475 145.810 210.800 44.070 1.167e+10 -2.604e+11 -2.890e+11 0.02263 255650 255650 679950 5476 76 255637 255710 10.7199 686380000000 686380000000 638710000000 505250000000 352720000000 12.6177 0 0.01807 0.83726 0.7023 22.474 0.43285 3.74182 0.95018 0.79365 17.6399 5.93784 1.12544 0.4031 988800000000 295500000000
 0.8700   571367 0.8800   579843      1       -1       -1       -1  0 6.83167e+11 6.67300e+11 188.468000 9.839000 140.670000  1 0.2800 187.920000 46.46071 29.15915 50.56589 144.220 207.360 43.200 -8.193e+10 -3.843e+11 -3.133e+11 0.03125 255651 255651 679950 4524 75 255637 255710 9.83899 667310000000 686380000000 638710000000 505250000000 324120000000 21.4033 0 0.02455 0.83127 0.6728 6.61266 14.4277 4.03159 0.78668 0.47116 1.34874 13.5814 3.31013 0.4075 973300000000 276500000000
 0.8600   562903 0.8700   571367      1       -1       -1       -1  0 6.83167e+11 6.67300e+11 189.201000 9.685000 139.990000  1 0.2800 189.680000 46.44043 29.12922 50.55607 142.510 202.740 42.330 -7.047e+10 -3.500e+11 -4.229e+10 0.02323 255652 255652 679950 5565 74 255637 255710 9.68529 667310000000 686380000000 629180000000 524310000000 343190000000 19.1199 0 0.01763 0.81075 0.72896 10.1694 11.6496 5.3582 0.92136 0.57267 5.8217 13.0109 2.933 0.3875 922000000000 257400000000
 0.8500   554465 0.8600   562903      1       -1       -1       -1  0 6.83167e+11 6.67300e+11 189.930000 10.761000 138.110000  1 0.2800 185.140000 46.42150 29.09958 50.54751 141.940 202.690 41.640 -1.797e+10 -3.652e+11 -2.987e+11 0.03021 255653 255653 679950 5612 73 255637 255710 10.7606 667310000000 667310000000 619640000000 533850000000 324120000000 20.5209 0 0.02324 0.71599 0.59707 16.1895 10.4208 6.16393 0.71118 0.57592 14.4837 9.11981 5.925 0.3862 896700000000 276500000000
 0.8400   545965 0.8500   554465      1       -1       -1       -1  0 6.83167e+11 6.67300e+11 190.657000 12.724000 136.140000  1 0.2800 177.920000 46.39371 29.06763 50.53120 142.270 199.640 41.380 -4.306e+10 -1.887e+11 -2.422e+11 0.01956 255654 255654 679950 5676 72 255637 255710 12.7236 667310000000 724510000000 629180000000 514780000000 314590000000 20.9821 0 0.01533 0.85419 0.64284 16.8982 1.72764 9.26442 0.72366 0.6314 14.2484 0.02011 10.5485 0.3867 898600000000 295500000000
 0.8300   537447 0.8400   545965      1       -1       -1       -1  0 6.83167e+11 6.76800e+11 192.287000 12.188000 131.490000  1 0.2800 181.940000 46.37001 29.03334 50.53106 140.800 197.190 41.100 -4.901e+10 -3.043e+11 -2.440e+11 0.02468 255655 255655 679950 5668 71 255637 255710 12.1884 676840000000 714970000000 629180000000 505250000000 333650000000 14.7605 1.37 0.01905 0.77484 0.52378 20.5125 1.48268 2.62698 0.68773 0.52411 17.7494 2.245 1.15788 0.3607 963200000000 286000000000
 0.8200   528855 0.8300   537447      1       -1       -1       -1  0 6.83167e+11 6.76800e+11 193.011000 10.743000 132.490000  1 0.2800 189.230000 46.35021 29.00961 50.51871 138.270 194.170 39.610 -6.278e+10 -2.348e+11 -1.988e+11 0.01989 255656 255656 679950 4656 70 255637 255710 10.7428 676840000000 724510000000 629180000000 467120000000 352720000000 24.0516 0 0.01528 0.80428 0.64836 -4.96811 16.8516 10.6859 0.62444 0.47179 -5.08099 13.3457 12.5244 0.3598 986800000000 266900000000
 0.8100   520214 0.8200   528855      1       -1       -1       -1  0 6.83167e+11 6.76800e+11 193.732000 9.852000 134.930000  1 0.2800 194.890000 46.32271 28.97508 50.51398 136.780 191.600 39.310 -6.470e+10 -2.330e+11 -1.919e+11 0.01997 255657 255657 679950 5698 69 255637 255710 9.85185 676840000000 724510000000 619640000000 486180000000 333650000000 18.4274 0 0.01509 0.82863 0.6868 0.12414 16.2771 4.76546 0.87648 0.64629 -0.1061 11.6186 8.41312 0.3593 996600000000 257400000000
 0.8000   511537 0.8100   520214      1       -1       -1       -1  0 6.80000e+11 6.95900e+11 196.257000 9.399000 134.210000  1 0.2800 200.960000 46.29943 28.94504 50.50940 133.160 188.600 38.160 -1.829e+11 -2.656e+11 -1.330e+11 0.02178 255658 255658 679950 4706 68 255637 255710 9.39861 695910000000 724510000000 591050000000 495720000000 314590000000 19.4089 0 0.01635 0.73098 0.67333 17.6164 2.22707 2.51813 0.77661 0.66305 14.1158 3.5496 5.20521 0.3478 939900000000 247900000000
 0.7900   502896 0.8000   511537      1       -1       -1       -1  0 6.80000e+11 6.67300e+11 194.241000 12.733000 125.720000  1 0.2800 182.620000 46.27637 28.90179 50.50077 129.230 190.690 39.520 -1.084e+11 -2.091e+11 -3.541e+11 0.02807 255659 255659 679950 5729 67 255637 255710 12.7326 667310000000 724510000000 581510000000 495720000000 343190000000 14.6243 0 0.02147 0.83775 0.79587 19.1132 -3.65397 1.87827 0.89158 0.7768 16.002 4.96621 -0.02332 0.3303 901100000000 286000000000
 0.7800   494265 0.7900   502896      1       -1       -1       -1  0 6.73633e+11 6.76800e+11 195.871000 13.549000 121.100000  1 0.2800 181.770000 46.23927 28.86743 50.49788 126.230 187.220 39.040 -1.344e+11 -1.262e+11 -2.468e+11 0.01996 255660 255660 679950 4693 66 255637 255710 13.5489 676840000000 714970000000 600580000000 514780000000 333650000000 5.76532 0 0.01526 0.81403 0.72344 -5.24263 19.9091 -4.85889 0.81495 0.63774 1.55753 16.9056 7.33954 0.3102 873800000000 314600000000
 0.7700   485584 0.7800   494265      1       -1       -1       -1  0 6.67267e+11 6.76800e+11 196.576000 13.063000 117.740000  1 0.2800 184.520000 46.21192 28.82716 50.49080 123.880 184.050 38.190 -1.884e+11 -1.635e+11 -2.237e+11 0.02151 255661 255661 679950 5749 65 255637 255710 13.0635 676840000000 695910000000 591050000000 495720000000 343190000000 12.0227 0 0.01667 0.79904 0.63336 -11.1044 21.0484 -11.3398 0.89236 0.5887 -0.27278 21.0049 5.06012 0.3015 873100000000 295500000000
 0.7600   476882 0.7700   485584      1       -1       -1       -1  0 6.54567e+11 6.48200e+11 194.458000 14.809000 116.440000  1 0.2800 176.520000 46.18438 28.80009 50.48254 123.680 178.560 35.870 -1.451e+11 -2.226e+11 -1.270e+11 0.02097 255662 255662 679950 5764 64 255637 255710 14.8088 648240000000 686380000000 619640000000 505250000000 295520000000 9.23362 0 0.01583 0.78467 0.56718 11.8831 -12.3004 16.5945 0.81642 0.49864 13.5044 1.27535 14.4552 0.288 805600000000 314600000000
 0.7500   468153 0.7600   476882      1       -1       -1       -1  0 6.48200e+11 6.38700e+11 194.183000 13.549000 116.050000  1 0.2800 180.450000 46.16745 28.76553 50.46943 122.100 176.760 35.360 -2.042e+11 -2.107e+11 -1.024e+11 0.02274 255663 255663 679950 5788 63 255637 255710 13.5491 638710000000 667310000000 629180000000 514780000000 324120000000 6.89347 0 0.0172 0.80647 0.67089 18.8834 -6.89423 20.5287 0.67154 0.4437 17.2609 6.67382 17.9866 0.2877 797900000000 257400000000
 0.7400   459343 0.7500   468153      1       -1       -1       -1  0 6.48200e+11 6.48200e+11 195.826000 13.249000 119.180000  1 0.2800 183.700000 46.13017 28.72892 50.46567 119.950 173.710 34.220 -1.491e+11 -2.229e+11 -1.252e+11 0.02156 255664 255664 679950 5790 62 255637 255710 13.2488 648240000000 648240000000 629180000000 505250000000 305060000000 12.1651 0 0.01606 0.72906 0.66339 10.3148 -10.4007 14.6225 0.77247 0.49128 10.4431 0.91168 13.0448 0.2887 770900000000 295500000000
 0.7300   450522 0.7400   459343      1       -1       -1       -1  0 6.48200e+11 6.48200e+11 196.502000 10.659000 123.150000  1 0.2800 195.910000 46.10380 28.68907 50.45696 118.050 171.240 33.400 -1.506e+11 -2.227e+11 -1.240e+11 0.02193 255665 255665 679950 4768 61 255637 255710 10.6594 648240000000 648240000000 629180000000 486180000000 324120000000 15.014 0 0.01615 0.72734 0.48373 8.74851 -13.419 12.8489 0.90187 0.52673 6.63315 -7.982 11.5847 0.2962 837100000000 257400000000
 0.7200   441675 0.7300   450522      1       -1       -1       -1  0 6.48200e+11 6.48200e+11 197.174000 11.678000 117.760000  1 0.2800 192.250000 46.08177 28.64313 50.44687 116.130 168.760 32.580 -1.509e+11 -2.224e+11 -1.230e+11 0.02159 255666 255666 679950 5855 60 255637 255710 11.6781 648240000000 648240000000 629180000000 448050000000 305060000000 20.2483 0 0.01621 0.93516 0.51933 -10.0312 18.4584 -9.43688 0.90372 0.42544 6.52434 15.1032 11.7795 0.2849 815000000000 266900000000
 0.7100   432759 0.7200   441675      1       -1       -1       -1  0 6.45033e+11 6.48200e+11 197.841000 17.541000 111.720000  1 0.2800 174.520000 46.07112 28.61315 50.44853 113.320 165.360 31.760 -2.107e+11 -2.101e+11 -6.498e+10 0.02219 255667 255667 679950 4802 59 255637 255710 17.5408 648240000000 648240000000 619640000000 505250000000 209730000000 15.3341 0 0.01679 0.87147 0.61156 17.1443 -8.25296 12.9746 0.96798 0.49388 15.9845 2.16018 10.726 0.265 745900000000 324100000000
 0.7000   423785 0.7100   432759      1       -1       -1       -1  0 6.38700e+11 6.38700e+11 197.524000 16.670000 109.560000  1 0.2800 176.660000 46.05171 28.56409 50.43779 111.760 164.460 29.970 -1.970e+11 -2.432e+11 -9.929e+10 0.02411 255668 255668 679950 5905 58 255637 255710 16.6703 638710000000 648240000000 591050000000 495720000000 228790000000 26.1291 1.44 0.01865 0.73175 0.60676 19.6566 -8.28083 12.0551 0.67484 0.42458 19.8784 0.14295 8.91829 0.2663 722500000000 286000000000
 0.6900   414791 0.7000   423785      1       -1       -1       -1  0 6.26000e+11 6.29200e+11 197.185000 14.630000 107.920000  1 0.2800 182.430000 46.00845 28.53620 50.41770 111.640 160.200 29.440 -1.912e+11 -1.870e+11 -1.259e+11 0.02327 255669 255669 679950 5917 57 255637 255710 14.6302 629180000000 638710000000 581510000000 448050000000 305060000000 17.2527 0 0.01731 0.75151 0.65597 14.0666 -12.8657 17.1125 0.61165 0.54623 -7.67175 18.0375 -9.57505 0.2447 735300000000 305100000000
 0.6800   405787 0.6900   414791      1       -1       -1       -1  0 6.13300e+11 6.10100e+11 195.809000 14.084000 110.950000  1 0.2800 183.020000 45.97777 28.50971 50.42004 108.550 157.590 28.790 -1.173e+11 -1.690e+11 -1.108e+11 0.01947 255670 255670 679950 5939 56 255637 255710 14.0835 610110000000 619640000000 581510000000 495720000000 276460000000 3.14826 0 0.01449 0.85477 0.52952 -8.751 17.2437 -6.87187 0.72151 0.41106 -6.44388 19.355 -3.32886 0.2564 758500000000 276500000000
 0.6700   396791 0.6800   405787      1       -1       -1       -1  0 6.03767e+11 6.00600e+11 195.411000 9.908000 112.080000  1 0.2800 201.150000 45.95492 28.44930 50.39892 106.410 154.880 28.140 -1.073e+11 -1.654e+11 -1.299e+11 0.02065 255671 255671 679950 5911 55 255637 255710 9.90775 600580000000 619640000000 591050000000 448050000000 295520000000 24.9978 0 0.01511 0.78705 0.49582 16.1673 3.38597 18.7931 0.88609 0.50452 8.51198 8.19912 17.2105 0.2546 799400000000 238300000000
 0.6600   387867 0.6700   396791      1       -1       -1       -1  0 6.03767e+11 6.00600e+11 196.031000 14.157000 109.560000  1 0.2800 184.020000 45.93207 28.41210 50.39830 104.760 152.400 26.520 -8.660e+10 -2.503e+11 -7.615e+10 0.02426 255672 255672 679950 5940 54 255637 255710 14.1573 600580000000 610110000000 562450000000 457580000000 257390000000 23.4664 0 0.01775 0.5895 0.40707 20.343 -16.1452 6.39458 0.5024 0.29072 18.759 -15.1976 7.02252 0.2445 740700000000 257400000000
 0.6500   378833 0.6600   387867      1       -1       -1       -1  0 6.03767e+11 5.91000e+11 195.600000 11.710000 107.740000  1 0.2800 193.420000 45.89591 28.37450 50.39487 102.260 150.910 27.070 -1.175e+11 -3.032e+11 -2.944e+10 0.02997 255673 255673 679950 4865 53 255637 255710 11.7097 591050000000 600580000000 533850000000 467120000000 295520000000 16.4247 0 0.02173 0.59326 0.57036 -20.5515 20.6039 2.02219 0.58402 0.50724 19.2127 -18.1247 -1.48931 0.2353 727200000000 247900000000
 0.6400   369758 0.6500   378833      1       -1       -1       -1  0 6.03767e+11 5.72000e+11 194.071000 12.502000 106.270000  1 0.2800 188.790000 45.86826 28.34119 50.39391 99.520 150.120 25.190 -9.582e+10 -2.707e+11 2.074e+10 0.02793 255674 255674 679950 4846 52 255637 255710 12.5021 571980000000 591050000000 505250000000 457580000000 314590000000 5.1421 0.45 0.02036 0.59572 0.46477 -13.9807 23.7696 1.55877 0.57015 0.39713 -12.4657 23.4229 2.2175 0.2343 737900000000 247900000000
 0.6300   360647 0.6400   369758      1       -1       -1       -1  0 6.03767e+11 5.33800e+11 190.236000 14.218000 102.440000  1 0.2800 178.720000 45.82851 28.30815 50.38415 98.410 143.630 25.550 5.695e+10 -2.309e+11 -6.160e+10 0.02787 255675 255675 679950 5956 51 255637 255710 14.2176 533850000000 562450000000 505250000000 457580000000 266920000000 6.2571 0 0.01961 0.88331 0.63458 -9.33758 16.241 -0.43882 0.87324 0.55784 -6.62024 15.9338 3.25225 0.2145 701300000000 247900000000
 0.6200   351546 0.6300   360647      1       -1       -1       -1  0 6.03767e+11 5.33800e+11 190.807000 10.891000 101.140000  1 0.2800 193.050000 45.79532 28.26785 50.37998 96.340 141.820 25.240 3.844e+10 -2.323e+11 -1.124e+09 0.02673 255676 255676 679950 5937 50 255637 255710 10.8911 533850000000 533850000000 486180000000 428980000000 257390000000 7.66241 0 0.01893 0.82217 0.52506 15.7302 -16.4927 8.27452 0.78231 0.44398 15.61 -15.7392 5.55277 0.2105 681400000000 228800000000
 0.6100   342421 0.6200   351546      1       -1       -1       -1  0 6.03767e+11 5.14800e+11 189.064000 11.966000 101.360000  1 0.2800 186.740000 45.75692 28.22510 50.36960 93.190 137.480 23.530 5.155e+10 -1.742e+11 4.150e+09 0.02223 255677 255677 679950 5961 49 255637 255710 11.9658 514780000000 524310000000 467120000000 409920000000 285990000000 9.95201 1.67 0.01562 0.64948 0.4124 -12.7278 18.4066 -3.30213 0.57075 0.37707 -13.0594 17.6716 -3.09344 0.2109 681100000000 228800000000
 0.6000   333287 0.6100   342421      1       -1       -1       -1  0 6.03767e+11 4.76700e+11 184.811000 11.197000 97.870000  1 0.2800 185.400000 45.72047 28.18764 50.34794 93.500 137.670 23.530 3.173e+10 -1.895e+11 -3.213e+10 0.02604 255678 255678 679950 5975 48 255637 255710 11.1971 476650000000 486180000000 467120000000 381320000000 276460000000 12.9735 0 0.01917 0.76059 0.38434 19.0883 10.844 25.8648 0.82734 0.36711 17.6407 9.9977 21.6512 0.2198 638900000000 114400000000
 0.5900   324118 0.6000   333287      1       -1       -1       -1  0 6.03767e+11 4.76700e+11 185.339000 11.882000 89.490000  1 0.2800 183.910000 45.69717 28.15432 50.36520 87.850 133.570 21.860 3.592e+10 -1.957e+11 1.763e+10 0.02737 255679 255679 679950 6035 47 255637 255710 11.8816 476650000000 476650000000 448050000000 352720000000 266920000000 19.7475 0 0.01979 0.6624 0.44908 -5.26714 21.8655 6.21867 0.60657 0.37769 0.27694 20.0966 6.12703 0.1847 611100000000 181100000000
 0.5800   314875 0.5900   324118      1       -1       -1       -1  0 6.03767e+11 4.38500e+11 180.764000 14.690000 82.960000  1 0.2800 169.640000 45.67023 28.08861 50.34219 86.980 131.060 22.120 3.322e+10 -1.264e+11 7.529e+10 0.02389 255680 255680 679950 6031 46 255637 255710 14.6901 438520000000 448050000000 438520000000 400390000000 181130000000 8.50583 0 0.0173 0.76557 0.56929 -4.89575 31.6736 11.9126 0.441 0.36197 5.1897 32.8909 12.8877 0.1668 530200000000 219300000000
 0.5700   305637 0.5800   314875      1       -1       -1       -1  0 6.03767e+11 4.38500e+11 181.263000 12.604000 82.620000  1 0.2800 177.670000 45.64355 28.05953 50.34544 83.590 128.890 20.920 3.204e+10 -1.247e+11 7.553e+10 0.02392 255681 255681 679950 6012 45 255637 255710 12.604 438520000000 438520000000 428980000000 381320000000 200190000000 15.7353 0 0.01724 0.71582 0.41977 -3.84926 21.6271 6.70376 0.4888 0.4061 1.42443 20.3864 5.3881 0.1625 513800000000 200200000000
 0.5600   296391 0.5700   305637      1       -1       -1       -1  0 6.03767e+11 4.57600e+11 184.350000 15.352000 82.800000  1 0.2800 173.600000 45.62577 28.00958 50.33425 79.810 126.220 19.810 3.543e+10 -1.164e+11 5.492e+10 0.01983 255682 255682 679950 6017 44 255637 255710 15.3521 457580000000 457580000000 419450000000 352720000000 171590000000 17.4649 0 0.01447 0.79569 0.31382 4.17579 24.8264 6.58876 0.66285 0.23059 16.7912 15.3784 7.2284 0.1607 486800000000 190700000000
 0.5500   287150 0.5600   296391      1       -1       -1       -1  0 6.03767e+11 4.38500e+11 182.235000 11.243000 88.240000  1 0.2800 186.140000 45.58031 27.95067 50.32191 80.020 121.710 22.200 -4.945e+10 -2.013e+11 6.190e+10 0.03717 255683 255683 679950 6007 43 255637 255710 11.243 438520000000 448050000000 438520000000 333650000000 219260000000 2.91823 0 0.02537 0.84248 0.34445 -1.27122 21.0801 7.84321 0.75017 0.31394 10.4917 17.3179 6.16005 0.1598 506500000000 190700000000
 0.5400   277935 0.5500   287150      1       -1       -1       -1  0 6.03767e+11 4.38500e+11 182.708000 9.885000 83.570000  1 0.2800 194.440000 45.54022 27.89888 50.30992 75.740 118.370 19.080 -3.700e+10 -1.376e+11 3.442e+10 0.02500 255684 255684 679950 5969 42 255637 255710 9.88501 438520000000 438520000000 428980000000 352720000000 219260000000 8.83132 0 0.01733 0.68764 0.37376 -20.865 19.7353 -3.58509 0.74105 0.48278 18.9309 -11.9008 3.43507 0.148 544100000000 171600000000
 0.5300   268693 0.5400   277935      1       -1       -1       -1  0 6.03767e+11 4.76700e+11 188.335000 21.426000 75.930000  1 0.2800 167.970000 45.52275 27.86285 50.29758 73.960 116.810 15.660 -8.796e+10 -1.596e+11 3.998e+10 0.02527 255685 255685 679950 5963 41 255637 255710 21.4261 495720000000 495720000000 438520000000 390850000000 85797000000 7.0944 1.34 0.01935 0.89874 0.59872 16.501 -16.7181 3.93903 0.79859 0.61573 15.2555 13.2842 0.75464 0.1395 510200000000 276500000000
 0.5200   259462 0.5300   268693      1       -1       -1       -1  0 6.03767e+11 4.86200e+11 190.054000 14.735000 83.550000  1 0.2800 186.110000 45.48821 27.78406 50.29738 71.490 114.460 14.390 -4.340e+10 -1.544e+11 8.523e+10 0.02528 255686 255686 679950 4799 40 255637 255710 14.7347 486180000000 486180000000 438520000000 362250000000 181130000000 24.0094 0 0.01837 0.66462 0.30022 18.0123 -9.77107 3.17189 0.62797 0.33797 16.4291 -5.44447 4.19131 0.144 468700000000 181100000000
 0.5100   250182 0.5200   259462      1       -1       -1       -1  0 6.03767e+11 5.43400e+11 197.712000 28.392000 84.590000  1 0.2800 170.500000 45.45533 27.76481 50.29290 70.860 114.310 12.340 -9.008e+10 -1.749e+11 -5.456e+10 0.02229 255687 255687 679950 4753 39 255637 255710 28.3921 543380000000 543380000000 533850000000 352720000000 152530000000 8.9528 1.07 0.01731 0.41454 0.34318 -16.3986 34.1198 6.16281 0.23922 0.17587 -9.39245 26.8186 -0.96118 0.1511 513100000000 352700000000
 0.5000   241009 0.5100   250182      1       -1       -1       -1  0 6.03767e+11 5.52900e+11 199.333000 26.926000 87.330000  1 0.2800 174.970000 45.42302 27.68809 50.28766 66.530 112.430 10.960 -5.983e+10 -1.743e+11 9.696e+09 0.02022 255688 255688 679950 4754 38 255637 255710 26.9258 552910000000 552910000000 524310000000 381320000000 200190000000 35.3342 0 0.01533 0.3872 0.30418 23.0906 -23.3989 -13.9045 0.32109 0.11638 19.2056 -19.9196 -16.9117 0.1505 512700000000 362300000000
 0.4900   231820 0.5000   241009      1       -1       -1       -1  0 6.03767e+11 5.62500e+11 200.937000 20.976000 90.570000  1 0.2800 187.120000 45.39808 27.64672 50.27785 64.920 110.390 10.570 -9.616e+10 -1.065e+11 4.136e+10 0.01618 255689 255689 679950 5823 37 255637 255710 20.9764 562450000000 562450000000 552910000000 419450000000 181130000000 24.5059 0 0.01216 0.4787 0.31521 21.4999 -18.1184 -11.5847 0.46481 0.21117 15.8768 -11.0967 -14.4186 0.1554 583400000000 305100000000
 0.4800   222676 0.4900   231820      1       -1       -1       -1  0 6.03767e+11 6.00600e+11 205.842000 21.416000 91.830000  1 0.2800 193.160000 45.37956 27.59276 50.26517 62.210 109.060 9.220 -1.658e+11 -1.057e+11 3.752e+09 0.01918 255690 255690 679950 5845 36 255637 255710 21.416 600580000000 600580000000 562450000000 428980000000 190660000000 32.0501 0 0.0145 0.44791 0.34225 -22.5107 23.7594 15.5885 0.43898 0.36385 -19.4637 19.78 15.4203 0.1541 585600000000 343200000000
 0.4700   213545 0.4800   222676      1       -1       -1       -1  0 6.03767e+11 6.00600e+11 206.293000 22.535000 92.300000  1 0.2800 192.960000 45.35972 27.54730 50.25449 59.660 107.730 10.190 -1.415e+11 -1.539e+11 2.679e+09 0.02056 255691 255691 679950 5829 35 255637 255710 22.5346 600580000000 600580000000 600580000000 428980000000 209730000000 28.8829 0 0.01556 0.69807 0.29062 -11.7853 17.6499 10.7527 0.38592 0.28612 -7.64991 13.4301 10.2341 0.1555 567200000000 295500000000
 0.4600   204426 0.4700   213545      1       -1       -1       -1  0 6.00567e+11 6.10100e+11 207.822000 23.252000 89.440000  1 0.2800 194.870000 45.32082 27.50794 50.25431 60.140 105.560 9.260 -2.714e+10 -1.037e+11 -6.248e+10 0.01212 255692 255692 679950 4615 34 255637 255710 23.2522 610110000000 610110000000 600580000000 409920000000 200190000000 18.4567 0 0.00908 0.69111 0.38057 21.9091 -3.00164 -11.9684 0.51673 0.32465 -7.13526 11.4707 14.0293 0.1436 547300000000 295500000000
 0.4500   195371 0.4600   204426      1       -1       -1       -1  0 5.78300e+11 5.91000e+11 206.060000 31.089000 82.560000  1 0.2800 183.810000 45.28605 27.48270 50.25909 59.290 102.540 8.190 2.717e+10 -1.888e+11 2.632e+10 0.01925 255693 255693 679950 4613 33 255637 255710 31.0894 591050000000 571980000000 552910000000 390850000000 171590000000 24.1123 1.9 0.015 0.63807 0.36283 -15.8871 19.5772 13.2809 0.62162 0.46207 -9.00542 18.1704 11.1039 0.1357 523300000000 390900000000
 0.4400   186315 0.4500   195371      1       -1       -1       -1  0 5.43333e+11 5.33800e+11 199.586000 48.598000 80.480000  1 0.2800 167.620000 45.22368 27.44682 50.28692 53.980 96.870 5.080 3.441e+10 -1.618e+11 9.377e+10 0.02103 255694 255694 679950 5697 32 255637 255710 48.5985 533850000000 533850000000 476650000000 295520000000 95330000000 37.6146 0 0.01774 0.41257 0.1485 46.0908 -18.3436 -27.2368 0.30699 0.01182 28.12 9.81309 -18.5598 0.156 467700000000 524300000000
 0.4300   177299 0.4400   186315      1       -1       -1       -1  0 4.89333e+11 5.05200e+11 196.337000 68.092000 71.590000  1 0.2800 161.640000 45.21869 27.42791 50.27912 55.080 87.680 2.570 5.752e+10 -2.072e+11 1.104e+11 0.02886 255695 255695 679950 4530 31 255637 255710 68.0925 505250000000 505250000000 438520000000 171590000000 104860000000 53.0791 0 0.02498 0.32861 0.25507 -19.8283 35.0543 20.5042 0.47701 0.42968 19.8955 -11.8661 -13.4831 0.134 438400000000 600600000000
 0.4200   168320 0.4300   177299      1       -1       -1       -1  0 4.38533e+11 4.29000e+11 186.265000 15.106000 70.390000  1 0.2800 194.330000 45.19162 27.38083 50.27248 55.850 77.000 2.660 -2.717e+09 -1.648e+11 1.607e+11 0.03865 255696 255696 679950 4496 30 255637 255710 15.1058 428980000000 409920000000 390850000000 152530000000 123930000000 43.8323 4.46 0.03158 0.38404 0.29055 -14.4681 12.6764 15.4996 0.37829 0.33297 13.1756 -5.08376 -8.92372 0.1261 420000000000 143000000000
 0.4100   159447 0.4200   168320      1       -1       -1       -1  0 4.38533e+11 3.81300e+11 179.419000 20.827000 63.430000  1 0.2800 174.280000 45.15704 27.33495 50.28649 55.450 70.660 4.340 2.016e+10 -1.519e+11 1.913e+11 0.05144 255697 255697 679950 4443 29 255637 255710 20.8269 381320000000 371790000000 343190000000 200190000000 123930000000 30.5678 1.8 0.04138 0.48383 0.34761 -15.0163 17.0703 17.5241 0.5844 0.42774 15.532 -8.7436 -10.8371 0.1038 381200000000 152500000000
 0.4000   150657 0.4100   159447      1       -1       -1       -1  0 4.38533e+11 3.71800e+11 178.223000 29.720000 62.770000  1 0.2800 163.470000 45.12531 27.28430 50.29761 54.350 74.850 4.530 2.542e+10 -8.955e+10 1.837e+11 0.04509 255698 255698 679950 5469 28 255637 255710 29.7204 371790000000 324120000000 295520000000 228790000000 104860000000 26.2099 0 0.03668 0.52714 0.43363 -13.782 15.6285 20.4576 0.30873 0.08469 -17.2598 6.70489 22.2995 0.1032 339600000000 257400000000
 0.3900   141972 0.4000   150657      1       -1       -1       -1  0 4.38533e+11 4.19400e+11 185.848000 41.522000 61.390000  1 0.2800 165.170000 45.08616 27.15821 50.25359 55.280 74.050 -1.830 3.426e+10 -1.622e+11 2.170e+11 0.04648 255699 255699 679950 5369 27 255637 255710 41.522 419450000000 400390000000 390850000000 257390000000 0 26.9997 0 0.04026 0.31632 0.08612 -4.69828 58.2839 47.0546 0.6477 0.0531 27.0285 34.7911 18.0286 0.1004 399100000000 381300000000
 0.3800   133497 0.3900   141972      1       -1       -1       -1  0 4.38533e+11 4.29000e+11 187.548000 35.609000 66.490000  1 0.2800 172.150000 45.07506 27.12660 50.28756 50.180 75.070 2.140 8.345e+10 -1.236e+11 1.602e+11 0.03907 255700 255700 679950 5299 26 255637 255710 35.6093 428980000000 419450000000 409920000000 209730000000 76264000000 26.3265 0 0.03146 0.44926 0.34218 -24.7357 28.0965 -6.66219 0.43183 0.27411 19.4363 -12.6227 10.7134 0.0956 394800000000 362300000000
 0.3700   125003 0.3800   133497      1       -1       -1       -1  0 4.38533e+11 4.48100e+11 190.582000 26.063000 71.950000  1 0.2800 186.820000 45.03841 27.08119 50.28164 48.110 72.970 2.150 9.167e+10 -1.452e+11 1.906e+11 0.04506 255701 255701 679950 4231 25 255637 255710 26.0632 448050000000 438520000000 438520000000 266920000000 152530000000 27.0311 0 0.03473 0.4689 0.42298 8.43576 29.4413 12.2199 0.72802 0.28733 -1.57963 23.063 2.85649 0.0999 392600000000 257400000000
 0.3600   116519 0.3700   125003      1       -1       -1       -1  0 4.32167e+11 4.38500e+11 189.503000 24.640000 71.000000  1 0.2800 189.720000 44.99433 27.00912 50.27565 48.190 72.100 1.620 1.230e+11 -1.525e+11 1.576e+11 0.04738 255702 255702 679950 5112 24 255637 255710 24.6401 438520000000 438520000000 409920000000 324120000000 152530000000 19.2052 0 0.03574 0.92905 0.60338 -16.348 20.5676 12.5157 0.6424 0.53694 23.1762 -2.55518 -12.2361 0.0939 393500000000 257400000000
 0.3500   108182 0.3600   116519      1       -1       -1       -1  0 4.00367e+11 4.09900e+11 185.554000 21.386000 70.690000  1 0.2800 192.600000 44.93332 26.94108 50.24745 47.230 71.290 2.400 9.989e+10 -1.406e+11 1.368e+11 0.04677 255703 255703 679950 5007 23 255637 255710 21.3863 409920000000 409920000000 400390000000 333650000000 47665000000 12.6165 0 0.03548 0.79841 0.4591 -25.5773 19.8418 20.5131 0.81794 0.40926 31.4381 9.24593 -11.4285 0.0977 420000000000 228800000000
 0.3400   100021 0.3500   108182      1       -1       -1       -1  0 3.87667e+11 3.52700e+11 176.727000 25.478000 63.860000  1 0.2800 177.830000 44.88612 26.82914 50.22880 50.860 70.660 2.510 1.075e+11 -6.200e+10 8.168e+10 0.03755 255704 255704 679950 4856 22 255637 255710 25.4785 352720000000 352720000000 352720000000 257390000000 0 31.1076 0 0.03119 0.44522 0.08569 -22.5972 57.4065 23.1883 0.12529 0.00538 -28.0605 42.7145 14.371 0.1073 361300000000 238300000000
 0.3300    92109 0.3400   100021      1       -1       -1       -1  0 3.30467e+11 4.00400e+11 184.592000 58.662000 56.040000  1 0.2800 170.270000 44.84732 26.79885 50.24133 46.320 64.500 1.730 9.842e+10 -7.973e+10 9.429e+10 0.03066 255705 255705 679950 4737 21 255637 255710 58.662 400390000000 362250000000 324120000000 114400000000 38132000000 11.0725 0 0.02723 0.67042 0.17037 20.8095 32.903 11.898 0.4423 0.03343 14.5702 14.2393 9.93667 0.0905 330200000000 448100000000
 0.3200    84344 0.3300    92109      1       -1       -1       -1  0 2.76467e+11 2.38300e+11 155.468000 27.135000 51.120000  1 0.2800 155.540000 44.78489 26.66372 50.21207 50.290 80.010 1.870 -8.263e+09 -3.541e+10 7.777e+10 0.04007 255706 255706 679950 4588 20 255637 255710 27.1347 238320000000 238320000000 238320000000 104860000000 0 19.5821 3.78 0.03567 0.09204 0.07704 46.4768 -35.7892 -7.63698 0.39768 0.17266 40.7065 -35.41 -9.4246 0.0965 258200000000 152500000000
 0.3100    76812 0.3200    84344      1       -1       -1       -1  0 2.00200e+11 1.90700e+11 144.492000 24.393000 53.300000  1 0.2800 147.390000 44.83067 26.88740 50.28129 31.920 43.580 0.250 -1.177e+10 -1.884e+10 3.394e+10 0.02979 255707 255707 679950 4426 19 255637 255710 24.3931 190660000000 190660000000 171590000000 123930000000 0 25.4757 0 0.02482 0.35963 0.16504 20.4179 5.24164 31.7138 0.16564 0.03775 18.0768 4.30096 36.6763 0.095 188900000000 123900000000
 0.3000    69502 0.3100    76812      1       -1       -1       -1  0 1.46187e+11 1.71600e+11 139.658000 60.596000 36.860000  1 0.2800 132.770000 44.69458 26.59099 50.24097 30.900 62.940 -3.640 -1.309e+08 9.839e+09 -1.080e+10 0.01188 255708 255708 679950 3365 18 255637 255710 60.5959 171590000000 123930000000 123930000000 76264000000 19066000000 7.74053 5.08 0.01083 0.84435 0.27772 23.7258 8.24705 3.13866 0.26403 0.04843 22.0562 -0.22506 -2.54518 0.071 238800000000 314600000000
 0.2900    62445 0.3000    69502      1       -1       -1       -1  0 1.08040e+11 7.62600e+10 106.690000 21.956000 31.700000  1 0.2800 108.930000 44.70316 26.57856 50.24367 29.840 56.870 -0.620 -1.338e+09 -3.843e+09 3.412e+09 0.01446 255709 255709 679950 3173 17 255637 255710 21.9561 76264000000 76264000000 76264000000 0 0 52.481 0 0.01545 0.10298 0 40.8417 52.8951 -22.0591 0 0 0 0 0 0.0823 229000000000 66730000000
 0.2800    55665 0.2900    62445      0       -1       -1       -1  0 7.62600e+10 7.62600e+10 106.793000 21.514000 30.090000  1 0.2800 111.130000 44.67049 26.51580 50.24193 23.960 55.460 -1.490 -3.903e+08 -4.411e+09 2.601e+09 0.01462 255710 255710 679950 3755 16 255637 255710 21.514 76264000000 76264000000 76264000000 0 0 49.2541 0 0.0152 0.68033 0.10858 39.3324 27.6961 -23.9775 0 0 0 0 0 0.0712 217300000000 57200000000
