 1.0000   676071 0.0000       -1      1       -1       -1       -1  0 4.38500e+11 4.09900e+11 151.974000 10.406000 111.180000  1 0.3100 142.200000 16.43462 24.91874 59.76983 -89.890 119.560 -203.410 4.721e+11 -1.866e+11 8.618e+10 0.05812 327048 327048 676071 1586 88 327047 327117 10.4063 409920000000 457580000000 362250000000 276460000000 152530000000 20.0075 0 0.05426 0.66689 0.44 -14.3478 17.9136 3.90188 0.75925 0.39343 -10.9035 15.9017 -1.74931 0.4798 567300000000 181100000000
 0.9900   667907 1.0000   676071      1       -1       -1       -1  0 4.38500e+11 4.19400e+11 153.788000 13.297000 111.510000  1 0.3100 135.640000 16.45260 24.92460 59.78957 -90.930 118.740 -199.190 4.247e+11 -2.793e+11 1.034e+11 0.05324 327049 327049 676071 1608 87 327047 327117 13.2967 419450000000 457580000000 362250000000 276460000000 0 4.89942 0 0.05276 0.82098 0.56689 -4.18066 29.9595 4.77215 0.94979 0.69799 20.3559 -8.65851 -8.68497 0.5046 529900000000 209700000000
 0.9800   659556 0.9900   667907      1       -1       -1       -1  0 4.38500e+11 4.00400e+11 152.056000 9.972000 114.070000  1 0.3100 143.530000 16.44395 24.89783 59.81818 -90.620 119.570 -199.790 3.874e+11 -3.395e+11 4.521e+10 0.06182 327050 327050 676071 1584 86 327047 327117 9.9715 400390000000 467120000000 333650000000 276460000000 123930000000 20.0399 1.73 0.05701 0.69143 0.36556 12.9825 -12.3132 0.81777 0.80147 0.28192 9.3524 -10.3143 5.11141 0.484 603200000000 133500000000
 0.9700   651236 0.9800   659556      1       -1       -1       -1  0 4.38500e+11 4.29000e+11 156.242000 14.503000 116.290000  1 0.3100 135.230000 16.47374 24.89639 59.82683 -91.200 113.300 -196.560 3.901e+11 -4.577e+11 2.371e+10 0.05808 327051 327051 676071 568 85 327047 327117 14.5028 428980000000 457580000000 371790000000 285990000000 95330000000 6.21428 0 0.05932 0.78355 0.47015 28.1086 3.33667 -6.98664 0.14534 0.06396 35.6464 5.2363 -4.01039 0.5315 518200000000 228800000000
 0.9600   642925 0.9700   651236      1       -1       -1       -1  0 4.38500e+11 4.00400e+11 153.323000 10.869000 123.790000  1 0.3100 141.540000 16.46180 24.86431 59.85069 -90.200 112.810 -199.350 2.324e+11 -4.124e+11 1.554e+10 0.05454 327052 327052 676071 538 84 327047 327117 10.8692 400390000000 467120000000 305060000000 285990000000 181130000000 25.7944 0 0.05254 0.68591 0.26242 15.4028 -13.0828 -7.48504 0.65671 0.17146 15.1827 -11.9905 -3.74014 0.5438 552400000000 181100000000
 0.9500   634635 0.9600   642925      1       -1       -1       -1  0 4.38500e+11 4.09900e+11 155.167000 10.312000 122.350000  1 0.3100 145.510000 16.46765 24.85042 59.87963 -90.440 109.830 -194.880 2.656e+11 -5.041e+11 -6.600e+09 0.06435 327053 327053 676071 1603 83 327047 327117 10.3124 409920000000 467120000000 305060000000 285990000000 181130000000 32.0327 0 0.06097 0.85593 0.48111 2.51357 16.601 9.95253 0.63021 0.44327 4.45869 14.6879 9.79079 0.5249 576900000000 181100000000
 0.9400   626355 0.9500   634635      1       -1       -1       -1  0 4.38500e+11 4.19400e+11 157.001000 9.784000 119.570000  1 0.3100 149.620000 16.47762 24.84554 59.90837 -89.940 106.090 -194.510 3.144e+11 -4.894e+11 -1.659e+09 0.06599 327054 327054 676071 2576 82 327047 327117 9.78444 419450000000 467120000000 314590000000 257390000000 190660000000 30.4973 0 0.0601 0.61399 0.55299 -6.97042 14.498 9.87057 0.64521 0.49048 -0.14312 11.3459 9.11544 0.4885 576100000000 190700000000
 0.9300   618046 0.9400   626355      1       -1       -1       -1  0 4.38500e+11 4.29000e+11 158.826000 10.248000 115.820000  1 0.3100 149.860000 16.48934 24.84511 59.93577 -89.570 103.550 -190.870 4.065e+11 -4.364e+11 -5.664e+09 0.06344 327055 327055 676071 1591 81 327047 327117 10.2485 428980000000 448050000000 305060000000 266920000000 152530000000 29.4142 0.4 0.05955 0.65412 0.41613 -7.3275 18.431 3.57093 0.73807 0.34302 -4.483 17.0887 2.02753 0.4836 519500000000 152500000000
 0.9200   609706 0.9300   618046      1       -1       -1       -1  0 4.38500e+11 4.09900e+11 157.071000 10.609000 112.810000  1 0.3100 146.350000 16.50248 24.81556 59.95471 -88.660 103.510 -190.110 3.417e+11 -4.987e+11 -1.134e+11 0.07329 327056 327056 676071 558 80 327047 327117 10.6089 409920000000 476650000000 305060000000 257390000000 181130000000 29.1567 0 0.06648 0.78269 0.42549 2.08965 20.5642 -5.29395 0.74001 0.39547 -0.03438 16.3258 -3.2672 0.459 524000000000 181100000000
 0.9100   601363 0.9200   609706      1       -1       -1       -1  0 4.38500e+11 4.29000e+11 160.110000 20.956000 110.040000  1 0.3100 128.240000 16.54001 24.80778 59.96560 -85.820 101.660 -190.160 3.382e+11 -4.876e+11 -9.301e+10 0.06111 327057 327057 676071 560 79 327047 327117 20.9559 428980000000 476650000000 409920000000 266920000000 57198000000 3.21164 0 0.06038 0.74272 0.3735 24.4969 9.90081 -22.083 0.45421 0.17465 20.2637 -2.02732 -19.614 0.4783 516100000000 266900000000
 0.9000   593011 0.9100   601363      1       -1       -1       -1  0 4.38500e+11 4.19400e+11 159.551000 19.450000 106.070000  1 0.3100 129.530000 16.53105 24.78754 60.00753 -85.490 98.970 -188.070 3.721e+11 -5.033e+11 -4.890e+10 0.07056 327058 327058 676071 1600 78 327047 327117 19.4498 428980000000 486180000000 333650000000 228790000000 114400000000 29.0445 2.64 0.06575 0.8607 0.5588 10.8271 12.0496 -9.09667 0.85378 0.71838 11.0075 -4.5819 4.68974 0.4352 451400000000 228800000000
 0.8900   584615 0.9000   593011      1       -1       -1       -1  0 4.38500e+11 4.38500e+11 162.575000 24.272000 101.760000  1 0.3100 126.980000 16.55207 24.77216 60.02711 -86.070 94.040 -184.560 3.827e+11 -4.690e+11 -2.972e+10 0.06361 327059 327059 676071 1618 77 327047 327117 24.2721 448050000000 476650000000 409920000000 266920000000 104860000000 24.2188 4.53 0.05916 0.82751 0.50875 -17.2911 8.17394 17.939 0.88592 0.4307 -10.8919 8.07549 12.259 0.4035 472900000000 305100000000
 0.8800   576239 0.8900   584615      1       -1       -1       -1  0 4.38500e+11 4.38500e+11 163.216000 23.252000 100.760000  1 0.3100 128.520000 16.56599 24.75747 60.05579 -81.540 92.330 -183.660 3.497e+11 -4.651e+11 -7.991e+10 0.06249 327060 327060 676071 2623 76 327047 327117 23.2518 448050000000 476650000000 419450000000 247860000000 95330000000 25.629 4.74 0.05754 0.75376 0.44755 -15.2135 6.1869 22.0077 0.52743 0.46793 -6.23648 8.8292 15.7724 0.39 481800000000 276500000000
 0.8700   567788 0.8800   576239      1       -1       -1       -1  0 4.35367e+11 4.38500e+11 163.855000 19.948000 105.620000  1 0.3100 132.960000 16.58309 24.74221 60.08072 -81.130 89.580 -181.660 3.453e+11 -4.636e+11 -8.791e+10 0.06331 327061 327061 676071 1632 75 327047 327117 19.9484 448050000000 476650000000 428980000000 247860000000 123930000000 24.2473 4.9 0.0575 0.75154 0.42487 -11.22 7.21573 20.8944 0.47949 0.29257 -8.41719 12.9404 16.2267 0.4045 484900000000 247900000000
 0.8600   559333 0.8700   567788      1       -1       -1       -1  0 4.35367e+11 4.29000e+11 163.290000 15.397000 109.210000  1 0.3100 139.980000 16.59761 24.73107 60.10194 -81.850 88.850 -179.440 2.622e+11 -5.004e+11 -1.468e+11 0.06744 327062 327062 676071 1626 74 327047 327117 15.3966 448050000000 476650000000 428980000000 247860000000 152530000000 19.9017 5.17 0.05978 0.52667 0.27347 -10.6357 12.5834 19.0079 0.29833 0.16098 -10.1037 10.5202 19.2366 0.4101 524100000000 200200000000
 0.8500   550913 0.8600   559333      1       -1       -1       -1  0 4.35367e+11 4.29000e+11 163.920000 12.491000 112.640000  1 0.3100 147.860000 16.61656 24.71449 60.12735 -81.110 85.860 -177.390 2.626e+11 -4.998e+11 -1.551e+11 0.06940 327063 327063 676071 589 73 327047 327117 12.4912 438520000000 476650000000 409920000000 238320000000 162060000000 20.7684 5.24 0.06019 0.82537 0.56018 -8.72049 1.20467 17.0894 0.62056 0.41711 -4.10821 6.29542 13.8461 0.4139 507600000000 171600000000
 0.8400   542389 0.8500   550913      1       -1       -1       -1  0 4.35367e+11 4.19400e+11 163.319000 10.846000 117.270000  1 0.3100 152.610000 16.63619 24.69476 60.14881 -81.070 83.300 -173.180 2.685e+11 -4.399e+11 -1.762e+11 0.06886 327064 327064 676071 1647 72 327047 327117 10.8464 428980000000 476650000000 400390000000 295520000000 152530000000 24.6537 5.36 0.05837 0.95013 0.61674 -3.08361 11.9726 -10.2458 0.85036 0.47073 2.64552 1.41974 11.8632 0.424 512800000000 152500000000
 0.8300   533871 0.8400   542389      1       -1       -1       -1  0 4.35367e+11 4.19400e+11 163.939000 10.133000 120.900000  1 0.3100 156.160000 16.65335 24.68776 60.17976 -81.460 81.230 -171.020 3.112e+11 -3.300e+11 -2.208e+11 0.06484 327065 327065 676071 3667 71 327047 327117 10.1334 428980000000 476650000000 390850000000 285990000000 200190000000 23.3444 5.29 0.05428 0.80305 0.50457 -6.78262 10.6395 11.903 0.77525 0.53326 -2.496 2.69221 14.3261 0.4307 588800000000 171600000000
 0.8200   525294 0.8300   533871      1       -1       -1       -1  0 4.35367e+11 4.19400e+11 164.556000 8.309000 127.560000  1 0.3100 165.780000 16.67044 24.67866 60.20299 -83.590 78.600 -173.300 3.256e+11 -1.423e+11 -1.833e+11 0.05285 327066 327066 676071 1525 70 327047 327117 8.30864 428980000000 467120000000 381320000000 314590000000 238320000000 19.7546 5.04 0.0432 0.66089 0.42408 -5.40302 12.0198 15.7951 0.49465 0.46256 4.09452 4.35945 15.7936 0.4432 641900000000 162100000000
 0.8100   516651 0.8200   525294      1       -1       -1       -1  0 4.35367e+11 4.48100e+11 168.842000 10.136000 123.250000  1 0.3100 162.250000 16.67497 24.67021 60.22157 -82.000 80.450 -168.050 5.026e+11 -1.441e+11 -2.175e+11 0.06628 327067 327067 676071 585 69 327047 327117 10.1364 457580000000 467120000000 390850000000 324120000000 209730000000 15.3697 4.56 0.05505 0.63412 0.41593 -8.64829 9.98014 8.77563 0.76 0.43954 -8.90861 9.15061 4.13829 0.4238 591000000000 190700000000
 0.8000   507986 0.8100   516651      1       -1       -1       -1  0 4.35367e+11 4.29000e+11 167.028000 11.980000 115.500000  1 0.3100 153.310000 16.69364 24.66363 60.24690 -81.720 80.240 -168.360 3.823e+11 -7.657e+10 -2.016e+11 0.05571 327068 327068 676071 1671 68 327047 327117 11.9796 428980000000 476650000000 390850000000 324120000000 181130000000 12.2856 0 0.04607 0.72952 0.59415 -9.08137 11.3377 12.7193 0.79138 0.76089 -6.77509 9.27864 9.96281 0.3941 582900000000 190700000000
 0.7900   499350 0.8000   507986      1       -1       -1       -1  0 4.32167e+11 4.29000e+11 167.640000 13.296000 113.180000  1 0.3100 150.170000 16.70646 24.64042 60.27821 -81.910 80.840 -165.260 4.251e+11 -2.855e+10 -1.975e+11 0.05933 327069 327069 676071 1674 67 327047 327117 13.2962 428980000000 438520000000 390850000000 333650000000 152530000000 15.1478 0 0.04951 0.94329 0.76012 -8.2583 -12.9084 11.2432 0.58843 0.37431 6.00861 17.059 -4.91826 0.3874 553700000000 181100000000
 0.7800   490708 0.7900   499350      1       -1       -1       -1  0 4.25800e+11 4.38500e+11 169.487000 15.300000 111.310000  1 0.3100 147.340000 16.71953 24.64347 60.29063 -82.120 79.210 -161.030 3.429e+11 5.286e+10 -1.500e+11 0.04545 327070 327070 676071 1672 66 327047 327117 15.3003 438520000000 438520000000 390850000000 314590000000 142990000000 11.2129 3.21 0.0386 0.80773 0.78552 9.287 -10.6017 11.6802 0.41943 0.27234 -14.2822 15.775 -7.48534 0.3838 532800000000 209700000000
 0.7700   482017 0.7800   490708      1       -1       -1       -1  0 4.19433e+11 4.09900e+11 166.316000 16.828000 109.650000  1 0.3100 141.040000 16.73732 24.61416 60.33512 -80.400 76.410 -159.390 4.060e+11 -4.254e+10 -1.913e+11 0.05908 327071 327071 676071 1675 65 327047 327117 16.8276 409920000000 438520000000 381320000000 343190000000 123930000000 11.8237 0 0.05175 0.62169 0.49604 -0.67832 -18.1265 23.8665 0.47181 0.35293 -6.06214 19.2622 -13.442 0.401 510000000000 209700000000
 0.7600   473316 0.7700   482017      1       -1       -1       -1  0 4.03533e+11 4.09900e+11 166.909000 12.308000 110.730000  1 0.3100 152.740000 16.75496 24.61512 60.33764 -80.110 73.520 -156.370 4.348e+11 -6.132e+10 -1.654e+11 0.06369 327072 327072 676071 1669 64 327047 327117 12.3076 409920000000 419450000000 371790000000 285990000000 171590000000 24.0579 0 0.05412 0.77208 0.55161 -3.45079 -6.87495 22.5209 0.71678 0.48007 19.515 -7.2935 4.94811 0.3904 468600000000 190700000000
 0.7500   464587 0.7600   473316      1       -1       -1       -1  0 3.87667e+11 3.90800e+11 164.859000 6.850000 111.230000  1 0.3100 176.880000 16.75461 24.60084 60.36250 -80.370 72.430 -150.310 3.401e+11 -9.729e+10 -1.859e+11 0.06184 327073 327073 676071 1710 63 327047 327117 6.84997 390850000000 419450000000 333650000000 247860000000 162060000000 21.8285 0 0.05014 0.91394 0.59139 5.07565 -8.00826 11.4155 0.58803 0.3546 -7.77527 10.7925 -3.606 0.3765 556400000000 143000000000
 0.7400   455794 0.7500   464587      1       -1       -1       -1  0 3.55900e+11 3.62300e+11 161.298000 12.930000 101.380000  1 0.3100 144.980000 16.75604 24.58033 60.37915 -81.450 74.820 -142.690 2.594e+11 -1.237e+11 -2.024e+11 0.05874 327074 327074 676071 568 62 327047 327117 12.9304 362250000000 390850000000 295520000000 228790000000 142990000000 34.5836 1.52 0.05031 0.68181 0.52707 16.5453 -0.07496 -2.12592 0.94718 0.68753 3.46644 6.98732 8.61983 0.3696 359900000000 162100000000
 0.7300   446962 0.7400   455794      1       -1       -1       -1  0 3.27333e+11 3.14600e+11 154.420000 14.796000 91.140000  1 0.3100 133.310000 16.77135 24.56563 60.39920 -81.030 79.590 -136.970 2.585e+10 -1.220e+11 -1.848e+11 0.04732 327075 327075 676071 1677 61 327047 327117 14.796 314590000000 333650000000 295520000000 219260000000 85797000000 31.3027 0 0.04057 0.79716 0.52207 -4.50937 10.5742 18.9746 0.86302 0.2006 -1.85174 1.50817 14.8883 0.3394 332700000000 152500000000
 0.7200   438095 0.7300   446962      1       -1       -1       -1  0 3.08267e+11 3.05100e+11 153.366000 15.575000 84.040000  1 0.3100 130.920000 16.78738 24.55298 60.43057 -77.470 77.370 -135.030 3.172e+09 -1.104e+11 -1.510e+11 0.04132 327076 327076 676071 1703 60 327047 327117 15.5749 305060000000 314590000000 266920000000 209730000000 85797000000 28.5698 0 0.03602 0.51836 0.37389 1.28885 13.2228 24.5002 0.42894 0.07912 -0.67527 10.1886 22.1916 0.3148 312700000000 143000000000
 0.7100   429169 0.7200   438095      1       -1       -1       -1  0 3.01900e+11 3.05100e+11 153.885000 22.546000 76.330000  1 0.3100 122.290000 16.83561 24.53049 60.44342 -77.310 76.000 -128.950 -4.632e+10 -1.584e+11 -1.946e+11 0.05517 327077 327077 676071 1707 59 327047 327117 22.5464 305060000000 305060000000 276460000000 190660000000 28599000000 26.2095 0 0.04941 0.48461 0.27468 37.1634 5.11468 -6.03797 0.71406 0.03949 19.6772 9.22492 -3.71064 0.2838 297800000000 200200000000
 0.7000   420199 0.7100   429169      1       -1       -1       -1  0 2.92367e+11 2.95500e+11 152.774000 17.210000 76.560000  1 0.3100 128.040000 16.85032 24.51428 60.49571 -76.610 75.450 -129.830 -4.615e+10 -1.160e+11 -1.475e+11 0.04575 327078 327078 676071 1714 58 327047 327117 17.2099 295520000000 305060000000 266920000000 171590000000 95330000000 7.17189 0 0.03966 0.60511 0.28369 -10.2547 26.6034 -3.7898 0.17572 0.03782 -18.0456 30.6987 -7.37588 0.2737 292600000000 143000000000
 0.6900   411203 0.7000   420199      1       -1       -1       -1  0 2.41533e+11 2.76500e+11 149.908000 14.646000 76.440000  1 0.3100 129.880000 16.83048 24.50226 60.51590 -74.290 74.210 -123.770 9.546e+09 -1.074e+11 -1.168e+11 0.04194 327079 327079 676071 1737 57 327047 327117 14.646 276460000000 276460000000 228790000000 162060000000 76264000000 32.0235 2.16 0.03667 0.40193 0.29777 27.1913 3.54853 -6.92915 0.41974 0.17052 17.6232 6.9765 -3.08251 0.2801 284900000000 143000000000
 0.6800   402191 0.6900   411203      1       -1       -1       -1  0 2.41533e+11 1.43000e+11 120.727000 10.459000 67.490000  1 0.3100 107.800000 16.81602 24.54599 60.77531 -52.160 28.860 -164.570 2.207e+10 1.199e+11 -2.320e+10 0.08746 327080 327080 676071 1743 56 327047 327117 10.4591 142990000000 142990000000 133460000000 85797000000 47665000000 10.8862 0 0.08636 0.55761 0.12261 -0.62132 1.84848 17.1274 0.5129 0.10242 -3.34831 -0.36109 13.8213 0.3588 251200000000 47660000000
 0.6700   393206 0.6800   402191      1       -1       -1       -1  0 2.41533e+11 2.47900e+11 145.488000 9.182000 77.070000  1 0.3100 141.050000 16.89989 24.45822 60.56953 -74.150 68.560 -119.370 2.105e+10 -1.208e+11 -9.977e+10 0.05469 327081 327081 676071 621 55 327047 327117 9.18177 247860000000 257390000000 228790000000 152530000000 104860000000 9.79122 0 0.04424 0.63067 0.2664 16.8525 -10.4732 -7.22938 0.48014 0.23139 -6.58832 14.8624 8.59247 0.2621 260700000000 85800000000
 0.6600   384252 0.6700   393206      1       -1       -1       -1  0 2.41533e+11 2.38300e+11 144.054000 15.115000 67.390000  1 0.3100 123.820000 16.91222 24.44233 60.59491 -74.680 65.970 -114.630 -1.740e+10 -1.589e+11 -1.108e+11 0.07016 327082 327082 676071 637 54 327047 327117 15.1148 238320000000 247860000000 209730000000 133460000000 76264000000 11.3078 0 0.05846 0.74249 0.42376 21.3371 2.47838 -10.7057 0.45605 0.29263 1.59813 13.6161 15.6719 0.2269 251100000000 123900000000
 0.6500   375202 0.6600   384252      1       -1       -1       -1  0 2.41533e+11 2.00200e+11 136.347000 13.750000 60.460000  1 0.3100 118.560000 16.90311 24.42063 60.64322 -72.380 65.460 -117.170 -5.848e+10 -4.748e+10 -7.070e+10 0.04927 327083 327083 676071 1788 53 327047 327117 13.7502 200190000000 228790000000 190660000000 152530000000 0 20.6691 0 0.04177 0.57922 0.24958 27.6515 16.2265 -4.51698 0.04208 0 28.1341 -2.40604 -6.55063 0.2118 248200000000 104900000000
 0.6400   366119 0.6500   375202      1       -1       -1       -1  0 2.41533e+11 2.47900e+11 146.859000 22.619000 60.730000  1 0.3100 117.800000 16.94938 24.40503 60.65943 -65.240 62.750 -113.250 -6.823e+10 -1.705e+11 -1.074e+11 0.06932 327084 327084 676071 1764 52 327047 327117 22.6189 247860000000 247860000000 228790000000 114400000000 19066000000 13.2134 0 0.06063 0.68441 0.26574 27.3683 14.6984 -26.1013 0.30014 0.06911 -10.5627 29.2064 -2.81058 0.1953 247100000000 162100000000
 0.6300   357006 0.6400   366119      1       -1       -1       -1  0 2.41533e+11 2.19300e+11 141.408000 24.992000 60.810000  1 0.3100 111.270000 16.94729 24.39048 60.71003 -68.350 60.570 -116.140 -6.166e+10 -7.693e+10 -9.588e+10 0.05482 327085 327085 676071 2843 51 327047 327117 24.9923 219260000000 238320000000 190660000000 142990000000 0 25.688 0 0.04839 0.8832 0.13902 -8.1238 28.5565 -11.9464 0.75409 0.12014 23.7596 20.3769 -2.31611 0.2084 233700000000 171600000000
 0.6200   347902 0.6300   357006      1       -1       -1       -1  0 2.41533e+11 2.28800e+11 143.858000 18.664000 63.480000  1 0.3100 119.900000 16.96776 24.37879 60.74435 -64.050 62.400 -115.420 -1.572e+10 -1.149e+11 -5.893e+10 0.04849 327086 327086 676071 1775 50 327047 327117 18.6642 228790000000 228790000000 190660000000 152530000000 0 30.4155 0 0.04293 0.58867 0.32724 -22.2513 29.0801 -6.03228 0.50495 0.01753 -23.0504 23.7375 -1.65644 0.2149 229300000000 152500000000
 0.6100   338767 0.6200   347902      1       -1       -1       -1  0 2.41533e+11 2.38300e+11 146.260000 19.218000 64.100000  1 0.3100 122.050000 17.01667 24.34907 60.75371 -60.620 54.980 -110.230 -4.684e+10 -1.398e+11 -1.050e+11 0.06560 327087 327087 676071 1753 49 327047 327117 19.2183 238320000000 238320000000 238320000000 181130000000 19066000000 8.24384 0 0.05616 0.63228 0.50019 -19.0807 -7.87465 30.9416 0.4909 0.18808 1.64065 -6.99355 30.2098 0.2012 244600000000 162100000000
 0.6000   329614 0.6100   338767      1       -1       -1       -1  0 2.41533e+11 2.38300e+11 146.685000 13.539000 66.760000  1 0.3100 132.440000 17.03608 24.33796 60.78224 -60.200 52.580 -108.900 -4.844e+10 -1.407e+11 -1.051e+11 0.06743 327088 327088 676071 2772 48 327047 327117 13.5389 238320000000 247860000000 228790000000 181130000000 0 4.62776 0 0.05689 0.56921 0.44662 -22.7201 0.25573 39.1012 0.08758 0 42.216 -32.5499 -18.0304 0.208 278200000000 76260000000
 0.5900   320418 0.6000   329614      1       -1       -1       -1  0 2.41533e+11 2.38300e+11 147.104000 13.856000 74.400000  1 0.3100 132.750000 17.04914 24.31907 60.82857 -58.350 51.060 -110.110 -7.549e+10 -1.334e+11 -1.154e+11 0.07481 327089 327089 676071 2900 47 327047 327117 13.8564 238320000000 238320000000 190660000000 181130000000 85797000000 12.9043 0 0.06033 0.51007 0.42777 -12.9953 9.67855 16.4793 0.4707 0.12761 14.0518 -7.22068 -8.30337 0.2248 262600000000 133500000000
 0.5800   311166 0.5900   320418      1       -1       -1       -1  0 2.41533e+11 2.28800e+11 145.523000 9.484000 78.000000  1 0.3100 144.400000 17.07198 24.28666 60.85446 -59.900 50.020 -110.670 -7.744e+10 -1.372e+11 -1.115e+11 0.08522 327090 327090 676071 1918 46 327047 327117 9.48429 228790000000 228790000000 200190000000 181130000000 114400000000 12.8924 2.41 0.06546 0.59118 0.53149 -10.2722 7.47767 24.4829 0.69146 0.57257 -5.10148 5.14235 23.2144 0.2291 273500000000 95330000000
 0.5700   301944 0.5800   311166      1       -1       -1       -1  0 2.41533e+11 2.28800e+11 145.924000 17.460000 72.220000  1 0.3100 126.170000 17.12605 24.30132 60.89639 -59.750 44.530 -107.220 -5.073e+10 -1.462e+11 -9.563e+10 0.06890 327091 327091 676071 1817 45 327047 327117 17.4601 228790000000 238320000000 200190000000 162060000000 38132000000 34.2472 0 0.06215 0.11687 0.06883 44.7677 26.5574 -2.42981 0.15484 0.11919 39.1003 24.7875 -3.23914 0.259 235300000000 143000000000
 0.5600   292694 0.5700   301944      1       -1       -1       -1  0 2.41533e+11 2.19300e+11 144.257000 9.786000 69.040000  1 0.3100 142.990000 17.12698 24.26212 60.94271 -63.510 44.800 -107.020 -3.361e+10 -5.948e+10 -7.521e+10 0.04766 327092 327092 676071 1791 44 327047 327117 9.78564 219260000000 219260000000 200190000000 181130000000 0 14.3103 2.96 0.03754 0.64899 0.24837 9.65962 35.4732 7.13951 0.59898 0.06317 23.0672 26.7791 5.24077 0.2006 285800000000 57200000000
 0.5500   283444 0.5600   292694      1       -1       -1       -1  0 2.41533e+11 2.09700e+11 142.512000 12.990000 66.080000  1 0.3100 132.030000 17.14459 24.23780 60.98050 -65.560 39.850 -106.340 -1.664e+10 -9.406e+10 -4.649e+10 0.05276 327093 327093 676071 1868 43 327047 327117 12.9904 209730000000 219260000000 209730000000 181130000000 47665000000 7.89958 0 0.04259 0.57996 0.257 -1.55168 35.9055 6.64237 0.50843 0.08975 -6.61909 28.8597 3.69091 0.1963 243900000000 95330000000
 0.5400   274220 0.5500   283444      1       -1       -1       -1  0 2.41533e+11 2.09700e+11 142.883000 14.132000 59.810000  1 0.3100 130.620000 17.17224 24.23056 61.01861 -67.530 39.810 -103.180 4.232e+09 -5.036e+10 -6.196e+10 0.03908 327094 327094 676071 1781 42 327047 327117 14.1318 209730000000 209730000000 209730000000 162060000000 38132000000 9.94595 0 0.03231 0.27679 0.19064 -1.28463 44.8767 7.01155 0.25905 0.02745 -2.42099 36.9046 7.00789 0.1714 234200000000 85800000000
 0.5300   264974 0.5400   274220      1       -1       -1       -1  0 2.41533e+11 2.09700e+11 143.246000 16.866000 57.680000  1 0.3100 126.850000 17.20218 24.20915 61.05522 -66.630 37.170 -101.420 3.864e+09 -4.915e+10 -6.134e+10 0.03747 327095 327095 676071 1802 41 327047 327117 16.8663 209730000000 209730000000 200190000000 162060000000 0 16.4901 0 0.03206 0.42571 0.26086 -12.2296 43.2168 9.64465 0.19808 0.01101 -17.0461 45.6914 -0.07737 0.17 212500000000 133500000000
 0.5200   255741 0.5300   264974      1       -1       -1       -1  0 2.41533e+11 2.00200e+11 141.393000 17.055000 55.270000  1 0.3100 125.320000 17.23065 24.19085 61.10118 -68.540 35.260 -99.440 5.452e+09 -5.551e+10 -2.932e+10 0.03311 327096 327096 676071 1766 40 327047 327117 17.055 200190000000 200190000000 190660000000 162060000000 0 11.914 0 0.02797 0.2358 0.00905 -15.7192 17.0291 28.6837 0.03513 0 -14.6807 17.6768 23.7561 0.1571 211800000000 114400000000
 0.5100   246488 0.5200   255741      1       -1       -1       -1  0 2.41533e+11 1.71600e+11 134.637000 11.044000 57.200000  1 0.3100 130.830000 17.25982 24.18013 61.13476 -70.160 29.300 -95.850 3.691e+10 -4.925e+10 -1.490e+10 0.04738 327097 327097 676071 8351 39 327047 327117 11.0443 171590000000 171590000000 171590000000 142990000000 85797000000 14.1209 0 0.03666 0.59709 0.33619 0.68313 23.284 11.9231 0.38875 0.11352 5.35352 18.8179 12.4499 0.1483 192800000000 85800000000
 0.5000   237311 0.5100   246488      1       -1       -1       -1  0 2.41533e+11 2.19300e+11 146.447000 48.012000 61.140000  1 0.3100 114.700000 17.25809 24.22169 61.23699 -65.050 35.000 -90.640 3.591e+10 -6.432e+10 -7.948e+10 0.04056 327098 327098 676071 1754 38 327047 327117 48.0121 219260000000 219260000000 190660000000 38132000000 0 36.8663 0 0.04206 0.07915 0.01004 -31.7522 59.9329 62.4058 0.47604 0.23353 -11.7206 7.05933 39.3617 0.2341 218100000000 266900000000
 0.4900   228140 0.5000   237311      1       -1       -1       -1  1 2.41533e+11 1.95500e+11 141.220000 29.500000 58.790000  1 0.3100 125.540000 17.27308 24.21362 61.25788 -65.050 35.000 -90.640 2.317e+10 -5.069e+10 -5.830e+10 0.04059 327099 327099 676071 8753 37 327047 327117 38.2588 195425000000 195425000000 181125000000 81031000000 19066000000 22.454 2.695 0.036935 0.314065 0.13359 -2.8889 26.2022 24.5485 0.280665 0.11826 9.63988 -1.58454 11.9279 0.1874 216800000000 171580000000
 0.4800   218995 0.4900   228140      1       -1       -1       -1  0 2.41533e+11 1.71600e+11 135.574000 10.987000 56.240000  1 0.3100 134.780000 17.36080 24.13907 61.25492 -64.900 25.160 -92.150 1.043e+10 -3.706e+10 -3.713e+10 0.04062 327100 327100 676071 1669 36 327047 327117 10.9868 171590000000 171590000000 171590000000 123930000000 38132000000 8.0417 5.39 0.03181 0.54898 0.25714 25.9744 -7.52847 -13.3089 0.08529 0.00299 31.0004 -10.2284 -15.506 0.1407 215500000000 76260000000
 0.4700   209858 0.4800   218995      1       -1       -1       -1  0 2.41533e+11 1.71600e+11 135.872000 11.949000 54.420000  1 0.3100 133.420000 17.38725 24.14349 61.31695 -60.140 28.710 -86.770 2.295e+10 -3.685e+10 -4.838e+10 0.04957 327101 327101 676071 2776 35 327047 327117 11.9492 171590000000 171590000000 171590000000 152530000000 57198000000 16.8083 0 0.03902 0.87128 0.36881 -7.52736 25.73 14.3988 0.6307 0.07188 25.9187 -7.98395 -14.4002 0.1295 230700000000 85800000000
 0.4600   200760 0.4700   209858      1       -1       -1       -1  0 2.41533e+11 1.71600e+11 136.162000 8.922000 54.500000  1 0.3100 144.960000 17.42394 24.11633 61.34652 -60.430 28.360 -81.530 3.217e+10 -3.144e+10 -5.161e+10 0.05431 327102 327102 676071 1677 34 327047 327117 8.92227 171590000000 171590000000 171590000000 152530000000 19066000000 5.61188 0 0.04149 0.50499 0.26413 -1.0856 38.814 1.71643 0.88203 0.49426 -0.5906 27.1543 23.8707 0.121 245700000000 19070000000
 0.4500   191720 0.4600   200760      1       -1       -1       -1  0 2.41533e+11 1.62100e+11 133.869000 8.650000 59.610000  1 0.3100 144.180000 17.45754 24.10354 61.39365 -58.850 26.840 -82.210 2.562e+10 -2.470e+10 -4.985e+10 0.05604 327103 327103 676071 598 33 327047 327117 8.64968 162060000000 162060000000 162060000000 152530000000 66731000000 6.69808 0 0.04124 0.64947 0.15007 2.21637 28.6186 13.0573 0.68548 0.10337 2.98961 27.1938 14.8696 0.1362 237700000000 47660000000
 0.4400   182682 0.4500   191720      1       -1       -1       -1  0 2.41533e+11 1.81100e+11 139.204000 13.199000 58.180000  1 0.3100 137.550000 17.48865 24.08601 61.42993 -53.170 28.920 -81.660 4.264e+10 -4.463e+10 -4.231e+10 0.05387 327104 327104 676071 546 32 327047 327117 13.1989 181130000000 181130000000 171590000000 152530000000 28599000000 5.70679 0 0.04229 0.70259 0.18585 0.5069 12.539 19.8879 0.68022 0.11592 -7.26991 14.7029 13.4075 0.1369 221000000000 85800000000
 0.4300   173676 0.4400   182682      1       -1       -1       -1  0 2.41533e+11 2.00200e+11 144.206000 16.216000 57.930000  1 0.3100 138.450000 17.52192 24.08470 61.48626 -50.270 31.410 -80.130 -7.161e+09 -1.868e+10 -2.915e+09 0.01185 327105 327105 676071 1595 31 327047 327117 16.2156 200190000000 200190000000 200190000000 133460000000 57198000000 17.7988 5.82 0.00977 0.43575 0.2884 28.7057 -16.4777 -7.82365 0.26654 0.1059 24.3246 -19.448 -11.2656 0.1419 205600000000 104900000000
 0.4200   164737 0.4300   173676      1       -1       -1       -1  0 2.41533e+11 1.71600e+11 137.241000 12.733000 52.650000  1 0.3100 138.700000 17.54691 24.07983 61.53971 -46.230 27.760 -79.190 -1.869e+10 -4.676e+10 -2.733e+10 0.04445 327106 327106 676071 1625 30 327047 327117 12.7326 171590000000 171590000000 171590000000 133460000000 0 9.99686 0 0.0362 0.66348 0.17729 34.9436 -13.4532 -14.1696 0.65786 0.00282 -0.99842 35.0569 10.5883 0.1206 186600000000 57200000000
 0.4100   155877 0.4200   164737      1       -1       -1       -1  0 2.41533e+11 1.71600e+11 137.490000 14.750000 50.120000  1 0.3100 135.790000 17.57672 24.05358 61.59790 -42.490 29.640 -78.080 -1.661e+10 -4.479e+10 -2.737e+10 0.04200 327107 327107 676071 1732 29 327047 327117 14.7498 171590000000 171590000000 171590000000 152530000000 0 12.1781 0 0.03517 0.71961 0.08439 -27.1775 11.9649 35.2632 0.24954 0 43.7975 11.9996 -9.40518 0.1169 192100000000 66730000000
 0.4000   147124 0.4100   155877      1       -1       -1       -1  0 2.41533e+11 1.81100e+11 140.236000 17.736000 50.350000  1 0.3100 135.190000 17.60687 24.03660 61.62870 -39.420 33.040 -72.880 -3.126e+10 -3.197e+10 -4.136e+10 0.04128 327108 327108 676071 1588 28 327047 327117 17.7362 181130000000 181130000000 171590000000 152530000000 9533000000 13.0302 1.05 0.03597 0.07225 0.06898 10.511 43.991 25.8637 0.10904 0.08442 10.9455 42.0795 23.5105 0.1239 185800000000 85800000000
 0.3900   138455 0.4000   147124      1       -1       -1       -1  0 2.41533e+11 1.81100e+11 140.472000 36.517000 50.380000  1 0.3100 122.780000 17.64097 24.01930 61.67315 -40.880 34.350 -67.060 -2.787e+10 -9.747e+09 -5.386e+10 0.03905 327109 327109 676071 1528 27 327047 327117 36.5169 181130000000 171590000000 171590000000 85797000000 9533000000 24.7655 3.94 0.0367 0.58566 0.29638 3.7002 48.9479 2.52907 0.43381 0 -6.08427 26.3216 -10.8793 0.1419 185000000000 190700000000
 0.3800   129994 0.3900   138455      1       -1       -1       -1  0 2.41533e+11 1.81100e+11 140.700000 28.841000 48.170000  1 0.3100 127.770000 17.65479 23.98617 61.72031 -39.470 31.800 -62.440 -3.308e+10 6.910e+09 -5.480e+10 0.04044 327110 327110 676071 2631 26 327047 327117 28.8412 181130000000 181130000000 162060000000 38132000000 9533000000 25.5325 0 0.03894 0.78881 0 3.51711 24.0046 14.9256 0.37565 0.10735 15.984 39.5776 -0.49152 0.1307 192000000000 162100000000
 0.3700   121508 0.3800   129994      1       -1       -1       -1  0 2.41533e+11 2.76500e+11 162.249000 57.712000 52.960000  1 0.3100 141.620000 17.66224 23.93801 61.77427 -37.890 19.440 -56.860 -5.694e+10 2.274e+10 1.147e+10 0.01982 327111 327111 676071 1651 25 327047 327117 57.7119 276460000000 257390000000 257390000000 38132000000 38132000000 1.95975 0 0.01888 0.36794 0.05549 -12.7132 14.679 19.4967 0.48232 0.16583 -2.4404 14.3786 4.80827 0.1146 229900000000 305100000000
 0.3600   113101 0.3700   121508      1       -1       -1       -1  0 2.41533e+11 2.28800e+11 152.557000 45.281000 50.320000  1 0.3100 136.220000 17.70374 23.91688 61.83769 -34.300 23.550 -56.870 -1.298e+10 -4.867e+10 -4.874e+10 0.03008 327112 327112 676071 1442 24 327047 327117 45.2805 228790000000 228790000000 200190000000 57198000000 9533000000 15.1876 0 0.02947 0.17781 0 10.5293 19.7834 9.07607 0.6228 0.29593 44.427 11.2513 -0.10551 0.12 196900000000 257400000000
 0.3500   104841 0.3600   113101      1       -1       -1       -1  0 2.10800e+11 2.19300e+11 150.622000 38.576000 49.030000  1 0.3100 137.910000 17.72948 23.89503 61.86326 -30.160 20.800 -54.220 -2.335e+10 -6.141e+10 -4.594e+10 0.03676 327113 327113 676071 1359 23 327047 327117 38.5762 219260000000 219260000000 209730000000 19066000000 0 10.4983 0 0.03667 0.62589 0.4165 -28.2442 36.301 24.9211 0 0 0 0 0 0.1248 188100000000 219300000000
 0.3400    96763 0.3500   104841      1       -1       -1       -1  1 1.84333e+11 1.84300e+11 142.265000 36.404000 46.960000  1 0.3100 131.290000 17.73850 23.88881 61.87948 -30.160 20.800 -54.220 -2.229e+10 -3.235e+10 -3.213e+10 0.03863 327114 327114 676071 7445 22 327047 327117 36.6568 184306700000 184306700000 177953300000 12710670000 0 13.2999 2.19 0.03999 0.54372 0.291697 -24.4655 29.6702 36.0761 0 0 0 0 0 0.135333 160366700000 184333300000
 0.3300    88927 0.3400    96763      1       -1       -1       -1  2 1.49367e+11 1.49400e+11 132.790000 34.233000 44.690000  1 0.3100 123.930000 17.74769 23.88247 61.89600 -30.160 20.800 -54.220 -2.124e+10 -3.297e+09 -1.832e+10 0.04051 327115 327115 676071 7233 21 327047 327117 34.5121 149353300000 149353300000 146176700000 6355334000 0 16.1015 4.38 0.04331 0.46155 0.166893 -20.6868 23.0395 47.2311 0 0 0 0 0 0.145867 132633300000 149366700000
 0.3200    81225 0.3300    88927      1       -1       -1       -1  0 1.03823e+11 1.14400e+11 121.727000 32.061000 42.160000  1 0.3100 115.570000 17.44848 24.19872 61.87385 -19.030 23.150 -22.170 -2.018e+10 2.576e+10 -4.503e+09 0.04238 327116 327116 676071 1684 20 327047 327117 32.0615 114400000000 114400000000 114400000000 0 0 18.9032 6.57 0.04663 0.37938 0.04209 -16.9082 16.4087 58.3861 0 0 0 0 0 0.1564 104900000000 114400000000
 0.3100    73789 0.3200    81225      0       -1       -1       -1  0 4.76700e+10 4.76700e+10 91.024000 14.241000 36.720000  1 0.3100 94.030000 17.46942 24.17944 61.89606 -9.210 24.780 -23.450 -1.254e+10 2.748e+09 5.430e+08 0.06199 327117 327117 676071 835 19 327047 327117 14.2409 47665000000 47665000000 47665000000 28599000000 0 28.8083 0 0.07927 0.36478 0.22124 -16.0177 -0.05489 35.8548 0.39235 0.21463 -17.2721 0.82103 35.1222 0.204 93520000000 28600000000
