 1.0000   679209 0.0000       -1      1       -1       -1       -1  0 2.70100e+11 2.28800e+11 125.126000 6.287000 106.610000  1 0.3900 127.320000 34.53667 21.51000 9.94682 -34.320 289.450 -45.230 -5.634e+10 -2.084e+10 -6.305e+09 0.01792 451038 451038 679209 4724 88 451037 451099 6.28675 228790000000 238320000000 228790000000 190660000000 123930000000 6.12336 0 0.01682 0.8938 0.57462 9.35025 -9.53133 9.12903 0.90269 0.63519 11.8552 -3.3841 8.23982 0.5523 411200000000 38130000000
 0.9900   671069 1.0000   679209      1       -1       -1       -1  0 2.70100e+11 2.38300e+11 127.375000 7.252000 104.900000  1 0.3900 125.020000 34.52351 21.48233 9.95068 -33.710 286.790 -45.030 -6.397e+10 -1.583e+10 -2.856e+10 0.01792 451039 451039 679209 4763 87 451037 451099 7.25247 238320000000 247860000000 228790000000 200190000000 0 9.6665 4.01 0.01874 0.63448 0.39179 28.0785 -4.0302 7.61156 0.09552 0 36.5338 -3.93291 7.31426 0.5923 416400000000 47660000000
 0.9800   662672 0.9900   671069      1       -1       -1       -1  0 2.70100e+11 2.38300e+11 127.909000 9.239000 100.100000  1 0.3900 117.770000 34.52690 21.45252 9.95579 -30.640 281.860 -46.180 -6.220e+10 -1.833e+10 -2.253e+10 0.01748 451040 451040 679209 4779 86 451037 451099 9.23865 238320000000 247860000000 228790000000 200190000000 38132000000 9.58328 0 0.01797 0.70453 0.45945 22.2977 -1.89263 5.73648 0.10769 0.07037 20.3871 4.20219 10.3267 0.5605 371200000000 57200000000
 0.9700   654311 0.9800   662672      1       -1       -1       -1  0 2.70100e+11 2.28800e+11 126.706000 7.973000 95.330000  1 0.3900 120.780000 34.54285 21.43067 9.95499 -32.500 281.590 -44.580 -5.688e+10 -2.249e+10 -6.766e+09 0.01831 451041 451041 679209 7730 85 451037 451099 7.97305 228790000000 247860000000 219260000000 190660000000 19066000000 10.7323 0 0.01729 0.77044 0.50305 16.641 -14.4908 7.6683 0.65636 0.57282 15.6642 -4.63104 10.8015 0.4985 347600000000 57200000000
 0.9600   645991 0.9700   654311      1       -1       -1       -1  0 2.70100e+11 2.28800e+11 127.231000 8.258000 91.280000  1 0.3900 120.170000 34.54643 21.39686 9.96093 -31.890 279.030 -44.340 -5.698e+10 -2.294e+10 -7.208e+09 0.01854 451042 451042 679209 4759 84 451037 451099 8.25832 228790000000 247860000000 219260000000 181130000000 0 7.48217 0 0.01743 0.50828 0.39329 27.2991 -8.79109 7.97655 0.3891 0.18158 24.0708 -4.81845 10.7204 0.4738 344800000000 47660000000
 0.9500   637670 0.9600   645991      1       -1       -1       -1  0 2.70100e+11 2.19300e+11 125.956000 9.168000 89.160000  1 0.3900 115.390000 34.55182 21.36156 9.96616 -31.890 274.850 -41.320 -6.518e+10 2.408e+10 1.834e+10 0.02294 451043 451043 679209 4815 83 451037 451099 9.1676 219260000000 247860000000 219260000000 181130000000 0 2.88603 0 0.02182 0.61724 0.28775 30.3974 -15.8942 7.76024 0.72604 0.55735 30.1674 -12.1128 8.02505 0.473 309000000000 85800000000
 0.9400   629367 0.9500   637670      1       -1       -1       -1  0 2.70100e+11 2.19300e+11 126.472000 12.436000 87.330000  1 0.3900 107.740000 34.57503 21.32572 9.97309 -30.790 272.550 -41.160 -6.499e+10 2.235e+10 1.551e+10 0.02169 451044 451044 679209 4819 82 451037 451099 12.4364 219260000000 228790000000 209730000000 114400000000 57198000000 18.5785 0 0.02146 0.43249 0.13257 31.0314 -11.6971 6.03438 0.69631 0.38776 18.9266 0.53677 3.57511 0.4816 294400000000 104900000000
 0.9300   621046 0.9400   629367      1       -1       -1       -1  0 2.70100e+11 2.38300e+11 130.566000 13.979000 83.290000  1 0.3900 109.080000 34.54509 21.29537 9.98259 -32.290 272.010 -45.970 -3.297e+10 -7.803e+10 -4.404e+10 0.02458 451045 451045 679209 4826 81 451037 451099 13.9792 238320000000 247860000000 219260000000 181130000000 0 8.98223 0 0.02539 0.19555 0.03424 45.3188 -6.95197 3.12621 0.11282 0.00481 41.3354 -8.20956 5.7378 0.4644 302600000000 114400000000
 0.9200   612702 0.9300   621046      1       -1       -1       -1  0 2.70100e+11 2.28800e+11 129.323000 18.402000 78.320000  1 0.3900 102.020000 34.54077 21.27523 9.96866 -29.320 269.040 -43.310 -5.709e+10 -2.297e+10 -1.034e+10 0.01676 451046 451046 679209 4793 80 451037 451099 18.4022 228790000000 247860000000 209730000000 76264000000 0 27.5461 0 0.01782 0.22528 0.10169 45.1578 -10.1365 13.3045 0.76579 0.0825 18.2956 -3.46787 -5.93601 0.4562 266400000000 152500000000
 0.9100   604339 0.9200   612702      1       -1       -1       -1  0 2.70100e+11 2.38300e+11 131.622000 15.878000 73.110000  1 0.3900 107.130000 34.55299 21.22856 9.99393 -31.630 266.740 -45.570 -3.235e+10 -7.901e+10 -4.378e+10 0.02612 451047 451047 679209 4850 79 451037 451099 15.8784 238320000000 247860000000 228790000000 152530000000 19066000000 8.87258 0 0.02569 0.32818 0.07258 36.9271 -7.6502 10.0526 0.42341 0.08397 16.816 -2.40688 0.20856 0.3751 290600000000 133500000000
 0.9000   595967 0.9100   604339      1       -1       -1       -1  0 2.70100e+11 2.38300e+11 132.148000 16.120000 69.110000  1 0.3900 107.270000 34.55709 21.19427 9.99973 -31.320 264.110 -45.380 -3.180e+10 -7.986e+10 -4.390e+10 0.02703 451048 451048 679209 4855 78 451037 451099 16.1203 238320000000 238320000000 219260000000 95330000000 19066000000 8.74742 0 0.02594 0.45018 0.29703 31.3184 0.34378 -0.19581 0.24441 0.07475 20.3578 -4.99528 -3.43685 0.3362 288100000000 104900000000
 0.8900   587557 0.9000   595967      1       -1       -1       -1  0 2.70100e+11 2.38300e+11 132.673000 14.897000 67.060000  1 0.3900 109.510000 34.56129 21.15938 10.00562 -34.580 262.940 -46.670 -4.183e+10 -9.953e+10 -1.213e+11 0.04655 451049 451049 679209 4879 77 451037 451099 14.8967 238320000000 238320000000 219260000000 66731000000 28599000000 5.22713 0 0.0438 0.35523 0.19712 28.5818 5.04354 -10.9367 0.65038 0.36561 13.1271 -1.31679 -5.67796 0.3086 306100000000 76260000000
 0.8800   579174 0.8900   587557      1       -1       -1       -1  0 2.70100e+11 2.38300e+11 133.196000 14.691000 66.430000  1 0.3900 110.320000 34.56561 21.12388 10.01160 -34.310 260.340 -46.050 -4.204e+10 -9.845e+10 -1.197e+11 0.04640 451050 451050 679209 817 76 451037 451099 14.6913 238320000000 238320000000 219260000000 66731000000 19066000000 5.61556 0 0.04346 0.21921 0.07298 25.8545 11.6544 -14.1236 0.23754 0.03447 20.7881 6.31239 -11.0067 0.2996 302700000000 66730000000
 0.8700   570717 0.8800   579174      1       -1       -1       -1  0 2.70100e+11 2.38300e+11 133.717000 15.112000 67.650000  1 0.3900 110.170000 34.57002 21.08776 10.01768 -31.780 255.940 -47.310 -4.297e+10 -1.001e+11 -1.165e+11 0.04600 451051 451051 679209 3903 75 451037 451099 15.1119 238320000000 238320000000 219260000000 57198000000 9533000000 6.00417 3.44 0.04332 0.04861 0.00722 30.3314 18.6273 -20.2063 0.57187 0 5.20799 17.9409 -0.37632 0.3071 298400000000 66730000000
 0.8600   562261 0.8700   570717      1       -1       -1       -1  0 2.70100e+11 2.28800e+11 132.422000 18.974000 68.950000  1 0.3900 104.150000 34.59898 21.05465 10.01579 -31.420 253.730 -47.010 6.829e+09 -8.754e+10 -6.905e+10 0.03451 451052 451052 679209 4937 74 451037 451099 18.9738 228790000000 238320000000 219260000000 114400000000 19066000000 17.8757 0 0.03261 0.09714 0.00681 19.249 6.11136 -9.03745 0.06216 0.00198 22.9127 7.01075 -10.6945 0.3198 258200000000 143000000000
 0.8500   553824 0.8600   562261      1       -1       -1       -1  0 2.70100e+11 2.28800e+11 132.933000 13.914000 69.510000  1 0.3900 111.340000 34.57920 21.01361 10.03011 -31.090 251.610 -46.660 4.218e+09 -8.794e+10 -7.143e+10 0.03595 451053 451053 679209 4917 73 451037 451099 13.9136 228790000000 238320000000 228790000000 152530000000 19066000000 8.34599 0 0.03323 0.67319 0.11012 11.3266 5.05965 -6.73064 0.31896 0.05642 2.15157 11.3594 -6.98208 0.3113 298700000000 66730000000
 0.8400   545321 0.8500   553824      1       -1       -1       -1  0 2.70100e+11 2.28800e+11 133.441000 13.591000 69.550000  1 0.3900 112.460000 34.58397 20.97557 10.03646 -30.870 249.580 -46.180 -2.572e+08 -8.808e+10 -7.507e+10 0.03736 451054 451054 679209 4954 72 451037 451099 13.5905 228790000000 238320000000 228790000000 171590000000 19066000000 8.27356 0 0.03406 0.87893 0.34123 2.94813 13.7471 -9.56967 0.39796 0.02903 -2.45766 11.5302 -4.40195 0.3033 300500000000 57200000000
 0.8300   536805 0.8400   545321      1       -1       -1       -1  0 2.70100e+11 2.28800e+11 133.948000 12.909000 70.060000  1 0.3900 114.320000 34.58886 20.93687 10.04291 -31.570 243.660 -41.150 -3.423e+10 -6.491e+10 -6.879e+10 0.03349 451055 451055 679209 4946 71 451037 451099 12.909 228790000000 228790000000 228790000000 171590000000 28599000000 8.98238 0 0.02972 0.9376 0.37537 17.4583 13.6972 -10.1302 0.54981 0.16155 -10.9312 17.6116 -9.49632 0.2887 301800000000 47660000000
 0.8200   528210 0.8300   536805      1       -1       -1       -1  0 2.70100e+11 2.28800e+11 134.452000 11.777000 73.920000  1 0.3900 117.360000 34.60115 20.89879 10.05069 -30.990 241.200 -40.890 -3.225e+10 -6.313e+10 -6.545e+10 0.03296 451056 451056 679209 3899 70 451037 451099 11.7767 228790000000 228790000000 219260000000 200190000000 19066000000 2.42095 0 0.02863 0.83651 0.44922 13.9414 22.9204 -13.1727 0.30754 0.12152 18.6746 25.2821 -7.58209 0.3003 311300000000 76260000000
 0.8100   519569 0.8200   528210      1       -1       -1       -1  0 2.70100e+11 2.28800e+11 134.954000 10.003000 79.540000  1 0.3900 122.760000 34.60617 20.85878 10.05706 -30.590 238.660 -40.490 -3.143e+10 -6.177e+10 -6.362e+10 0.03295 451057 451057 679209 4966 69 451037 451099 10.0028 228790000000 228790000000 219260000000 209730000000 0 2.50405 0 0.02804 0.76363 0.37268 17.7474 22.1535 -13.2704 0.05685 0 26.4077 23.3261 -11.4193 0.322 345000000000 66730000000
 0.8000   510889 0.8100   519569      1       -1       -1       -1  0 2.70100e+11 2.19300e+11 133.545000 9.687000 85.330000  1 0.3900 122.230000 34.60962 20.82685 10.05522 -29.760 237.140 -39.960 -2.857e+10 -6.154e+10 -6.631e+10 0.03680 451058 451058 679209 3967 68 451037 451099 9.68668 219260000000 228790000000 219260000000 209730000000 66731000000 13.9376 0 0.03048 0.89962 0.50638 23.738 -9.65946 11.7211 0.91795 0.46925 26.2513 1.08549 6.12492 0.3454 332500000000 76260000000
 0.7900   502246 0.8000   510889      1       -1       -1       -1  0 2.70100e+11 2.28800e+11 135.950000 7.935000 91.250000  1 0.3900 131.840000 34.62400 20.77280 10.07602 -30.010 233.370 -39.500 -3.031e+10 -5.974e+10 -6.144e+10 0.03395 451059 451059 679209 5007 67 451037 451099 7.9346 228790000000 228790000000 219260000000 209730000000 57198000000 10.5643 0 0.02733 0.69821 0.58664 17.5545 -6.57079 1.86135 0.75165 0.27639 15.5862 -5.10596 -6.68136 0.3572 375900000000 57200000000
 0.7800   493608 0.7900   502246      1       -1       -1       -1  0 2.70100e+11 2.19300e+11 134.522000 6.923000 102.920000  1 0.3900 135.200000 34.62332 20.73127 10.07859 -29.490 230.890 -38.830 -2.760e+10 -5.972e+10 -6.446e+10 0.03799 451060 451060 679209 3995 66 451037 451099 6.92251 219260000000 228790000000 209730000000 209730000000 133460000000 2.1713 0 0.02986 0.57494 0.44753 22.9693 -5.04358 2.8229 0.57479 0.38815 22.9404 -5.70856 1.32242 0.4088 392600000000 57200000000
 0.7700   484932 0.7800   493608      1       -1       -1       -1  0 2.70100e+11 2.19300e+11 135.006000 6.168000 105.180000  1 0.3900 140.520000 34.63587 20.69080 10.08704 -29.410 227.700 -38.210 -2.710e+10 -5.881e+10 -6.360e+10 0.03700 451061 451061 679209 5073 65 451037 451099 6.16751 219260000000 228790000000 219260000000 209730000000 95330000000 8.75212 0 0.02956 0.42059 0.37001 18.6325 -1.13022 0.20427 0.25945 0.17268 20.4779 1.7018 -1.84532 0.4277 429700000000 47660000000
 0.7600   476233 0.7700   484932      1       -1       -1       -1  0 2.70100e+11 2.19300e+11 135.487000 6.850000 99.320000  1 0.3900 137.160000 34.64156 20.64727 10.09402 -29.370 224.430 -37.580 -2.680e+10 -5.777e+10 -6.286e+10 0.03712 451062 451062 679209 5067 64 451037 451099 6.84992 219260000000 219260000000 219260000000 209730000000 57198000000 8.71532 0 0.02928 0.6632 0.41988 12.5876 -3.76989 -0.13375 0.61538 0.42193 12.8188 -2.31984 -0.74806 0.3944 397800000000 57200000000
 0.7500   467496 0.7600   476233      1       -1       -1       -1  0 2.70100e+11 2.19300e+11 135.965000 7.852000 91.290000  1 0.3900 132.830000 34.64735 20.60302 10.10106 -29.360 221.050 -36.930 -2.683e+10 -5.652e+10 -6.242e+10 0.03546 451063 451063 679209 5087 63 451037 451099 7.85211 219260000000 228790000000 219260000000 209730000000 85797000000 8.61657 0 0.02906 0.7336 0.38414 23.3055 7.29194 -11.0719 0.3114 0.10783 27.4236 1.04767 -18.9119 0.3734 368200000000 66730000000
 0.7400   458698 0.7500   467496      1       -1       -1       -1  0 2.70100e+11 2.19300e+11 136.440000 9.585000 83.150000  1 0.3900 126.760000 34.62749 20.56082 10.10831 -29.360 217.410 -36.290 -2.747e+10 -5.500e+10 -6.346e+10 0.03413 451064 451064 679209 5082 62 451037 451099 9.58507 219260000000 219260000000 219260000000 171590000000 9533000000 17.7938 0 0.0292 0.53831 0.42511 23.7677 15.1756 -9.97945 0.61303 0.38762 22.8392 14.5757 -3.21788 0.3511 295700000000 76260000000
 0.7300   449872 0.7400   458698      1       -1       -1       -1  0 2.70100e+11 2.19300e+11 136.912000 14.148000 75.140000  1 0.3900 116.220000 34.63559 20.51326 10.11791 -30.400 219.620 -35.330 -2.071e+10 -5.396e+10 -2.137e+10 0.02330 451065 451065 679209 4029 61 451037 451099 14.1479 219260000000 228790000000 219260000000 162060000000 38132000000 16.0103 0 0.02047 0.56987 0.28071 24.6686 14.49 3.71386 0.19848 0.12339 23.3133 21.5516 -0.38966 0.3161 262700000000 123900000000
 0.7200   441024 0.7300   449872      1       -1       -1       -1  0 2.70100e+11 2.28800e+11 139.343000 15.211000 69.010000  1 0.3900 117.090000 34.66021 20.46953 10.12352 -29.150 213.050 -34.850 -2.742e+10 -5.160e+10 -5.514e+10 0.02799 451066 451066 679209 5155 60 451037 451099 15.2113 228790000000 228790000000 228790000000 171590000000 28599000000 2.86033 0 0.02499 0.78642 0.2859 20.4951 22.5173 2.89379 0.55254 0.25801 23.0781 6.44128 8.11901 0.2835 279000000000 85800000000
 0.7100   432114 0.7200   441024      1       -1       -1       -1  0 2.70100e+11 2.28800e+11 139.814000 18.100000 65.130000  1 0.3900 113.700000 34.66653 20.42206 10.13063 -26.610 212.350 -32.300 -1.321e+10 -1.018e+11 -3.926e+10 0.03758 451067 451067 679209 4083 59 451037 451099 18.0999 228790000000 238320000000 228790000000 171590000000 0 4.8321 0 0.03437 0.77897 0.29478 23.6064 24.0992 -0.01257 0.21054 0.03982 26.3774 11.1294 5.41356 0.266 252200000000 123900000000
 0.7000   423138 0.7100   432114      1       -1       -1       -1  0 2.70100e+11 2.38300e+11 142.203000 25.406000 60.460000  1 0.3900 109.560000 34.65957 20.37167 10.13751 -25.010 207.290 -31.790 -1.740e+10 -9.994e+10 -6.447e+10 0.03787 451068 451068 679209 5152 58 451037 451099 25.4062 238320000000 238320000000 209730000000 142990000000 9533000000 16.2143 0 0.0353 0.68268 0.32114 18.9007 29.0277 -12.0833 0.55776 0.304 12.6137 26.1051 -5.45828 0.2412 237500000000 181100000000
 0.6900   414141 0.7000   423138      1       -1       -1       -1  0 2.70100e+11 2.38300e+11 142.672000 29.093000 57.930000  1 0.3900 108.090000 34.66611 20.32910 10.14276 -25.210 207.510 -31.490 7.042e+09 -8.027e+10 -5.653e+10 0.03129 451069 451069 679209 5169 57 451037 451099 29.0925 238320000000 238320000000 219260000000 104860000000 0 6.94098 0 0.02907 0.54508 0.06124 20.5812 31.1354 -22.7919 0.19213 0.10614 24.1971 20.9652 -11.3725 0.2189 225900000000 209700000000
 0.6800   405133 0.6900   414141      1       -1       -1       -1  0 2.70100e+11 2.28800e+11 141.203000 22.713000 57.670000  1 0.3900 111.160000 34.68842 20.28618 10.15014 -26.620 203.810 -30.780 1.095e+10 -8.838e+10 -4.947e+10 0.03479 451070 451070 679209 5159 56 451037 451099 22.7126 228790000000 238320000000 209730000000 95330000000 19066000000 6.75178 0 0.03239 0.38041 0.06305 8.85708 26.3882 -17.3413 0 0 4.08936 16.0999 -9.58347 0.2179 228700000000 171600000000
 0.6700   396147 0.6800   405133      1       -1       -1       -1  0 2.70100e+11 2.00200e+11 135.490000 22.442000 60.050000  1 0.3900 106.420000 34.70925 20.20732 10.18073 -36.330 200.030 -29.370 5.681e+10 -3.004e+10 1.413e+09 0.02756 451071 451071 679209 5165 55 451037 451099 22.4421 200190000000 200190000000 181130000000 133460000000 0 21.7491 5.26 0.02568 0.61218 0.53909 29.6962 -0.87855 22.3429 0.48471 0.24854 28.167 -4.13997 19.6811 0.2431 192500000000 152500000000
 0.6600   387213 0.6700   396147      1       -1       -1       -1  0 2.70100e+11 2.09700e+11 138.045000 19.784000 62.480000  1 0.3900 111.480000 34.70290 20.17748 10.17218 -29.500 199.810 -27.810 3.310e+10 -5.149e+10 -1.280e+10 0.02520 451072 451072 679209 5116 54 451037 451099 19.7844 209730000000 219260000000 200190000000 104860000000 19066000000 8.08861 0 0.02326 0.9361 0.27903 9.58918 -8.13099 10.787 0.45914 0.33676 6.88911 13.6548 4.60164 0.2454 224500000000 114400000000
 0.6500   378177 0.6600   387213      1       -1       -1       -1  0 2.70100e+11 2.09700e+11 138.477000 23.093000 63.600000  1 0.3900 109.270000 34.70727 20.12691 10.17589 -29.030 196.430 -26.220 3.250e+10 -5.055e+10 -1.182e+10 0.02522 451073 451073 679209 4051 53 451037 451099 23.0928 209730000000 219260000000 200190000000 104860000000 47665000000 11.3806 0 0.02292 0.82806 0.27657 -7.60662 20.1945 -9.31521 0.64394 0.13574 9.63976 19.0826 0.52829 0.2448 212400000000 123900000000
 0.6400   369101 0.6500   378177      1       -1       -1       -1  0 2.70100e+11 2.09700e+11 138.905000 17.682000 64.440000  1 0.3900 115.410000 34.71291 20.07263 10.18381 -33.370 192.680 -23.410 3.321e+10 -4.631e+10 -4.437e+09 0.02422 451074 451074 679209 4033 52 451037 451099 17.682 209730000000 228790000000 200190000000 104860000000 47665000000 11.4136 4.96 0.02152 0.75811 0.27778 18.0355 -11.1172 15.8011 0.48715 0.05692 13.9354 0.73468 10.5525 0.2412 202000000000 104900000000
 0.6300   359985 0.6400   369101      1       -1       -1       -1  0 2.70100e+11 2.28800e+11 143.428000 20.267000 62.850000  1 0.3900 117.220000 34.72104 20.01897 10.18907 -27.480 187.140 -26.920 -2.743e+10 -9.212e+10 3.987e+09 0.03508 451075 451075 679209 5137 51 451037 451099 20.2673 228790000000 238320000000 190660000000 104860000000 66731000000 8.86343 0 0.03153 0.37675 0.22903 14.5745 -6.46285 20.8492 0.15366 0.02969 9.05867 -7.60028 25.6459 0.2236 206200000000 114400000000
 0.6200   350877 0.6300   359985      1       -1       -1       -1  0 2.70100e+11 2.19300e+11 141.832000 29.252000 60.220000  1 0.3900 109.530000 34.72680 19.96082 10.18897 -32.350 183.940 -22.670 2.351e+10 2.964e+10 -1.446e+10 0.01575 451076 451076 679209 5135 50 451037 451099 29.2516 219260000000 238320000000 209730000000 114400000000 0 20.4834 4.56 0.01434 0.57702 0.33859 25.165 -17.868 16.3002 0.65091 0.5065 29.3908 -19.165 17.439 0.2117 219200000000 190700000000
 0.6100   341746 0.6200   350877      1       -1       -1       -1  0 2.70100e+11 2.47900e+11 148.185000 33.565000 61.490000  1 0.3900 113.510000 34.73201 19.90305 10.19501 -29.570 177.050 -26.230 -1.179e+10 -4.426e+09 6.112e+08 0.00389 451077 451077 679209 5122 49 451037 451099 33.5653 247860000000 247860000000 228790000000 95330000000 9533000000 15.0471 4.94 0.00366 0.44729 0.06523 40.2555 -27.2497 10.5105 0.87356 0.74993 19.8734 -6.10418 28.1654 0.2131 228600000000 228800000000
 0.6000   332601 0.6100   341746      1       -1       -1       -1  0 2.70100e+11 2.19300e+11 142.664000 16.108000 64.200000  1 0.3900 123.220000 34.76110 19.82684 10.22203 -25.540 170.900 -23.540 -9.068e+09 1.165e+10 4.267e+10 0.01804 451078 451078 679209 693 48 451037 451099 16.1085 219260000000 219260000000 209730000000 181130000000 9533000000 7.27732 0 0.01621 0.72911 0.16305 -10.665 15.1036 -11.4114 0.44072 0 -3.49462 -4.09682 7.20034 0.2223 245200000000 76260000000
 0.5900   323432 0.6000   332601      1       -1       -1       -1  0 2.70100e+11 2.47900e+11 149.039000 23.506000 65.900000  1 0.3900 121.300000 34.74626 19.79047 10.21227 -19.360 171.550 -23.640 -1.815e+10 -5.413e+10 -1.806e+10 0.01925 451079 451079 679209 5219 47 451037 451099 23.5065 247860000000 266920000000 228790000000 162060000000 0 6.99785 0 0.01764 0.01974 0 -24.6299 35.9632 -27.0614 0 0 -21.3814 32.1369 -24.5256 0.2192 252500000000 181100000000
 0.5800   314193 0.5900   323432      1       -1       -1       -1  0 2.70100e+11 2.57400e+11 151.350000 21.164000 72.920000  1 0.3900 126.380000 34.75358 19.73298 10.22105 -20.990 169.930 -24.510 -2.540e+10 -8.795e+10 -4.530e+10 0.03086 451080 451080 679209 5216 46 451037 451099 21.1642 257390000000 266920000000 238320000000 190660000000 0 5.13075 0 0.02846 0.21796 0.04158 -27.6153 33.1955 -27.8237 0.34383 0.0236 -20.4857 28.0252 -21.9938 0.2529 257800000000 162100000000
 0.5700   304957 0.5800   314193      1       -1       -1       -1  0 2.70100e+11 2.66900e+11 153.618000 20.636000 70.170000  1 0.3900 129.840000 34.75567 19.68367 10.22752 -22.040 166.060 -23.200 -3.058e+10 -7.449e+10 -4.626e+10 0.02705 451081 451081 679209 5210 45 451037 451099 20.6358 266920000000 266920000000 257390000000 190660000000 9533000000 8.9511 0 0.02454 0.16789 0.03997 -39.0882 49.1294 -22.6746 0.17121 0.07218 -27.703 28.5105 -20.3637 0.2284 283300000000 133500000000
 0.5600   295701 0.5700   304957      1       -1       -1       -1  0 2.70100e+11 2.66900e+11 154.033000 19.877000 67.230000  1 0.3900 131.830000 34.76477 19.61342 10.23573 -22.100 162.500 -22.400 -2.982e+10 -7.368e+10 -4.568e+10 0.02773 451082 451082 679209 5220 44 451037 451099 19.8765 266920000000 266920000000 257390000000 209730000000 38132000000 5.38863 0 0.0244 0.20897 0.05144 52.9658 -28.9384 14.6077 0.21276 0.1209 34.0981 -10.5328 8.19183 0.2033 287000000000 114400000000
 0.5500   286443 0.5600   295701      1       -1       -1       -1  0 2.70100e+11 2.66900e+11 154.442000 21.560000 65.260000  1 0.3900 130.880000 34.77369 19.56378 10.23676 -18.110 158.850 -22.150 -5.299e+10 -7.631e+10 -4.414e+10 0.03161 451083 451083 679209 5214 43 451037 451099 21.5597 266920000000 266920000000 266920000000 181130000000 19066000000 9.3933 0 0.02759 0.72048 0.33265 -16.4167 32.5848 -19.9478 0.17493 0.05649 37.2914 -23.1368 -1.29921 0.1881 280900000000 162100000000
 0.5400   277219 0.5500   286443      1       -1       -1       -1  0 2.70100e+11 2.76500e+11 156.665000 29.665000 67.550000  1 0.3900 126.890000 34.79384 19.49563 10.25606 -20.690 155.750 -22.240 -4.667e+10 -7.859e+10 -6.529e+10 0.03284 451084 451084 679209 5212 42 451037 451099 29.665 276460000000 276460000000 257390000000 171590000000 0 13.4586 0 0.02864 0.56496 0.2132 20.6444 31.3092 -25.4336 0.70684 0.08244 22.2348 18.2688 -23.9707 0.1972 259100000000 228800000000
 0.5300   267976 0.5400   277219      1       -1       -1       -1  0 2.66933e+11 2.66900e+11 155.237000 22.911000 67.130000  1 0.3900 131.650000 34.79262 19.43738 10.23053 -17.010 153.600 -20.720 -6.372e+10 -1.008e+11 -1.125e+11 0.05081 451085 451085 679209 5212 41 451037 451099 22.9107 266920000000 266920000000 219260000000 200190000000 28599000000 30.2721 0 0.04468 0.65633 0.48425 1.45018 28.5356 -28.2748 0.71866 0.39056 -7.51426 -17.2327 27.3333 0.1965 255600000000 190700000000
 0.5200   258742 0.5300   267976      1       -1       -1       -1  0 2.54200e+11 2.57400e+11 153.748000 21.310000 68.150000  1 0.3900 132.650000 34.79285 19.36849 10.26747 -16.390 149.810 -20.580 -9.368e+10 -1.132e+11 -9.210e+10 0.06016 451086 451086 679209 4068 40 451037 451099 21.3104 257390000000 257390000000 219260000000 190660000000 19066000000 9.23469 2.35 0.05063 0.537 0.36495 4.98857 19.1866 -11.1148 0.19883 0.07343 8.74235 9.36966 -7.96559 0.1899 252500000000 162100000000
 0.5100   249455 0.5200   258742      1       -1       -1       -1  0 2.35133e+11 2.38300e+11 150.218000 15.210000 70.100000  1 0.3900 139.010000 34.80294 19.31318 10.27675 -14.850 144.410 -20.150 -7.810e+10 -8.120e+10 -9.108e+10 0.05919 451087 451087 679209 4060 39 451037 451099 15.2099 238320000000 238320000000 228790000000 152530000000 85797000000 11.2549 0 0.0485 0.47842 0.33099 6.59766 -16.5095 25.951 0.43258 0.08494 6.82012 -14.5454 22.0306 0.1964 235100000000 123900000000
 0.5000   240282 0.5100   249455      1       -1       -1       -1  0 2.12900e+11 2.09700e+11 144.293000 9.330000 67.760000  1 0.3900 149.850000 34.78900 19.25890 10.27787 -7.070 136.420 -21.470 -6.383e+10 -4.605e+10 -3.690e+10 0.04722 451088 451088 679209 4099 38 451037 451099 9.3297 209730000000 209730000000 190660000000 142990000000 114400000000 12.8048 0 0.03633 0.39106 0.32861 -5.04199 22.8471 -13.9897 0.43872 0.41108 -4.64358 19.023 -11.273 0.1758 259200000000 85800000000
 0.4900   231099 0.5000   240282      1       -1       -1       -1  0 1.93833e+11 1.90700e+11 140.104000 14.115000 63.540000  1 0.3900 131.490000 34.79427 19.19903 10.28733 -2.810 133.420 -21.560 -4.923e+10 -2.949e+10 -2.714e+10 0.03943 451089 451089 679209 5187 37 451037 451099 14.1154 190660000000 190660000000 181130000000 152530000000 57198000000 7.15105 0 0.03138 0.54847 0.39231 -4.51122 28.8665 -11.0939 0.70493 0.20245 -0.68458 25.2463 -8.29536 0.1733 213100000000 95330000000
 0.4800   221947 0.4900   231099      1       -1       -1       -1  0 1.81133e+11 1.81100e+11 138.040000 17.183000 57.510000  1 0.3900 124.780000 34.79253 19.14109 10.29978 -6.840 130.300 -21.470 -4.811e+10 -8.956e+09 -2.109e+10 0.03418 451090 451090 679209 5211 36 451037 451099 17.1833 181130000000 181130000000 181130000000 142990000000 47665000000 14.6169 0 0.02896 0.57162 0.26496 -5.34172 38.4988 -17.2206 0.57393 0.26088 -5.11483 24.548 -24.3575 0.1685 189200000000 95330000000
 0.4700   212810 0.4800   221947      1       -1       -1       -1  0 1.74767e+11 1.71600e+11 135.872000 22.914000 55.240000  1 0.3900 117.130000 34.82953 19.04091 10.31271 -11.020 130.780 -19.970 -6.690e+10 -2.931e+10 -4.890e+10 0.05392 451091 451091 679209 5232 35 451037 451099 22.9139 171590000000 171590000000 171590000000 47665000000 0 33.1517 9.3 0.05276 0.47477 0.02501 -7.41055 52.7317 -0.57516 0.54518 0.15472 -15.7459 5.15093 40.546 0.2142 170400000000 123900000000
 0.4600   203688 0.4700   212810      1       -1       -1       -1  0 1.58900e+11 1.71600e+11 136.162000 39.035000 51.170000  1 0.3900 110.770000 34.83662 18.97312 10.32156 -14.600 125.390 -16.430 -4.133e+10 -1.251e+10 -1.383e+10 0.02653 451092 451092 679209 4035 34 451037 451099 39.0353 171590000000 171590000000 142990000000 28599000000 0 35.4814 5.44 0.02748 0.3344 0.00377 -39.753 44.3966 -25.5948 0.41766 0.22503 22.688 -11.7436 23.0364 0.2082 149200000000 171600000000
 0.4500   194641 0.4600   203688      1       -1       -1       -1  0 1.46200e+11 1.33500e+11 125.479000 37.523000 44.210000  1 0.3900 102.550000 34.85003 18.89748 10.33702 -20.200 120.740 -18.260 -2.653e+10 -3.770e+08 2.767e+10 0.03211 451093 451093 679209 4025 33 451037 451099 37.523 133460000000 133460000000 57198000000 9533000000 0 32.1592 0 0.03567 0.14295 0.04518 39.3744 -36.7071 12.7094 0 0 0 0 0 0.2045 137000000000 143000000000
 0.4400   185576 0.4500   194641      1       -1       -1       -1  0 1.23967e+11 1.33500e+11 125.731000 34.506000 42.490000  1 0.3900 104.340000 34.80309 18.89882 10.34640 -4.500 105.870 -18.110 -1.747e+10 -1.369e+10 -5.253e+10 0.05371 451094 451094 679209 5131 32 451037 451099 34.5057 133460000000 133460000000 123930000000 57198000000 0 14.0779 2.27 0.05362 0.32268 0.00896 -31.8096 36.686 2.48658 0.46094 0.24418 -24.6265 40.6571 7.64974 0.1588 113600000000 133500000000
 0.4300   176556 0.4400   185576      1       -1       -1       -1  1 1.04887e+11 1.04900e+11 116.182000 35.313000 37.630000  1 0.3900 96.460000 34.80423 18.87181 10.35102 -4.500 105.870 -18.110 -1.300e+10 -9.227e+09 -2.194e+10 0.04095 451095 451095 679209 8767 31 451037 451099 35.3317 104862000000 104862000000 85797500000 47665000000 0 26.5487 6.475 0.042725 0.391235 0.013335 -16.315 22.1932 21.605 0.501505 0.30457 -12.8903 18.5085 23.6494 0.15475 102710000000 114415000000
 0.4200   167590 0.4300   176556      1       -1       -1       -1  0 8.58067e+10 7.62600e+10 104.735000 36.121000 31.020000  1 0.3900 87.030000 34.88253 18.70163 10.36388 -31.490 117.210 -14.690 -8.526e+09 -4.763e+09 8.643e+09 0.02818 451096 451096 679209 4018 30 451037 451099 36.1207 76264000000 76264000000 47665000000 38132000000 0 39.0195 10.68 0.03183 0.45979 0.01771 -0.82031 7.70032 40.7233 0.54207 0.36496 -1.15405 -3.64012 39.649 0.1507 91820000000 95330000000
 0.4100   158710 0.4200   167590      1       -1       -1       -1  0 6.67300e+10 7.62600e+10 104.925000 38.744000 32.180000  1 0.3900 87.720000 34.89191 18.63195 10.37369 -30.790 115.260 -7.080 -1.608e+10 -3.632e+09 6.031e+09 0.03705 451097 451097 679209 3952 29 451037 451099 38.7437 76264000000 66731000000 38132000000 38132000000 0 37.5514 17.48 0.04333 0.5532 0.34361 -0.47416 -5.91985 37.4676 0.54611 0.3913 -5.98315 -3.47414 37.6255 0.1874 86710000000 95330000000
 0.4000   149911 0.4100   158710      1       -1       -1       -1  0 4.76667e+10 4.76700e+10 89.867000 13.014000 22.880000  1 0.3900 84.450000 34.93458 18.55862 10.39603 -29.720 109.740 -12.160 2.383e+09 6.312e+09 1.930e+09 0.03110 451098 451098 679209 4960 28 451037 451099 13.0137 47665000000 47665000000 47665000000 0 0 28.3315 0 0.03835 0 0 -8.31985 -8.14629 58.6195 0 0 0 0 0 0.1134 79040000000 9533000000
 0.3900   141224 0.4000   149911      0       -1       -1       -1  0 1.90700e+10 1.90700e+10 66.326000 8.242000 0.000000  1 0.3900 64.820000 34.88276 18.50112 10.38493 -10.820 101.250 -14.600 -1.016e+09 -2.502e+09 3.043e+08 0.03308 451099 451099 679209 4991 27 451037 451099 8.24202 19066000000 19066000000 9533000000 9533000000 0 25.0252 36.62 0.06921 0 0 0 0 0 0 0 0 0 0 0 75960000000 9533000000
