 1.0000   679986 0.0000       -1      1       -1       -1       -1  0 2.19300e+11 2.09700e+11 121.549000 14.062000 86.380000  1 0.4900 100.620000 31.55847 28.20882 56.95737 172.840 107.100 -306.990 -5.825e+10 -1.966e+10 -2.097e+11 0.06374 471800 471800 679986 5501 88 471799 471851 14.0617 209730000000 228790000000 152530000000 142990000000 28599000000 10.2878 0 0.07036 0.45438 0.33877 17.0825 -8.31099 -1.80079 0.1333 4e-05 18.1291 -8.91174 -7.39732 0.5387 251800000000 123900000000
 0.9900   671858 1.0000   679986      1       -1       -1       -1  0 2.19300e+11 2.00200e+11 120.183000 13.402000 86.550000  1 0.4900 100.130000 31.54012 28.19752 57.00098 172.050 104.260 -305.310 -7.307e+10 -1.866e+10 -1.809e+11 0.06037 471801 471801 679986 5380 87 471799 471851 13.4025 200190000000 209730000000 162060000000 133460000000 19066000000 12.7199 0 0.06838 0.2607 0.09222 -17.6183 18.8683 -4.37228 0.61306 0.05064 10.5205 -8.82232 3.51573 0.5587 241200000000 104900000000
 0.9800   663442 0.9900   671858      1       -1       -1       -1  0 2.19300e+11 1.90700e+11 118.740000 13.421000 87.470000  1 0.4900 98.530000 31.53188 28.16148 57.02115 173.370 99.930 -304.690 -6.009e+10 -2.995e+09 -1.733e+11 0.05639 471802 471802 679986 5410 86 471799 471851 13.4213 190660000000 219260000000 181130000000 85797000000 9533000000 15.916 0 0.06963 0.54571 0.25805 -19.2753 31.3963 -1.61631 0.63917 0.51954 -5.05717 26.6225 8.4964 0.6133 241800000000 85800000000
 0.9700   655067 0.9800   663442      1       -1       -1       -1  0 2.19300e+11 1.90700e+11 119.235000 14.092000 86.180000  1 0.4900 97.920000 31.51430 28.14852 57.05245 172.940 96.280 -302.920 -6.183e+10 -4.000e+09 -1.657e+11 0.05495 471803 471803 679986 4467 85 471799 471851 14.0924 190660000000 228790000000 181130000000 95330000000 0 18.5985 0 0.06737 0.50537 0.11219 -12.9679 31.5735 -0.41808 0.16311 0 1.72845 22.7512 5.32224 0.6021 234700000000 95330000000
 0.9600   646731 0.9700   655067      1       -1       -1       -1  0 2.19300e+11 2.00200e+11 121.692000 14.396000 83.480000  1 0.4900 99.810000 31.48332 28.15510 57.09238 170.190 93.420 -298.790 -7.085e+10 -2.017e+10 -1.575e+11 0.05697 471804 471804 679986 5461 84 471799 471851 14.3961 209730000000 266920000000 200190000000 95330000000 9533000000 1.27291 0 0.06125 0.43225 0.24831 23.174 -15.5523 0.40994 0.32876 0 -8.20416 21.1094 -0.9829 0.5117 252800000000 95330000000
 0.9500   638406 0.9600   646731      1       -1       -1       -1  0 2.19300e+11 2.00200e+11 122.194000 13.543000 81.970000  1 0.4900 101.500000 31.46344 28.14328 57.12536 166.850 90.120 -298.150 -6.910e+10 -1.892e+10 -1.550e+11 0.05701 471805 471805 679986 5538 83 471799 471851 13.543 209730000000 276460000000 209730000000 95330000000 0 1.85419 2.22 0.06034 0.38192 0.35858 29.0658 -21.8244 -3.90764 0.45751 0.04397 6.63932 30.5977 1.43657 0.4936 263400000000 95330000000
 0.9400   630091 0.9500   638406      1       -1       -1       -1  0 2.19300e+11 2.00200e+11 122.695000 13.287000 80.540000  1 0.4900 102.330000 31.44349 28.13061 57.15555 166.600 85.950 -294.090 -6.682e+10 -1.583e+10 -1.548e+11 0.05667 471806 471806 679986 5419 82 471799 471851 13.2867 209730000000 228790000000 200190000000 104860000000 0 6.04788 0 0.06003 0.58449 0.373 26.9881 -20.3873 -7.71404 0.30508 0.06929 8.56662 36.3644 3.39379 0.4838 263300000000 95330000000
 0.9300   621765 0.9400   630091      1       -1       -1       -1  0 2.19300e+11 2.00200e+11 123.194000 13.535000 79.830000  1 0.4900 102.360000 31.41974 28.11829 57.18892 165.390 86.130 -291.030 -5.028e+10 -3.334e+10 -1.649e+11 0.05899 471807 471807 679986 5563 81 471799 471851 13.5353 209730000000 219260000000 209730000000 123930000000 0 14.6586 3.42 0.06244 0.72755 0.63346 24.062 -20.6648 -3.7252 0.28838 0 6.03415 31.5341 12.7902 0.4744 269200000000 85800000000
 0.9200   613421 0.9300   621765      1       -1       -1       -1  0 2.19300e+11 2.00200e+11 123.693000 13.770000 81.230000  1 0.4900 102.420000 31.40131 28.10723 57.22546 164.420 88.140 -288.190 -4.517e+10 -3.129e+10 -1.708e+11 0.06105 471808 471808 679986 5624 80 471799 471851 13.7705 209730000000 219260000000 209730000000 123930000000 0 14.1357 6.27 0.06403 0.79088 0.56505 22.3099 -20.0942 -2.79045 0.51862 0.08502 6.64431 26.477 7.74586 0.4786 259700000000 85800000000
 0.9100   605047 0.9200   613421      1       -1       -1       -1  0 2.19300e+11 2.00200e+11 124.191000 12.583000 81.900000  1 0.4900 104.890000 31.37599 28.10102 57.26352 162.480 80.930 -283.940 2.041e+08 -4.546e+10 -1.292e+11 0.04904 471809 471809 679986 5633 79 471799 471851 12.5826 209730000000 219260000000 181130000000 152530000000 28599000000 7.14344 5.66 0.04906 0.84174 0.44588 27.9713 -5.79964 1.87147 0.46888 0.32299 13.6877 15.9775 10.5998 0.4565 254400000000 76260000000
 0.9000   596672 0.9100   605047      1       -1       -1       -1  0 2.19300e+11 2.00200e+11 124.687000 11.065000 86.080000  1 0.4900 108.480000 31.35447 28.09204 57.30102 163.420 82.980 -278.960 1.689e+09 -4.543e+10 -1.314e+11 0.05089 471810 471810 679986 5693 78 471799 471851 11.0648 200190000000 219260000000 181130000000 152530000000 66731000000 6.0024 0 0.04994 0.86013 0.26782 23.3268 4.1997 2.0788 0.76564 0.13923 19.869 -12.3483 -2.82089 0.4702 268600000000 76260000000
 0.8900   588260 0.9000   596672      1       -1       -1       -1  0 2.19300e+11 1.71600e+11 118.912000 15.467000 95.840000  1 0.4900 95.280000 31.33653 28.12120 57.30091 157.180 74.670 -271.760 -7.058e+10 -4.202e+09 -1.607e+11 0.03677 471811 471811 679986 5681 77 471799 471851 15.4665 171590000000 257390000000 171590000000 47665000000 0 44.4888 0 0.08186 0.16021 0.0193 5.93728 -30.9471 35.3516 0.56736 0.20795 -2.95355 -13.2038 28.9425 0.8603 219100000000 76260000000
 0.8800   579880 0.8900   588260      1       -1       -1       -1  0 2.19300e+11 1.71600e+11 119.381000 26.362000 95.910000  1 0.4900 87.880000 31.31059 28.07252 57.29795 166.550 74.710 -267.570 2.191e+10 1.067e+10 -1.140e+11 0.01724 471812 471812 679986 5722 76 471799 471851 26.362 171590000000 238320000000 0 0 0 69.4592 3.5 0.05454 0.54429 0.12914 38.641 12.1361 54.4916 0 0 0 0 0 1.0883 198900000000 162100000000
 0.8700   571403 0.8800   579880      1       -1       -1       -1  0 2.19300e+11 2.00200e+11 126.167000 36.255000 94.070000  1 0.4900 90.360000 31.26363 28.08104 57.34060 168.970 68.290 -269.390 -8.682e+10 -4.911e+10 -1.480e+11 0.00503 471813 471813 679986 4773 75 471799 471851 36.2551 200190000000 228790000000 0 0 0 57.3655 0 0.06483 0 0 43.684 -35.5015 82.4776 0 0 0 0 0 0.9944 197700000000 209700000000
 0.8600   562939 0.8700   571403      1       -1       -1       -1  0 2.19300e+11 1.90700e+11 124.614000 43.051000 94.340000  1 0.4900 88.150000 31.25172 28.05283 57.36573 165.880 69.180 -264.380 3.744e+10 4.592e+10 -2.105e+11 0.02487 471814 471814 679986 5829 74 471799 471851 43.0509 190660000000 209730000000 0 0 0 70.9842 5.61 0.08652 0.41366 0.11148 25.6069 -8.64365 82.1296 0 0 0 0 0 1.0791 191100000000 247900000000
 0.8500   554501 0.8600   562939      1       -1       -1       -1  0 2.19300e+11 1.81100e+11 122.974000 6.934000 93.680000  1 0.4900 120.030000 31.25387 28.04000 57.48740 159.000 67.140 -256.970 -3.643e+10 -3.626e+10 -1.029e+11 0.05550 471815 471815 679986 5826 73 471799 471851 6.93423 181130000000 190660000000 162060000000 152530000000 95330000000 7.27676 0 0.04976 0.40766 0.3323 -18.3709 20.677 -6.2229 0.41075 0.36529 -15.77 20.7554 -4.89151 0.4773 296200000000 57200000000
 0.8400   546001 0.8500   554501      1       -1       -1       -1  0 2.19300e+11 1.90700e+11 125.573000 10.740000 84.980000  1 0.4900 110.150000 31.21640 28.02395 57.52533 155.270 67.630 -251.880 9.088e+09 -5.542e+10 -9.815e+10 0.04757 471816 471816 679986 5888 72 471799 471851 10.7404 190660000000 190660000000 171590000000 162060000000 38132000000 7.91844 0 0.04509 0.41047 0.29727 19.0487 -12.9142 1.84071 0.25648 0.08457 18.9343 -9.35599 -1.02483 0.448 264300000000 85800000000
 0.8300   537483 0.8400   546001      1       -1       -1       -1  0 2.19300e+11 1.90700e+11 126.050000 10.412000 82.960000  1 0.4900 111.530000 31.20216 28.01116 57.56398 156.520 65.570 -247.770 -2.203e+10 -4.935e+10 -1.357e+11 0.06126 471817 471817 679986 5898 71 471799 471851 10.4123 190660000000 190660000000 171590000000 162060000000 66731000000 7.44154 5.55 0.05849 0.47165 0.26969 25.0418 -17.2468 4.23366 0.18748 0.01377 25.5377 -14.7127 9.63538 0.4423 246600000000 85800000000
 0.8200   528891 0.8300   537483      1       -1       -1       -1  0 2.19300e+11 1.81100e+11 124.379000 12.480000 81.460000  1 0.4900 105.250000 31.17195 28.00091 57.60168 152.300 61.880 -244.880 1.148e+10 -7.046e+10 -9.675e+10 0.05277 471818 471818 679986 4872 70 471799 471851 12.48 181130000000 190660000000 171590000000 133460000000 0 7.80725 0 0.05266 0.27295 0.07548 33.2351 -12.0246 9.77236 0.106 0.03135 29.6886 -9.57089 10.1096 0.4602 220800000000 85800000000
 0.8100   520249 0.8200   528891      1       -1       -1       -1  0 2.19300e+11 1.62100e+11 120.300000 31.831000 80.020000  1 0.4900 86.930000 31.14317 27.97752 57.58487 153.560 58.800 -238.940 -6.021e+08 -2.423e+10 -3.238e+10 0.01245 471819 471819 679986 5927 69 471799 471851 31.831 162060000000 190660000000 123930000000 9533000000 0 51.5255 0 0.02141 0.26884 0.06278 29.5653 10.5097 53.677 0 0 0 0 0 0.7224 178700000000 181100000000
 0.8000   511571 0.8100   520249      1       -1       -1       -1  0 2.19300e+11 1.90700e+11 127.466000 55.147000 70.900000  1 0.4900 89.710000 31.11944 27.95408 57.62817 145.890 57.620 -236.380 4.471e+10 2.897e+10 -1.492e+11 0.04606 471820 471820 679986 4904 68 471799 471851 55.1466 200190000000 200190000000 104860000000 19066000000 0 49.3362 0 0.06426 0.27323 0.0845 23.0362 25.5959 42.0654 0 0 0 0 0 0.552 176300000000 276500000000
 0.7900   502930 0.8000   511571      1       -1       -1       -1  0 2.19300e+11 1.81100e+11 125.765000 20.068000 65.130000  1 0.4900 97.360000 31.09717 27.96726 57.72036 137.300 57.300 -220.510 4.569e+09 -4.865e+10 -8.775e+10 0.04349 471821 471821 679986 5941 67 471799 471851 20.068 190660000000 200190000000 181130000000 85797000000 0 7.10733 16.32 0.04457 0.17916 0.05848 43.3471 -20.4623 -10.3805 0.80247 0.69305 18.9319 -14.7124 -14.6362 0.3784 194200000000 104900000000
 0.7800   494299 0.7900   502930      1       -1       -1       -1  0 2.19300e+11 1.14400e+11 108.295000 32.356000 58.850000  1 0.4900 77.630000 31.07183 27.91430 57.71623 124.860 63.600 -207.220 -3.982e+10 9.071e+09 -4.283e+10 0.04117 471822 471822 679986 4931 66 471799 471851 32.356 123930000000 209730000000 85797000000 47665000000 0 46.4783 25.28 0.05674 0.06781 0 8.21946 29.9541 25.4643 0 0 0 0 0 0.5629 168500000000 143000000000
 0.7700   485619 0.7800   494299      1       -1       -1       -1  0 2.19300e+11 1.52500e+11 119.624000 23.461000 59.120000  1 0.4900 89.880000 31.07502 27.92939 57.80508 137.450 54.670 -221.810 -8.232e+09 -8.311e+10 2.560e+09 0.04713 471823 471823 679986 5966 65 471799 471851 23.4605 162060000000 181130000000 123930000000 66731000000 0 11.1838 8.62 0.04983 0.63467 0.22676 19.3042 -16.7278 19.4118 0 0 -7.83157 24.9882 -23.3574 0.3581 172600000000 123900000000
 0.7600   476917 0.7700   485619      1       -1       -1       -1  0 2.19300e+11 1.62100e+11 122.501000 28.358000 54.100000  1 0.4900 90.210000 31.02885 27.92771 57.84467 134.700 51.450 -212.900 4.496e+10 -1.665e+10 -2.710e+10 0.02952 471824 471824 679986 6051 64 471799 471851 28.3578 162060000000 200190000000 104860000000 66731000000 9533000000 0.00029 0 0.02983 0.80057 0.21529 4.01322 -8.68989 17.3743 0.44735 0.28878 -23.9237 -3.34034 27.8438 0.2816 176200000000 152500000000
 0.7500   468188 0.7600   476917      1       -1       -1       -1  0 2.19300e+11 1.43000e+11 117.910000 13.841000 56.580000  1 0.4900 97.110000 30.96666 27.93733 57.87598 142.440 48.730 -208.060 2.076e+10 -7.497e+10 -6.832e+10 0.06968 471825 471825 679986 6038 63 471799 471851 13.8413 142990000000 171590000000 114400000000 104860000000 0 2.55925 0 0.06942 0.57852 0.08529 36.7068 -11.4587 -18.6261 0.11085 0.07596 33.3501 -7.83098 -27.4308 0.3016 172300000000 85800000000
 0.7400   459377 0.7500   468188      1       -1       -1       -1  0 2.19300e+11 1.71600e+11 125.735000 17.732000 59.560000  1 0.4900 100.080000 30.96628 27.91455 57.92272 135.560 45.120 -203.930 -8.945e+09 3.688e+09 2.918e+09 0.00480 471826 471826 679986 6076 62 471799 471851 17.7318 171590000000 190660000000 114400000000 85797000000 0 13.2286 7 0.00503 0.25105 0.01592 7.67542 -2.24405 37.398 0.65777 0.27334 4.13403 -0.20724 36.454 0.3248 173000000000 85800000000
 0.7300   450556 0.7400   459377      1       -1       -1       -1  0 2.19300e+11 1.81100e+11 128.464000 41.748000 59.430000  1 0.4900 92.170000 30.94053 27.91014 57.99002 134.930 51.270 -208.220 -6.754e+10 -1.799e+10 1.057e+10 0.02945 471827 471827 679986 5073 61 471799 471851 41.7478 181130000000 190660000000 114400000000 38132000000 0 12.7095 0 0.03229 0.0224 0 11.6875 12.0155 60.2632 0.14641 0 1.14773 -14.0303 22.5362 0.3303 172300000000 219300000000
 0.7200   441709 0.7300   450556      1       -1       -1       -1  0 2.19300e+11 1.90700e+11 131.126000 38.577000 57.980000  1 0.4900 94.910000 30.90663 27.89472 58.02276 131.390 51.150 -206.620 -7.037e+10 -3.677e+10 4.064e+09 0.03181 471828 471828 679986 6143 60 471799 471851 38.5774 190660000000 200190000000 123930000000 66731000000 0 10.3513 0 0.03351 0.34104 0.18388 13.8753 -0.1625 40.6705 0.43314 0.13366 10.1472 -12.2828 28.8769 0.2904 177500000000 209700000000
 0.7100   432794 0.7200   441709      1       -1       -1       -1  0 2.19300e+11 1.90700e+11 131.570000 41.586000 56.940000  1 0.4900 94.910000 30.88183 27.88053 58.06617 129.020 49.400 -202.760 -6.911e+10 -3.959e+10 7.204e+09 0.03229 471829 471829 679986 5130 59 471799 471851 41.5863 190660000000 200190000000 123930000000 66731000000 0 13.5415 0 0.03389 0.42026 0.24415 20.6845 -2.96606 38.0435 0.42553 0.34585 11.6358 -4.77229 40.2979 0.2797 178000000000 209700000000
 0.7000   423821 0.7100   432794      1       -1       -1       -1  0 2.19300e+11 1.90700e+11 132.009000 29.224000 56.900000  1 0.4900 98.730000 30.85155 27.88054 58.12584 126.830 48.110 -198.930 -6.737e+10 -4.058e+10 6.686e+09 0.03193 471830 471830 679986 6229 58 471799 471851 29.2244 190660000000 200190000000 133460000000 47665000000 0 16.3242 0 0.03363 0.34631 0.19492 18.2049 -13.5777 25.4693 0 0 15.0604 -10.8528 18.8942 0.2795 186800000000 171600000000
 0.6900   414827 0.7000   423821      1       -1       -1       -1  0 2.19300e+11 1.90700e+11 132.445000 38.628000 57.390000  1 0.4900 96.530000 30.81532 27.84121 58.15348 123.690 49.750 -195.530 -2.011e+10 -6.003e+10 -4.512e+10 0.03093 471831 471831 679986 6317 57 471799 471851 38.628 190660000000 219260000000 123930000000 0 0 29.6418 2.5 0.03331 0.05561 0.01366 44.8119 -11.0876 40.3161 0 0 0 0 0 0.29 185100000000 219300000000
 0.6800   405823 0.6900   414827      1       -1       -1       -1  0 2.19300e+11 2.09700e+11 137.166000 32.514000 58.700000  1 0.4900 102.240000 30.78499 27.83064 58.20143 122.170 46.840 -191.090 -4.003e+10 -2.835e+10 -2.212e+10 0.01859 471832 471832 679986 6348 56 471799 471851 32.514 209730000000 219260000000 171590000000 0 0 22.3157 0 0.01978 0.08758 0.05576 51.5577 -13.3855 39.0187 0 0 0 0 0 0.276 188800000000 181100000000
 0.6700   396827 0.6800   405823      1       -1       -1       -1  0 2.19300e+11 2.00200e+11 135.490000 24.007000 61.420000  1 0.4900 105.280000 30.75429 27.82012 58.24994 118.360 44.380 -188.060 -4.300e+10 -1.212e+10 -1.280e+10 0.01747 471833 471833 679986 6327 55 471799 471851 24.0075 200190000000 219260000000 171590000000 0 0 20.3204 3.03 0.01857 0.50022 0.02963 51.114 -15.5409 35.8732 0 0 0 0 0 0.2967 192600000000 162100000000
 0.6600   387903 0.6700   396827      1       -1       -1       -1  0 2.19300e+11 2.09700e+11 138.045000 32.933000 63.400000  1 0.4900 103.380000 30.72323 27.80963 58.29901 115.180 43.290 -184.300 -3.862e+10 1.433e+10 -3.664e+10 0.01946 471834 471834 679986 6353 54 471799 471851 32.9327 209730000000 228790000000 171590000000 0 0 18.4682 3.69 0.0205 0.02102 0 68.9929 -34.1702 26.5461 0 0 0 0 0 0.2986 192200000000 190700000000
 0.6500   378868 0.6600   387903      1       -1       -1       -1  0 2.19300e+11 2.19300e+11 140.544000 37.646000 62.610000  1 0.4900 104.310000 30.69181 27.79916 58.34864 113.740 43.910 -182.700 -4.469e+10 -1.725e+10 -2.516e+10 0.01837 471835 471835 679986 5260 53 471799 471851 37.6459 219260000000 219260000000 181130000000 0 0 15.384 2.35 0.0188 0.18243 0.02163 51.7004 -1.8953 25.2007 0 0 0 0 0 0.2723 198200000000 219300000000
 0.6400   369792 0.6500   378868      1       -1       -1       -1  0 2.19300e+11 2.19300e+11 140.979000 29.900000 62.330000  1 0.4900 107.730000 30.66003 27.78872 58.39882 113.080 42.050 -179.150 -4.251e+10 -1.840e+10 -2.388e+10 0.01828 471836 471836 679986 5260 52 471799 471851 29.8995 219260000000 219260000000 209730000000 76264000000 0 14.0893 0 0.01822 0.24833 0.0237 37.9762 -0.07524 49.5862 0.49998 0.4679 40.3428 12.225 19.1164 0.2586 209900000000 190700000000
 0.6300   360681 0.6400   369792      1       -1       -1       -1  0 2.16100e+11 2.19300e+11 141.408000 31.652000 61.490000  1 0.4900 107.690000 30.62792 27.77830 58.44953 110.150 38.440 -175.380 1.715e+09 -4.466e+10 -5.635e+10 0.02605 471837 471837 679986 6348 51 471799 471851 31.6525 219260000000 219260000000 200190000000 95330000000 0 20.383 0 0.02531 0.46213 0.28323 71.0712 -15.921 6.65086 0.32531 0.13765 41.0284 25.484 20.8069 0.2396 203600000000 200200000000
 0.6200   351581 0.6300   360681      1       -1       -1       -1  0 2.16100e+11 2.09700e+11 139.746000 21.769000 63.330000  1 0.4900 112.640000 30.59547 27.76789 58.50078 105.970 37.390 -171.630 -2.250e+09 -3.689e+10 -5.125e+10 0.02508 471838 471838 679986 6356 50 471799 471851 21.769 209730000000 219260000000 209730000000 47665000000 0 17.0025 0 0.0241 0.04816 0 40.119 32.3057 18.6066 0.79613 0.45631 14.2685 28.6145 -19.4923 0.2517 215400000000 143000000000
 0.6100   342456 0.6200   351581      1       -1       -1       -1  0 2.16100e+11 2.09700e+11 140.158000 19.496000 64.210000  1 0.4900 115.710000 30.56923 27.75921 58.55762 106.260 36.670 -167.420 6.113e+08 -3.940e+10 -5.197e+10 0.02642 471839 471839 679986 6399 49 471799 471851 19.4964 209730000000 219260000000 209730000000 114400000000 0 16.2632 0 0.02504 0.47709 0.09979 43.5424 33.5986 7.95482 0.46536 0.10972 30.5631 31.4174 22.4899 0.2506 227300000000 114400000000
 0.6000   333322 0.6100   342456      1       -1       -1       -1  0 2.16100e+11 2.19300e+11 142.664000 19.336000 63.840000  1 0.4900 118.820000 30.53653 27.74826 58.61058 102.470 37.230 -164.230 -1.041e+09 -4.207e+10 -5.541e+10 0.02667 471840 471840 679986 6425 48 471799 471851 19.3358 219260000000 219260000000 209730000000 95330000000 0 18.8885 0 0.02497 0.36555 0.03763 45.5016 19.2598 -8.08757 0.59624 0.30302 13.0106 32.1474 12.4401 0.2371 235700000000 104900000000
 0.5900   324152 0.6000   333322      1       -1       -1       -1  0 2.16100e+11 2.19300e+11 143.071000 19.860000 65.400000  1 0.4900 119.110000 30.50351 27.73728 58.66402 99.790 36.820 -160.610 -7.454e+08 -4.124e+10 -5.490e+10 0.02659 471841 471841 679986 6448 47 471799 471851 19.8601 219260000000 219260000000 219260000000 104860000000 0 18.1688 0 0.02482 0.70306 0.20242 44.7366 13.6738 -6.57084 0.14999 0 40.4581 7.71009 -3.95697 0.2443 230000000000 104900000000
 0.5800   314908 0.5900   324152      1       -1       -1       -1  0 2.16100e+11 2.09700e+11 141.363000 20.261000 64.860000  1 0.4900 117.510000 30.47234 27.75517 58.71078 96.640 33.770 -158.890 5.368e+10 -5.585e+10 -7.124e+10 0.04679 471842 471842 679986 6463 46 471799 471851 20.2612 209730000000 209730000000 190660000000 142990000000 28599000000 12.1748 2.18 0.04126 0.55943 0.21391 27.6784 3.65443 -5.59357 0.09894 0.05408 14.9404 21.2123 -9.16035 0.2251 212400000000 143000000000
 0.5700   305669 0.5800   314908      1       -1       -1       -1  0 2.12900e+11 2.19300e+11 143.868000 20.156000 66.800000  1 0.4900 120.640000 30.43655 27.71521 58.77232 93.380 32.440 -157.610 8.184e+10 -4.134e+10 -9.314e+10 0.05465 471843 471843 679986 6436 45 471799 471851 20.1555 219260000000 219260000000 209730000000 114400000000 66731000000 15.6697 0 0.04793 0.92536 0.46286 25.7787 -2.113 1.80317 0.80456 0.34562 19.0955 -0.30286 1.19324 0.2271 220400000000 114400000000
 0.5600   296423 0.5700   305669      1       -1       -1       -1  0 2.06567e+11 2.09700e+11 142.135000 12.382000 71.460000  1 0.4900 132.420000 30.40264 27.70411 58.82716 92.320 32.960 -151.910 7.710e+10 -1.612e+10 -1.023e+11 0.06003 471844 471844 679986 6441 44 471799 471851 12.3821 209730000000 209730000000 200190000000 123930000000 95330000000 15.3766 0 0.05138 0.55151 0.24906 17.748 -14.1086 -3.97991 0.56146 0.04816 -11.1557 11.6723 2.18779 0.2467 212600000000 95330000000
 0.5500   287182 0.5600   296423      1       -1       -1       -1  0 1.93833e+11 1.90700e+11 138.056000 15.474000 62.860000  1 0.4900 122.180000 30.36845 27.69296 58.88244 87.690 31.780 -151.890 4.837e+10 -2.083e+10 -9.838e+10 0.06031 471845 471845 679986 6432 43 471799 471851 15.4742 190660000000 190660000000 162060000000 123930000000 57198000000 10.6869 0 0.05245 0.39981 0.25559 27.4614 -3.04246 1.46424 0.05722 0.02944 25.2809 -5.07035 2.65771 0.216 194700000000 114400000000
 0.5400   277968 0.5500   287182      1       -1       -1       -1  0 1.77967e+11 1.81100e+11 136.068000 22.338000 59.220000  1 0.4900 112.680000 30.32057 27.69331 58.92526 86.420 30.140 -147.550 4.605e+10 -1.487e+10 -8.415e+10 0.05335 471846 471846 679986 6421 42 471799 471851 22.3378 181130000000 181130000000 142990000000 123930000000 0 25.9593 0 0.05009 0.52639 0.33013 39.8037 -0.54552 6.51093 0.49815 0.31862 33.9781 0.04074 7.9429 0.2287 162600000000 123900000000
 0.5300   268727 0.5400   277968      1       -1       -1       -1  0 1.65233e+11 1.62100e+11 131.449000 22.426000 57.320000  1 0.4900 108.780000 30.29930 27.67049 58.99425 83.720 29.710 -140.110 5.565e+10 -1.406e+10 -4.452e+10 0.04587 471847 471847 679986 6400 41 471799 471851 22.4262 162060000000 162060000000 162060000000 85797000000 0 18.2086 0 0.04548 0.40403 0.21529 41.2531 7.80176 -1.11153 0 0 19.0334 -6.91986 -3.65067 0.2503 162600000000 104900000000
 0.5200   259495 0.5300   268727      1       -1       -1       -1  0 1.55700e+11 1.52500e+11 129.140000 19.675000 57.080000  1 0.4900 109.540000 30.27223 27.67719 59.06177 84.230 25.410 -141.270 6.274e+10 1.436e+10 -2.820e+10 0.04613 471848 471848 679986 5364 40 471799 471851 19.6753 152530000000 162060000000 152530000000 19066000000 0 18.3514 0 0.04908 0.25961 0.00388 40.1948 5.09663 3.7098 0 0 0 0 0 0.2799 158600000000 66730000000
 0.5100   250214 0.5200   259495      1       -1       -1       -1  0 1.30267e+11 1.52500e+11 129.454000 27.315000 55.970000  1 0.4900 105.110000 30.23706 27.66603 59.12083 81.200 26.660 -137.910 6.204e+10 1.671e+10 -2.420e+10 0.04231 471849 471849 679986 5318 39 471799 471851 27.3147 152530000000 152530000000 142990000000 9533000000 0 16.9852 0 0.04836 0.26583 0.09402 53.0304 3.38525 -3.58369 0 0 0 0 0 0.3055 140200000000 143000000000
 0.5000   241041 0.5100   250214      1       -1       -1       -1  0 1.01677e+11 8.58000e+10 107.115000 21.582000 40.550000  1 0.4900 88.070000 30.19301 27.63278 59.17117 94.050 37.210 -143.350 1.028e+10 1.671e+10 -7.219e+09 0.03192 471850 471850 679986 5231 38 471799 471851 21.5816 85797000000 85797000000 85797000000 0 0 14.1823 0 0.03876 0.19258 0.10881 59.5386 9.66162 2.26759 0 0 0 0 0 0.2503 133300000000 57200000000
 0.4900   231853 0.5000   241041      0       -1       -1       -1  0 6.67300e+10 6.67300e+10 98.736000 30.035000 35.820000  1 0.4900 78.240000 30.15719 27.62159 59.22916 83.520 31.370 -142.970 1.200e+10 1.326e+10 -5.558e+09 0.04218 471851 471851 679986 6333 37 471799 471851 30.0353 66731000000 66731000000 47665000000 0 0 9.8224 8.14 0.05325 0.19046 0.09277 64.4239 6.02208 8.22792 0 0 0 0 0 0.2363 122700000000 66730000000
