 1.0000   677853 0.0000       -1      1       -1       -1       -1  0 1.15400e+12 1.15400e+12 214.556000 12.588000 180.220000  1 0.5500 200.520000 16.10698 53.86444 36.42303 54.960 -180.120 -71.550 3.464e+12 -1.306e+12 -1.166e+12 0.07649 204477 204477 677853 3368 88 204476 204569 14.7588 1153500000000 1210700000000 1039100000000 838900000000 495720000000 4.55544 6.32 0.07293 0.48416 0.33597 15.565 -1.49739 32.289 0.37928 0.24526 14.3179 -0.86327 29.9078 0.5623 1597000000000 419500000000
 0.9900   669707 1.0000   677853      1       -1       -1       -1  0 1.15067e+12 1.14400e+12 214.864000 12.695000 175.860000  1 0.5500 198.780000 16.10069 53.87879 36.43387 54.700 -177.180 -70.130 3.283e+12 -1.275e+12 -1.171e+12 0.07461 204478 204478 677853 3327 87 204476 204569 15.3026 1144000000000 1210700000000 1020000000000 848440000000 505250000000 5.45968 7.23 0.07091 0.47599 0.28932 14.174 0.06409 33.0789 0.42292 0.19832 12.9677 2.70552 31.1696 0.5489 1587000000000 419500000000
 0.9800   661324 0.9900   669707      1       -1       -1       -1  0 1.15067e+12 1.11500e+12 213.951000 24.512000 172.390000  1 0.5500 181.910000 16.11348 53.90058 36.47971 51.550 -181.260 -75.990 3.323e+12 -1.921e+12 -1.246e+12 0.08016 204479 204479 677853 3379 86 204476 204569 21.5944 1115400000000 1220200000000 953300000000 743570000000 314590000000 33.2013 6.84 0.08066 0.47293 0.28872 14.3376 3.36385 30.4511 0.53194 0.31437 9.80766 6.08265 21.3312 0.5701 1314000000000 695900000000
 0.9700   652988 0.9800   661324      1       -1       -1       -1  0 1.15067e+12 1.10600e+12 214.229000 15.906000 170.710000  1 0.5500 188.370000 16.10250 53.92392 36.47670 53.090 -176.410 -75.540 3.109e+12 -1.658e+12 -1.044e+12 0.07924 204480 204480 677853 3393 85 204476 204569 18.5861 1105800000000 1220200000000 934230000000 781710000000 381320000000 22.8579 3.43 0.07474 0.52843 0.34014 15.9494 4.23159 31.4344 0.40849 0.31385 11.4778 3.8973 27.3923 0.5333 1389000000000 467100000000
 0.9600   644665 0.9700   652988      1       -1       -1       -1  0 1.15067e+12 1.10600e+12 215.117000 21.716000 171.030000  1 0.5500 188.050000 16.09872 53.94878 36.48632 53.840 -171.590 -74.040 3.026e+12 -1.633e+12 -9.732e+11 0.07688 204481 204481 677853 3372 84 204476 204569 19.0489 1105800000000 1220200000000 934230000000 781710000000 352720000000 26.417 3.77 0.0729 0.59364 0.35046 12.9462 6.20547 20.571 0.51548 0.41354 9.57754 4.46377 15.838 0.5359 1308000000000 619600000000
 0.9500   636357 0.9600   644665      1       -1       -1       -1  0 1.15067e+12 1.10600e+12 216.004000 15.316000 164.440000  1 0.5500 183.520000 16.09357 53.96510 36.49215 54.030 -170.940 -74.360 3.104e+12 -1.358e+12 -1.015e+12 0.07728 204482 204482 677853 3395 83 204476 204569 21.5764 1105800000000 1220200000000 924700000000 791240000000 371790000000 24.5307 1.97 0.07238 0.56103 0.34681 15.5362 8.03197 21.6183 0.48159 0.36216 12.3951 6.28904 19.7009 0.509 1349000000000 429000000000
 0.9400   628065 0.9500   636357      1       -1       -1       -1  0 1.15067e+12 1.08700e+12 215.636000 14.985000 159.390000  1 0.5500 194.490000 16.06723 53.96330 36.47611 53.430 -165.460 -79.390 2.827e+12 -1.155e+12 -7.808e+11 0.07259 204483 204483 677853 3393 82 204476 204569 16.6502 1086800000000 1182100000000 962830000000 791240000000 219260000000 15.9248 6.06 0.06662 0.55077 0.36711 20.8979 12.1526 27.3376 0.42261 0.23194 19.2818 9.63379 29.1899 0.4838 1512000000000 371800000000
 0.9300   619756 0.9400   628065      1       -1       -1       -1  0 1.15067e+12 1.10600e+12 217.773000 19.752000 155.880000  1 0.5500 186.660000 16.06561 53.99878 36.47401 53.910 -163.290 -77.690 2.900e+12 -1.004e+12 -8.465e+11 0.07269 204484 204484 677853 2469 81 204476 204569 20.7681 1105800000000 1163000000000 962830000000 753110000000 371790000000 5.83413 5.47 0.06558 0.59414 0.41429 18.5899 4.7923 28.7181 0.28601 0.28086 17.4231 4.07397 33.7169 0.46 1372000000000 562400000000
 0.9200   611416 0.9300   619756      1       -1       -1       -1  0 1.15067e+12 1.09600e+12 218.024000 17.212000 155.600000  1 0.5500 190.290000 16.06540 54.01385 36.49477 52.460 -160.620 -77.520 2.981e+12 -1.059e+12 -7.777e+11 0.07778 204485 204485 677853 3418 80 204476 204569 19.1746 1096300000000 1163000000000 896100000000 762640000000 333650000000 13.7953 5.65 0.06833 0.63871 0.47706 13.1848 4.27699 26.6617 0.41841 0.32327 8.02516 2.65527 27.014 0.4457 1348000000000 514800000000
 0.9100   603060 0.9200   611416      1       -1       -1       -1  0 1.15067e+12 1.07700e+12 217.625000 17.800000 156.700000  1 0.5500 187.160000 16.05659 54.03112 36.49716 52.930 -159.870 -78.610 2.948e+12 -1.072e+12 -8.863e+11 0.08213 204486 204486 677853 3429 79 204476 204569 20.3428 1077200000000 1134400000000 915170000000 734040000000 390850000000 10.0257 4.23 0.07063 0.61073 0.43605 8.32167 -2.00039 21.1335 0.38745 0.335 6.87747 -0.71112 20.5298 0.4395 1287000000000 514800000000
 0.9000   594698 0.9100   603060      1       -1       -1       -1  0 1.15067e+12 1.06800e+12 217.848000 18.671000 157.080000  1 0.5500 197.470000 16.04204 54.04665 36.50826 52.640 -158.000 -76.690 2.777e+12 -1.102e+12 -9.833e+11 0.08224 204487 204487 677853 3432 78 204476 204569 16.3258 1067700000000 1134400000000 924700000000 724510000000 400390000000 6.00615 2.55 0.06941 0.67433 0.44494 9.50779 -0.1974 20.0204 0.56467 0.38923 8.11276 0.24538 18.5307 0.4302 1252000000000 533800000000
 0.8900   586302 0.9000   594698      1       -1       -1       -1  0 1.15067e+12 1.02000e+12 215.408000 14.922000 156.040000  1 0.5500 191.720000 16.03506 54.07402 36.52630 48.950 -154.600 -79.090 2.326e+12 -1.184e+12 -8.221e+11 0.07697 204488 204488 677853 3469 77 204476 204569 17.3592 1020000000000 1124900000000 896100000000 714970000000 428980000000 7.23163 3.69 0.06541 0.52186 0.38286 13.402 -1.08787 20.0441 0.43801 0.32592 13.1195 0.00576 17.0997 0.4355 1285000000000 429000000000
 0.8800   577928 0.8900   586302      1       -1       -1       -1  0 1.15067e+12 1.01000e+12 215.582000 28.872000 150.380000  1 0.5500 180.550000 16.00581 54.08132 36.51409 48.170 -153.380 -78.110 1.980e+12 -8.682e+11 -7.493e+11 0.06167 204489 204489 677853 4465 76 204476 204569 22.5833 1010500000000 1096300000000 915170000000 648240000000 257390000000 23.5937 1.31 0.05577 0.27013 0.24 22.5461 3.79818 25.5176 0.16692 0.15522 22.3649 4.83917 27.133 0.4479 1139000000000 657800000000
 0.8700   569472 0.8800   577928      1       -1       -1       -1  0 1.15067e+12 1.02000e+12 217.104000 19.390000 144.130000  1 0.5500 183.430000 16.00480 54.10667 36.53767 46.500 -152.940 -78.420 2.157e+12 -8.773e+11 -9.264e+11 0.06889 204490 204490 677853 7528 75 204476 204569 21.8378 1020000000000 1077200000000 896100000000 686380000000 219260000000 14.0249 1.62 0.06034 0.40956 0.32733 22.3612 1.65468 22.8516 0.28518 0.17734 22.9078 2.88919 20.9096 0.4085 1183000000000 495700000000
 0.8600   561018 0.8700   569472      1       -1       -1       -1  0 1.15067e+12 9.81900e+11 215.197000 23.639000 137.630000  1 0.5500 179.500000 15.99351 54.12600 36.53916 44.150 -148.690 -77.760 1.742e+12 -7.690e+11 -8.113e+11 0.06177 204491 204491 677853 3508 74 204476 204569 22.9517 981900000000 1039100000000 886570000000 724510000000 209730000000 17.4573 1.8 0.05331 0.52217 0.34238 17.4683 -1.3657 23.4998 0.31853 0.12479 19.7766 -3.76325 21.4132 0.3824 1150000000000 572000000000
 0.8500   552582 0.8600   561018      1       -1       -1       -1  0 1.15067e+12 9.81900e+11 216.026000 20.796000 138.120000  1 0.5500 180.630000 15.98252 54.14912 36.56335 42.600 -148.920 -77.940 1.794e+12 -7.851e+11 -9.305e+11 0.06617 204492 204492 677853 3480 73 204476 204569 22.7897 981900000000 1048600000000 886570000000 676840000000 247860000000 19.5302 2.07 0.05606 0.69846 0.45896 16.2952 -2.74078 22.5491 0.64978 0.36884 18.347 -3.93224 14.608 0.3729 1128000000000 505200000000
 0.8400   544072 0.8500   552582      1       -1       -1       -1  0 1.15067e+12 9.72400e+11 216.149000 24.181000 142.790000  1 0.5500 188.220000 15.98513 54.17284 36.58799 42.410 -146.690 -77.430 1.862e+12 -9.417e+11 -1.075e+12 0.07671 204493 204493 677853 3546 72 204476 204569 19.0685 972370000000 1067700000000 905630000000 667310000000 371790000000 21.0041 1.56 0.06194 0.55948 0.4737 9.74387 -1.15165 27.7667 0.60359 0.49686 11.1669 -2.99459 22.4826 0.3647 1119000000000 562400000000
 0.8300   535561 0.8400   544072      1       -1       -1       -1  0 1.15067e+12 9.91400e+11 218.378000 19.799000 143.780000  1 0.5500 187.550000 15.98483 54.20550 36.58053 42.130 -146.120 -76.640 1.658e+12 -7.537e+11 -1.005e+12 0.06360 204494 204494 677853 1418 71 204476 204569 20.4784 991430000000 1058200000000 924700000000 724510000000 390850000000 2.93634 1.36 0.05336 0.39087 0.28945 15.0672 -2.36233 29.7809 0.22983 0.14047 15.8267 -0.30621 26.4402 0.3799 1117000000000 476600000000
 0.8200   526977 0.8300   535561      1       -1       -1       -1  0 1.15067e+12 9.91400e+11 219.200000 20.633000 143.970000  1 0.5500 186.510000 15.97426 54.22008 36.59047 39.200 -143.030 -76.310 1.797e+12 -8.097e+11 -1.147e+12 0.06866 204495 204495 677853 7658 70 204476 204569 21.4535 991430000000 1067700000000 905630000000 743570000000 305060000000 13.5712 1.52 0.05875 0.4149 0.3175 22.2309 0.79348 36.5467 0.32761 0.10702 22.5415 0.18088 33.6989 0.388 1201000000000 514800000000
 0.8100   518335 0.8200   526977      1       -1       -1       -1  0 1.15067e+12 1.00100e+12 220.721000 25.511000 140.410000  1 0.5500 184.270000 15.99683 54.24637 36.65027 36.380 -140.810 -77.220 1.675e+12 -1.203e+12 -9.197e+11 0.06726 204496 204496 677853 3550 69 204476 204569 23.6095 1001000000000 1039100000000 867500000000 619640000000 352720000000 40.5933 2.08 0.05749 0.50207 0.43989 19.7929 -0.01958 23.8206 0.7267 0.52026 16.4971 -1.70239 11.3748 0.3729 1027000000000 552900000000
 0.8000   509662 0.8100   518335      1       -1       -1       -1  0 1.15067e+12 1.00100e+12 221.538000 46.483000 140.770000  1 0.5500 175.040000 15.99279 54.26571 36.67091 34.980 -139.380 -74.920 1.515e+12 -1.096e+12 -9.633e+11 0.06048 204497 204497 677853 7749 68 204476 204569 31.3345 1001000000000 1039100000000 886570000000 619640000000 238320000000 48.9374 1.84 0.05379 0.40197 0.26136 19.7534 -1.841 27.0963 0.5372 0.2544 15.5534 -2.28503 17.021 0.3906 998400000000 896100000000
 0.7900   501026 0.8000   509662      1       -1       -1       -1  0 1.15067e+12 1.00100e+12 222.350000 30.645000 143.080000  1 0.5500 179.210000 15.99700 54.28763 36.67857 32.220 -138.850 -73.390 1.299e+12 -9.081e+11 -8.563e+11 0.05041 204498 204498 677853 3579 67 204476 204569 28.4325 1001000000000 1029600000000 877040000000 667310000000 200190000000 49.1253 1.15 0.04627 0.39577 0.22961 29.951 -5.72278 28.7288 0.52023 0.19963 24.5188 -7.50331 10.1559 0.4118 1055000000000 667300000000
 0.7800   492386 0.7900   501026      1       -1       -1       -1  0 1.15067e+12 9.91400e+11 222.448000 27.733000 146.870000  1 0.5500 185.970000 15.98596 54.31722 36.67994 30.570 -138.450 -72.820 1.215e+12 -9.331e+11 -9.311e+11 0.05340 204499 204499 677853 7725 66 204476 204569 23.9052 991430000000 1039100000000 905630000000 734040000000 257390000000 40.9781 2.64 0.04701 0.34178 0.27218 31.0073 -2.66487 24.2499 0.23423 0.21064 29.2514 -4.32591 23.4013 0.404 1083000000000 657800000000
 0.7700   483712 0.7800   492386      1       -1       -1       -1  0 1.15067e+12 9.81900e+11 222.530000 25.560000 148.830000  1 0.5500 192.930000 15.97412 54.34449 36.68465 31.700 -136.390 -73.480 1.195e+12 -8.632e+11 -8.969e+11 0.05515 204500 204500 677853 3608 65 204476 204569 20.4165 981900000000 1029600000000 915170000000 753110000000 285990000000 29.163 1.78 0.04618 0.47857 0.45944 22.357 -0.88344 13.3875 0.50598 0.30678 21.3433 -2.62563 3.69032 0.3866 1162000000000 619600000000
 0.7600   475016 0.7700   483712      1       -1       -1       -1  0 1.15067e+12 9.72400e+11 222.599000 11.944000 149.510000  1 0.5500 200.480000 15.95333 54.37621 36.68028 32.340 -134.100 -72.440 1.304e+12 -7.344e+11 -9.368e+11 0.06211 204501 204501 677853 3623 64 204476 204569 17.4993 972370000000 1020000000000 915170000000 791240000000 409920000000 12.1274 1.52 0.04826 0.59321 0.53355 15.2344 1.63187 15.0453 0.58191 0.46131 14.4096 -0.84266 13.1877 0.3536 1229000000000 295500000000
 0.7500   466287 0.7600   475016      1       -1       -1       -1  0 1.15067e+12 9.72400e+11 223.384000 12.594000 152.060000  1 0.5500 212.020000 15.94049 54.40115 36.68087 31.350 -131.050 -71.330 1.213e+12 -5.931e+11 -6.332e+11 0.05350 204502 204502 677853 3634 63 204476 204569 14.3711 972370000000 1001000000000 905630000000 753110000000 428980000000 7.66408 1.16 0.04098 0.58858 0.54689 19.4143 3.17098 13.3859 0.49112 0.39122 19.4981 -1.39929 11.3319 0.3532 1247000000000 362300000000
 0.7400   457497 0.7500   466287      1       -1       -1       -1  0 1.15067e+12 9.62800e+11 223.429000 13.231000 148.350000  1 0.5500 217.120000 15.91682 54.42599 36.68011 28.920 -130.200 -70.230 1.077e+12 -5.305e+11 -6.278e+11 0.05051 204503 204503 677853 3627 62 204476 204569 13.231 962830000000 1001000000000 848440000000 743570000000 486180000000 17.2003 0 0.03802 0.67826 0.59835 20.7654 2.41849 15.2015 0.64505 0.44745 21.0894 -1.80771 11.1111 0.3349 1249000000000 419500000000
 0.7300   448671 0.7400   457497      1       -1       -1       -1  0 1.15067e+12 9.24700e+11 221.202000 16.680000 139.400000  1 0.5500 202.180000 15.90311 54.44740 36.68231 27.450 -123.590 -68.680 8.345e+11 -3.916e+11 -5.945e+11 0.04252 204504 204504 677853 7858 61 204476 204569 16.6804 924700000000 1010500000000 857970000000 648240000000 400390000000 22.6282 2.24 0.0331 0.4924 0.45542 14.5084 5.01643 14.5766 0.43619 0.37034 14.6434 2.18849 11.0239 0.3266 1079000000000 419500000000
 0.7200   439828 0.7300   448671      1       -1       -1       -1  0 1.15067e+12 9.34200e+11 222.718000 28.421000 128.540000  1 0.5500 181.280000 15.88094 54.46339 36.68482 28.360 -122.170 -68.640 9.340e+11 -7.443e+11 -1.615e+11 0.04336 204505 204505 677853 3680 60 204476 204569 28.4208 934230000000 934230000000 829370000000 581510000000 285990000000 39.4987 0.86 0.03593 0.43931 0.38149 21.2612 6.82411 20.2846 0.50484 0.42363 19.1731 2.8027 14.1576 0.3152 900100000000 581500000000
 0.7100   430916 0.7200   439828      1       -1       -1       -1  0 1.15067e+12 9.05600e+11 221.167000 36.340000 118.300000  1 0.5500 172.320000 15.85819 54.49146 36.69241 27.130 -121.820 -68.890 1.018e+12 -6.324e+11 -8.195e+10 0.04418 204506 204506 677853 7940 59 204476 204569 36.3402 905630000000 915170000000 810300000000 486180000000 200190000000 53.2102 0 0.03792 0.39172 0.32906 35.5809 5.08189 22.9552 0.55363 0.18521 24.8864 -3.77259 4.95799 0.2964 848100000000 610100000000
 0.7000   421945 0.7100   430916      1       -1       -1       -1  0 1.15067e+12 9.05600e+11 221.906000 47.777000 113.730000  1 0.5500 166.550000 15.85396 54.51938 36.70949 26.360 -120.040 -69.870 8.651e+11 -4.930e+11 -1.287e+11 0.03723 204507 204507 677853 3742 58 204476 204569 47.7769 905630000000 943770000000 819840000000 476650000000 209730000000 50.3916 0 0.03187 0.3541 0.20328 24.3634 5.46311 16.6604 0.3032 0.23628 19.6479 0.8545 5.3022 0.2774 850100000000 838900000000
 0.6900   412946 0.7000   421945      1       -1       -1       -1  0 1.15067e+12 9.43800e+11 225.720000 38.826000 113.150000  1 0.5500 175.330000 15.84760 54.54301 36.73139 24.010 -118.850 -65.920 9.371e+11 -5.538e+11 1.597e+10 0.03763 204508 204508 677853 3752 57 204476 204569 38.8263 943770000000 953300000000 800770000000 476650000000 257390000000 50.0572 1.66 0.03244 0.30422 0.2 37.2847 14.1683 23.4799 0.52864 0.33066 21.7422 13.0547 9.87628 0.2687 857300000000 657800000000
 0.6800   403943 0.6900   412946      1       -1       -1       -1  0 1.15067e+12 1.11500e+12 239.424000 111.852000 112.630000  1 0.5500 178.220000 15.91328 54.62939 36.79061 22.960 -114.470 -66.710 1.266e+12 -7.181e+11 -4.591e+11 0.03754 204509 204509 677853 3751 56 204476 204569 57.4531 1115400000000 1220200000000 953300000000 524310000000 9533000000 17.1617 8.21 0.03462 0.16444 0.05279 68.4068 51.1457 34.6666 0.44197 0.00161 33.7428 9.54894 17.2167 0.2655 1049000000000 1296000000000
 0.6700   394972 0.6800   403943      1       -1       -1       -1  0 1.15067e+12 9.24700e+11 225.645000 44.371000 115.730000  1 0.5500 172.670000 15.82224 54.61258 36.77124 23.550 -114.090 -68.310 8.800e+11 -5.134e+10 3.530e+10 0.03197 204510 204510 677853 1574 55 204476 204569 44.3712 1010500000000 1039100000000 762640000000 467120000000 209730000000 50.6138 0 0.02751 0.47768 0.36424 21.8518 10.4275 10.2912 0.71408 0.4125 10.8226 12.4473 8.20181 0.271 881400000000 734000000000
 0.6600   386033 0.6700   394972      1       -1       -1       -1  0 1.15067e+12 8.86600e+11 223.206000 37.092000 119.120000  1 0.5500 175.710000 15.80472 54.61139 36.77625 25.860 -110.780 -70.440 7.775e+11 2.527e+11 -3.114e+11 0.03347 204511 204511 677853 3748 54 204476 204569 37.0918 886570000000 953300000000 705440000000 495720000000 257390000000 61.0879 2.6 0.02944 0.48359 0.31807 30.6783 25.0932 11.2173 0.5809 0.33369 12.5655 21.7604 14.0514 0.2928 817500000000 610100000000
 0.6500   376999 0.6600   386033      1       -1       -1       -1  0 1.15067e+12 1.03900e+12 236.073000 33.727000 121.580000  1 0.5500 187.450000 15.82979 54.65741 36.79877 24.230 -111.410 -66.110 8.705e+11 -2.357e+11 6.708e+10 0.02774 204512 204512 677853 8030 53 204476 204569 37.8941 1039100000000 1058200000000 791240000000 648240000000 314590000000 53.7542 2.2 0.0235 0.44843 0.40502 31.5385 22.1722 12.2118 0.5535 0.42731 25.36 20.6483 8.64537 0.2631 917700000000 648200000000
 0.6400   367923 0.6500   376999      1       -1       -1       -1  0 1.15067e+12 1.02000e+12 235.345000 28.314000 127.700000  1 0.5500 193.290000 15.81489 54.68219 36.81088 23.660 -109.370 -68.290 1.039e+12 -3.121e+11 -9.601e+10 0.03452 204513 204513 677853 8015 52 204476 204569 31.8139 1020000000000 1058200000000 781710000000 638710000000 314590000000 60.678 3.28 0.02936 0.41717 0.37336 16.8524 21.5734 10.1094 0.35861 0.18505 7.35203 18.1497 9.51365 0.2842 924800000000 600600000000
 0.6300   358809 0.6400   367923      1       -1       -1       -1  0 1.15067e+12 1.07700e+12 240.394000 23.320000 135.660000  1 0.5500 206.440000 15.81785 54.71468 36.82704 24.120 -105.830 -67.750 1.447e+12 -6.033e+11 -4.635e+11 0.04863 204514 204514 677853 3770 51 204476 204569 26.4593 1086800000000 1134400000000 838900000000 676840000000 400390000000 67.5528 5.74 0.04051 0.41318 0.39102 18.3166 22.4035 9.55936 0.42928 0.38996 10.9958 19.5217 7.88196 0.2911 989200000000 543400000000
 0.6200   349720 0.6300   358809      1       -1       -1       -1  0 1.15067e+12 1.13400e+12 245.309000 30.576000 140.060000  1 0.5500 224.320000 15.83144 54.76259 36.84676 24.440 -102.410 -63.280 1.509e+12 -6.736e+11 -4.820e+11 0.05042 204515 204515 677853 3747 50 204476 204569 20.7657 1134400000000 1163000000000 1039100000000 743570000000 438520000000 53.5245 4.93 0.03939 0.5415 0.42954 21.8855 23.2457 9.30081 0.74927 0.49844 14.7498 15.6529 8.26036 0.2703 1037000000000 667300000000
 0.6100   340601 0.6200   349720      1       -1       -1       -1  0 1.15067e+12 1.15400e+12 247.404000 28.786000 135.500000  1 0.5500 214.840000 15.84122 54.79914 36.86385 20.800 -100.210 -64.200 1.833e+12 -7.557e+11 -6.042e+11 0.05813 204516 204516 677853 3763 49 204476 204569 26.7325 1163000000000 1163000000000 1058200000000 753110000000 438520000000 44.9933 7.31 0.04644 0.51794 0.39452 18.2636 31.956 8.94829 0.57278 0.43504 12.257 24.1628 7.68242 0.2634 1085000000000 648200000000
 0.6000   331459 0.6100   340601      1       -1       -1       -1  0 1.15067e+12 1.14400e+12 247.437000 30.823000 134.750000  1 0.5500 214.370000 15.86570 54.88346 36.90630 20.140 -97.560 -58.870 1.927e+12 -1.109e+12 -4.941e+11 0.06573 204517 204517 677853 4794 48 204476 204569 27.5331 1144000000000 1182100000000 1096300000000 867500000000 266920000000 11.0699 3.91 0.05208 0.46896 0.25043 23.3154 36.9244 8.21547 0.27415 0.1634 21.4482 37.2103 4.51926 0.2575 1204000000000 772200000000
 0.5900   322292 0.6000   331459      1       -1       -1       -1  0 1.13133e+12 1.15400e+12 248.831000 25.221000 127.620000  1 0.5500 210.500000 15.85536 54.87711 36.94379 18.980 -97.110 -60.380 1.876e+12 -7.649e+11 -7.619e+11 0.06101 204518 204518 677853 3821 47 204476 204569 31.7643 1153500000000 1172600000000 1039100000000 838900000000 247860000000 21.4398 5.22 0.04916 0.54395 0.31094 19.4553 27.4682 1.17994 0.42012 0.24341 13.7181 23.325 -0.97281 0.2419 1150000000000 562400000000
 0.5800   313048 0.5900   322292      2       -1       -1       -1  0 1.09967e+12 1.09600e+12 245.335000 29.461000 126.140000  1 0.5500 211.940000 15.86574 54.92956 36.96107 17.840 -96.710 -55.790 1.933e+12 -1.069e+12 -6.543e+11 0.07161 204519 204519 677853 3800 46 204476 204569 28.8277 1096300000000 1105800000000 1048600000000 781710000000 276460000000 18.6677 3.48 0.05737 0.47275 0.34969 35.1403 41.634 5.2888 0.24379 0.15898 36.2344 41.0282 2.4485 0.2406 1096000000000 676800000000
 0.5700   303824 0.5800   313048      1       -1       -1       -1  0 1.08990e+12 1.04900e+12 242.393000 35.770000 120.380000  1 0.5500 204.180000 15.87332 54.97137 36.98535 17.410 -93.080 -55.070 2.000e+12 -1.085e+12 -6.857e+11 0.07905 204520 204520 677853 3815 45 204549 204548 33.1514 1048600000000 1058200000000 962830000000 724510000000 238320000000 30.68 3.17 0.06419 0.54366 0.35347 31.573 33.5351 2.1033 0.37014 0.34769 24.3022 28.0664 -5.20015 0.2327 962200000000 724500000000
 0.5700   303825 0.5800   313048      1   303824   303824       -1  0 3.62300e+11 3.62300e+11 170.079000 40.001000 75.260000  0 0.3700 131.920000 15.78131 54.95216 36.92465 85.800 -10.790 -56.930 2.886e+11 -1.642e+11 2.184e+11 0.06646 204521 204549 677853 3814 45 204476 204569 40.0014 896100000000 896100000000 896100000000 571980000000 0 11.3114 0 0.06312 0.78311 0.34722 40.6663 24.7654 6.41161 0.69212 0.55667 32.5073 2.00465 28.1251 0.2354 333400000000 362300000000
 0.5600   294572 0.5700   303824      1       -1       -1       -1  0 1.08990e+12 9.43800e+11 234.661000 33.725000 118.380000  1 0.5500 196.810000 15.88423 55.02989 36.99918 15.160 -97.120 -51.420 1.607e+12 -9.896e+11 -7.811e+11 0.08204 204522 204521 677853 3819 44 204476 204548 33.7251 943770000000 953300000000 896100000000 629180000000 276460000000 37.7071 1.25 0.06626 0.56702 0.25515 21.2704 20.4144 1.87314 0.53084 0.32819 10.491 16.6849 -6.18342 0.2356 858400000000 610100000000
 0.5600   294573 0.5700   303825      1   294572   294572   303824  0 3.40067e+11 3.33700e+11 165.927000 36.783000 65.380000  1 0.3700 130.230000 15.76338 54.96245 36.95397 74.000 -6.340 -72.410 2.513e+11 -7.956e+10 1.308e+11 0.05814 204523 204550 677853 3820 44 204476 204569 36.7833 781710000000 781710000000 781710000000 305060000000 0 7.46869 0 0.05401 0.15455 0.09036 58.1993 39.8679 -1.09485 0.32114 0.11732 39.0095 21.7348 10.7369 0.1847 290900000000 305100000000
 0.5500   285321 0.5600   294572      1       -1       -1       -1  0 1.08990e+12 8.19800e+11 224.497000 27.000000 113.560000  1 0.5500 195.820000 15.90171 55.08503 37.01239 12.270 -102.230 -46.380 1.131e+12 -7.027e+11 -3.868e+11 0.07092 204524 204522 677853 3784 43 204476 204548 26.9998 819840000000 867500000000 676840000000 505250000000 266920000000 41.1316 0 0.05731 0.49641 0.4039 21.6308 26.3541 8.50395 0.61367 0.5199 12.2929 19.3762 5.9342 0.2353 761000000000 438500000000
 0.5500   285322 0.5600   294573      1   285321   285321   294572  1 3.24167e+11 3.24200e+11 164.752000 29.382000 66.880000  1 0.3700 135.470000 15.75058 54.96530 36.96996 50.570 -20.450 -80.410 2.160e+11 -4.875e+09 1.207e+11 0.05501 204525 204551 677853 9025 43 204476 204569 31.1393 662545000000 662545000000 624415000000 290760000000 4766500000 6.32172 0 0.04993 0.282505 0.0553 15.1225 43.2617 -6.10798 0.49594 0.14646 30.2323 11.1418 4.83915 0.1866 295700000000 257400000000
 0.5400   276102 0.5500   285321      1       -1       -1       -1  0 7.21300e+11 7.34000e+11 216.938000 26.509000 106.620000  1 0.2900 189.620000 15.89341 55.12981 37.02914 9.610 -106.010 -40.490 8.801e+11 -5.240e+11 -2.977e+11 0.06643 204526 204523 677853 3807 42 204476 204548 26.5089 734040000000 734040000000 657780000000 467120000000 257390000000 32.6229 0 0.05343 0.54647 0.30506 31.0731 29.1501 4.42388 0.63207 0.31292 25.8941 17.5297 2.06501 0.2208 697800000000 429000000000
 0.5400   276103 0.5500   285322      1       -1       -1   285321  0 3.68600e+11 3.14600e+11 163.560000 21.981000 68.320000  1 0.3700 140.330000 15.72677 54.99082 36.99580 53.500 -12.080 -80.980 1.806e+11 6.981e+10 1.107e+11 0.05188 204527 204552 677853 3806 42 204476 204569 21.9811 543380000000 543380000000 467120000000 276460000000 9533000000 5.17475 0 0.04585 0.41046 0.02024 -27.9544 46.6554 -11.1211 0.67074 0.1756 21.4552 0.54873 -1.05855 0.1885 300500000000 209700000000
 0.5300   266864 0.5400   276102      1       -1       -1       -1  0 6.41867e+11 6.10100e+11 204.488000 19.064000 91.300000  1 0.2900 190.520000 15.89369 55.18783 37.04618 3.370 -118.710 -30.920 1.894e+11 -1.290e+11 1.128e+11 0.02266 204528 204524 677853 3785 41 204476 204548 19.0639 610110000000 619640000000 581510000000 476650000000 162060000000 16.7472 0 0.01756 0.44972 0.21179 38.9979 43.852 -9.01003 0.36511 0.046 36.9852 41.0735 2.02919 0.1738 674400000000 314600000000
 0.5300   266865 0.5400   276103      1       -1       -1       -1  0 3.68600e+11 3.24100e+11 165.616000 30.526000 63.840000  1 0.3700 135.420000 15.70533 54.98206 37.03704 48.570 -14.930 -87.810 1.443e+11 7.733e+10 1.340e+11 0.04726 204529 204553 677853 3786 41 204476 204569 30.5256 438520000000 438520000000 409920000000 285990000000 9533000000 8.77149 0 0.04172 0.45119 0.15045 40.1652 -38.8491 3.71802 0.58331 0.15551 37.2532 -32.1469 3.87119 0.1639 293800000000 257400000000
 0.5200   257637 0.5300   266864      1       -1       -1       -1  0 5.87867e+11 5.81500e+11 201.742000 23.817000 88.100000  1 0.2900 179.600000 15.90493 55.26747 37.05506 8.250 -113.740 -28.740 1.411e+11 -1.757e+11 6.799e+10 0.02216 204530 204525 677853 2672 40 204476 204548 23.8173 581510000000 581510000000 533850000000 390850000000 85797000000 30.1982 0 0.01767 0.51992 0.31424 29.1406 47.3907 -7.19643 0.79897 0.49636 1.1247 19.2775 24.1021 0.175 548000000000 333700000000
 0.5200   257638 0.5300   266865      1       -1       -1       -1  0 3.68600e+11 3.33700e+11 167.640000 27.371000 64.630000  1 0.3700 140.530000 15.68781 54.98389 37.08009 42.830 -23.350 -86.480 1.512e+11 2.118e+10 5.826e+10 0.03609 204531 204554 677853 2671 40 204476 204569 27.371 390850000000 390850000000 343190000000 257390000000 0 8.65923 0 0.03096 0.69068 0.18648 -21.9596 40.792 -15.4782 0.8797 0.00822 -16.3081 24.1072 -12.338 0.1539 314500000000 247900000000
 0.5100   248366 0.5200   257637      1       -1       -1       -1  0 5.52900e+11 5.72000e+11 201.122000 31.375000 88.320000  1 0.2900 170.930000 15.86849 55.26443 37.07502 9.260 -109.860 -26.970 2.291e+10 -7.410e+10 1.168e+11 0.01307 204532 204526 677853 2639 39 204476 204548 31.3748 571980000000 581510000000 562450000000 409920000000 19066000000 18.5256 0 0.01091 0.18656 0.11525 35.146 50.3036 -29.561 0.06164 0.00715 28.0694 38.3475 -29.7701 0.1898 546300000000 409900000000
 0.5100   248367 0.5200   257638      1       -1       -1       -1  0 3.68600e+11 3.43200e+11 169.632000 26.842000 70.010000  1 0.3700 143.820000 15.66493 54.98793 37.12027 41.180 -26.170 -84.270 1.433e+11 1.217e+11 1.545e+11 0.05102 204533 204555 677853 2638 39 204476 204569 26.8423 381320000000 390850000000 362250000000 209730000000 9533000000 9.90419 3.26 0.04437 0.58341 0.18604 2.23261 24.067 -9.79207 0.18815 0.04964 3.8142 13.7101 -3.32766 0.1733 326900000000 247900000000
 0.5000   239198 0.5100   248366      1       -1       -1       -1  0 5.33833e+11 5.05200e+11 193.433000 22.377000 86.800000  1 0.2900 175.080000 15.89654 55.36099 37.05736 8.100 -106.450 -22.150 -3.176e+10 -1.746e+10 9.860e+10 0.01325 204534 204527 677853 2658 38 204476 204548 22.3768 505250000000 505250000000 495720000000 352720000000 190660000000 14.6949 0 0.01014 0.74083 0.43095 13.1351 28.1417 -7.74201 0.655 0.49279 9.2558 23.786 9.0779 0.1672 488100000000 276500000000
 0.5000   239199 0.5100   248367      1       -1       -1       -1  0 3.68600e+11 3.81300e+11 176.113000 37.171000 72.460000  1 0.3700 143.910000 15.64316 55.01566 37.14629 36.390 -32.310 -80.370 1.755e+11 1.154e+11 1.245e+11 0.04450 204535 204556 677853 2657 38 204476 204569 37.1707 400390000000 400390000000 362250000000 238320000000 38132000000 5.01293 3.12 0.03768 0.54668 0.06197 3.86296 -16.6932 17.813 0.71128 0.0583 10.3568 -8.96742 7.86228 0.1656 329000000000 333700000000
 0.4900   230018 0.5000   239198      1       -1       -1       -1  0 5.02067e+11 5.24300e+11 196.289000 31.136000 78.450000  1 0.2900 168.520000 15.89569 55.38701 37.07025 8.370 -100.820 -21.600 -7.570e+10 -2.976e+10 6.832e+10 0.01202 204536 204528 677853 3738 37 204476 204548 31.1359 524310000000 524310000000 438520000000 295520000000 171590000000 17.0103 0 0.00973 0.36483 0.29618 10.9192 29.3715 12.726 0.30258 0.21272 7.85999 24.8181 14.4548 0.1531 450100000000 352700000000
 0.4900   230019 0.5000   239199      1       -1       -1       -1  0 3.68600e+11 3.52700e+11 171.992000 23.100000 73.220000  1 0.3700 152.140000 15.63558 55.02513 37.18300 33.040 -36.410 -78.010 1.867e+11 2.398e+10 5.828e+10 0.04271 204537 204557 677853 3737 37 204476 204569 23.1002 381320000000 381320000000 324120000000 238320000000 66731000000 10.507 0 0.03493 0.62742 0.41526 0.09712 23.067 -22.4529 0.79166 0.26686 16.8883 18.0197 -3.93864 0.1617 330800000000 228800000000
 0.4800   220866 0.4900   230018      1       -1       -1       -1  0 4.76667e+11 4.76700e+11 190.580000 26.683000 72.010000  1 0.2900 168.440000 15.88796 55.45551 37.07132 9.230 -98.150 -19.400 -1.151e+11 -4.041e+10 4.560e+10 0.01733 204538 204529 677853 3730 36 204476 204548 26.6832 476650000000 476650000000 438520000000 314590000000 0 11.6079 0.81 0.01411 0.55545 0.47788 22.4023 42.7949 14.1151 0.51788 0.38283 11.6693 30.2067 29.3471 0.1376 434400000000 314600000000
 0.4800   220867 0.4900   230019      1       -1       -1       -1  0 3.68600e+11 3.43200e+11 170.813000 21.205000 73.920000  1 0.3700 154.490000 15.62999 55.04856 37.22623 30.630 -36.720 -77.620 1.763e+11 2.040e+10 3.948e+10 0.04185 204539 204558 677853 3729 36 204476 204569 21.205 343190000000 343190000000 305060000000 247860000000 9533000000 17.5853 0 0.03406 0.85235 0.3342 16.4474 33.6604 -18.6186 0.52256 0.08604 6.48715 42.916 -23.7085 0.1649 357300000000 209700000000
 0.4700   211734 0.4800   220866      1       -1       -1       -1  0 4.41700e+11 4.29000e+11 184.406000 27.602000 65.690000  1 0.2900 162.200000 15.90835 55.49150 37.07703 7.000 -94.900 -16.780 -7.258e+10 -6.635e+10 -8.932e+07 0.01533 204540 204530 677853 3729 35 204476 204548 27.6024 428980000000 428980000000 419450000000 276460000000 19066000000 26.9805 0 0.01282 0.31054 0.2208 44.0856 36.0817 11.6851 0.4441 0.22243 26.0911 18.0313 19.8448 0.1261 430000000000 276500000000
 0.4700   211735 0.4800   220867      1       -1       -1       -1  0 3.43200e+11 4.09900e+11 181.633000 30.442000 75.490000  1 0.3700 156.730000 15.58031 55.05523 37.26607 31.310 -40.130 -71.400 2.940e+11 1.364e+11 -3.012e+10 0.05269 204541 204559 677853 3728 35 204476 204569 30.4419 409920000000 409920000000 314590000000 257390000000 28599000000 12.8232 0 0.04576 0.67967 0.32087 5.37936 21.1499 -15.0341 0.12652 0.06441 5.38536 29.2907 -12.0066 0.1702 352100000000 286000000000
 0.4600   202627 0.4700   211734      1       -1       -1       -1  0 4.19433e+11 4.19400e+11 183.421000 32.194000 65.820000  1 0.2900 158.310000 15.88492 55.55854 37.06888 7.560 -91.690 -17.470 -4.497e+10 -7.309e+10 -2.413e+10 0.01446 204542 204531 677853 7833 34 204476 204548 32.1936 419450000000 419450000000 419450000000 276460000000 9533000000 21.0993 0 0.01218 0.34852 0.11696 53.6248 47.8173 11.319 0.69163 0.18918 0.78148 42.8983 3.35985 0.1283 397600000000 333700000000
 0.4600   202628 0.4700   211735      1       -1       -1       -1  0 3.43200e+11 2.76500e+11 159.623000 25.325000 65.240000  1 0.3700 140.050000 15.57690 55.08084 37.31480 18.520 -32.270 -90.250 7.239e+10 3.611e+10 8.583e+10 0.03696 204543 204560 677853 7831 34 204476 204569 25.3247 381320000000 381320000000 343190000000 219260000000 47665000000 7.35743 0 0.03229 0.3273 0.10451 7.1002 21.3792 -13.4087 0.2329 0.01605 12.998 17.7473 -9.60004 0.1691 244900000000 162100000000
 0.4500   193592 0.4600   202627      1       -1       -1       -1  0 3.94000e+11 4.09900e+11 182.397000 38.869000 65.340000  1 0.2900 154.350000 15.87461 55.59863 37.06816 6.660 -90.220 -16.370 -6.726e+10 -6.282e+10 2.065e+10 0.01620 204544 204532 677853 7761 33 204476 204548 38.8687 409920000000 409920000000 352720000000 238320000000 0 26.6819 2.43 0.01352 0.42117 0.22435 37.0099 7.42001 12.4113 0.11816 0.05289 40.6322 3.95469 15.9644 0.1237 356900000000 352700000000
 0.4500   193593 0.4600   202628      1       -1       -1       -1  0 3.01900e+11 3.43200e+11 171.908000 36.471000 67.860000  1 0.3700 145.560000 15.58511 55.10629 37.33300 22.150 -42.740 -73.830 8.580e+10 -9.844e+09 -3.496e+10 0.02082 204545 204561 677853 7759 33 204476 204569 36.4711 352720000000 352720000000 324120000000 190660000000 0 13.3884 0 0.01796 0.50943 0.4211 46.9965 -6.33463 -3.72171 0.28784 0.03833 48.3479 10.6414 -2.62175 0.1555 308100000000 314600000000
 0.4400   184545 0.4500   193592      1       -1       -1       -1  0 3.62233e+11 3.52700e+11 173.834000 20.096000 66.930000  1 0.2900 164.520000 15.86679 55.63861 37.07437 7.920 -85.440 -15.270 -2.293e+09 -8.369e+10 7.492e+10 0.02678 204546 204533 677853 3658 32 204476 204548 20.0959 352720000000 352720000000 314590000000 247860000000 95330000000 24.5414 0 0.02091 0.36311 0.31187 27.0065 18.8643 14.8934 0.20869 0.03631 29.042 9.57301 19.7615 0.1188 336600000000 209700000000
 0.4400   184546 0.4500   193593      1       -1       -1       -1  0 3.01867e+11 2.86000e+11 162.097000 30.459000 60.310000  1 0.3700 140.720000 15.57017 55.13617 37.39049 16.860 -40.700 -79.030 7.801e+10 3.513e+09 8.569e+09 0.02392 204547 204562 677853 3656 32 204476 204569 30.4592 333650000000 333650000000 305060000000 133460000000 57198000000 9.65225 0 0.02074 0.50935 0.28835 39.9144 -7.45168 1.88019 0.65667 0.38058 -16.2458 18.6237 10.2918 0.1395 273000000000 209700000000
 0.4300   175540 0.4400   184545      1       -1       -1       -1  0 3.30467e+11 3.24100e+11 169.331000 12.722000 73.270000  1 0.2900 178.420000 15.87779 55.69179 37.08978 7.120 -80.180 -17.950 -1.244e+10 -8.368e+10 3.993e+10 0.02870 204548 204534 677853 7715 31 204476 204548 12.7215 324120000000 324120000000 324120000000 257390000000 162060000000 16.4758 0 0.02026 0.6317 0.37789 26.088 12.2733 5.74489 0.66183 0.4253 21.8703 10.9457 7.02127 0.1204 358500000000 152500000000
 0.4300   175541 0.4400   184546      1       -1       -1       -1  1 2.76433e+11 2.76400e+11 160.572000 37.938000 58.700000  1 0.3700 137.370000 15.56587 55.14655 37.41066 16.860 -40.700 -79.030 7.580e+10 -2.000e+10 2.490e+10 0.02677 204549 204563 677853 8719 31 204476 204569 39.3579 300285000000 300285000000 281225000000 90562500000 28599000000 20.0031 0 0.024725 0.477485 0.165455 42.3712 15.6386 -8.74221 0.78362 0.224145 4.0325 17.7767 7.56431 0.148 259400000000 257400000000
 0.4200   166583 0.4300   175540      1       -1       -1       -1  0 3.14600e+11 3.14600e+11 167.970000 8.159000 77.740000  1 0.2900 200.750000 15.85863 55.73180 37.10389 7.470 -77.260 -18.370 4.869e+09 -8.562e+10 2.697e+10 0.03011 204550 204535 677853 7639 30 204476 204548 8.15949 314590000000 314590000000 314590000000 228790000000 190660000000 10.0475 0 0.02068 0.82625 0.42434 5.4735 17.521 0.69279 0.57012 0.34064 -2.04801 15.4749 0.82498 0.1308 449100000000 76260000000
 0.4200   166584 0.4300   175541      1       -1       -1       -1  0 2.60533e+11 2.66900e+11 159.018000 45.416000 56.990000  1 0.3700 133.840000 15.51211 55.16599 37.49442 16.450 -40.580 -72.980 7.358e+10 -4.351e+10 4.123e+10 0.02962 204551 204564 677853 7637 30 204476 204569 45.416 266920000000 266920000000 257390000000 47665000000 0 30.354 0 0.02871 0.44562 0.04256 44.828 38.7289 -19.3646 0.91057 0.06771 24.3108 16.9298 4.83686 0.1565 245800000000 305100000000
 0.4100   157718 0.4200   166583      1       -1       -1       -1  0 3.14600e+11 3.05100e+11 166.558000 18.397000 63.810000  1 0.2900 163.480000 15.84769 55.77422 37.12294 11.390 -72.060 -19.190 -2.278e+10 -6.148e+10 6.702e+10 0.03010 204552 204536 677853 7541 29 204476 204548 18.3973 305060000000 305060000000 305060000000 219260000000 85797000000 2.12146 0 0.02296 0.56278 0.41962 20.4485 21.6714 6.75486 0.49927 0.28699 6.60506 11.9768 18.176 0.1139 299300000000 181100000000
 0.4100   157719 0.4200   166584      1       -1       -1       -1  0 2.47833e+11 2.38300e+11 153.401000 42.754000 55.960000  1 0.3700 130.590000 15.48299 55.21958 37.50606 16.530 -40.790 -62.010 1.361e+11 1.483e+10 2.938e+09 0.05213 204553 204565 677853 7540 29 204476 204569 42.7541 238320000000 238320000000 200190000000 57198000000 0 29.269 4.35 0.0506 0.50768 0.30605 57.231 10.1939 7.47235 0.62208 0.05046 42.0384 -8.88512 -16.4132 0.154 275100000000 266900000000
 0.4000   148952 0.4100   157718      1       -1       -1       -1  0 3.08233e+11 3.24100e+11 170.256000 37.118000 55.050000  1 0.2900 150.240000 15.86077 55.83654 37.14291 9.200 -70.270 -21.710 -6.746e+09 -3.393e+10 3.233e+10 0.01242 204554 204537 677853 3517 28 204476 204548 37.1176 324120000000 324120000000 295520000000 152530000000 9533000000 18.0664 0 0.0106 0.15434 0.09918 46.0921 25.6096 4.13568 0.22449 0.05963 16.812 18.0283 -4.34143 0.1024 281100000000 286000000000
 0.4000   148953 0.4100   157719      1       -1       -1       -1  0 2.12900e+11 2.38300e+11 153.670000 41.298000 53.400000  1 0.3700 132.530000 15.51691 55.26287 37.53645 13.920 -44.230 -60.830 5.043e+10 3.491e+10 1.607e+10 0.02490 204555 204566 677853 3516 28 204476 204569 41.2978 238320000000 238320000000 200190000000 95330000000 0 8.95742 0 0.0237 0.09825 0.00254 54.9411 15.0319 -21.5512 0.45072 0.06154 47.5732 3.43243 4.49202 0.137 219100000000 238300000000
 0.3900   140286 0.4000   148952      1       -1       -1       -1  0 3.08233e+11 2.95500e+11 165.371000 34.685000 47.130000  1 0.2900 148.150000 15.82286 55.87284 37.16124 12.710 -68.600 -21.770 -7.090e+09 -4.374e+10 1.124e+09 0.01367 204556 204538 677853 3472 27 204476 204548 34.6852 295520000000 295520000000 295520000000 95330000000 28599000000 7.55747 0 0.01171 0.46425 0.26707 32.6022 22.8451 13.3015 0.53562 0.30627 16.6495 -8.30809 -8.94028 0.0813 261100000000 266900000000
 0.3900   140287 0.4000   148953      1       -1       -1       -1  0 1.90667e+11 1.62100e+11 135.360000 26.671000 38.360000  1 0.3700 122.290000 15.62284 55.63454 37.36753 19.190 -44.370 -22.380 3.775e+10 2.618e+10 1.912e+10 0.04085 204557 204567 677853 3471 27 204476 204569 26.6711 162060000000 162060000000 162060000000 95330000000 9533000000 15.1901 0 0.03579 0.19567 0.0731 25.5839 18.9909 6.79303 0.23797 0.06715 22.7798 17.5762 5.96464 0.0738 180000000000 123900000000
 0.3800   131817 0.3900   140286      1       -1       -1       -1  0 3.08233e+11 3.05100e+11 167.401000 44.030000 48.460000  1 0.2900 147.700000 15.80892 55.91779 37.18136 11.380 -66.590 -19.840 -7.718e+09 -4.544e+10 7.567e+09 0.01356 204558 204539 677853 3437 26 204476 204548 44.0303 305060000000 295520000000 276460000000 76264000000 38132000000 10.861 1.96 0.01185 0.85948 0.26349 25.1105 9.09491 4.1724 0.43609 0.08105 -11.6981 12.6149 9.1011 0.0819 256900000000 305100000000
 0.3800   131818 0.3900   140287      1       -1       -1       -1  0 1.71600e+11 1.71600e+11 138.187000 23.166000 38.380000  1 0.3700 129.290000 15.61026 55.67540 37.38274 18.710 -40.090 -20.920 3.994e+10 2.365e+10 2.593e+10 0.04100 204559 204568 677853 3436 26 204476 204569 23.1659 171590000000 171590000000 171590000000 123930000000 0 2.24298 0 0.03519 0.66494 0.57602 32.1067 1.0449 -25.4991 0.6756 0.22957 34.3569 -3.53957 0.05941 0.0668 151000000000 123900000000
 0.3700   123333 0.3800   131817      1       -1       -1       -1  0 2.98733e+11 3.24100e+11 171.084000 56.100000 50.650000  1 0.2900 149.980000 15.82569 55.98324 37.19516 12.890 -62.680 -16.740 2.681e+10 -5.872e+10 -2.115e+09 0.01757 204560 204540 677853 7153 25 204476 204548 56.1002 324120000000 324120000000 295520000000 162060000000 9533000000 10.5665 0 0.015 0.65908 0.20955 18.0471 35.9365 7.48376 0.09241 0.02487 16.6006 56.5501 6.78984 0.0761 271900000000 343200000000
 0.3700   123334 0.3800   131818      0       -1       -1       -1  0 1.71600e+11 1.71600e+11 138.402000 16.851000 41.690000  1 0.3700 138.770000 15.58744 55.71346 37.40710 17.610 -37.100 -19.880 3.758e+10 2.276e+10 2.521e+10 0.04008 204561 204569 677853 7152 25 204476 204569 16.8513 171590000000 171590000000 171590000000 123930000000 9533000000 13.7329 0 0.03395 0.80671 0.29278 5.79455 -18.5548 23.7313 0.82996 0.37898 6.33413 -19.5338 23.439 0.0747 165500000000 104900000000
 0.3600   114885 0.3700   123333      1       -1       -1       -1  0 2.98733e+11 1.81100e+11 141.128000 19.334000 46.270000  1 0.2900 139.890000 15.57715 55.75035 37.40979 13.390 -34.200 -20.870 3.258e+10 9.411e+09 3.966e+10 0.03909 204562 204541 677853 3283 24 204476 204548 19.3342 181130000000 181130000000 181130000000 133460000000 9533000000 16.693 0 0.03238 0.71585 0.56 -17.5585 22.8427 -11.8332 0.75757 0.10873 -8.67174 17.7036 -11.1589 0.0792 297500000000 114400000000
 0.3500   106592 0.3600   114885      1       -1       -1       -1  0 2.98733e+11 2.76500e+11 162.722000 16.892000 59.710000  1 0.2900 172.700000 15.84182 56.09594 37.19650 12.510 -54.140 -10.990 3.085e+10 -2.693e+10 -2.025e+10 0.01892 204563 204542 677853 3443 23 204476 204548 16.8919 276460000000 276460000000 266920000000 238320000000 76264000000 15.4964 0 0.0142 0.59536 0.20836 -22.013 -7.7812 30.1217 0.3284 0.03064 -14.3978 -4.60734 35.045 0.0837 302400000000 133500000000
 0.3400    98479 0.3500   106592      1       -1       -1       -1  0 2.98733e+11 2.86000e+11 164.794000 13.542000 62.060000  1 0.2900 186.890000 15.82024 56.14734 37.22041 12.260 -50.660 -11.810 4.192e+10 -3.063e+10 -4.176e+10 0.02735 204564 204543 677853 3383 22 204476 204548 13.5417 285990000000 285990000000 285990000000 219260000000 114400000000 10.0657 0 0.01984 0.76232 0.68318 19.2704 14.8658 0.97132 0.90938 0.42514 18.3779 4.74265 -3.05881 0.0845 319600000000 123900000000
 0.3300    90606 0.3400    98479      1       -1       -1       -1  0 2.98733e+11 3.05100e+11 168.595000 24.416000 54.400000  1 0.2900 171.720000 15.80403 56.21639 37.20942 11.080 -47.420 -13.510 4.454e+10 -3.212e+10 -3.616e+10 0.02174 204565 204544 677853 3268 21 204476 204548 24.4158 305060000000 295520000000 266920000000 219260000000 9533000000 30.6651 0 0.01784 0.53425 0.49687 3.08091 36.8889 9.73228 0.12711 0.02683 4.74298 25.9957 16.7965 0.0814 273300000000 209700000000
 0.3200    82870 0.3300    90606      1       -1       -1       -1  0 2.89200e+11 3.05100e+11 168.802000 28.606000 48.590000  1 0.2900 169.670000 15.77228 56.24608 37.23709 9.670 -46.030 -14.380 5.796e+10 -3.290e+10 -4.167e+10 0.02523 204566 204545 677853 3181 20 204476 204548 28.6057 305060000000 305060000000 305060000000 123930000000 0 15.7095 0 0.02164 0.80381 0.38548 23.8062 38.6797 -5.08233 0.56234 0.09382 24.9231 37.0475 -4.75865 0.0717 285400000000 209700000000
 0.3100    75392 0.3200    82870      1       -1       -1       -1  0 2.60600e+11 2.57400e+11 159.693000 31.707000 46.330000  1 0.2900 158.980000 15.74443 56.26455 37.26984 10.200 -43.350 -17.540 4.123e+10 -2.050e+10 -2.220e+10 0.02143 204567 204546 677853 3041 19 204476 204548 31.7067 257390000000 257390000000 257390000000 104860000000 9533000000 21.9695 0 0.01897 0.68931 0.08183 -0.14336 27.6909 -24.9982 0.45715 0.07624 34.5164 -12.7008 1.55063 0.0736 233200000000 200200000000
 0.3000    68141 0.3100    75392      1       -1       -1       -1  0 2.19267e+11 2.19300e+11 151.549000 24.933000 45.770000  1 0.2900 157.550000 15.74775 56.32893 37.27732 10.240 -42.510 -14.340 2.492e+10 -3.282e+10 -2.263e+10 0.02690 204568 204547 677853 5960 18 204476 204548 24.9329 219260000000 219260000000 200190000000 123930000000 19066000000 15.9529 0 0.02316 0.49816 0.17038 7.21522 -21.2834 27.6659 0.39962 0 -2.28695 19.4725 -7.46519 0.0716 229500000000 171600000000
 0.2900    61143 0.3000    68141      0       -1       -1       -1  0 1.81100e+11 1.81100e+11 142.345000 20.954000 42.190000  1 0.2900 153.170000 15.74096 56.37815 37.28748 10.180 -36.990 -16.700 2.594e+10 -2.161e+10 -1.525e+10 0.02944 204569 204548 677853 5662 17 204476 204548 20.9541 181130000000 181130000000 181130000000 142990000000 0 24.691 0 0.0255 0.28469 0.22494 33.1064 -12.1558 46.5027 0.41402 0.25934 19.8278 -19.4511 32.1127 0.069 205700000000 104900000000
