 1.0000   681915 0.0000       -1      1       -1       -1       -1  0 3.71800e+11 3.71800e+11 147.107000 14.485000 118.800000  1 0.5100 126.080000 38.80515 36.92610 35.34946 106.540 381.700 -244.110 7.330e+10 1.666e+11 4.732e+11 0.05799 347609 347609 681915 7430 88 347608 347658 14.4851 381320000000 409920000000 343190000000 257390000000 114400000000 16.8266 1.86 0.06287 0.57562 0.53297 12.4969 17.3911 -12.0767 0.65522 0.29774 -4.60461 -8.4231 14.1532 0.5974 465500000000 190700000000
 0.9900   673811 1.0000   681915      1       -1       -1       -1  0 3.68633e+11 3.62300e+11 146.453000 13.645000 120.980000  1 0.5100 126.940000 38.79367 36.89024 35.37043 105.890 380.720 -235.070 4.857e+10 1.777e+11 3.893e+11 0.04959 347610 347610 681915 7426 87 347608 347658 13.6448 362250000000 409920000000 333650000000 247860000000 104860000000 17.6365 0 0.05593 0.44002 0.26758 15.9467 23.1694 -12.5758 0.46316 0.14682 10.9742 19.5724 -7.84882 0.6285 472000000000 152500000000
 0.9800   665364 0.9900   673811      1       -1       -1       -1  0 3.68633e+11 3.71800e+11 148.346000 14.792000 118.740000  1 0.5100 126.470000 38.77988 36.84746 35.39770 105.080 377.630 -226.490 6.632e+10 1.663e+11 4.462e+11 0.05504 347611 347611 681915 7471 86 347608 347658 14.7922 371790000000 409920000000 343190000000 276460000000 123930000000 15.7203 0 0.05997 0.47631 0.42636 15.2719 22.596 -15.5398 0.2134 0.0443 6.68791 20.3068 -16.2243 0.5986 480100000000 190700000000
 0.9700   656959 0.9800   665364      1       -1       -1       -1  0 3.68633e+11 3.71800e+11 148.964000 14.990000 118.860000  1 0.5100 126.600000 38.77380 36.81090 35.42099 103.350 370.550 -220.950 1.388e+11 1.493e+11 5.215e+11 0.06194 347612 347612 681915 6457 85 347608 347658 14.9904 371790000000 409920000000 343190000000 266920000000 9533000000 19.6562 0 0.07006 0.59712 0.42399 18.7438 22.6945 -12.9196 0.54416 0.32483 14.064 18.7121 -16.4018 0.6144 478800000000 209700000000
 0.9600   648616 0.9700   656959      1       -1       -1       -1  0 3.68633e+11 3.62300e+11 148.292000 13.553000 118.040000  1 0.5100 128.680000 38.76126 36.77068 35.45195 99.810 367.180 -214.560 1.641e+11 2.170e+11 4.207e+11 0.05859 347613 347613 681915 7474 84 347608 347658 13.5529 362250000000 400390000000 333650000000 276460000000 19066000000 18.4726 0 0.06566 0.72958 0.45161 21.0845 18.7741 -10.6761 0.9072 0.47624 -13.2669 -2.27059 17.8634 0.6098 478700000000 181100000000
 0.9500   640276 0.9600   648616      1       -1       -1       -1  0 3.68633e+11 3.62300e+11 148.903000 14.368000 117.940000  1 0.5100 127.490000 38.75384 36.73235 35.47115 98.480 365.450 -206.330 1.641e+11 2.105e+11 4.141e+11 0.05669 347614 347614 681915 7498 83 347608 347658 14.368 362250000000 381320000000 352720000000 266920000000 0 22.108 0 0.06477 0.69697 0.41426 -23.4113 -17.2177 21.9796 0.3424 0.05381 -9.32646 -8.18475 23.118 0.6182 459000000000 190700000000
 0.9400   631958 0.9500   640276      1       -1       -1       -1  0 3.68633e+11 3.62300e+11 149.513000 12.439000 117.390000  1 0.5100 132.410000 38.74296 36.68370 35.49057 97.200 363.490 -198.350 1.635e+11 2.044e+11 4.072e+11 0.05857 347615 347615 681915 7506 82 347608 347658 12.4387 362250000000 371790000000 352720000000 257390000000 38132000000 17.4656 0 0.06386 0.52735 0.40142 25.0046 10.758 -19.9719 0 0 -23.7656 -0.12589 28.6942 0.5931 479500000000 162100000000
 0.9300   623621 0.9400   631958      1       -1       -1       -1  0 3.68633e+11 3.62300e+11 150.122000 12.673000 116.100000  1 0.5100 132.390000 38.73182 36.63662 35.51546 95.950 361.320 -190.660 1.626e+11 1.987e+11 4.001e+11 0.05962 347616 347616 681915 7546 81 347608 347658 12.6734 362250000000 371790000000 333650000000 257390000000 57198000000 14.7512 0 0.06291 0.57708 0.44892 20.2243 6.73419 -11.9703 0.24456 0.12466 17.7553 9.4246 -1.85883 0.5715 468700000000 171600000000
 0.9200   615275 0.9300   623621      1       -1       -1       -1  0 3.68633e+11 3.62300e+11 150.730000 12.247000 114.350000  1 0.5100 134.070000 38.71394 36.57713 35.54549 97.700 358.140 -183.100 6.644e+10 1.412e+11 4.345e+11 0.05992 347617 347617 681915 7591 80 347608 347658 12.2472 362250000000 400390000000 305060000000 276460000000 47665000000 10.0371 0 0.0613 0.63285 0.53283 -10.845 8.93815 21.2203 0.39882 0.22523 -7.76511 11.2029 26.7045 0.549 487800000000 143000000000
 0.9100   606899 0.9200   615275      1       -1       -1       -1  0 3.68633e+11 3.62300e+11 151.336000 15.641000 111.940000  1 0.5100 127.250000 38.69394 36.52109 35.58274 95.900 353.170 -180.080 1.003e+11 1.348e+11 4.244e+11 0.05470 347618 347618 681915 7601 79 347608 347658 15.6408 362250000000 400390000000 305060000000 266920000000 38132000000 24.9232 4.74 0.06083 0.93131 0.58516 -8.47581 10.1989 14.2626 0.49337 0.38044 -7.36313 5.32805 11.6844 0.5801 451300000000 190700000000
 0.9000   598523 0.9100   606899      1       -1       -1       -1  0 3.68633e+11 3.33700e+11 147.833000 11.334000 107.550000  1 0.5100 133.240000 38.69348 36.50102 35.58221 89.090 349.950 -171.830 2.056e+11 4.805e+10 3.052e+11 0.05785 347619 347619 681915 7570 78 347608 347658 11.3341 333650000000 371790000000 305060000000 257390000000 28599000000 7.37117 0 0.05692 0.91353 0.49906 -5.85083 15.3239 10.9246 0.42077 0.10274 -0.09716 13.0366 -5.96648 0.5071 471200000000 104900000000
 0.8900   590109 0.9000   598523      1       -1       -1       -1  0 3.68633e+11 3.62300e+11 152.544000 23.907000 105.570000  1 0.5100 118.140000 38.65827 36.42236 35.61582 96.090 345.790 -163.550 4.637e+10 1.709e+10 4.062e+11 0.04849 347620 347620 681915 7645 77 347608 347658 23.9072 362250000000 400390000000 295520000000 171590000000 28599000000 25.4456 0 0.05491 0.48487 0.26326 20.0199 32.4581 -3.44462 0.16576 0.04266 22.0149 14.0844 7.85222 0.5565 360300000000 257400000000
 0.8800   581728 0.8900   590109      1       -1       -1       -1  0 3.68633e+11 3.33700e+11 149.004000 14.472000 101.960000  1 0.5100 126.900000 38.66656 36.41314 35.62968 87.230 345.200 -158.740 1.998e+11 4.064e+10 2.982e+11 0.05511 347621 347621 681915 7621 76 347608 347658 14.4721 333650000000 333650000000 305060000000 276460000000 9533000000 3.52902 0 0.05581 0.39706 0.21002 11.0205 34.7956 -6.83441 0 0 11.4517 23.3307 -4.79126 0.4942 437900000000 152500000000
 0.8700   573252 0.8800   581728      1       -1       -1       -1  0 3.68633e+11 3.33700e+11 149.588000 17.310000 99.090000  1 0.5100 122.640000 38.65224 36.35368 35.65660 85.240 338.700 -152.650 1.467e+11 -4.656e+10 3.244e+11 0.05577 347622 347622 681915 6710 75 347608 347658 17.3101 333650000000 343190000000 314590000000 238320000000 57198000000 8.67712 0 0.05568 0.80539 0.46052 10.2213 17.5941 0.58957 0.52667 0.09509 13.6866 4.74255 0.15868 0.4702 395000000000 171600000000
 0.8600   564784 0.8700   573252      1       -1       -1       -1  0 3.68633e+11 3.33700e+11 150.169000 18.535000 95.900000  1 0.5100 121.510000 38.63549 36.30406 35.68023 83.400 333.850 -147.700 1.497e+11 -5.316e+10 3.237e+11 0.05554 347623 347623 681915 7724 74 347608 347658 18.535 333650000000 343190000000 314590000000 238320000000 47665000000 13.7608 2.37 0.05613 0.92591 0.39219 8.88146 26.8313 13.2365 0.40399 0.14065 -4.10805 10.6416 20.6521 0.4598 377500000000 181100000000
 0.8500   556346 0.8600   564784      1       -1       -1       -1  0 3.68633e+11 3.14600e+11 147.820000 18.898000 92.040000  1 0.5100 118.800000 38.61594 36.24684 35.70428 91.000 333.260 -142.900 2.501e+10 4.857e+10 1.963e+11 0.03467 347624 347624 681915 7705 73 347608 347658 18.8976 314590000000 352720000000 276460000000 219260000000 38132000000 19.1491 4.74 0.03512 0.83035 0.29535 17.601 29.0904 -2.0033 0.82819 0.21991 5.81458 25.1044 11.4227 0.4491 344000000000 181100000000
 0.8400   547848 0.8500   556346      1       -1       -1       -1  0 3.68633e+11 3.24100e+11 149.869000 18.488000 92.590000  1 0.5100 121.320000 38.62423 36.20153 35.70132 89.150 332.180 -136.470 1.632e+11 -8.682e+10 3.419e+11 0.06358 347625 347625 681915 7746 72 347608 347658 18.4883 324120000000 333650000000 257390000000 171590000000 38132000000 13.2415 8.12 0.06401 0.58713 0.30464 19.5046 24.8772 -11.7284 0.93417 0.20772 -1.96794 -7.90865 19.6337 0.4447 326800000000 171600000000
 0.8300   539326 0.8400   547848      1       -1       -1       -1  0 3.68633e+11 3.05100e+11 147.428000 19.338000 88.390000  1 0.5100 117.950000 38.59665 36.15409 35.74183 87.630 326.420 -131.690 2.894e+10 3.949e+10 1.684e+11 0.03296 347626 347626 681915 7748 71 347608 347658 19.3375 305060000000 352720000000 276460000000 200190000000 38132000000 3.45541 0 0.03209 0.92076 0.31629 -12.606 -2.56686 16.23 0.71176 0.08579 -9.50962 1.34517 15.5464 0.409 321300000000 200200000000
 0.8200   530737 0.8300   539326      1       -1       -1       -1  0 3.68633e+11 2.95500e+11 146.426000 18.045000 89.960000  1 0.5100 118.640000 38.58315 36.09476 35.75855 89.960 324.460 -125.480 1.269e+11 -9.847e+09 1.484e+11 0.03919 347627 347627 681915 6772 70 347608 347658 18.0448 295520000000 352720000000 247860000000 190660000000 47665000000 6.57361 0 0.03786 0.70077 0.34695 -11.8356 -6.97976 15.0868 0.35237 0.22019 -12.9795 -9.23659 22.5908 0.4145 312300000000 181100000000
 0.8100   522095 0.8200   530737      1       -1       -1       -1  0 3.68633e+11 3.24100e+11 151.568000 27.508000 84.810000  1 0.5100 114.770000 38.55140 36.02834 35.78064 92.300 318.860 -118.330 1.574e+09 2.761e+09 1.885e+10 0.00310 347628 347628 681915 7863 69 347608 347658 27.5084 324120000000 362250000000 247860000000 181130000000 19066000000 12.7906 2.36 0.00319 0.43389 0.23526 23.2039 14.9206 -20.3102 0.18144 0.0626 22.5202 19.7941 -12.9728 0.3976 311500000000 238300000000
 0.8000   513410 0.8100   522095      1       -1       -1       -1  0 3.68633e+11 3.05100e+11 149.085000 26.317000 79.560000  1 0.5100 113.450000 38.55186 35.99150 35.79897 91.500 316.400 -115.870 7.753e+10 -7.617e+10 1.945e+10 0.02140 347629 347629 681915 6848 68 347608 347658 26.3174 305060000000 343190000000 257390000000 181130000000 0 7.48458 2.42 0.02046 0.52963 0.26969 -16.7664 -4.56123 30.9443 0.48468 0.02429 -4.02895 6.97486 30.3173 0.3436 300400000000 219300000000
 0.7900   504767 0.8000   513410      1       -1       -1       -1  0 3.68633e+11 3.24100e+11 152.687000 35.471000 77.620000  1 0.5100 112.030000 38.53067 35.92779 35.81896 89.430 308.660 -105.620 -3.132e+10 9.070e+09 2.702e+10 0.00735 347630 347630 681915 7860 67 347608 347658 35.471 324120000000 352720000000 257390000000 142990000000 0 9.71885 0 0.00712 0.52477 0.26879 -18.6703 -7.11795 33.5455 0.53658 0.40098 24.6046 21.6191 -22.5733 0.3248 305100000000 305100000000
 0.7800   496126 0.7900   504767      1       -1       -1       -1  0 3.68633e+11 3.24100e+11 153.241000 37.811000 74.780000  1 0.5100 111.790000 38.52032 35.87545 35.83807 89.600 306.840 -103.120 5.350e+09 -4.113e+10 -4.495e+10 0.01088 347631 347631 681915 6824 66 347608 347658 37.8113 324120000000 343190000000 257390000000 133460000000 0 7.2133 2.22 0.01034 0.57472 0.24403 -17.7902 -13.4382 26.3307 0.2569 0.00338 27.1215 16.9621 0.48696 0.299 312100000000 305100000000
 0.7700   487451 0.7800   496126      1       -1       -1       -1  0 3.68633e+11 3.14600e+11 152.270000 36.740000 77.270000  1 0.5100 111.470000 38.50299 35.82901 35.86867 86.830 300.930 -99.210 5.013e+09 -3.390e+10 -2.779e+10 0.00810 347632 347632 681915 7928 65 347608 347658 36.7395 314590000000 362250000000 257390000000 133460000000 0 18.5607 0 0.00787 0.60264 0.20509 -18.3628 -8.28899 30.0268 0.57588 0.16178 -15.0477 -5.12598 29.3423 0.3237 304900000000 314600000000
 0.7600   478754 0.7700   487451      1       -1       -1       -1  0 3.68633e+11 3.52700e+11 158.753000 48.288000 78.510000  1 0.5100 113.900000 38.47865 35.75338 35.87967 83.800 293.280 -94.130 -1.098e+11 -2.075e+10 8.689e+10 0.02174 347633 347633 681915 7922 64 347608 347658 48.2879 352720000000 371790000000 285990000000 133460000000 47665000000 9.15177 0 0.02097 0.42726 0.26605 -15.3207 -10.0898 22.2958 0.03752 0 -22.3182 -5.78399 22.666 0.3076 334400000000 371800000000
 0.7500   470033 0.7600   478754      1       -1       -1       -1  0 3.68633e+11 3.62300e+11 160.736000 45.766000 78.010000  1 0.5100 116.080000 38.46329 35.69201 35.89764 78.980 289.420 -88.300 -1.342e+11 6.128e+10 1.253e+11 0.02902 347634 347634 681915 7984 63 347608 347658 45.7662 362250000000 371790000000 257390000000 123930000000 47665000000 6.94609 0 0.02756 0.81808 0.32456 -16.1515 -7.32038 20.4899 0.56027 0.24093 -12.892 -0.32651 18.2923 0.2888 337900000000 371800000000
 0.7400   461224 0.7500   470033      1       -1       -1       -1  0 3.68633e+11 2.95500e+11 150.714000 23.918000 82.680000  1 0.5100 117.480000 38.47084 35.64531 35.89882 75.920 284.790 -89.550 -6.324e+09 -9.255e+09 2.805e+10 0.00657 347635 347635 681915 7979 62 347608 347658 23.9181 295520000000 343190000000 257390000000 190660000000 57198000000 14.0036 0 0.00607 0.27763 0.20294 -14.4637 -3.63007 26.3361 0.42491 0.06518 -14.0592 0.99278 22.6098 0.3286 303100000000 209700000000
 0.7300   452402 0.7400   461224      1       -1       -1       -1  0 3.68633e+11 3.33700e+11 157.478000 29.884000 81.460000  1 0.5100 119.550000 38.44834 35.59148 35.93126 73.950 280.840 -82.310 -8.477e+10 5.832e+10 9.569e+09 0.01847 347636 347636 681915 6990 61 347608 347658 29.8844 333650000000 352720000000 266920000000 190660000000 66731000000 19.5166 0 0.01705 0.54277 0.41558 -19.2725 -13.6312 21.5094 0.38781 0.08865 -17.2481 -10.2108 27.2251 0.3012 307500000000 266900000000
 0.7200   443564 0.7300   452402      1       -1       -1       -1  0 3.68633e+11 3.33700e+11 158.017000 24.067000 82.630000  1 0.5100 124.470000 38.43244 35.52671 35.94727 73.210 276.440 -78.500 -8.670e+10 6.108e+10 1.224e+10 0.01912 347637 347637 681915 8117 60 347608 347658 24.067 333650000000 362250000000 295520000000 219260000000 57198000000 17.2604 0 0.01771 0.37164 0.24729 -22.3948 -4.95147 23.0482 0.20931 0.09319 24.3992 6.65313 -4.38267 0.3079 319900000000 228800000000
 0.7100   434659 0.7200   443564      1       -1       -1       -1  0 3.68633e+11 3.62300e+11 162.957000 28.107000 82.940000  1 0.5100 125.980000 38.38295 35.44764 35.96044 71.160 271.250 -74.130 -1.035e+11 1.000e+11 1.319e+10 0.02212 347638 347638 681915 7104 59 347608 347658 28.1065 362250000000 371790000000 343190000000 171590000000 19066000000 11.057 0 0.02102 0.66198 0.138 38.5378 17.01 -26.2975 0.1285 0.07718 -0.9063 19.1077 37.7668 0.3082 368200000000 276500000000
 0.7000   425690 0.7100   434659      1       -1       -1       -1  0 3.68633e+11 3.71800e+11 164.923000 23.807000 83.830000  1 0.5100 131.680000 38.36619 35.38656 35.97713 70.400 264.360 -70.450 -6.749e+10 1.223e+11 7.852e+10 0.02366 347639 347639 681915 8179 58 347608 347658 23.8072 371790000000 371790000000 352720000000 266920000000 0 8.46951 0 0.02243 0.78804 0.21521 41.5092 9.24927 -25.6934 0.69521 0.32677 33.0108 6.18904 -23.015 0.3064 382200000000 266900000000
 0.6900   416695 0.7000   425690      1       -1       -1       -1  0 3.68633e+11 3.71800e+11 165.468000 24.667000 83.620000  1 0.5100 131.660000 38.34929 35.32476 35.99361 68.940 259.520 -67.260 -6.665e+10 1.203e+11 7.762e+10 0.02365 347640 347640 681915 8201 57 347608 347658 24.6673 371790000000 371790000000 362250000000 209730000000 0 8.56012 0 0.02223 0.68707 0.31457 45.03 14.3256 -18.0318 0.75799 0.08638 -21.1858 9.48965 21.5847 0.3008 398300000000 247900000000
 0.6800   407685 0.6900   416695      1       -1       -1       -1  0 3.65467e+11 3.62300e+11 164.576000 23.725000 82.400000  1 0.5100 132.050000 38.34182 35.25513 36.02445 65.470 255.340 -63.420 -3.940e+10 1.483e+11 1.206e+11 0.03136 347641 347641 681915 8203 56 347608 347658 23.7248 362250000000 371790000000 352720000000 190660000000 0 12.6379 0 0.02885 0.50959 0.33838 39.5635 10.3461 -33.6276 0.36932 0.04906 -21.8643 18.3674 30.5585 0.2873 391200000000 228800000000
 0.6700   398691 0.6800   407685      1       -1       -1       -1  0 3.62267e+11 3.62300e+11 165.106000 26.543000 82.070000  1 0.5100 130.320000 38.32634 35.19348 36.03645 64.290 250.260 -60.410 -3.901e+10 1.459e+11 1.178e+11 0.03178 347642 347642 681915 8201 55 347608 347658 26.543 362250000000 371790000000 352720000000 190660000000 0 8.78159 0 0.02847 0.4999 0.39462 38.3543 6.63528 -25.6914 0.50945 0.07955 23.8775 -13.3881 -18.26 0.2739 364300000000 247900000000
 0.6600   389780 0.6700   398691      1       -1       -1       -1  0 3.62267e+11 3.52700e+11 164.165000 21.667000 85.830000  1 0.5100 134.620000 38.30813 35.12606 36.04911 62.350 246.340 -56.200 -7.817e+10 1.500e+11 8.648e+10 0.03374 347643 347643 681915 8248 54 347608 347658 21.6675 352720000000 381320000000 343190000000 209730000000 0 11.9182 0 0.0297 0.46394 0.30905 38.0886 2.87522 -17.7979 0.333 0.08893 34.4153 -1.1474 -4.78411 0.2863 345100000000 200200000000
 0.6500   380759 0.6600   389780      1       -1       -1       -1  0 3.55900e+11 3.71800e+11 167.594000 23.386000 85.140000  1 0.5100 136.400000 38.27893 35.07220 36.07397 63.170 238.710 -55.080 -8.082e+10 1.251e+11 -3.209e+10 0.02523 347644 347644 681915 7150 53 347608 347658 23.3862 371790000000 381320000000 314590000000 228790000000 114400000000 11.7829 0 0.02195 0.31644 0.24593 25.4761 4.36382 -14.6281 0.38585 0.03871 14.9372 2.71234 -5.78479 0.2703 329900000000 228800000000
 0.6400   371693 0.6500   380759      1       -1       -1       -1  0 3.52733e+11 3.43200e+11 163.686000 17.847000 88.500000  1 0.5100 140.380000 38.26083 34.99095 36.08417 60.110 236.360 -51.230 -4.542e+10 1.406e+11 -1.001e+10 0.02876 347645 347645 681915 7144 52 347608 347658 17.8465 343190000000 352720000000 324120000000 228790000000 114400000000 15.3005 0 0.02454 0.75089 0.43406 20.3469 -13.3978 -13.4138 0.57624 0.36701 -10.8128 21.3116 3.23825 0.2853 323300000000 171600000000
 0.6300   362597 0.6400   371693      1       -1       -1       -1  0 3.33667e+11 3.43200e+11 164.184000 21.092000 86.930000  1 0.5100 136.620000 38.24520 34.93645 36.09076 58.780 231.170 -48.610 -4.501e+10 1.389e+11 -1.171e+10 0.02824 347646 347646 681915 8269 51 347608 347658 21.0924 343190000000 343190000000 333650000000 209730000000 76264000000 5.84838 0 0.02443 0.53678 0.40819 22.2654 4.80134 -11.9593 0.85044 0.64179 15.3255 -0.14254 -4.5445 0.2841 326900000000 200200000000
 0.6200   353491 0.6300   362597      1       -1       -1       -1  0 3.30500e+11 3.14600e+11 159.969000 14.360000 86.070000  1 0.5100 144.270000 38.19510 34.86065 36.12503 59.050 225.330 -50.730 -4.800e+10 4.502e+10 1.292e+11 0.03236 347647 347647 681915 8274 50 347608 347658 14.3597 314590000000 371790000000 228790000000 200190000000 123930000000 23.7326 0 0.02814 0.63708 0.42645 27.6529 12.9105 -13.5842 0.50121 0.33568 21.7371 3.29649 -19.8174 0.2912 334600000000 162100000000
 0.6100   344355 0.6200   353491      1       -1       -1       -1  0 3.01900e+11 3.33700e+11 163.619000 27.171000 78.900000  1 0.5100 130.970000 38.21034 34.79219 36.12726 57.890 219.260 -43.770 4.019e+10 1.317e+11 4.218e+10 0.02820 347648 347648 681915 8274 49 347608 347658 27.1705 333650000000 362250000000 285990000000 190660000000 57198000000 9.78835 0 0.02549 0.59756 0.31017 34.7672 6.08024 -7.72786 0.48994 0.23741 26.4764 0.90748 -0.80314 0.2663 310500000000 238300000000
 0.6000   335230 0.6100   344355      1       -1       -1       -1  0 2.79667e+11 2.57400e+11 150.496000 20.665000 76.560000  1 0.5100 125.030000 38.14305 34.71458 36.16145 64.950 211.480 -43.250 -5.995e+10 6.395e+10 1.299e+11 0.04620 347649 347649 681915 8318 48 347608 347658 20.6655 257390000000 295520000000 219260000000 162060000000 28599000000 28.5417 5.28 0.04305 0.37115 0.03248 23.2715 2.31202 -11.8545 0.29336 0.02774 22.7668 1.93169 -10.8934 0.2972 259500000000 162100000000
 0.5900   326063 0.6000   335230      1       -1       -1       -1  0 2.38333e+11 2.47900e+11 149.039000 25.919000 69.520000  1 0.5100 119.380000 38.12030 34.64013 36.17575 71.890 207.180 -46.700 -2.649e+10 5.118e+10 -2.732e+10 0.02020 347650 347650 681915 8347 47 347608 347658 25.9185 247860000000 257390000000 209730000000 162060000000 19066000000 22.9704 4.57 0.01879 0.72573 0.36241 31.7544 -0.29851 -12.1001 0.29015 0.10345 -4.43523 -3.51496 33.9778 0.2586 248800000000 171600000000
 0.5800   316832 0.5900   326063      1       -1       -1       -1  0 2.28800e+11 2.09700e+11 141.363000 16.408000 63.960000  1 0.5100 122.430000 38.08087 34.57357 36.19273 72.790 207.730 -42.540 -2.786e+10 2.113e+10 3.981e+10 0.02369 347651 347651 681915 6193 46 347608 347658 16.4077 209730000000 228790000000 190660000000 152530000000 38132000000 16.4426 0 0.02077 0.48959 0.2122 31.5415 -8.427 15.2636 0.34749 0.2032 28.9421 -11.9093 14.6591 0.217 219900000000 123900000000
 0.5700   307609 0.5800   316832      1       -1       -1       -1  0 2.28800e+11 2.19300e+11 143.868000 21.542000 64.060000  1 0.5100 119.200000 38.05473 34.50433 36.20607 74.400 203.480 -47.350 -1.489e+10 2.161e+10 4.603e+09 0.01143 347652 347652 681915 6189 45 347608 347658 21.5421 219260000000 219260000000 190660000000 142990000000 57198000000 9.79983 3.49 0.00977 0.62206 0.44907 23.8851 -13.0284 13.6611 0.51464 0.10127 14.5887 -13.5397 23.4833 0.1982 204600000000 152500000000
 0.5600   298367 0.5700   307609      1       -1       -1       -1  0 2.28800e+11 2.00200e+11 139.948000 16.613000 65.890000  1 0.5100 121.780000 38.04008 34.43227 36.22484 72.010 195.360 -43.940 -5.185e+09 4.945e+09 2.133e+10 0.01183 347653 347653 681915 6188 44 347608 347658 16.6125 200190000000 200190000000 200190000000 171590000000 57198000000 1.75044 0 0.00968 0.53239 0.44741 -19.3762 20.1276 -5.76792 0.48094 0.30313 17.9785 -17.5163 9.64784 0.1993 219500000000 114400000000
 0.5500   289120 0.5600   298367      1       -1       -1       -1  0 2.28800e+11 2.00200e+11 140.320000 13.346000 68.320000  1 0.5100 128.740000 38.00677 34.35297 36.23244 73.390 188.520 -40.170 6.549e+08 1.184e+10 -4.341e+10 0.02402 347654 347654 681915 6181 43 347608 347658 13.3455 200190000000 200190000000 190660000000 171590000000 47665000000 8.76378 3.7 0.0195 0.60583 0.37304 25.9117 -3.25803 17.5935 0.20693 0.03661 12.0036 -2.27024 20.3509 0.2058 228500000000 85800000000
 0.5400   279897 0.5500   289120      1       -1       -1       -1  0 2.28800e+11 2.00200e+11 140.684000 10.255000 70.140000  1 0.5100 138.320000 37.97791 34.28691 36.25144 71.680 185.960 -37.210 2.312e+09 1.098e+10 -4.426e+10 0.02571 347655 347655 681915 6163 42 347608 347658 10.2555 200190000000 200190000000 190660000000 162060000000 85797000000 2.94405 4.3 0.01994 0.70457 0.35851 29.8059 -2.45362 14.6365 0.47368 0.43303 26.1933 -10.2067 10.0754 0.2005 245000000000 76260000000
 0.5300   270662 0.5400   279897      1       -1       -1       -1  0 2.28800e+11 2.28800e+11 147.461000 21.317000 72.040000  1 0.5100 125.520000 38.00249 34.22780 36.28984 63.870 181.330 -38.320 1.801e+09 -1.330e+10 9.974e+09 0.00610 347656 347656 681915 6143 41 347608 347658 21.3167 228790000000 228790000000 181130000000 152530000000 0 33.8707 0 0.00589 0.40455 0.25067 49.5207 14.1835 13.6385 0.17554 0.0957 42.4742 17.5088 28.5289 0.2744 212200000000 152500000000
 0.5200   261434 0.5300   270662      1       -1       -1       -1  0 2.28800e+11 2.00200e+11 141.393000 11.901000 68.410000  1 0.5100 135.710000 37.92830 34.12901 36.26847 60.250 172.430 -34.550 2.187e+09 3.721e+10 -6.211e+10 0.03924 347657 347657 681915 4995 40 347608 347658 11.9013 200190000000 200190000000 200190000000 181130000000 47665000000 16.6185 0 0.03216 0.83656 0.5855 15.0066 4.6258 24.5073 0.55282 0.33391 -3.14673 0.4647 27.0095 0.2078 253100000000 76260000000
 0.5100   252159 0.5200   261434      0       -1       -1       -1  0 2.28800e+11 2.28800e+11 148.188000 26.029000 60.300000  1 0.5100 123.520000 37.92448 34.06836 36.30952 58.780 167.170 -31.690 1.846e+10 5.679e+10 -5.882e+10 0.03407 347658 347658 681915 5173 39 347608 347658 26.0292 228790000000 228790000000 219260000000 123930000000 0 25.2594 0 0.03004 0.1623 0.05892 57.6427 -15.3845 3.74235 0.65759 0.51561 32.3784 -9.74307 -1.43384 0.1775 212900000000 171600000000
