 1.0000   677718 0.0000       -1      1   677717   677717       -1  0 9.43800e+11 9.43800e+11 200.674000 15.618000 195.690000  1 0.4100 181.790000 5.67293 42.63239 60.09761 16.820 -253.170 -164.410 2.098e+12 -8.131e+11 -1.034e+12 0.04863 223326 223326 677718 3233 88 223325 223449 15.618 2326100000000 2326100000000 1534800000000 972370000000 362250000000 19.589 7.56 0.065 0.76594 0.39104 4.58726 -0.12055 25.1352 0.84056 0.35531 11.2059 5.01809 14.7623 0.768 1133000000000 362300000000
 0.9900   669572 1.0000   677718      1   669571   669571   677717  0 9.59667e+11 9.91400e+11 204.856000 21.487000 195.940000  1 0.4100 171.130000 5.68215 42.66178 60.12910 12.810 -267.790 -138.320 2.530e+12 -6.555e+11 -9.091e+11 0.04801 223327 223327 677718 3196 87 223325 223449 22.5523 2364200000000 2364200000000 1572900000000 991430000000 352720000000 26.2685 4.29 0.06711 0.66154 0.40074 4.47132 1.82881 24.6004 0.72054 0.36636 8.81894 1.45678 17.0152 0.7782 1249000000000 562400000000
 0.9800   661188 0.9900   669572      1   661187   661187   669571  0 9.37400e+11 9.43800e+11 202.363000 19.634000 186.840000  1 0.4100 173.580000 5.68501 42.68650 60.12818 19.940 -289.510 -105.640 1.622e+12 -4.708e+11 -3.241e+11 0.03621 223328 223328 677718 3242 86 223325 223449 19.6344 2602500000000 2602500000000 1592000000000 1010500000000 533850000000 12.4987 5.37 0.0454 0.43922 0.34598 10.3549 7.93921 32.4291 0.3597 0.27469 11.3368 7.1412 23.5715 0.7259 1178000000000 514800000000
 0.9700   652849 0.9800   661188      1   652848   652848   661187  0 9.37400e+11 8.77000e+11 198.300000 20.058000 175.850000  1 0.4100 168.340000 5.68878 42.71954 60.13424 17.570 -313.420 -63.900 1.045e+12 4.176e+10 -2.226e+11 0.02843 223329 223329 677718 3250 85 223325 223449 20.0579 2612000000000 2612000000000 1620600000000 1020000000000 419450000000 10.6657 4.58 0.03201 0.55695 0.44809 9.18823 5.67508 23.1044 0.39237 0.23645 10.6878 10.4956 17.066 0.6644 1139000000000 505200000000
 0.9600   644528 0.9700   652849      1   644527   644527   652848  0 9.34200e+11 9.91400e+11 207.428000 27.136000 192.220000  1 0.4100 173.300000 5.69916 42.75815 60.15842 0.370 -310.970 -56.000 2.260e+12 -1.202e+12 -3.259e+11 0.04953 223330 223330 677718 3233 84 223325 223449 22.4707 2936200000000 2936200000000 1601500000000 981900000000 276460000000 25.0444 8.27 0.06317 0.68517 0.46324 9.06278 7.10566 23.5599 0.66889 0.47503 11.4714 8.72945 14.2212 0.7381 1222000000000 676800000000
 0.9500   636221 0.9600   644528      1   636220   636220   644527  0 9.46933e+11 9.34200e+11 204.198000 23.064000 175.300000  1 0.4100 168.940000 5.68830 42.78847 60.15034 4.020 -327.340 -13.990 1.163e+12 1.107e+11 -3.073e+11 0.02814 223331 223331 677718 3244 83 223325 223449 23.0638 2974300000000 2974300000000 1839900000000 924700000000 324120000000 22.4722 6.34 0.03275 0.68421 0.33304 10.1224 0.46093 17.8964 0.70656 0.27589 14.8937 2.93581 6.5923 0.6667 1035000000000 524300000000
 0.9400   627928 0.9500   636221      1   627927   627927   636220  0 9.27867e+11 9.15200e+11 203.630000 23.058000 164.980000  1 0.4100 168.240000 5.69236 42.82635 60.14511 -16.530 -341.860 21.000 4.951e+11 6.986e+11 -4.150e+11 0.02474 223332 223332 677718 3256 82 223325 223449 23.0579 3336500000000 3336500000000 2354600000000 924700000000 266920000000 17.9864 2.14 0.02678 0.67693 0.37105 8.70905 3.17355 15.8905 0.47321 0.2786 14.2339 4.0458 7.36553 0.6076 1002000000000 495700000000
 0.9300   619621 0.9400   627928      1   619620   619620   627927  0 1.05180e+12 9.34200e+11 205.870000 28.671000 161.570000  1 0.4100 163.160000 5.69043 42.86970 60.13736 -30.160 -340.930 63.070 3.945e+11 7.156e+11 -3.304e+11 0.02191 223333 223333 677718 2325 81 223325 223449 28.6706 4089700000000 4089700000000 4089700000000 1201200000000 257390000000 15.7769 2.91 0.02405 0.67976 0.49905 8.20932 5.07392 22.695 0.68544 0.3017 11.9039 1.72349 14.2067 0.6004 1034000000000 638700000000
 0.9200   611282 0.9300   619621      1   611281   611281   619620  0 1.20740e+12 1.30600e+12 231.124000 57.193000 180.130000  1 0.4100 175.770000 5.69615 42.91070 60.13754 -58.720 -330.370 47.030 4.321e+12 1.244e+12 -1.753e+11 0.05746 223334 223334 677718 3273 80 223325 223449 40.8528 5023900000000 5023900000000 4671200000000 1191600000000 333650000000 26.7819 7.63 0.0705 0.62254 0.59413 1.48645 6.23364 30.9708 0.6082 0.35623 11.905 5.47027 21.279 0.6524 1306000000000 1287000000000
 0.9100   602926 0.9200   611282      1   602925   602925   611281  0 1.33767e+12 1.38200e+12 236.486000 76.943000 177.700000  1 0.4100 181.330000 5.69414 42.94814 60.11334 -82.170 -319.480 62.060 5.195e+12 2.913e+12 -4.278e+11 0.07406 223335 223335 677718 3283 79 223325 223449 39.5616 5205000000000 5205000000000 4833200000000 1124900000000 238320000000 20.9996 13.55 0.0854 0.66847 0.64735 5.11398 5.78492 27.4954 0.71414 0.35533 10.1844 7.63655 16.7809 0.6094 1382000000000 1573000000000
 0.9000   594564 0.9100   602926      1   594563   594563   602925  0 1.37267e+12 1.32500e+12 234.110000 38.978000 171.460000  1 0.4100 181.690000 5.72224 42.98693 60.12226 -114.310 -312.260 80.670 4.718e+12 2.093e+12 2.474e+11 0.07243 223336 223336 677718 3288 78 223325 223449 36.3296 5023900000000 5023900000000 4976200000000 972370000000 314590000000 17.495 11.2 0.07957 0.61521 0.45776 9.2708 -0.08052 36.0958 0.417 0.38163 9.22939 0.53186 28.3224 0.5732 1323000000000 934200000000
 0.8900   586163 0.9000   594564      1   586162   586162   594563  0 1.36967e+12 1.41100e+12 240.006000 39.161000 176.610000  1 0.4100 188.900000 5.74363 43.02955 60.10500 -142.610 -303.300 82.150 5.276e+12 2.673e+12 -3.982e+11 0.07544 223337 223337 677718 3317 77 223325 223449 34.3277 5271700000000 5271700000000 4966700000000 1001000000000 390850000000 17.4685 14.4 0.08252 0.69024 0.49421 6.54323 0.73096 26.2462 0.59961 0.35877 6.42709 5.69521 19.1087 0.5735 1374000000000 972400000000
 0.8800   577788 0.8900   586163      1   577787   577787   586162  0 1.35067e+12 1.37300e+12 238.761000 36.815000 171.580000  1 0.4100 182.460000 5.74341 43.06146 60.06739 -168.350 -271.450 114.610 4.368e+12 2.894e+12 -1.701e+12 0.07376 223338 223338 677718 4315 76 223325 223449 40.5036 4709300000000 4709300000000 4185000000000 896100000000 381320000000 19.3702 19.02 0.08056 0.65613 0.40112 8.40102 6.3445 30.2939 0.44663 0.35868 3.19969 14.0566 23.2889 0.559 1334000000000 848400000000
 0.8700   569331 0.8800   577788      1   569330   569330   577787  0 1.32533e+12 1.26800e+12 233.430000 72.518000 167.650000  1 0.4100 186.970000 5.76903 43.10628 60.05772 -191.200 -248.870 116.070 3.994e+12 1.791e+12 -1.869e+12 0.07937 223339 223339 677718 7378 75 223325 223449 30.3502 4127800000000 4127800000000 3384200000000 819840000000 324120000000 16.2348 10.15 0.07977 0.56128 0.5088 7.37891 1.64113 24.5899 0.70043 0.52112 3.61824 6.88217 15.6821 0.5139 1280000000000 1420000000000
 0.8600   560877 0.8700   569331      1   560876   560876   569330  0 1.31267e+12 1.33500e+12 238.378000 63.545000 169.250000  1 0.4100 184.440000 5.79768 43.13853 60.04697 -211.060 -225.810 110.450 3.533e+12 2.125e+12 -1.603e+12 0.06704 223340 223340 677718 3360 74 223325 223449 37.4794 3899000000000 3899000000000 2268900000000 867500000000 362250000000 21.3654 14 0.06832 0.59963 0.373 4.83703 -0.50288 30.6374 0.69637 0.28528 -5.4272 2.74327 20.1108 0.5154 1341000000000 1373000000000
 0.8500   552439 0.8600   560877      1   552438   552438   560876  0 1.34433e+12 1.33500e+12 239.297000 41.797000 166.440000  1 0.4100 184.770000 5.84674 43.17825 60.04016 -226.770 -205.780 107.780 2.201e+12 1.729e+12 -7.722e+11 0.04421 223341 223341 677718 3318 73 223325 223449 38.1008 3584400000000 3584400000000 1830300000000 886570000000 305060000000 17.4217 14.92 0.04501 0.52022 0.278 16.9324 4.02501 34.8768 0.48285 0.16534 19.4688 9.96181 10.7575 0.5053 1321000000000 1049000000000
 0.8400   543929 0.8500   552439      1   543928   543928   552438  0 1.33133e+12 1.36300e+12 241.916000 49.282000 154.350000  1 0.4100 179.070000 5.88218 43.20683 60.02361 -241.690 -183.470 105.650 2.186e+12 1.754e+12 -4.612e+11 0.04343 223342 223342 677718 3389 72 223325 223449 51.1555 2974300000000 2974300000000 1601500000000 867500000000 247860000000 13.6266 10.89 0.04268 0.40897 0.30112 11.9996 2.03365 34.4205 0.45115 0.33479 9.85476 1.66266 21.4817 0.4429 1292000000000 1163000000000
 0.8300   535418 0.8400   543929      1   535417   535417   543928  0 1.32500e+12 1.29600e+12 238.805000 88.848000 144.540000  1 0.4100 174.000000 5.92263 43.22888 60.00877 -258.020 -172.200 96.690 2.183e+12 1.744e+12 1.087e+10 0.04704 223343 223343 677718 1266 71 223325 223449 57.7415 2526200000000 2526200000000 1506200000000 857970000000 200190000000 14.7038 5.18 0.04584 0.30012 0.25375 5.45453 1.6906 30.4318 0.6646 0.40685 8.23877 -2.06396 17.6577 0.4113 1224000000000 1468000000000
 0.8200   526836 0.8300   535418      1       -1       -1   535417  0 1.70623e+12 1.31600e+12 240.874000 52.683000 146.870000  1 0.4100 178.240000 5.95821 43.25488 59.95898 -264.100 -150.230 78.440 1.463e+12 7.717e+11 2.287e+11 0.02776 223344 223344 677718 7493 70 223325 223449 51.3392 2001900000000 2211700000000 1477600000000 772170000000 123930000000 18.8968 10.15 0.02685 0.35134 0.27715 11.7219 7.90351 51.4602 0.55814 0.2495 10.6845 13.7657 25.6831 0.412 1275000000000 1220000000000
 0.8100   518194 0.8200   526836      1       -1       -1       -1  0 1.70623e+12 1.28700e+12 240.008000 110.042000 140.970000  1 0.4100 178.810000 6.00469 43.28095 59.96283 -261.470 -143.000 74.020 1.369e+12 1.141e+12 -1.528e+10 0.03146 223345 223345 677718 3384 69 223325 223449 48.7988 1916100000000 2011500000000 1563400000000 781710000000 200190000000 10.0693 5.79 0.02985 0.42892 0.24053 9.58169 10.8108 45.2532 0.6359 0.2452 10.3623 10.5138 19.0936 0.3827 1285000000000 1725000000000
 0.8000   509520 0.8100   518194      1       -1       -1       -1  0 1.70623e+12 1.36300e+12 245.563000 140.342000 147.760000  1 0.4100 184.930000 6.04465 43.29790 59.96138 -263.010 -125.440 62.130 7.710e+11 1.105e+12 -3.315e+11 0.02227 223346 223346 677718 7577 68 223325 223449 46.4615 1839900000000 2011500000000 1592000000000 857970000000 238320000000 7.15902 9.35 0.0212 0.42548 0.19935 2.83723 7.11741 50.1301 0.55564 0.21929 2.36151 3.38983 30.2166 0.398 1409000000000 1830000000000
 0.7900   500882 0.8000   509520      1       -1       -1       -1  0 1.70623e+12 1.39200e+12 248.176000 48.721000 151.680000  1 0.4100 189.270000 6.08942 43.31743 59.94706 -258.930 -115.720 53.390 7.784e+11 9.706e+11 -2.870e+11 0.02006 223347 223347 677718 3407 67 223325 223449 43.4156 1744500000000 1973300000000 1515700000000 915170000000 343190000000 12.2195 9.77 0.01893 0.37611 0.26088 1.06769 5.21279 46.334 0.58516 0.28715 -1.75847 -0.19356 29.5702 0.4022 1409000000000 1211000000000
 0.7800   492241 0.7900   500882      1       -1       -1       -1  0 1.70623e+12 1.37300e+12 247.935000 46.621000 151.920000  1 0.4100 191.330000 6.13786 43.33979 59.94151 -253.270 -110.020 53.580 6.827e+11 1.301e+12 -3.603e+11 0.02460 223348 223348 677718 7556 66 223325 223449 40.5461 1696900000000 1887500000000 1420400000000 943770000000 285990000000 7.22124 7.21 0.02305 0.35849 0.30395 -3.91711 7.31999 60.6747 0.25599 0.13261 -4.46631 -6.43504 42.9436 0.3992 1362000000000 1144000000000
 0.7700   483562 0.7800   492241      1       -1       -1       -1  0 1.70623e+12 1.43000e+12 252.236000 51.103000 162.060000  1 0.4100 193.520000 6.18285 43.36356 59.90976 -251.400 -99.140 49.600 1.094e+12 6.606e+11 -4.835e+11 0.02103 223349 223349 677718 3434 65 223325 223449 43.0264 1592000000000 1754100000000 1372800000000 915170000000 257390000000 20.341 9.58 0.01955 0.37545 0.3295 2.0161 9.56092 49.6053 0.34714 0.24845 3.99366 7.9484 36.1723 0.4143 1385000000000 1230000000000
 0.7600   474866 0.7700   483562      1       -1       -1       -1  0 1.70623e+12 1.41100e+12 252.005000 57.585000 165.730000  1 0.4100 195.880000 6.22473 43.37725 59.89151 -247.910 -94.140 51.720 6.978e+11 6.874e+11 -7.462e+11 0.01945 223350 223350 677718 3448 64 223325 223449 40.008 1544300000000 1639700000000 1372800000000 905630000000 285990000000 27.5612 11.59 0.0181 0.32843 0.2431 6.32176 6.85569 37.2815 0.16232 0.08616 6.13646 4.90602 30.4586 0.4285 1379000000000 1344000000000
 0.7500   466136 0.7600   474866      1       -1       -1       -1  0 1.70623e+12 1.43900e+12 254.592000 24.713000 170.680000  1 0.4100 212.680000 6.28038 43.39635 59.90151 -240.490 -85.800 42.280 6.483e+11 4.789e+11 -6.666e+11 0.01693 223351 223351 677718 3445 63 223325 223449 27.9289 1506200000000 1592000000000 1353700000000 886570000000 486180000000 13.2557 10.45 0.01494 0.47647 0.32611 -3.96543 8.53508 35.2691 0.46554 0.33867 -1.3297 7.5407 28.6067 0.4123 1417000000000 715000000000
 0.7400   457347 0.7500   466136      2       -1       -1       -1  0 1.70623e+12 1.43900e+12 255.481000 21.883000 170.880000  1 0.4100 227.710000 6.31943 43.40969 59.89323 -231.160 -83.360 38.380 3.915e+11 6.064e+11 -6.963e+11 0.01663 223352 223352 677718 3426 62 223325 223449 21.2046 1506200000000 1582500000000 1344200000000 829370000000 600580000000 19.8283 10.3 0.0144 0.62143 0.35273 -0.97269 6.85818 31.1752 0.8295 0.47242 1.41006 3.1879 21.0381 0.4043 1532000000000 638700000000
 0.7300   448518 0.7400   457347      1       -1       -1       -1  0 1.70623e+12 1.43900e+12 256.364000 62.177000 159.740000  1 0.4100 196.170000 6.37670 43.44424 59.92920 -227.580 -74.320 32.110 2.196e+11 1.020e+12 -9.181e+11 0.02156 223353 223353 677718 7659 61 223386 223385 46.1172 1534800000000 1630100000000 1306000000000 924700000000 333650000000 20.2682 10.61 0.02005 0.37868 0.32038 3.36966 15.1589 37.3611 0.42343 0.38476 0.43906 12.8396 25.8304 0.4058 1338000000000 1420000000000
 0.7300   448519 0.7400   457347      1   448518   448518       -1  0 3.14600e+11 3.14600e+11 154.420000 9.717000 103.770000  0 0.5800 147.880000 6.36793 43.42659 59.86306 -205.340 -23.990 177.140 1.472e+11 3.242e+10 5.976e+10 0.03536 223354 223386 677718 7658 61 223325 223449 9.7169 1077200000000 1077200000000 1077200000000 829370000000 438520000000 4.17869 0 0.02951 0.82196 0.57283 6.08641 14.1382 20.6374 0.87171 0.54739 3.4717 12.4224 20.9328 0.3813 463300000000 85800000000
 0.7200   439671 0.7300   448518      1       -1       -1       -1  0 1.70623e+12 1.43900e+12 257.240000 134.881000 149.650000  1 0.4100 190.460000 6.42407 43.44893 59.93322 -223.120 -71.670 30.070 6.856e+11 9.092e+11 -6.313e+11 0.01957 223355 223354 677718 3472 60 223325 223385 59.9528 1544300000000 1630100000000 1315600000000 657780000000 276460000000 29.6272 12.44 0.01889 0.3854 0.23964 -2.14375 6.64566 47.4435 0.72778 0.32752 -7.01292 -2.24795 22.2955 0.3935 1310000000000 2050000000000
 0.7200   439672 0.7300   448519      1   439671   439671   448518  0 3.46367e+11 3.33700e+11 158.017000 11.220000 103.760000  1 0.5800 146.900000 6.40513 43.43154 59.82172 -210.350 -16.590 153.470 9.788e+10 2.216e+11 -5.458e+10 0.04963 223356 223387 677718 3473 60 223325 223449 11.2202 1020000000000 1020000000000 1020000000000 753110000000 190660000000 11.7387 4.95 0.04118 0.56677 0.35553 -9.00281 20.0631 13.3518 0.44788 0.18377 -11.7506 21.1061 13.3788 0.3655 439100000000 152500000000
 0.7100   430760 0.7200   439671      1       -1       -1       -1  0 1.70623e+12 1.43900e+12 258.110000 238.374000 146.170000  1 0.4100 189.360000 6.47750 43.47868 59.94148 -211.610 -72.080 5.570 4.306e+09 9.413e+11 -7.421e+11 0.01746 223357 223355 677718 7736 59 223325 223385 66.6974 1496700000000 1611100000000 1315600000000 476650000000 219260000000 33.9848 9.19 0.01748 0.30805 0.21734 1.18761 8.83368 37.9807 0.43972 0.18989 -16.2975 0.23586 17.3094 0.3986 1330000000000 2126000000000
 0.7100   430761 0.7200   439672      1   430760   430760   439671  0 3.68600e+11 3.90800e+11 167.137000 11.914000 144.520000  1 0.5800 155.530000 6.45898 43.42427 59.78283 -219.850 -12.970 116.150 9.907e+10 1.430e+11 -8.882e+10 0.02234 223358 223388 677718 7735 59 223325 223449 11.9144 943770000000 943770000000 905630000000 467120000000 238320000000 13.8172 7.41 0.02502 0.51734 0.41197 -9.95165 18.2937 17.2793 0.37739 0.2484 -8.19111 16.3785 21.2788 0.6476 467400000000 181100000000
 0.7000   421790 0.7100   430760      1       -1       -1       -1  0 1.70623e+12 1.34400e+12 253.124000 246.060000 132.650000  1 0.4100 180.780000 6.51605 43.49741 59.96314 -209.640 -70.820 -6.910 6.710e+11 9.248e+11 6.225e+10 0.01857 223359 223356 677718 3514 58 223325 223385 106.616 1458500000000 1620600000000 1086800000000 343190000000 181130000000 48.3875 13.43 0.01881 0.46493 0.25687 -13.7022 1.58672 40.4156 0.44822 0.36904 17.0559 6.76609 -13.7883 0.3689 1281000000000 1983000000000
 0.7000   421791 0.7100   430761      1   421790   421790   430760  0 3.52700e+11 3.81300e+11 166.321000 15.514000 115.520000  1 0.5800 145.300000 6.50973 43.42512 59.75798 -221.200 -13.710 115.800 -2.030e+11 2.112e+11 1.848e+11 0.04845 223360 223389 677718 3515 58 223325 223449 15.5144 724510000000 724510000000 638710000000 419450000000 181130000000 14.9359 21.12 0.04648 0.59806 0.46636 -11.959 23.9457 12.8797 0.57374 0.24764 -14.8968 23.4317 7.57449 0.4722 417800000000 190700000000
 0.6900   412793 0.7000   421790      1       -1       -1       -1  0 1.70623e+12 1.27700e+12 249.686000 229.849000 127.460000  1 0.4100 182.100000 6.59829 43.54440 59.93944 -198.630 -64.780 -16.160 1.187e+11 1.182e+12 -2.790e+11 0.02153 223361 223357 677718 3527 57 223325 223385 72.2471 1325100000000 1487100000000 1010500000000 333650000000 0 33.0346 13.09 0.02196 0.57332 0.15988 0.58836 30.9776 67.0653 0.56568 0.30581 30.4664 24.6846 -22.1197 0.3565 1201000000000 2002000000000
 0.6900   412794 0.7000   421791      1   412793   412793   421790  0 3.52700e+11 2.86000e+11 151.612000 17.120000 79.230000  1 0.5800 127.290000 6.56684 43.45467 59.73922 -231.500 -1.220 107.210 -1.156e+11 -9.755e+09 1.473e+10 0.02874 223362 223390 677718 3526 57 223325 223449 17.1198 610110000000 610110000000 600580000000 390850000000 38132000000 17.435 3.19 0.02549 0.64739 0.50983 -3.54965 24.6713 13.3603 0.74657 0.58471 8.21069 17.6632 10.6501 0.2959 311100000000 162100000000
 0.6800   403787 0.6900   412793      1       -1       -1       -1  0 1.16600e+12 1.09600e+12 238.052000 131.854000 116.430000  1 0.4100 174.410000 6.60422 43.55133 59.96568 -192.920 -63.470 -25.380 -1.147e+10 -7.202e+11 1.924e+11 0.01790 223363 223358 677718 3532 56 223325 223385 67.1209 1220200000000 1391800000000 991430000000 314590000000 76264000000 26.866 5.82 0.01741 0.51122 0.42547 -12.9699 17.7528 39.7193 0.30807 0.18961 -14.4621 17.7217 -7.60375 0.3077 1099000000000 1773000000000
 0.6800   403788 0.6900   412794      1       -1       -1   412793  0 5.40233e+11 3.90800e+11 168.798000 25.161000 94.630000  1 0.5800 134.630000 6.61843 43.44038 59.72202 -213.720 -5.040 79.030 -3.310e+11 1.748e+11 -1.954e+11 0.05873 223364 223391 677718 3531 56 223325 223449 25.1609 591050000000 610110000000 533850000000 305060000000 95330000000 18.5785 0 0.055 0.65211 0.37663 -3.7579 22.5707 18.99 0.68348 0.10739 -9.68573 14.5773 4.53359 0.3482 380700000000 257400000000
 0.6700   394813 0.6800   403787      1       -1       -1       -1  0 1.09933e+12 1.12500e+12 240.877000 118.681000 119.540000  1 0.4100 179.130000 6.65581 43.57394 59.97126 -185.180 -55.140 -28.230 -9.958e+11 -7.279e+11 3.956e+11 0.03005 223365 223359 677718 1351 55 223325 223385 59.721 1134400000000 1201200000000 972370000000 295520000000 66731000000 15.8551 4.33 0.02914 0.4745 0.44087 -19.8619 20.1678 57.1746 0.04474 0.02448 -22.018 30.3063 -11.363 0.3111 1104000000000 1735000000000
 0.6700   394814 0.6800   403788      1       -1       -1       -1  0 5.40233e+11 3.52700e+11 163.645000 21.255000 89.850000  1 0.5800 134.240000 6.68596 43.44809 59.69833 -215.620 -12.880 73.410 -4.363e+11 -8.455e+10 -7.668e+10 0.07674 223366 223392 677718 1350 55 223325 223449 21.2547 524310000000 524310000000 362250000000 257390000000 66731000000 14.5083 11.59 0.07009 0.65434 0.50314 -6.32627 23.1116 19.2439 0.5265 0.34632 -9.24089 21.5719 5.16154 0.329 341200000000 209700000000
 0.6600   385870 0.6700   394813      1       -1       -1       -1  0 1.06447e+12 1.07700e+12 238.180000 83.903000 117.210000  1 0.4100 179.130000 6.70452 43.60105 59.97334 -184.500 -51.110 -31.280 -9.152e+11 -7.317e+11 6.077e+11 0.03412 223367 223360 677718 3527 54 223325 223385 54.7307 1077200000000 1115400000000 943770000000 448050000000 0 17.1499 9.03 0.03211 0.46142 0.37834 -17.3968 16.1655 59.8976 0.37818 0.0659 22.0579 -19.9834 -3.52172 0.293 1021000000000 1449000000000
 0.6600   385871 0.6700   394814      1       -1       -1       -1  0 5.40233e+11 3.05100e+11 156.409000 17.731000 78.650000  1 0.5800 132.240000 6.72778 43.45335 59.68550 -212.070 -19.630 61.940 -1.233e+11 1.605e+09 2.843e+10 0.03043 223368 223393 677718 3526 54 223325 223449 17.7308 400390000000 457580000000 324120000000 247860000000 57198000000 5.03774 0 0.02521 0.75706 0.39601 -21.309 16.4463 15.5639 0.25417 0.04217 25.1947 -7.00495 -10.2601 0.2498 337500000000 181100000000
 0.6500   376833 0.6600   385870      1       -1       -1       -1  0 1.01360e+12 9.91400e+11 232.407000 44.925000 119.730000  1 0.4100 181.760000 6.77449 43.61633 59.99552 -178.810 -46.430 -30.230 -8.408e+11 -8.342e+11 5.973e+11 0.04177 223369 223361 677718 7807 53 223325 223385 40.9834 991430000000 1067700000000 943770000000 610110000000 57198000000 5.8752 2.68 0.03727 0.48918 0.3409 5.78482 12.6318 52.3388 0.15322 0.09612 4.32919 12.328 39.9353 0.2832 957700000000 858000000000
 0.6500   376834 0.6600   385871      1       -1       -1       -1  0 5.40233e+11 3.14600e+11 158.517000 20.382000 78.490000  1 0.5800 131.040000 6.79375 43.46699 59.67848 -209.690 -21.430 53.300 -1.442e+11 -6.208e+10 9.132e+10 0.04009 223370 223394 677718 7806 53 223325 223449 20.3824 371790000000 390850000000 305060000000 228790000000 66731000000 12.0371 0 0.03458 0.29484 0.15304 -12.3113 17.28 23.576 0.1375 0.06837 -11.486 16.2329 24.5266 0.2603 327200000000 181100000000
 0.6400   367755 0.6500   376833      1       -1       -1       -1  0 9.75533e+11 9.72400e+11 231.621000 23.435000 127.770000  1 0.4100 191.860000 6.82037 43.63021 60.01373 -175.270 -41.150 -31.170 -6.762e+11 -1.039e+12 5.031e+11 0.04535 223371 223362 677718 7770 52 223325 223385 29.9495 972370000000 1010500000000 886570000000 734040000000 28599000000 6.68032 1.59 0.03906 0.78355 0.46076 29.7405 4.09273 35.0167 0.60022 0.08401 6.40344 2.45426 35.8268 0.2951 1001000000000 419500000000
 0.6400   367756 0.6500   376834      1       -1       -1       -1  0 5.40233e+11 3.14600e+11 159.007000 23.856000 74.050000  1 0.5800 128.130000 6.84754 43.46358 59.65349 -199.000 -22.900 45.830 -1.499e+11 1.183e+10 7.201e+10 0.03746 223372 223395 677718 7769 52 223325 223449 23.8555 333650000000 371790000000 295520000000 219260000000 57198000000 2.42679 0 0.03193 0.47429 0.30607 -12.4136 23.3182 19.3649 0.38916 0.19091 -15.4153 17.486 17.2574 0.2318 311500000000 219300000000
 0.6300   358645 0.6400   367755      1       -1       -1       -1  0 9.59667e+11 9.62800e+11 231.564000 37.117000 138.420000  1 0.4100 185.100000 6.85749 43.64864 59.97044 -169.410 -35.260 -30.360 -7.103e+11 -1.173e+12 -2.354e+10 0.04595 223373 223363 677718 3521 51 223325 223385 37.1169 972370000000 981900000000 915170000000 543380000000 190660000000 46.1589 2.06 0.04097 0.46009 0.31562 16.8293 6.07961 30.498 0.60516 0.32602 2.03617 10.9085 21.4434 0.3464 943900000000 715000000000
 0.6300   358646 0.6400   367756      1       -1       -1       -1  0 5.40233e+11 2.95500e+11 156.201000 23.654000 68.990000  1 0.5800 126.080000 6.91135 43.47374 59.63924 -192.970 -23.140 40.070 -1.367e+11 -4.048e+10 8.159e+10 0.04175 223374 223396 677718 3520 51 223325 223449 23.6542 314590000000 352720000000 295520000000 200190000000 57198000000 12.477 0 0.03514 0.5427 0.43727 -1.8729 29.93 14.6536 0.46933 0.31709 -4.39353 29.1056 8.52854 0.2057 296600000000 200200000000
 0.6200   349555 0.6300   358645      1       -1       -1       -1  0 9.46933e+11 9.43800e+11 230.715000 17.395000 144.070000  1 0.4100 217.030000 6.91576 43.65494 60.04184 -168.190 -34.730 -34.150 -7.999e+11 -8.809e+11 -6.276e+10 0.04656 223375 223364 677718 3531 50 223325 223385 17.3954 943770000000 1010500000000 886570000000 762640000000 343190000000 10.5155 0 0.03705 0.84384 0.66099 22.1521 -2.36245 27.0616 0.66867 0.63211 20.2126 -0.9568 27.9935 0.3147 1206000000000 381300000000
 0.6200   349556 0.6300   358646      1       -1       -1       -1  0 5.40233e+11 2.76500e+11 153.225000 22.911000 65.700000  1 0.5800 124.390000 6.96753 43.44983 59.61394 -188.230 -26.030 36.750 -9.889e+10 -4.153e+10 1.118e+11 0.04403 223376 223397 677718 3530 50 223325 223449 22.9114 305060000000 305060000000 257390000000 190660000000 38132000000 20.9523 0 0.03728 0.58344 0.50728 0.48705 18.389 5.62956 0.8492 0.56909 -7.33799 11.8691 0.78865 0.1959 286600000000 190700000000
 0.6100   340434 0.6200   349555      1       -1       -1       -1  0 9.34233e+11 9.34200e+11 230.615000 18.623000 144.950000  1 0.4100 214.080000 6.95288 43.66214 60.03757 -164.930 -30.490 -32.740 -8.076e+11 -7.840e+11 -2.334e+11 0.04651 223377 223365 677718 3533 49 223325 223385 18.6233 934230000000 1001000000000 877040000000 753110000000 419450000000 22.565 0 0.03659 0.806 0.6469 -20.6663 12.8858 25.7042 0.79431 0.50854 23.5776 -2.91941 -21.096 0.3131 1084000000000 457600000000
 0.6100   340435 0.6200   349556      1       -1       -1       -1  0 5.40233e+11 2.66900e+11 151.891000 21.801000 67.020000  1 0.5800 124.680000 7.02324 43.45625 59.60183 -184.700 -29.430 30.720 -7.104e+10 -8.095e+10 1.233e+11 0.05009 223378 223398 677718 3532 49 223325 223449 21.8008 266920000000 285990000000 257390000000 171590000000 38132000000 22.724 0 0.04206 0.68504 0.55273 -0.52437 25.4271 8.3602 0.69831 0.12773 6.53563 -9.29597 8.61788 0.2002 272000000000 171600000000
 0.6000   331292 0.6100   340434      1       -1       -1       -1  0 9.34233e+11 9.15200e+11 229.700000 31.206000 138.130000  1 0.4100 191.220000 6.99460 43.68971 60.08354 -158.470 -22.930 -35.220 -7.482e+11 -7.202e+11 7.604e+10 0.04036 223379 223366 677718 4561 48 223325 223385 31.2057 915170000000 943770000000 848440000000 686380000000 228790000000 38.9885 0 0.03454 0.6574 0.45618 -11.8659 10.0865 30.2414 0.63116 0.48064 -10.0655 12.0592 22.7781 0.334 931100000000 619600000000
 0.6000   331293 0.6100   340435      1       -1       -1       -1  0 5.40233e+11 2.95500e+11 157.589000 18.252000 68.560000  1 0.5800 135.390000 7.09024 43.50496 59.60446 -178.930 -31.000 25.510 -6.865e+10 -1.469e+11 1.548e+11 0.05860 223380 223399 677718 4560 48 223325 223449 18.2524 295520000000 295520000000 257390000000 209730000000 0 5.08626 0 0.04892 0.59387 0.42543 10.316 36.2124 17.9227 0.05153 0 8.93376 45.8644 22.3517 0.1902 306000000000 171600000000
 0.5900   322123 0.6000   331292      1       -1       -1       -1  0 8.96100e+11 9.53300e+11 233.512000 33.093000 125.040000  1 0.4100 193.670000 7.05673 43.66652 60.07459 -155.940 -26.900 -32.800 -8.035e+11 -6.063e+11 -7.111e+11 0.04323 223381 223367 677718 3749 47 223325 223385 33.0926 953300000000 953300000000 915170000000 686380000000 0 22.0115 0 0.03846 0.41628 0.27544 -14.8768 13.3183 66.9075 0.09552 0.04899 -2.77151 16.1203 50.8458 0.3014 948300000000 648200000000
 0.5900   322124 0.6000   331293      2       -1       -1       -1  0 5.40233e+11 2.66900e+11 152.767000 16.692000 71.320000  1 0.5800 133.410000 7.14289 43.49369 59.59388 -174.060 -31.680 22.430 -6.960e+10 -8.965e+10 1.600e+11 0.06341 223382 223400 677718 3748 47 223325 223449 16.6919 266920000000 295520000000 257390000000 219260000000 66731000000 13.5859 0 0.05109 0.68246 0.48496 17.2792 20.0545 20.2011 0.77234 0.22387 16.9552 15.1055 19.5916 0.1996 287200000000 143000000000
 0.5800   312883 0.5900   322123      1       -1       -1       -1  0 8.70667e+11 8.19800e+11 222.686000 81.746000 118.610000  1 0.4100 166.030000 7.11279 43.68471 60.17752 -159.880 -21.460 -40.140 -4.844e+11 -5.581e+10 -3.091e+11 0.02252 223383 223368 677718 3746 46 223325 223385 81.7459 848440000000 877040000000 581510000000 247860000000 95330000000 73.1752 1.96 0.02333 0.43157 0.23205 -12.4343 6.74023 28.7563 0.94445 0.62352 9.41958 8.48028 9.57315 0.3692 736900000000 1068000000000
 0.5800   312884 0.5900   322124      1       -1       -1       -1  0 5.40233e+11 2.76500e+11 154.998000 17.903000 72.820000  1 0.5800 134.370000 7.22416 43.50790 59.59325 -166.820 -32.060 20.970 -3.501e+10 -1.257e+11 1.278e+11 0.05505 223384 223401 677718 3745 46 223417 223416 17.9026 276460000000 276460000000 247860000000 171590000000 85797000000 27.8592 0 0.0452 0.38056 0.2695 20.0624 3.11484 2.41527 0.48036 0.30704 17.3409 8.39059 2.14009 0.2082 282700000000 133500000000
 0.5800   312885 0.5900   322124      1   312884   312884       -1  0 1.43000e+11 1.43000e+11 124.420000 17.239000 55.130000  0 0.5700 104.070000 7.18667 43.54102 59.59847 -157.330 -67.880 -1.960 -2.414e+10 -1.332e+10 -1.332e+09 0.02089 223385 223417 677718 3744 46 223325 223449 17.2387 266920000000 266920000000 266920000000 228790000000 0 20.7666 0 0.02049 0.53355 0.15205 27.6283 36.1649 17.0061 0.35531 0.17818 2.61109 44.3755 5.17492 0.2404 145100000000 85800000000
 0.5700   303651 0.5800   312883      1       -1       -1       -1  0 6.45067e+11 8.38900e+11 225.018000 55.238000 113.210000  1 0.4100 173.710000 7.19361 43.67170 60.14357 -155.490 -23.840 -38.050 -6.739e+11 -3.012e+11 -5.666e+11 0.03559 223386 223369 677718 3745 45 223325 223385 55.2378 838900000000 915170000000 800770000000 171590000000 0 34.6706 0 0.03646 0.13623 0.03302 -13.8837 0.42388 94.7548 0.22132 0.06272 -22.5679 16.3 64.602 0.3393 770200000000 838900000000
 0.5700   303652 0.5800   312884      1   303653   303653       -1  1 2.28800e+11 2.28800e+11 145.839000 19.478000 70.190000  1 0.4300 124.170000 7.25550 43.51644 59.58942 -145.920 -51.970 16.920 -4.342e+10 -9.954e+10 5.461e+10 0.05190 223387 223402 677718 8996 45 223325 223416 19.6046 257390000000 262160000000 228795000000 152525000000 47665000000 19.1839 0 0.045905 0.64191 0.3299 20.0991 3.03221 -3.44807 0.342735 0.15352 14.3109 7.54937 -2.25385 0.24815 232350000000 133500000000
 0.5700   303653 0.5800   312885      1       -1       -1   312884  0 5.40233e+11 2.86000e+11 157.192000 19.044000 71.220000  1 0.5700 135.570000 7.25558 43.53013 59.58553 -162.180 -31.450 16.030 -6.766e+10 -1.147e+11 1.371e+11 0.05482 223388 223418 677718 3744 45 223325 223449 19.0437 285990000000 285990000000 276460000000 238320000000 38132000000 7.03135 0 0.04501 0.68748 0.26419 29.3807 -4.01897 6.69593 0.39837 0.09757 38.5864 -8.60629 8.20473 0.196 308900000000 162100000000
 0.5600   294394 0.5700   303651      1       -1       -1       -1  0 5.14800e+11 2.76500e+11 155.846000 9.502000 96.730000  1 0.4100 158.880000 7.24890 43.68199 60.26470 -176.830 -1.320 -74.660 -7.366e+08 -1.612e+11 -6.147e+09 0.05262 223389 223370 677718 3756 44 223325 223385 9.50199 276460000000 295520000000 247860000000 200190000000 142990000000 14.8974 0 0.0405 0.54108 0.29073 11.9848 12.1803 0.9617 0.51286 0.11245 10.8393 10.78 1.17433 0.2873 663400000000 104900000000
 0.5600   294395 0.5700   303652      1       -1       -1   303653  0 2.28800e+11 1.81100e+11 135.357000 21.053000 67.340000  1 0.4300 111.950000 7.11784 43.64252 59.98938 -107.480 12.900 27.790 -5.184e+10 -7.338e+10 -1.859e+10 0.04875 223390 223403 677718 3757 44 223325 223416 21.0533 238320000000 247860000000 209730000000 133460000000 9533000000 10.5086 0 0.04661 0.90326 0.3903 20.1357 2.94959 -9.3114 0.20511 0 11.2809 6.70815 -6.64779 0.2881 182000000000 133500000000
 0.5600   294396 0.5700   303653      1       -1       -1       -1  0 3.11433e+11 2.95500e+11 159.349000 23.504000 69.320000  1 0.2600 133.020000 7.30735 43.53936 59.57996 -158.330 -28.290 14.420 -1.309e+10 -9.857e+10 1.464e+11 0.04778 223391 223419 677718 3755 44 223325 223449 23.5043 295520000000 295520000000 285990000000 219260000000 38132000000 14.8858 0 0.03977 0.73994 0.52971 -23.6282 27.7675 3.96125 0.23945 0.04685 36.4058 -9.03241 -11.6278 0.1861 290000000000 209700000000
 0.5500   285144 0.5600   294394      1       -1       -1       -1  0 3.27333e+11 4.29000e+11 180.904000 47.786000 98.390000  1 0.4100 139.990000 7.34787 43.67332 60.09245 -146.430 -23.950 -29.730 3.218e+11 -2.421e+11 -1.874e+11 0.04696 223392 223371 677718 3723 43 223325 223385 47.7863 533850000000 562450000000 419450000000 104860000000 0 33.5906 8.99 0.05403 0.70327 0.09391 8.82447 64.0564 -21.7851 0.60932 0.13672 1.02414 35.2904 37.7061 0.4268 445800000000 429000000000
 0.5500   285145 0.5600   294395      1       -1       -1       -1  0 2.28800e+11 2.76500e+11 156.259000 42.298000 73.600000  1 0.4300 120.640000 7.20391 43.67193 59.98071 -114.740 2.610 -3.060 -2.387e+11 6.776e+10 -3.070e+10 0.06101 223393 223404 677718 3721 43 223325 223416 42.2976 409920000000 409920000000 247860000000 104860000000 0 28.3052 0 0.06325 0.41527 0.21421 43.14 11.3165 -1.5578 0.40291 0.02094 28.0991 17.7937 -7.48652 0.3037 247100000000 295500000000
 0.5500   285146 0.5600   294396      1       -1       -1       -1  0 3.11433e+11 2.95500e+11 159.771000 20.033000 71.510000  1 0.2600 138.200000 7.36587 43.54650 59.57475 -158.310 -31.280 10.990 -8.045e+10 -1.375e+10 1.985e+11 0.05759 223394 223420 677718 3720 43 223325 223449 20.0331 295520000000 295520000000 285990000000 209730000000 0 16.3776 0 0.0486 0.50163 0.30659 -11.1788 38.4344 16.9749 0.23448 0.16683 -14.1533 40.9866 10.6393 0.1977 493700000000 181100000000
 0.5400   275935 0.5500   285144      1       -1       -1       -1  0 3.27333e+11 2.76500e+11 156.665000 19.910000 94.210000  1 0.4100 135.870000 7.36675 43.65858 60.32854 -162.670 9.750 -70.740 2.205e+11 -1.733e+10 3.322e+11 0.10769 223395 223372 677718 3737 42 223325 223385 19.9097 276460000000 276460000000 219260000000 162060000000 76264000000 17.425 16.48 0.10178 0.65092 0.32456 -10.4754 -12.2036 17.4032 0.59639 0.22824 -10.7747 -11.5572 14.5619 0.3585 432000000000 152500000000
 0.5400   275936 0.5500   285145      1       -1       -1       -1  0 2.28800e+11 2.28800e+11 147.087000 48.727000 64.570000  1 0.4300 112.420000 7.22739 43.64855 59.92984 -113.210 0.380 7.080 -9.507e+10 5.877e+10 -6.444e+10 0.04466 223396 223405 677718 3736 42 223325 223416 48.7274 238320000000 247860000000 200190000000 66731000000 0 7.52024 3.48 0.0451 0.33017 0.18341 -34.3291 6.62352 38.4429 0.22515 0 -14.347 -8.66426 39.0615 0.2569 201300000000 266900000000
 0.5400   275937 0.5500   285146      1       -1       -1       -1  0 3.11433e+11 2.95500e+11 160.186000 20.587000 76.010000  1 0.2600 138.620000 7.42367 43.56566 59.58792 -147.780 -35.540 2.570 -1.159e+11 6.264e+10 1.284e+11 0.04807 223397 223421 677718 3735 42 223325 223449 20.587 295520000000 295520000000 257390000000 228790000000 0 20.8196 5.53 0.04197 0.46572 0.06992 -4.47872 45.1239 28.637 0.36922 0.00417 3.22279 39.494 21.2426 0.2288 476500000000 181100000000
 0.5300   266698 0.5400   275935      1       -1       -1       -1  0 2.73300e+11 2.76500e+11 157.063000 52.271000 87.250000  1 0.4100 120.680000 7.44417 43.67142 60.33026 -155.860 -4.200 -65.840 1.564e+11 -4.592e+10 2.769e+11 0.07869 223398 223373 677718 3778 41 223325 223385 52.271 276460000000 276460000000 228790000000 142990000000 9533000000 34.0535 0 0.0826 0.41829 0.1362 -4.6769 -19.8796 39.3063 0.17272 0.03372 6.2947 -18.4698 31.0128 0.3694 544100000000 390900000000
 0.5300   266699 0.5400   275936      1       -1       -1       -1  0 1.93833e+11 1.81100e+11 136.414000 23.772000 60.190000  1 0.4300 112.510000 7.26916 43.61027 59.94907 -121.080 7.840 1.220 -8.032e+10 5.444e+10 -2.289e+09 0.05317 223399 223406 677718 3777 41 223325 223416 23.7723 181130000000 209730000000 181130000000 38132000000 38132000000 16.433 0 0.05048 0.81323 0.24297 -10.3232 17.0641 11.9949 0.37491 0.0256 13.8766 -2.44535 10.5488 0.2244 189200000000 133500000000
 0.5300   266700 0.5400   275937      1       -1       -1       -1  0 3.11433e+11 2.76500e+11 157.063000 17.316000 73.230000  1 0.2600 141.010000 7.49041 43.57695 59.57542 -143.700 -35.500 2.420 -8.509e+10 -5.485e+09 6.408e+10 0.03271 223400 223422 677718 4028 41 223325 223449 17.3157 276460000000 276460000000 266920000000 219260000000 0 3.29412 8.57 0.02742 0.36362 0.29081 5.31048 38.6105 26.5892 0.42848 0.32073 4.64238 34.1044 21.9525 0.2099 302300000000 104900000000
 0.5200   257467 0.5300   266698      1       -1       -1       -1  0 2.57400e+11 2.66900e+11 155.623000 38.680000 79.210000  1 0.4100 123.200000 7.51094 43.64965 60.36554 -152.180 -2.670 -65.720 1.613e+11 -5.495e+10 7.134e+10 0.05052 223401 223374 677718 2659 40 223325 223385 38.6804 266920000000 276460000000 257390000000 133460000000 0 21.3028 0.55 0.05078 0.28727 0.02988 16.7315 -7.60386 43.2048 0.71417 0.02802 10.7611 -5.25256 30.5282 0.3119 490000000000 257400000000
 0.5200   257468 0.5300   266699      1       -1       -1       -1  1 1.71600e+11 1.71600e+11 134.290000 23.445000 60.230000  1 0.4300 111.350000 7.29568 43.60855 59.94880 -121.080 7.840 1.220 -7.549e+10 5.847e+10 -3.910e+08 0.05569 223402 223407 677718 9053 40 223325 223416 23.4505 171595000000 185895000000 171595000000 33365500000 19066000000 22.5928 0 0.055275 0.76891 0.134735 -0.005985 14.458 24.6675 0.61227 0.0128 17.5865 -0.8852 10.8379 0.24615 183350000000 123950000000
 0.5200   257469 0.5300   266700      1       -1       -1       -1  0 3.11433e+11 2.57400e+11 153.748000 18.369000 67.370000  1 0.2600 136.540000 7.54381 43.58736 59.56943 -139.300 -35.260 1.620 -3.975e+10 -4.839e+10 9.846e+10 0.04124 223403 223423 677718 2910 40 223325 223449 18.3693 257390000000 285990000000 247860000000 219260000000 28599000000 9.90456 4.66 0.03407 0.52428 0.37806 11.446 31.8504 31.178 0.53015 0.3767 12.8974 30.4277 9.49109 0.1835 284200000000 143000000000
 0.5100   248194 0.5200   257467      1       -1       -1       -1  0 2.28800e+11 2.28800e+11 148.188000 28.879000 72.530000  1 0.4100 121.630000 7.55489 43.61988 60.39357 -137.370 25.800 -64.610 1.128e+11 -1.869e+10 -3.982e+10 0.04372 223404 223375 677718 2630 39 223325 223385 28.8793 228790000000 238320000000 209730000000 95330000000 0 13.8674 24.41 0.04339 0.37729 0.22082 17.1053 -13.9489 38.3081 0.74753 0.34309 15.742 -6.60104 27.8195 0.3067 399700000000 190700000000
 0.5100   248195 0.5200   257468      1       -1       -1       -1  0 1.62067e+11 1.62100e+11 132.096000 23.119000 60.260000  1 0.4300 110.170000 7.38541 43.59492 59.93972 -126.010 4.140 -6.410 -7.065e+10 6.250e+10 1.507e+09 0.05821 223405 223408 677718 2631 39 223325 223416 23.1195 162060000000 162060000000 162060000000 28599000000 0 28.7526 0 0.06007 0.72459 0.0265 10.3112 11.8519 37.3402 0.84963 0 21.2963 0.67495 11.1271 0.2679 177500000000 114400000000
 0.5100   248196 0.5200   257469      1       -1       -1       -1  0 3.11433e+11 2.38300e+11 150.218000 16.280000 63.220000  1 0.2600 136.970000 7.60490 43.60342 59.56866 -137.620 -34.000 0.310 -9.395e+10 -3.914e+10 4.281e+10 0.04475 223406 223424 677718 2864 39 223325 223449 16.2797 238320000000 238320000000 238320000000 209730000000 0 17.4434 0 0.03697 0.45148 0.38027 9.3971 27.1216 32.84 0.43507 0.17077 -9.85911 23.3496 28.5358 0.1676 270400000000 114400000000
 0.5000   239020 0.5100   248194      1       -1       -1       -1  0 1.97033e+11 1.90700e+11 139.781000 25.543000 54.740000  1 0.4100 116.550000 7.61292 43.61502 60.42771 -138.010 20.460 -64.400 -2.846e+10 2.530e+09 5.185e+09 0.01586 223407 223376 677718 2601 38 223325 223385 25.5427 190660000000 190660000000 190660000000 104860000000 0 20.0308 7.11 0.01423 0.33743 0.08562 20.9744 -12.4022 39.0952 0.14933 0 19.3249 -11.1808 31.2806 0.1677 237900000000 143000000000
 0.5000   239021 0.5100   248195      1       -1       -1       -1  0 1.55700e+11 1.52500e+11 129.761000 47.490000 66.290000  1 0.4300 101.060000 7.51585 43.66897 60.01284 -119.280 -4.390 -24.630 3.219e+10 6.699e+10 -1.336e+11 0.08015 223408 223409 677718 2600 38 223325 223416 47.4898 152530000000 152530000000 38132000000 0 0 18.0234 9.04 0.10865 0.46898 0.11499 80.2853 4.52935 52.5739 0 0 0 0 0 0.4396 349900000000 286000000000
 0.5000   239022 0.5100   248196      1       -1       -1       -1  0 3.11433e+11 2.47900e+11 152.556000 20.307000 62.300000  1 0.2600 134.280000 7.66054 43.61856 59.56760 -129.900 -34.050 -0.060 -1.004e+11 -4.779e+10 7.665e+10 0.04969 223409 223425 677718 2599 38 223325 223449 20.3073 247860000000 247860000000 247860000000 200190000000 0 14.9289 0 0.04272 0.49114 0.4243 8.47745 31.0507 30.7536 0.0701 0.02422 15.9087 33.5269 15.2246 0.1725 345800000000 143000000000
 0.4900   229841 0.5000   239020      1       -1       -1       -1  0 1.97000e+11 1.71600e+11 135.269000 19.476000 57.940000  1 0.4100 118.120000 7.67388 43.58578 60.47124 -127.880 18.880 -60.690 -5.009e+10 3.370e+10 1.012e+10 0.04243 223410 223377 677718 3783 37 223325 223385 19.4763 171590000000 171590000000 171590000000 114400000000 57198000000 3.81534 8.64 0.03607 0.19684 0.05734 15.5101 8.20272 27.2692 0.32464 0.02399 16.2841 6.59209 22.1008 0.1756 283500000000 114400000000
 0.4900   229842 0.5000   239021      1       -1       -1       -1  0 1.49333e+11 1.52500e+11 130.061000 39.113000 51.210000  1 0.4300 103.150000 7.73070 43.72017 60.07590 -102.100 -10.340 -11.800 -2.061e+10 -7.229e+10 9.668e+10 0.08666 223411 223410 677718 3782 37 223325 223416 39.1135 152530000000 152530000000 133460000000 0 0 4.64039 0 0.0878 0.69231 0.31496 50.9776 27.5684 0.98939 0 0 0 0 0 0.1958 141500000000 162100000000
 0.4900   229843 0.5000   239022      1       -1       -1       -1  0 3.11433e+11 2.47900e+11 152.909000 33.353000 58.040000  1 0.2600 125.250000 7.75052 43.64353 59.54359 -129.580 -33.830 -0.160 -1.169e+11 -7.670e+09 3.824e+10 0.04301 223412 223426 677718 3965 37 223325 223449 33.3533 247860000000 247860000000 247860000000 133460000000 9533000000 37.4855 0 0.03935 0.17605 0.11878 -22.3687 10.456 51.9846 0.13603 0.04304 -20.6443 19.2758 54.8242 0.1676 257400000000 219300000000
 0.4800   220691 0.4900   229841      1       -1       -1       -1  0 1.97000e+11 1.71600e+11 135.574000 16.102000 43.800000  1 0.4100 123.720000 7.71971 43.60854 60.49585 -126.910 19.170 -55.860 5.550e+09 2.015e+09 2.184e+10 0.01558 223413 223378 677718 3711 36 223325 223385 16.1019 171590000000 171590000000 162060000000 104860000000 9533000000 27.302 1.19 0.01345 0.4711 0.17573 16.6259 -11.2224 20.0577 0.81438 0.58093 -13.0411 7.62824 -11.0519 0.1046 262200000000 104900000000
 0.4800   220692 0.4900   229842      1       -1       -1       -1  0 1.39800e+11 1.43000e+11 127.580000 27.057000 51.000000  1 0.4300 105.610000 7.78349 43.71756 60.07894 -97.140 -6.530 -12.730 -1.317e+10 -4.832e+10 6.608e+10 0.06549 223414 223411 677718 3710 36 223325 223416 27.0575 142990000000 142990000000 142990000000 38132000000 0 19.4117 0 0.06681 0.79484 0.10276 40.3661 -14.9791 -16.4075 0.42892 0.04727 39.0267 -25.4652 -18.4319 0.2044 190900000000 114400000000
 0.4800   220693 0.4900   229843      1       -1       -1       -1  0 3.11433e+11 2.57400e+11 155.194000 37.523000 53.450000  1 0.2600 126.470000 7.81288 43.66350 59.55674 -123.680 -32.140 -1.420 -1.033e+11 -2.215e+10 4.954e+10 0.03972 223415 223427 677718 3708 36 223325 223449 37.5233 257390000000 257390000000 238320000000 142990000000 28599000000 22.5084 0 0.03529 0.56572 0.08237 36.9449 -0.82435 -7.30153 0.45536 0.0246 28.241 4.05632 1.32367 0.1345 305800000000 247900000000
 0.4700   211558 0.4800   220691      1       -1       -1       -1  0 1.97000e+11 2.38300e+11 151.595000 54.626000 49.720000  1 0.4100 120.620000 7.78488 43.59435 60.47685 -121.720 5.330 -53.960 -8.637e+10 -4.844e+10 2.790e+10 0.03768 223416 223379 677718 3711 35 223325 223385 54.6257 238320000000 238320000000 200190000000 104860000000 0 7.4697 2.13 0.03572 0.02756 0 -7.9549 -26.4497 46.6001 0 0 -7.82394 -22.9912 39.7263 0.1331 238300000000 333700000000
 0.4700   211559 0.4800   220692      1       -1       -1       -1  0 1.30267e+11 1.23900e+11 121.904000 17.249000 51.090000  1 0.4300 108.310000 7.61151 43.62026 59.91007 -117.420 -1.540 2.320 -4.262e+10 3.297e+10 -1.935e+10 0.05561 223417 223412 677718 3710 35 223325 223416 17.2489 123930000000 123930000000 123930000000 9533000000 0 15.5944 0 0.05911 0.19534 0.03021 7.67312 47.2678 30.7923 0 0 0 0 0 0.232 162100000000 47660000000
 0.4700   211560 0.4800   220693      1       -1       -1       -1  0 3.11433e+11 2.57400e+11 155.534000 30.104000 50.660000  1 0.2600 131.300000 7.85246 43.67216 59.59100 -115.240 -27.100 0.650 -1.226e+11 -1.863e+10 5.349e+10 0.04736 223418 223428 677718 3709 35 223325 223449 30.1037 257390000000 257390000000 219260000000 142990000000 19066000000 11.5407 3.18 0.04125 0.73773 0.23344 26.1056 -3.96736 -9.52058 0.68572 0.02931 19.9553 -8.91424 -10.3346 0.1161 296900000000 200200000000
 0.4600   202451 0.4700   211558      1       -1       -1       -1  0 1.97000e+11 1.71600e+11 136.162000 14.986000 49.330000  1 0.4100 128.120000 7.85627 43.56910 60.54434 -116.140 13.170 -45.670 7.102e+09 3.088e+09 1.920e+10 0.01628 223419 223380 677718 7808 34 223325 223385 14.9862 171590000000 171590000000 171590000000 152530000000 57198000000 6.04895 0 0.01255 0.62377 0.42806 20.2076 11.264 5.26362 0.55913 0.26735 20.9035 10.4908 0.24453 0.0999 226400000000 95330000000
 0.4600   202452 0.4700   211559      1       -1       -1       -1  0 1.17567e+11 1.23900e+11 122.165000 21.822000 51.490000  1 0.4300 105.150000 7.67847 43.62139 59.90622 -115.720 -1.480 3.380 -3.590e+10 1.581e+10 -6.482e+09 0.03814 223420 223413 677718 7806 34 223325 223416 21.822 123930000000 123930000000 123930000000 9533000000 0 19.4964 0 0.04145 0.87073 0.58542 0.38533 10.2396 56.2668 0 0 0 0 0 0.2436 161200000000 76260000000
 0.4600   202453 0.4700   211560      1       -1       -1       -1  0 3.11433e+11 2.47900e+11 153.918000 33.698000 51.500000  1 0.2600 128.790000 7.92847 43.68438 59.55049 -109.890 -29.430 0.950 -1.014e+11 -1.516e+10 5.862e+10 0.04330 223421 223429 677718 7807 34 223325 223449 33.6982 247860000000 247860000000 238320000000 123930000000 19066000000 16.9517 2.5 0.03877 0.45867 0.06595 4.59384 -3.88159 34.6801 0.18093 0.03459 5.16086 -4.55008 34.2262 0.1212 287800000000 228800000000
 0.4500   193418 0.4600   202451      1       -1       -1       -1  0 1.81133e+11 1.81100e+11 138.925000 9.345000 59.370000  1 0.4100 148.060000 7.91342 43.55692 60.57326 -110.670 6.620 -44.270 -8.560e+09 -1.899e+10 3.665e+10 0.03260 223422 223381 677718 7747 33 223325 223385 9.34544 181130000000 181130000000 181130000000 162060000000 57198000000 6.23224 0 0.02358 0.70139 0.12576 21.1239 -3.03057 16.2259 0.62593 0.119 15.4445 -8.73406 16.178 0.1194 234600000000 57200000000
 0.4500   193419 0.4600   202452      1       -1       -1       -1  0 1.08050e+11 1.04900e+11 115.787000 26.122000 37.090000  1 0.4300 97.290000 7.74467 43.62137 59.90862 -122.830 -9.940 5.120 -1.196e+10 -2.170e+09 2.106e+10 0.03236 223423 223414 677718 7746 33 223325 223416 26.1223 104860000000 104860000000 95330000000 0 0 16.4888 0 0.03382 0.73973 0.02939 -8.11665 -7.4709 48.9508 0 0 0 0 0 0.1444 162500000000 95330000000
 0.4500   193420 0.4600   202453      1       -1       -1       -1  0 3.11433e+11 2.57400e+11 156.189000 36.252000 57.550000  1 0.2600 130.800000 7.96464 43.67690 59.56223 -108.510 -30.850 4.770 -1.135e+11 -7.799e+09 4.078e+10 0.04275 223424 223430 677718 7745 33 223325 223449 36.2522 257390000000 257390000000 247860000000 162060000000 0 12.0472 6.34 0.03765 0.60098 0.11987 -4.79761 6.90397 43.9456 0.23273 0.02162 1.35054 7.61594 43.8365 0.1329 240500000000 247900000000
 0.4400   184371 0.4500   193418      1       -1       -1       -1  0 1.71600e+11 1.90700e+11 141.605000 8.646000 67.230000  1 0.4100 156.100000 7.98863 43.54882 60.59618 -103.130 2.340 -40.290 -6.466e+09 -1.956e+10 4.020e+10 0.03224 223425 223382 677718 3713 32 223325 223385 8.64625 190660000000 190660000000 181130000000 171590000000 114400000000 14.1327 0 0.02343 0.48947 0.34601 14.7049 -0.74645 7.36462 0.3623 0.29357 14.636 0.09162 7.54994 0.1466 251800000000 47660000000
 0.4400   184372 0.4500   193419      1       -1       -1       -1  1 9.53500e+10 9.53500e+10 112.366000 26.267000 35.450000  1 0.4300 94.780000 7.77548 43.62386 59.90733 -122.830 -9.940 5.120 -2.941e+09 2.528e+09 1.247e+10 0.02548 223426 223415 677718 8722 32 223325 223416 26.2685 95328500000 95328500000 90563500000 9533000000 0 21.9362 0 0.027035 0.522085 0.09781 -1.94504 -4.26523 52.7272 0 0 0 0 0 0.1426 130845000000 90565000000
 0.4400   184373 0.4500   193420      1       -1       -1       -1  0 3.11433e+11 3.05100e+11 165.622000 51.114000 61.840000  1 0.2600 136.150000 8.04488 43.72404 59.55998 -107.390 -30.280 -3.370 -1.617e+11 6.754e+10 3.196e+10 0.04721 223427 223431 677718 3930 32 223325 223449 51.1138 305060000000 305060000000 257390000000 162060000000 0 14.4351 0 0.04222 0.73332 0.23794 -10.4802 24.0089 35.7215 0.08809 0 -6.74955 41.0906 9.82942 0.1388 274600000000 362300000000
 0.4300   175362 0.4400   184371      1       -1       -1       -1  0 1.65267e+11 1.43000e+11 128.906000 25.028000 49.490000  1 0.4100 112.340000 7.96678 43.71744 60.13188 -67.180 16.660 -19.830 -2.102e+10 -5.164e+10 -1.464e+10 0.05140 223428 223383 677718 7696 31 223325 223385 25.0279 142990000000 142990000000 142990000000 85797000000 0 20.6707 0 0.04882 0.11289 0.00053 7.74674 19.0214 42.0186 0 0 7.13015 16.3269 37.5214 0.1628 311600000000 123900000000
 0.4300   175363 0.4400   184372      0       -1       -1       -1  0 8.58000e+10 8.58000e+10 108.724000 26.413000 33.650000  1 0.4300 92.120000 7.87856 43.62986 59.92329 -117.300 -12.550 -3.200 6.079e+09 7.227e+09 3.871e+09 0.01861 223429 223416 677718 7695 31 223325 223416 26.413 85797000000 85797000000 85797000000 19066000000 0 27.3836 0 0.02025 0.30444 0.16623 4.22656 -1.05956 56.5035 0 0 0 0 0 0.1408 99190000000 85800000000
 0.4300   175364 0.4400   184373      1       -1       -1       -1  0 3.11433e+11 3.24100e+11 169.331000 31.801000 65.450000  1 0.2600 148.280000 8.10950 43.72890 59.55314 -103.820 -26.600 -3.580 -8.041e+10 1.021e+11 7.759e+10 0.03771 223430 223432 677718 7694 31 223325 223449 31.8014 324120000000 324120000000 257390000000 171590000000 19066000000 19.0136 0 0.03277 0.52465 0.43877 -19.6393 -8.87054 29.0031 0.56046 0.20772 -5.21757 -10.1432 27.7404 0.1366 276500000000 228800000000
 0.4200   166404 0.4300   175362      1       -1       -1       -1  0 1.36667e+11 1.62100e+11 134.651000 33.517000 54.130000  1 0.4100 114.810000 7.99677 43.70980 60.14685 -55.500 18.310 -18.910 -3.981e+10 -9.854e+10 -6.969e+10 0.08788 223431 223384 677718 7605 30 223325 223385 33.5168 162060000000 152530000000 152530000000 9533000000 0 26.7665 16.54 0.08832 0.86703 0.12125 16.9439 36.8425 28.4869 0 0 0 0 0 0.206 233400000000 162100000000
 0.4200   166406 0.4300   175364      1       -1       -1       -1  0 3.11433e+11 3.05100e+11 166.256000 35.670000 66.670000  1 0.2600 144.240000 8.13861 43.73801 59.59498 -100.700 -25.730 -4.880 -8.513e+10 9.810e+10 6.331e+10 0.04077 223432 223433 677718 7604 30 223325 223449 35.6703 305060000000 305060000000 305060000000 171590000000 9533000000 23.5027 0 0.03499 0.40711 0.2674 -18.7869 4.47719 37.4834 0.11402 0.00382 -13.3366 -4.06155 31.0641 0.1446 279800000000 257400000000
 0.4100   157542 0.4200   166404      0       -1       -1       -1  0 1.04900e+11 1.04900e+11 116.675000 47.451000 45.760000  1 0.4100 97.250000 8.01711 43.64466 60.09848 -29.940 26.720 1.790 -2.444e+10 -4.930e+10 5.547e+09 0.07082 223433 223385 677718 7605 29 223325 223385 47.4513 104860000000 95330000000 47665000000 38132000000 0 14.5297 17.68 0.08028 0.33293 0.31869 11.0287 2.11995 47.0362 0.80764 0 -0.06364 22.338 17.4352 0.237 245000000000 286000000000
 0.4100   157543 0.4200   166406      1       -1       -1       -1  0 2.98733e+11 3.05100e+11 166.558000 30.483000 64.200000  1 0.2600 149.110000 8.23151 43.75948 59.55115 -95.380 -26.950 -4.580 -4.627e+10 1.274e+11 8.842e+10 0.04785 223434 223434 677718 7848 29 223325 223449 30.4832 305060000000 305060000000 285990000000 181130000000 76264000000 15.4416 0 0.03963 0.56987 0.06469 25.0541 16.6495 -11.9523 0.62597 0.09182 19.231 19.2366 1.82044 0.1288 274800000000 257400000000
 0.4000   148778 0.4100   157543      1       -1       -1       -1  0 2.82833e+11 2.86000e+11 163.298000 34.131000 58.210000  1 0.2600 144.880000 8.24946 43.76687 59.59295 -87.340 -25.210 -5.140 -1.172e+11 1.067e+11 6.706e+10 0.05481 223435 223435 677718 3821 28 223325 223449 34.131 285990000000 285990000000 285990000000 142990000000 0 25.809 0 0.04747 0.40436 0.07155 -27.2008 5.2219 44.2275 0.67619 0.02722 -19.5722 7.00657 34.5847 0.1216 262300000000 247900000000
 0.3900   140109 0.4000   148778      1       -1       -1       -1  0 2.57400e+11 2.57400e+11 157.929000 33.733000 55.850000  1 0.2600 141.150000 8.30331 43.78976 59.58282 -81.560 -22.670 -2.780 -1.025e+11 8.266e+10 5.783e+10 0.05549 223436 223436 677718 3719 27 223325 223449 33.7325 257390000000 257390000000 257390000000 162060000000 28599000000 20.1265 0 0.04785 0.52303 0.16257 1.99334 -15.6999 34.7413 0.4616 0.08213 -3.02125 23.8383 -2.34873 0.1172 231300000000 228800000000
 0.3800   131640 0.3900   140109      1       -1       -1       -1  0 2.28800e+11 2.28800e+11 152.094000 30.400000 53.740000  1 0.2600 138.600000 8.37079 43.81176 59.57489 -76.580 -21.280 -1.940 -8.901e+10 7.360e+10 3.808e+10 0.05678 223437 223437 677718 3672 26 223325 223449 30.3998 228790000000 228790000000 228790000000 133460000000 19066000000 12.9039 0 0.04984 0.70885 0.28959 -12.1659 -21.0441 40.9629 0.94448 0.56555 -0.38561 2.60678 42.208 0.1197 225700000000 190700000000
 0.3700   123157 0.3800   131640      1       -1       -1       -1  0 2.16100e+11 2.00200e+11 145.699000 50.569000 46.240000  1 0.2600 127.320000 8.42835 43.85855 59.58271 -77.080 -23.150 -3.810 -6.940e+10 3.184e+10 7.910e+09 0.04294 223438 223438 677718 7384 25 223325 223449 50.5687 200190000000 190660000000 142990000000 104860000000 0 26.6532 1.91 0.0398 0.76578 0.3561 -12.9825 30.288 32.5173 0.15014 0.04852 -24.3303 31.4745 31.2022 0.1094 210000000000 305100000000
 0.3600   114715 0.3700   123157      1       -1       -1       -1  0 2.09733e+11 2.19300e+11 150.408000 47.914000 43.930000  1 0.2600 133.620000 8.50147 43.82525 59.55836 -81.130 -23.380 -1.240 -1.001e+11 3.192e+10 -2.543e+09 0.05071 223439 223439 677718 3568 24 223325 223449 47.9141 219260000000 200190000000 200190000000 57198000000 0 15.0023 4.02 0.04745 0.60097 0.06877 12.7574 39.3401 -32.2718 0.43274 0.01479 -10.9788 32.5697 8.93002 0.0927 187300000000 266900000000
 0.3500   106424 0.3600   114715      1       -1       -1       -1  0 2.00200e+11 2.09700e+11 148.407000 33.414000 47.430000  1 0.2600 137.840000 8.56423 43.83439 59.55857 -78.390 -15.910 -2.710 -9.136e+10 3.680e+10 -3.692e+09 0.05069 223440 223440 677718 3481 23 223325 223449 33.4137 209730000000 200190000000 190660000000 57198000000 0 27.807 3.93 0.04855 0.58597 0.13744 -0.50885 48.2185 -10.1989 0.37239 0.11486 -15.2209 -35.9406 42.501 0.1087 182000000000 190700000000
 0.3400    98314 0.3500   106424      1       -1       -1       -1  0 2.00200e+11 1.62100e+11 136.370000 55.454000 45.540000  1 0.2600 122.800000 8.60885 43.85999 59.59922 -76.080 -13.710 -5.940 -4.927e+10 1.437e+10 3.306e+10 0.04943 223441 223441 677718 3469 22 223325 223449 55.4545 162060000000 142990000000 142990000000 76264000000 0 31.4446 3.54 0.04685 0.42431 0.25357 31.4401 48.7368 23.0941 0.66383 0.3766 15.3903 44.4497 17.4845 0.1072 200200000000 286000000000
 0.3300    90447 0.3400    98314      1       -1       -1       -1  0 2.00200e+11 1.90700e+11 144.147000 49.935000 44.800000  1 0.2600 132.290000 8.66709 43.87463 59.56520 -71.400 -14.570 -7.130 -7.112e+10 3.573e+09 2.152e+10 0.04540 223442 223442 677718 3351 21 223325 223449 49.935 190660000000 181130000000 171590000000 9533000000 0 38.6786 3.19 0.04417 0.1791 0 39.7641 37.5677 56.4897 0 0 0 0 0 0.0979 175800000000 247900000000
 0.3200    82713 0.3300    90447      1       -1       -1       -1  0 2.00200e+11 1.43000e+11 131.127000 19.349000 41.620000  1 0.2600 134.930000 8.77325 43.91669 59.57067 -67.170 -16.240 -9.250 -2.679e+10 -1.356e+10 1.583e+09 0.03364 223443 223443 677718 3288 20 223325 223449 19.349 142990000000 142990000000 142990000000 95330000000 0 19.8987 0 0.02927 0.46731 0.27284 -6.48882 24.4634 44.4439 0.09344 0 -18.0446 29.0849 48.4059 0.0769 166700000000 85800000000
 0.3100    75238 0.3200    82713      1       -1       -1       -1  0 2.00200e+11 2.09700e+11 149.156000 47.687000 40.780000  1 0.2600 141.390000 8.81582 43.90783 59.59594 -63.540 -11.520 -9.000 -5.139e+10 -2.191e+10 1.655e+10 0.03396 223444 223444 677718 3252 19 223325 223449 47.6873 209730000000 200190000000 200190000000 95330000000 0 24.4793 1.39 0.03042 0.66492 0.22316 -6.67404 -6.89357 46.2058 0.59093 0.02083 -2.49138 36.356 -4.19804 0.0608 172400000000 228800000000
 0.3000    67993 0.3100    75238      1       -1       -1       -1  0 2.00200e+11 2.00200e+11 147.022000 27.863000 42.790000  1 0.2600 149.530000 8.87244 43.92737 59.60861 -62.410 -8.090 -9.290 -5.378e+10 -2.296e+10 -4.485e+09 0.03894 223445 223445 677718 6162 18 223325 223449 27.8633 200190000000 200190000000 190660000000 133460000000 19066000000 22.0776 0 0.03361 0.06604 0.02618 -1.15271 -17.0682 36.5703 0.79415 0.53062 3.65223 -10.1474 49.0513 0.063 176600000000 162100000000
 0.2900    60998 0.3000    67993      1       -1       -1       -1  0 1.84333e+11 1.90700e+11 144.800000 28.772000 45.330000  1 0.2600 148.550000 8.93690 43.93951 59.61742 -57.530 -6.880 -7.640 -4.866e+10 -1.064e+10 -2.680e+09 0.03765 223446 223446 677718 5859 17 223325 223449 28.7715 190660000000 190660000000 190660000000 95330000000 57198000000 20.9533 0 0.03152 0.65087 0.21758 13.7359 -0.08691 30.2692 0.23393 0.0632 -5.60103 18.9767 14.5792 0.0694 175200000000 143000000000
 0.2800    54290 0.2900    60998      1       -1       -1       -1  0 1.65267e+11 1.62100e+11 137.298000 23.310000 42.020000  1 0.2600 146.550000 9.00162 43.95120 59.62679 -50.860 -6.230 -10.140 -3.599e+10 -1.944e+09 -2.323e+09 0.03566 223447 223447 677718 2820 16 223325 223449 23.3105 162060000000 152530000000 152530000000 85797000000 19066000000 17.0884 1.46 0.03044 0.50736 0.28413 0.43008 -6.34843 36.8443 0.78101 0.53148 6.10714 5.84988 18.6557 0.0688 159900000000 104900000000
 0.2700    47918 0.2800    54290      1       -1       -1       -1  0 1.30300e+11 1.43000e+11 131.808000 32.984000 33.550000  1 0.2600 135.880000 9.08564 43.96853 59.62903 -45.140 -4.470 -11.770 -2.615e+10 -3.519e+08 -8.076e+09 0.03025 223448 223448 677718 2691 15 223325 223449 32.9843 142990000000 142990000000 142990000000 57198000000 0 40.2008 0 0.02893 0.30479 0.17309 7.21993 -24.6462 42.4766 0.3972 0 -15.1332 34.1577 -32.9975 0.0611 142500000000 143000000000
 0.2600    41883 0.2700    47918      0       -1       -1       -1  0 8.58000e+10 8.58000e+10 111.266000 29.184000 29.820000  1 0.2600 116.180000 9.15980 43.98182 59.62625 -40.950 -12.880 -8.090 -1.122e+10 6.050e+09 -8.540e+09 0.03321 223449 223449 677718 1906 14 223325 223449 29.1842 85797000000 85797000000 85797000000 0 0 58.4817 0 0.0387 0.49454 0.15689 54.9449 -39.908 -14.1966 0 0 0 0 0 0.0888 120000000000 95330000000
