 1.0000   674574 0.0000       -1      1       -1       -1       -1  0 1.00100e+12 1.00100e+12 204.648000 33.870000 169.130000  1 0.3300 165.170000 16.02335 7.11703 34.01055 -254.220 220.680 -266.340 1.328e+12 1.777e+12 -1.154e+12 0.05441 218656 218656 674574 89 88 218655 218723 26.8768 1582500000000 1792200000000 1010500000000 629180000000 247860000000 6.48515 2.56 0.05952 0.83053 0.63466 2.66896 17.5239 8.27484 0.83501 0.50001 -2.4299 12.0115 10.6721 0.6173 1152000000000 800800000000
 0.9900   666397 1.0000   674574      1       -1       -1       -1  0 1.00100e+12 1.00100e+12 205.510000 44.031000 169.890000  1 0.3300 168.960000 16.05667 7.09599 34.03518 -259.060 224.280 -248.400 1.421e+12 1.742e+12 -9.573e+11 0.05305 218657 218657 674574 79 87 218655 218723 24.4317 1487100000000 1839900000000 1048600000000 629180000000 219260000000 12.5359 5.58 0.05831 0.92006 0.75825 8.41593 17.856 6.93387 0.89718 0.5068 14.5703 1.88267 -9.18494 0.6207 1158000000000 953300000000
 0.9800   658064 0.9900   666397      1       -1       -1       -1  0 9.94633e+11 1.00100e+12 206.372000 29.581000 170.480000  1 0.3300 166.070000 16.08583 7.08035 34.06684 -271.300 223.770 -229.560 1.202e+12 1.814e+12 -9.270e+11 0.05108 218658 218658 674574 89 86 218655 218723 27.1711 1420400000000 1792200000000 1134400000000 571980000000 257390000000 14.7749 8.86 0.05662 0.65587 0.5712 17.0688 17.1813 3.80248 0.55946 0.40977 17.0698 9.40797 -0.13628 0.626 1169000000000 734000000000
 0.9700   649747 0.9800   658064      1       -1       -1       -1  0 9.88267e+11 9.81900e+11 205.907000 34.496000 169.880000  1 0.3300 166.550000 16.10868 7.05802 34.09226 -278.760 227.890 -207.550 1.290e+12 1.693e+12 -7.943e+11 0.05195 218659 218659 674574 1097 85 218655 218723 26.2491 1477600000000 1811300000000 1115400000000 667310000000 276460000000 13.0762 10.12 0.05632 0.74451 0.59238 13.1092 14.9471 9.19555 0.43736 0.40623 12.725 10.0943 6.29064 0.6165 1172000000000 819800000000
 0.9600   641454 0.9700   649747      1       -1       -1       -1  0 9.78733e+11 9.81900e+11 206.761000 32.449000 170.400000  1 0.3300 169.680000 16.13250 7.03136 34.10707 -285.440 227.600 -185.780 1.124e+12 1.665e+12 -8.042e+11 0.05065 218660 218660 674574 2042 84 218655 218723 24.3975 1706400000000 1887500000000 1201200000000 657780000000 314590000000 11.7942 10.86 0.05383 0.80738 0.63382 10.7254 11.815 16.3936 0.52486 0.35295 7.24065 7.59162 18.4002 0.6076 1198000000000 800800000000
 0.9500   633162 0.9600   641454      1       -1       -1       -1  0 9.72367e+11 9.72400e+11 206.939000 21.470000 169.690000  1 0.3300 170.620000 16.16440 7.01081 34.13663 -289.520 220.480 -163.000 1.451e+12 1.708e+12 -9.734e+11 0.05940 218661 218661 674574 89 83 218655 218723 23.7613 1782700000000 2001900000000 1220200000000 648240000000 285990000000 14.0595 9.63 0.06196 0.66237 0.43556 10.1883 9.89352 16.1278 0.56286 0.33335 3.65426 7.08078 15.5775 0.5968 1191000000000 543400000000
 0.9400   624880 0.9500   633162      1       -1       -1       -1  0 9.59667e+11 9.62800e+11 207.106000 20.641000 167.650000  1 0.3300 171.680000 16.19721 6.98964 34.15693 -296.500 218.360 -142.430 1.402e+12 1.623e+12 -8.742e+11 0.05848 218662 218662 674574 1039 82 218655 218723 23.0846 2125900000000 2183100000000 1248800000000 695910000000 305060000000 18.0596 7.62 0.05991 0.75208 0.68857 7.75254 7.60009 16.436 0.61088 0.36761 -2.64663 5.3086 18.0712 0.5826 1140000000000 495700000000
 0.9300   616570 0.9400   624880      1       -1       -1       -1  0 9.56467e+11 9.43800e+11 206.568000 20.692000 165.920000  1 0.3300 175.110000 16.24009 6.96694 34.17835 -306.930 214.780 -120.910 1.478e+12 1.586e+12 -7.496e+11 0.05913 218663 218663 674574 88 81 218655 218723 20.692 2402300000000 2402300000000 1248800000000 667310000000 305060000000 24.0738 7.79 0.06153 0.79357 0.5888 15.3738 11.1708 20.1933 0.93279 0.50939 19.2029 8.73892 7.74981 0.5878 1094000000000 533800000000
 0.9200   608245 0.9300   616570      1       -1       -1       -1  0 9.56467e+11 9.62800e+11 208.791000 23.579000 162.470000  1 0.3300 172.360000 16.27696 6.94311 34.19103 -309.270 203.770 -100.830 1.491e+12 1.465e+12 -6.168e+11 0.05456 218664 218664 674574 1107 80 218655 218723 23.5788 2478600000000 2478600000000 1315600000000 667310000000 276460000000 26.9869 7.46 0.05676 0.81452 0.57713 19.6618 7.7117 12.6389 0.64226 0.34697 18.3915 6.94648 -4.75575 0.5735 1097000000000 581500000000
 0.9100   599903 0.9200   608245      1   599902   599902       -1  0 9.53267e+11 9.62800e+11 209.631000 29.418000 156.100000  1 0.3300 170.810000 16.30655 6.90955 34.18806 -310.550 197.510 -82.660 1.526e+12 1.468e+12 -4.318e+11 0.05576 218665 218665 674574 1126 79 218655 218723 25.1562 2402300000000 2402300000000 991430000000 667310000000 276460000000 12.8937 3.41 0.05647 0.66024 0.52531 7.06947 11.1599 24.6674 0.52375 0.30771 0.12268 11.0298 23.0238 0.5392 1065000000000 657800000000
 0.9000   591556 0.9100   599903      1       -1       -1   599902  0 9.56467e+11 9.34200e+11 208.364000 22.158000 150.410000  1 0.3300 174.040000 16.33749 6.89148 34.21365 -310.070 188.040 -65.190 1.254e+12 1.203e+12 -2.141e+11 0.04924 218666 218666 674574 94 78 218655 218723 22.1581 2183100000000 2183100000000 848440000000 619640000000 219260000000 19.8957 0 0.04829 0.66865 0.5195 8.39565 8.43564 18.4796 0.45281 0.2444 5.30679 6.69145 17.1339 0.5088 1048000000000 543400000000
 0.8900   583156 0.9000   591556      1       -1       -1       -1  0 9.56467e+11 9.34200e+11 209.191000 25.919000 144.140000  1 0.3300 169.220000 16.37638 6.86906 34.21960 -309.390 174.840 -51.500 1.023e+12 9.710e+11 -8.184e+10 0.03997 218667 218667 674574 94 77 218655 218723 25.9194 1649200000000 1925700000000 781710000000 591050000000 162060000000 20.0265 0 0.0391 0.57103 0.55015 1.17977 8.50358 18.4618 0.45317 0.21008 0.08953 7.80515 16.0958 0.4855 952000000000 543400000000
 0.8800   574778 0.8900   583156      1       -1       -1       -1  0 9.56467e+11 9.53300e+11 211.435000 32.590000 137.910000  1 0.3300 164.180000 16.43393 6.84239 34.23504 -308.720 163.430 -39.790 1.332e+12 1.154e+12 -8.052e+10 0.04766 218668 218668 674574 1132 76 218655 218723 32.5897 1105800000000 1553900000000 743570000000 514780000000 181130000000 27.9032 1.55 0.04737 0.85047 0.66641 14.2638 8.98489 24.8724 0.71232 0.52077 0.62648 12.3745 23.4822 0.4683 918900000000 610100000000
 0.8700   566325 0.8800   574778      1       -1       -1       -1  0 9.56467e+11 9.81900e+11 214.364000 71.535000 133.920000  1 0.3300 160.390000 16.46464 6.82396 34.22596 -305.800 152.010 -31.470 9.920e+11 1.118e+12 2.327e+11 0.03942 218669 218669 674574 94 75 218655 218723 41.7958 1086800000000 1315600000000 724510000000 467120000000 190660000000 19.3111 1.67 0.03882 0.69643 0.51725 -0.85547 3.58593 20.7128 0.69629 0.31918 -1.34908 3.50925 16.6536 0.441 960000000000 1115000000000
 0.8600   557865 0.8700   566325      1       -1       -1       -1  0 9.53433e+11 9.34200e+11 211.657000 40.025000 129.210000  1 0.3300 159.060000 16.51721 6.80892 34.23999 -302.830 144.770 -22.470 1.198e+12 1.029e+12 4.072e+10 0.04494 218670 218670 674574 102 74 218655 218723 40.0248 1001000000000 1210700000000 734040000000 448050000000 190660000000 25.9744 0 0.04421 0.66579 0.59449 -2.36526 2.60295 24.3553 0.73976 0.55036 -3.97852 5.36666 16.4097 0.429 909300000000 686400000000
 0.8500   549431 0.8600   557865      1       -1       -1       -1  0 9.53433e+11 8.96100e+11 209.542000 57.239000 126.040000  1 0.3300 150.750000 16.54230 6.79168 34.25242 -295.260 135.030 -15.600 1.156e+12 1.225e+12 1.559e+11 0.05064 218671 218671 674574 1155 73 218655 218723 57.2393 962830000000 1124900000000 667310000000 438520000000 152530000000 34.6956 0 0.05094 0.68449 0.51012 -9.75834 6.54185 34.2205 0.68794 0.26105 -15.6838 7.75151 19.9751 0.4322 873700000000 953300000000
 0.8400   540916 0.8500   549431      1       -1       -1       -1  0 9.43900e+11 1.03000e+12 220.307000 131.083000 122.010000  1 0.3300 155.620000 16.61076 6.72278 34.22209 -290.030 125.590 -9.610 1.231e+12 1.445e+12 5.259e+11 0.04456 218672 218672 674574 82 72 218655 218723 78.8015 1067700000000 1134400000000 743570000000 419450000000 9533000000 18.9424 3.83 0.04725 0.3941 0.22965 -4.15954 41.1789 28.0099 0.05618 0.02688 0.78169 36.1576 10.63 0.4194 973800000000 1354000000000
 0.8300   532390 0.8400   540916      1       -1       -1       -1  0 9.34367e+11 9.05600e+11 211.888000 62.166000 119.980000  1 0.3300 151.590000 16.64012 6.74659 34.23417 -285.890 118.290 -5.010 8.062e+11 1.176e+12 1.560e+11 0.04417 218673 218673 674574 2099 71 218655 218723 62.1657 943770000000 1144000000000 695910000000 352720000000 152530000000 19.7889 0 0.04278 0.718 0.5226 7.0299 3.14581 30.1545 0.76354 0.62984 4.63731 4.04894 19.1779 0.3835 894600000000 1039000000000
 0.8200   523813 0.8300   532390      1       -1       -1       -1  0 9.05633e+11 8.67500e+11 209.657000 66.512000 117.550000  1 0.3300 149.200000 16.70154 6.68613 34.27199 -278.730 110.310 -9.420 3.688e+11 8.636e+11 -6.859e+10 0.02946 218674 218674 674574 84 70 218655 218723 66.5121 886570000000 1020000000000 619640000000 400390000000 0 29.9396 0 0.0303 0.54351 0.35611 -23.2836 46.8314 -28.4562 0.01774 0 -1.835 36.7326 -33.9287 0.4043 855000000000 1058000000000
 0.8100   515171 0.8200   523813      1       -1       -1       -1  0 8.99300e+11 9.43800e+11 216.434000 72.640000 120.890000  1 0.3300 153.580000 16.74517 6.65231 34.22726 -270.480 106.910 -3.410 1.059e+12 1.259e+12 3.317e+11 0.04397 218675 218675 674574 1167 69 218655 218723 72.6395 953300000000 1067700000000 676840000000 305060000000 19066000000 25.284 0 0.04713 0.56472 0.36465 -12.0385 39.4868 16.0116 0.2299 0.03135 -0.28224 26.5677 13.4695 0.4225 892900000000 1134000000000
 0.8000   506505 0.8100   515171      1       -1       -1       -1  0 8.70700e+11 8.86600e+11 212.755000 53.153000 122.100000  1 0.3300 154.730000 16.79110 6.63565 34.22533 -262.750 102.570 1.740 9.656e+11 1.004e+12 1.152e+11 0.04131 218676 218676 674574 104 68 218655 218723 53.1528 896100000000 1048600000000 667310000000 333650000000 0 25.3606 0 0.04375 0.42432 0.15068 -14.5947 40.3427 23.6716 0.1 0.02578 -11.3523 43.0367 13.0299 0.4267 862900000000 886600000000
 0.7900   497873 0.8000   506505      1       -1       -1       -1  0 8.10300e+11 7.81700e+11 204.760000 24.150000 125.270000  1 0.3300 167.720000 16.81564 6.67537 34.24807 -254.060 93.670 15.520 -3.847e+11 7.647e+11 4.253e+11 0.04157 218677 218677 674574 93 67 218655 218723 24.1496 810300000000 838900000000 648240000000 467120000000 228790000000 19.3202 0 0.03707 0.68026 0.40262 0.43076 -7.96943 19.3068 0.61572 0.30949 -1.26003 -10.0693 16.2369 0.3742 787300000000 409900000000
 0.7800   489237 0.7900   497873      1       -1       -1       -1  0 8.07133e+11 7.62600e+11 203.820000 25.346000 124.290000  1 0.3300 165.330000 16.85241 6.65533 34.24900 -245.980 87.950 22.490 -6.032e+11 6.240e+11 4.382e+11 0.04434 218678 218678 674574 89 66 218655 218723 25.3455 762640000000 838900000000 657780000000 476650000000 200190000000 22.825 0 0.03947 0.77801 0.66305 9.46004 -2.20138 22.3843 0.73791 0.51902 -3.25718 -11.9284 16.6798 0.3703 766600000000 429000000000
 0.7700   480549 0.7800   489237      1       -1       -1       -1  0 8.07133e+11 7.34000e+11 201.964000 27.415000 122.370000  1 0.3300 161.240000 16.89178 6.62599 34.24680 -239.400 85.430 25.540 -6.606e+11 5.315e+11 3.635e+11 0.04484 218679 218679 674574 334 65 218655 218723 27.4152 734040000000 819840000000 657780000000 476650000000 152530000000 23.5808 0 0.04011 0.92092 0.57474 24.9266 14.467 9.39063 0.85782 0.56295 18.4084 15.9603 -6.4767 0.3681 747900000000 476600000000
 0.7600   471851 0.7700   480549      1       -1       -1       -1  0 8.07133e+11 7.53100e+11 204.424000 31.226000 122.610000  1 0.3300 159.950000 16.94128 6.59776 34.24855 -235.050 83.700 25.810 -1.526e+11 6.278e+11 1.764e+11 0.03138 218680 218680 674574 348 64 218655 218723 31.2258 753110000000 838900000000 676840000000 505250000000 209730000000 28.653 0 0.02803 0.82493 0.55367 17.5504 17.5795 -8.3045 0.56287 0.47529 14.3742 14.8102 -1.20981 0.3623 761800000000 543400000000
 0.7500   463108 0.7600   471851      1       -1       -1       -1  0 8.07133e+11 7.81700e+11 207.710000 26.415000 123.850000  1 0.3300 168.350000 16.97997 6.57955 34.19502 -227.410 79.230 30.570 -2.626e+11 4.068e+11 3.182e+11 0.02520 218681 218681 674574 354 63 218655 218723 26.4152 781710000000 867500000000 676840000000 543380000000 19066000000 16.0599 0 0.0229 0.79981 0.41891 9.3847 -4.47397 42.4052 0.13442 0.07711 11.2821 0.74864 50.9059 0.3672 820000000000 514800000000
 0.7400   454317 0.7500   463108      1       -1       -1       -1  0 8.07133e+11 7.91200e+11 209.279000 26.588000 124.240000  1 0.3300 169.910000 17.02694 6.56773 34.19038 -222.930 71.240 32.390 4.066e+10 5.578e+11 -8.251e+10 0.02465 218682 218682 674574 1434 62 218655 218723 26.5883 791240000000 867500000000 686380000000 591050000000 123930000000 16.1165 0 0.02201 0.75145 0.45522 3.50081 -12.0974 31.7717 0.35145 0.18415 6.57685 -11.7704 30.6129 0.3558 851400000000 486200000000
 0.7300   445496 0.7400   454317      1       -1       -1       -1  0 8.07133e+11 8.10300e+11 211.676000 31.770000 121.570000  1 0.3300 166.870000 17.07386 6.55013 34.17224 -216.480 67.930 32.390 1.020e+11 5.104e+11 -1.410e+11 0.02254 218683 218683 674574 345 61 218655 218723 31.7695 810300000000 838900000000 695910000000 514780000000 114400000000 16.7686 0 0.02028 0.72109 0.47925 4.16164 -16.8322 35.0713 0.46256 0.18689 3.68995 -18.7824 30.783 0.345 839100000000 572000000000
 0.7200   436623 0.7300   445496      1       -1       -1       -1  0 8.07133e+11 8.10300e+11 212.399000 33.812000 122.080000  1 0.3300 166.050000 17.12587 6.52550 34.15990 -210.200 66.120 32.200 2.420e+11 4.988e+11 -1.534e+10 0.02323 218684 218684 674574 341 60 218655 218723 33.8116 810300000000 829370000000 724510000000 486180000000 152530000000 14.5961 0 0.02096 0.51058 0.39999 2.16707 -21.7795 30.8964 0.3153 0.20133 -1.61982 -25.3933 27.1072 0.3474 794800000000 572000000000
 0.7100   427683 0.7200   436623      1       -1       -1       -1  0 7.91233e+11 8.00800e+11 212.278000 40.159000 122.180000  1 0.3300 161.820000 17.17838 6.48055 34.17182 -205.560 64.050 33.460 4.879e+11 5.774e+11 1.706e+09 0.03239 218685 218685 674574 361 59 218655 218723 40.1588 800770000000 810300000000 705440000000 467120000000 190660000000 27.9237 0 0.0293 0.70029 0.44681 -9.36836 15.6073 -16.4372 0.72842 0.34014 0.294 13.708 -13.4731 0.3508 762300000000 657800000000
 0.7000   418712 0.7100   427683      1       -1       -1       -1  0 7.75333e+11 7.62600e+11 209.552000 28.963000 118.570000  1 0.3300 168.660000 17.21719 6.49175 34.12367 -198.660 64.010 38.880 5.375e+11 2.373e+11 6.689e+10 0.02804 218686 218686 674574 350 58 218655 218723 28.963 762640000000 819840000000 686380000000 457580000000 200190000000 24.8706 0 0.025 0.44348 0.34984 0.39287 37.0794 -28.0966 0.20167 0.04512 3.83737 38.7414 -18.7272 0.3343 712500000000 467100000000
 0.6900   409727 0.7000   418712      1       -1       -1       -1  0 7.65800e+11 7.62600e+11 210.243000 31.123000 116.960000  1 0.3300 167.490000 17.26374 6.47166 34.13931 -193.080 61.680 38.790 4.348e+11 3.500e+11 8.616e+10 0.02760 218687 218687 674574 355 57 218655 218723 31.1226 762640000000 781710000000 705440000000 419450000000 238320000000 5.13912 0 0.02401 0.76536 0.52373 1.34342 -21.5007 23.0096 0.72029 0.59005 3.076 18.9652 -16.7431 0.3174 736300000000 505200000000
 0.6800   400719 0.6900   409727      1       -1       -1       -1  0 7.65800e+11 7.62600e+11 210.929000 34.805000 113.900000  1 0.3300 165.350000 17.31407 6.45092 34.11501 -186.450 61.520 37.730 3.238e+11 3.050e+11 3.341e+11 0.02743 218688 218688 674574 424 56 218655 218723 34.8049 762640000000 781710000000 657780000000 419450000000 219260000000 14.1081 0 0.02378 0.5363 0.46211 -2.17899 -14.9316 27.6596 0.49665 0.34943 -1.41856 -8.64745 25.5183 0.3022 703500000000 514800000000
 0.6700   391730 0.6800   400719      1       -1       -1       -1  0 7.30867e+11 7.72200e+11 212.486000 41.211000 112.870000  1 0.3300 162.920000 17.37430 6.45989 34.12440 -181.990 57.890 40.240 2.561e+11 2.569e+11 5.283e+10 0.01634 218689 218689 674574 2588 55 218655 218723 41.2105 772170000000 791240000000 657780000000 409920000000 0 17.4701 4.25 0.01544 0.65641 0.31769 15.2773 4.20859 47.1671 0.06814 0.05212 28.5451 27.3829 29.6937 0.3352 691700000000 600600000000
 0.6600   382764 0.6700   391730      1       -1       -1       -1  0 7.14967e+11 6.57800e+11 202.067000 40.679000 101.300000  1 0.3300 154.550000 17.39922 6.43845 34.05849 -176.270 58.060 43.000 -2.713e+11 1.565e+11 2.802e+11 0.02655 218690 218690 674574 1461 54 218655 218723 40.6793 657780000000 686380000000 571980000000 324120000000 123930000000 25.8348 0 0.02326 0.66863 0.62262 -5.44193 -20.0891 23.7825 0.65977 0.34843 6.33753 17.2721 -17.35 0.2769 624800000000 562400000000
 0.6500   373707 0.6600   382764      1       -1       -1       -1  0 7.14967e+11 6.10100e+11 197.681000 47.120000 94.890000  1 0.3300 148.490000 17.42722 6.44098 34.03990 -172.150 57.440 43.650 -5.026e+11 5.844e+10 2.269e+11 0.03867 218691 218691 674574 371 53 218655 218723 47.1204 610110000000 648240000000 543380000000 238320000000 133460000000 37.7066 0 0.035 0.81182 0.62774 -7.23018 20.9903 -16.7653 0.77905 0.42694 -1.46436 13.4196 4.82393 0.2734 594600000000 591000000000
 0.6400   364624 0.6500   373707      1       -1       -1       -1  0 7.14967e+11 7.15000e+11 209.057000 64.002000 92.860000  1 0.3300 153.920000 17.51039 6.38637 34.05595 -166.400 53.110 39.350 8.611e+10 -6.414e+10 3.998e+11 0.02119 218692 218692 674574 362 52 218655 218723 64.0019 714970000000 781710000000 581510000000 295520000000 0 18.6968 2.14 0.02018 0.40925 0.2431 -30.6628 49.9796 -41.4734 0.25338 0.20014 -24.8423 40.5888 -40.0855 0.2613 657700000000 819800000000
 0.6300   355504 0.6400   364624      1       -1       -1       -1  0 7.14967e+11 4.29000e+11 176.862000 17.236000 88.800000  1 0.3300 155.980000 17.51715 6.42829 33.98964 -155.110 42.090 47.920 -9.322e+10 2.242e+11 4.247e+10 0.03357 218693 218693 674574 376 51 218655 218723 17.2358 428980000000 457580000000 352720000000 247860000000 152530000000 28.9233 0 0.02834 0.5891 0.43354 -3.32437 18.9923 -13.05 0.61195 0.46337 2.93823 -10.2579 11.8475 0.2537 548900000000 171600000000
 0.6200   346396 0.6300   355504      1       -1       -1       -1  0 7.14967e+11 6.38700e+11 202.561000 49.433000 88.690000  1 0.3300 153.270000 17.61578 6.36312 34.03048 -156.750 48.610 39.510 -3.771e+11 -8.783e+10 5.179e+11 0.03975 218694 218694 674574 369 50 218655 218723 49.4334 638710000000 724510000000 543380000000 0 0 18.812 0.96 0.03854 0.06884 0.02375 -44.9684 63.7912 -62.413 0 0 0 0 0 0.2568 659300000000 629200000000
 0.6100   337261 0.6200   346396      1       -1       -1       -1  0 7.14967e+11 8.00800e+11 219.064000 63.031000 92.510000  1 0.3300 163.780000 17.68394 6.34849 34.08775 -146.860 39.150 37.290 -1.694e+11 -1.706e+11 6.634e+11 0.02825 218695 218695 674574 367 49 218655 218723 63.031 800770000000 800770000000 343190000000 0 0 40.5968 0 0.02904 0.74097 0.62489 27.3108 -63.2298 86.6746 0 0 0 0 0 0.264 711100000000 829400000000
 0.6000   328099 0.6100   337261      1       -1       -1       -1  0 7.14967e+11 3.71800e+11 170.122000 25.491000 87.940000  1 0.3300 139.110000 17.65185 6.40773 33.94090 -153.170 32.350 40.860 -4.013e+09 -5.982e+10 -2.309e+11 0.04024 218696 218696 674574 1395 48 218655 218723 25.4915 371790000000 371790000000 324120000000 228790000000 85797000000 21.6506 0 0.03552 0.54077 0.3111 -18.4645 3.09451 22.2142 0.25968 0.09386 -17.7645 7.54138 20.2464 0.2751 552900000000 247900000000
 0.5900   318900 0.6000   328099      1       -1       -1       -1  0 7.14967e+11 7.72200e+11 217.673000 67.225000 91.060000  1 0.3300 163.170000 17.74506 6.32941 34.04075 -133.530 33.320 39.220 -1.103e+11 -1.720e+11 5.775e+11 0.02763 218697 218697 674574 415 47 218655 218723 67.2249 772170000000 781710000000 571980000000 66731000000 0 30.5482 0 0.02716 0.52347 0.30575 -22.7138 60.4154 -57.7929 0.76924 0.03502 21.7341 17.9233 21.8908 0.2361 672400000000 896100000000
 0.5800   309650 0.5900   318900      1       -1       -1       -1  0 7.14967e+11 7.24500e+11 213.697000 55.330000 92.710000  1 0.3300 163.320000 17.78719 6.30354 33.99969 -127.550 33.820 41.530 -3.219e+11 4.592e+09 5.230e+11 0.03262 218698 218698 674574 438 46 218655 218723 55.3299 724510000000 724510000000 619640000000 352720000000 0 14.9273 0 0.0305 0.29472 0.11223 -15.5739 55.6932 -35.5247 0.01869 0 -16.0668 32.5783 3.84057 0.2268 655000000000 734000000000
 0.5700   300427 0.5800   309650      1       -1       -1       -1  0 7.14967e+11 5.33800e+11 193.546000 53.924000 98.930000  1 0.3300 147.580000 17.80444 6.36423 33.91216 -125.390 35.700 32.000 -9.847e+10 -6.469e+09 2.090e+11 0.01965 218699 218699 674574 448 45 218655 218723 53.9242 533850000000 562450000000 457580000000 209730000000 0 40.9155 0 0.01923 0.11182 0.07419 -20.4647 48.7317 -26.5085 0.12399 0.00051 -18.9578 34.4201 -15.0072 0.3058 526400000000 619600000000
 0.5600   291173 0.5700   300427      1       -1       -1       -1  0 7.14967e+11 5.05200e+11 190.540000 54.185000 100.640000  1 0.3300 145.730000 17.84778 6.35666 33.90081 -121.010 31.670 26.250 5.593e+10 6.594e+10 2.784e+11 0.02807 218700 218700 674574 437 44 218655 218723 54.1852 505250000000 562450000000 448050000000 238320000000 0 38.1474 0 0.02679 0.3255 0.18754 -14.8563 41.1676 -32.3265 0.17688 0.04707 -16.6645 31.7917 -31.0973 0.3094 549700000000 581500000000
 0.5500   281916 0.5600   291173      1       -1       -1       -1  0 7.14967e+11 7.34000e+11 216.376000 42.554000 97.980000  1 0.3300 173.390000 17.91757 6.26886 33.94330 -111.450 34.440 37.360 -3.496e+11 1.041e+10 7.480e+10 0.01978 218701 218701 674574 456 43 218655 218723 42.5543 734040000000 743570000000 695910000000 314590000000 57198000000 10.4675 1.87 0.01777 0.29699 0.11791 -22.978 56.4877 -28.1709 0.21139 0.01779 -14.36 48.5298 -23.8325 0.2233 661300000000 629200000000
 0.5400   272697 0.5500   281916      1       -1       -1       -1  0 7.14967e+11 6.86400e+11 212.137000 54.556000 97.620000  1 0.3300 165.460000 17.94887 6.31242 33.90907 -110.230 31.870 35.090 -4.569e+11 1.739e+11 3.496e+11 0.03638 218702 218702 674574 450 42 218655 218723 54.5555 686380000000 686380000000 638710000000 276460000000 142990000000 50.2362 0 0.03367 0.2729 0.24766 -26.3604 45.2809 -15.2937 0.44994 0.26826 -14.2936 26.8535 -11.4926 0.2409 614500000000 695900000000
 0.5300   263455 0.5400   272697      1       -1       -1       -1  0 6.89567e+11 7.24500e+11 216.544000 50.084000 98.930000  1 0.3300 171.800000 17.98996 6.27213 33.91290 -103.520 29.070 36.520 -3.173e+11 6.919e+10 1.603e+11 0.02059 218703 218703 674574 431 41 218655 218723 50.0845 724510000000 734040000000 676840000000 324120000000 38132000000 36.2392 1.19 0.01869 0.29896 0.06695 -32.0805 55.1387 -3.75691 0.26618 0.0777 -16.5309 37.4289 4.36481 0.2305 640200000000 695900000000
 0.5200   254214 0.5300   263455      1       -1       -1       -1  0 6.76833e+11 6.57800e+11 210.202000 24.925000 98.110000  1 0.3300 186.960000 18.05286 6.20290 33.90160 -100.810 36.660 32.490 -4.381e+11 -2.747e+10 -1.637e+11 0.03525 218704 218704 674574 424 40 218655 218723 24.9254 657780000000 657780000000 648240000000 533850000000 9533000000 10.7416 0 0.02864 0.80019 0.4075 -36.7208 29.015 -14.5044 0.50509 0.15062 -24.4611 42.5998 16.0735 0.1947 708100000000 371800000000
 0.5100   244969 0.5200   254214      1       -1       -1       -1  0 6.45067e+11 6.48200e+11 209.690000 23.657000 97.170000  1 0.3300 189.580000 18.09749 6.18482 33.89326 -96.610 34.260 30.180 -4.088e+11 -1.134e+11 -1.923e+11 0.03692 218705 218705 674574 446 39 218655 218723 23.6565 648240000000 648240000000 629180000000 533850000000 28599000000 8.12881 0 0.02942 0.86615 0.71817 28.8408 -0.14358 27.5266 0.81316 0.40987 21.0107 17.5291 26.7132 0.1876 684800000000 381300000000
 0.5000   235790 0.5100   244969      1       -1       -1       -1  0 6.26000e+11 6.29200e+11 208.106000 22.839000 96.480000  1 0.3300 190.450000 18.13996 6.16571 33.87240 -92.920 33.470 28.840 -3.926e+11 -1.657e+11 -2.712e+11 0.04219 218706 218706 674574 443 38 218655 218723 22.839 629180000000 638710000000 610110000000 495720000000 9533000000 12.9313 1.17 0.03383 0.72358 0.43626 10.7274 -17.5557 41.1541 0.8196 0.12811 16.9328 -18.1263 33.1709 0.1905 645700000000 343200000000
 0.4900   226619 0.5000   235790      1       -1       -1       -1  0 6.03767e+11 6.00600e+11 205.379000 30.620000 91.760000  1 0.3300 178.230000 18.19040 6.14218 33.86346 -88.610 29.930 30.030 -4.108e+11 -1.052e+11 -2.906e+11 0.04527 218707 218707 674574 431 37 218655 218723 30.6199 600580000000 600580000000 600580000000 409920000000 0 9.53914 0 0.03754 0.50875 0.34289 15.7324 -32.4075 48.92 0.1937 0.00634 -6.82648 -30.1766 39.8002 0.191 589600000000 409900000000
 0.4800   217459 0.4900   226619      1       -1       -1       -1  0 4.57600e+11 5.81500e+11 203.640000 42.432000 85.500000  1 0.3300 168.960000 18.22360 6.12037 33.84654 -84.890 28.500 27.530 -4.308e+11 -2.024e+11 -2.287e+11 0.04682 218708 218708 674574 427 36 218655 218723 42.4316 581510000000 581510000000 571980000000 314590000000 19066000000 10.0651 0 0.04107 0.34349 0.16907 -12.4699 34.8108 -31.6142 0.17781 0.01441 10.6017 -4.72221 25.2129 0.1922 530600000000 524300000000
 0.4700   208320 0.4800   217459      1       -1       -1       -1  0 3.14600e+11 1.90700e+11 140.728000 9.770000 70.810000  1 0.3300 146.480000 18.30963 6.01048 33.88923 -122.070 71.130 30.730 1.516e+10 3.348e+10 -7.193e+10 0.05182 218709 218709 674574 456 35 218655 218723 9.7701 190660000000 190660000000 190660000000 133460000000 76264000000 6.0093 6 0.04068 0.5124 0.25772 -14.5117 10.107 16.225 0.12065 0.04233 19.6579 -16.48 -17.2081 0.1968 352400000000 76260000000
 0.4600   199221 0.4700   208320      1       -1       -1       -1  0 2.54233e+11 1.71600e+11 136.162000 9.995000 61.520000  1 0.3300 140.790000 18.38434 5.95927 33.88255 -120.580 64.030 32.280 1.668e+10 1.482e+10 -1.874e+10 0.02231 218710 218710 674574 457 34 218655 218723 9.99529 171590000000 171590000000 152530000000 133460000000 57198000000 16.2887 0 0.01766 0.40826 0.31778 15.2681 3.17232 2.56202 0.28175 0.10448 10.1939 2.84456 1.70932 0.167 212500000000 57200000000
 0.4500   190182 0.4600   199221      1       -1       -1       -1  0 2.54233e+11 2.95500e+11 163.550000 36.640000 67.310000  1 0.3300 137.540000 18.30220 6.13615 33.79692 -58.040 2.520 22.590 -2.192e+10 5.422e+10 7.455e+10 0.02653 218711 218711 674574 1582 33 218655 218723 36.6396 295520000000 295520000000 257390000000 181130000000 0 29.311 0.75 0.02344 0.27633 0.0503 35.5047 -10.3211 18.3657 0.11788 0.00513 28.3471 -7.39537 15.0216 0.1754 359700000000 257400000000
 0.4400   181154 0.4500   190182      1       -1       -1       -1  0 2.54233e+11 2.19300e+11 148.358000 20.975000 63.020000  1 0.3300 134.990000 18.27580 6.14885 33.72391 -47.730 -0.460 28.790 4.597e+10 -6.022e+10 -4.876e+10 0.04306 218712 218712 674574 1572 32 218655 218723 20.975 219260000000 219260000000 219260000000 142990000000 57198000000 15.109 0 0.03703 0.51524 0.16948 9.95646 6.68994 37.1102 0.75028 0.25578 3.91702 5.26432 24.9864 0.1733 271800000000 143000000000
 0.4300   172158 0.4400   181154      1       -1       -1       -1  0 2.38367e+11 2.47900e+11 154.847000 43.973000 53.650000  1 0.3300 129.230000 18.31807 6.15374 33.72326 -49.340 0.750 28.020 4.453e+10 2.618e+10 -1.906e+10 0.02096 218713 218713 674574 415 31 218655 218723 43.9729 247860000000 247860000000 181130000000 133460000000 0 20.8223 0 0.01864 0.77736 0.39027 4.47325 20.2584 28.3828 0.84838 0.30663 -5.97492 5.82615 32.3987 0.1269 253000000000 286000000000
 0.4200   163229 0.4300   172158      1       -1       -1       -1  0 2.28833e+11 2.47900e+11 155.138000 36.276000 48.080000  1 0.3300 133.190000 18.38377 6.14587 33.72971 -48.650 1.740 23.960 1.798e+10 4.123e+10 1.292e+10 0.01728 218714 218714 674574 490 30 218655 218723 36.2759 247860000000 247860000000 247860000000 114400000000 0 18.018 0 0.01602 0.51585 0.172 56.7654 9.10421 17.6774 0.74348 0.17178 -23.6948 21.1125 -16.8715 0.1163 244600000000 247900000000
 0.4100   154370 0.4200   163229      1       -1       -1       -1  0 2.09767e+11 1.90700e+11 142.405000 25.892000 51.230000  1 0.3300 127.610000 18.38935 6.13618 33.71364 -45.990 4.060 25.280 2.244e+10 2.288e+10 3.237e+08 0.01932 218715 218715 674574 495 29 218655 218723 25.8922 190660000000 190660000000 181130000000 133460000000 9533000000 27.3996 0 0.01718 0.49271 0.18061 45.8363 6.82918 6.96717 0.66962 0.18827 13.3113 27.8855 -19.5814 0.1264 217100000000 133500000000
 0.4000   145625 0.4100   154370      1       -1       -1       -1  0 1.84333e+11 1.90700e+11 142.654000 31.506000 52.010000  1 0.3300 125.680000 18.43005 6.14172 33.70085 -43.470 2.850 26.460 3.000e+10 3.335e+10 6.758e+08 0.02661 218716 218716 674574 478 28 218655 218723 31.5059 190660000000 190660000000 190660000000 104860000000 0 30.0707 0 0.02433 0.80376 0.1183 24.1512 -20.0557 26.9805 0.69496 0.39802 48.5674 -0.05942 9.01213 0.1331 204000000000 181100000000
 0.3900   136965 0.4000   145625      1       -1       -1       -1  0 1.77967e+11 1.71600e+11 137.963000 14.649000 55.150000  1 0.3300 139.300000 18.39215 6.13718 33.67802 -39.010 1.130 29.210 1.817e+10 1.692e+10 8.905e+09 0.02191 218717 218717 674574 475 27 218655 218723 14.6493 171590000000 171590000000 171590000000 114400000000 66731000000 8.0549 0 0.01725 0.20389 0.02925 21.1293 4.1321 -15.7804 0.15595 0.01613 24.0236 6.25458 -18.094 0.1165 164300000000 85800000000
 0.3800   128510 0.3900   136965      1       -1       -1       -1  0 1.68433e+11 1.71600e+11 138.187000 22.140000 48.710000  1 0.3300 130.260000 18.49960 6.13382 33.70259 -42.590 3.990 23.350 -3.518e+09 4.456e+09 4.214e+10 0.02923 218718 218718 674574 1455 26 218655 218723 22.1402 171590000000 171590000000 162060000000 0 0 26.8987 0 0.02815 0.13942 0.00121 46.8984 -12.8679 25.2441 0 0 0 0 0 0.1357 206800000000 85800000000
 0.3700   120022 0.3800   128510      1       -1       -1       -1  0 1.52500e+11 1.62100e+11 135.790000 27.506000 42.350000  1 0.3300 124.880000 18.49529 6.12223 33.67252 -33.880 0.350 23.500 2.417e+10 1.064e+10 1.343e+10 0.02363 218719 218719 674574 462 25 218655 218723 27.5062 162060000000 152530000000 133460000000 104860000000 0 15.4542 3.32 0.02184 0.58459 0.30841 39.8706 6.52963 27.3048 0.46317 0.00792 34.4956 9.40131 13.3876 0.0999 165300000000 123900000000
 0.3600   111638 0.3700   120022      1       -1       -1       -1  0 1.52500e+11 1.14400e+11 121.085000 27.508000 49.330000  1 0.3300 111.000000 18.63280 6.12026 33.71149 -41.600 -1.810 15.260 3.557e+09 5.203e+10 1.424e+10 0.06282 218720 218720 674574 462 24 218655 218723 27.5078 114400000000 114400000000 114400000000 0 0 20.255 0 0.07216 0.23089 0.01263 67.5132 3.24143 42.3879 0 0 0 0 0 0.2301 165100000000 95330000000
 0.3500   103404 0.3600   111638      1       -1       -1       -1  0 1.52500e+11 1.43000e+11 130.620000 18.308000 38.180000  1 0.3300 130.480000 18.51173 6.12798 33.63432 -33.770 0.630 16.150 2.447e+10 -2.651e+10 -9.255e+09 0.03929 218721 218721 674574 549 23 218655 218723 18.3076 142990000000 142990000000 142990000000 85797000000 9533000000 6.17837 0 0.03473 0.65655 0.36813 27.1827 18.0902 -5.24148 0.71633 0.44956 -10.2284 4.92375 17.4727 0.0753 144800000000 85800000000
 0.3400    95362 0.3500   103404      1       -1       -1       -1  1 1.52500e+11 1.47700e+11 132.236000 24.302000 36.640000  1 0.3300 128.960000 18.52183 6.12779 33.62949 -33.770 0.630 16.150 1.535e+10 -2.996e+10 -2.148e+09 0.03583 218722 218722 674574 7338 22 218655 218723 25.6988 147760000000 147760000000 138225000000 76264000000 4766500000 9.55977 0 0.032155 0.776355 0.571825 34.91 13.6796 -17.764 0.56651 0.277985 7.5632 5.9538 0.249935 0.0692 136900000000 109650000000
 0.3300    87552 0.3400    95362      0       -1       -1       -1  0 1.52500e+11 1.52500e+11 133.814000 30.296000 34.950000  1 0.3300 127.400000 18.58543 6.13122 33.59430 -32.940 1.540 17.840 6.233e+09 -3.341e+10 4.959e+09 0.03237 218723 218723 674574 794 21 218655 218723 30.2964 152530000000 152530000000 133460000000 66731000000 0 12.9412 0 0.02958 0.89616 0.77552 42.6373 9.26912 -30.2864 0.41669 0.10641 25.3548 6.98385 -16.9728 0.0631 129000000000 133500000000
