 1.0000   676074 0.0000       -1      1       -1       -1       -1  0 3.11433e+11 2.57400e+11 130.137000 5.812000 110.840000  1 0.3500 136.970000 23.37956 22.93279 56.78523 -250.160 -21.400 -106.790 2.093e+11 1.403e+11 6.823e+10 0.06959 420456 420456 676074 1589 88 420455 420521 5.81242 257390000000 266920000000 238320000000 200190000000 142990000000 12.8112 4.73 0.05974 0.73652 0.3007 1.66928 -4.40227 10.6175 0.66114 0.31178 -4.33032 1.38747 8.57277 0.5081 466700000000 95330000000
 0.9900   667910 1.0000   676074      1       -1       -1       -1  0 3.11433e+11 2.57400e+11 130.685000 7.720000 103.070000  1 0.3500 126.990000 23.40670 22.93120 56.79789 -240.680 -20.100 -104.160 2.015e+11 1.253e+11 6.922e+10 0.06581 420457 420457 676074 1629 87 420455 420521 7.71992 257390000000 257390000000 238320000000 200190000000 104860000000 11.1765 0 0.05675 0.90679 0.58727 11.9322 -10.5054 1.71593 0.47132 0.37697 12.5145 -9.13005 -9.42401 0.4731 397800000000 104900000000
 0.9800   659559 0.9900   667910      1       -1       -1       -1  0 3.11433e+11 2.57400e+11 131.232000 9.521000 96.890000  1 0.3500 120.690000 23.43731 22.92705 56.81157 -236.230 -14.630 -101.730 2.260e+11 1.101e+11 6.276e+10 0.06856 420458 420458 676074 1691 86 420455 420521 9.52127 257390000000 257390000000 238320000000 209730000000 104860000000 16.5629 0 0.05965 0.77385 0.62509 16.5055 -8.66607 -1.15311 0.52693 0.2568 18.6643 -0.60334 0.65624 0.4439 365800000000 114400000000
 0.9700   651239 0.9800   659559      1       -1       -1       -1  0 3.11433e+11 2.57400e+11 131.779000 9.358000 94.270000  1 0.3500 121.720000 23.46378 22.92407 56.82354 -230.900 -11.370 -98.860 2.239e+11 1.086e+11 6.269e+10 0.06804 420459 420459 676074 703 85 420455 420521 9.35833 257390000000 257390000000 238320000000 200190000000 114400000000 18.2836 0 0.05926 0.75892 0.7034 18.4181 -10.2042 2.96067 0.52194 0.37828 21.2704 -4.08583 3.22496 0.4294 370400000000 114400000000
 0.9600   642928 0.9700   651239      1       -1       -1       -1  0 3.11433e+11 2.47900e+11 130.671000 7.329000 94.790000  1 0.3500 128.350000 23.48798 22.92491 56.83810 -226.340 -8.400 -97.770 2.208e+11 1.251e+11 6.094e+10 0.07563 420460 420460 676074 687 84 420455 420521 7.32931 247860000000 257390000000 238320000000 200190000000 85797000000 14.5734 0 0.06439 0.85944 0.81323 12.1933 -11.2927 9.80829 0.73704 0.41519 13.2334 -7.12009 13.7192 0.426 393400000000 57200000000
 0.9500   634638 0.9600   642928      1       -1       -1       -1  0 3.11433e+11 2.47900e+11 131.210000 7.929000 97.020000  1 0.3500 126.180000 23.51330 22.92623 56.85011 -221.380 -2.880 -92.730 2.067e+11 9.901e+10 7.546e+10 0.07115 420461 420461 676074 1734 83 420455 420521 7.92933 247860000000 257390000000 247860000000 200190000000 104860000000 11.2587 0 0.05971 0.72485 0.60844 8.89972 -5.07027 15.0438 0.59644 0.37943 9.34464 -6.12209 15.3041 0.4268 389400000000 104900000000
 0.9400   626358 0.9500   634638      1       -1       -1       -1  0 3.11433e+11 2.47900e+11 131.748000 8.154000 99.720000  1 0.3500 125.790000 23.54147 22.92554 56.85690 -216.710 -0.270 -90.290 2.018e+11 9.572e+10 7.944e+10 0.07109 420462 420462 676074 2745 82 420455 420521 8.15381 247860000000 257390000000 238320000000 200190000000 104860000000 15.0132 0 0.05886 0.71031 0.46176 1.28009 -0.45887 12.9934 0.69786 0.27095 2.66126 -2.40783 11.7316 0.4325 397800000000 95330000000
 0.9300   618049 0.9400   626358      1       -1       -1       -1  0 3.11433e+11 2.47900e+11 132.284000 7.588000 100.780000  1 0.3500 128.820000 23.56637 22.91765 56.86997 -212.160 2.260 -87.790 1.980e+11 9.254e+10 8.355e+10 0.06885 420463 420463 676074 1790 81 420455 420521 7.5875 247860000000 247860000000 219260000000 200190000000 123930000000 19.7872 0 0.05829 0.51201 0.37111 -5.00123 2.11405 14.9835 0.21369 0.11477 -4.92601 1.43964 14.2265 0.4478 400200000000 95330000000
 0.9200   609709 0.9300   618049      1       -1       -1       -1  0 3.11433e+11 2.47900e+11 132.820000 6.650000 102.720000  1 0.3500 134.230000 23.58885 22.92115 56.88450 -207.760 4.780 -85.240 1.953e+11 8.944e+10 8.793e+10 0.07070 420464 420464 676074 743 80 420455 420521 6.65026 247860000000 247860000000 219260000000 209730000000 133460000000 14.3287 0 0.05802 0.68854 0.51957 -8.38979 14.1749 6.70819 0.64425 0.28627 -7.45156 10.9089 8.78898 0.4407 419700000000 95330000000
 0.9100   601366 0.9200   609709      1       -1       -1       -1  0 3.11433e+11 2.47900e+11 133.354000 5.342000 104.620000  1 0.3500 143.730000 23.61457 22.92255 56.89516 -201.720 8.550 -83.110 2.052e+11 8.076e+10 3.314e+10 0.06907 420465 420465 676074 758 79 420455 420521 5.34219 247860000000 247860000000 219260000000 209730000000 142990000000 13.8768 0 0.05593 0.93893 0.547 0.75643 6.25867 12.9045 0.76358 0.47524 -2.30827 4.0691 13.0218 0.4419 467600000000 76260000000
 0.9000   593014 0.9100   601366      1       -1       -1       -1  0 3.11433e+11 2.47900e+11 133.887000 5.934000 104.250000  1 0.3500 140.000000 23.63942 22.91857 56.90614 -197.190 11.180 -80.170 2.037e+11 7.988e+10 3.321e+10 0.06856 420466 420466 676074 1767 78 420455 420521 5.93355 247860000000 247860000000 219260000000 190660000000 162060000000 16.2123 0 0.0557 0.59239 0.41663 10.7056 2.00943 13.2282 0.63487 0.4543 10.2763 1.8875 11.4357 0.4412 455700000000 85800000000
 0.8900   584618 0.9000   593014      1       -1       -1       -1  0 3.11433e+11 2.47900e+11 134.418000 5.648000 105.580000  1 0.3500 142.720000 23.66878 22.91397 56.92355 -192.840 13.760 -77.230 2.015e+11 7.861e+10 3.385e+10 0.06819 420467 420467 676074 1819 77 420455 420521 5.64809 247860000000 276460000000 219260000000 181130000000 142990000000 18.2173 0 0.05531 0.55632 0.38874 13.5908 -4.94641 9.58708 0.50512 0.32364 14.0914 -2.28368 6.15521 0.4461 440700000000 95330000000
 0.8800   576242 0.8900   584618      1       -1       -1       -1  0 3.11433e+11 2.57400e+11 136.657000 20.770000 97.960000  1 0.3500 106.370000 23.70381 22.96929 56.89086 -189.690 11.400 -72.770 2.286e+11 8.032e+10 2.904e+10 0.03622 420468 420468 676074 2759 76 420455 420521 20.7702 257390000000 257390000000 219260000000 0 0 48.9751 0 0.05811 0.29162 0.12669 8.33534 51.019 -41.8904 0 0 0 0 0 0.7262 285600000000 162100000000
 0.8700   567791 0.8800   576242      1       -1       -1       -1  0 3.11433e+11 2.47900e+11 135.476000 7.179000 89.950000  1 0.3500 134.520000 23.71952 22.92000 56.93798 -184.740 18.800 -71.370 1.931e+11 7.240e+10 3.551e+10 0.06241 420469 420469 676074 1837 75 420455 420521 7.1787 247860000000 276460000000 228790000000 181130000000 142990000000 8.92638 0 0.05326 0.49612 0.34485 8.18766 -3.99457 20.758 0.50692 0.3608 5.64613 -1.91138 18.7304 0.3942 391600000000 47660000000
 0.8600   559336 0.8700   567791      1       -1       -1       -1  0 3.11433e+11 2.47900e+11 136.003000 11.384000 79.660000  1 0.3500 119.890000 23.74541 22.91692 56.94631 -181.540 21.780 -68.800 1.764e+11 9.633e+10 3.938e+10 0.06048 420470 420470 676074 1578 74 420455 420521 11.3838 247860000000 276460000000 228790000000 171590000000 57198000000 8.26486 0 0.05234 0.47635 0.33175 3.685 -0.3108 30.1288 0.12805 0.00909 1.0308 1.30451 28.7482 0.3446 326700000000 114400000000
 0.8500   550916 0.8600   559336      1       -1       -1       -1  0 3.11433e+11 2.47900e+11 136.527000 13.071000 70.630000  1 0.3500 116.640000 23.77164 22.91489 56.97513 -177.470 26.100 -67.780 1.875e+11 4.115e+10 2.886e+10 0.05858 420471 420471 676074 440 73 420455 420521 13.0712 247860000000 305060000000 219260000000 142990000000 66731000000 13.1673 0 0.04979 0.47304 0.23549 4.76432 2.07625 29.0856 0.60304 0.09786 5.70458 4.376 23.7643 0.2826 287600000000 133500000000
 0.8400   542392 0.8500   550916      1       -1       -1       -1  0 3.11433e+11 2.66900e+11 140.477000 16.108000 70.170000  1 0.3500 115.420000 23.80388 22.91435 56.97931 -172.110 28.290 -65.590 2.646e+11 5.651e+10 -1.321e+10 0.06873 420472 420472 676074 1495 72 420455 420521 16.1084 276460000000 305060000000 219260000000 142990000000 28599000000 8.67516 7.87 0.06165 0.50049 0.13299 3.63238 2.99119 35.4803 0.1622 0.00685 -14.9346 -0.3319 26.4438 0.2934 272000000000 133500000000
 0.8300   533874 0.8400   542392      1       -1       -1       -1  0 3.11433e+11 2.47900e+11 137.570000 15.525000 66.060000  1 0.3500 113.440000 23.82988 22.91066 56.98596 -171.150 31.770 -61.610 1.867e+11 3.804e+10 3.109e+10 0.05799 420473 420473 676074 3512 71 420455 420521 15.5251 257390000000 314590000000 247860000000 133460000000 66731000000 6.46127 0 0.04991 0.4244 0.17463 0.81672 2.4527 31.6004 0 0 -18.3506 2.74277 50.4379 0.2556 270300000000 133500000000
 0.8200   525297 0.8300   533874      1       -1       -1       -1  0 3.11433e+11 2.57400e+11 139.836000 17.665000 67.640000  1 0.3500 112.740000 23.85162 22.91755 56.98931 -169.330 32.510 -59.720 2.427e+11 -5.078e+09 -4.547e+10 0.06806 420474 420474 676074 1509 70 420455 420521 17.6655 266920000000 314590000000 209730000000 142990000000 57198000000 12.534 3.51 0.06022 0.54895 0.33943 0.9315 2.94132 17.084 0.61586 0.05084 -3.74912 2.7165 11.5886 0.2664 259100000000 143000000000
 0.8100   516654 0.8200   525297      1       -1       -1       -1  0 3.11433e+11 2.66900e+11 142.069000 13.776000 70.540000  1 0.3500 121.200000 23.87934 22.90323 57.00333 -165.210 37.320 -56.640 2.475e+11 -3.598e+10 -1.185e+11 0.07252 420475 420475 676074 441 69 420455 420521 13.776 276460000000 305060000000 219260000000 152530000000 47665000000 7.89207 6.72 0.06378 0.67026 0.15592 -1.01492 6.99696 25.3165 0.22918 0.04302 -13.6389 15.1968 11.4696 0.2722 282200000000 123900000000
 0.8000   507989 0.8100   516654      1       -1       -1       -1  0 3.11433e+11 2.57400e+11 140.877000 19.541000 74.360000  1 0.3500 111.710000 23.92226 22.89409 57.01007 -166.200 33.430 -51.690 2.481e+11 -1.568e+10 -1.262e+11 0.07768 420476 420476 676074 1548 68 420455 420521 19.5408 257390000000 305060000000 219260000000 152530000000 38132000000 10.5603 0 0.06857 0.53942 0.23123 -12.2699 8.24327 13.3574 0.21297 0.08582 13.4433 -11.2527 -10.4693 0.2929 261200000000 152500000000
 0.7900   499353 0.8000   507989      1       -1       -1       -1  0 3.11433e+11 2.57400e+11 141.393000 11.696000 79.180000  1 0.3500 125.370000 23.93151 22.90909 57.01284 -165.750 35.270 -51.840 2.690e+11 -2.717e+10 -1.623e+11 0.08995 420477 420477 676074 1622 67 420455 420521 11.6961 257390000000 285990000000 219260000000 181130000000 104860000000 20.2006 0 0.0779 0.45945 0.28934 11.6229 -14.0768 26.0872 0.50337 0.30998 14.4503 -13.0866 17.502 0.307 286600000000 114400000000
 0.7800   490711 0.7900   499353      1       -1       -1       -1  0 3.11433e+11 2.86000e+11 146.980000 12.058000 88.610000  1 0.3500 130.710000 23.96558 22.90046 57.02764 -161.770 40.280 -47.370 3.015e+11 -5.963e+09 -3.173e+11 0.10481 420478 420478 676074 1543 66 420455 420521 12.0575 285990000000 285990000000 228790000000 181130000000 104860000000 15.531 4.93 0.09115 0.61476 0.47593 9.42399 -7.34005 16.2368 0.53086 0.28737 14.433 -6.11511 6.47109 0.3399 289600000000 114400000000
 0.7700   482020 0.7800   490711      1       -1       -1       -1  0 3.11433e+11 2.76500e+11 145.851000 13.838000 89.050000  1 0.3500 125.480000 23.99986 22.89691 57.03653 -156.360 40.350 -45.770 2.664e+11 5.781e+09 -2.600e+11 0.09693 420479 420479 676074 1541 65 420455 420521 13.8379 276460000000 285990000000 257390000000 190660000000 95330000000 12.475 3.42 0.08241 0.67855 0.50044 5.01683 -6.40651 17.6934 0.76903 0.47563 2.97101 -5.04316 14.936 0.3354 314000000000 143000000000
 0.7600   473319 0.7700   482020      1       -1       -1       -1  0 3.11433e+11 2.86000e+11 148.034000 11.557000 90.140000  1 0.3500 133.550000 24.02815 22.88234 57.05577 -151.520 41.880 -45.810 2.808e+11 -1.255e+10 -3.035e+11 0.10519 420480 420480 676074 1623 64 420455 420521 11.5574 285990000000 285990000000 257390000000 200190000000 133460000000 12.3251 0 0.08695 0.84993 0.74776 -0.90986 6.17012 14.5475 0.73443 0.35601 8.42292 -11.0064 -9.30897 0.3232 329500000000 133500000000
 0.7500   464590 0.7600   473319      1       -1       -1       -1  0 3.11433e+11 2.86000e+11 148.557000 11.192000 95.310000  1 0.3500 135.390000 24.06116 22.86782 57.06821 -147.730 43.140 -43.070 2.782e+11 -1.199e+10 -2.976e+11 0.10345 420481 420481 676074 1693 63 420455 420521 11.1922 285990000000 285990000000 276460000000 219260000000 114400000000 10.7525 0 0.08608 0.79857 0.40959 -13.4724 15.5248 8.59707 0.68829 0.19247 19.0658 -18.3688 -1.09319 0.3512 379700000000 123900000000
 0.7400   455797 0.7500   464590      1       -1       -1       -1  0 3.11433e+11 2.86000e+11 149.076000 7.840000 101.890000  1 0.3500 149.670000 24.08740 22.86712 57.06332 -143.910 44.090 -40.110 2.764e+11 -1.164e+10 -2.920e+11 0.10817 420482 420482 676074 664 62 420455 420521 7.83966 285990000000 285990000000 266920000000 228790000000 152530000000 12.5934 0 0.08538 0.63263 0.39863 -8.81833 7.4397 15.9472 0.52663 0.35 -9.41913 6.40297 15.7509 0.3578 403000000000 104900000000
 0.7300   446965 0.7400   455797      1       -1       -1       -1  0 3.11433e+11 2.86000e+11 149.591000 7.922000 102.170000  1 0.3500 150.140000 24.11822 22.85392 57.06564 -140.040 44.810 -36.890 2.757e+11 -1.136e+10 -2.863e+11 0.10871 420483 420483 676074 1582 61 420455 420521 7.92196 285990000000 285990000000 266920000000 228790000000 123930000000 12.093 0 0.08483 0.87244 0.62849 -3.63513 18.5633 5.45545 0.74468 0.58415 -2.94963 8.3899 15.988 0.3541 457900000000 104900000000
 0.7200   438098 0.7300   446965      1       -1       -1       -1  0 3.11433e+11 2.86000e+11 150.102000 9.164000 97.970000  1 0.3500 145.170000 24.14595 22.84165 57.08355 -140.210 46.980 -32.340 2.691e+11 7.581e+09 -1.149e+11 0.08318 420484 420484 676074 1602 60 420455 420521 9.16419 285990000000 285990000000 276460000000 238320000000 162060000000 14.4013 0 0.06276 0.6235 0.49465 -1.63952 17.7848 -1.81797 0.64036 0.53974 -4.12084 14.9095 -0.39136 0.3181 409800000000 104900000000
 0.7100   429172 0.7200   438098      1       -1       -1       -1  0 3.11433e+11 2.76500e+11 148.917000 9.731000 95.300000  1 0.3500 141.720000 24.18159 22.81223 57.09403 -139.050 46.290 -30.460 2.205e+11 3.337e+10 -5.060e+10 0.06578 420485 420485 676074 1619 59 420455 420521 9.73125 276460000000 276460000000 266920000000 228790000000 114400000000 2.79339 0 0.05216 0.41062 0.31651 -4.20099 30.4327 -14.5523 0.21417 0.07225 -2.92958 35.4198 -15.7174 0.3318 409000000000 85800000000
 0.7000   420202 0.7100   429172      1       -1       -1       -1  0 3.11433e+11 2.66900e+11 147.677000 10.166000 88.850000  1 0.3500 138.940000 24.21858 22.79638 57.10298 -133.920 47.020 -27.890 1.851e+11 4.481e+10 -6.338e+10 0.06043 420486 420486 676074 1608 58 420455 420521 10.1662 266920000000 285990000000 266920000000 247860000000 76264000000 8.08465 0 0.0488 0.58702 0.2751 -7.03835 27.022 -22.9846 0.55095 0.27 6.47746 -23.5074 23.154 0.3134 357200000000 85800000000
 0.6900   411206 0.7000   420202      1       -1       -1       -1  0 3.11433e+11 2.86000e+11 151.612000 12.126000 83.360000  1 0.3500 137.680000 24.24462 22.80037 57.10250 -129.960 46.160 -17.500 3.113e+11 1.537e+10 -5.668e+10 0.08456 420487 420487 676074 1630 57 420455 420521 12.1262 285990000000 285990000000 276460000000 228790000000 85797000000 8.04438 6.26 0.06905 0.77777 0.46171 4.62456 -8.39805 29.3539 0.75214 0.4115 -12.3296 4.70582 23.9551 0.2824 332500000000 143000000000
 0.6800   402194 0.6900   411206      1       -1       -1       -1  0 3.11433e+11 2.76500e+11 150.397000 14.589000 78.670000  1 0.3500 130.830000 24.27923 22.77282 57.10161 -125.180 49.060 -15.310 2.134e+11 2.195e+10 -3.395e+10 0.06093 420488 420488 676074 1615 56 420455 420521 14.5889 276460000000 276460000000 276460000000 209730000000 95330000000 11.4095 0 0.05038 0.7923 0.5197 -5.35057 6.18934 28.4171 0.19595 0.06324 -13.1059 28.8477 36.6538 0.2662 322300000000 133500000000
 0.6700   393209 0.6800   402194      1       -1       -1       -1  0 3.11433e+11 2.86000e+11 152.596000 18.376000 77.440000  1 0.3500 127.070000 24.31875 22.76151 57.10865 -121.760 45.760 -13.420 2.893e+11 1.307e+10 -5.336e+10 0.07703 420489 420489 676074 506 55 420455 420521 18.3762 314590000000 333650000000 276460000000 190660000000 95330000000 13.5584 0 0.06492 0.63311 0.49395 -4.55763 7.91807 25.4823 0.67842 0.34153 -8.2997 9.33166 18.3094 0.2642 284200000000 171600000000
 0.6600   384255 0.6700   393209      1       -1       -1       -1  0 3.11433e+11 3.05100e+11 156.409000 20.028000 79.040000  1 0.3500 129.020000 24.34428 22.74748 57.10067 -114.210 51.860 -13.790 2.832e+11 -4.272e+10 -3.348e+10 0.06745 420490 420490 676074 525 54 420455 420521 20.0276 333650000000 343190000000 314590000000 200190000000 76264000000 17.2528 0 0.05743 0.82723 0.62264 1.0301 6.48232 20.3769 0.79 0.42153 -8.45948 12.7898 9.03584 0.2597 294300000000 181100000000
 0.6500   375205 0.6600   384255      1       -1       -1       -1  0 3.11433e+11 3.05100e+11 156.899000 16.063000 81.660000  1 0.3500 135.980000 24.37702 22.74352 57.11616 -110.500 51.720 -13.950 3.629e+11 -6.250e+10 -1.657e+10 0.08578 420491 420491 676074 1663 53 420455 420521 16.063 333650000000 333650000000 305060000000 190660000000 104860000000 21.6412 0 0.07387 0.55299 0.35126 -11.3292 19.6327 4.96264 0.26208 0.1459 -4.17721 23.2604 2.17592 0.2739 311700000000 162100000000
 0.6400   366122 0.6500   375205      1       -1       -1       -1  0 2.89167e+11 3.24100e+11 160.597000 19.535000 93.790000  1 0.3500 134.640000 24.38974 22.71836 57.10497 -98.980 56.370 -25.690 3.751e+11 -1.963e+11 -7.407e+10 0.08930 420492 420492 676074 1621 52 420455 420521 19.5354 324120000000 343190000000 305060000000 228790000000 76264000000 12.0241 0 0.07833 0.8917 0.52009 25.4528 -14.072 1.47153 0.88814 0.35639 -17.1314 19.3626 -1.19712 0.3308 334000000000 200200000000
 0.6300   357009 0.6400   366122      1       -1       -1       -1  0 2.70100e+11 2.38300e+11 145.393000 10.998000 72.190000  1 0.3500 136.180000 24.43620 22.71144 57.11665 -92.360 41.190 14.130 1.778e+11 8.094e+10 3.998e+10 0.07754 420493 420493 676074 2708 51 420455 420521 10.9977 324120000000 343190000000 285990000000 190660000000 133460000000 14.8737 0 0.06105 0.82117 0.50467 15.2388 -13.6217 2.69104 0.77402 0.60547 12.7991 -11.016 1.58935 0.2191 277100000000 114400000000
 0.6200   347905 0.6300   357009      1       -1       -1       -1  0 2.62200e+11 2.47900e+11 147.748000 11.030000 77.360000  1 0.3500 139.330000 24.45629 22.69444 57.11328 -88.000 43.300 13.250 2.848e+11 8.129e+10 3.854e+10 0.10665 420494 420494 676074 1630 50 420455 420521 11.0303 333650000000 343190000000 305060000000 190660000000 142990000000 11.581 4.98 0.08623 0.75422 0.57358 -7.70846 13.9158 -1.44152 0.82172 0.37515 -6.04085 6.65777 7.81816 0.2457 274000000000 114400000000
 0.6100   338770 0.6200   347905      1       -1       -1       -1  1 2.62200e+11 2.62200e+11 151.003000 11.580000 80.460000  1 0.3500 141.980000 24.47248 22.68670 57.11109 -84.300 39.280 10.100 3.194e+11 7.173e+10 4.834e+10 0.10658 420495 420495 676074 8855 49 420455 420521 11.6067 305055000000 319355000000 266925000000 176360000000 128695000000 9.30044 3.16 0.08752 0.64699 0.4864 -10.6201 15.792 0.892435 0.645945 0.38603 -9.23484 9.9955 7.56241 0.26065 281700000000 114400000000
 0.6000   329617 0.6100   338770      1       -1       -1       -1  0 2.55833e+11 2.76500e+11 154.124000 12.131000 83.340000  1 0.3500 144.540000 24.50040 22.67518 57.10316 -75.620 45.150 -3.580 3.540e+11 6.217e+10 5.814e+10 0.10652 420496 420496 676074 2650 48 420455 420521 12.131 276460000000 295520000000 228790000000 162060000000 114400000000 7.01993 1.34 0.08881 0.53976 0.39922 -13.5318 17.6683 3.22639 0.47017 0.39691 -12.4288 13.3332 7.30667 0.2756 289400000000 114400000000
 0.5900   320421 0.6000   329617      1       -1       -1       -1  0 2.54233e+11 2.28800e+11 145.115000 9.529000 71.200000  1 0.3500 143.090000 24.53322 22.66279 57.09761 -66.390 42.340 10.760 1.348e+11 8.879e+10 6.513e+10 0.07472 420497 420497 676074 2777 47 420455 420521 9.52928 257390000000 257390000000 200190000000 162060000000 123930000000 12.0329 4.95 0.05861 0.36357 0.27154 22.3641 -16.3112 2.53503 0.05561 0.03204 18.4786 -9.83962 2.46471 0.213 307000000000 85800000000
 0.5800   311169 0.5900   320421      1       -1       -1       -1  0 2.54233e+11 2.09700e+11 141.363000 10.620000 68.810000  1 0.3500 135.260000 24.55295 22.65217 57.10048 -62.520 43.970 9.880 1.309e+11 9.456e+10 1.287e+10 0.08233 420498 420498 676074 1642 46 420455 420521 10.6196 209730000000 219260000000 171590000000 171590000000 76264000000 11.6446 0 0.06352 0.47705 0.36915 -11.3053 16.6353 -8.20775 0.51914 0.31116 -9.20825 15.3855 -7.71508 0.2011 277900000000 76260000000
 0.5700   301947 0.5800   311169      1       -1       -1       -1  0 2.54233e+11 2.28800e+11 145.924000 13.048000 64.200000  1 0.3500 134.470000 24.57045 22.64240 57.09575 -61.410 40.540 7.210 7.640e+10 5.080e+10 -2.285e+09 0.03913 420499 420499 676074 1656 45 420455 420521 13.0483 228790000000 228790000000 190660000000 171590000000 76264000000 12.0672 2.64 0.03135 0.56362 0.33498 -17.3984 20.4153 -17.5288 0.5681 0.28791 -15.5598 20.0958 -19.9989 0.176 272400000000 104900000000
 0.5600   292697 0.5700   301947      1       -1       -1       -1  0 2.54233e+11 2.19300e+11 144.257000 12.553000 65.740000  1 0.3500 134.430000 24.59227 22.62631 57.09732 -58.080 40.070 7.470 6.314e+10 5.480e+10 1.791e+10 0.04065 420500 420500 676074 1882 44 420455 420521 12.5526 219260000000 219260000000 200190000000 171590000000 66731000000 7.88243 1.54 0.03159 0.45425 0.3026 8.45128 -18.5795 19.8288 0.36293 0.26082 1.32362 -15.7223 20.6622 0.1756 229800000000 104900000000
 0.5500   283447 0.5600   292697      1       -1       -1       -1  0 2.54233e+11 2.28800e+11 146.706000 15.808000 65.210000  1 0.3500 130.930000 24.61835 22.60479 57.09048 -58.990 39.810 6.830 6.190e+10 3.291e+10 2.516e+10 0.03258 420501 420501 676074 1837 43 420455 420521 15.8084 228790000000 228790000000 219260000000 181130000000 66731000000 11.7746 1.48 0.02583 0.46764 0.27601 -8.02691 17.3713 -11.8908 0.4224 0.30305 -6.54853 15.9946 -7.52339 0.1718 241600000000 123900000000
 0.5400   274223 0.5500   283447      1       -1       -1       -1  0 2.54233e+11 2.09700e+11 142.883000 9.233000 66.330000  1 0.3500 144.920000 24.63922 22.58140 57.11375 -60.130 38.170 7.330 3.096e+10 4.699e+10 1.522e+10 0.03024 420502 420502 676074 1910 42 420455 420521 9.23317 209730000000 209730000000 209730000000 171590000000 123930000000 21.728 0 0.02356 0.86765 0.52815 -1.80412 -1.95387 28.8679 0.34502 0.18411 -18.0689 5.66187 29.1858 0.1772 269000000000 57200000000
 0.5300   264977 0.5400   274223      1       -1       -1       -1  0 2.54233e+11 2.09700e+11 143.246000 8.569000 68.420000  1 0.3500 149.130000 24.65936 22.56968 57.09475 -58.050 37.490 9.660 3.070e+10 4.662e+10 1.469e+10 0.03099 420503 420503 676074 1920 41 420455 420521 8.56894 209730000000 209730000000 209730000000 181130000000 28599000000 8.47036 0 0.02352 0.70751 0.32539 -9.92581 0.5898 24.2181 0.39062 0.02879 -9.80731 2.64881 20.9154 0.1782 294100000000 38130000000
 0.5200   255744 0.5300   264977      1       -1       -1       -1  0 2.54233e+11 2.38300e+11 149.854000 11.245000 76.030000  1 0.3500 147.940000 24.67461 22.56136 57.07880 -52.940 37.360 9.700 8.411e+10 9.965e+10 1.225e+10 0.05439 420504 420504 676074 1937 40 420455 420521 11.2447 238320000000 238320000000 219260000000 190660000000 38132000000 12.4191 8.05 0.04348 0.59274 0.32568 -18.6311 -2.67761 29.0501 0.03045 0 -19.4918 -4.55226 25.3944 0.2141 300800000000 76260000000
 0.5100   246491 0.5200   255744      1       -1       -1       -1  0 2.54233e+11 2.47900e+11 152.195000 15.518000 81.940000  1 0.3500 140.630000 24.68925 22.52045 57.05914 -53.800 37.550 1.840 4.568e+10 5.989e+10 -4.166e+10 0.03054 420505 420505 676074 8262 39 420455 420521 15.5184 247860000000 247860000000 247860000000 190660000000 47665000000 23.8491 6.95 0.027 0.6558 0.2865 1.13568 13.3976 22.2084 0.47556 0.05034 -8.19978 25.0887 15.9116 0.27 266600000000 95330000000
 0.5000   237314 0.5100   246491      1       -1       -1       -1  0 2.54233e+11 2.57400e+11 154.487000 10.815000 91.600000  1 0.3500 157.160000 24.71404 22.51079 57.07095 -53.940 38.550 -4.410 9.273e+10 1.687e+11 -6.640e+10 0.07318 420506 420506 676074 1860 38 420455 420521 10.815 257390000000 257390000000 247860000000 181130000000 95330000000 9.60943 5.95 0.0605 0.77726 0.50681 -7.00531 17.6887 -9.71158 0.46545 0.25565 1.80581 -5.09785 18.5145 0.2792 268300000000 95330000000
 0.4900   228143 0.5000   237314      1       -1       -1       -1  0 2.54233e+11 2.47900e+11 152.909000 14.845000 83.250000  1 0.3500 144.710000 24.74646 22.49378 57.06578 -52.730 37.270 -2.320 8.713e+10 9.959e+10 -5.654e+10 0.05505 420507 420507 676074 2782 37 420455 420521 14.8446 247860000000 247860000000 238320000000 171590000000 104860000000 7.84861 0 0.04593 0.64993 0.60133 14.6652 -9.14596 4.82256 0.75446 0.4049 10.4312 -7.17002 -3.86123 0.252 252700000000 123900000000
 0.4800   218998 0.4900   228143      1       -1       -1       -1  0 2.47867e+11 2.57400e+11 155.194000 34.247000 68.490000  1 0.3500 127.820000 24.78471 22.47011 57.01779 -48.360 26.880 3.540 6.599e+10 1.201e+11 -5.851e+10 0.04550 420508 420508 676074 1716 36 420455 420521 34.2466 257390000000 257390000000 247860000000 57198000000 0 43.5954 0 0.04507 0.64513 0.27807 -31.7784 29.4543 21.8059 0.36728 0.17831 22.3448 -3.58095 -8.66114 0.2384 239100000000 247900000000
 0.4700   209861 0.4800   218998      1       -1       -1       -1  0 2.38333e+11 2.38300e+11 151.595000 34.798000 59.570000  1 0.3500 125.170000 24.77299 22.46475 57.03551 -48.000 33.210 13.480 6.807e+10 -7.811e+10 -4.288e+10 0.04309 420509 420509 676074 2808 35 420455 420521 34.7978 238320000000 238320000000 200190000000 123930000000 9533000000 16.2677 11.31 0.03893 0.54609 0.14085 14.474 -29.8523 43.8571 0.66318 0.06231 10.0948 -1.47772 38.399 0.1698 219500000000 209700000000
 0.4600   200763 0.4700   209861      1       -1       -1       -1  0 2.22433e+11 2.19300e+11 147.754000 24.888000 50.370000  1 0.3500 128.360000 24.79625 22.44996 57.02818 -45.380 31.340 13.620 6.498e+10 2.145e+10 -4.236e+10 0.03718 420510 420510 676074 1745 34 420455 420521 24.8876 219260000000 219260000000 209730000000 133460000000 28599000000 17.1268 0 0.03242 0.25909 0.02792 2.68612 -19.3208 38.1078 0.3332 0.03703 1.95014 -11.0565 28.6473 0.1176 204000000000 171600000000
 0.4500   191722 0.4600   200763      1       -1       -1       -1  0 2.09733e+11 2.09700e+11 145.883000 18.634000 55.530000  1 0.3500 134.210000 24.82578 22.43323 57.02831 -43.000 28.970 14.960 5.171e+10 2.816e+10 -3.130e+10 0.03342 420511 420511 676074 704 33 420455 420521 18.6336 209730000000 209730000000 209730000000 171590000000 9533000000 8.34937 0 0.02922 0.15264 0.07524 19.8075 -29.8853 47.3949 0.21438 0.03217 21.7175 -17.6617 32.6572 0.1408 214200000000 95330000000
 0.4400   182684 0.4500   191722      1       -1       -1       -1  0 2.06533e+11 2.00200e+11 143.926000 19.414000 56.220000  1 0.3500 132.110000 24.84934 22.41846 57.01412 -40.940 29.630 14.110 3.499e+10 3.249e+10 -3.586e+10 0.03269 420512 420512 676074 754 32 420455 420521 19.4144 200190000000 200190000000 200190000000 152530000000 9533000000 12.8805 0 0.02856 0.20773 0.02628 19.8161 -4.56177 40.8212 0.22187 0.06143 18.0079 -3.91132 39.7426 0.147 209100000000 123900000000
 0.4300   173678 0.4400   182684      1       -1       -1       -1  0 2.04933e+11 2.09700e+11 146.460000 20.511000 54.430000  1 0.3500 134.650000 24.87968 22.41445 57.01315 -40.960 27.320 14.620 5.116e+10 2.682e+10 -2.963e+10 0.03229 420513 420513 676074 1734 31 420455 420521 20.5109 209730000000 200190000000 200190000000 133460000000 0 19.8034 1.08 0.02904 0.88808 0.57635 13.0045 -31.5648 45.3507 0.22796 0.08722 25.1924 -1.47958 55.6156 0.1441 216900000000 104900000000
 0.4200   164739 0.4300   173678      1       -1       -1       -1  1 2.04933e+11 2.04900e+11 145.605000 26.351000 51.470000  1 0.3500 130.550000 24.89031 22.40736 57.00935 -40.960 27.320 14.620 3.257e+10 3.957e+10 -8.640e+09 0.03143 420514 420514 676074 8577 30 420455 420521 27.5868 204960000000 200190000000 195425000000 128695000000 0 17.1883 0.54 0.02824 0.663505 0.34009 13.0852 -31.1285 41.5684 0.321015 0.082355 23.5089 -5.60224 43.6814 0.12805 196300000000 143000000000
 0.4100   155879 0.4200   164739      1       -1       -1       -1  0 1.95400e+11 2.00200e+11 144.740000 32.191000 48.130000  1 0.3500 126.180000 24.92342 22.32638 57.00742 -35.460 32.270 7.710 1.399e+10 5.231e+10 1.235e+10 0.03057 420515 420515 676074 1688 29 420455 420521 32.1915 200190000000 200190000000 190660000000 123930000000 0 14.5731 0 0.02744 0.43893 0.10383 13.166 -30.6922 37.7861 0.41407 0.07749 21.8254 -9.7249 31.7473 0.112 175700000000 181100000000
 0.4000   147126 0.4100   155879      1       -1       -1       -1  0 1.84300e+11 1.81100e+11 140.236000 24.128000 48.820000  1 0.3500 127.990000 24.95080 22.29968 56.99481 -36.560 31.560 6.040 1.306e+10 5.473e+10 2.119e+10 0.04111 420516 420516 676074 1364 28 420455 420521 24.1275 181130000000 181130000000 171590000000 123930000000 19066000000 5.0147 0 0.03551 0.10836 0.01734 7.97607 -21.7595 53.1255 0.12765 0.02053 6.87952 -19.2402 48.6011 0.1067 167100000000 143000000000
 0.3900   138457 0.4000   147126      1       -1       -1       -1  0 1.81133e+11 1.71600e+11 137.963000 18.168000 50.100000  1 0.3500 133.310000 24.96974 22.27027 56.99588 -30.820 27.540 4.310 1.086e+10 3.681e+10 1.132e+10 0.03106 420517 420517 676074 1713 27 420455 420521 18.1678 171590000000 171590000000 171590000000 133460000000 19066000000 2.78316 0 0.02616 0.41511 0.15324 3.27142 -15.1424 44.2407 0.1326 0.06128 14.8872 -26.248 40.6021 0.1081 177100000000 95330000000
 0.3800   129996 0.3900   138457      1       -1       -1       -1  0 1.81133e+11 1.71600e+11 138.187000 11.458000 51.390000  1 0.3500 149.220000 24.99396 22.25836 56.98538 -28.310 22.080 5.300 9.726e+09 3.714e+10 1.170e+10 0.03359 420518 420518 676074 2731 26 420455 420521 11.4575 171590000000 171590000000 152530000000 123930000000 38132000000 7.68826 0 0.02657 0.31681 0.23072 1.20581 -20.0136 32.8009 0.26181 0.00148 2.64264 -21.9791 32.2478 0.1026 195400000000 47660000000
 0.3700   121509 0.3800   129996      1       -1       -1       -1  0 1.60467e+11 2.00200e+11 145.699000 52.900000 65.880000  1 0.3500 127.050000 24.98203 22.33588 56.97855 -27.220 29.380 -6.470 -1.001e+11 -2.507e+10 2.318e+10 0.04818 420519 420519 676074 1579 25 420455 420521 52.9002 200190000000 162060000000 162060000000 0 0 46.7943 7.74 0.05485 0.03294 0 -35.2488 94.8648 -5.54296 0 0 0 0 0 0.2626 203600000000 295500000000
 0.3600   113102 0.3700   121509      1       -1       -1       -1  1 1.09623e+11 1.09600e+11 119.232000 36.816000 52.290000  1 0.3500 104.280000 24.98988 22.32741 56.98042 -27.220 29.380 -6.470 -5.279e+10 -1.308e+10 1.123e+10 0.04950 420520 420520 676074 7864 24 420455 420521 42.8129 109628000000 90563000000 81030000000 0 0 53.912 17.71 0.102945 0.01647 0 -17.6244 47.4324 -2.77148 0 0 0 0 0 0.1313 209950000000 157285000000
 0.3500   104842 0.3600   113102      0       -1       -1       -1  0 1.90700e+10 1.90700e+10 66.730000 20.731000 0.000000  1 0.3500 60.100000 25.04111 22.31325 56.97800 -25.930 23.090 -1.710 -5.482e+09 -1.097e+09 -7.156e+08 0.05082 420521 420521 676074 1458 23 420455 420521 20.7307 19066000000 19066000000 0 0 0 61.0297 27.68 0.15104 0 0 0 0 0 0 0 0 0 0 0 216300000000 19070000000
