 1.0000   679404 0.0000       -1      1       -1       -1       -1  0 1.71600e+11 1.71600e+11 113.685000 10.842000 83.810000  1 0.8100 98.140000 38.15519 24.90227 7.98199 -32.120 300.930 21.480 3.992e+10 -1.541e+10 1.889e+10 0.01908 514661 514661 679404 4919 88 514660 514680 10.8416 171590000000 181130000000 152530000000 114400000000 19066000000 11.2982 0 0.02104 0.41647 0.22087 -0.8414 12.6496 22.925 0.14889 0.04259 -7.42666 4.83312 21.5364 0.5531 239600000000 76260000000
 0.9900   671264 1.0000   679404      1       -1       -1       -1  0 1.71600e+11 1.62100e+11 112.009000 6.027000 84.220000  1 0.8100 111.660000 38.14526 24.85370 7.96414 -33.160 299.750 25.930 5.941e+10 -8.011e+10 4.235e+10 0.05338 514662 514662 679404 4908 87 514660 514680 6.02704 162060000000 181130000000 152530000000 123930000000 9533000000 14.3157 0 0.05378 0.52714 0.28775 -0.1408 15.6158 22.9175 0.30714 0.12382 6.23722 10.8646 26.5228 0.5164 292700000000 19070000000
 0.9800   662861 0.9900   671264      1       -1       -1       -1  0 1.71600e+11 1.71600e+11 114.642000 6.610000 83.960000  1 0.8100 112.000000 38.14844 24.83113 7.96266 -33.510 296.780 26.900 4.750e+10 -7.432e+10 4.195e+10 0.04536 514663 514663 679404 4932 86 514660 514680 6.60992 171590000000 181130000000 152530000000 123930000000 19066000000 5.15998 0 0.0442 0.55408 0.29043 -4.84724 19.0627 18.9527 0.59194 0.19632 -9.02826 16.6045 12.6403 0.4891 291500000000 19070000000
 0.9700   654496 0.9800   662861      1       -1       -1       -1  0 1.71600e+11 1.71600e+11 115.120000 7.708000 89.540000  1 0.8100 107.960000 38.15334 24.79721 7.96760 -33.660 293.960 26.650 4.789e+10 -7.386e+10 4.211e+10 0.04383 514664 514664 679404 7914 85 514660 514680 7.70804 171590000000 181130000000 152530000000 142990000000 47665000000 4.92799 0 0.04429 0.49274 0.28132 -8.41207 22.1854 13.4636 0.16176 0 15.4749 -12.0648 -6.15461 0.5387 274800000000 47660000000
 0.9600   646171 0.9700   654496      1       -1       -1       -1  0 1.71600e+11 1.71600e+11 115.597000 7.750000 94.310000  1 0.8100 108.260000 38.15642 24.76460 7.96456 -33.770 291.060 26.370 4.818e+10 -7.327e+10 4.226e+10 0.04106 514665 514665 679404 4980 84 514660 514680 7.75011 171590000000 181130000000 152530000000 142990000000 66731000000 4.48415 0 0.04433 0.08133 0.06653 -9.50951 36.2361 11.9223 0.07762 0.06625 -9.07874 35.2558 12.0714 0.5965 279800000000 66730000000
 0.9500   637843 0.9600   646171      1       -1       -1       -1  0 1.71600e+11 1.71600e+11 116.074000 5.902000 92.760000  1 0.8100 117.060000 38.15774 24.73825 7.96273 -31.310 290.830 27.620 7.201e+10 -7.072e+10 7.812e+09 0.04459 514666 514666 679404 4993 83 514660 514680 5.90162 171590000000 181130000000 152530000000 142990000000 0 3.56974 0 0.04624 0.28351 0.08791 -1.92146 31.0771 12.7913 0.16058 0.00559 -1.22217 34.6139 12.4204 0.5688 316500000000 28600000000
 0.9400   629538 0.9500   637843      1       -1       -1       -1  0 1.71600e+11 1.71600e+11 116.549000 7.886000 87.500000  1 0.8100 108.700000 38.16809 24.71626 7.96023 -31.370 288.490 27.720 7.007e+10 -7.009e+10 8.360e+09 0.04432 514667 514667 679404 4987 82 514660 514680 7.88567 171590000000 181130000000 152530000000 133460000000 19066000000 10.943 0 0.04558 0.26359 0.13065 -0.1652 26.3379 14.0897 0.13183 0.03473 -1.78348 20.424 10.9182 0.5358 256400000000 47660000000
 0.9300   621215 0.9400   629538      1       -1       -1       -1  1 1.71600e+11 1.71600e+11 117.025000 8.893000 82.860000  1 0.8100 106.210000 38.17157 24.68430 7.95716 -31.370 288.490 27.720 6.792e+10 -6.970e+10 9.031e+09 0.04448 514668 514668 679404 8068 81 514660 514680 9.00543 171590000000 181130000000 157295000000 128695000000 14299500000 6.29317 0 0.044945 0.342275 0.184925 1.14036 24.4619 17.501 0.344215 0.03364 -0.52833 18.6964 10.5555 0.49675 238950000000 61960000000
 0.9200   612868 0.9300   621215      1       -1       -1       -1  0 1.71600e+11 1.71600e+11 117.498000 9.900000 77.640000  1 0.8100 103.600000 38.16849 24.63803 7.95336 -31.400 283.740 28.020 6.577e+10 -6.931e+10 9.701e+09 0.04464 514669 514669 679404 5023 80 514660 514680 9.89993 171590000000 181130000000 162060000000 123930000000 9533000000 1.6433 0 0.04431 0.42096 0.2392 2.44592 22.5859 20.9122 0.5566 0.03255 0.72682 16.9689 10.1929 0.4577 221500000000 76260000000
 0.9100   604503 0.9200   612868      1       -1       -1       -1  0 1.71600e+11 1.71600e+11 117.970000 11.349000 73.660000  1 0.8100 100.790000 38.17800 24.61334 7.95155 -31.320 281.380 28.420 6.275e+10 -6.935e+10 1.066e+10 0.04361 514670 514670 679404 5037 79 514660 514680 11.3494 171590000000 181130000000 162060000000 114400000000 0 10.9366 0 0.04358 0.40212 0.09948 11.0373 29.284 30.6012 0.28981 0 13.0429 24.6169 25.5163 0.4348 210000000000 85800000000
 0.9000   596128 0.9100   604503      1       -1       -1       -1  0 1.71600e+11 1.71600e+11 118.442000 14.761000 71.000000  1 0.8100 95.730000 38.18145 24.57774 7.94852 -31.170 279.110 29.220 5.860e+10 -6.924e+10 1.163e+10 0.04212 514671 514671 679404 5036 78 514660 514680 14.7611 171590000000 181130000000 171590000000 85797000000 0 11.0742 0 0.04249 0.39151 0.07622 12.2243 34.3492 36.9042 0.17961 0 -24.1718 0.49745 33.1103 0.421 212200000000 85800000000
 0.8900   587715 0.9000   596128      1       -1       -1       -1  0 1.71600e+11 1.71600e+11 118.912000 14.784000 70.690000  1 0.8100 96.120000 38.18497 24.54148 7.94541 -29.550 278.430 25.680 1.843e+10 -3.653e+10 2.340e+08 0.01876 514672 514672 679404 5062 77 514660 514680 14.7836 171590000000 181130000000 171590000000 95330000000 0 20.3157 0 0.01908 0.49504 0.13738 7.53313 23.6756 33.6005 0.65815 0.15614 2.50733 -9.27337 17.3625 0.4148 217400000000 95330000000
 0.8800   579330 0.8900   587715      1       -1       -1       -1  0 1.68433e+11 1.71600e+11 119.381000 17.503000 71.730000  1 0.8100 93.520000 38.18858 24.50454 7.94222 -29.620 275.350 24.940 1.649e+10 -3.481e+10 -3.479e+08 0.01769 514673 514673 679404 1006 76 514660 514680 17.5031 171590000000 181130000000 171590000000 85797000000 38132000000 20.8215 0 0.01803 0.61218 0.47009 5.72244 13.8351 25.8248 0.36436 0.17444 2.44012 -7.19211 20.484 0.4218 200600000000 114400000000
 0.8700   570866 0.8800   579330      1       -1       -1       -1  0 1.65267e+11 1.62100e+11 117.586000 11.121000 72.650000  1 0.8100 100.730000 38.17999 24.44855 7.92876 -29.980 272.280 25.860 2.993e+10 -4.442e+10 2.200e+09 0.02764 514674 514674 679404 4087 75 514660 514680 11.1211 162060000000 171590000000 162060000000 133460000000 0 5.78308 0 0.0277 0.31488 0.09537 13.0795 18.4378 34.9258 0.23696 0.01271 15.1496 10.6531 25.8135 0.4267 219600000000 76260000000
 0.8600   562406 0.8700   570866      1       -1       -1       -1  0 1.62100e+11 1.62100e+11 118.043000 11.671000 71.490000  1 0.8100 100.110000 38.18652 24.40717 7.92249 -30.370 268.760 25.270 3.139e+10 -4.549e+10 2.807e+09 0.02899 514675 514675 679404 5119 74 514660 514680 11.6713 162060000000 162060000000 162060000000 114400000000 0 1.8203 0 0.0287 0.62125 0.02389 -8.35507 11.1895 24.6432 0.10922 0 21.2426 3.63168 28.6234 0.4123 214400000000 66730000000
 0.8500   553968 0.8600   562406      1       -1       -1       -1  0 1.58900e+11 1.62100e+11 118.498000 9.428000 71.180000  1 0.8100 105.760000 38.19986 24.38957 7.93220 -29.230 263.480 20.670 1.517e+10 -3.425e+10 -9.459e+07 0.02033 514676 514676 679404 5115 73 514660 514680 9.4283 162060000000 171590000000 142990000000 104860000000 0 16.2945 0 0.01951 0.4806 0.28636 11.5281 21.8984 25.6616 0.56288 0.17735 -0.86612 18.7508 22.1735 0.3907 206600000000 76260000000
 0.8400   545463 0.8500   553968      1       -1       -1       -1  0 1.55700e+11 1.52500e+11 116.572000 8.890000 74.160000  1 0.8100 105.150000 38.20379 24.34982 7.92870 -28.930 261.820 19.200 3.331e+10 -4.294e+10 -2.083e+09 0.03262 514677 514677 679404 5145 72 514660 514680 8.88972 152530000000 171590000000 133460000000 104860000000 38132000000 12.3526 0 0.03146 0.72442 0.36042 0.98159 23.3234 9.3788 0.7507 0.13505 5.19463 21.6897 0.54546 0.4196 194800000000 47660000000
 0.8300   536943 0.8400   545463      1       -1       -1       -1  0 1.52500e+11 1.52500e+11 117.014000 10.124000 71.400000  1 0.8100 102.400000 38.20780 24.30934 7.92511 -30.170 253.460 20.690 -1.145e+10 -3.138e+10 -2.985e+10 0.02779 514678 514678 679404 5135 71 514660 514680 10.1244 152530000000 162060000000 133460000000 114400000000 28599000000 12.3347 0 0.02602 0.5916 0.3453 7.12757 16.2588 17.7442 0.63568 0.28292 6.68528 19.9011 1.42836 0.3844 186300000000 57200000000
 0.8200   528347 0.8300   536943      1       -1       -1       -1  0 1.49333e+11 1.52500e+11 117.455000 9.613000 67.780000  1 0.8100 104.200000 38.21190 24.26812 7.92142 -30.480 250.840 20.670 -1.058e+10 -3.033e+10 -3.023e+10 0.02792 514679 514679 679404 4108 70 514660 514680 9.61289 152530000000 162060000000 133460000000 104860000000 9533000000 11.2406 0 0.02572 0.44064 0.1456 13.2372 20.0011 26.147 0.72245 0.09304 17.7864 18.1949 -3.50118 0.3515 193500000000 57200000000
 0.8100   519703 0.8200   528347      0       -1       -1       -1  0 1.43000e+11 1.43000e+11 115.384000 8.460000 67.700000  1 0.8100 105.250000 38.21609 24.22615 7.91764 -29.620 250.070 21.590 4.658e+09 -3.749e+10 -3.107e+10 0.03467 514680 514680 679404 5174 69 514660 514680 8.45965 142990000000 162060000000 142990000000 114400000000 0 9.01138 0 0.0319 0.64896 0.06792 9.50504 14.6145 27.8757 0.6668 0.03064 14.1459 20.8955 18.3931 0.359 201200000000 38130000000
