 1.0000   676923 0.0000       -1      1       -1       -1       -1  0 3.52700e+11 3.52700e+11 144.548000 10.049000 111.550000  1 0.3000 134.730000 2.18376 44.33313 11.00353 103.710 95.520 419.160 9.898e+10 1.703e+11 -1.588e+11 0.03601 355226 355226 676923 2438 88 355225 355296 10.049 352720000000 381320000000 324120000000 285990000000 152530000000 2.07752 0 0.03425 0.81547 0.61394 13.051 0.21485 13.946 0.92196 0.5506 1.09976 3.7783 14.3721 0.5145 490400000000 162100000000
 0.9900   668770 1.0000   676923      1       -1       -1       -1  0 3.49533e+11 3.43200e+11 143.837000 11.577000 108.910000  1 0.3000 129.070000 2.17237 44.32324 10.95990 102.990 95.780 416.210 7.309e+10 1.658e+11 -1.359e+11 0.03399 355227 355227 676923 2427 87 355225 355296 11.5769 352720000000 381320000000 333650000000 266920000000 104860000000 2.50912 0 0.03219 0.85152 0.4957 19.961 -1.25553 10.7114 0.91173 0.34317 15.092 -1.26091 11.2747 0.5024 466500000000 162100000000
 0.9800   660404 0.9900   668770      1       -1       -1       -1  0 3.46367e+11 3.52700e+11 145.765000 11.965000 105.650000  1 0.3000 130.020000 2.16868 44.30910 10.93354 97.100 93.550 408.450 1.016e+11 1.655e+11 -1.587e+11 0.03553 355228 355228 676923 2659 86 355225 355296 11.9652 352720000000 362250000000 324120000000 247860000000 76264000000 15.6423 2.45 0.03415 0.90469 0.51137 5.30893 3.70728 22.0784 0.71238 0.35279 -3.57636 7.22683 17.9283 0.4909 469500000000 171600000000
 0.9700   652077 0.9800   660404      1       -1       -1       -1  0 3.43200e+11 3.43200e+11 145.042000 9.733000 104.360000  1 0.3000 135.940000 2.16808 44.30457 10.88316 96.290 93.450 404.980 8.357e+10 1.664e+11 -1.202e+11 0.03437 355229 355229 676923 2463 85 355225 355296 9.73296 343190000000 362250000000 324120000000 238320000000 95330000000 13.7761 2.27 0.03168 0.96472 0.45641 22.7132 -6.10303 7.76822 0.84121 0.38411 -10.857 12.7851 15.2623 0.4655 509800000000 104900000000
 0.9600   643762 0.9700   652077      1       -1       -1       -1  0 3.33667e+11 3.33700e+11 144.282000 10.977000 103.790000  1 0.3000 130.840000 2.16286 44.28993 10.83615 93.980 92.800 399.340 6.192e+10 1.642e+11 -1.030e+11 0.03338 355230 355230 676923 1426 84 355225 355296 10.9768 333650000000 352720000000 295520000000 247860000000 104860000000 22.0521 0 0.03059 0.63633 0.44513 16.6137 -7.49012 0.0386 0.72732 0.41581 13.2484 -9.32577 -2.12133 0.4616 457300000000 123900000000
 0.9500   635465 0.9600   643762      1       -1       -1       -1  0 3.24133e+11 3.24100e+11 143.484000 10.423000 100.790000  1 0.3000 131.510000 2.14518 44.27702 10.79279 90.410 95.280 393.820 -6.379e+09 1.366e+11 -7.022e+10 0.02754 355231 355231 676923 2464 83 355225 355296 10.4234 324120000000 352720000000 305060000000 257390000000 38132000000 16.6399 0 0.02432 0.79807 0.47173 22.6301 -7.19947 3.90404 0.50983 0.25978 -4.6006 16.0245 18.0596 0.4302 489200000000 123900000000
 0.9400   627179 0.9500   635465      1       -1       -1       -1  0 3.17767e+11 3.14600e+11 142.645000 7.738000 98.990000  1 0.3000 141.160000 2.12096 44.27221 10.73939 84.740 93.110 387.340 -3.531e+10 2.236e+11 -5.865e+10 0.04557 355232 355232 676923 420 82 355225 355296 7.73833 314590000000 343190000000 314590000000 285990000000 28599000000 3.79862 0 0.03901 0.73806 0.4985 23.7476 -11.6287 8.97068 0.83053 0.44034 21.1486 -11.1147 3.37454 0.4076 552400000000 38130000000
 0.9300   618872 0.9400   627179      1       -1       -1       -1  0 3.14600e+11 3.14600e+11 143.226000 9.775000 100.350000  1 0.3000 133.180000 2.12654 44.25546 10.70190 82.550 92.010 381.360 -3.461e+10 2.251e+11 -5.736e+10 0.04604 355233 355233 676923 3475 81 355225 355296 9.77475 314590000000 352720000000 295520000000 276460000000 47665000000 14.7618 0 0.03932 0.82112 0.44919 15.8793 -7.504 10.4044 0.90938 0.43724 14.0522 -1.47605 11.2318 0.4112 492800000000 95330000000
 0.9200   610541 0.9300   618872      1       -1       -1       -1  0 3.11433e+11 3.14600e+11 143.806000 9.356000 103.970000  1 0.3000 135.300000 2.10557 44.25665 10.64742 80.420 90.850 375.270 -3.453e+10 2.266e+11 -5.590e+10 0.04713 355234 355234 676923 2739 80 355225 355296 9.35649 314590000000 333650000000 305060000000 295520000000 57198000000 7.51375 0 0.03964 0.8156 0.49497 17.2388 -11.8111 14.2782 0.62779 0.27127 21.0738 -14.0473 15.0701 0.4194 509600000000 104900000000
 0.9100   602191 0.9200   610541      1       -1       -1       -1  0 3.08267e+11 3.05100e+11 142.911000 7.574000 110.830000  1 0.3000 142.070000 2.10041 44.25032 10.60445 79.010 91.100 368.160 -3.280e+09 1.954e+11 -8.138e+10 0.04516 355235 355235 676923 2765 79 355225 355296 7.57376 305060000000 314590000000 305060000000 276460000000 171590000000 11.8919 0 0.03756 0.60215 0.46726 -4.52879 12.7802 -12.0295 0.69186 0.41647 2.38096 -10.8451 10.7133 0.4489 493200000000 66730000000
 0.9000   593840 0.9100   602191      1       -1       -1       -1  0 3.05100e+11 3.05100e+11 143.482000 8.670000 113.560000  1 0.3000 137.540000 2.09438 44.23988 10.54200 81.000 87.340 363.280 -3.289e+10 2.676e+11 2.169e+10 0.05721 355236 355236 676923 2809 78 355225 355296 8.67014 305060000000 314590000000 305060000000 266920000000 142990000000 20.5275 0 0.04817 0.55902 0.44744 -1.86383 -6.93321 13.5244 0.33058 0.10776 -3.24188 -7.35056 14.5063 0.4651 466100000000 104900000000
 0.8900   585442 0.9000   593840      1       -1       -1       -1  0 3.05100e+11 3.05100e+11 144.052000 5.613000 119.410000  1 0.3000 156.430000 2.08262 44.22178 10.51201 72.130 86.080 354.250 -2.251e+10 2.556e+11 -8.716e+10 0.06094 355237 355237 676923 2815 77 355225 355296 5.61336 305060000000 305060000000 295520000000 266920000000 200190000000 8.35867 0 0.04843 0.58148 0.51596 -4.9416 -4.41068 18.6587 0.54996 0.42574 -7.09928 -4.07195 17.1642 0.461 579600000000 104900000000
 0.8800   577064 0.8900   585442      1       -1       -1       -1  0 3.05100e+11 3.05100e+11 144.619000 5.378000 122.580000  1 0.3000 159.230000 2.06841 44.21099 10.46556 70.170 85.100 347.830 -2.120e+10 2.535e+11 -8.681e+10 0.06328 355238 355238 676923 3825 76 355225 355296 5.37825 305060000000 305060000000 285990000000 266920000000 171590000000 5.77729 0 0.04822 0.73644 0.44738 1.5226 5.70362 17.9668 0.61694 0.33832 0.66808 6.32199 18.3355 0.4527 589700000000 123900000000
 0.8700   568609 0.8800   577064      1       -1       -1       -1  0 2.98733e+11 3.05100e+11 145.185000 5.329000 118.870000  1 0.3000 160.470000 2.05525 44.19801 10.41727 68.260 84.070 341.320 -2.027e+10 2.516e+11 -8.605e+10 0.06197 355239 355239 676923 2792 75 355225 355296 5.32898 305060000000 305060000000 285990000000 266920000000 209730000000 3.94728 0 0.04801 0.70027 0.51834 -6.91136 9.15861 16.7644 0.70835 0.42996 -5.41798 9.95929 17.0523 0.4456 598400000000 104900000000
 0.8600   560150 0.8700   568609      1       -1       -1       -1  0 2.92367e+11 2.86000e+11 142.647000 6.096000 113.380000  1 0.3000 150.640000 2.04426 44.18663 10.36542 70.020 81.590 331.870 9.970e+09 2.220e+11 6.418e+09 0.05795 355240 355240 676923 2800 74 355225 355296 6.09581 285990000000 305060000000 276460000000 257390000000 200190000000 2.86765 0 0.04475 0.57804 0.41752 -11.8123 12.7692 13.5522 0.50865 0.3157 -11.4166 13.9432 13.5847 0.4281 548900000000 76260000000
 0.8500   551719 0.8600   560150      1       -1       -1       -1  0 2.86000e+11 2.86000e+11 143.197000 7.581000 102.940000  1 0.3000 142.230000 2.03665 44.17929 10.31254 68.210 80.770 325.320 1.036e+10 2.191e+11 6.089e+09 0.05564 355241 355241 676923 2793 73 355225 355296 7.58104 285990000000 295520000000 276460000000 266920000000 104860000000 8.21323 0 0.04434 0.79995 0.57466 -12.9776 19.1606 3.03503 0.78932 0.49169 -11.1958 20.2546 2.6894 0.3963 507000000000 66730000000
 0.8400   543207 0.8500   551719      1       -1       -1       -1  0 2.86000e+11 2.76500e+11 142.130000 7.666000 96.220000  1 0.3000 140.460000 2.02575 44.16768 10.27302 66.950 79.920 318.780 1.076e+10 2.103e+11 6.945e+09 0.05779 355242 355242 676923 2839 72 355225 355296 7.66647 276460000000 285990000000 276460000000 266920000000 57198000000 5.89761 0 0.04522 0.63317 0.54849 -7.52508 20.9276 -11.615 0.76199 0.25641 -10.1398 21.1699 -5.59855 0.3601 465800000000 57200000000
 0.8300   534698 0.8400   543207      1       -1       -1       -1  0 2.86000e+11 2.76500e+11 142.669000 8.279000 88.810000  1 0.3000 138.230000 2.01935 44.14591 10.22551 62.400 80.700 309.980 7.299e+09 2.379e+11 2.739e+10 0.06582 355243 355243 676923 708 71 355225 355296 8.27894 276460000000 285990000000 276460000000 257390000000 95330000000 5.01792 0 0.05165 0.83438 0.7268 -8.76608 18.5543 -15.5202 0.86757 0.61456 -5.09228 20.8109 -12.2967 0.3231 429700000000 66730000000
 0.8200   526120 0.8300   534698      1       -1       -1       -1  0 2.86000e+11 2.76500e+11 143.206000 8.761000 88.150000  1 0.3000 136.850000 2.01019 44.13049 10.18322 60.690 79.400 303.730 6.494e+09 2.361e+11 2.735e+10 0.06347 355244 355244 676923 2839 70 355225 355296 8.76124 276460000000 285990000000 276460000000 238320000000 19066000000 11.096 0 0.05146 0.68787 0.53704 5.59348 -13.9593 18.2932 0.66518 0.31953 -1.25086 17.0736 -14.4902 0.3325 426400000000 47660000000
 0.8100   517476 0.8200   526120      1       -1       -1       -1  0 2.86000e+11 2.86000e+11 145.374000 10.075000 86.090000  1 0.3000 134.520000 1.99539 44.12117 10.12758 60.990 77.320 298.850 1.369e+10 2.095e+11 2.401e+09 0.05301 355245 355245 676923 2823 69 355225 355296 10.0747 285990000000 295520000000 266920000000 219260000000 47665000000 7.03422 0 0.04314 0.74022 0.54445 -2.7736 -10.5303 19.4491 0.6336 0.27149 -6.60724 -12.0592 20.1862 0.3188 414200000000 85800000000
 0.8000   508802 0.8100   517476      1       -1       -1       -1  0 2.82800e+11 2.95500e+11 147.516000 21.590000 82.650000  1 0.3000 115.830000 1.97732 44.10184 10.03846 57.750 75.680 292.810 -6.940e+09 2.440e+11 -2.571e+09 0.04964 355246 355246 676923 2871 68 355225 355296 21.5901 295520000000 314590000000 276460000000 200190000000 0 32.0706 0 0.0477 0.29482 0.12137 -0.5817 10.1436 53.7632 0.4072 0 18.9205 22.1255 21.5811 0.3683 330000000000 200200000000
 0.7900   500168 0.8000   508802      1       -1       -1       -1  0 2.76433e+11 2.66900e+11 143.118000 9.428000 86.190000  1 0.3000 134.380000 1.97937 44.10220 10.04597 56.780 74.960 278.570 5.089e+09 1.592e+11 -3.914e+10 0.04740 355247 355247 676923 2890 67 355225 355296 9.42806 266920000000 285990000000 257390000000 209730000000 76264000000 15.3114 4.93 0.03813 0.53753 0.40237 -5.6731 0.36864 22.7636 0.26516 0.17958 -6.47642 -1.90535 20.537 0.3141 383900000000 76260000000
 0.7800   491526 0.7900   500168      1       -1       -1       -1  0 2.70100e+11 2.66900e+11 143.638000 8.768000 90.690000  1 0.3000 137.750000 1.96271 44.08979 9.98731 55.940 68.840 271.520 1.485e+10 1.550e+11 -3.667e+10 0.04707 355248 355248 676923 2895 66 355225 355296 8.76759 266920000000 295520000000 257390000000 209730000000 133460000000 13.608 0 0.03737 0.51652 0.31862 -2.97269 10.8277 18.0104 0.31896 0.08945 0.97028 9.87364 13.3696 0.3285 383800000000 95330000000
 0.7700   482842 0.7800   491526      1       -1       -1       -1  0 2.70100e+11 2.76500e+11 145.851000 7.388000 90.840000  1 0.3000 147.390000 1.95577 44.06887 9.92328 53.730 68.040 267.970 3.278e+10 2.014e+11 -3.916e+10 0.05873 355249 355249 676923 2905 65 355225 355296 7.38762 276460000000 295520000000 257390000000 219260000000 114400000000 8.00554 0 0.04598 0.72861 0.38751 -5.06535 10.9175 16.1976 0.72955 0.21865 1.88685 15.5792 9.36448 0.3188 350900000000 95330000000
 0.7600   474146 0.7700   482842      1       -1       -1       -1  0 2.70100e+11 2.66900e+11 144.669000 7.881000 86.820000  1 0.3000 143.430000 1.94597 44.06311 9.89251 53.290 63.720 257.180 1.450e+10 1.413e+11 -3.205e+10 0.04395 355250 355250 676923 2920 64 355225 355296 7.88107 266920000000 266920000000 247860000000 219260000000 152530000000 12.6627 3.54 0.03434 0.50717 0.30203 -19.6822 13.6679 23.1329 0.34734 0.23386 -21.0198 13.4893 23.595 0.3016 413200000000 66730000000
 0.7500   465423 0.7600   474146      1       -1       -1       -1  0 2.66900e+11 2.66900e+11 145.179000 10.563000 84.450000  1 0.3000 133.480000 1.93814 44.04113 9.84098 52.480 64.980 253.750 1.372e+10 1.385e+11 -3.427e+10 0.04339 355251 355251 676923 2928 63 355225 355296 10.563 266920000000 266920000000 247860000000 228790000000 114400000000 7.56622 0 0.03396 0.75067 0.54843 -2.48411 15.4627 12.5606 0.84429 0.52726 -1.25537 14.2434 11.5922 0.2889 364500000000 114400000000
 0.7400   456626 0.7500   465423      1       -1       -1       -1  0 2.66900e+11 2.57400e+11 143.931000 9.127000 82.290000  1 0.3000 137.330000 1.92900 44.02845 9.79307 50.800 61.170 245.980 -4.846e+10 1.460e+11 -3.431e+10 0.05191 355252 355252 676923 2913 62 355225 355296 9.12669 257390000000 266920000000 247860000000 219260000000 114400000000 5.032 0 0.03988 0.98411 0.68252 -14.592 15.1936 6.07894 0.88226 0.48057 22.1541 2.74168 6.37177 0.2722 354700000000 85800000000
 0.7300   447795 0.7400   456626      1       -1       -1       -1  0 2.66900e+11 2.57400e+11 144.428000 9.084000 81.040000  1 0.3000 138.330000 1.91999 44.02003 9.73961 49.530 59.990 240.400 -4.880e+10 1.428e+11 -3.348e+10 0.05222 355253 355253 676923 2932 61 355225 355296 9.08352 257390000000 257390000000 247860000000 219260000000 142990000000 3.74348 0 0.0393 0.853 0.74003 7.80502 8.67912 21.064 0.7438 0.59538 17.064 -3.32355 16.0043 0.2564 357300000000 114400000000
 0.7200   438935 0.7300   447795      1       -1       -1       -1  0 2.66900e+11 2.57400e+11 144.922000 9.619000 87.590000  1 0.3000 137.090000 1.91365 44.00595 9.68037 44.050 55.790 235.930 -5.411e+10 1.802e+11 -4.446e+10 0.06545 355254 355254 676923 2962 60 355225 355296 9.61897 257390000000 257390000000 257390000000 219260000000 133460000000 5.40344 0 0.04941 0.40559 0.31989 3.82745 2.62523 23.4337 0.35927 0.27922 2.8805 2.48664 22.2779 0.2852 348800000000 104900000000
 0.7100   430016 0.7200   438935      1       -1       -1       -1  0 2.66900e+11 2.57400e+11 145.412000 7.006000 88.520000  1 0.3000 150.450000 1.90505 43.99203 9.62881 42.740 54.820 229.750 -5.448e+10 1.775e+11 -4.337e+10 0.06592 355255 355255 676923 2967 59 355225 355296 7.00606 257390000000 266920000000 247860000000 209730000000 152530000000 6.42764 0 0.04899 0.60401 0.55227 -2.2588 4.26205 21.0985 0.55342 0.40946 -2.28188 -0.31242 21.6543 0.2827 389900000000 76260000000
 0.7000   421047 0.7100   430016      1       -1       -1       -1  0 2.66900e+11 2.66900e+11 147.677000 7.344000 81.920000  1 0.3000 151.740000 1.89804 43.97572 9.57820 40.690 55.470 222.700 -9.321e+10 2.005e+11 4.204e+10 0.07275 355256 355256 676923 2971 58 355225 355296 7.34412 266920000000 266920000000 238320000000 209730000000 142990000000 8.99888 0 0.05474 0.54547 0.37679 -14.842 11.1462 17.9474 0.49908 0.34161 -14.5442 10.6119 18.6033 0.25 382200000000 57200000000
 0.6900   412054 0.7000   421047      1       -1       -1       -1  0 2.66900e+11 2.57400e+11 146.379000 8.412000 79.980000  1 0.3000 144.810000 1.88459 43.95759 9.52207 38.730 52.730 217.180 -6.939e+10 1.796e+11 3.831e+10 0.06674 355257 355257 676923 2983 57 355225 355296 8.41184 257390000000 257390000000 238320000000 219260000000 114400000000 4.0462 0 0.05101 0.57178 0.45973 -5.86993 23.9812 16.8374 0.47371 0.39239 -8.98112 22.177 16.0807 0.2492 382400000000 66730000000
 0.6800   403037 0.6900   412054      1       -1       -1       -1  0 2.66900e+11 2.57400e+11 146.857000 11.147000 76.840000  1 0.3000 135.420000 1.87362 43.93957 9.47237 36.390 52.210 212.260 -9.202e+10 1.985e+11 3.391e+10 0.07606 355258 355258 676923 3033 56 355225 355296 11.1474 257390000000 257390000000 238320000000 219260000000 123930000000 5.7541 1.26 0.05786 0.82395 0.21165 -6.44497 20.6871 3.76693 0.58208 0.075 -12.9232 18.9777 -7.45484 0.2304 313900000000 123900000000
 0.6700   394052 0.6800   403037      1       -1       -1       -1  0 2.66900e+11 2.38300e+11 143.598000 9.499000 79.780000  1 0.3000 137.500000 1.86048 43.93005 9.40885 37.430 51.680 208.730 -5.050e+10 1.870e+11 1.482e+10 0.07729 355259 355259 676923 4099 55 355225 355296 9.49893 238320000000 238320000000 238320000000 181130000000 123930000000 10.9804 0 0.05804 0.56786 0.29398 -4.21152 15.8383 21.4853 0.57282 0.23884 -5.75187 14.0247 21.7475 0.2447 331000000000 104900000000
 0.6600   385105 0.6700   394052      1       -1       -1       -1  0 2.66900e+11 2.57400e+11 147.797000 11.554000 81.280000  1 0.3000 136.020000 1.84196 43.92607 9.37769 35.020 49.630 200.280 -8.936e+10 1.884e+11 3.541e+10 0.07130 355260 355260 676923 3016 54 355225 355296 11.5537 257390000000 266920000000 238320000000 190660000000 123930000000 21.3265 0.96 0.05591 0.40781 0.21526 -4.99421 4.50764 26.3303 0.40569 0.21239 -6.00853 6.36943 24.898 0.2597 317100000000 123900000000
 0.6500   376063 0.6600   385105      1       -1       -1       -1  0 2.66900e+11 2.38300e+11 144.506000 8.403000 80.490000  1 0.3000 144.030000 1.83497 43.90767 9.30629 35.250 46.760 196.100 -8.436e+10 1.489e+11 1.404e+10 0.06990 355261 355261 676923 3017 53 355225 355296 8.40279 238320000000 247860000000 228790000000 200190000000 133460000000 13.4585 0 0.05193 0.34656 0.14927 -11.2856 4.7222 20.376 0.21149 0.03136 -13.618 5.9624 25.3095 0.243 327700000000 66730000000
 0.6400   366989 0.6500   376063      1       -1       -1       -1  0 2.66900e+11 2.38300e+11 144.952000 10.039000 75.260000  1 0.3000 138.370000 1.83292 43.88846 9.24285 34.580 46.670 190.190 -4.533e+10 1.711e+11 1.644e+10 0.07173 355262 355262 676923 2997 52 355225 355296 10.0389 238320000000 257390000000 219260000000 200190000000 114400000000 14.0803 0 0.05409 0.30414 0.2083 -12.2512 14.0068 15.9865 0.21787 0.07562 16.6925 -16.2012 -14.1724 0.2241 290200000000 114400000000
 0.6300   357871 0.6400   366989      1       -1       -1       -1  0 2.66900e+11 2.38300e+11 145.393000 12.468000 68.760000  1 0.3000 132.080000 1.83685 43.86145 9.18337 34.040 44.110 185.650 -5.200e+10 1.645e+11 1.584e+10 0.06624 355263 355263 676923 1873 51 355225 355296 12.468 238320000000 247860000000 219260000000 171590000000 85797000000 24.3624 2.06 0.05304 0.49021 0.19257 20.8397 -18.4412 -14.9909 0.76749 0.32225 14.7927 -5.79725 -13.2416 0.2133 242300000000 104900000000
 0.6200   348780 0.6300   357871      1       -1       -1       -1  0 2.66900e+11 2.57400e+11 149.619000 19.046000 65.910000  1 0.3000 125.160000 1.82092 43.86516 9.15971 34.290 44.190 182.140 -9.470e+10 1.789e+11 1.122e+10 0.06494 355264 355264 676923 2988 50 355225 355296 19.0458 257390000000 257390000000 238320000000 200190000000 9533000000 5.13492 0 0.05495 0.52294 0.37036 -5.02621 16.2207 24.1303 0.19991 0.02069 8.72903 16.4862 24.8851 0.205 278600000000 152500000000
 0.6100   339655 0.6200   348780      1       -1       -1       -1  0 2.66900e+11 2.28800e+11 144.283000 14.808000 65.810000  1 0.3000 126.700000 1.79996 43.84790 9.07989 34.360 42.170 179.670 -3.077e+10 1.104e+11 -1.124e+10 0.04821 355265 355265 676923 2999 49 355225 355296 14.8085 228790000000 238320000000 219260000000 142990000000 66731000000 13.5851 0 0.03825 0.33976 0.23048 -12.0194 29.4072 5.8574 0.15726 0.02448 -3.78897 24.2378 3.34862 0.1925 267900000000 123900000000
 0.6000   330514 0.6100   339655      1       -1       -1       -1  0 2.66900e+11 2.57400e+11 150.496000 16.812000 64.390000  1 0.3000 130.270000 1.78934 43.83527 9.05203 30.980 40.210 172.130 -4.549e+10 8.254e+10 -3.170e+10 0.03278 355266 355266 676923 4016 48 355225 355296 16.8123 257390000000 257390000000 219260000000 181130000000 19066000000 4.1192 2.08 0.02732 0.53972 0.19758 -13.359 24.8405 27.2764 0.0967 0.00718 -12.6851 11.7671 33.8091 0.1867 259700000000 152500000000
 0.5900   321336 0.6000   330514      1       -1       -1       -1  0 2.66900e+11 2.28800e+11 145.115000 9.780000 62.560000  1 0.3000 142.120000 1.78634 43.82013 8.99637 29.020 38.060 164.050 -4.874e+10 1.976e+10 -4.793e+10 0.03087 355267 355267 676923 1946 47 355225 355296 9.77992 228790000000 276460000000 228790000000 190660000000 0 7.01631 0 0.02396 0.64858 0.3274 -14.1537 17.1242 31.6764 0.80971 0.45537 -8.76682 7.98728 38.27 0.1616 302900000000 38130000000
 0.5800   312095 0.5900   321336      1       -1       -1       -1  0 2.66900e+11 2.38300e+11 147.516000 10.397000 65.450000  1 0.3000 143.440000 1.77811 43.80279 8.93111 26.240 36.620 157.080 -5.986e+10 2.190e+10 -3.661e+10 0.03060 355268 355268 676923 3098 46 355225 355296 10.3972 238320000000 238320000000 219260000000 190660000000 9533000000 10.5837 0 0.02329 0.88352 0.52028 -8.42279 -0.24278 28.1962 0.79497 0.50986 -9.95304 14.2574 20.9287 0.1615 290100000000 76260000000
 0.5700   302873 0.5800   312095      1       -1       -1       -1  0 2.66900e+11 2.28800e+11 145.924000 10.425000 71.700000  1 0.3000 142.050000 1.75928 43.78968 8.88455 27.560 35.090 154.630 -4.583e+10 1.342e+10 -4.860e+10 0.03143 355269 355269 676923 3091 45 355225 355296 10.4247 228790000000 228790000000 228790000000 200190000000 95330000000 2.81329 0 0.02327 0.71873 0.46073 -12.0948 -10.5368 23.602 0.71302 0.15535 16.2921 18.9807 -10.0399 0.1842 309400000000 95330000000
 0.5600   293619 0.5700   302873      1       -1       -1       -1  0 2.66900e+11 2.57400e+11 152.177000 10.804000 75.160000  1 0.3000 149.090000 1.75051 43.78074 8.84524 23.290 36.110 147.980 -7.841e+10 8.070e+09 -1.392e+10 0.02912 355270 355270 676923 3065 44 355225 355296 10.8039 257390000000 257390000000 228790000000 219260000000 133460000000 9.47714 0 0.02264 0.56817 0.39729 -4.22917 -1.71102 34.8401 0.48394 0.11837 -5.9664 3.05314 29.5331 0.2001 313300000000 85800000000
 0.5500   284365 0.5600   293619      1       -1       -1       -1  0 2.66900e+11 2.66900e+11 154.442000 13.995000 73.220000  1 0.3000 143.280000 1.73930 43.75170 8.76794 23.010 32.350 139.950 -6.060e+10 2.577e+10 -1.415e+10 0.02358 355271 355271 676923 3051 43 355225 355296 13.9953 266920000000 266920000000 228790000000 209730000000 76264000000 14.7964 1.64 0.01807 0.7517 0.42789 -8.05137 23.6263 0.77497 0.36717 0.27128 -8.93102 26.9656 2.36285 0.1824 312400000000 143000000000
 0.5400   275140 0.5500   284365      1       -1       -1       -1  0 2.66900e+11 2.66900e+11 154.843000 12.646000 71.210000  1 0.3000 148.020000 1.72913 43.75118 8.71579 19.260 33.900 137.220 -6.591e+10 -5.699e+09 -1.908e+10 0.02474 355272 355272 676923 3042 42 355225 355296 12.6463 266920000000 266920000000 247860000000 209730000000 114400000000 9.56916 0 0.01862 0.72774 0.59386 -8.05302 22.4712 7.29036 0.71074 0.57538 -4.23257 23.616 3.2017 0.1683 319500000000 114400000000
 0.5300   265896 0.5400   275140      1       -1       -1       -1  0 2.66900e+11 2.66900e+11 155.237000 15.361000 69.440000  1 0.3000 142.690000 1.71483 43.74878 8.66350 18.220 33.320 132.650 -6.608e+10 -4.793e+09 -1.741e+10 0.02412 355273 355273 676923 3062 41 355225 355296 15.3608 266920000000 266920000000 266920000000 228790000000 85797000000 13.2409 0 0.01867 0.69869 0.25412 1.30762 31.8602 -1.87173 0.67096 0.11889 -1.22565 30.4676 0.04081 0.1683 305500000000 143000000000
 0.5200   256664 0.5300   265896      1       -1       -1       -1  0 2.63733e+11 2.66900e+11 155.623000 16.241000 73.440000  1 0.3000 142.200000 1.72335 43.71028 8.60330 18.340 33.330 126.450 -7.629e+10 4.098e+10 2.871e+10 0.03140 355274 355274 676923 8482 40 355225 355296 16.2408 266920000000 266920000000 266920000000 190660000000 76264000000 22.8528 0 0.02507 0.58959 0.27676 -19.0108 15.102 23.1845 0.53449 0.29129 -15.0638 11.817 21.7173 0.1916 271000000000 133500000000
 0.5100   247400 0.5200   256664      1       -1       -1       -1  0 2.57400e+11 2.57400e+11 154.121000 9.898000 76.360000  1 0.3000 159.330000 1.68999 43.70313 8.55982 17.570 31.950 122.810 -7.830e+10 2.587e+10 3.254e+10 0.03657 355275 355275 676923 1903 39 355225 355296 9.89763 257390000000 257390000000 228790000000 209730000000 114400000000 16.4602 0 0.02611 0.77149 0.60981 1.76064 -7.83563 15.6856 0.72242 0.60322 0.9074 -2.43484 17.3333 0.1731 335700000000 104900000000
 0.5000   238227 0.5100   247400      1       -1       -1       -1  0 2.44700e+11 2.47900e+11 152.556000 10.464000 70.520000  1 0.3000 156.010000 1.69201 43.68151 8.49717 14.690 31.180 121.520 -4.214e+10 1.919e+10 3.524e+10 0.02463 355276 355276 676923 8402 38 355225 355296 10.4638 247860000000 247860000000 209730000000 209730000000 76264000000 12.2754 0 0.01841 0.53482 0.42906 -1.24022 -3.56137 26.4933 0.50071 0.16152 2.18119 -1.08486 24.7377 0.1651 333200000000 76260000000
 0.4900   229049 0.5000   238227      1       -1       -1       -1  0 2.44700e+11 2.28800e+11 148.883000 13.751000 65.490000  1 0.3000 142.510000 1.69629 43.66829 8.43666 13.020 32.040 120.140 -2.901e+09 1.016e+10 4.652e+10 0.02209 355277 355277 676923 1891 37 355225 355296 13.7514 228790000000 228790000000 219260000000 200190000000 9533000000 16.9018 0 0.0174 0.79665 0.56069 -19.0802 -9.11418 20.1027 0.16115 0.02274 20.507 26.1946 -11.4151 0.1652 263000000000 114400000000
 0.4800   219902 0.4900   229049      1       -1       -1       -1  0 2.44700e+11 2.47900e+11 153.254000 21.914000 59.810000  1 0.3000 134.930000 1.68909 43.63079 8.37198 12.670 29.880 110.370 5.225e+10 3.538e+10 3.253e+10 0.02756 355278 355278 676923 3015 36 355225 355296 21.9141 247860000000 247860000000 238320000000 162060000000 38132000000 14.5337 0 0.02287 0.69592 0.55182 -13.219 31.1566 18.8179 0.86849 0.68387 -6.3375 28.3951 -6.77377 0.144 226600000000 162100000000
 0.4700   210763 0.4800   219902      1       -1       -1       -1  0 2.44700e+11 2.47900e+11 153.590000 27.958000 53.000000  1 0.3000 130.830000 1.67670 43.62654 8.34203 11.430 27.780 106.160 5.082e+10 3.367e+10 3.321e+10 0.02675 355279 355279 676923 1854 35 355225 355296 27.9576 247860000000 247860000000 238320000000 123930000000 28599000000 17.2631 0 0.02258 0.5526 0.14996 6.1374 24.0458 10.7774 0.21711 0.05202 12.5559 20.4728 13.0676 0.1203 234600000000 200200000000
 0.4600   201658 0.4700   210763      1       -1       -1       -1  0 2.25633e+11 2.38300e+11 151.919000 25.747000 53.360000  1 0.3000 131.850000 1.66522 43.60728 8.29660 9.740 24.620 102.130 4.602e+10 3.344e+10 2.810e+10 0.02608 355280 355280 676923 3017 34 355225 355296 25.7467 238320000000 238320000000 238320000000 171590000000 0 21.0955 0 0.02224 0.66934 0.47768 -5.73339 25.6626 35.1186 0.11013 0 17.3746 35.1985 35.786 0.1238 217800000000 181100000000
 0.4500   192627 0.4600   201658      1       -1       -1       -1  0 2.24067e+11 1.90700e+11 141.321000 10.220000 57.920000  1 0.3000 147.840000 1.66015 43.58662 8.24087 12.020 25.690 88.470 1.854e+10 7.985e+09 -2.814e+09 0.01411 355281 355281 676923 3016 33 355225 355296 10.2198 190660000000 190660000000 190660000000 162060000000 66731000000 7.04949 0 0.01047 0.77571 0.46216 -5.40704 12.415 22.7208 0.9252 0.15616 5.50077 17.1182 12.3289 0.1149 247000000000 66730000000
 0.4400   183584 0.4500   192627      1       -1       -1       -1  0 2.24067e+11 2.19300e+11 148.358000 10.664000 64.560000  1 0.3000 156.720000 1.65770 43.54419 8.16864 13.130 24.710 84.890 4.179e+10 1.944e+09 2.098e+10 0.02649 355282 355282 676923 2922 32 355225 355296 10.6643 219260000000 219260000000 209730000000 152530000000 123930000000 21.5041 0 0.01924 0.4017 0.21699 12.5512 10.7164 11.285 0.28526 0.12145 14.7022 12.437 15.9184 0.1255 256300000000 95330000000
 0.4300   174570 0.4400   183584      1       -1       -1       -1  0 2.24067e+11 2.09700e+11 146.460000 10.293000 63.600000  1 0.3000 156.950000 1.65657 43.54474 8.14021 12.600 22.750 81.510 4.449e+10 4.191e+08 2.136e+10 0.03116 355283 355283 676923 3087 31 355225 355296 10.2929 209730000000 209730000000 200190000000 190660000000 104860000000 3.66814 0 0.02208 0.60868 0.22911 -6.50052 24.7606 6.86737 0.63633 0.18862 -7.48426 22.6337 7.59279 0.1198 285100000000 76260000000
 0.4200   165620 0.4300   174570      1       -1       -1       -1  0 2.24067e+11 2.09700e+11 146.735000 10.513000 60.190000  1 0.3000 157.880000 1.65791 43.53086 8.08664 12.120 21.040 78.500 4.319e+10 -1.704e+08 2.147e+10 0.03032 355284 355284 676923 2930 30 355225 355296 10.5127 209730000000 209730000000 209730000000 181130000000 95330000000 9.84508 0 0.02181 0.74273 0.54025 10.1512 20.6348 5.43111 0.49751 0.37933 12.8751 16.2857 9.03252 0.1122 260400000000 95330000000
 0.4100   156755 0.4200   165620      1       -1       -1       -1  0 2.24067e+11 2.09700e+11 147.002000 14.182000 57.240000  1 0.3000 148.620000 1.64234 43.51856 8.04699 11.670 19.390 75.570 4.146e+10 -2.575e+08 2.059e+10 0.02712 355285 355285 676923 2789 29 355225 355296 14.1822 209730000000 209730000000 209730000000 181130000000 19066000000 6.98792 0 0.02117 0.53971 0.23453 -4.61347 7.35822 26.7624 0.41681 0.09494 -0.60686 9.51388 29.5345 0.1204 220900000000 104900000000
 0.4000   147990 0.4100   156755      1       -1       -1       -1  0 2.24067e+11 2.00200e+11 144.993000 18.694000 48.710000  1 0.3000 139.250000 1.63520 43.48879 7.98895 11.310 20.510 72.060 2.698e+10 -3.709e+08 -1.223e+09 0.01645 355286 355286 676923 2876 28 355225 355296 18.6942 200190000000 190660000000 190660000000 162060000000 0 4.60115 3.76 0.0135 0.90857 0.44328 -2.77207 23.9424 26.2865 0.18202 0.0269 21.0586 45.6802 11.238 0.1023 206500000000 114400000000
 0.3900   139330 0.4000   147990      1       -1       -1       -1  0 2.24067e+11 1.71600e+11 137.963000 18.495000 44.120000  1 0.3000 132.850000 1.61693 43.48316 7.96379 15.210 8.930 61.850 1.353e+10 -1.378e+08 -1.313e+10 0.01495 355287 355287 676923 2753 27 355225 355296 18.4948 171590000000 171590000000 171590000000 133460000000 0 7.81007 0 0.01233 0.91536 0.63925 -10.7927 1.10575 30.6059 0.03762 0 -4.20204 22.5932 37.551 0.0871 175700000000 104900000000
 0.3800   130865 0.3900   139330      1       -1       -1       -1  0 2.24067e+11 2.19300e+11 149.952000 31.692000 46.810000  1 0.3000 135.630000 1.61390 43.51597 7.89494 10.230 18.680 61.410 2.715e+10 -3.624e+09 -2.251e+10 0.01770 355288 355288 676923 756 26 355225 355296 31.6924 219260000000 219260000000 200190000000 114400000000 9533000000 15.0657 0 0.0156 0.28006 0.02343 18.6337 51.0633 -4.39255 0.32188 0.02276 -8.66418 28.3314 2.92555 0.0872 194500000000 200200000000
 0.3700   122377 0.3800   130865      1       -1       -1       -1  0 2.24067e+11 2.28800e+11 152.331000 28.271000 51.230000  1 0.3000 141.840000 1.60586 43.50079 7.84558 9.650 19.590 60.420 3.364e+10 1.875e+08 -3.059e+10 0.02175 355289 355289 676923 2791 25 355225 355296 28.2714 228790000000 228790000000 228790000000 142990000000 9533000000 20.5555 0 0.01887 0.03367 0 19.7869 97.927 -24.3977 0.2769 0.00972 15.7145 33.5251 -14.1278 0.0959 210400000000 171600000000
 0.3600   113956 0.3700   122377      1       -1       -1       -1  1 2.24067e+11 2.24100e+11 151.481000 21.200000 51.430000  1 0.3000 153.450000 1.60308 43.49514 7.82815 9.650 19.590 60.420 3.242e+10 -4.707e+09 -2.748e+10 0.02275 355290 355290 676923 7947 24 355225 355296 23.3361 224025000000 224025000000 224025000000 166825000000 4766500000 16.4406 0 0.018755 0.327235 0.288905 20.1978 62.2371 -22.0072 0.34343 0.044935 -1.56361 12.7973 4.23107 0.08835 233300000000 123930000000
 0.3500   105685 0.3600   113956      1       -1       -1       -1  0 2.14533e+11 2.19300e+11 150.622000 14.128000 51.620000  1 0.3000 163.530000 1.57949 43.47175 7.77781 9.210 20.820 55.610 3.120e+10 -9.602e+09 -2.438e+10 0.02375 355291 355291 676923 2523 23 355225 355296 14.1277 219260000000 219260000000 219260000000 190660000000 0 12.3258 0 0.01864 0.6208 0.57781 20.6087 26.5471 -19.6168 0.40996 0.08015 -18.8417 -7.93056 22.5899 0.0808 256200000000 76260000000
 0.3400    97594 0.3500   105685      1       -1       -1       -1  0 2.06567e+11 2.00200e+11 146.322000 12.233000 55.690000  1 0.3000 165.260000 1.57128 43.47644 7.71314 9.880 14.470 55.010 3.409e+10 -7.651e+09 -1.676e+10 0.02927 355292 355292 676923 2498 22 355225 355296 12.2326 200190000000 200190000000 200190000000 190660000000 66731000000 15.9043 0 0.02091 0.91862 0.86373 -2.7091 -10.2854 11.4273 0.7003 0.33888 -3.58421 -9.60317 12.4054 0.0808 238100000000 85800000000
 0.3300    89746 0.3400    97594      1       -1       -1       -1  0 2.00200e+11 2.00200e+11 146.511000 11.684000 54.200000  1 0.3000 169.560000 1.56805 43.44546 7.66773 12.050 13.140 53.110 2.465e+10 -1.545e+10 -1.683e+10 0.02503 355293 355293 676923 2658 21 355225 355296 11.6845 200190000000 200190000000 200190000000 152530000000 85797000000 14.4117 0 0.0184 0.35648 0.18999 -8.39241 34.4607 -10.8675 0.46564 0.11383 -11.0847 25.5217 -8.5597 0.0818 236000000000 85800000000
 0.3200    82030 0.3300    89746      1       -1       -1       -1  0 1.93833e+11 2.00200e+11 146.690000 19.684000 50.640000  1 0.3000 153.600000 1.55742 43.42079 7.62356 8.010 14.690 49.110 3.295e+10 -5.304e+09 -1.276e+10 0.02318 355294 355294 676923 2513 20 355225 355296 19.6836 200190000000 200190000000 181130000000 123930000000 0 13.8918 0 0.01985 0.36143 0.27301 -5.94567 50.8877 -19.3714 0.15198 0.09718 -6.76616 52.3641 -6.91552 0.1002 199600000000 104900000000
 0.3100    74569 0.3200    82030      1       -1       -1       -1  0 1.68400e+11 1.81100e+11 142.042000 42.275000 43.000000  1 0.3000 135.330000 1.54899 43.40360 7.57640 8.630 14.030 46.740 2.495e+10 -8.070e+09 -9.572e+09 0.01908 355295 355295 676923 2424 19 355225 355296 42.2753 181130000000 181130000000 162060000000 9533000000 9533000000 20.8923 0 0.01861 0.08178 0.02486 -3.34529 62.2482 -22.5053 0 0 0 0 0 0.1069 153000000000 200200000000
 0.3000    67340 0.3100    74569      0       -1       -1       -1  0 1.23900e+11 1.23900e+11 125.302000 38.270000 36.670000  1 0.3000 120.920000 1.53541 43.40986 7.51934 6.290 7.510 47.020 1.445e+10 -1.150e+10 -4.895e+09 0.02234 355296 355296 676923 2388 18 355225 355296 38.2699 123930000000 123930000000 38132000000 0 0 42.4788 0 0.02435 0.202 0.05083 -8.03642 66.6557 -22.5583 0 0 0 0 0 0.1238 131900000000 171600000000
