 1.0000   677899 0.0000       -1      1       -1       -1       -1  0 4.86200e+11 4.67100e+11 158.737000 7.679000 142.450000  1 0.2000 163.270000 13.59302 45.71558 55.74492 -254.590 -106.780 -333.670 -2.010e+11 4.581e+11 -2.013e+11 0.04965 307231 307231 677899 3414 88 307230 307311 7.67921 467120000000 543380000000 448050000000 381320000000 228790000000 9.99505 0 0.04571 0.92339 0.65923 11.1683 -6.51448 10.6139 0.9331 0.46046 12.4436 2.45332 -7.25155 0.5713 733900000000 181100000000
 0.9900   669753 1.0000   677899      1       -1       -1       -1  0 4.86200e+11 4.67100e+11 159.405000 9.101000 141.510000  1 0.2000 156.340000 13.61062 45.72306 55.78796 -253.840 -105.930 -330.830 -2.007e+11 4.539e+11 -2.007e+11 0.04747 307232 307232 677899 3358 87 307230 307311 9.10128 467120000000 543380000000 438520000000 333650000000 228790000000 16.5096 0 0.04551 0.84893 0.62841 10.333 -8.26432 12.3516 0.82421 0.51214 7.5683 -9.02323 11.6145 0.5875 676000000000 200200000000
 0.9800   661369 0.9900   669753      1       -1       -1       -1  0 4.86200e+11 4.76700e+11 161.155000 8.066000 140.380000  1 0.2000 163.760000 13.63964 45.73996 55.80696 -248.900 -105.330 -329.850 -2.814e+11 4.019e+11 -2.223e+11 0.05053 307233 307233 677899 3493 86 307230 307311 8.06577 476650000000 543380000000 448050000000 362250000000 200190000000 1.44954 3.88 0.04441 0.85502 0.74805 11.9239 -7.98775 -8.77203 0.84797 0.75558 11.5129 -4.88962 -6.80907 0.5366 742900000000 171600000000
 0.9700   653034 0.9800   661369      1       -1       -1       -1  0 4.86200e+11 4.86200e+11 162.898000 8.552000 139.620000  1 0.2000 163.140000 13.66769 45.74044 55.84301 -250.800 -108.770 -323.860 -2.608e+11 3.141e+11 -3.618e+11 0.04847 307234 307234 677899 3523 85 307230 307311 8.55231 486180000000 524310000000 438520000000 371790000000 228790000000 10.5315 0 0.04364 0.83032 0.68144 16.5512 -8.78882 -3.51736 0.80826 0.57353 15.6101 -5.83361 -1.41764 0.5417 738500000000 171600000000
 0.9600   644710 0.9700   653034      1       -1       -1       -1  0 4.86200e+11 4.86200e+11 163.574000 7.998000 137.980000  1 0.2000 166.970000 13.68818 45.75785 55.88259 -250.120 -108.140 -320.920 -2.576e+11 3.052e+11 -3.664e+11 0.04771 307235 307235 677899 3418 84 307230 307311 7.99752 486180000000 524310000000 419450000000 371790000000 228790000000 10.8685 0 0.0435 0.66316 0.57377 -10.7218 4.01198 17.2883 0.74462 0.44062 -10.9784 4.45018 14.3333 0.5418 767600000000 171600000000
 0.9500   636402 0.9600   644710      1       -1       -1       -1  0 4.83033e+11 4.86200e+11 164.248000 10.269000 132.570000  1 0.2000 156.520000 13.71084 45.76908 55.91818 -246.000 -107.760 -319.160 -7.193e+10 2.418e+11 -3.823e+11 0.04008 307236 307236 677899 3431 83 307230 307311 10.2692 486180000000 524310000000 409920000000 381320000000 228790000000 16.0084 0 0.03688 0.63918 0.56829 -12.9813 0.278 13.9336 0.61008 0.40054 13.0091 -1.67813 -10.4674 0.5254 688700000000 200200000000
 0.9400   628111 0.9500   636402      1       -1       -1       -1  0 4.73500e+11 4.76700e+11 163.836000 8.244000 128.400000  1 0.2000 165.580000 13.74255 45.78147 55.94797 -246.470 -104.010 -316.770 -3.101e+11 2.119e+11 -4.726e+11 0.05700 307237 307237 677899 3430 82 307230 307311 8.24366 476650000000 524310000000 409920000000 381320000000 238320000000 14.706 5.72 0.0504 0.64538 0.6122 -7.84483 0.00539 22.7825 0.65984 0.57857 -8.30133 1.20839 19.7639 0.4916 760000000000 133500000000
 0.9300   619800 0.9400   628111      1       -1       -1       -1  0 4.60767e+11 4.57600e+11 162.280000 10.784000 126.250000  1 0.2000 151.940000 13.77766 45.78938 55.98147 -241.940 -103.270 -314.640 -1.854e+11 1.183e+11 -2.546e+11 0.03455 307238 307238 677899 2498 81 307230 307311 10.784 457580000000 524310000000 409920000000 371790000000 200190000000 12.9135 3.79 0.03016 0.9397 0.6988 -0.87604 -1.00213 18.3588 0.95246 0.70478 -6.71564 -0.4869 14.7622 0.4811 672800000000 200200000000
 0.9200   611459 0.9300   619800      1       -1       -1       -1  0 4.60767e+11 4.38500e+11 160.642000 10.690000 125.430000  1 0.2000 150.260000 13.79493 45.80379 56.02288 -241.210 -100.310 -312.480 -5.330e+10 4.724e+10 -8.151e+10 0.01228 307239 307239 677899 3466 80 307230 307311 10.6903 438520000000 524310000000 409920000000 362250000000 181130000000 16.6711 0 0.01045 0.82176 0.53717 -3.99967 -1.50327 16.6578 0.75413 0.41549 -5.88736 -1.26525 14.5465 0.4701 658300000000 181100000000
 0.9100   603102 0.9200   611459      1       -1       -1       -1  0 4.60767e+11 4.57600e+11 163.592000 7.756000 129.260000  1 0.2000 167.840000 13.83112 45.81571 56.05469 -239.140 -105.180 -309.080 5.489e+09 7.034e+10 -3.578e+11 0.04010 307240 307240 677899 3485 79 307230 307311 7.75559 457580000000 495720000000 400390000000 352720000000 228790000000 21.8687 0 0.03292 0.77383 0.69124 14.9227 -2.16869 4.58959 0.82408 0.50505 12.2333 -3.80134 4.94796 0.459 725600000000 181100000000
 0.9000   594740 0.9100   603102      1       -1       -1       -1  0 4.60767e+11 4.57600e+11 164.246000 7.782000 132.010000  1 0.2000 168.460000 13.85516 45.84047 56.09361 -238.070 -105.050 -304.700 -1.448e+10 5.969e+09 -3.699e+11 0.03891 307241 307241 677899 3567 78 307230 307311 7.78191 457580000000 495720000000 371790000000 333650000000 228790000000 25.1626 0 0.03354 0.63577 0.53566 -12.9338 15.5197 2.50226 0.44848 0.38716 -11.9688 15.3539 2.80296 0.4933 662300000000 181100000000
 0.8900   586342 0.9000   594740      1       -1       -1       -1  0 4.60767e+11 4.67100e+11 166.035000 7.453000 123.860000  1 0.2000 172.910000 13.88954 45.84929 56.13033 -235.400 -107.700 -301.650 3.908e+10 5.819e+10 -5.131e+11 0.05427 307242 307242 677899 3609 77 307230 307311 7.45254 467120000000 486180000000 371790000000 295520000000 209730000000 27.7405 0 0.0455 0.77609 0.72007 14.0792 -6.42914 0.99529 0.73393 0.72575 12.3668 -5.80464 0.18339 0.4448 646800000000 171600000000
 0.8800   577968 0.8900   586342      1       -1       -1       -1  0 4.60767e+11 4.57600e+11 165.548000 9.690000 115.690000  1 0.2000 159.960000 13.92191 45.85999 56.16750 -230.710 -108.280 -296.530 9.708e+10 2.389e+10 -4.873e+11 0.05243 307243 307243 677899 4603 76 307230 307311 9.69013 457580000000 495720000000 352720000000 295520000000 219260000000 29.4005 0 0.0454 0.78502 0.59946 19.2606 6.76476 4.99367 0.82408 0.62029 16.7906 -0.26249 1.10482 0.4295 645700000000 181100000000
 0.8700   569512 0.8800   577968      1       -1       -1       -1  0 4.41700e+11 4.57600e+11 166.196000 11.126000 108.740000  1 0.2000 154.940000 13.95609 45.87711 56.20999 -226.320 -109.510 -291.090 1.418e+11 8.597e+10 -6.057e+11 0.06636 307244 307244 677899 7565 75 307230 307311 11.1256 457580000000 495720000000 343190000000 276460000000 219260000000 22.6511 4.1 0.05753 0.66626 0.54602 21.227 13.1911 -0.09481 0.75674 0.71427 18.5031 6.78234 1.00258 0.3968 628600000000 190700000000
 0.8600   561058 0.8700   569512      1       -1       -1       -1  0 4.32167e+11 4.09900e+11 160.835000 10.113000 102.070000  1 0.2000 152.420000 13.98029 45.89307 56.25748 -225.860 -108.960 -287.640 8.446e+10 4.749e+10 -4.250e+11 0.05797 307245 307245 677899 3546 74 307230 307311 10.1129 409920000000 476650000000 352720000000 295520000000 171590000000 11.4829 0 0.04815 0.67316 0.60259 19.5635 12.9045 -14.3066 0.60201 0.43876 22.0977 8.40287 -13.3231 0.3584 589200000000 143000000000
 0.8500   552621 0.8600   561058      1       -1       -1       -1  0 4.25800e+11 4.29000e+11 163.920000 15.015000 102.770000  1 0.2000 141.470000 14.01815 45.92680 56.30046 -221.010 -113.110 -284.550 1.444e+11 1.031e+11 -7.012e+11 0.08535 307246 307246 677899 3516 73 307230 307311 15.0145 428980000000 476650000000 362250000000 285990000000 142990000000 9.12705 0 0.07436 0.6536 0.62321 15.2649 11.7222 -3.36117 0.61319 0.37377 12.3182 -2.1761 -11.0342 0.375 514700000000 219300000000
 0.8400   544111 0.8500   552621      1       -1       -1       -1  0 4.25800e+11 4.29000e+11 164.547000 23.838000 104.400000  1 0.2000 129.190000 14.06343 45.96296 56.35659 -221.360 -112.780 -281.070 1.629e+11 1.005e+11 -7.806e+11 0.08455 307247 307247 677899 3703 72 307230 307311 23.8379 428980000000 448050000000 390850000000 257390000000 0 19.8581 0 0.08295 0.5222 0.31024 15.185 32.5443 9.6779 0.39097 0.25139 -4.76184 27.3086 9.97576 0.437 458000000000 276500000000
 0.8300   535600 0.8400   544111      1       -1       -1       -1  0 4.25800e+11 4.19400e+11 163.939000 10.048000 102.380000  1 0.2000 156.520000 14.08778 45.94027 56.37784 -223.580 -107.840 -278.370 5.610e+10 7.435e+10 -3.941e+11 0.05183 307248 307248 677899 1547 71 307230 307311 10.048 419450000000 438520000000 343190000000 285990000000 200190000000 20.0672 0 0.04357 0.62347 0.58373 21.1315 12.8194 0.34626 0.54129 0.47064 20.9106 9.80272 5.57434 0.3564 533900000000 181100000000
 0.8200   527015 0.8300   535600      1       -1       -1       -1  0 4.22600e+11 4.29000e+11 165.793000 8.969000 105.250000  1 0.2000 163.830000 14.12932 45.97236 56.43380 -217.240 -112.020 -272.310 1.716e+11 1.353e+11 -6.548e+11 0.08928 307249 307249 677899 7800 70 307230 307311 8.96887 428980000000 448050000000 362250000000 266920000000 181130000000 6.37307 0 0.07184 0.73487 0.57646 10.5211 11.0167 -0.83037 0.67834 0.6054 11.5876 3.58687 0.37067 0.3433 552700000000 152500000000
 0.8100   518373 0.8200   527015      1       -1       -1       -1  0 4.22600e+11 4.19400e+11 165.170000 8.953000 103.640000  1 0.2000 163.210000 14.17236 45.98438 56.47607 -221.610 -109.270 -270.980 7.164e+10 1.372e+11 -5.438e+11 0.07480 307250 307250 677899 3707 69 307230 307311 8.9533 419450000000 448050000000 362250000000 257390000000 190660000000 13.188 3.93 0.06135 0.75187 0.59776 15.4108 0.59547 -12.736 0.74465 0.64939 16.0172 -0.0821 -7.2113 0.3471 559600000000 162100000000
 0.8000   509700 0.8100   518373      1       -1       -1       -1  0 4.16233e+11 4.19400e+11 165.781000 9.116000 101.740000  1 0.2000 163.280000 14.19763 46.00910 56.52918 -216.290 -110.140 -267.660 7.147e+10 1.306e+11 -5.293e+11 0.07456 307251 307251 677899 7916 68 307230 307311 9.11627 419450000000 438520000000 343190000000 247860000000 247860000000 5.53596 0 0.05992 0.75189 0.68864 2.54441 23.7587 1.89967 0.93758 0.74277 16.2231 -1.80111 8.0388 0.328 637200000000 152500000000
 0.7900   501064 0.8000   509700      1       -1       -1       -1  0 4.06700e+11 4.09900e+11 165.119000 10.948000 97.420000  1 0.2000 154.780000 14.24152 46.01741 56.58582 -218.430 -110.580 -266.200 -1.021e+11 8.471e+10 -3.471e+11 0.05259 307252 307252 677899 3751 67 307230 307311 10.9481 409920000000 457580000000 314590000000 257390000000 200190000000 10.577 0 0.04227 0.85192 0.43792 8.65476 -0.34422 19.9066 0.74998 0.33472 15.0383 0.28364 12.93 0.3098 550600000000 171600000000
 0.7800   492424 0.7900   501064      1       -1       -1       -1  0 4.00367e+11 3.90800e+11 163.109000 7.550000 99.850000  1 0.2000 168.950000 14.26679 46.04112 56.62604 -214.590 -112.130 -262.750 -7.429e+10 2.594e+10 -3.622e+11 0.05978 307253 307253 677899 7888 66 307230 307311 7.55041 390850000000 438520000000 324120000000 276460000000 181130000000 9.97711 0 0.04585 0.76376 0.59737 5.76273 19.5014 -3.38219 0.92542 0.76876 4.91068 13.2579 -7.92554 0.3044 565800000000 152500000000
 0.7700   483750 0.7800   492424      1       -1       -1       -1  0 3.94000e+11 4.00400e+11 165.016000 7.882000 100.100000  1 0.2000 169.570000 14.30880 46.05739 56.67606 -216.560 -111.630 -257.930 -1.162e+11 2.456e+10 -3.781e+11 0.06184 307254 307254 677899 3803 65 307230 307311 7.8823 400390000000 438520000000 324120000000 285990000000 171590000000 9.73556 3.74 0.04732 0.74562 0.70103 13.2935 11.117 -4.50504 0.78437 0.77336 10.5902 10.1295 -4.7177 0.3001 574100000000 162100000000
 0.7600   475053 0.7700   483750      1       -1       -1       -1  0 3.90833e+11 3.90800e+11 164.280000 8.152000 100.970000  1 0.2000 167.190000 14.35109 46.06992 56.72164 -215.920 -111.440 -251.470 -8.736e+10 -6.290e+09 -1.260e+11 0.02502 307255 307255 677899 3791 64 307230 307311 8.15193 390850000000 409920000000 314590000000 295520000000 200190000000 15.3324 0 0.01916 0.70363 0.64196 11.6528 15.8419 -11.2523 0.73433 0.67406 4.80594 16.4548 -8.28237 0.3034 528400000000 143000000000
 0.7500   466324 0.7600   475053      1       -1       -1       -1  0 3.78133e+11 3.81300e+11 163.508000 11.543000 102.240000  1 0.2000 151.490000 14.41897 46.10633 56.77443 -214.970 -110.180 -246.260 -1.523e+10 6.287e+10 -2.070e+11 0.03480 307256 307256 677899 3807 63 307230 307311 11.5432 381320000000 419450000000 333650000000 314590000000 142990000000 9.12637 0 0.02836 0.54059 0.35121 29.1159 8.89257 -2.1343 0.51037 0.07764 29.856 4.47864 9.70244 0.3349 527100000000 152500000000
 0.7400   457534 0.7500   466324      1       -1       -1       -1  0 3.78133e+11 3.62300e+11 161.298000 9.781000 103.980000  1 0.2000 155.750000 14.45932 46.12870 56.82681 -211.130 -106.850 -240.120 -4.269e+10 5.649e+10 -1.928e+11 0.03845 307257 307257 677899 3796 62 307230 307311 9.78095 362250000000 419450000000 343190000000 324120000000 200190000000 2.73306 0 0.0294 0.63151 0.44387 28.1009 11.0751 2.57233 0.70332 0.42836 25.8406 8.69469 3.99477 0.318 536300000000 123900000000
 0.7300   448707 0.7400   457534      1       -1       -1       -1  0 3.78133e+11 3.62300e+11 161.855000 6.444000 106.310000  1 0.2000 176.420000 14.47662 46.14039 56.88057 -209.640 -107.520 -237.330 -2.850e+10 7.618e+10 -1.467e+11 0.03321 307258 307258 677899 8017 61 307230 307311 6.44441 362250000000 400390000000 352720000000 276460000000 228790000000 19.8824 0 0.02413 0.72667 0.59275 16.2998 10.9969 -2.3465 0.95549 0.72224 14.3209 -0.86276 6.42208 0.3051 637700000000 114400000000
 0.7200   439864 0.7300   448707      1       -1       -1       -1  0 3.78133e+11 3.71800e+11 163.821000 12.672000 109.660000  1 0.2000 149.060000 14.57146 46.16303 56.93119 -206.020 -105.280 -233.310 -1.352e+09 9.469e+10 -1.731e+11 0.03128 307259 307259 677899 3843 60 307230 307311 12.6719 371790000000 371790000000 352720000000 333650000000 0 26.926 0 0.02733 0.39589 0.18965 41.5989 5.6126 -6.02987 0.21292 0.06308 40.9255 7.5701 -9.71306 0.3973 489900000000 133500000000
 0.7100   430951 0.7200   439864      1       -1       -1       -1  0 3.78133e+11 3.71800e+11 164.374000 11.070000 107.410000  1 0.2000 155.210000 14.59616 46.19785 56.97311 -202.870 -104.950 -229.290 -5.092e+08 9.336e+10 -1.696e+11 0.03463 307260 307260 677899 8099 59 307230 307311 11.0703 371790000000 371790000000 371790000000 324120000000 181130000000 5.08811 0 0.02695 0.48739 0.457 19.9843 20.1418 -12.5463 0.36157 0.13455 18.6096 21.7782 -13.6635 0.3338 546200000000 171600000000
 0.7000   421979 0.7100   430951      1       -1       -1       -1  0 3.78133e+11 3.71800e+11 164.923000 9.664000 99.690000  1 0.2000 161.920000 14.63334 46.22493 57.01956 -200.460 -106.270 -223.680 5.611e+10 6.496e+10 -1.477e+11 0.03149 307261 307261 677899 3899 58 307230 307311 9.66425 371790000000 381320000000 371790000000 314590000000 219260000000 12.3269 0 0.02391 0.59233 0.47602 -15.3713 -15.4887 21.1116 0.64366 0.52697 10.8774 17.4236 -16.7923 0.29 526400000000 133500000000
 0.6900   412981 0.7000   421979      1       -1       -1       -1  0 3.78133e+11 3.81300e+11 166.870000 10.316000 95.370000  1 0.2000 161.860000 14.66566 46.24478 57.07852 -197.510 -105.890 -220.630 2.354e+10 8.304e+10 -1.419e+11 0.03016 307262 307262 677899 3896 57 307230 307311 10.3157 381320000000 381320000000 352720000000 285990000000 181130000000 18.5419 0 0.02241 0.85352 0.60857 16.9123 10.0363 -8.89732 0.90306 0.50784 17.9974 -3.92253 3.80251 0.2596 457700000000 152500000000
 0.6800   403978 0.6900   412981      1       -1       -1       -1  0 3.78133e+11 3.71800e+11 166.007000 14.181000 94.690000  1 0.2000 148.730000 14.72703 46.26788 57.15228 -193.610 -106.310 -215.540 -6.239e+09 7.094e+10 -1.174e+11 0.02414 307263 307263 677899 3939 56 307230 307311 14.1814 371790000000 381320000000 362250000000 285990000000 123930000000 16.7094 0 0.01944 0.55701 0.40843 14.3022 -13.5516 25.7045 0.3812 0.25849 14.4409 -11.7536 25.3876 0.2906 448600000000 190700000000
 0.6700   395005 0.6800   403978      1       -1       -1       -1  0 3.62267e+11 3.81300e+11 167.953000 14.931000 90.470000  1 0.2000 149.450000 14.77050 46.29670 57.19447 -191.270 -105.360 -211.840 2.382e+10 8.087e+10 -1.376e+11 0.02771 307264 307264 677899 1764 55 307230 307311 14.9309 381320000000 381320000000 352720000000 305060000000 133460000000 10.4917 0 0.02203 0.5614 0.45356 1.73857 22.0631 -21.3927 0.23744 0.10263 3.20167 -22.2189 23.6857 0.2641 447300000000 200200000000
 0.6600   386066 0.6700   395005      1       -1       -1       -1  0 3.52733e+11 3.33700e+11 161.152000 10.951000 86.470000  1 0.2000 153.660000 14.82936 46.33859 57.23996 -190.120 -110.010 -204.790 -9.861e+09 8.765e+10 -6.923e+10 0.02588 307265 307265 677899 3942 54 307230 307311 10.9511 333650000000 390850000000 324120000000 295520000000 152530000000 4.76759 0 0.01923 0.70338 0.4761 14.398 24.6334 -5.71619 0.77548 0.53225 9.10496 22.6564 -10.3331 0.2331 428400000000 152500000000
 0.6500   377033 0.6600   386066      1       -1       -1       -1  0 3.40033e+11 3.43200e+11 163.182000 12.721000 87.940000  1 0.2000 150.730000 14.88471 46.36531 57.29058 -186.440 -108.910 -200.190 9.936e+10 1.099e+11 -1.291e+11 0.04177 307266 307266 677899 8225 53 307230 307311 12.7208 343190000000 371790000000 324120000000 285990000000 162060000000 8.19913 4.21 0.03236 0.82734 0.35746 16.5949 22.393 -0.40343 0.8857 0.36615 17.1536 18.1871 3.10423 0.2484 411200000000 171600000000
 0.6400   367957 0.6500   377033      1       -1       -1       -1  0 3.40033e+11 3.33700e+11 162.156000 11.323000 84.420000  1 0.2000 154.470000 14.93742 46.41567 57.33319 -179.990 -107.440 -192.690 9.127e+10 8.328e+10 -7.139e+10 0.03277 307267 307267 677899 8209 52 307230 307311 11.3226 333650000000 362250000000 324120000000 228790000000 162060000000 21.3645 0 0.02478 0.56376 0.42149 6.59237 22.3764 -4.71844 0.54932 0.43051 3.83249 16.898 -1.67841 0.2261 385100000000 143000000000
 0.6300   358843 0.6400   367957      1       -1       -1       -1  0 3.33667e+11 3.43200e+11 164.184000 10.730000 87.480000  1 0.2000 159.640000 14.98608 46.43842 57.39918 -179.030 -107.940 -187.680 2.455e+11 1.320e+11 -1.310e+11 0.06548 307268 307268 677899 3935 51 307230 307311 10.7296 343190000000 352720000000 324120000000 257390000000 181130000000 4.47666 7.75 0.05136 0.49123 0.40336 9.97232 27.0343 -7.48413 0.50733 0.3274 13.0672 22.5696 -5.42321 0.2487 424400000000 152500000000
 0.6200   349754 0.6300   358843      1       -1       -1       -1  0 3.33667e+11 3.24100e+11 161.569000 14.094000 84.700000  1 0.2000 146.690000 15.05275 46.45349 57.46360 -174.570 -108.240 -184.270 -1.969e+10 5.122e+10 -2.193e+10 0.01352 307269 307269 677899 3934 50 307230 307311 14.0938 324120000000 333650000000 295520000000 247860000000 85797000000 17.1367 2.29 0.01091 0.30593 0.15128 0.03061 37.0186 -16.6198 0.27722 0.06513 -1.17594 33.9157 -17.0641 0.2515 385100000000 152500000000
 0.6100   340635 0.6200   349754      1       -1       -1       -1  0 3.33667e+11 3.05100e+11 158.804000 17.315000 80.950000  1 0.2000 137.630000 15.11596 46.47065 57.52364 -173.380 -104.880 -178.060 -8.334e+09 6.266e+10 -7.082e+10 0.02290 307270 307270 677899 3952 49 307230 307311 17.3153 305060000000 305060000000 285990000000 238320000000 19066000000 26.5372 0 0.01952 0.20436 0.06096 -0.0708 45.0955 -16.2187 0.46304 0.3991 -6.89678 48.0964 -21.6516 0.2576 333200000000 162100000000
 0.6000   331493 0.6100   340635      1       -1       -1       -1  0 3.33667e+11 3.14600e+11 160.907000 12.523000 71.640000  1 0.2000 151.320000 15.16638 46.54787 57.56912 -169.300 -101.600 -173.780 -8.428e+10 3.544e+10 1.597e+09 0.02422 307271 307271 677899 5051 48 307230 307311 12.5234 314590000000 314590000000 305060000000 228790000000 133460000000 21.4737 1.43 0.01798 0.61834 0.47933 3.79379 25.5657 -1.70404 0.36191 0.33197 1.65917 24.2889 7.20049 0.1669 342400000000 133500000000
 0.5900   322326 0.6000   331493      1       -1       -1       -1  0 3.33667e+11 3.14600e+11 161.367000 14.415000 66.740000  1 0.2000 147.410000 15.20822 46.56982 57.62445 -165.280 -100.710 -168.890 -8.217e+10 3.091e+10 -3.373e+09 0.02313 307272 307272 677899 4069 47 307230 307311 14.4147 314590000000 314590000000 295520000000 228790000000 142990000000 4.98176 0 0.0174 0.77337 0.53202 16.4667 24.4306 0.53013 0.74068 0.29021 10.3867 24.3591 7.98061 0.1493 324500000000 143000000000
 0.5800   313081 0.5900   322326      1       -1       -1       -1  0 3.33667e+11 3.24100e+11 163.438000 13.870000 69.250000  1 0.2000 151.790000 15.26127 46.60868 57.68619 -163.800 -99.670 -165.030 -1.029e+11 4.847e+10 4.967e+10 0.03124 307273 307273 677899 4007 46 307230 307311 13.8695 324120000000 324120000000 305060000000 219260000000 142990000000 8.27354 2.81 0.02356 0.81835 0.51658 -11.6771 15.2905 0.29312 0.71963 0.53619 11.4685 -11.502 -1.43519 0.1517 353200000000 171600000000
 0.5700   303858 0.5800   313081      1       -1       -1       -1  0 3.33667e+11 3.14600e+11 162.266000 10.716000 77.450000  1 0.2000 161.190000 15.31345 46.63564 57.74759 -159.510 -95.950 -163.450 -9.948e+10 4.443e+10 2.743e+10 0.03145 307274 307274 677899 4086 45 307230 307311 10.7158 314590000000 314590000000 305060000000 228790000000 181130000000 10.0069 0 0.02257 0.78168 0.54044 5.99654 19.7879 5.47504 0.75836 0.45192 -2.91773 17.3806 4.85828 0.169 398400000000 123900000000
 0.5600   294606 0.5700   303858      1       -1       -1       -1  0 3.33667e+11 3.14600e+11 162.705000 10.392000 86.240000  1 0.2000 163.840000 15.38252 46.69365 57.80129 -155.430 -93.190 -160.540 -6.339e+10 2.019e+10 6.493e+10 0.02550 307275 307275 677899 4104 44 307230 307311 10.3919 314590000000 314590000000 314590000000 228790000000 181130000000 18.2054 0 0.01882 0.39717 0.22331 7.65782 15.5305 -1.53218 0.37968 0.1192 6.90538 14.4365 -1.28228 0.2102 404000000000 133500000000
 0.5500   285355 0.5600   294606      1       -1       -1       -1  0 3.33667e+11 3.33700e+11 166.367000 9.154000 81.330000  1 0.2000 175.290000 15.43012 46.70942 57.86685 -154.780 -91.510 -154.880 -8.695e+10 4.398e+10 -1.600e+09 0.02530 307276 307276 677899 4080 43 307230 307311 9.15377 333650000000 333650000000 333650000000 238320000000 152530000000 5.93825 0 0.01802 0.854 0.56519 12.9905 -6.84948 10.3711 0.7351 0.68593 9.10184 -8.40346 7.40422 0.1735 404500000000 133500000000
 0.5400   276136 0.5500   285355      1       -1       -1       -1  0 3.33667e+11 3.33700e+11 166.799000 14.881000 74.150000  1 0.2000 156.130000 15.48122 46.73667 57.91864 -152.400 -89.880 -149.510 -5.543e+10 2.767e+10 -2.544e+10 0.01633 307277 307277 677899 4052 42 307230 307311 14.8806 333650000000 333650000000 333650000000 257390000000 142990000000 7.99607 0 0.01248 0.58223 0.45086 9.99524 20.2332 15.0478 0.46766 0.44998 4.02406 20.0594 12.6588 0.1665 339700000000 162100000000
 0.5300   266898 0.5400   276136      1       -1       -1       -1  0 3.33667e+11 3.24100e+11 165.616000 22.891000 73.230000  1 0.2000 142.140000 15.54018 46.73880 57.99565 -144.290 -89.190 -146.910 -4.894e+10 3.967e+10 -6.890e+10 0.02153 307278 307278 677899 4062 41 307230 307311 22.8909 324120000000 343190000000 285990000000 257390000000 28599000000 36.6161 1.65 0.01841 0.18779 0.06849 7.43269 38.0836 -5.13947 0.09527 0.00975 10.2804 49.1464 -8.66803 0.1973 324000000000 190700000000
 0.5200   257670 0.5300   266898      1       -1       -1       -1  0 3.33667e+11 3.24100e+11 166.027000 12.661000 71.650000  1 0.2000 163.250000 15.60699 46.82022 58.05355 -143.370 -81.640 -143.420 4.527e+10 1.363e+10 -3.122e+10 0.01493 307279 307279 677899 2954 40 307230 307311 12.6611 324120000000 324120000000 305060000000 228790000000 123930000000 9.7686 0 0.01127 0.55469 0.26367 8.10579 21.7463 6.06037 0.35781 0.11088 9.02841 23.0698 12.9011 0.153 329800000000 133500000000
 0.5100   248399 0.5200   257670      1       -1       -1       -1  0 3.33667e+11 3.43200e+11 169.632000 17.481000 68.380000  1 0.2000 156.370000 15.66520 46.85922 58.11047 -139.100 -80.200 -138.500 4.260e+09 -1.174e+09 -2.541e+10 0.00595 307280 307280 677899 2926 39 307230 307311 17.4809 343190000000 343190000000 285990000000 238320000000 123930000000 15.2466 0 0.0047 0.63001 0.39252 7.58018 25.03 -0.32798 0.52809 0.32087 7.94787 24.6592 4.01221 0.1478 322800000000 171600000000
 0.5000   239231 0.5100   248399      1       -1       -1       -1  0 3.33667e+11 3.33700e+11 168.446000 21.776000 65.280000  1 0.2000 149.100000 15.73146 46.89211 58.16494 -135.180 -78.210 -134.560 9.098e+10 -9.904e+09 -3.187e+10 0.02353 307281 307281 677899 2964 38 307230 307311 21.7763 333650000000 333650000000 305060000000 228790000000 114400000000 14.2209 0 0.01868 0.67569 0.34983 8.21808 28.9988 7.36304 0.60889 0.19723 9.27949 30.1428 9.12433 0.1357 293900000000 200200000000
 0.4900   230051 0.5000   239231      1       -1       -1       -1  0 3.33667e+11 2.95500e+11 162.142000 17.914000 64.310000  1 0.2000 149.160000 15.79107 46.93455 58.22828 -127.880 -76.860 -131.330 9.858e+10 1.282e+10 -5.782e+10 0.03583 307282 307282 677899 4021 37 307230 307311 17.9144 295520000000 314590000000 295520000000 228790000000 104860000000 14.7113 0 0.02738 0.67692 0.5865 14.2015 16.6218 17.5176 0.61966 0.37941 11.4943 16.5645 16.2719 0.1282 294600000000 171600000000
 0.4800   220899 0.4900   230051      1       -1       -1       -1  0 3.33667e+11 3.33700e+11 169.216000 26.910000 68.310000  1 0.2000 146.230000 15.85599 46.95847 58.28504 -124.860 -75.210 -126.490 1.103e+11 6.330e+10 4.499e+10 0.03290 307283 307283 677899 4041 36 307230 307311 26.9096 333650000000 333650000000 285990000000 219260000000 85797000000 8.7401 0.66 0.02647 0.83552 0.25133 10.8179 12.2787 10.2833 0.16617 0.09644 5.52628 12.3621 3.84728 0.1439 299900000000 247900000000
 0.4700   211767 0.4800   220899      1       -1       -1       -1  0 3.33667e+11 3.43200e+11 171.188000 23.107000 61.930000  1 0.2000 153.440000 15.92710 47.01146 58.35558 -121.940 -76.310 -122.230 6.689e+10 7.383e+10 3.288e+09 0.02373 307284 307284 677899 4053 35 307230 307311 23.107 343190000000 343190000000 295520000000 200190000000 104860000000 23.0381 0 0.01885 0.81657 0.33395 20.4837 -3.86409 14.707 0.60386 0.17429 21.5683 8.06257 9.59297 0.1158 295100000000 200200000000
 0.4600   202660 0.4700   211767      1       -1       -1       -1  0 3.30467e+11 3.24100e+11 168.315000 27.235000 60.260000  1 0.2000 147.190000 16.00326 47.04894 58.41694 -118.820 -77.260 -121.410 7.403e+09 7.684e+10 3.550e+10 0.02214 307285 307285 677899 8142 34 307230 307311 27.235 324120000000 324120000000 305060000000 200190000000 104860000000 25.7995 0 0.01784 0.60013 0.28572 27.9311 14.1317 4.45225 0.48436 0.12006 27.0232 7.15557 2.48938 0.1137 282800000000 209700000000
 0.4500   193624 0.4600   202660      1       -1       -1       -1  0 3.20933e+11 3.24100e+11 168.664000 21.029000 60.640000  1 0.2000 155.910000 16.05079 47.06225 58.47968 -114.670 -74.660 -116.500 2.736e+10 7.113e+10 3.678e+09 0.02025 307286 307286 677899 8079 33 307230 307311 21.029 324120000000 324120000000 285990000000 228790000000 57198000000 10.546 1.41 0.01618 0.72611 0.4977 10.1433 31.7263 6.78069 0.54189 0.12726 13.0283 31.4664 -0.12477 0.1128 309100000000 209700000000
 0.4400   184577 0.4500   193624      1       -1       -1       -1  0 3.20933e+11 3.05100e+11 165.622000 15.744000 63.550000  1 0.2000 163.560000 16.12400 47.11591 58.54775 -112.620 -73.790 -112.850 -8.324e+09 3.064e+10 2.912e+10 0.01375 307287 307287 677899 3936 32 307230 307311 15.7441 305060000000 305060000000 305060000000 238320000000 85797000000 11.6862 0 0.01021 0.59868 0.43696 18.889 12.8445 9.68057 0.44714 0.29924 22.4289 12.4177 8.0637 0.1059 306600000000 152500000000
 0.4300   175572 0.4400   184577      1       -1       -1       -1  0 3.20933e+11 3.14600e+11 167.655000 14.903000 66.660000  1 0.2000 169.600000 16.18193 47.15162 58.61007 -108.420 -70.220 -110.110 -1.904e+10 3.655e+10 3.058e+10 0.01625 307288 307288 677899 8020 31 307230 307311 14.9034 314590000000 314590000000 295520000000 257390000000 123930000000 13.7035 0 0.01168 0.83216 0.68065 10.6963 1.40226 12.4308 0.5273 0.17734 13.6672 -1.77706 5.10126 0.1057 328500000000 133500000000
 0.4200   166615 0.4300   175572      1       -1       -1       -1  0 3.20933e+11 3.14600e+11 167.970000 12.503000 69.060000  1 0.2000 178.990000 16.24040 47.19161 58.67282 -106.620 -65.950 -109.890 -4.987e+10 2.977e+10 4.310e+09 0.01900 307289 307289 677899 7941 30 307230 307311 12.5035 314590000000 305060000000 295520000000 266920000000 133460000000 10.7234 2.13 0.0134 0.90533 0.58787 15.0839 -0.77848 11.0465 0.67812 0.26917 -4.36848 13.5512 4.71725 0.1072 361100000000 133500000000
 0.4100   157750 0.4200   166615      1       -1       -1       -1  0 3.20933e+11 3.05100e+11 166.558000 13.626000 70.370000  1 0.2000 175.030000 16.30199 47.23806 58.73948 -102.580 -63.240 -106.280 -7.968e+10 1.040e+10 1.545e+10 0.02872 307290 307290 677899 7888 29 307230 307311 13.6259 305060000000 305060000000 305060000000 276460000000 133460000000 12.138 0 0.02004 0.83257 0.44929 17.0579 1.57085 10.0542 0.90571 0.29272 6.5468 11.5356 15.5716 0.1102 363400000000 133500000000
 0.4000   148984 0.4100   157750      1       -1       -1       -1  0 3.20933e+11 3.14600e+11 168.570000 21.162000 62.760000  1 0.2000 162.740000 16.35758 47.26345 58.79339 -100.420 -61.600 -101.430 -7.747e+10 2.679e+09 8.643e+09 0.02413 307291 307291 677899 3861 28 307230 307311 21.1622 314590000000 314590000000 314590000000 247860000000 95330000000 33.2059 0 0.01835 0.74213 0.63147 26.8094 -6.52439 14.3319 0.41903 0.18679 31.6987 -13.3999 6.50587 0.1031 316500000000 171600000000
 0.3900   140317 0.4000   148984      1       -1       -1       -1  0 3.20933e+11 3.24100e+11 170.542000 27.596000 56.130000  1 0.2000 158.800000 16.42779 47.31526 58.85949 -98.310 -59.040 -97.720 -7.612e+10 1.148e+10 -1.222e+10 0.02202 307292 307292 677899 3775 27 307230 307311 27.5959 324120000000 324120000000 324120000000 219260000000 57198000000 28.7445 0 0.01766 0.52195 0.291 39.3271 -8.32222 14.2214 0.66273 0.19334 26.5656 -14.7763 10.9919 0.0913 308200000000 219300000000
 0.3800   131848 0.3900   140317      1       -1       -1       -1  0 3.20933e+11 3.24100e+11 170.819000 27.920000 56.700000  1 0.2000 160.480000 16.51691 47.35007 58.95707 -96.040 -58.940 -93.750 -1.041e+11 1.375e+10 -2.923e+10 0.03040 307293 307293 677899 3745 26 307230 307311 27.9197 324120000000 324120000000 324120000000 238320000000 38132000000 9.13427 0 0.02499 0.77736 0.3051 31.9975 -2.88565 23.8472 0.72788 0.08031 33.1086 -0.09668 5.63607 0.0947 305200000000 247900000000
 0.3700   123364 0.3800   131848      1       -1       -1       -1  0 2.92333e+11 3.14600e+11 169.390000 24.385000 55.280000  1 0.2000 164.480000 16.58697 47.40906 59.00437 -92.520 -58.050 -87.790 -7.706e+10 -1.782e+10 -3.007e+10 0.02586 307294 307294 677899 7443 25 307230 307311 24.3852 314590000000 314590000000 285990000000 190660000000 85797000000 9.74401 0 0.02065 0.51859 0.3475 33.3307 -1.89326 19.3456 0.50905 0.24016 28.0358 -0.52345 17.36 0.0863 265900000000 190700000000
 0.3600   114915 0.3700   123364      1       -1       -1       -1  0 2.63733e+11 2.38300e+11 154.647000 11.837000 60.240000  1 0.2000 174.160000 16.66184 47.45216 59.06116 -88.420 -60.190 -82.780 -3.147e+10 -1.356e+10 -3.240e+10 0.02576 307295 307295 677899 3567 24 307230 307311 11.8374 238320000000 238320000000 238320000000 190660000000 85797000000 4.69209 0 0.01852 0.51397 0.26474 23.3153 -12.7005 8.6629 0.21938 0.07021 30.859 -17.9642 12.91 0.0915 282700000000 85800000000
 0.3500   106621 0.3600   114915      1       -1       -1       -1  0 2.47867e+11 2.38300e+11 154.867000 18.108000 55.620000  1 0.2000 160.270000 16.73203 47.50541 59.12553 -85.840 -57.530 -82.260 -3.350e+10 3.673e+09 -1.906e+10 0.02019 307296 307296 677899 3466 23 307230 307311 18.1075 238320000000 228790000000 228790000000 190660000000 76264000000 5.48396 0.86 0.01541 0.41741 0.30437 34.1542 -6.50972 10.5367 0.52033 0.29279 25.6118 0.29325 12.2615 0.0898 237600000000 133500000000
 0.3400    98507 0.3500   106621      1       -1       -1       -1  0 2.47867e+11 2.19300e+11 150.827000 27.654000 47.210000  1 0.2000 145.840000 16.78938 47.55785 59.19040 -86.040 -56.310 -77.420 -9.540e+09 -9.342e+07 -3.685e+10 0.02074 307297 307297 677899 3381 22 307230 307311 27.6538 219260000000 219260000000 219260000000 133460000000 28599000000 9.64218 3.29 0.01765 0.11013 0.0828 51.7751 -12.0256 -2.50647 0.17552 0.07981 31.8904 -12.8448 -0.18031 0.0872 207400000000 162100000000
 0.3300    90634 0.3400    98507      1       -1       -1       -1  0 2.47867e+11 1.90700e+11 144.147000 23.381000 39.300000  1 0.2000 143.960000 16.88992 47.58926 59.27443 -85.430 -51.940 -76.130 2.263e+09 -1.235e+10 -6.142e+10 0.04401 307298 307298 677899 3291 21 307230 307311 23.3809 190660000000 190660000000 181130000000 133460000000 0 17.9097 3.59 0.03723 0.53861 0.51133 45.3533 17.0679 -0.13497 0.36706 0 30.7294 5.03592 21.8073 0.0643 207100000000 143000000000
 0.3200    82897 0.3300    90634      1       -1       -1       -1  0 2.47867e+11 2.19300e+11 151.207000 30.660000 37.940000  1 0.2000 147.990000 16.98248 47.65249 59.34464 -80.840 -52.410 -73.100 9.928e+09 -1.203e+10 -4.532e+10 0.02561 307299 307299 677899 3163 20 307230 307311 30.6601 219260000000 219260000000 219260000000 57198000000 9533000000 8.51453 5.62 0.02288 0.92317 0.75552 -11.4679 -15.8727 23.4279 0.27708 0.11385 0.66042 -9.73477 18.7921 0.0588 197400000000 190700000000
 0.3100    75418 0.3200    82897      1       -1       -1       -1  0 2.47867e+11 2.38300e+11 155.649000 35.769000 38.480000  1 0.2000 152.080000 17.05671 47.70206 59.40560 -73.310 -50.540 -65.950 4.340e+09 -2.720e+10 -3.202e+10 0.01957 307300 307300 677899 3057 19 307230 307311 35.7685 238320000000 228790000000 228790000000 38132000000 9533000000 12.9362 0 0.01782 0.92843 0.10191 -28.0135 40.3599 6.61706 0.47762 0.11393 8.76646 -19.8776 43.8681 0.0568 204500000000 209700000000
 0.3000    68167 0.3100    75418      1       -1       -1       -1  0 2.47867e+11 2.47900e+11 157.870000 37.091000 38.090000  1 0.2000 156.140000 17.13454 47.74586 59.47669 -71.150 -47.810 -61.180 1.011e+10 -1.609e+10 -6.055e+09 0.00883 307301 307301 677899 5939 18 307230 307311 37.0914 247860000000 228790000000 228790000000 38132000000 0 11.5072 1.83 0.00801 0.59518 0.28774 -37.3514 43.0485 -3.69447 0.16277 0 9.99427 29.124 -9.40748 0.05 215400000000 228800000000
 0.2900    61167 0.3000    68167      1       -1       -1       -1  0 2.47867e+11 2.57400e+11 160.034000 59.624000 39.970000  1 0.2000 155.100000 17.21582 47.79848 59.55273 -74.170 -45.100 -58.350 3.357e+09 1.325e+10 4.129e+09 0.00620 307302 307302 677899 5680 17 307230 307311 59.6241 257390000000 238320000000 238320000000 123930000000 0 3.83862 2.27 0.00547 0.55822 0.21886 42.9602 -37.5829 17.4183 0.59898 0.06 -8.0024 42.0434 14.2009 0.0481 211100000000 286000000000
 0.2800    54450 0.2900    61167      1       -1       -1       -1  0 2.44667e+11 2.38300e+11 156.133000 21.740000 43.620000  1 0.2000 172.460000 17.31693 47.84158 59.62983 -68.870 -41.890 -56.280 1.366e+10 8.728e+09 -3.275e+09 0.00906 307303 307303 677899 2693 16 307230 307311 21.7397 238320000000 228790000000 219260000000 142990000000 0 13.2067 0 0.00733 0.46322 0.10547 39.8921 -9.173 35.3779 0.77004 0.08054 24.2197 -9.10341 26.4444 0.0479 199500000000 143000000000
 0.2700    48067 0.2800    54450      1       -1       -1       -1  0 2.41500e+11 2.38300e+11 156.275000 19.245000 46.200000  1 0.2000 179.750000 17.38471 47.90322 59.68498 -63.420 -42.360 -51.700 2.618e+10 5.123e+09 -1.430e+10 0.01750 307304 307304 677899 2538 15 307230 307311 19.2454 238320000000 228790000000 219260000000 181130000000 47665000000 9.35595 0 0.01365 0.74329 0.61573 20.2155 -3.99539 19.8262 0.60494 0.37002 19.0511 11.1869 -7.5858 0.0498 234800000000 143000000000
 0.2600    42019 0.2700    48067      1       -1       -1       -1  0 2.41500e+11 2.47900e+11 158.467000 26.619000 45.790000  1 0.2000 175.360000 17.45646 47.96011 59.76014 -59.260 -39.820 -50.780 2.270e+10 -9.029e+09 -1.605e+10 0.01553 307305 307305 677899 1800 14 307230 307311 26.6185 247860000000 247860000000 247860000000 162060000000 28599000000 10.0586 0 0.01258 0.22752 0.03479 17.0069 25.7074 -1.26199 0.18605 0.00479 11.601 19.6317 -0.78201 0.0533 223500000000 162100000000
 0.2500    36339 0.2600    42019      1       -1       -1       -1  0 2.38333e+11 2.38300e+11 156.533000 37.963000 39.720000  1 0.2000 167.840000 17.53767 48.01411 59.82859 -55.120 -38.690 -46.160 1.193e+10 -1.219e+10 -2.970e+10 0.01838 307306 307306 677899 4366 13 307230 307311 37.9628 238320000000 238320000000 238320000000 95330000000 0 4.75016 0 0.01604 0.4358 0.19022 -6.7551 65.4998 -3.89959 0.35996 0.2604 -16.3847 44.533 3.56837 0.048 207700000000 238300000000
 0.2400    30994 0.2500    36339      1       -1       -1       -1  0 2.16067e+11 2.28800e+11 154.531000 56.975000 33.800000  1 0.2000 163.650000 17.60347 48.06856 59.89700 -51.430 -37.450 -43.950 1.341e+10 -1.536e+10 -2.316e+10 0.01743 307307 307307 677899 1548 12 307230 307311 56.9749 228790000000 171590000000 171590000000 76264000000 0 8.8256 0.55 0.01579 0.41335 0.34325 -24.8496 52.0752 -2.97394 0.27879 0.20947 27.9614 -4.24894 25.4143 0.0395 187000000000 247900000000
 0.2300    26045 0.2400    30994      1       -1       -1       -1  0 1.87467e+11 1.81100e+11 143.052000 32.524000 34.290000  1 0.2000 160.760000 17.68301 48.12457 59.96544 -50.690 -35.810 -41.650 2.811e+09 -2.471e+09 -9.334e+09 0.00857 307308 307308 677899 1345 11 307230 307311 32.5238 181130000000 181130000000 181130000000 66731000000 0 26.5384 0 0.00775 0.3138 0.09107 39.6745 -3.04216 25.3061 0.30576 0 20.4712 -14.6544 11.9583 0.0422 153500000000 162100000000
 0.2200    21486 0.2300    26045      1       -1       -1       -1  0 1.62033e+11 1.52500e+11 135.173000 23.222000 33.100000  1 0.2000 161.340000 17.77335 48.17696 60.04627 -41.500 -34.070 -39.900 3.243e+09 6.041e+09 -3.800e+09 0.00899 307309 307309 677899 1636 10 307230 307311 23.2223 152530000000 142990000000 142990000000 28599000000 0 25.4304 3.22 0.00823 0.48171 0.03358 28.562 -17.6892 18.6868 0 0 -8.59833 22.7661 -18.0206 0.0433 147700000000 114400000000
 0.2100    17350 0.2200    21486      1       -1       -1       -1  0 1.46167e+11 1.52500e+11 135.251000 24.607000 33.960000  1 0.2000 163.630000 17.81629 48.25363 60.10415 -42.120 -27.970 -34.780 -2.060e+09 -1.104e+10 -7.927e+09 0.01680 307310 307310 677899 1444 9 307230 307311 24.607 152530000000 133460000000 133460000000 104860000000 0 13.2572 2.18 0.01476 0.25214 0.11035 52.3459 15.2067 -11.0651 0.50295 0.31457 47.4879 20.3553 -21.5585 0.0376 134500000000 114400000000
 0.2000    13664 0.2100    17350      0       -1       -1       -1  0 1.33500e+11 1.33500e+11 129.431000 24.141000 34.390000  1 0.2000 159.740000 17.92866 48.28892 60.19278 -40.300 -23.400 -32.950 9.536e+09 1.071e+09 -2.793e+09 0.01534 307311 307311 677899 576 8 307230 307311 24.1413 133460000000 133460000000 133460000000 85797000000 0 29.2613 0 0.01374 0.80794 0.00648 20.7671 -6.9295 21.9946 0.24977 0.04581 -20.7127 42.2822 16.3031 0.0429 117800000000 114400000000
