 1.0000   677720 0.0000       -1      1   677719   677719       -1  0 3.90800e+11 3.90800e+11 149.580000 5.740000 135.740000  1 0.5700 164.690000 8.37410 50.04020 49.00505 16.750 -431.160 -91.250 -3.189e+11 -4.014e+11 1.800e+10 0.07325 336278 336278 677720 3235 88 336277 336407 5.73963 2183100000000 2183100000000 2183100000000 877040000000 324120000000 10.3726 1.02 0.05853 0.86405 0.72934 6.87233 13.7886 -7.16691 0.91323 0.66331 2.99788 15.7307 -1.02373 0.5027 768800000000 171600000000
 0.9900   669574 1.0000   677720      1   669573   669573   677719  0 4.54400e+11 4.76700e+11 160.482000 9.091000 146.350000  1 0.5700 157.730000 8.37157 50.06956 49.02346 31.130 -391.310 -71.080 -5.867e+11 -3.226e+11 -3.905e+11 0.07153 336279 336279 677720 3198 87 336277 336407 9.09103 2840800000000 2840800000000 2840800000000 924700000000 352720000000 5.91241 4.81 0.06371 0.71188 0.5501 6.27051 16.1734 -6.80981 0.64487 0.51084 5.3343 15.925 -5.54079 0.5596 856600000000 181100000000
 0.9800   661190 0.9900   669574      1   661189   661189   669573  0 5.02067e+11 4.95700e+11 163.276000 8.315000 151.940000  1 0.5700 165.100000 8.37110 50.11177 49.02938 56.420 -354.600 -52.280 -7.441e+11 -2.838e+11 -4.863e+11 0.08206 336280 336280 677720 3244 86 336277 336407 8.31492 3203100000000 3203100000000 3203100000000 1058200000000 381320000000 4.73288 0 0.07206 0.82592 0.5989 2.59602 17.6693 0.81105 0.8126 0.64189 4.12619 16.3713 -0.57243 0.5634 919200000000 162100000000
 0.9700   652851 0.9800   661190      1   652850   652850   661189  0 5.78300e+11 5.33800e+11 168.057000 11.284000 158.250000  1 0.5700 157.490000 8.36237 50.16619 49.05935 78.350 -320.440 -43.360 -7.044e+11 -3.364e+11 -3.702e+11 0.05461 336281 336281 677720 3258 85 336277 336407 11.2843 3193600000000 3193600000000 3193600000000 981900000000 209730000000 32.8263 3.58 0.05915 0.5326 0.38822 2.94531 12.2318 21.2157 0.28767 0.18655 5.63749 11.9413 18.9379 0.6687 855600000000 181100000000
 0.9600   644530 0.9700   652851      1   644529   644529   652850  0 6.29133e+11 7.05400e+11 185.183000 11.174000 174.710000  1 0.5700 178.330000 8.35380 50.17223 49.02947 116.840 -250.680 -16.750 -8.881e+11 -2.467e+11 -5.319e+11 0.04071 336282 336282 677720 3243 84 336277 336407 11.1738 5071600000000 5071600000000 5071600000000 3107800000000 381320000000 22.2786 16.67 0.04593 0.87575 0.46217 -4.12038 7.44563 19.1666 0.4678 0.36511 -4.15763 4.07966 20.6714 0.6913 1070000000000 266900000000
 0.9500   636223 0.9600   644530      1   636222   636222   644529  0 7.59433e+11 6.48200e+11 180.778000 9.004000 183.220000  1 0.5700 183.390000 8.34947 50.20279 49.03408 135.400 -174.740 -19.840 -6.062e+11 -4.966e+11 -7.021e+11 0.05194 336283 336283 677720 3253 83 336277 336407 9.00402 5205000000000 5205000000000 5205000000000 4471000000000 562450000000 16.6715 13.2 0.05244 0.65399 0.52019 -4.84036 -5.55842 19.6003 0.56147 0.4828 -4.89525 -4.02888 19.9434 0.6749 1199000000000 219300000000
 0.9400   627930 0.9500   636223      1   627929   627929   636222  0 7.75333e+11 9.24700e+11 204.335000 8.567000 213.300000  1 0.5700 217.700000 8.33165 50.21954 49.05057 145.690 -104.730 -46.920 -3.438e+09 -1.804e+11 -7.477e+11 0.01914 336284 336284 677720 3264 82 336277 336407 8.56689 5500500000000 5500500000000 5500500000000 4833200000000 791240000000 37.2083 15.87 0.02128 0.72223 0.45745 -4.99939 20.1866 -8.14324 0.50409 0.36159 2.14207 -11.3721 18.1724 0.729 1665000000000 381300000000
 0.9300   619623 0.9400   627930      1   619622   619622   627929  0 8.23000e+11 7.53100e+11 191.599000 6.242000 220.110000  1 0.5700 220.230000 8.31677 50.22451 49.05283 88.140 29.470 -96.910 -6.805e+11 -3.183e+11 -2.463e+11 0.02956 336285 336285 677720 2331 81 336277 336407 6.24172 5205000000000 5205000000000 5205000000000 4728400000000 2116300000000 25.0044 19.49 0.0309 0.62692 0.58946 -1.54069 13.8079 -6.75976 0.65645 0.62885 -2.29407 11.8958 -7.29091 0.744 1600000000000 390900000000
 0.9200   611284 0.9300   619623      1   611283   611283   619622  0 8.13467e+11 7.91200e+11 195.568000 8.419000 198.760000  1 0.5700 206.450000 8.29935 50.21453 49.06197 -2.150 90.200 -156.640 -1.387e+12 -3.158e+11 -7.533e+11 0.05961 336286 336286 677720 3283 80 336277 336407 8.41939 5195500000000 5195500000000 5195500000000 4680700000000 2278400000000 15.9669 14.75 0.05812 0.6563 0.62262 -5.61214 21.7945 0.77613 0.62943 0.57201 -4.55965 21.0941 1.26631 0.6655 1406000000000 343200000000
 0.9100   602929 0.9200   611284      1   602928   602927   611283  0 8.73833e+11 8.96100e+11 204.672000 12.234000 176.260000  1 0.5700 196.860000 8.30505 50.20388 49.07889 -74.450 67.720 -192.000 -1.000e+12 -9.232e+11 -5.387e+11 0.04625 336287 336287 677720 3293 79 336277 336407 12.2337 5205000000000 5205000000000 5205000000000 4385200000000 1735000000000 18.1226 8.51 0.04311 0.72097 0.55786 -10.0978 21.8144 9.91592 0.58411 0.44717 -7.8518 19.862 11.4448 0.5666 1323000000000 400400000000
 0.9000   594567 0.9100   602929      1   594566   594565   602928  0 9.21500e+11 9.34200e+11 208.364000 14.388000 161.510000  1 0.5700 192.840000 8.31804 50.19241 49.10361 -109.050 12.240 -209.930 -1.067e+12 -1.476e+12 -3.427e+11 0.05851 336288 336288 677720 3296 78 336277 336407 14.3877 4957200000000 4957200000000 4957200000000 3126800000000 552910000000 12.7303 11.26 0.05108 0.94432 0.84306 -11.655 10.1812 14.061 0.70739 0.64886 -11.0357 9.69021 12.2899 0.4819 1268000000000 429000000000
 0.8900   586166 0.9000   594567      1   586164   586164   594566  0 9.31033e+11 9.34200e+11 209.191000 13.258000 159.060000  1 0.5700 197.920000 8.32799 50.18833 49.13739 -111.620 -27.500 -209.870 -1.368e+12 -1.472e+12 -2.867e+11 0.06844 336289 336289 677720 3324 77 336277 336407 13.2581 4118300000000 4118300000000 4118300000000 1086800000000 448050000000 8.66804 5.98 0.05617 0.95758 0.86171 -0.26111 -7.72403 15.2547 0.87144 0.70389 -6.14242 6.66084 12.5785 0.4404 1267000000000 429000000000
 0.8800   577791 0.8900   586166      1   577789   577789   586164  0 9.24700e+11 9.24700e+11 209.299000 13.181000 159.260000  1 0.5700 198.310000 8.34151 50.18738 49.16579 -112.250 -54.100 -210.490 -1.534e+12 -1.144e+12 1.180e+11 0.06634 336290 336290 677720 4321 76 336277 336407 13.1807 3222200000000 3222200000000 1601500000000 810300000000 362250000000 4.85424 1.82 0.05418 0.94925 0.78232 8.29498 -11.605 10.5677 0.92604 0.69206 -10.1773 4.56893 11.496 0.4371 1304000000000 362300000000
 0.8700   569334 0.8800   577791      1   569332   569332   577789  0 9.27900e+11 9.15200e+11 209.393000 11.838000 159.630000  1 0.5700 204.220000 8.36309 50.20108 49.19068 -115.890 -74.120 -214.000 -1.860e+12 -1.213e+12 2.396e+10 0.07860 336291 336291 677720 7385 75 336277 336407 11.8382 2097300000000 2097300000000 1048600000000 762640000000 428980000000 8.10468 2.68 0.06407 0.86885 0.68141 -1.75201 3.04999 22.252 0.74864 0.58127 -2.02177 3.36731 21.4386 0.4364 1283000000000 352700000000
 0.8600   560880 0.8700   569334      1   560878   560878   569332  0 9.50133e+11 9.43800e+11 212.374000 12.091000 162.930000  1 0.5700 206.720000 8.37612 50.21803 49.22465 -120.030 -90.620 -211.150 -1.679e+12 -1.399e+12 -8.523e+10 0.07325 336292 336292 677720 3368 74 336277 336407 12.0911 1429900000000 1544300000000 1020000000000 734040000000 457580000000 11.8081 2.4 0.06019 0.8266 0.5982 -7.18008 9.64433 20.8664 0.6752 0.51401 -6.03629 3.85338 22.0857 0.4441 1328000000000 390900000000
 0.8500   552442 0.8600   560880      1   552440   552440   560878  0 9.69200e+11 9.91400e+11 216.723000 10.783000 164.840000  1 0.5700 217.920000 8.39493 50.23360 49.26131 -118.450 -105.740 -207.870 -1.821e+12 -1.479e+12 -2.088e+11 0.07216 336293 336293 677720 3328 73 336277 336407 10.981 1258400000000 1429900000000 953300000000 743570000000 448050000000 15.1639 3.8 0.05993 0.86887 0.55285 -1.97083 -2.28343 16.6892 0.76889 0.44254 -0.78833 -5.46369 14.2432 0.4465 1332000000000 371800000000
 0.8400   543932 0.8500   552442      1       -1       -1   552440  0 1.04233e+12 9.72400e+11 216.149000 11.281000 162.370000  1 0.5700 211.130000 8.41364 50.24231 49.29440 -120.880 -118.490 -202.570 -2.060e+12 -1.506e+12 -8.533e+10 0.08116 336294 336294 677720 3397 72 336277 336407 12.1628 1077200000000 1315600000000 886570000000 705440000000 419450000000 11.0843 1.65 0.06738 0.78002 0.6378 -10.2904 19.4161 5.17241 0.67272 0.54741 -12.5876 15.7027 0.1306 0.4408 1211000000000 333700000000
 0.8300   535421 0.8400   543932      1       -1       -1       -1  0 1.04233e+12 9.62800e+11 216.258000 14.964000 153.830000  1 0.5700 200.000000 8.42495 50.27608 49.33026 -123.030 -127.300 -196.800 -1.678e+12 -1.300e+12 -3.554e+11 0.06951 336295 336295 677720 1268 71 336277 336407 14.9635 1039100000000 1096300000000 867500000000 657780000000 400390000000 21.372 0 0.05798 0.71994 0.60241 -9.93424 15.2369 9.53106 0.70404 0.55865 12.8368 -9.10744 -6.56781 0.4178 1158000000000 400400000000
 0.8200   526839 0.8300   535421      1       -1       -1       -1  0 1.04233e+12 8.77000e+11 210.423000 20.277000 137.030000  1 0.5700 179.670000 8.44357 50.28937 49.36357 -115.550 -132.910 -191.400 -1.533e+12 -1.015e+12 -4.956e+11 0.07382 336296 336296 677720 7505 70 336277 336407 20.2768 962830000000 1039100000000 857970000000 657780000000 371790000000 13.4827 0 0.06018 0.67792 0.61279 -8.12776 18.406 17.4609 0.53676 0.45355 -4.98102 15.2098 18.8145 0.3654 1042000000000 457600000000
 0.8100   518197 0.8200   526839      1       -1       -1       -1  0 1.04233e+12 8.58000e+11 209.666000 20.006000 128.330000  1 0.5700 179.530000 8.46309 50.31179 49.39570 -114.640 -138.740 -188.850 -1.570e+12 -8.823e+11 -2.851e+11 0.07353 336297 336297 677720 3393 69 336277 336407 20.0057 962830000000 1029600000000 848440000000 667310000000 285990000000 13.1624 0 0.06002 0.61779 0.55919 -10.1789 12.8108 18.0181 0.50375 0.46178 -7.80176 9.24581 18.6341 0.3385 972800000000 448100000000
 0.8000   509523 0.8100   518197      1       -1       -1       -1  0 1.04233e+12 8.96100e+11 213.515000 23.561000 122.220000  1 0.5700 177.190000 8.49029 50.32605 49.41160 -119.010 -144.210 -183.010 -1.715e+12 -9.382e+11 -2.498e+11 0.07221 336298 336298 677720 7585 68 336277 336407 23.5615 962830000000 1048600000000 857970000000 657780000000 266920000000 4.90629 0 0.06061 0.63583 0.41742 -20.9811 23.2906 28.3989 0.58091 0.34426 -17.3919 16.1158 29.254 0.3217 989900000000 514800000000
 0.7900   500885 0.8000   509523      1       -1       -1       -1  0 1.04233e+12 9.05600e+11 215.055000 23.633000 121.260000  1 0.5700 178.770000 8.50429 50.36099 49.45261 -125.040 -150.780 -183.320 -1.324e+12 -1.041e+12 -1.706e+11 0.06113 336299 336299 677720 3411 67 336277 336407 23.6334 972370000000 1029600000000 838900000000 619640000000 276460000000 7.69479 0 0.05137 0.83419 0.4538 -8.75667 9.99725 32.9113 0.8243 0.44719 -6.82626 8.9317 26.6995 0.315 939500000000 495700000000
 0.7800   492244 0.7900   500885      1       -1       -1       -1  0 1.04233e+12 9.05600e+11 215.836000 26.592000 118.270000  1 0.5700 175.400000 8.52681 50.38750 49.49213 -125.870 -155.020 -180.040 -1.555e+12 -1.033e+12 -1.712e+11 0.06825 336300 336300 677720 7562 66 336277 336407 26.5924 924700000000 1001000000000 838900000000 619640000000 76264000000 9.07032 0 0.05717 0.83613 0.49338 -1.29784 -0.13343 37.3927 0.84043 0.48332 -3.2664 1.53042 31.0071 0.3 911700000000 533800000000
 0.7700   483565 0.7800   492244      1       -1       -1       -1  0 1.04233e+12 9.62800e+11 221.081000 28.656000 125.180000  1 0.5700 178.070000 8.54923 50.41669 49.51143 -119.170 -155.810 -175.460 -1.314e+12 -1.633e+12 -1.456e+11 0.06845 336301 336301 677720 3446 65 336277 336407 28.656 962830000000 1010500000000 810300000000 629180000000 238320000000 9.56176 0 0.05812 0.83209 0.53084 7.35302 -12.5675 31.9417 0.85578 0.4628 8.66603 -12.6105 25.701 0.3166 954800000000 610100000000
 0.7600   474869 0.7700   483565      1       -1       -1       -1  0 1.04233e+12 9.24700e+11 218.900000 20.474000 134.750000  1 0.5700 189.170000 8.57641 50.44977 49.54997 -117.260 -157.310 -171.120 -1.166e+12 -1.676e+12 -1.143e+11 0.07417 336302 336302 677720 3466 64 336277 336407 20.4741 924700000000 1010500000000 800770000000 638710000000 324120000000 14.17 0 0.0608 0.71344 0.55136 7.41317 -13.1453 17.3325 0.5859 0.46087 6.49261 -13.1091 14.0737 0.3359 953400000000 467100000000
 0.7500   466139 0.7600   474869      1       -1       -1       -1  0 1.04233e+12 9.15200e+11 218.915000 13.630000 146.250000  1 0.5700 209.580000 8.59948 50.47721 49.58311 -117.760 -158.790 -169.010 -1.121e+12 -1.304e+12 -2.686e+10 0.06711 336303 336303 677720 3463 63 336277 336407 13.6299 915170000000 1020000000000 819840000000 638710000000 428980000000 18.0574 0 0.05226 0.83082 0.64643 3.92647 -3.42498 20.2514 0.86976 0.61321 4.07474 -7.71842 15.3289 0.349 1104000000000 390900000000
 0.7400   457350 0.7500   466139      1       -1       -1       -1  0 1.04233e+12 9.15200e+11 219.680000 11.685000 148.370000  1 0.5700 219.860000 8.61942 50.50543 49.59750 -116.820 -159.720 -165.470 -9.650e+11 -1.305e+12 -8.907e+10 0.06479 336304 336304 677720 3432 62 336277 336407 11.6853 915170000000 1020000000000 857970000000 638710000000 467120000000 7.14337 0.15 0.04964 0.74479 0.49022 -8.45538 14.7306 17.3788 0.71218 0.48322 -7.41791 14.4679 12.8697 0.3463 1276000000000 371800000000
 0.7300   448522 0.7400   457350      1       -1       -1       -1  0 1.04233e+12 9.34200e+11 221.959000 13.046000 146.690000  1 0.5700 216.480000 8.64004 50.53623 49.63263 -115.850 -157.750 -164.380 -8.214e+11 -1.154e+12 6.507e+08 0.05389 336305 336305 677720 7678 61 336277 336407 13.0464 934230000000 1077200000000 829370000000 629180000000 486180000000 2.47729 0 0.04201 0.69268 0.53158 -2.66989 3.06005 23.5169 0.85692 0.56409 -0.64658 -1.11152 19.4052 0.3444 1220000000000 381300000000
 0.7200   439675 0.7300   448522      1       -1       -1       -1  0 1.04233e+12 9.91400e+11 227.174000 17.537000 136.480000  1 0.5700 203.810000 8.66240 50.56820 49.67103 -120.720 -160.720 -165.360 -1.240e+12 -7.422e+11 -4.995e+11 0.05135 336306 336306 677720 3491 60 336277 336407 18.6132 1010500000000 1067700000000 829370000000 648240000000 428980000000 13.2885 4.8 0.0413 0.87131 0.4766 -4.4693 -2.69513 25.3428 0.78116 0.42584 2.36133 -13.9708 19.2502 0.3123 1076000000000 457600000000
 0.7100   430764 0.7200   439675      1       -1       -1       -1  0 1.04233e+12 9.62800e+11 225.728000 25.496000 133.490000  1 0.5700 188.690000 8.68363 50.60752 49.70457 -117.370 -160.210 -152.910 -1.084e+12 -5.576e+11 -4.263e+11 0.04511 336307 336307 677720 7914 59 336277 336407 25.4963 1020000000000 1058200000000 886570000000 676840000000 314590000000 17.5221 8.47 0.03682 0.71269 0.51103 0.89891 -1.49479 32.3982 0.50258 0.38086 3.12905 2.72998 30.4872 0.3125 1010000000000 591000000000
 0.7000   421794 0.7100   430764      1       -1       -1       -1  0 1.04233e+12 9.91400e+11 228.703000 27.792000 133.350000  1 0.5700 187.530000 8.70969 50.65414 49.70900 -115.060 -159.250 -149.370 -4.741e+11 -4.292e+11 -9.555e+10 0.02105 336308 336308 677720 3741 58 336277 336407 28.6915 1010500000000 1067700000000 905630000000 724510000000 324120000000 35.9455 10.03 0.01765 0.91322 0.50046 -22.3244 25.0794 11.0072 0.79415 0.5199 -5.69676 5.98693 27.4226 0.3177 994200000000 552900000000
 0.6900   412797 0.7000   421794      1       -1       -1       -1  0 1.04233e+12 9.72400e+11 227.978000 29.776000 133.580000  1 0.5700 188.720000 8.73027 50.69984 49.75386 -120.530 -157.890 -148.040 -1.198e+12 -5.561e+11 -2.483e+11 0.04603 336309 336309 677720 3536 57 336277 336407 27.5765 991430000000 1048600000000 915170000000 724510000000 333650000000 40.9354 2.83 0.0381 0.77784 0.39491 -18.6558 21.1679 -8.17485 0.78206 0.34555 -13.5398 16.6405 -11.6159 0.3114 991700000000 610100000000
 0.6800   403791 0.6900   412797      1       -1       -1       -1  0 1.04233e+12 9.62800e+11 227.971000 27.899000 133.470000  1 0.5700 188.730000 8.76219 50.73834 49.79570 -119.980 -156.840 -142.640 -1.414e+12 -5.893e+11 -4.872e+11 0.05692 336310 336310 677720 3538 56 336277 336407 27.8995 981900000000 1029600000000 943770000000 791240000000 305060000000 39.6795 0 0.04659 0.79071 0.46611 -12.2716 23.3029 -17.9889 0.55676 0.43473 -1.08426 -11.2203 23.3858 0.3063 1057000000000 572000000000
 0.6700   394817 0.6800   403791      1       -1       -1       -1  0 1.04233e+12 1.01000e+12 232.418000 15.791000 136.040000  1 0.5700 210.420000 8.81528 50.75078 49.83629 -118.980 -156.450 -136.190 -1.377e+12 -4.535e+11 -4.077e+11 0.04983 336311 336311 677720 1579 55 336277 336407 19.2142 1020000000000 1048600000000 934230000000 781710000000 0 13.5378 2.41 0.04052 0.62878 0.46693 -16.8336 38.6454 -25.9538 0.40446 0.32801 18.4296 -32.1927 31.8434 0.3037 1235000000000 247900000000
 0.6600   385874 0.6700   394817      1       -1       -1       -1  0 1.04233e+12 1.01000e+12 233.157000 19.346000 138.300000  1 0.5700 208.240000 8.83785 50.79288 49.86046 -117.800 -156.040 -127.720 -1.600e+12 -4.602e+11 -7.404e+11 0.06145 336312 336312 677720 3533 54 336277 336407 20.6465 1010500000000 1048600000000 924700000000 800770000000 362250000000 22.6885 3.47 0.04929 0.60085 0.41849 -11.1311 32.3901 -24.2631 0.45265 0.35065 -5.39469 28.845 -25.7908 0.302 1129000000000 495700000000
 0.6500   376837 0.6600   385874      1       -1       -1       -1  0 1.04233e+12 1.02000e+12 234.620000 22.633000 139.400000  1 0.5700 209.290000 8.87738 50.83393 49.89790 -114.470 -155.590 -123.210 -1.631e+12 -6.591e+11 -9.238e+11 0.06694 336313 336313 677720 8029 53 336277 336407 21.1486 1020000000000 1048600000000 981900000000 762640000000 419450000000 13.5889 2.79 0.05325 0.54493 0.37288 -11.7212 38.2909 -10.364 0.40186 0.36413 -7.03359 35.6409 -12.3032 0.2985 1099000000000 552900000000
 0.6400   367759 0.6500   376837      1       -1       -1       -1  0 1.04233e+12 1.03900e+12 236.802000 18.593000 141.260000  1 0.5700 205.030000 8.92326 50.88339 49.92880 -112.690 -153.400 -118.270 -1.648e+12 -7.764e+11 -5.183e+11 0.06153 336314 336314 677720 8022 52 336277 336407 24.7032 1039100000000 1048600000000 972370000000 705440000000 409920000000 21.713 3.63 0.04953 0.64552 0.49019 -8.88569 27.5612 8.29651 0.55738 0.36243 -3.53241 26.6809 4.21745 0.3049 1081000000000 429000000000
 0.6300   358649 0.6400   367759      1       -1       -1       -1  0 1.04233e+12 1.02000e+12 236.062000 18.860000 138.160000  1 0.5700 204.830000 8.95676 50.90022 49.96732 -112.540 -151.220 -110.810 -1.571e+12 -8.174e+11 -5.541e+11 0.06248 336315 336315 677720 3756 51 336277 336407 24.7586 1020000000000 1048600000000 953300000000 724510000000 381320000000 11.7447 4.18 0.05035 0.45329 0.37692 -7.71113 21.5511 28.3326 0.30412 0.17467 -7.66902 21.3141 28.4985 0.2983 1067000000000 438500000000
 0.6200   349559 0.6300   358649      1       -1       -1       -1  0 1.04233e+12 1.01000e+12 236.030000 49.941000 131.410000  1 0.5700 194.240000 9.00320 50.93950 50.02955 -113.630 -149.800 -106.220 -1.504e+12 -6.760e+11 -6.981e+11 0.05770 336316 336316 677720 3744 50 336277 336407 32.739 1020000000000 1058200000000 934230000000 734040000000 219260000000 34.4705 4.75 0.04969 0.47759 0.28637 2.7594 3.73001 41.7912 0.29487 0.07673 0.8217 6.96483 39.7049 0.3069 991900000000 905600000000
 0.6100   340438 0.6200   349559      1       -1       -1       -1  0 1.04233e+12 9.62800e+11 232.944000 40.951000 128.440000  1 0.5700 184.780000 9.04440 50.97391 50.07395 -114.850 -148.460 -100.720 -1.092e+12 -3.885e+11 -1.454e+11 0.03886 336317 336317 677720 3761 49 336277 336407 40.9514 962830000000 981900000000 857970000000 467120000000 219260000000 47.8212 2.3 0.03536 0.36194 0.25734 5.64542 -14.7378 50.9286 0.61036 0.34684 6.94408 -5.9319 30.4434 0.3254 897400000000 762600000000
 0.6000   331296 0.6100   340438      1       -1       -1       -1  0 1.04233e+12 9.15200e+11 229.700000 56.295000 116.060000  1 0.5700 175.060000 9.08998 51.00315 50.10200 -121.470 -146.060 -98.060 -1.139e+12 -5.864e+11 -4.501e+10 0.04638 336318 336318 677720 4793 48 336277 336407 56.2947 924700000000 953300000000 781710000000 333650000000 181130000000 51.3767 5.99 0.04251 0.45278 0.31895 13.5296 -33.7929 41.1793 0.53193 0.35802 25.1587 13.6435 7.7438 0.2931 803500000000 896100000000
 0.5900   322127 0.6000   331296      1       -1       -1       -1  0 1.04233e+12 8.00800e+11 220.328000 50.522000 105.260000  1 0.5700 169.880000 9.14844 51.04147 50.12795 -120.240 -145.950 -91.520 -1.271e+12 -5.591e+11 1.324e+11 0.06532 336319 336319 677720 3797 47 336277 336407 50.5224 800770000000 848440000000 734040000000 314590000000 152530000000 58.2295 0 0.05821 0.27295 0.2202 14.078 -28.1137 30.1855 0.71344 0.40635 12.1241 10.1485 -4.0201 0.2568 753900000000 762600000000
 0.5800   312888 0.5900   322127      2       -1       -1       -1  0 1.04233e+12 8.86600e+11 228.571000 55.555000 106.240000  1 0.5700 175.840000 9.17388 51.11535 50.12427 -122.590 -149.260 -85.770 -1.499e+12 -4.357e+11 3.173e+11 0.06275 336320 336320 677720 3766 46 336277 336407 55.5549 886570000000 886570000000 819840000000 438520000000 0 32.3916 1.81 0.05651 0.14329 0.03458 -21.5882 60.7872 -39.9055 0.14634 0.00568 -11.7509 42.138 -31.7587 0.2468 810500000000 886600000000
 0.5700   303656 0.5800   312888      1       -1       -1       -1  0 1.04233e+12 7.81700e+11 219.783000 52.305000 109.890000  1 0.5700 170.250000 9.17045 51.26067 50.11536 -118.230 -148.900 -85.270 -8.594e+11 -3.182e+11 5.431e+11 0.05037 336321 336321 677720 3755 45 336357 336356 52.3045 781710000000 791240000000 743570000000 343190000000 114400000000 48.763 0 0.04695 0.24732 0.05875 -22.8464 51.199 -15.7492 0.13778 0.08201 -4.64027 35.2993 21.7732 0.2863 812300000000 762600000000
 0.5700   303657 0.5800   312888      1   303656   303656       -1  0 3.52700e+11 3.52700e+11 168.574000 22.541000 87.480000  0 0.5600 142.600000 9.24079 51.10088 50.18712 -129.970 -116.150 -34.680 4.327e+10 -2.041e+10 -5.465e+10 0.01438 336322 336357 677720 3754 45 336277 336407 22.5414 524310000000 524310000000 486180000000 324120000000 181130000000 10.2656 0 0.01206 0.61095 0.25948 -8.74552 28.3701 -20.6345 0.49078 0.16702 -9.9067 28.2481 -23.0549 0.2422 368300000000 228800000000
 0.5600   294400 0.5700   303656      1   294401   294401       -1  0 4.35333e+11 2.66900e+11 154.033000 17.671000 58.570000  1 0.2200 134.980000 9.19958 51.34112 50.16368 -90.580 -186.250 -144.740 -7.597e+10 1.104e+11 -2.072e+10 0.04410 336323 336322 677720 3583 44 336277 336356 17.6706 495720000000 495720000000 486180000000 352720000000 104860000000 11.2601 0 0.0361 0.7779 0.48864 -10.3246 27.6487 5.65735 0.77367 0.33446 -12.0033 20.0824 9.06121 0.1528 283900000000 133500000000
 0.5600   294401 0.5700   303657      1       -1       -1   303656  0 1.04233e+12 5.81500e+11 199.682000 22.889000 100.920000  1 0.5600 175.020000 9.28128 51.16141 50.18993 -117.910 -131.630 -61.680 -5.713e+11 -2.775e+11 -3.380e+09 0.05780 336324 336358 677720 3582 44 336277 336407 22.8887 581510000000 581510000000 505250000000 409920000000 181130000000 20.5243 0 0.04618 0.6294 0.5882 -6.10906 21.5215 -7.9257 0.66485 0.35048 6.82655 11.538 -8.16203 0.2236 682400000000 286000000000
 0.5500   285151 0.5600   294400      1       -1       -1   294401  0 3.14633e+11 2.57400e+11 152.581000 19.392000 54.410000  1 0.2200 131.630000 9.21319 51.42414 50.23091 -86.450 -179.090 -137.950 -4.955e+10 5.238e+10 -7.417e+09 0.02587 336325 336323 677720 3561 43 336277 336356 19.3916 428980000000 428980000000 400390000000 257390000000 76264000000 19.2316 0 0.02066 0.78732 0.59045 -15.896 18.8052 6.09859 0.15964 0.06367 29.3161 10.8896 -9.81337 0.1251 248100000000 162100000000
 0.5500   285152 0.5600   294401      1       -1       -1       -1  0 7.27700e+11 5.52900e+11 196.874000 19.443000 96.820000  1 0.4200 179.100000 9.34268 51.19514 50.21624 -114.350 -129.570 -47.230 -1.309e+11 -2.078e+11 2.142e+11 0.03210 336326 336359 677720 3560 43 336277 336407 19.4427 552910000000 562450000000 495720000000 343190000000 142990000000 23.5508 0 0.02597 0.58681 0.48962 -21.45 33.0187 -5.7553 0.72711 0.5323 -1.80304 29.3596 -5.64898 0.215 762000000000 295500000000
 0.5400   275942 0.5500   285151      1       -1       -1       -1  0 3.14633e+11 2.38300e+11 149.103000 14.899000 59.180000  1 0.2200 136.000000 9.26255 51.47172 50.27032 -87.080 -169.240 -129.480 -3.110e+10 5.683e+10 -4.164e+10 0.03174 336327 336324 677720 3564 42 336277 336356 14.899 400390000000 400390000000 343190000000 228790000000 0 11.5444 0 0.02515 0.54337 0.18448 -12.3839 35.3498 13.8004 0.74298 0.2496 -12.573 24.8316 15.8934 0.1449 259000000000 114400000000
 0.5400   275943 0.5500   285152      1       -1       -1       -1  0 7.27700e+11 6.29200e+11 206.072000 29.307000 101.900000  1 0.4200 174.960000 9.37782 51.26262 50.22862 -107.280 -128.520 -40.140 -4.268e+11 -4.310e+10 5.003e+11 0.05193 336328 336360 677720 3563 42 336277 336407 29.307 629180000000 657780000000 591050000000 381320000000 200190000000 6.47021 0 0.04268 0.59626 0.32722 -23.1162 32.5522 7.0514 0.90617 0.57343 8.28601 16.1803 16.0013 0.2195 763800000000 381300000000
 0.5300   266704 0.5400   275942      1       -1       -1       -1  0 3.14633e+11 2.47900e+11 151.449000 14.095000 63.390000  1 0.2200 141.160000 9.29887 51.53411 50.31364 -89.470 -160.650 -118.000 -3.936e+10 4.811e+10 -4.847e+10 0.03045 336329 336325 677720 3559 41 336277 336356 14.0948 352720000000 352720000000 295520000000 152530000000 85797000000 19.6642 0 0.02431 0.40279 0.18206 -8.52925 33.4856 5.96293 0.4036 0.04861 -4.50272 23.9944 1.02411 0.1585 268400000000 123900000000
 0.5300   266705 0.5400   275943      1       -1       -1       -1  0 7.27700e+11 6.86400e+11 212.676000 22.660000 111.150000  1 0.4200 192.340000 9.43042 51.31780 50.26187 -97.250 -129.060 -30.400 -4.688e+11 3.664e+10 5.822e+11 0.05034 336330 336361 677720 3558 41 336277 336407 22.6599 686380000000 686380000000 610110000000 390850000000 276460000000 7.4366 0 0.04226 0.68284 0.34637 20.2604 -6.71571 19.4579 0.65362 0.42552 12.1414 1.5306 19.2932 0.2463 774000000000 286000000000
 0.5200   257473 0.5300   266704      1       -1       -1       -1  1 3.14633e+11 2.62200e+11 154.709000 15.859000 61.700000  1 0.2200 142.090000 9.31927 51.56798 50.33888 -96.330 -149.270 -112.610 -5.732e+10 4.563e+10 -3.707e+10 0.02974 336331 336326 677720 9116 40 336277 336356 16.0526 319355000000 319355000000 271690000000 176360000000 71497500000 20.1124 0 0.023985 0.511995 0.22939 9.66986 6.76286 4.28395 0.65268 0.123675 7.10234 4.99473 4.07348 0.1475 269450000000 143000000000
 0.5200   257474 0.5300   266705      1       -1       -1       -1  0 7.27700e+11 6.67300e+11 211.213000 21.004000 112.150000  1 0.4200 195.060000 9.46997 51.36467 50.26493 -95.600 -130.920 -27.680 -3.527e+11 1.718e+11 5.227e+11 0.04878 336332 336362 677720 2428 40 336277 336407 21.0035 667310000000 667310000000 619640000000 409920000000 219260000000 7.71133 3.08 0.03901 0.53834 0.44987 -4.16169 25.4508 -10.5323 0.50237 0.49271 0.35344 19.2293 -10.329 0.2328 744300000000 295500000000
 0.5100   248200 0.5200   257473      1       -1       -1       -1  0 3.14633e+11 2.76500e+11 157.837000 17.623000 59.910000  1 0.2200 143.010000 9.38287 51.67002 50.40788 -93.580 -148.900 -104.620 -7.527e+10 4.316e+10 -2.567e+10 0.02903 336333 336327 677720 2386 39 336277 336356 17.6227 285990000000 285990000000 247860000000 200190000000 57198000000 20.5606 0 0.02366 0.6212 0.27672 27.869 -19.9599 2.60496 0.90176 0.19874 18.7074 -14.0049 7.12284 0.1365 270500000000 162100000000
 0.5100   248201 0.5200   257474      1       -1       -1       -1  0 7.27700e+11 7.15000e+11 216.652000 31.194000 110.660000  1 0.4200 186.750000 9.51969 51.40862 50.26984 -91.930 -131.300 -19.050 -4.388e+11 2.187e+10 3.669e+11 0.03678 336334 336363 677720 2385 39 336277 336407 31.194 714970000000 714970000000 619640000000 400390000000 219260000000 16.3458 0 0.03071 0.55019 0.37088 -4.79689 22.2816 -7.30442 0.60161 0.39235 -1.84891 16.7155 -8.19633 0.2363 693200000000 400400000000
 0.5000   239027 0.5100   248200      1       -1       -1       -1  0 3.14633e+11 2.47900e+11 152.556000 18.502000 58.290000  1 0.2200 136.760000 9.39994 51.75806 50.44960 -88.950 -145.580 -98.420 -5.164e+10 4.430e+10 5.871e+09 0.02703 336335 336328 677720 2583 38 336277 336356 18.5017 285990000000 285990000000 266920000000 238320000000 104860000000 17.3197 4.17 0.0216 0.65126 0.53682 33.3962 -8.99024 -2.49487 0.75788 0.16291 28.5856 5.23154 9.61557 0.1318 253300000000 143000000000
 0.5000   239028 0.5100   248201      1       -1       -1       -1  0 7.27700e+11 6.95900e+11 215.218000 47.619000 102.960000  1 0.4200 174.810000 9.56372 51.46155 50.28129 -86.420 -131.600 -10.470 -3.007e+11 1.965e+11 2.227e+11 0.02750 336336 336364 677720 2582 38 336277 336407 47.6188 695910000000 705440000000 619640000000 390850000000 181130000000 10.2278 0 0.02393 0.55597 0.48395 -3.90344 44.3669 -3.22803 0.68117 0.34267 -6.58579 31.1953 0.74268 0.2275 674800000000 619600000000
 0.4900   229848 0.5000   239027      1       -1       -1       -1  0 3.14633e+11 2.95500e+11 162.142000 16.966000 76.520000  1 0.2200 150.920000 9.44015 51.83410 50.49505 -84.800 -135.020 -78.750 -9.246e+10 2.588e+10 1.628e+10 0.02855 336337 336329 677720 3674 37 336277 336356 16.9663 295520000000 295520000000 266920000000 228790000000 0 5.50943 3.71 0.02319 0.41501 0.27813 37.2629 -23.3598 -13.2824 0.79774 0.77999 33.7256 -15.0763 -17.7958 0.1903 316100000000 162100000000
 0.4900   229849 0.5000   239028      1       -1       -1       -1  0 7.05433e+11 7.72200e+11 223.325000 71.289000 109.190000  1 0.4200 176.370000 9.64116 51.55920 50.25571 -92.730 -119.820 -22.930 5.249e+10 4.179e+11 5.410e+11 0.03412 336338 336365 677720 3675 37 336277 336407 71.2889 772170000000 772170000000 695910000000 247860000000 0 22.9615 0 0.03293 0.561 0.22231 24.4345 60.4918 -16.3653 0.09993 0.05625 24.605 49.1304 -26.8821 0.2663 712800000000 981900000000
 0.4800   220697 0.4900   229848      1       -1       -1       -1  0 3.14633e+11 3.33700e+11 169.216000 20.903000 73.260000  1 0.2200 153.200000 9.49273 51.87937 50.53319 -86.900 -132.200 -68.170 -1.221e+11 1.091e+10 3.996e+10 0.03051 336339 336330 677720 3495 36 336277 336356 20.9034 333650000000 333650000000 276460000000 228790000000 76264000000 15.2247 0 0.02531 0.74724 0.57164 19.2191 -7.25265 -11.719 0.71925 0.56852 13.4095 3.74395 -11.2941 0.1713 319500000000 181100000000
 0.4800   220698 0.4900   229849      1       -1       -1       -1  0 6.70467e+11 6.48200e+11 211.149000 70.250000 111.760000  1 0.4200 167.480000 9.66111 51.55240 50.29166 -85.580 -123.050 -22.030 3.194e+11 2.329e+11 -4.776e+10 0.02705 336340 336366 677720 3494 36 336277 336407 70.2505 648240000000 648240000000 505250000000 295520000000 95330000000 35.3048 0 0.02584 0.82366 0.40483 -14.0606 29.7532 12.2329 0.63843 0.25988 4.34368 26.9717 -1.04894 0.2965 641100000000 858000000000
 0.4700   211565 0.4800   220697      1       -1       -1       -1  0 3.14633e+11 2.86000e+11 161.094000 14.621000 69.210000  1 0.2200 157.030000 9.54692 51.95144 50.55930 -85.430 -128.760 -63.570 -8.783e+10 4.890e+10 -7.263e+09 0.03289 336341 336331 677720 3623 35 336277 336356 14.6206 285990000000 285990000000 257390000000 200190000000 95330000000 12.798 0 0.02582 0.73164 0.70002 22.7191 -13.5156 -8.24982 0.72293 0.41257 -16.9865 2.20253 17.4445 0.1503 288300000000 143000000000
 0.4700   211566 0.4800   220698      1       -1       -1       -1  0 6.03733e+11 5.91000e+11 205.196000 53.869000 106.590000  1 0.4200 167.000000 9.71452 51.63082 50.30038 -95.900 -120.260 -26.080 2.919e+11 1.594e+11 3.259e+11 0.03918 336342 336367 677720 3622 35 336277 336407 53.8688 591050000000 591050000000 486180000000 333650000000 123930000000 38.619 0 0.03557 0.9309 0.4871 -4.44077 35.2475 -3.25592 0.61267 0.3729 -12.1508 25.5195 -5.46125 0.2671 667600000000 667300000000
 0.4600   202458 0.4700   211565      1       -1       -1       -1  0 3.14633e+11 3.14600e+11 166.649000 25.060000 68.520000  1 0.2200 147.570000 9.58982 52.00835 50.58467 -81.610 -126.220 -49.820 -3.365e+10 6.718e+10 -4.325e+10 0.02292 336343 336332 677720 7735 34 336277 336356 25.0602 314590000000 314590000000 276460000000 190660000000 0 25.0747 0 0.01913 0.62808 0.46509 33.0509 -22.1212 -9.77057 0.6614 0.50138 26.168 -18.5149 -6.9094 0.1542 367500000000 190700000000
 0.4600   202459 0.4700   211566      1       -1       -1       -1  0 5.65600e+11 5.72000e+11 203.398000 40.897000 103.580000  1 0.4200 172.090000 9.77105 51.69730 50.30978 -95.120 -111.970 -24.700 3.576e+11 -1.180e+11 1.358e+11 0.03614 336344 336368 677720 7736 34 336277 336407 40.897 571980000000 552910000000 409920000000 305060000000 171590000000 42.3407 3.81 0.03262 0.81229 0.38505 18.9157 32.9845 -8.41681 0.46129 0.26147 -19.5831 29.3054 -1.41639 0.2529 636000000000 381300000000
 0.4500   193425 0.4600   202458      1       -1       -1       -1  0 3.14633e+11 2.86000e+11 161.772000 20.763000 62.670000  1 0.2200 148.690000 9.58953 52.09821 50.63467 -76.690 -125.540 -46.400 -7.358e+08 4.498e+10 -2.011e+09 0.01451 336345 336333 677720 7542 33 336277 336356 20.763 305060000000 305060000000 305060000000 209730000000 47665000000 10.3975 0 0.01176 0.42552 0.25176 32.5153 -15.2299 -1.33537 0.07067 0.0096 30.0584 -7.44377 -5.68419 0.1308 301000000000 171600000000
 0.4500   193426 0.4600   202459      1       -1       -1       -1  0 5.24300e+11 5.33800e+11 199.186000 34.602000 97.380000  1 0.4200 173.560000 9.86324 51.81184 50.29504 -95.130 -109.770 -19.140 2.186e+11 -6.148e+10 4.536e+11 0.05541 336346 336369 677720 7541 33 336277 336407 34.6017 533850000000 533850000000 505250000000 343190000000 0 11.7213 0 0.04683 0.80871 0.36925 44.5004 10.3307 -4.05645 0.6336 0.16494 17.3624 29.0893 -21.1975 0.2093 631700000000 390900000000
 0.4400   184378 0.4500   193425      1       -1       -1       -1  0 3.14633e+11 3.05100e+11 165.622000 20.481000 64.940000  1 0.2200 154.620000 9.64440 52.17013 50.66368 -68.140 -117.930 -34.340 -1.587e+10 1.048e+10 4.325e+10 0.01369 336347 336334 677720 3416 32 336277 336356 20.4813 305060000000 305060000000 295520000000 228790000000 19066000000 9.76836 0 0.0112 0.7415 0.62719 31.5017 -25.2844 -11.0523 0.23101 0.0558 45.0932 -6.7219 -8.07851 0.1366 318400000000 190700000000
 0.4400   184379 0.4500   193426      1       -1       -1       -1  0 5.11600e+11 4.67100e+11 190.897000 23.423000 90.970000  1 0.4200 178.490000 9.97000 51.85290 50.28885 -99.170 -112.490 -5.820 1.444e+11 5.372e+10 5.004e+11 0.07181 336348 336370 677720 3417 32 336277 336407 23.4226 467120000000 457580000000 448050000000 371790000000 0 32.0014 4.97 0.06102 0.07833 0.01881 56.2047 -6.99397 -14.8793 0.03111 0.02364 54.4843 -6.60161 -12.1872 0.2011 593200000000 276500000000
 0.4300   175369 0.4400   184378      1       -1       -1       -1  0 3.14633e+11 3.33700e+11 170.975000 37.232000 64.200000  1 0.2200 146.730000 9.67216 52.24511 50.68649 -66.460 -111.740 -30.390 3.122e+10 -1.241e+10 3.862e+10 0.01239 336349 336335 677720 7481 31 336277 336356 37.2318 333650000000 333650000000 324120000000 200190000000 19066000000 11.3691 0 0.01056 0.63906 0.25393 39.3993 -16.5016 -7.86975 0.2747 0 23.7759 0.60865 -5.30338 0.1332 310400000000 305100000000
 0.4300   175370 0.4400   184379      2       -1       -1       -1  0 5.11600e+11 4.57600e+11 189.958000 20.801000 87.420000  1 0.4200 183.400000 9.97562 51.95495 50.29755 -97.900 -118.200 -0.530 2.643e+10 1.094e+11 5.577e+11 0.08811 336350 336371 677720 7480 31 336277 336407 20.8009 457580000000 457580000000 438520000000 295520000000 181130000000 25.1555 13.05 0.06934 0.36907 0.26421 -24.8502 26.1318 -4.75887 0.50992 0.22759 20.9588 -15.9056 -1.34188 0.168 559300000000 209700000000
 0.4200   166411 0.4300   175369      1       -1       -1       -1  0 3.11433e+11 3.05100e+11 166.256000 35.494000 63.980000  1 0.2200 144.330000 9.69011 52.33578 50.70179 -61.300 -119.450 -22.840 7.665e+10 3.590e+10 5.569e+10 0.02856 336351 336336 677720 7419 30 336277 336356 35.4937 305060000000 305060000000 295520000000 190660000000 0 19.7673 8.02 0.02454 0.82367 0.57255 33.6635 -13.304 -17.6226 0.96947 0.23929 -22.216 15.7219 15.8515 0.1399 316000000000 276500000000
 0.4200   166412 0.4300   175370      1       -1       -1       -1  0 5.11600e+11 4.19400e+11 184.875000 20.602000 89.180000  1 0.4200 179.430000 10.05124 52.03707 50.29777 -94.010 -115.800 -4.510 -1.810e+11 -1.035e+11 -7.217e+10 0.03911 336352 336372 677720 7417 30 336392 336391 20.6022 419450000000 419450000000 381320000000 305060000000 114400000000 11.6085 13.2 0.03143 0.49555 0.34579 16.1068 -14.406 0.16932 0.65559 0.34454 13.1156 -11.1526 3.5156 0.1854 395800000000 228800000000
 0.4200   166413 0.4300   175370      1   166412   166412       -1  0 1.04900e+11 1.04900e+11 116.464000 22.726000 39.030000  0 0.2700 102.340000 10.09814 51.90720 50.29540 -34.050 -46.900 -6.010 -2.563e+10 2.002e+10 1.716e+10 0.05175 336353 336392 677720 7418 30 336277 336407 22.7263 190660000000 190660000000 190660000000 76264000000 0 16.4801 0 0.05279 0.33274 0.07815 -1.70599 36.6171 -27.1531 0 0 0 0 0 0.1371 99220000000 85800000000
 0.4100   157548 0.4200   166411      1       -1       -1       -1  0 3.01867e+11 2.95500e+11 164.804000 23.977000 60.230000  1 0.2200 153.240000 9.73730 52.39894 50.71956 -57.190 -115.080 -13.850 -6.219e+10 2.925e+10 1.370e+11 0.04867 336354 336337 677720 7331 29 336277 336356 23.9772 295520000000 285990000000 266920000000 200190000000 9533000000 7.36152 2.05 0.03958 0.2254 0.16664 43.0329 18.3684 22.4964 0.0844 0 28.683 15.7093 17.9281 0.1094 299000000000 200200000000
 0.4100   157549 0.4200   166412      1       -1       -1       -1  0 3.52700e+11 3.52700e+11 174.816000 20.035000 74.840000  1 0.2300 170.260000 10.10983 52.12948 50.29418 -97.100 -122.640 1.880 -6.320e+09 5.257e+10 1.930e+11 0.04866 336355 336373 677720 7330 29 336277 336391 20.0348 352720000000 352720000000 314590000000 266920000000 133460000000 24.5354 12.56 0.03847 0.65799 0.53716 27.4158 -5.14515 -1.11584 0.3237 0.1254 32.1496 -4.42601 4.42416 0.1516 367200000000 190700000000
 0.4100   157550 0.4200   166413      1       -1       -1   166412  0 1.58900e+11 1.33500e+11 126.442000 44.551000 31.500000  1 0.2700 105.930000 10.32114 51.30719 50.30671 -40.370 -72.330 -140.630 9.164e+09 -3.234e+10 2.808e+10 0.04168 336356 336393 677720 7377 29 336277 336407 44.5514 152530000000 152530000000 123930000000 28599000000 0 24.1729 4.53 0.04254 0.21186 0.0097 42.1411 1.94087 -31.3291 0.10181 0 13.7879 14.7823 45.1567 0.0913 118100000000 162100000000
 0.4000   148783 0.4100   157548      1       -1       -1       -1  0 3.01867e+11 2.86000e+11 163.298000 17.761000 63.060000  1 0.2200 162.370000 9.77641 52.47260 50.73880 -50.390 -111.670 -4.120 -5.845e+10 2.944e+10 1.011e+11 0.04144 336357 336338 677720 3285 28 336277 336356 17.761 285990000000 285990000000 285990000000 200190000000 9533000000 14.3241 0 0.03321 0.54226 0.27455 34.6752 -15.5117 20.5028 0.41027 0.05113 -24.0586 29.3628 -10.1926 0.1155 288700000000 143000000000
 0.4000   148784 0.4100   157549      1       -1       -1       -1  0 3.49567e+11 2.86000e+11 163.298000 15.242000 62.500000  1 0.2300 167.970000 10.19471 52.21980 50.29002 -97.650 -121.520 -0.450 9.570e+09 -3.062e+09 6.779e+10 0.02539 336358 336374 677720 3284 28 336277 336391 15.2416 285990000000 285990000000 266920000000 238320000000 85797000000 16.1518 4.18 0.0189 0.39432 0.24672 -18.1695 -4.33991 26.7565 0.27884 0.02603 -14.6172 -2.2447 27.167 0.1046 296000000000 152500000000
 0.4000   148785 0.4100   157550      1       -1       -1       -1  0 1.58900e+11 1.23900e+11 123.573000 27.377000 35.600000  1 0.2700 108.830000 10.35784 51.35600 50.38184 -38.220 -70.660 -128.860 7.266e+09 -9.576e+09 3.119e+10 0.03671 336359 336394 677720 3485 28 336277 336407 27.3773 123930000000 123930000000 114400000000 0 0 22.0162 4.96 0.03716 0.37155 0.12135 50.1359 -43.3172 -19.2559 0 0 0 0 0 0.1018 126000000000 114400000000
 0.3900   140115 0.4000   148783      1       -1       -1       -1  0 2.92333e+11 3.24100e+11 170.542000 33.782000 63.690000  1 0.2200 153.970000 9.82581 52.51289 50.73193 -44.050 -104.660 -0.030 -8.184e+10 -9.396e+09 1.825e+11 0.05227 336360 336339 677720 3242 27 336277 336356 33.7823 324120000000 324120000000 324120000000 142990000000 9533000000 20.8557 0 0.04536 0.4361 0.10715 46.4255 -14.6965 -0.55088 0.39469 0.00807 41.6388 -12.2823 4.04815 0.1261 290300000000 286000000000
 0.3900   140116 0.4000   148784      1       -1       -1       -1  0 3.49567e+11 2.66900e+11 159.855000 10.960000 58.990000  1 0.2300 179.100000 10.23940 52.30260 50.29870 -89.320 -118.290 0.130 2.229e+10 -1.052e+10 4.178e+10 0.02156 336361 336375 677720 3243 27 336277 336391 10.9599 266920000000 247860000000 247860000000 209730000000 114400000000 17.6745 2.91 0.01519 0.94022 0.68799 8.58511 -7.5179 15.9077 0.85297 0.74378 7.13022 -7.84359 14.813 0.0861 353500000000 95330000000
 0.3900   140117 0.4000   148785      1       -1       -1       -1  0 1.58900e+11 1.23900e+11 123.781000 26.926000 35.620000  1 0.2700 110.370000 10.39414 51.40743 50.48055 -45.910 -72.950 -119.930 7.066e+09 -5.230e+09 3.363e+10 0.03957 336362 336395 677720 3444 27 336277 336407 26.9265 123930000000 114400000000 104860000000 0 0 18.0607 2.25 0.0391 0.23971 0.10641 -45.1396 56.3581 37.4466 0 0 0 0 0 0.0963 115700000000 104900000000
 0.3800   131646 0.3900   140115      1       -1       -1       -1  0 2.85967e+11 2.66900e+11 160.114000 16.877000 60.580000  1 0.2200 163.640000 9.81578 52.62944 50.72861 -40.700 -106.050 1.980 -2.869e+10 5.370e+10 4.415e+10 0.03023 336363 336340 677720 3211 26 336277 336356 16.8775 266920000000 257390000000 257390000000 219260000000 0 4.59852 2.3 0.02384 0.79678 0.57291 2.7978 28.0435 -19.9031 0.67868 0.1061 2.52368 -23.4956 28.0264 0.1103 277000000000 143000000000
 0.3800   131647 0.3900   140116      1       -1       -1       -1  0 3.49567e+11 2.47900e+11 156.207000 12.649000 57.120000  1 0.2300 169.640000 10.32611 52.37620 50.29159 -83.920 -108.410 -2.400 1.880e+10 -3.500e+10 3.388e+10 0.02594 336364 336376 677720 3210 26 336277 336391 12.6488 247860000000 247860000000 247860000000 228790000000 104860000000 10.8791 0 0.01872 0.42539 0.20607 -24.8287 9.41395 27.1704 0.21018 0.11846 -27.1397 10.6205 32.0614 0.0853 297400000000 104900000000
 0.3800   131648 0.3900   140117      1       -1       -1       -1  1 1.58900e+11 1.28700e+11 125.555000 36.917000 40.650000  1 0.2700 110.650000 10.40806 51.42752 50.51266 -53.610 -71.540 -111.260 -3.062e+09 1.609e+10 2.986e+10 0.04331 336365 336396 677720 8177 26 336277 336407 39.445 128695000000 114400000000 95328500000 19066000000 0 20.2888 4.165 0.043745 0.190865 0.076555 -26.705 44.4613 24.0328 0.359135 0.22842 0.657065 13.7883 1.32916 0.1189 126250000000 152550000000
 0.3700   123163 0.3800   131646      1       -1       -1       -1  0 2.70100e+11 2.66900e+11 160.363000 22.019000 54.560000  1 0.2200 157.080000 9.85080 52.67807 50.72994 -29.030 -101.290 4.400 -3.868e+10 3.816e+10 4.622e+10 0.02831 336366 336341 677720 7273 25 336277 336356 22.0185 266920000000 266920000000 266920000000 190660000000 0 8.40269 0 0.0229 0.91376 0.5453 21.9024 29.705 -17.8343 0.6646 0.42507 32.3821 17.4912 -14.9918 0.0911 251900000000 181100000000
 0.3700   123164 0.3800   131647      1       -1       -1       -1  0 3.49567e+11 2.66900e+11 160.363000 45.122000 54.350000  1 0.2300 142.170000 10.33571 52.41594 50.30473 -76.390 -102.360 -4.260 1.802e+10 -2.252e+10 3.226e+10 0.01595 336367 336377 677720 7263 25 336277 336391 45.122 266920000000 257390000000 247860000000 152530000000 0 40.2015 0.78 0.01389 0.16853 0.0969 33.9851 57.684 8.4517 0.3068 0.10366 23.4639 45.7601 2.72691 0.1055 237500000000 276500000000
 0.3700   123165 0.3800   131648      1       -1       -1       -1  0 1.58900e+11 1.33500e+11 127.280000 46.909000 44.670000  1 0.2700 110.920000 10.47650 51.52640 50.64471 -45.220 -72.510 -105.000 -1.319e+10 3.742e+10 2.609e+10 0.04705 336368 336397 677720 7684 25 336277 336407 46.9092 133460000000 114400000000 85797000000 38132000000 0 22.5169 6.08 0.04839 0.14202 0.0467 -8.27036 32.5644 10.619 0.71827 0.45684 1.31413 27.5766 2.65832 0.1415 136800000000 200200000000
 0.3600   114721 0.3700   123163      1       -1       -1       -1  0 2.70100e+11 2.76500e+11 162.491000 41.522000 52.450000  1 0.2200 147.040000 9.85112 52.74546 50.72039 -23.190 -96.310 6.600 -3.904e+10 3.153e+10 4.544e+10 0.02451 336369 336342 677720 3104 24 336277 336356 41.5224 276460000000 276460000000 266920000000 171590000000 9533000000 30.7343 0 0.02076 0.67255 0.5011 31.6186 23.7862 1.03695 0.59802 0.16085 28.2255 12.1336 10.1994 0.091 233600000000 276500000000
 0.3600   114722 0.3700   123164      1       -1       -1       -1  0 3.49567e+11 2.28800e+11 152.557000 13.670000 47.390000  1 0.2300 165.400000 10.42431 52.54831 50.31194 -72.220 -98.630 -5.160 2.111e+10 -1.579e+10 1.558e+10 0.01730 336370 336378 677720 3516 24 336277 336391 13.67 228790000000 228790000000 228790000000 181130000000 76264000000 14.4488 0 0.01287 0.6465 0.53138 -21.3196 8.35228 27.7818 0.75389 0.39036 -9.68634 -7.17043 24.6599 0.066 245000000000 114400000000
 0.3600   114723 0.3700   123165      1       -1       -1       -1  0 1.58900e+11 1.43000e+11 130.435000 27.725000 40.970000  1 0.2700 120.570000 10.51085 51.57539 50.72056 -48.550 -70.510 -102.920 2.262e+10 3.381e+10 3.967e+10 0.05489 336371 336398 677720 3855 24 336277 336407 27.725 142990000000 142990000000 142990000000 57198000000 0 30.294 0 0.05229 0.54485 0.02355 -9.58156 42.6617 -0.50335 0.64244 0.23561 -13.6674 28.5277 -7.65571 0.0909 137300000000 123900000000
 0.3500   106430 0.3600   114721      1       -1       -1       -1  0 2.70100e+11 2.66900e+11 160.830000 34.692000 49.470000  1 0.2200 150.170000 9.87945 52.83731 50.72364 -17.200 -89.440 9.310 -2.157e+10 4.785e+10 2.003e+10 0.02232 336372 336343 677720 2969 23 336277 336356 34.6923 266920000000 257390000000 257390000000 171590000000 28599000000 10.7098 2.59 0.01851 0.70793 0.35509 21.7814 24.0893 5.12856 0.95831 0.34629 15.6196 20.7374 3.55111 0.0745 226500000000 238300000000
 0.3500   106431 0.3600   114722      1       -1       -1       -1  0 3.49567e+11 2.28800e+11 152.774000 24.163000 43.680000  1 0.2300 149.380000 10.51187 52.60424 50.27138 -64.880 -92.230 -3.330 1.190e+10 8.552e+08 4.223e+07 0.00643 336373 336379 677720 2970 23 336277 336391 24.163 228790000000 228790000000 228790000000 152530000000 66731000000 36.4379 0 0.00508 0.26091 0.15309 -17.4475 17.4375 27.4488 0.1182 0.04466 -17.3879 18.839 26.4279 0.0596 220700000000 162100000000
 0.3500   106432 0.3600   114723      1       -1       -1       -1  0 1.58900e+11 1.43000e+11 130.620000 22.255000 45.660000  1 0.2700 126.160000 10.52615 51.62446 50.78936 -48.800 -70.320 -98.770 2.102e+10 3.318e+10 3.899e+10 0.05792 336374 336399 677720 3578 23 336277 336407 22.2547 142990000000 142990000000 142990000000 104860000000 0 25.0041 0 0.05162 0.25491 0.00393 30.942 -27.4368 14.5208 0.18628 0 30.7796 -28.9821 17.7398 0.1007 132100000000 104900000000
 0.3400    98321 0.3500   106430      1       -1       -1       -1  0 2.70100e+11 2.57400e+11 159.107000 28.087000 49.550000  1 0.2200 154.740000 9.90226 52.91469 50.71385 -13.920 -86.670 8.220 -2.907e+10 3.377e+10 2.259e+10 0.02145 336375 336344 677720 2923 22 336277 336356 28.0868 257390000000 257390000000 257390000000 162060000000 0 12.8918 0 0.01773 0.7439 0.44157 32.656 -11.8814 17.0951 0.2731 0.14775 26.3421 -21.6654 7.87523 0.0757 239500000000 190700000000
 0.3400    98322 0.3500   106431      1       -1       -1       -1  0 3.49567e+11 2.47900e+11 157.118000 19.070000 48.530000  1 0.2300 163.390000 10.54897 52.69796 50.30915 -58.440 -85.520 -7.130 3.018e+10 -3.060e+10 -1.797e+10 0.02261 336376 336380 677720 3255 22 336277 336391 19.0698 247860000000 247860000000 219260000000 200190000000 0 16.1253 0 0.01761 0.52452 0.26773 -23.7597 6.20038 29.6392 0.32963 0.02067 -20.2378 16.8288 27.6494 0.065 250700000000 152500000000
 0.3400    98323 0.3500   106432      1       -1       -1       -1  0 1.58900e+11 1.43000e+11 130.797000 15.456000 49.560000  1 0.2700 136.760000 10.55978 51.68806 50.86801 -46.970 -69.920 -94.050 1.850e+10 3.405e+10 1.615e+10 0.04572 336377 336400 677720 3495 22 336277 336407 15.4561 142990000000 142990000000 133460000000 114400000000 0 24.0108 0 0.03969 0.04508 0 37.5236 -36.8205 37.675 0.1644 0.0453 23.8406 -24.7788 32.6913 0.1114 146800000000 66730000000
 0.3300    90454 0.3400    98321      1       -1       -1       -1  0 2.70100e+11 2.28800e+11 153.179000 22.453000 48.750000  1 0.2200 155.680000 9.93764 52.94501 50.69696 -11.300 -81.610 6.060 -2.459e+10 2.054e+10 1.125e+10 0.01766 336378 336345 677720 3341 21 336277 336356 22.4528 228790000000 228790000000 228790000000 171590000000 0 27.2905 0 0.01488 0.3897 0.16262 44.8214 -39.0789 -2.59117 0.19696 0.04766 -32.0344 37.8777 -7.93685 0.0804 211400000000 152500000000
 0.3300    90455 0.3400    98322      1       -1       -1       -1  0 3.49567e+11 2.47900e+11 157.321000 10.679000 50.260000  1 0.2300 189.610000 10.62121 52.76026 50.29250 -53.670 -81.010 -7.860 4.265e+10 -3.675e+09 -1.211e+10 0.02323 336379 336381 677720 3176 21 336277 336391 10.6791 247860000000 247860000000 247860000000 190660000000 104860000000 25.1706 0 0.01706 0.66249 0.48874 13.4243 -8.26108 -6.28023 0.70242 0.52092 -9.29569 11.211 3.46568 0.0605 266100000000 104900000000
 0.3300    90456 0.3400    98323      1       -1       -1       -1  0 1.58900e+11 1.43000e+11 130.966000 15.433000 42.730000  1 0.2700 138.810000 10.62382 51.72979 50.94679 -47.430 -69.440 -89.420 1.775e+10 3.304e+10 1.594e+10 0.04519 336380 336401 677720 3148 21 336277 336407 15.433 142990000000 142990000000 142990000000 114400000000 0 15.8612 0 0.03909 0.88 0.18961 -9.89958 1.27269 31.5776 0.84256 0.74922 25.6028 30.8809 -13.2961 0.0891 146800000000 57200000000
 0.3200    82720 0.3300    90454      1       -1       -1       -1  0 2.70100e+11 2.28800e+11 153.367000 34.496000 50.320000  1 0.2200 148.130000 9.95413 53.03780 50.70237 -5.530 -75.600 6.100 -4.057e+10 -1.858e+10 1.623e+10 0.02530 336381 336346 677720 3194 20 336277 336356 34.4964 228790000000 228790000000 228790000000 114400000000 47665000000 16.3362 4.05 0.02112 0.61959 0.49196 -4.25604 22.2743 19.4938 0.56315 0.48155 1.41936 10.4892 21.0685 0.0814 222400000000 219300000000
 0.3200    82721 0.3300    90455      1       -1       -1       -1  0 3.49567e+11 2.95500e+11 167.025000 19.271000 55.430000  1 0.2300 180.220000 10.65248 52.84902 50.31408 -50.170 -73.550 -8.210 5.333e+10 7.945e+09 -4.729e+10 0.02771 336382 336382 677720 3092 20 336277 336391 19.2712 295520000000 266920000000 266920000000 219260000000 95330000000 17.1248 0 0.02082 0.64158 0.55992 16.0468 -10.4258 -12.5574 0.5953 0.3534 -10.9253 13.938 16.2271 0.0637 290900000000 162100000000
 0.3200    82722 0.3300    90456      1       -1       -1       -1  0 1.58900e+11 1.52500e+11 133.978000 32.931000 39.370000  1 0.2700 128.100000 10.67720 51.80592 51.04446 -45.000 -66.590 -85.790 2.636e+10 2.740e+10 7.160e+09 0.03615 336383 336402 677720 3195 20 336277 336407 32.931 152530000000 142990000000 142990000000 66731000000 0 23.0658 1.43 0.03382 0.03669 0.00628 53.5663 33.8205 -20.891 0 0 15.7538 -1.5564 28.5492 0.0878 138600000000 143000000000
 0.3100    75245 0.3200    82720      1       -1       -1       -1  0 2.70100e+11 3.14600e+11 170.741000 46.012000 48.220000  1 0.2200 164.050000 9.91311 53.12689 50.70218 -6.610 -71.470 6.210 -7.468e+10 8.812e+09 3.818e+10 0.02501 336384 336347 677720 3103 19 336277 336356 46.0115 314590000000 295520000000 276460000000 95330000000 0 9.23139 0 0.0224 0.41355 0.19477 63.4452 -4.11181 -22.5126 0.39356 0.09462 53.8725 -21.2816 -12.5248 0.0705 263300000000 314600000000
 0.3100    75246 0.3200    82721      1       -1       -1       -1  0 3.49567e+11 3.05100e+11 168.998000 14.378000 61.090000  1 0.2300 197.960000 10.70090 52.93200 50.31396 -47.840 -72.880 -5.830 2.841e+10 2.317e+09 -4.187e+10 0.01951 336385 336383 677720 3023 19 336277 336391 14.3779 305060000000 305060000000 295520000000 228790000000 133460000000 27.6387 0 0.01416 0.71393 0.37576 19.8042 8.38955 -16.7339 0.40191 0.26352 -16.5209 -2.36151 20.5785 0.0682 295300000000 133500000000
 0.3100    75247 0.3200    82722      1       -1       -1       -1  0 1.58900e+11 1.62100e+11 136.872000 42.756000 40.370000  1 0.2700 129.950000 10.73578 51.86615 51.11600 -45.010 -56.440 -81.300 1.003e+10 4.501e+09 3.609e+09 0.00955 336386 336403 677720 3168 19 336277 336407 42.7559 162060000000 162060000000 142990000000 9533000000 0 30.3342 0 0.00928 0.17828 0.04246 73.6315 5.17018 -13.3252 0 0 0 0 0 0.0845 135700000000 181100000000
 0.3000    68000 0.3100    75245      1       -1       -1       -1  0 2.70100e+11 2.57400e+11 159.869000 30.184000 48.940000  1 0.2200 162.680000 9.96340 53.17786 50.69846 -5.890 -64.090 6.390 -9.138e+10 1.267e+10 1.098e+10 0.04170 336387 336348 677720 5981 18 336277 336356 30.1845 257390000000 257390000000 238320000000 162060000000 38132000000 18.8504 0 0.03502 0.67878 0.24165 23.1337 22.7174 -17.5865 0.72162 0.2846 21.7586 16.8657 1.78145 0.0673 216600000000 200200000000
 0.3000    68001 0.3100    75246      1       -1       -1       -1  0 3.49567e+11 3.33700e+11 174.314000 17.127000 59.370000  1 0.2300 200.420000 10.74374 52.99618 50.32826 -43.450 -69.530 -3.570 1.667e+10 1.725e+10 -3.626e+10 0.01450 336388 336384 677720 5890 18 336277 336391 17.1272 333650000000 333650000000 333650000000 305060000000 57198000000 22.7654 0 0.01064 0.70175 0.45139 33.6571 -15.597 -10.6561 0.33589 0.25014 30.3126 -18.8803 -12.6438 0.0631 385900000000 152500000000
 0.3000    68002 0.3100    75247      1       -1       -1       -1  0 1.49367e+11 1.62100e+11 137.023000 33.445000 44.100000  1 0.2700 134.950000 10.79261 51.92143 51.20300 -44.100 -47.590 -79.060 2.992e+09 -5.301e+09 -1.108e+10 0.01014 336389 336404 677720 6202 18 336277 336407 33.4452 162060000000 162060000000 162060000000 28599000000 0 35.9358 0 0.01031 0.14395 0.01849 85.8192 -33.8091 4.75593 0.11726 0.04482 9.87021 31.5983 -30.2219 0.1084 141700000000 162100000000
 0.2900    61006 0.3000    68000      1       -1       -1       -1  0 2.41500e+11 2.38300e+11 155.981000 17.932000 50.340000  1 0.2200 176.050000 9.94801 53.24448 50.69655 -0.270 -58.990 11.290 -4.354e+10 2.227e+10 1.879e+09 0.02697 336390 336349 677720 5682 17 336277 336356 17.9322 238320000000 238320000000 238320000000 200190000000 9533000000 15.6631 0 0.02133 0.52408 0.18956 34.5462 27.4089 6.88078 0.6661 0.58113 37.6032 32.9258 7.36537 0.0629 250100000000 123900000000
 0.2900    61007 0.3000    68001      1       -1       -1       -1  0 3.49567e+11 3.62300e+11 179.344000 14.667000 61.600000  1 0.2300 218.570000 10.76950 53.06410 50.34817 -40.840 -64.370 -4.080 -2.065e+10 1.059e+10 -2.973e+10 0.01133 336391 336385 677720 5597 17 336277 336391 14.6668 362250000000 352720000000 343190000000 314590000000 57198000000 3.34318 0 0.00818 0.70402 0.55879 29.6998 -16.8633 7.80203 0.65122 0.38193 31.7233 -3.44755 6.85654 0.0614 429000000000 104900000000
 0.2900    61008 0.3000    68002      1       -1       -1       -1  0 1.08043e+11 1.23900e+11 125.431000 35.740000 41.900000  1 0.2700 123.590000 10.83124 51.98246 51.28288 -43.220 -46.330 -72.410 -5.303e+09 -1.140e+10 -1.601e+10 0.02509 336392 336405 677720 5870 17 336277 336407 35.74 123930000000 123930000000 114400000000 38132000000 9533000000 32.1312 5.9 0.02638 0.15385 0.02605 37.0594 10.8005 -12.0549 0.7562 0.02665 36.5296 -17.3193 -14.6394 0.1246 115400000000 143000000000
 0.2800    54297 0.2900    61006      1       -1       -1       -1  0 2.22433e+11 2.28800e+11 154.023000 17.468000 49.700000  1 0.2200 177.160000 9.95184 53.33564 50.70288 -2.800 -58.160 7.030 -2.681e+10 8.664e+09 -2.139e+09 0.01680 336393 336350 677720 2696 16 336277 336356 17.4678 228790000000 219260000000 219260000000 162060000000 19066000000 30.9653 0 0.01341 0.70341 0.38215 21.7567 27.0944 11.9634 0.56489 0.26349 32.0607 22.3279 7.42968 0.0649 213600000000 133500000000
 0.2800    54298 0.2900    61007      1       -1       -1       -1  0 3.49567e+11 3.52700e+11 177.930000 20.300000 58.000000  1 0.2300 204.410000 10.77693 53.14309 50.35584 -36.840 -61.880 -2.450 -2.485e+10 -2.111e+10 -1.879e+09 0.00986 336394 336386 677720 2601 16 336277 336391 20.2997 352720000000 352720000000 352720000000 247860000000 38132000000 24.8867 0 0.00753 0.65755 0.51128 33.0773 -13.2242 -6.85275 0.52933 0.30229 21.801 -21.9515 -15.3148 0.0637 345000000000 200200000000
 0.2800    54299 0.2900    61008      1       -1       -1       -1  0 6.99000e+10 3.81300e+10 84.762000 11.292000 28.090000  1 0.2700 94.410000 10.88068 52.04189 51.38081 -38.140 -49.320 -71.680 9.174e+08 -2.747e+09 6.927e+08 0.02180 336395 336406 677720 2834 16 336277 336407 11.292 38132000000 38132000000 38132000000 19066000000 0 11.6744 0 0.02799 0.84345 0.06873 21.8895 -0.59693 -14.0353 0 0 0 0 0 0.1385 105900000000 19070000000
 0.2700    47924 0.2800    54297      1       -1       -1       -1  0 2.00200e+11 2.00200e+11 147.452000 23.062000 46.530000  1 0.2200 162.240000 9.92041 53.39899 50.66769 -1.280 -55.760 6.530 -1.181e+10 2.722e+10 -8.110e+09 0.02266 336396 336351 677720 2503 15 336277 336356 23.0618 200190000000 200190000000 200190000000 114400000000 28599000000 23.719 0 0.01856 0.42327 0.06603 -3.12815 9.09299 33.5231 0.33995 0.05498 -9.08905 4.65212 24.2014 0.0668 194600000000 133500000000
 0.2700    47925 0.2800    54298      1       -1       -1       -1  0 3.14600e+11 3.33700e+11 174.824000 32.558000 50.770000  1 0.2300 187.080000 10.85453 53.22185 50.35642 -33.540 -53.930 -2.810 -1.902e+10 -3.889e+09 2.087e+10 0.00892 336397 336387 677720 2425 15 336277 336391 32.5584 333650000000 333650000000 333650000000 200190000000 0 18.8467 0 0.00734 0.69208 0.35866 45.4057 26.0293 -19.6304 0.07617 0 12.5669 42.8464 8.89885 0.0609 300200000000 276500000000
 0.2700    47926 0.2800    54299      0       -1       -1       -1  0 4.76700e+10 4.76700e+10 91.390000 12.751000 23.560000  1 0.2700 102.620000 10.91275 52.09859 51.43683 -47.900 -43.080 -75.000 -1.599e+09 1.026e+09 -2.603e+09 0.01679 336398 336407 677720 2745 15 336277 336407 12.7506 47665000000 47665000000 47665000000 0 0 25.9515 0 0.02126 0.23795 0 31.3568 -8.26218 45.6975 0 0 0 0 0 0.0688 85320000000 9533000000
 0.2600    41890 0.2700    47924      1       -1       -1       -1  0 1.71600e+11 1.71600e+11 140.186000 31.184000 42.180000  1 0.2200 149.050000 9.94519 53.47732 50.65032 -1.620 -51.580 8.020 -1.730e+10 2.438e+10 -5.596e+09 0.02681 336399 336352 677720 1804 14 336277 336356 31.1844 171590000000 142990000000 142990000000 104860000000 0 10.3809 0 0.02416 0.59888 0.56258 31.0556 15.2586 -19.7648 0.18317 0.02869 26.938 20.5247 -20.6025 0.0764 153200000000 143000000000
 0.2600    41891 0.2700    47925      1       -1       -1       -1  0 2.73300e+11 2.57400e+11 160.473000 27.542000 48.590000  1 0.2300 176.970000 10.90745 53.26401 50.40036 -29.810 -48.080 -8.000 -1.041e+10 -5.240e+09 2.506e+10 0.01362 336400 336388 677720 1681 14 336277 336391 27.5423 257390000000 257390000000 257390000000 152530000000 19066000000 30.1655 0 0.01117 0.87673 0.59344 34.6719 5.32433 -10.7118 0.79309 0.24483 23.0787 10.1726 -18.311 0.0608 223200000000 171600000000
 0.2500    36224 0.2600    41890      1       -1       -1       -1  0 1.20757e+11 1.43000e+11 132.025000 46.745000 32.690000  1 0.2200 137.390000 9.93031 53.56540 50.67493 2.130 -44.740 6.790 -1.391e+10 4.110e+09 5.081e+09 0.01692 336401 336353 677720 4471 13 336277 336356 46.7452 142990000000 123930000000 95330000000 0 0 22.9078 2.3 0.01686 0.39488 0.2059 57.4341 45.8132 9.07292 0 0 0 0 0 0.0672 117400000000 162100000000
 0.2500    36225 0.2600    41891      1       -1       -1       -1  0 2.00200e+11 2.28800e+11 154.418000 32.230000 45.100000  1 0.2300 168.600000 10.90166 53.35636 50.40607 -24.800 -45.920 -6.750 8.295e+09 1.490e+10 3.131e+10 0.02008 336402 336389 677720 4239 13 336277 336391 32.2303 228790000000 228790000000 228790000000 104860000000 0 18.0106 0 0.01787 0.03056 0.00536 -33.0336 52.2418 -17.7656 0.38544 0.11529 -14.8139 38.3188 -23.7451 0.0695 203200000000 200200000000
 0.2400    30889 0.2500    36224      1       -1       -1       -1  0 7.94467e+10 4.76700e+10 91.609000 29.707000 27.060000  1 0.2200 97.660000 9.93619 53.64207 50.66621 8.410 -47.270 16.080 3.613e+09 -2.373e+09 -6.217e+09 0.03866 336403 336354 677720 1650 12 336277 336356 29.7066 47665000000 28599000000 28599000000 0 0 40.04 15.43 0.05291 0.53999 0.11193 39.7793 -19.5611 -18.6075 0 0 0 0 0 0.1266 99010000000 85800000000
 0.2400    30890 0.2500    36225      1       -1       -1       -1  0 1.36643e+11 1.14400e+11 122.652000 50.016000 32.750000  1 0.2300 129.470000 10.99357 53.44330 50.38360 -41.320 -15.500 -12.370 2.358e+10 -2.509e+09 1.241e+10 0.03936 336404 336390 677720 1438 12 336277 336391 50.0162 114400000000 19066000000 19066000000 0 0 60.0032 19.26 0.04346 0.24982 0.00351 -15.648 -48.1774 70.389 0 0 0 0 0 0.0877 172800000000 238300000000
 0.2300    25954 0.2400    30889      1       -1       -1       -1  0 4.44900e+10 4.76700e+10 91.671000 22.026000 27.210000  1 0.2200 102.370000 9.94739 53.72029 50.66669 -6.300 -39.450 4.300 4.728e+09 -4.276e+09 -6.007e+08 0.03371 336405 336355 677720 1411 11 336277 336356 22.026 47665000000 47665000000 47665000000 0 0 38.7336 0 0.04569 0.29507 0.06939 34.3411 59.4474 12.7237 0 0 0 0 0 0.1166 87810000000 47660000000
 0.2300    25955 0.2400    30890      0       -1       -1       -1  0 6.67300e+10 6.67300e+10 102.552000 29.579000 20.820000  1 0.2300 112.510000 10.98077 53.49049 50.42669 -23.490 -39.360 -6.910 4.460e+09 5.632e+08 1.629e+08 0.01444 336406 336391 677720 1351 11 336277 336391 29.5789 66731000000 66731000000 0 0 0 60.1942 2.57 0.01832 0 0 -2.85244 64.888 -55.1224 0 0 0 0 0 0.0666 135600000000 76260000000
 0.2200    21405 0.2300    25954      0       -1       -1       -1  0 3.81300e+10 3.81300e+10 85.153000 23.574000 10.810000  1 0.2200 95.770000 9.94770 53.77535 50.65252 -0.860 -39.980 3.920 2.226e+09 -1.771e+09 3.621e+08 0.01971 336407 336356 677720 1767 10 336277 336356 23.5744 38132000000 38132000000 38132000000 0 0 19.9806 11.52 0.03033 0.55666 0.09943 21.0758 25.3049 42.6158 0 0 0 0 0 0.0649 70480000000 38130000000
