 1.0000   679564 0.0000       -1      1   679582   679582       -1  0 1.81100e+11 1.81100e+11 115.752000 4.970000 89.980000  1 0.2200 123.250000 58.83096 33.93984 50.52121 -256.860 1068.510 -114.240 -3.893e+10 -5.613e+10 6.355e+10 0.04930 505114 505114 679564 5079 88 505113 505196 4.96983 467120000000 467120000000 238320000000 190660000000 104860000000 9.57714 0 0.03836 0.73549 0.53603 9.53759 4.90247 15.3781 0.66756 0.46206 12.4761 5.60217 13.6261 0.4057 377800000000 66730000000
 0.9900   671424 1.0000   679564      1   671442   671442   679582  0 1.81100e+11 1.81100e+11 116.240000 3.898000 99.620000  1 0.2200 133.190000 58.85870 33.83536 50.52935 -277.180 982.390 -143.390 -3.336e+10 -5.585e+10 6.230e+10 0.04937 505115 505115 679564 4972 87 505113 505196 3.89837 409920000000 409920000000 266920000000 171590000000 123930000000 4.87393 0 0.03714 0.74978 0.51539 4.12383 5.67784 13.3375 0.71429 0.44985 3.5931 6.09005 12.9983 0.4377 403700000000 76260000000
 0.9800   663008 0.9900   671424      1   663023   663023   671442  0 1.81100e+11 1.81100e+11 116.727000 2.980000 111.140000  1 0.2200 145.680000 58.88853 33.73973 50.54629 -291.770 901.530 -168.450 -2.853e+10 -5.783e+10 6.110e+10 0.05110 505116 505116 679564 4981 86 505113 505196 2.97971 428980000000 428980000000 276460000000 181130000000 142990000000 5.40145 0 0.03674 0.635 0.30449 1.81917 8.4327 10.0799 0.64218 0.30789 1.79234 8.35505 10.096 0.4694 463600000000 95330000000
 0.9700   654636 0.9800   663008      1   654651   654651   663023  0 1.81100e+11 1.81100e+11 117.213000 2.286000 116.670000  1 0.2200 159.770000 58.91921 33.65158 50.56670 -296.660 826.110 -188.530 -2.674e+10 -5.843e+10 5.851e+10 0.05394 505117 505117 679564 4056 85 505113 505196 2.28612 505250000000 505250000000 219260000000 181130000000 152530000000 8.12617 1.91 0.03605 0.85438 0.56841 -3.73809 4.43075 8.51818 0.76768 0.58387 -0.75766 6.38132 7.95638 0.4577 571700000000 114400000000
 0.9600   646304 0.9700   654636      1   646319   646319   654651  0 1.77933e+11 1.81100e+11 117.699000 2.991000 110.320000  1 0.2200 146.790000 58.95180 33.56620 50.58522 -301.880 751.450 -199.850 -2.102e+10 -6.124e+10 6.030e+10 0.05234 505118 505118 679564 5049 84 505113 505196 2.99148 448050000000 448050000000 295520000000 257390000000 133460000000 6.78588 0 0.03681 0.66478 0.52665 8.9287 5.50703 1.24555 0.67412 0.56181 7.28371 7.01229 1.19168 0.456 493400000000 95330000000
 0.9500   637972 0.9600   646304      1       -1       -1   646319  0 5.05233e+11 1.71600e+11 116.074000 4.312000 96.490000  1 0.2200 128.340000 58.98168 33.48081 50.60575 -298.900 683.230 -203.410 -1.606e+10 -6.760e+10 6.154e+10 0.05776 505119 505119 679564 5012 83 505113 505196 4.3122 457580000000 457580000000 371790000000 276460000000 152530000000 2.3919 0 0.0424 0.6539 0.49414 13.4251 4.78506 2.81216 0.54994 0.26065 15.4373 3.6582 3.00891 0.4197 376800000000 66730000000
 0.9400   629660 0.9500   637972      1       -1       -1       -1  0 5.05233e+11 1.71600e+11 116.549000 5.049000 83.730000  1 0.2200 122.980000 59.02292 33.40037 50.62517 -284.670 624.010 -199.200 -1.433e+10 -6.627e+10 6.125e+10 0.05444 505120 505120 679564 5011 82 505113 505196 5.04928 371790000000 371790000000 305060000000 190660000000 95330000000 9.83619 0 0.04187 0.88324 0.61523 10.8039 4.47746 4.26962 0.82283 0.59634 8.39798 6.95065 5.65121 0.374 353600000000 28600000000
 0.9300   621332 0.9400   629660      1       -1       -1       -1  0 5.05233e+11 1.81100e+11 119.152000 6.189000 75.180000  1 0.2200 119.260000 59.05121 33.33488 50.65895 -271.070 569.670 -197.690 -1.314e+10 -6.065e+10 6.042e+10 0.04624 505121 505121 679564 5026 81 505113 505196 6.18937 305060000000 324120000000 209730000000 162060000000 66731000000 7.9347 2.33 0.03639 0.76901 0.4991 4.65867 5.15785 16.4697 0.9114 0.33521 7.44379 7.0323 13.4098 0.3255 336100000000 28600000000
 0.9200   612981 0.9300   621332      1       -1       -1       -1  0 5.05233e+11 1.71600e+11 117.498000 5.826000 73.800000  1 0.2200 119.080000 59.08261 33.26969 50.68068 -257.700 516.120 -198.000 -1.106e+10 -6.641e+10 5.997e+10 0.05287 505122 505122 679564 5050 80 505113 505196 5.82604 285990000000 305060000000 209730000000 171590000000 66731000000 3.00107 0 0.0416 0.52204 0.39097 9.30763 7.47104 20.5572 0.45247 0.0313 5.87473 7.99336 23.3784 0.3235 331500000000 19070000000
 0.9100   604612 0.9200   612981      1       -1       -1       -1  0 5.05233e+11 1.71600e+11 117.970000 7.019000 72.410000  1 0.2200 113.600000 59.11152 33.20800 50.70787 -237.590 463.150 -199.450 -1.129e+10 -2.559e+10 6.578e+10 0.04190 505123 505123 679564 5066 79 505113 505196 7.0195 247860000000 266920000000 219260000000 171590000000 66731000000 11.5891 0 0.03309 0.62089 0.35275 8.18121 7.92677 21.1557 0.61161 0.09976 7.49969 4.84941 19.2246 0.3103 298500000000 57200000000
 0.9000   596234 0.9100   604612      1       -1       -1       -1  0 5.05233e+11 1.71600e+11 118.442000 6.512000 74.180000  1 0.2200 116.490000 59.14267 33.15421 50.72490 -223.100 411.160 -199.850 -9.970e+09 -2.681e+10 6.718e+10 0.04392 505124 505124 679564 5072 78 505113 505196 6.51245 190660000000 247860000000 190660000000 162060000000 76264000000 4.10957 0 0.03392 0.34804 0.16071 11.63 8.51767 22.3594 0.12856 0.00038 19.1895 9.45205 23.8874 0.3084 316700000000 57200000000
 0.8900   587819 0.9000   596234      1       -1       -1       -1  0 5.05233e+11 1.71600e+11 118.912000 6.208000 75.910000  1 0.2200 118.610000 59.17575 33.10428 50.75308 -208.260 363.350 -199.830 -7.832e+09 -2.832e+10 6.748e+10 0.04450 505125 505125 679564 5089 77 505113 505196 6.20846 200190000000 228790000000 181130000000 171590000000 66731000000 7.55382 0 0.03432 0.21892 0.05473 15.8666 5.62247 19.3756 0.09108 0.00186 16.1398 5.6605 21.199 0.3153 318200000000 47660000000
 0.8800   579428 0.8900   587819      1       -1       -1       -1  0 5.05233e+11 1.71600e+11 119.381000 5.805000 76.930000  1 0.2200 121.460000 59.19962 33.05419 50.77588 -193.010 317.010 -199.250 -6.649e+09 -2.984e+10 6.778e+10 0.04713 505126 505126 679564 5076 76 505113 505196 5.80466 200190000000 209730000000 190660000000 162060000000 66731000000 1.06594 0 0.0348 0.48906 0.11498 11.6529 5.60251 17.0088 0.47288 0.09561 11.5864 5.75352 17.7012 0.3004 318700000000 57200000000
 0.8700   570955 0.8800   579428      1       -1       -1       -1  0 5.05233e+11 1.71600e+11 119.848000 5.178000 78.450000  1 0.2200 126.170000 59.22380 33.01329 50.80322 -178.810 271.850 -197.830 -6.036e+09 -2.936e+10 6.678e+10 0.04819 505127 505127 679564 4116 75 505113 505196 5.17756 200190000000 228790000000 181130000000 162060000000 95330000000 0.81288 0 0.03438 0.6002 0.33898 8.86201 2.90669 16.6889 0.43298 0.11523 9.25194 4.44011 20.6739 0.292 351900000000 57200000000
 0.8600   562492 0.8700   570955      1       -1       -1       -1  0 5.05233e+11 1.71600e+11 120.313000 4.606000 84.780000  1 0.2200 131.290000 59.24954 32.97478 50.83177 -165.400 227.570 -195.860 -5.779e+09 -2.873e+10 6.532e+10 0.04871 505128 505128 679564 5146 74 505113 505196 4.60581 219260000000 228790000000 181130000000 181130000000 133460000000 2.43148 0 0.03376 0.75337 0.56488 2.58343 0.06279 16.0417 0.58648 0.21053 4.50542 0.1198 16.5964 0.3107 360300000000 57200000000
 0.8500   554049 0.8600   562492      1       -1       -1       -1  0 5.05233e+11 1.81100e+11 122.974000 3.440000 96.980000  1 0.2200 147.960000 59.27121 32.94927 50.86054 -152.530 184.930 -192.730 -6.035e+08 -6.675e+10 5.773e+10 0.05778 505129 505129 679564 5124 73 505113 505196 3.44029 209730000000 238320000000 171590000000 162060000000 133460000000 7.27926 2.56 0.03818 0.88124 0.54332 9.93402 -0.72311 -1.30276 0.83039 0.19566 7.13609 -0.04755 -5.55574 0.3417 417400000000 104900000000
 0.8400   545540 0.8500   554049      1       -1       -1       -1  0 5.05233e+11 1.81100e+11 123.444000 2.957000 102.200000  1 0.2200 156.230000 59.29951 32.92209 50.89253 -139.880 142.580 -186.380 -1.026e+09 -6.379e+10 5.943e+10 0.05889 505130 505130 679564 5829 72 505113 505196 2.95682 209730000000 238320000000 181130000000 162060000000 123930000000 0.00171 0 0.03787 0.78074 0.64433 7.09734 4.60791 1.41699 0.75838 0.70926 6.05771 5.54163 -0.5221 0.3537 450200000000 95330000000
 0.8300   537019 0.8400   545540      1       -1       -1       -1  0 5.05233e+11 1.81100e+11 123.913000 4.071000 88.280000  1 0.2200 141.780000 59.31186 32.90527 50.91904 -124.740 101.480 -180.920 -1.709e+09 -6.380e+10 5.988e+10 0.05454 505131 505131 679564 5179 71 505113 505196 4.07137 219260000000 228790000000 181130000000 162060000000 133460000000 8.84447 0 0.03817 0.81422 0.54344 8.7297 2.01665 8.60273 0.68994 0.46706 4.67231 3.78786 10.2907 0.3264 385200000000 57200000000
 0.8200   528418 0.8300   537019      1       -1       -1       -1  0 5.05233e+11 1.81100e+11 124.379000 5.407000 78.210000  1 0.2200 130.820000 59.33044 32.88575 50.94864 -107.310 62.860 -173.960 -9.176e+09 2.931e+09 4.386e+10 0.02688 505132 505132 679564 4144 70 505113 505196 5.4069 219260000000 228790000000 200190000000 171590000000 104860000000 8.19841 0 0.01967 0.67402 0.21428 -8.05913 1.68692 15.6366 0.66687 0.13535 -1.98562 2.92216 18.1146 0.2919 349100000000 57200000000
 0.8100   519772 0.8200   528418      1       -1       -1       -1  0 5.05233e+11 1.81100e+11 124.843000 6.530000 69.020000  1 0.2200 124.600000 59.34991 32.88211 50.97536 -91.030 23.670 -165.330 -7.478e+09 4.004e+09 4.385e+10 0.02652 505133 505133 679564 5205 69 505113 505196 6.52985 190660000000 200190000000 181130000000 162060000000 85797000000 5.82255 0 0.01964 0.67822 0.41113 -1.04008 8.03067 24.6213 0.29633 0.08084 17.2412 3.96707 25.1028 0.246 319600000000 38130000000
 0.8000   511085 0.8100   519772      1       -1       -1       -1  0 5.05233e+11 1.81100e+11 125.305000 7.168000 63.760000  1 0.2200 122.080000 59.36238 32.88110 51.00339 -74.230 -15.470 -156.480 -5.389e+09 4.648e+09 4.358e+10 0.02600 505134 505134 679564 4226 68 505113 505196 7.16775 181130000000 190660000000 181130000000 162060000000 38132000000 5.67398 0 0.01951 0.65755 0.48992 -8.83172 7.40552 23.8961 0.81612 0.12382 7.19699 2.47198 25.4723 0.2193 305700000000 38130000000
 0.7900   502436 0.8000   511085      1       -1       -1       -1  0 5.05233e+11 1.81100e+11 125.765000 7.656000 65.170000  1 0.2200 120.580000 59.38152 32.88951 51.03180 -58.920 -57.580 -151.640 -3.475e+09 9.976e+09 3.981e+10 0.02412 505135 505135 679564 5244 67 505113 505196 7.65603 200190000000 200190000000 190660000000 190660000000 47665000000 6.8641 6.11 0.01827 0.67187 0.48373 -8.96124 7.2147 20.9044 0.61184 0.11895 7.13885 3.34114 22.6655 0.2282 284500000000 47660000000
 0.7800   493795 0.7900   502436      1       -1       -1       -1  0 5.05233e+11 1.90700e+11 128.398000 8.583000 72.880000  1 0.2200 120.210000 59.39009 32.90342 51.05753 -37.250 -93.250 -131.900 -2.071e+09 -2.672e+10 4.374e+10 0.02816 505136 505136 679564 4229 66 505113 505196 8.58263 209730000000 209730000000 200190000000 190660000000 76264000000 3.11432 0 0.02099 0.64677 0.29498 -2.60603 1.71468 13.4599 0.36567 0.22531 0.64424 0.53502 12.6466 0.2521 303400000000 76260000000
 0.7700   485109 0.7800   493795      1       -1       -1       -1  0 5.05233e+11 1.90700e+11 128.861000 6.869000 80.260000  1 0.2200 128.370000 59.39202 32.92560 51.08208 -18.540 -130.980 -119.180 -1.210e+08 -2.779e+10 4.192e+10 0.02881 505137 505137 679564 5265 65 505113 505196 6.86895 228790000000 247860000000 190660000000 190660000000 114400000000 1.31466 0 0.02068 0.62168 0.22775 -8.88366 2.18172 15.4986 0.50419 0.18074 -7.90831 2.05525 17.1762 0.2735 305600000000 76260000000
 0.7600   476402 0.7700   485109      1       -1       -1       -1  0 5.05233e+11 1.90700e+11 129.320000 4.151000 88.460000  1 0.2200 149.890000 59.39582 32.95350 51.10131 1.300 -167.070 -106.510 8.218e+08 -2.736e+10 4.100e+10 0.02964 505138 505138 679564 5278 64 505113 505196 4.15126 200190000000 219260000000 190660000000 162060000000 142990000000 3.26736 0 0.02036 0.71663 0.38481 12.4944 -3.32425 -11.2364 0.7134 0.23776 13.4082 -2.24255 -12.148 0.2944 415000000000 76260000000
 0.7500   467662 0.7600   476402      1       -1       -1       -1  0 5.05233e+11 1.90700e+11 129.776000 3.474000 97.310000  1 0.2200 159.570000 59.39111 32.99026 51.12658 22.410 -203.070 -93.810 1.595e+09 -2.706e+10 3.819e+10 0.03023 505139 505139 679564 5306 63 505113 505196 3.47363 209730000000 219260000000 190660000000 162060000000 152530000000 2.78806 0 0.01944 0.81483 0.73469 12.6884 -1.09594 -2.43128 0.80901 0.51514 13.3054 -2.84105 -1.63531 0.3064 457000000000 104900000000
 0.7400   458853 0.7500   467662      1       -1       -1       -1  0 5.05233e+11 1.90700e+11 130.230000 3.883000 97.150000  1 0.2200 154.920000 59.38350 33.03737 51.14522 44.030 -242.260 -84.710 4.387e+10 1.460e+09 9.997e+09 0.02803 505140 505140 679564 5318 62 505113 505196 3.88332 219260000000 238320000000 209730000000 162060000000 152530000000 10.5365 1.89 0.01878 0.73761 0.20412 8.08244 -5.85374 -8.9538 0.73108 0.17567 8.12922 -5.98132 -8.67771 0.3228 447700000000 95330000000
 0.7300   450025 0.7400   458853      1       -1       -1       -1  0 5.05233e+11 1.90700e+11 130.680000 5.271000 88.630000  1 0.2200 141.890000 59.37230 33.08934 51.15560 66.630 -279.870 -71.050 4.073e+10 3.120e+09 7.986e+09 0.02505 505141 505141 679564 4277 61 505113 505196 5.2713 209730000000 228790000000 200190000000 171590000000 152530000000 9.4235 1.65 0.01745 0.51149 0.30263 -4.22017 1.88653 12.1424 0.47453 0.25803 -4.15547 1.99034 12.0733 0.3008 357200000000 66730000000
 0.7200   441174 0.7300   450025      1       -1       -1       -1  0 5.05233e+11 1.90700e+11 131.126000 6.921000 75.490000  1 0.2200 131.970000 59.35293 33.15330 51.17300 91.700 -316.710 -58.840 3.547e+10 2.446e+09 8.213e+09 0.02077 505142 505142 679564 5388 60 505113 505196 6.92076 200190000000 200190000000 190660000000 171590000000 104860000000 8.02417 0 0.01538 0.557 0.26851 -9.28254 5.09847 21.5748 0.46923 0.16728 -6.05102 4.74268 21.215 0.2613 273900000000 57200000000
 0.7100   432257 0.7200   441174      1       -1       -1       -1  0 5.05233e+11 1.90700e+11 131.570000 8.519000 64.950000  1 0.2200 125.510000 59.32681 33.22709 51.18489 119.540 -355.400 -43.790 3.250e+10 1.902e+09 8.710e+09 0.01854 505143 505143 679564 4317 59 505113 505196 8.51927 190660000000 209730000000 190660000000 171590000000 95330000000 8.28753 0 0.01428 0.75803 0.31271 17.78 -7.96694 -18.6873 0.86412 0.31918 -8.52718 9.03182 19.4062 0.2208 250200000000 66730000000
 0.7000   423275 0.7100   432257      1       -1       -1       -1  0 5.05233e+11 2.09700e+11 136.270000 14.780000 68.210000  1 0.2200 115.130000 59.29841 33.31482 51.19049 151.830 -394.720 -25.690 6.788e+10 -1.076e+09 4.206e+10 0.03428 505144 505144 679564 5398 58 505113 505196 14.7798 219260000000 257390000000 200190000000 162060000000 19066000000 4.18129 8.8 0.02903 0.60067 0.32599 28.0813 -7.48923 -11.1576 0.72154 0.21739 27.7564 -6.64624 -2.11855 0.253 251100000000 114400000000
 0.6900   414270 0.7000   423275      1       -1       -1       -1  0 5.05233e+11 2.28800e+11 140.744000 19.268000 72.810000  1 0.2200 113.730000 59.25483 33.40320 51.19383 186.150 -435.700 -5.850 9.580e+10 -2.400e+10 -1.605e+10 0.03561 505145 505145 679564 5428 57 505113 505196 19.2677 238320000000 276460000000 209730000000 171590000000 38132000000 11.3714 8.26 0.03163 0.64953 0.1479 31.1451 -11.0185 0.1882 0.01366 0 31.9809 -4.10957 20.2743 0.2777 265200000000 143000000000
 0.6800   405253 0.6900   414270      1       -1       -1       -1  0 5.05233e+11 2.57400e+11 146.857000 22.925000 81.060000  1 0.2200 116.190000 59.19768 33.51341 51.20321 223.260 -477.400 14.210 2.210e+11 1.261e+11 -2.952e+10 0.07225 505146 505146 679564 5437 56 505113 505196 22.9246 295520000000 305060000000 276460000000 152530000000 28599000000 19.3186 9.96 0.06693 0.49929 0.13422 29.6795 -12.2011 12.4341 0.37171 0.11045 22.3375 -8.24054 15.4027 0.323 304500000000 171600000000
 0.6700   396263 0.6800   405253      1       -1       -1       -1  0 5.05233e+11 3.52700e+11 163.645000 25.407000 102.170000  1 0.2200 129.930000 59.14479 33.64397 51.18304 282.150 -532.680 52.010 3.580e+11 1.606e+11 4.702e+10 0.05929 505147 505147 679564 5423 55 505113 505196 25.4073 390850000000 448050000000 266920000000 200190000000 104860000000 26.1149 3.14 0.06143 0.63544 0.37028 28.318 -16.6815 6.54138 0.36735 0.06054 30.9655 -20.5094 5.28767 0.4215 388200000000 200200000000
 0.6600   387324 0.6700   396263      1       -1       -1       -1  0 5.05233e+11 5.05200e+11 185.056000 75.836000 136.290000  1 0.2200 133.570000 59.06390 33.78741 51.17775 320.650 -552.490 70.950 4.555e+11 5.894e+11 -2.896e+11 0.05366 505148 505148 679564 5453 54 505113 505196 75.8357 600580000000 638710000000 457580000000 200190000000 95330000000 27.0654 8.24 0.06866 0.54906 0.24824 23.6466 -10.7146 12.2833 0.57513 0.19126 14.2484 -14.0547 7.4548 0.6067 474300000000 705400000000
 0.6500   378282 0.6600   387324      1   378298   378298       -1  0 6.51400e+11 6.57800e+11 202.700000 55.560000 154.150000  1 0.2200 150.120000 58.96808 33.94579 51.15157 373.940 -582.320 112.590 7.003e+11 7.037e+11 -3.868e+11 0.04840 505149 505149 679564 4364 53 505113 505196 55.56 924700000000 991430000000 762640000000 419450000000 114400000000 30.6502 0 0.05932 0.58779 0.43949 38.1225 -17.0628 15.5039 0.58354 0.52016 -19.6697 22.7353 -3.65847 0.6024 597300000000 686400000000
 0.6400   369204 0.6500   378282      1   369219   369219   378298  0 7.75333e+11 7.91200e+11 216.240000 32.170000 182.880000  1 0.2200 174.510000 58.84581 34.11831 51.11310 451.530 -618.770 156.860 6.861e+11 9.641e+11 -9.403e+11 0.05042 505150 505150 679564 4354 52 505113 505196 32.1703 1277400000000 1277400000000 1058200000000 571980000000 190660000000 33.9257 15.61 0.06224 0.70856 0.5767 16.4879 -11.7556 28.7546 0.71059 0.27837 10.0832 -13.0798 20.9686 0.6613 813700000000 543400000000
 0.6300   360086 0.6400   369204      1   360101   360101   369219  0 8.86533e+11 8.77000e+11 224.471000 17.507000 219.880000  1 0.2200 208.650000 58.69584 34.33303 51.05780 605.010 -678.090 226.850 -1.710e+10 4.087e+11 -1.723e+12 0.05457 505151 505151 679564 5472 51 505113 505196 17.5074 2364200000000 2364200000000 2364200000000 1163000000000 333650000000 20.0524 29.8 0.06183 0.79963 0.59332 4.26465 1.42576 26.2307 0.60171 0.38365 6.08327 3.18201 24.4667 0.6969 1136000000000 381300000000
 0.6200   350976 0.6300   360086      1   351007   350991   360101  0 8.86533e+11 9.91400e+11 234.536000 10.164000 279.920000  1 0.2200 243.930000 58.47316 34.53476 50.95895 814.480 -663.760 397.400 2.769e+11 3.101e+10 -2.803e+12 0.05735 505152 505152 679564 5469 50 505113 505196 12.1179 8112600000000 8112600000000 8112600000000 8112600000000 848440000000 10.7243 10.69 0.08068 0.6835 0.6079 -3.66606 25.9057 -3.96906 0.72799 0.59831 0.59938 23.8563 -3.1249 0.841 1483000000000 381300000000
 0.6100   341843 0.6200   350976      1   341872   341858   351007  0 9.27867e+11 7.91200e+11 218.191000 18.220000 188.590000  1 0.2200 200.920000 58.15555 34.75093 50.79922 1134.410 -484.400 641.670 1.102e+12 1.425e+12 -1.532e+12 0.09725 505153 505153 679564 8699 49 505113 505196 18.22 27417000000000 27417000000000 27417000000000 27417000000000 27417000000000 20.5703 34.16 0.09928 0.75808 0.37175 20.024 -14.4282 20.6752 0.67207 0.24275 13.8288 -5.25567 25.3218 0.6014 942600000000 371800000000
 0.6000   332694 0.6100   341843      1   332709   332709   341872  0 9.34067e+11 1.00100e+12 236.665000 29.093000 134.300000  1 0.2200 192.690000 57.80927 34.84881 50.63744 976.280 -203.660 550.750 5.241e+11 4.231e+11 -4.406e+11 0.02619 505154 505154 679564 8749 48 505113 505196 36.3543 5996300000000 5996300000000 5996300000000 5996300000000 257390000000 35.5733 1.35 0.023 0.78604 0.46069 2.40291 11.0671 42.1946 0.45219 0.36628 18.4974 5.16007 35.8383 0.3138 917100000000 572000000000
 0.5900   323521 0.6000   332694      1   323536   323536   332709  0 1.00080e+12 1.01000e+12 238.092000 40.967000 118.110000  1 0.2200 194.160000 57.53645 34.88144 50.45772 820.620 -126.580 430.270 2.235e+11 1.073e+12 -1.959e+11 0.03762 505155 505155 679564 8760 47 505113 505196 37.1161 1992400000000 1992400000000 1830300000000 905630000000 104860000000 5.71474 2.95 0.03153 0.86654 0.51274 -16.9735 10.0562 44.1698 0.85617 0.37335 -7.1509 2.90416 41.6463 0.2407 946200000000 810300000000
 0.5800   314274 0.5900   323521      1   314289   314289   323536  0 9.97600e+11 9.91400e+11 237.249000 33.320000 115.850000  1 0.2200 195.050000 57.28457 34.91312 50.33179 711.340 -85.890 354.610 -1.270e+11 1.102e+12 -3.143e+10 0.03989 505156 505156 679564 7719 46 505113 505196 36.1833 1439500000000 1439500000000 1153500000000 781710000000 142990000000 11.917 2.24 0.03268 0.96424 0.63949 41.6419 -16.1405 13.2962 0.69822 0.54677 40.7564 -7.32133 -2.68906 0.2245 971700000000 657800000000
 0.5700   305032 0.5800   314274      1   305048   305048   314289  0 9.88233e+11 9.91400e+11 237.903000 32.089000 118.050000  1 0.2200 202.830000 57.05111 34.94489 50.22232 628.830 -56.620 299.640 -1.308e+11 9.310e+11 -6.536e+10 0.03480 505157 505157 679564 7709 45 505113 505196 30.5439 1039100000000 1077200000000 943770000000 714970000000 285990000000 12.7316 1.69 0.02795 0.82865 0.58481 18.5636 -9.45656 33.9429 0.67018 0.44477 30.6235 -5.64694 14.2618 0.2225 922700000000 629200000000
 0.5600   295774 0.5700   305032      1       -1       -1   305048  0 1.14400e+12 9.81900e+11 237.779000 25.382000 120.370000  1 0.2200 206.350000 56.84103 34.95765 50.11206 562.040 -34.490 263.570 -1.551e+11 2.389e+11 -1.093e+11 0.01177 505158 505158 679564 8018 44 505113 505196 28.6047 981900000000 1010500000000 886570000000 734040000000 343190000000 16.397 1.28 0.00926 0.8078 0.66561 22.7394 -16.9877 26.6128 0.73706 0.56716 26.2222 -13.7099 19.3259 0.2219 965100000000 543400000000
 0.5500   286513 0.5600   295774      1       -1       -1       -1  0 1.14400e+12 9.24700e+11 233.688000 26.302000 117.130000  1 0.2200 206.640000 56.62832 34.98143 50.00696 514.480 -15.780 233.680 -8.320e+10 9.929e+10 1.040e+11 0.00753 505159 505159 679564 8027 43 505113 505196 26.3018 924700000000 943770000000 896100000000 714970000000 333650000000 7.02086 0 0.00562 0.85462 0.65723 1.2521 5.80066 28.0001 0.7379 0.51224 2.79922 9.8868 25.296 0.1988 949600000000 533800000000
 0.5400   277286 0.5500   286513      1       -1       -1       -1  0 1.14400e+12 9.72400e+11 238.253000 32.903000 112.270000  1 0.2200 203.380000 56.44038 34.96991 49.90717 475.300 -3.520 208.750 2.298e+11 1.495e+11 -1.573e+10 0.01104 505160 505160 679564 8005 42 505113 505196 32.9028 972370000000 981900000000 915170000000 686380000000 305060000000 3.75805 1.86 0.00861 0.67846 0.39829 -9.9387 7.50787 36.0797 0.42277 0.26949 -4.93504 3.46628 33.7794 0.191 915200000000 657800000000
 0.5300   268040 0.5400   277286      1       -1       -1       -1  0 1.14400e+12 9.72400e+11 238.859000 39.018000 105.730000  1 0.2200 205.110000 56.25418 34.98083 49.83527 441.250 5.420 186.530 1.486e+11 2.164e+11 4.398e+09 0.01047 505161 505161 679564 7997 41 505113 505196 32.9129 972370000000 1010500000000 924700000000 714970000000 152530000000 8.05475 1.09 0.0083 0.7203 0.61002 -12.3252 -0.92765 38.3165 0.72587 0.53687 -0.41488 -1.1866 35.5993 0.1764 902900000000 743600000000
 0.5200   258802 0.5300   268040      1       -1       -1       -1  0 1.14400e+12 9.91400e+11 241.008000 39.320000 102.660000  1 0.2200 208.080000 56.07739 34.97401 49.75667 410.670 10.150 165.180 2.832e+11 2.006e+11 1.833e+11 0.01522 505162 505162 679564 6846 40 505113 505196 33.2824 991430000000 991430000000 934230000000 734040000000 104860000000 4.01864 1.72 0.01211 0.74913 0.68122 -3.6121 1.90013 27.3602 0.84561 0.6221 -10.253 -1.57862 21.4938 0.1646 936900000000 762600000000
 0.5100   249511 0.5200   258802      1       -1       -1       -1  0 1.14400e+12 9.91400e+11 241.594000 36.795000 102.380000  1 0.2200 210.860000 55.90321 34.97345 49.68409 385.410 17.030 149.270 1.788e+11 1.009e+11 1.455e+11 0.00983 505163 505163 679564 6797 39 505113 505196 32.5217 991430000000 991430000000 953300000000 686380000000 152530000000 8.20582 0.9 0.00783 0.66498 0.54018 6.62115 7.07853 46.1433 0.39913 0.33053 10.7782 6.30045 40.4999 0.1618 937800000000 705400000000
 0.5000   240336 0.5100   249511      1       -1       -1       -1  0 1.14400e+12 1.02000e+12 244.474000 44.392000 102.040000  1 0.2200 209.810000 55.73668 34.96268 49.61128 362.280 24.180 131.150 6.555e+10 8.979e+10 1.373e+11 0.00655 505164 505164 679564 6793 38 505113 505196 37.3886 1020000000000 1020000000000 905630000000 667310000000 85797000000 10.708 2.03 0.00529 0.60454 0.57153 4.71209 1.00325 46.0225 0.52445 0.21466 6.02796 6.4647 37.3601 0.161 876500000000 800800000000
 0.4900   231149 0.5000   240336      1       -1       -1       -1  0 1.14400e+12 9.72400e+11 241.162000 49.074000 102.100000  1 0.2200 210.950000 55.57978 34.94956 49.55610 339.260 28.150 118.940 -9.301e+10 8.294e+10 3.468e+11 0.01521 505165 505165 679564 7846 37 505113 505196 34.3975 972370000000 972370000000 924700000000 714970000000 219260000000 14.6139 1.66 0.01205 0.74793 0.67181 8.37382 -11.4287 43.6398 0.67416 0.4786 15.5306 -3.05458 38.6298 0.1563 911100000000 848400000000
 0.4800   221993 0.4900   231149      1       -1       -1       -1  0 1.14400e+12 9.53300e+11 240.115000 38.827000 103.560000  1 0.2200 206.920000 55.42351 34.94897 49.50573 319.510 31.260 106.350 -1.463e+11 1.319e+11 1.978e+11 0.01213 505166 505166 679564 7884 36 505113 505196 38.8271 953300000000 953300000000 905630000000 676840000000 200190000000 21.5068 0 0.00953 0.85407 0.54836 3.92491 -6.06865 36.7768 0.66408 0.36015 8.38636 2.05741 32.2005 0.1583 868400000000 715000000000
 0.4700   212852 0.4800   221993      1       -1       -1       -1  0 1.14400e+12 9.53300e+11 240.642000 33.023000 106.900000  1 0.2200 215.030000 55.27636 34.92469 49.43842 301.010 35.670 97.350 -9.896e+10 -1.776e+10 1.799e+11 0.00903 505167 505167 679564 7872 35 505113 505196 33.0227 953300000000 953300000000 905630000000 619640000000 276460000000 26.2948 0 0.0071 0.80495 0.60097 -27.5222 6.64425 30.6653 0.70771 0.5049 -18.0724 12.3898 28.2737 0.1651 886700000000 581500000000
 0.4600   203726 0.4700   212852      1       -1       -1       -1  0 1.14400e+12 1.05800e+12 249.692000 53.173000 105.560000  1 0.2200 208.620000 55.12080 34.90329 49.39682 284.450 35.990 90.280 -3.199e+11 1.973e+11 5.581e+11 0.02353 505168 505168 679564 6631 34 505113 505196 55.3068 1067700000000 1067700000000 924700000000 581510000000 123930000000 35.502 5.31 0.01966 0.54745 0.34635 -30.2027 6.62478 45.4048 0.49632 0.31978 -24.3882 3.84403 40.1886 0.1667 933800000000 896100000000
 0.4500   194675 0.4600   203726      1       -1       -1       -1  0 1.14400e+12 1.20100e+12 261.007000 169.752000 100.950000  1 0.2200 212.260000 54.95849 34.86855 49.36737 266.230 34.580 91.010 -4.657e+11 6.011e+11 5.761e+11 0.02661 505169 505169 679564 6559 33 505113 505196 83.705 1201200000000 1182100000000 1115400000000 562450000000 142990000000 30.9029 5.02 0.0228 0.55299 0.44292 -23.0739 9.00737 41.4234 0.48837 0.37028 -12.4055 14.7879 26.3141 0.1478 1007000000000 1459000000000
 0.4400   185605 0.4500   194675      1       -1       -1       -1  0 1.14400e+12 1.14400e+12 257.313000 122.774000 100.150000  1 0.2200 213.620000 54.79946 34.84626 49.34554 249.590 34.090 86.610 -2.468e+11 5.453e+11 7.241e+11 0.02910 505170 505170 679564 7670 32 505113 505196 70.3318 1144000000000 1134400000000 1086800000000 543380000000 114400000000 17.6815 2.79 0.0246 0.86593 0.62274 -5.69867 21.6731 34.4026 0.70515 0.5423 4.78825 14.3391 27.5495 0.1447 988600000000 1468000000000
 0.4300   176585 0.4400   185605      1       -1       -1       -1  0 1.07733e+12 1.08700e+12 253.442000 111.297000 97.380000  1 0.2200 210.000000 54.64890 34.81246 49.31584 238.470 33.990 79.270 -1.533e+11 3.867e+11 6.627e+11 0.02662 505171 505171 679564 6530 31 505113 505196 78.9765 1086800000000 1077200000000 972370000000 543380000000 28599000000 20.5181 2.5 0.02256 0.66441 0.3608 23.6896 11.8065 43.6764 0.44256 0.23529 22.939 13.5145 27.7283 0.1413 915100000000 1449000000000
 0.4200   167618 0.4300   176585      1       -1       -1       -1  0 1.03600e+12 1.00100e+12 247.053000 96.346000 94.500000  1 0.2200 209.180000 54.48154 34.78220 49.27501 227.020 33.040 73.570 1.665e+08 5.276e+11 5.796e+11 0.03034 505172 505172 679564 6430 30 505113 505196 65.9731 1001000000000 991430000000 943770000000 495720000000 19066000000 20.9274 1.05 0.0262 0.32995 0.2758 8.78517 4.40469 74.4603 0.60914 0.41388 3.69999 0.22425 44.871 0.1448 866200000000 1373000000000
 0.4100   158738 0.4200   167618      2       -1       -1       -1  0 1.01365e+12 1.02000e+12 249.063000 135.725000 88.760000  1 0.2200 209.140000 54.36762 34.78762 49.19085 214.750 33.620 68.220 -3.690e+09 4.281e+11 4.689e+11 0.02339 505173 505173 679564 6370 29 505113 505196 83.9858 1020000000000 953300000000 877040000000 305060000000 0 15.1117 1.09 0.02079 0.68055 0.2161 -19.5194 -18.8945 69.0562 0.42341 0.05997 20.497 30.7845 -11.3171 0.1347 862400000000 1420000000000
 0.4000   149940 0.4100   158738      1       -1       -1       -1  0 9.18333e+11 9.15200e+11 240.639000 77.072000 82.620000  1 0.2200 204.680000 54.22125 34.75100 49.17171 207.480 35.240 56.210 3.377e+11 2.993e+11 2.493e+11 0.02304 505174 505174 679564 7414 28 505193 505192 77.0724 915170000000 915170000000 791240000000 200190000000 0 7.37452 0 0.02046 0.80203 0.26885 17.908 7.87115 71.0803 0.56535 0.27692 27.2407 24.6609 34.7049 0.1208 809300000000 1125000000000
 0.4000   149941 0.4100   158738      1       -1       -1       -1  0 9.53200e+10 5.72000e+10 95.497000 17.901000 32.940000  0 0.3700 86.020000 54.25577 34.77447 48.83083 166.840 -26.380 129.260 -8.518e+09 -1.465e+09 -4.047e+09 0.03152 505175 505193 679564 7413 28 505113 505196 17.9013 57198000000 57198000000 47665000000 0 0 22.3046 7.28 0.03849 0.39596 0.12628 5.49594 23.6512 43.6329 0 0 0 0 0 0.1932 106300000000 47660000000
 0.3900   141251 0.4000   149940      1       -1       -1       -1  0 8.13467e+11 8.19800e+11 232.366000 70.766000 75.810000  1 0.2200 200.350000 54.04374 34.69036 49.18810 202.110 31.540 45.860 2.393e+11 2.770e+11 -1.488e+11 0.02194 505176 505175 679564 7263 27 505113 505192 70.7664 819840000000 800770000000 772170000000 371790000000 0 31.6834 0.91 0.01906 0.34792 0.06627 0.76537 -18.4268 89.9408 0.60605 0.47342 9.22782 -9.4482 72.9622 0.0988 692800000000 934200000000
 0.3900   141252 0.4000   149941      1       -1       -1       -1  0 9.53200e+10 1.23900e+11 123.781000 53.361000 38.710000  1 0.3700 105.130000 54.15778 34.81527 48.83350 146.210 -21.860 121.490 -5.316e+05 -2.390e+10 1.152e+10 0.02653 505177 505194 679564 7264 27 505113 505196 53.3608 123930000000 95330000000 28599000000 0 0 7.21433 4.39 0.02985 0.1634 0.03451 14.8078 40.2192 75.055 0 0 0 0 0 0.1528 102200000000 171600000000
 0.3800   132770 0.3900   141251      1       -1       -1       -1  0 7.94400e+11 7.05400e+11 221.370000 69.383000 78.630000  1 0.2200 192.500000 53.88697 34.66956 49.04651 187.300 26.080 39.450 2.914e+11 1.738e+11 -7.452e+09 0.02450 505178 505176 679564 7214 26 505113 505192 69.3831 705440000000 705440000000 610110000000 295520000000 28599000000 62.3368 0 0.02129 0.40817 0.32208 14.9243 -12.0702 50.2599 0.91813 0.72382 22.0345 -10.8802 15.671 0.1166 634800000000 848400000000
 0.3800   132771 0.3900   141252      1       -1       -1       -1  0 9.53200e+10 8.58000e+10 109.679000 39.311000 43.040000  1 0.3700 94.650000 54.65107 34.82724 49.94331 194.460 59.800 60.540 -2.858e+09 4.174e+08 -9.510e+09 0.01984 505179 505195 679564 7810 26 505113 505196 39.3105 85797000000 76264000000 76264000000 38132000000 0 40.9233 7.19 0.02089 0.51712 0.02823 34.4138 6.05461 11.96 0.29176 0.03078 43.0647 14.9275 3.43759 0.1722 112000000000 123900000000
 0.3700   124265 0.3800   132770      1       -1       -1       -1  0 7.94400e+11 7.91200e+11 230.361000 32.489000 80.620000  1 0.2200 224.520000 53.75821 34.65317 49.11899 184.480 26.970 37.890 8.352e+10 2.547e+11 -4.777e+11 0.03528 505180 505177 679564 6079 25 505113 505192 32.4886 791240000000 791240000000 781710000000 543380000000 0 15.8585 0 0.02874 0.27382 0.23291 -3.96472 -4.65479 78.1677 0 0 -7.92313 0.79727 66.5245 0.0958 775300000000 457600000000
 0.3700   124266 0.3800   132771      0       -1       -1       -1  0 7.62600e+10 7.62600e+10 105.620000 27.756000 43.580000  1 0.3700 94.230000 54.51072 34.79692 49.92601 179.990 62.490 50.630 -7.621e+09 7.566e+09 1.106e+10 0.03466 505181 505196 679564 6616 25 505113 505196 27.7564 76264000000 76264000000 57198000000 28599000000 0 21.9232 0 0.03992 0 0 62.0537 25.0702 32.7988 0.16027 0 -3.65168 16.7554 44.4402 0.2138 108000000000 76260000000
 0.3600   115787 0.3700   124265      1       -1       -1       -1  0 7.94400e+11 8.10300e+11 232.542000 35.861000 80.830000  1 0.2200 225.640000 53.63815 34.64214 49.05973 173.940 26.330 35.290 9.471e+10 2.932e+11 -4.865e+11 0.03669 505182 505178 679564 6952 24 505113 505192 35.8608 810300000000 810300000000 781710000000 629180000000 0 20.4192 0 0.02942 0.37325 0.29676 -12.7102 -20.7197 67.5198 0.25042 0.18868 -15.0315 -1.75056 63.819 0.093 748200000000 591000000000
 0.3500   107462 0.3600   115787      1       -1       -1       -1  0 7.69000e+11 7.81700e+11 230.101000 37.257000 79.850000  1 0.2200 224.100000 53.49834 34.62247 49.04263 164.530 23.480 33.350 1.040e+11 2.524e+11 -4.127e+11 0.03467 505183 505179 679564 6787 23 505113 505192 37.2565 781710000000 743570000000 724510000000 533850000000 0 14.128 0 0.0272 0.71828 0.66367 -25.46 -29.0284 35.1346 0.69534 0.42029 -20.1029 -13.9055 40.4948 0.0887 734000000000 552900000000
 0.3400    99310 0.3500   107462      1       -1       -1       -1  0 7.21333e+11 7.15000e+11 223.660000 45.589000 77.130000  1 0.2200 213.030000 53.38175 34.59806 49.01408 153.940 21.180 33.730 -3.318e+10 2.560e+11 -3.054e+11 0.03257 505184 505180 679564 6593 22 505113 505192 45.5885 714970000000 714970000000 705440000000 476650000000 133460000000 25.5815 0 0.02586 0.7581 0.55267 41.0833 16.1919 12.6716 0.42352 0.3593 37.3643 14.197 -3.51257 0.0904 625800000000 638700000000
 0.3300    91404 0.3400    99310      1       -1       -1       -1  0 6.22833e+11 6.67300e+11 218.858000 55.620000 69.830000  1 0.2200 205.710000 53.21032 34.58256 48.99361 145.980 18.830 33.350 -3.959e+10 1.882e+11 -2.323e+11 0.02666 505185 505181 679564 6413 21 505113 505192 55.6204 667310000000 619640000000 619640000000 371790000000 9533000000 9.13785 0.94 0.02219 0.8737 0.43824 13.3085 -10.8513 48.6104 0.19176 0.1196 37.8539 25.8543 -30.3363 0.087 570900000000 676800000000
 0.3200    83631 0.3300    91404      1       -1       -1       -1  0 5.65633e+11 4.86200e+11 197.175000 50.129000 69.110000  1 0.2200 187.850000 53.08076 34.59080 48.91033 134.080 13.150 35.340 -4.953e+10 2.341e+11 -4.845e+10 0.03637 505186 505182 679564 6268 20 505113 505192 50.1294 486180000000 419450000000 409920000000 266920000000 19066000000 30.4901 4.32 0.03091 0.40679 0.31798 10.7096 -22.3488 47.4586 0.49223 0.22647 0.75773 -22.8756 29.1829 0.1053 490100000000 486200000000
 0.3100    76103 0.3200    83631      1       -1       -1       -1  0 4.60767e+11 5.43400e+11 204.860000 54.031000 61.980000  1 0.2200 197.230000 52.95284 34.54442 48.93716 126.840 17.830 24.770 -4.803e+10 2.126e+11 -3.026e+10 0.02533 505187 505183 679564 6012 19 505113 505192 54.0315 543380000000 543380000000 543380000000 57198000000 0 21.6809 0 0.0235 0.155 0.09208 7.55996 -8.19707 105.42 0.5337 0.34918 -19.5633 1.31042 40.116 0.0938 468100000000 552900000000
 0.3000    68811 0.3100    76103      1       -1       -1       -1  0 4.13100e+11 3.52700e+11 177.573000 32.879000 53.210000  1 0.2200 181.220000 52.81063 34.53310 49.04921 128.800 26.890 18.000 8.537e+10 7.634e+09 1.825e+10 0.02368 505188 505184 679564 4895 18 505113 505192 32.8793 352720000000 333650000000 333650000000 247860000000 9533000000 15.8708 1.52 0.01954 0.59902 0.3306 -22.0223 -14.158 44.9058 0.66152 0.51673 -17.7795 -13.954 34.9154 0.0625 332200000000 276500000000
 0.2900    61775 0.3000    68811      1       -1       -1       -1  0 3.05067e+11 3.43200e+11 176.141000 31.531000 53.250000  1 0.2200 183.480000 52.66407 34.52319 49.02311 122.020 27.160 17.270 6.105e+10 -2.536e+09 2.695e+10 0.01922 505189 505185 679564 4664 17 505113 505192 31.5313 343190000000 343190000000 333650000000 247860000000 38132000000 24.0298 0 0.01585 0.35296 0.09047 -14.2777 -4.58524 59.4914 0.3811 0.13804 -22.5573 -8.52586 38.3695 0.0629 303000000000 276500000000
 0.2800    55015 0.2900    61775      1       -1       -1       -1  0 2.16100e+11 2.19300e+11 151.853000 53.311000 58.480000  1 0.2200 149.950000 52.56869 34.50089 48.89626 116.370 28.400 20.790 2.596e+09 -9.851e+09 1.146e+10 0.00780 505190 505186 679564 5175 16 505113 505192 53.3113 219260000000 200190000000 190660000000 0 0 61.8529 1.57 0.00781 0.60612 0.41488 -16.1878 -19.9977 82.1924 0 0 0 0 0 0.1371 309600000000 343200000000
 0.2700    48598 0.2800    55015      1       -1       -1       -1  0 1.84333e+11 8.58000e+10 111.171000 32.452000 47.660000  1 0.2200 112.980000 52.43680 34.48605 48.86295 98.300 14.930 18.760 -4.238e+10 3.244e+10 -1.632e+10 0.09641 505191 505187 679564 4864 15 505113 505192 32.4519 85797000000 85797000000 0 0 0 71.2484 36 0.1382 0.24427 0.04867 -26.2961 -30.8136 80.6514 0 0 0 0 0 0.3832 276000000000 114400000000
 0.2600    42514 0.2700    48598      1       -1       -1       -1  0 1.84333e+11 2.19300e+11 152.121000 56.356000 45.150000  1 0.2200 155.100000 52.26996 34.43930 48.88169 97.930 31.730 21.110 1.018e+10 -5.591e+09 2.594e+09 0.00662 505192 505188 679564 4561 14 505113 505192 56.3561 219260000000 181130000000 171590000000 66731000000 0 48.0881 4.51 0.00628 0.15972 0.00757 -8.79695 32.5533 -30.756 0.25373 0.21068 12.1271 -25.5196 32.0443 0.0794 216100000000 314600000000
 0.2500    36789 0.2600    42514      1       -1       -1       -1  0 1.84333e+11 2.28800e+11 154.418000 36.985000 37.140000  1 0.2200 165.800000 52.13226 34.39582 48.95123 84.910 24.400 16.780 4.349e+10 1.476e+10 1.506e+10 0.02615 505193 505189 679564 3627 13 505113 505192 36.9853 228790000000 228790000000 228790000000 57198000000 38132000000 8.34942 2.62 0.02423 0.44273 0.08278 13.5685 -11.7045 47.7756 0.90816 0.34937 -4.69118 15.2678 25.1989 0.0581 203500000000 228800000000
 0.2400    31399 0.2500    36789      1       -1       -1       -1  0 1.39833e+11 1.04900e+11 119.145000 7.921000 33.880000  1 0.2200 167.090000 52.01093 34.36865 48.95432 84.160 18.900 8.250 7.210e+09 -1.701e+09 -2.635e+09 0.01728 505194 505190 679564 3941 12 505113 505192 7.92055 104860000000 76264000000 76264000000 66731000000 28599000000 17.8103 4.55 0.01476 0.5184 0.23677 21.0953 -2.80381 14.8707 0.3563 0.03999 10.6784 6.70515 4.27085 0.0514 187600000000 28600000000
 0.2300    26421 0.2400    31399      1       -1       -1       -1  0 8.58100e+10 8.58000e+10 111.513000 26.604000 26.980000  1 0.2200 124.620000 51.90226 34.37660 48.96479 73.060 16.330 8.360 6.407e+09 3.908e+09 -1.201e+09 0.01948 505195 505191 679564 3555 11 505113 505192 26.6037 85797000000 85797000000 85797000000 19066000000 0 35.4869 0 0.02036 0.22715 0 47.0655 -12.7243 33.4686 0 0 0 0 0 0.0543 146900000000 85800000000
 0.2200    21805 0.2300    26421      0       -1       -1       -1  0 6.67300e+10 6.67300e+10 102.616000 37.056000 22.900000  1 0.2200 113.380000 51.75155 34.34930 48.93310 56.650 16.230 6.480 8.155e+09 -1.948e+09 -4.464e+09 0.03591 505196 505192 679564 3175 10 505113 505192 37.0556 66731000000 57198000000 57198000000 28599000000 0 28.0494 2.41 0.03954 0.98044 0.29649 23.1839 -9.20434 -8.99212 0.78528 0.04621 -8.38099 11.7472 21.5797 0.0463 121100000000 95330000000
