 1.0000   679312 0.0000       -1      1       -1       -1       -1  0 2.09700e+11 2.00200e+11 119.679000 6.938000 85.880000  1 0.6000 117.040000 30.10127 12.54792 3.11532 -195.790 154.260 -40.870 -7.450e+09 9.226e+09 -3.299e+10 0.01397 482694 482694 679312 4827 88 482693 482734 6.93751 200190000000 209730000000 171590000000 133460000000 76264000000 10.7631 7.23 0.0122 0.63408 0.41192 5.25234 13.5913 5.62315 0.53503 0.06407 9.08052 5.72961 -3.21449 0.4202 274700000000 76260000000
 0.9900   671172 1.0000   679312      1       -1       -1       -1  0 2.09700e+11 2.00200e+11 120.183000 5.807000 90.150000  1 0.6000 123.500000 30.12331 12.53694 3.11980 -189.980 155.460 -35.530 -8.842e+09 1.920e+09 -2.851e+10 0.01203 482695 482695 679312 4769 87 482693 482734 5.80716 200190000000 200190000000 190660000000 142990000000 95330000000 7.51158 0 0.01044 0.58854 0.33693 8.72449 16.2175 3.07821 0.37728 0.2593 13.8213 10.2636 0.57453 0.4393 322900000000 76260000000
 0.9800   662773 0.9900   671172      1       -1       -1       -1  0 2.09700e+11 2.00200e+11 120.687000 5.954000 94.330000  1 0.6000 123.140000 30.14330 12.51042 3.12193 -188.980 154.190 -35.000 -8.341e+09 1.396e+09 -2.908e+10 0.01199 482696 482696 679312 4833 86 482693 482734 5.95402 200190000000 219260000000 181130000000 142990000000 114400000000 15.3268 0 0.0106 0.74628 0.37864 1.5073 13.6179 1.772 0.96649 0.35824 7.82178 8.31501 0.24099 0.4708 343100000000 57200000000
 0.9700   654410 0.9800   662773      1       -1       -1       -1  0 2.09700e+11 2.00200e+11 121.190000 5.668000 99.820000  1 0.6000 125.420000 30.16863 12.49688 3.12950 -185.030 156.530 -30.130 -3.074e+09 2.437e+10 -1.743e+10 0.01218 482697 482697 679312 7740 85 482693 482734 5.66768 200190000000 209730000000 190660000000 152530000000 123930000000 9.32453 0 0.01057 0.8293 0.55642 13.7946 8.78557 4.59635 0.73395 0.53453 15.1491 3.33208 2.41852 0.4881 358300000000 57200000000
 0.9600   646089 0.9700   654410      1       -1       -1       -1  0 2.09700e+11 2.00200e+11 121.692000 4.729000 106.600000  1 0.6000 132.860000 30.18689 12.48014 3.13293 -183.340 155.150 -29.650 -3.755e+09 2.329e+10 -1.770e+10 0.01250 482698 482698 679312 4861 84 482693 482734 4.72855 200190000000 209730000000 190660000000 162060000000 123930000000 9.329 0 0.01039 0.73881 0.53021 12.0934 -2.47568 3.05807 0.5172 0.43333 10.9274 -2.47295 2.59781 0.4994 401900000000 85800000000
 0.9500   637767 0.9600   646089      1       -1       -1       -1  0 2.09700e+11 2.00200e+11 122.194000 4.111000 111.310000  1 0.6000 139.270000 30.20814 12.46365 3.14161 -181.650 153.730 -29.200 -4.345e+09 2.233e+10 -1.795e+10 0.01236 482699 482699 679312 4877 83 482693 482734 4.11146 200190000000 209730000000 190660000000 171590000000 133460000000 6.95759 0 0.01024 0.73672 0.59541 -4.16632 6.47233 9.49674 0.59503 0.4982 -3.40792 5.13297 10.0247 0.5197 425500000000 85800000000
 0.9400   629463 0.9500   637767      1       -1       -1       -1  0 2.09700e+11 2.09700e+11 124.612000 5.219000 110.350000  1 0.6000 132.810000 30.23839 12.44530 3.14373 -182.110 152.120 -30.500 -2.162e+10 -1.500e+10 5.783e+09 0.01049 482700 482700 679312 4874 82 482693 482734 5.21853 209730000000 209730000000 190660000000 171590000000 123930000000 14.6609 0 0.00884 0.90227 0.51622 -1.10643 7.18809 11.7286 0.70738 0.43666 3.8701 3.32604 12.164 0.5169 417000000000 85800000000
 0.9300   621141 0.9400   629463      1       -1       -1       -1  0 2.09700e+11 2.09700e+11 125.120000 4.235000 112.360000  1 0.6000 142.120000 30.25788 12.42835 3.14753 -180.800 150.940 -29.800 -2.132e+10 -1.518e+10 5.323e+09 0.01106 482701 482701 679312 4887 81 482693 482734 4.235 209730000000 209730000000 190660000000 171590000000 123930000000 12.5581 0 0.00879 0.74601 0.57049 -1.93731 8.82611 7.22472 0.76507 0.43943 -0.60242 8.85835 4.91759 0.4969 422700000000 104900000000
 0.9200   612797 0.9300   621141      1       -1       -1       -1  0 2.09700e+11 2.09700e+11 125.626000 3.506000 111.320000  1 0.6000 151.540000 30.28120 12.41187 3.15325 -173.140 149.010 -29.630 2.071e+09 5.349e+10 -1.451e+10 0.02310 482702 482702 679312 4891 80 482693 482734 3.50555 209730000000 209730000000 209730000000 162060000000 123930000000 5.47538 0 0.01831 0.66905 0.50484 13.1063 -3.92291 2.65763 0.80967 0.43264 11.1268 -3.03823 2.65512 0.4907 459000000000 104900000000
 0.9100   604433 0.9200   612797      1       -1       -1       -1  0 2.09700e+11 2.09700e+11 126.131000 6.243000 100.640000  1 0.6000 127.820000 30.29967 12.40135 3.16731 -178.110 148.220 -33.920 -6.244e+09 1.663e+10 -1.042e+09 0.00645 482703 482703 679312 4911 79 482693 482734 6.24337 209730000000 209730000000 209730000000 162060000000 114400000000 6.93235 0 0.0059 0.75472 0.60434 11.3216 -8.06052 -7.188 0.924 0.71645 -5.25146 10.1395 6.32993 0.5098 343300000000 47660000000
 0.9000   596061 0.9100   604433      1       -1       -1       -1  0 2.09700e+11 2.09700e+11 126.635000 7.604000 94.850000  1 0.6000 121.600000 30.33119 12.36979 3.16112 -173.200 147.630 -26.640 -4.254e+09 2.052e+10 1.134e+10 0.00910 482704 482704 679312 4942 78 482693 482734 7.60374 209730000000 219260000000 190660000000 171590000000 104860000000 13.7975 0 0.00792 0.58554 0.4478 19.5988 2.93184 6.8094 0.50579 0.25679 20.2981 2.97225 4.30645 0.4566 333500000000 66730000000
 0.8900   587650 0.9000   596061      1       -1       -1       -1  0 2.06533e+11 2.09700e+11 127.138000 8.389000 88.380000  1 0.6000 119.020000 30.35551 12.35191 3.16454 -174.060 145.940 -31.960 -5.708e+09 1.611e+10 -9.914e+08 0.00653 482705 482705 679312 4974 77 482693 482734 8.3895 209730000000 219260000000 190660000000 171590000000 66731000000 14.621 0 0.00571 0.52329 0.34438 20.4869 2.00959 11.7432 0.70548 0.06308 16.9373 0.89717 5.60642 0.4233 333200000000 76260000000
 0.8800   579266 0.8900   587650      1       -1       -1       -1  0 2.03367e+11 2.00200e+11 125.675000 8.534000 87.010000  1 0.6000 116.740000 30.37365 12.34671 3.17071 -172.370 145.080 -29.190 7.586e+08 2.433e+10 -1.456e+09 0.00974 482706 482706 679312 912 76 482693 482734 8.53431 200190000000 209730000000 190660000000 162060000000 28599000000 6.05287 0 0.00883 0.91751 0.42467 14.0909 10.8095 14.7234 0.93963 0.3992 18.3772 -3.39432 10.6941 0.4376 284400000000 66730000000
 0.8700   570807 0.8800   579266      1       -1       -1       -1  0 1.97033e+11 2.00200e+11 126.167000 8.320000 87.810000  1 0.6000 118.080000 30.39998 12.32635 3.17381 -170.190 143.830 -28.630 9.188e+07 2.553e+10 -2.209e+09 0.01028 482707 482707 679312 3987 75 482693 482734 8.31979 200190000000 209730000000 190660000000 133460000000 76264000000 6.60924 0 0.00931 0.774 0.46334 4.32627 17.5021 10.4545 0.80183 0.42537 0.1189 17.6812 3.20884 0.441 287700000000 76260000000
 0.8600   562348 0.8700   570807      1       -1       -1       -1  0 1.97033e+11 1.90700e+11 124.614000 6.767000 86.950000  1 0.6000 122.890000 30.42363 12.30292 3.17300 -163.940 141.800 -29.750 -7.836e+09 1.353e+08 -8.932e+09 0.00533 482708 482708 679312 5024 74 482693 482734 6.76663 190660000000 209730000000 190660000000 133460000000 104860000000 10.1539 0 0.0047 0.60904 0.3707 2.91518 11.4888 18.2697 0.75859 0.41724 1.63826 11.7062 13.5929 0.4278 291300000000 57200000000
 0.8500   553910 0.8600   562348      1       -1       -1       -1  0 1.97033e+11 2.00200e+11 127.145000 10.075000 83.390000  1 0.6000 113.590000 30.43562 12.27577 3.17876 -165.880 141.270 -27.470 -8.471e+08 2.801e+10 -3.317e+09 0.01103 482709 482709 679312 5006 73 482693 482734 10.0752 200190000000 209730000000 171590000000 133460000000 57198000000 10.3724 0 0.01033 0.7498 0.30934 16.0698 1.63304 4.09984 0.14724 0.04324 10.0811 -0.568 -7.61661 0.4321 260100000000 85800000000
 0.8400   545407 0.8500   553910      1       -1       -1       -1  0 1.97033e+11 2.00200e+11 127.632000 9.562000 80.830000  1 0.6000 115.640000 30.46023 12.25474 3.18296 -160.230 139.270 -28.040 7.855e+09 -1.672e+10 1.560e+10 0.00979 482710 482710 679312 5037 72 482693 482734 9.56153 200190000000 209730000000 162060000000 133460000000 38132000000 4.31053 2.99 0.00889 0.57149 0.18276 15.8776 -0.61962 4.62946 0.50413 0.13865 16.7281 -0.70996 -2.71321 0.3973 253200000000 76260000000
 0.8300   536890 0.8400   545407      1       -1       -1       -1  0 1.87500e+11 1.90700e+11 126.050000 10.136000 79.440000  1 0.6000 112.260000 30.48512 12.24353 3.18739 -158.310 138.050 -27.270 -8.502e+09 3.487e+09 -1.124e+10 0.00620 482711 482711 679312 5036 71 482693 482734 10.1365 190660000000 209730000000 152530000000 142990000000 38132000000 9.96096 0 0.00581 0.33348 0.09454 21.8347 -3.90321 -4.96946 0.11113 0.01075 35.06 -7.22452 -8.60862 0.4137 241300000000 95330000000
 0.8200   528294 0.8300   536890      1       -1       -1       -1  0 1.77967e+11 1.71600e+11 122.158000 10.518000 73.370000  1 0.6000 107.070000 30.51074 12.21156 3.19146 -158.030 134.330 -24.350 -6.189e+09 -6.665e+09 2.012e+10 0.01202 482712 482712 679312 4018 70 482693 482734 10.5179 171590000000 200190000000 152530000000 142990000000 19066000000 6.19971 0 0.01058 0.32942 0.25995 32.7853 -0.03709 5.37757 0.44801 0.06846 28.6994 5.65175 1.52269 0.3514 225600000000 85800000000
 0.8100   519652 0.8200   528294      1       -1       -1       -1  0 1.71600e+11 1.71600e+11 122.614000 9.348000 69.140000  1 0.6000 110.750000 30.53666 12.18940 3.19576 -155.990 136.850 -21.390 -6.747e+09 -3.436e+09 1.705e+10 0.01024 482713 482713 679312 5080 69 482693 482734 9.3476 171590000000 200190000000 162060000000 123930000000 0 6.24385 4.89 0.00898 0.53883 0.32449 29.0226 4.13879 14.1658 0.11387 0 24.681 2.4239 18.5438 0.3221 229400000000 47660000000
 0.8000   510972 0.8100   519652      1       -1       -1       -1  0 1.71600e+11 1.62100e+11 120.745000 8.745000 69.070000  1 0.6000 110.550000 30.56302 12.16685 3.20011 -157.310 131.860 -26.740 -8.500e+09 -3.338e+10 1.521e+10 0.02291 482714 482714 679312 4075 68 482693 482734 8.74465 162060000000 190660000000 162060000000 123930000000 9533000000 12.2384 0 0.02002 0.64376 0.1785 14.4823 9.1388 17.9322 0.49472 0.32916 16.9087 9.45236 18.5272 0.3213 225200000000 38130000000
 0.7900   502328 0.8000   510972      1       -1       -1       -1  0 1.71600e+11 1.62100e+11 121.187000 8.866000 69.770000  1 0.6000 110.760000 30.58984 12.14391 3.20447 -154.900 130.150 -26.590 -8.967e+09 -3.276e+10 1.561e+10 0.02294 482715 482715 679312 5102 67 482693 482734 8.86609 162060000000 171590000000 162060000000 133460000000 0 12.7538 0 0.01996 0.44865 0.14407 21.6884 10.6894 28.1594 0.54018 0.49135 24.0272 19.6379 16.7604 0.3224 229800000000 57200000000
 0.7800   493689 0.7900   502328      1       -1       -1       -1  0 1.71600e+11 1.62100e+11 121.628000 6.360000 68.090000  1 0.6000 121.690000 30.62942 12.13107 3.21403 -148.900 126.870 -24.890 -6.432e+09 -2.990e+10 1.096e+10 0.02166 482716 482716 679312 4082 66 482693 482734 6.35989 162060000000 181130000000 152530000000 123930000000 95330000000 12.3227 4.27 0.01743 0.3841 0.17436 9.18845 11.348 30.1436 0.19363 0 9.66873 16.8438 31.3315 0.2785 259100000000 9533000000
 0.7700   485010 0.7800   493689      1       -1       -1       -1  0 1.71600e+11 1.71600e+11 124.414000 9.560000 68.150000  1 0.6000 112.550000 30.64487 12.09683 3.21331 -152.800 125.670 -31.950 -8.827e+09 -5.910e+10 2.399e+10 0.03700 482717 482717 679312 5120 65 482693 482734 9.56011 171590000000 171590000000 152530000000 133460000000 38132000000 14.6384 7.32 0.03156 0.29132 0.12818 11.5222 14.5158 28.1312 0.18996 0.04364 11.5973 15.6105 28.9612 0.2933 226700000000 47660000000
 0.7600   476308 0.7700   485010      1       -1       -1       -1  0 1.71600e+11 1.62100e+11 122.501000 6.940000 72.550000  1 0.6000 120.140000 30.68795 12.07981 3.22524 -148.020 124.830 -26.550 -1.022e+10 -3.065e+10 1.546e+10 0.02430 482718 482718 679312 5159 64 482693 482734 6.94047 162060000000 162060000000 152530000000 133460000000 57198000000 9.80637 0 0.0194 0.24186 0.17394 -2.09021 1.98752 16.9214 0.09633 0.04425 -2.01182 2.91842 20.4285 0.2981 260100000000 47660000000
 0.7500   467569 0.7600   476308      1       -1       -1       -1  0 1.71600e+11 1.62100e+11 122.933000 7.643000 70.640000  1 0.6000 117.740000 30.71565 12.05406 3.23087 -145.860 122.960 -26.790 -1.045e+10 -3.058e+10 1.524e+10 0.02459 482719 482719 679312 5205 63 482693 482734 7.64348 162060000000 162060000000 162060000000 133460000000 57198000000 8.94795 0 0.01945 0.60741 0.23338 -10.4632 7.31249 14.2828 0.4937 0.14312 -9.65533 5.57283 13.6845 0.2828 243800000000 57200000000
 0.7400   458768 0.7500   467569      1       -1       -1       -1  0 1.71600e+11 1.71600e+11 125.735000 10.207000 68.020000  1 0.6000 112.670000 30.74427 12.03376 3.25009 -145.850 121.830 -23.760 -6.145e+09 -5.071e+10 2.242e+10 0.03435 482720 482720 679312 5209 62 482693 482734 10.2069 171590000000 171590000000 152530000000 142990000000 57198000000 17.2622 0 0.02774 0.65294 0.36178 14.025 -11.8684 -11.6024 0.18102 0.01382 -11.4844 11.9198 6.26549 0.2656 213800000000 85800000000
 0.7300   449942 0.7400   458768      1       -1       -1       -1  0 1.71600e+11 1.71600e+11 126.170000 9.008000 66.410000  1 0.6000 116.920000 30.77223 12.00351 3.24733 -147.120 120.080 -26.510 -7.333e+09 -5.433e+10 2.376e+10 0.03731 482721 482721 679312 4179 61 482693 482734 9.00809 171590000000 171590000000 152530000000 142990000000 47665000000 8.71377 4.47 0.02987 0.5967 0.29512 21.1238 -8.70365 -0.60677 0.28322 0.04437 20.785 -9.40232 -1.90851 0.2522 232900000000 47660000000
 0.7200   441092 0.7300   449942      1       -1       -1       -1  0 1.70033e+11 1.71600e+11 126.601000 8.698000 64.520000  1 0.6000 118.700000 30.79914 11.97614 3.25010 -142.300 121.850 -23.720 -8.597e+09 3.358e+09 2.031e+09 0.00602 482722 482722 679312 5311 60 482693 482734 8.69775 171590000000 171590000000 152530000000 152530000000 57198000000 12.2526 2.56 0.00475 0.68802 0.36393 19.5843 -4.89612 10.2648 0.25459 0.10222 16.3517 -0.41961 12.1796 0.2301 251500000000 57200000000
 0.7100   432179 0.7200   441092      1       -1       -1       -1  1 1.66867e+11 1.66900e+11 125.829000 7.739000 70.160000  1 0.6000 122.150000 30.82178 11.95676 3.25387 -142.300 121.850 -23.720 -5.900e+08 -1.364e+09 4.318e+09 0.00734 482723 482723 679312 8571 59 482693 482734 7.85593 166825000000 166825000000 157295000000 152530000000 76264000000 7.66727 1.28 0.00563 0.666755 0.41783 17.742 -2.74014 10.02 0.48834 0.247685 14.2064 1.01274 12.227 0.25165 248100000000 57200000000
 0.7000   423199 0.7100   432179      1       -1       -1       -1  0 1.63700e+11 1.62100e+11 125.048000 6.780000 75.010000  1 0.6000 125.410000 30.86860 11.92415 3.26297 -140.930 115.100 -25.050 7.417e+09 -6.087e+09 6.606e+09 0.00866 482724 482724 679312 5340 58 482693 482734 6.78008 162060000000 162060000000 162060000000 152530000000 95330000000 3.08196 0 0.00651 0.64549 0.47173 15.8997 -0.58416 9.77511 0.72209 0.39315 12.0612 2.44509 12.2745 0.2732 244700000000 57200000000
 0.6900   414198 0.7000   423199      1       -1       -1       -1  0 1.62100e+11 1.62100e+11 125.461000 6.144000 77.000000  1 0.6000 129.770000 30.89972 11.89696 3.27088 -138.790 113.360 -24.840 7.294e+09 -5.551e+09 6.447e+09 0.00835 482725 482725 679312 5284 57 482693 482734 6.144 162060000000 162060000000 162060000000 152530000000 104860000000 4.78279 0 0.00629 0.67757 0.41476 18.9269 -3.15462 13.5955 0.77642 0.33043 16.5219 -1.85108 14.1104 0.2849 268300000000 47660000000
 0.6800   405189 0.6900   414198      1       -1       -1       -1  0 1.62100e+11 1.62100e+11 125.870000 8.198000 75.450000  1 0.6000 120.710000 30.93974 11.86755 3.27641 -136.570 111.560 -24.860 7.660e+09 -4.997e+09 6.309e+09 0.00779 482726 482726 679312 5285 56 482693 482734 8.19757 162060000000 162060000000 162060000000 162060000000 85797000000 2.0798 0 0.00628 0.44191 0.24146 20.5915 -6.06281 11.5427 0.16839 0.06606 20.6862 -11.4107 5.28551 0.3044 230900000000 28600000000
 0.6700   396201 0.6800   405189      1       -1       -1       -1  0 1.62100e+11 1.62100e+11 126.275000 10.308000 68.690000  1 0.6000 114.670000 30.97142 11.83772 3.27883 -133.420 109.450 -19.900 5.803e+06 -1.784e+09 -2.319e+10 0.01646 482727 482727 679312 5312 55 482693 482734 10.3079 162060000000 162060000000 162060000000 152530000000 47665000000 7.78186 0 0.01321 0.55277 0.22682 16.4824 -9.5142 18.9887 0.32723 0.16939 13.7436 -9.88112 22.0529 0.2631 220100000000 76260000000
 0.6600   387265 0.6700   396201      1       -1       -1       -1  0 1.62100e+11 1.62100e+11 126.676000 9.627000 61.650000  1 0.6000 117.400000 31.00450 11.81173 3.28876 -135.880 111.030 -21.970 -5.921e+09 3.269e+10 -2.584e+09 0.02406 482728 482728 679312 5290 54 482693 482734 9.62687 162060000000 162060000000 162060000000 133460000000 57198000000 9.04994 0 0.01904 0.52222 0.33157 13.3639 -6.50875 13.3384 0.13775 0.08383 10.5864 -8.93668 11.1183 0.2157 221100000000 57200000000
 0.6500   378228 0.6600   387265      1       -1       -1       -1  0 1.58900e+11 1.62100e+11 127.073000 9.818000 58.250000  1 0.6000 117.630000 31.04939 11.77881 3.29241 -133.400 109.430 -20.830 -5.526e+09 3.294e+10 -2.810e+09 0.02417 482729 482729 679312 4241 53 482693 482734 9.81827 162060000000 162060000000 152530000000 133460000000 57198000000 11.3466 0 0.01927 0.55075 0.40526 22.1239 -6.66366 14.2134 0.62343 0.12675 21.9315 -10.4197 5.78897 0.1979 213300000000 66730000000
 0.6400   369152 0.6500   378228      1       -1       -1       -1  0 1.55700e+11 1.52500e+11 124.916000 7.674000 57.560000  1 0.6000 123.050000 31.08811 11.74570 3.30168 -133.320 110.770 -18.900 -1.284e+10 1.752e+10 2.457e+10 0.02674 482730 482730 679312 4224 52 482693 482734 7.67449 152530000000 152530000000 152530000000 133460000000 57198000000 8.88916 0 0.021 0.71828 0.28971 20.222 -11.2805 16.3193 0.41166 0.01074 19.413 -16.3483 9.88898 0.1908 229800000000 28600000000
 0.6300   360035 0.6400   369152      1       -1       -1       -1  0 1.52500e+11 1.52500e+11 125.296000 7.988000 60.140000  1 0.6000 122.630000 31.12878 11.71647 3.31437 -131.050 108.460 -18.520 -1.257e+10 1.728e+10 2.409e+10 0.02617 482731 482731 679312 5319 51 482693 482734 7.98769 152530000000 152530000000 152530000000 133460000000 47665000000 11.9475 0 0.02074 0.64894 0.16394 14.929 0.24944 26.9472 0.47746 0.02203 11.4496 2.38436 23.675 0.2059 224700000000 38130000000
 0.6200   350924 0.6300   360035      1       -1       -1       -1  0 1.49333e+11 1.52500e+11 125.672000 21.328000 58.840000  1 0.6000 99.870000 31.11168 11.69369 3.29352 -128.720 106.150 -18.240 -1.234e+10 1.700e+10 2.356e+10 0.01984 482732 482732 679312 5317 50 482693 482734 21.3278 152530000000 152530000000 142990000000 38132000000 0 50.439 0 0.02047 0.3375 0.0079 44.9174 -2.52555 32.4002 0.54055 0.22866 37.3217 -0.84667 11.5049 0.2955 153800000000 114400000000
 0.6100   341790 0.6200   350924      1       -1       -1       -1  0 1.46167e+11 1.43000e+11 123.360000 15.274000 58.050000  1 0.6000 104.150000 31.14676 11.66314 3.29809 -128.930 105.270 -20.750 -6.829e+09 2.703e+10 2.334e+10 0.02434 482733 482733 679312 5317 49 482693 482734 15.2736 142990000000 152530000000 142990000000 0 0 52.1825 0 0.02643 0.05267 0.00761 53.5863 -6.55249 43.3269 0 0 0 0 0 0.3196 164600000000 38130000000
 0.6000   332643 0.6100   341790      0       -1       -1       -1  0 1.43000e+11 1.43000e+11 123.719000 26.240000 62.940000  1 0.6000 95.920000 31.17624 11.63405 3.29381 -121.210 100.720 -14.400 -1.713e+10 -1.841e+09 2.222e+10 0.01650 482734 482734 679312 894 48 482693 482734 26.2403 142990000000 152530000000 123930000000 0 0 66.1541 0 0.02058 0.11863 0.05216 63.4035 -20.7771 46.5883 0 0 0 0 0 0.4168 137300000000 123900000000
