 1.0000   679460 0.0000       -1      1       -1       -1       -1  0 3.24133e+11 2.95500e+11 136.270000 6.346000 107.540000  1 0.2700 141.700000 27.77578 8.13462 44.07621 -111.180 272.390 143.580 4.907e+10 1.291e+11 -1.574e+11 0.04688 394295 394295 679460 4975 88 394294 394368 6.34599 305060000000 324120000000 276460000000 228790000000 162060000000 14.6662 0 0.03808 0.63129 0.42947 0.00663 -3.60279 18.8474 0.37294 0.2054 1.59239 -3.36368 19.8153 0.4408 490000000000 95330000000
 0.9900   671320 1.0000   679460      1       -1       -1       -1  0 3.24133e+11 2.95500e+11 136.844000 6.922000 109.660000  1 0.2700 138.800000 27.78620 8.11073 44.07053 -109.250 261.420 141.070 4.901e+10 1.269e+11 -1.553e+11 0.04740 394296 394296 679460 4962 87 394294 394368 6.92178 305060000000 324120000000 276460000000 247860000000 162060000000 8.96249 0 0.03765 0.69689 0.60669 -0.54159 -4.13133 17.5188 0.64289 0.47425 -3.20971 -1.5164 17.8532 0.4381 522200000000 95330000000
 0.9800   662911 0.9900   671320      1       -1       -1       -1  0 3.24133e+11 2.95500e+11 137.417000 5.505000 112.220000  1 0.2700 148.980000 27.79792 8.08402 44.05825 -107.430 250.620 138.650 4.904e+10 1.251e+11 -1.533e+11 0.04695 394297 394297 679460 4976 86 394294 394368 5.50528 295520000000 324120000000 276460000000 257390000000 200190000000 9.64157 0 0.03729 0.72611 0.53767 -0.4219 -8.39766 16.757 0.76759 0.4525 -4.43051 -3.66716 16.6113 0.448 605200000000 104900000000
 0.9700   654541 0.9800   662911      1       -1       -1       -1  0 3.24133e+11 2.95500e+11 137.990000 5.217000 116.260000  1 0.2700 152.060000 27.81439 8.06054 44.04077 -105.740 239.980 136.370 4.903e+10 1.235e+11 -1.521e+11 0.04665 394298 394298 679460 4160 85 394294 394368 5.21672 295520000000 305060000000 276460000000 266920000000 190660000000 10.7076 0 0.03704 0.5817 0.43473 3.4819 -8.89023 12.3079 0.41589 0.26901 2.60858 -9.20924 11.0081 0.4643 614000000000 95330000000
 0.9600   646213 0.9700   654541      1       -1       -1       -1  0 3.24133e+11 2.95500e+11 138.562000 6.194000 118.540000  1 0.2700 145.140000 27.81929 8.03734 44.02939 -105.270 230.670 131.150 1.552e+11 7.065e+10 -1.058e+11 0.04697 394299 394299 679460 5649 84 394294 394368 6.19373 295520000000 305060000000 276460000000 266920000000 181130000000 6.36817 0 0.03693 0.62513 0.47543 3.49485 -8.41409 15.1267 0.65245 0.36566 1.32516 -7.52238 14.618 0.4672 543200000000 114400000000
 0.9500   637882 0.9600   646213      1       -1       -1       -1  0 3.24133e+11 2.86000e+11 137.620000 6.837000 117.240000  1 0.2700 139.710000 27.82771 8.00826 44.01913 -103.880 220.450 132.500 6.922e+10 1.366e+11 -1.200e+11 0.04931 394300 394300 679460 5660 83 394294 394368 6.83716 285990000000 314590000000 276460000000 276460000000 152530000000 7.6477 0 0.03794 0.63858 0.41784 -1.58979 -7.10301 15.2349 0.49526 0.29461 -2.59158 -5.19339 15.2562 0.4553 546900000000 104900000000
 0.9400   629574 0.9500   637882      1       -1       -1       -1  0 3.24133e+11 2.86000e+11 138.184000 7.059000 116.490000  1 0.2700 139.060000 27.84011 7.98548 44.00436 -102.200 210.150 130.740 6.945e+10 1.347e+11 -1.203e+11 0.04889 394301 394301 679460 6011 82 394294 394368 7.05867 285990000000 314590000000 276460000000 276460000000 123930000000 7.43217 0 0.03785 0.47693 0.30138 -2.53975 -10.1327 16.46 0.37321 0.21051 -2.88542 -9.45925 17.5312 0.4544 547300000000 104900000000
 0.9300   621250 0.9400   629574      1       -1       -1       -1  0 3.24133e+11 2.86000e+11 138.747000 6.871000 115.640000  1 0.2700 140.760000 27.84863 7.96204 43.98693 -100.470 200.080 129.070 6.955e+10 1.327e+11 -1.199e+11 0.04864 394302 394302 679460 5013 81 394294 394368 6.8706 285990000000 314590000000 276460000000 276460000000 142990000000 7.26347 0 0.03766 0.62034 0.43413 -1.38101 -10.2012 17.1483 0.57024 0.35849 -1.29312 -11.0537 17.1061 0.4498 536000000000 104900000000
 0.9200   612903 0.9300   621250      1       -1       -1       -1  0 3.24133e+11 2.86000e+11 139.309000 5.991000 115.070000  1 0.2700 147.110000 27.86046 7.93914 43.97056 -98.670 190.230 127.470 6.958e+10 1.305e+11 -1.191e+11 0.04902 394303 394303 679460 5694 80 394294 394368 5.99115 285990000000 314590000000 276460000000 257390000000 190660000000 7.03319 0 0.03739 0.84605 0.44795 -2.51972 -5.52339 14.9505 0.83579 0.38102 -1.44612 -8.82276 13.5331 0.4392 550000000000 114400000000
 0.9100   604537 0.9200   612903      1       -1       -1       -1  0 3.24133e+11 2.86000e+11 139.869000 5.705000 110.820000  1 0.2700 149.950000 27.87256 7.91739 43.94833 -96.760 180.580 125.910 6.976e+10 1.283e+11 -1.181e+11 0.04903 394304 394304 679460 5060 79 394294 394368 5.70513 285990000000 314590000000 276460000000 257390000000 190660000000 6.32162 0 0.03711 0.85066 0.45082 -6.336 -0.49017 16.3195 0.9033 0.35873 -2.00862 -9.66619 13.5779 0.4162 555700000000 104900000000
 0.9000   596161 0.9100   604537      1       -1       -1       -1  0 3.24133e+11 2.86000e+11 140.428000 6.417000 107.230000  1 0.2700 145.540000 27.88516 7.89269 43.93063 -94.710 171.090 124.350 7.033e+10 1.260e+11 -1.173e+11 0.04818 394305 394305 679460 5062 78 394294 394368 6.41727 285990000000 324120000000 276460000000 257390000000 190660000000 6.31659 0 0.03688 0.8272 0.45843 -5.50301 -7.23958 15.4568 0.91298 0.26419 -4.56442 -8.68299 13.3285 0.4045 531900000000 76260000000
 0.8900   587748 0.9000   596161      1       -1       -1       -1  0 3.24133e+11 2.95500e+11 142.535000 6.969000 106.710000  1 0.2700 144.830000 27.89286 7.87263 43.91469 -93.480 159.870 120.280 1.430e+11 6.756e+10 -1.024e+11 0.04544 394306 394306 679460 5087 77 394294 394368 6.96941 295520000000 324120000000 266920000000 247860000000 152530000000 10.2554 0 0.0355 0.77868 0.44022 4.68803 -9.28588 14.1035 0.63183 0.29082 6.92126 -9.08389 12.1241 0.4057 478800000000 104900000000
 0.8800   579359 0.8900   587748      1       -1       -1       -1  0 3.24133e+11 2.95500e+11 143.097000 7.407000 105.160000  1 0.2700 143.040000 27.90467 7.84791 43.90372 -91.360 150.340 118.840 1.423e+11 6.503e+10 -1.020e+11 0.04630 394307 394307 679460 5074 76 394294 394368 7.40732 295520000000 324120000000 276460000000 238320000000 152530000000 8.33556 0 0.03533 0.64253 0.44484 1.46868 -6.62955 15.6614 0.67687 0.30875 5.52106 -5.03416 12.4753 0.3867 469000000000 104900000000
 0.8700   570893 0.8800   579359      1       -1       -1       -1  0 3.24133e+11 3.14600e+11 146.682000 8.391000 100.240000  1 0.2700 142.600000 27.91829 7.83516 43.88502 -91.770 142.580 115.310 1.867e+11 1.503e+11 -5.990e+10 0.05297 394308 394308 679460 5144 75 394294 394368 8.39109 314590000000 324120000000 276460000000 228790000000 142990000000 8.02806 0 0.04226 0.59799 0.46363 -3.81351 -6.39282 16.2383 0.71654 0.4603 -2.6695 -6.39219 12.8787 0.3726 435100000000 104900000000
 0.8600   562433 0.8700   570893      1       -1       -1       -1  0 3.24133e+11 3.05100e+11 145.749000 9.119000 98.470000  1 0.2700 138.310000 27.92517 7.79871 43.87842 -88.500 133.640 114.920 2.292e+11 1.698e+11 -3.075e+10 0.06289 394309 394309 679460 5860 74 394294 394368 9.11919 305060000000 333650000000 266920000000 228790000000 123930000000 17.0664 3.59 0.05185 0.35704 0.28851 -11.1604 -9.223 20.2363 0.46019 0.36377 -9.8456 -8.3223 13.6583 0.3821 464900000000 114400000000
 0.8500   553992 0.8600   562433      1       -1       -1       -1  0 3.24133e+11 3.05100e+11 146.311000 8.746000 95.390000  1 0.2700 140.560000 27.94516 7.77971 43.84897 -84.870 124.750 109.010 2.374e+11 1.559e+11 -2.751e+10 0.06416 394310 394310 679460 5238 73 394294 394368 8.7458 305060000000 333650000000 295520000000 209730000000 133460000000 12.0216 2.74 0.05178 0.41332 0.27732 -9.67186 -10.4632 20.7731 0.38772 0.26047 2.00358 13.6799 -11.7904 0.3562 398700000000 123900000000
 0.8400   545485 0.8500   553992      1       -1       -1       -1  0 3.24133e+11 3.24100e+11 149.869000 12.508000 88.000000  1 0.2700 132.240000 27.95152 7.76070 43.84564 -87.330 114.920 110.000 2.373e+11 2.251e+11 -1.460e+10 0.06492 394311 394311 679460 5275 72 394294 394368 12.5085 324120000000 324120000000 266920000000 238320000000 114400000000 12.9096 0 0.05392 0.39925 0.34602 -8.09372 -5.81751 17.4077 0.50069 0.39858 -5.07993 -7.12775 13.2427 0.3204 382100000000 133500000000
 0.8300   536965 0.8400   545485      1       -1       -1       -1  0 3.24133e+11 3.24100e+11 150.438000 14.752000 82.150000  1 0.2700 127.900000 27.96056 7.74441 43.83173 -85.160 107.760 105.890 2.278e+11 2.182e+11 -5.055e+10 0.06322 394312 394312 679460 5267 71 394294 394368 14.7524 324120000000 324120000000 257390000000 238320000000 95330000000 14.0166 0 0.05282 0.52918 0.44787 -13.5706 -7.5493 29.0853 0.73091 0.27479 -11.7535 -7.24784 22.6321 0.2894 397300000000 162100000000
 0.8200   528368 0.8300   536965      1       -1       -1       -1  0 3.24133e+11 3.14600e+11 149.509000 12.217000 80.780000  1 0.2700 132.690000 27.97336 7.72570 43.81772 -83.770 98.420 103.900 2.373e+11 2.025e+11 -4.957e+10 0.06645 394313 394313 679460 4256 70 394294 394368 12.2167 314590000000 333650000000 285990000000 238320000000 47665000000 15.0063 0 0.05513 0.60703 0.50021 -16.7264 -2.14286 23.8699 0.57571 0.49421 -14.8094 0.94061 21.3523 0.28 420000000000 123900000000
 0.8100   519724 0.8200   528368      1       -1       -1       -1  0 3.24133e+11 3.14600e+11 150.067000 13.173000 82.510000  1 0.2700 131.000000 27.98914 7.71298 43.79881 -81.840 87.190 98.830 1.869e+11 1.837e+11 -6.056e+10 0.05791 394314 394314 679460 5314 69 394294 394368 13.1731 324120000000 333650000000 305060000000 257390000000 66731000000 11.7996 0 0.04714 0.68481 0.53903 17.2529 -2.55478 -15.9776 0.45416 0.25673 16.0355 -3.38671 -12.0676 0.2772 407900000000 143000000000
 0.8000   511039 0.8100   519724      1       -1       -1       -1  0 3.24133e+11 3.24100e+11 152.129000 14.428000 88.200000  1 0.2700 130.530000 28.00994 7.70100 43.77411 -82.040 77.860 96.330 2.199e+11 2.219e+11 -5.162e+10 0.06576 394315 394315 679460 4372 68 394294 394368 14.428 333650000000 343190000000 305060000000 276460000000 85797000000 11.0355 0 0.05303 0.82519 0.7957 11.9855 6.51957 -6.34713 0.80708 0.67229 -1.78676 -9.26459 9.74917 0.2964 396500000000 162100000000
 0.7900   502393 0.8000   511039      1       -1       -1       -1  0 3.24133e+11 3.05100e+11 149.632000 10.161000 95.960000  1 0.2700 139.390000 28.01793 7.69006 43.75843 -80.530 66.690 91.050 1.995e+11 1.582e+11 -5.349e+10 0.06263 394316 394316 679460 5344 67 394294 394368 10.1612 324120000000 343190000000 314590000000 266920000000 123930000000 8.00807 0 0.04843 0.82781 0.63768 -13.3815 -8.05638 11.9134 0.83928 0.40671 -4.96823 -8.98026 16.2434 0.3207 439700000000 123900000000
 0.7800   493754 0.7900   502393      1       -1       -1       -1  0 3.24133e+11 3.05100e+11 150.176000 7.440000 104.920000  1 0.2700 152.560000 28.03788 7.68328 43.74179 -79.920 57.760 85.720 1.943e+11 1.565e+11 -4.980e+10 0.06334 394317 394317 679460 4306 66 394294 394368 7.43984 305060000000 352720000000 305060000000 266920000000 171590000000 10.6868 0 0.04758 0.8283 0.53849 12.0843 7.9751 -7.99672 0.94127 0.49257 -8.58945 -7.61916 10.1124 0.3469 471400000000 85800000000
 0.7700   485070 0.7800   493754      1       -1       -1       -1  0 3.24133e+11 3.14600e+11 152.270000 4.872000 117.230000  1 0.2700 176.450000 28.04365 7.67778 43.72589 -77.290 50.420 79.100 1.735e+11 1.764e+11 -5.753e+10 0.06530 394318 394318 679460 5395 65 394294 394368 4.87217 324120000000 352720000000 314590000000 266920000000 171590000000 6.65215 0 0.04533 0.73732 0.45193 11.391 9.07658 -7.64628 0.77816 0.35674 -7.05547 -7.80219 10.9881 0.3566 578400000000 143000000000
 0.7600   476364 0.7700   485070      1       -1       -1       -1  0 3.24133e+11 3.14600e+11 152.813000 7.153000 113.790000  1 0.2700 158.130000 28.05500 7.66838 43.71372 -76.030 43.530 73.260 1.703e+11 1.719e+11 -5.671e+10 0.06247 394319 394319 679460 5371 64 394294 394368 7.1533 324120000000 343190000000 314590000000 285990000000 190660000000 6.88382 0 0.04457 0.69414 0.47731 -7.38882 -7.19102 11.7526 0.55973 0.35837 -5.88187 -5.71053 13.6105 0.3562 516200000000 114400000000
 0.7500   467624 0.7600   476364      1       -1       -1       -1  0 3.24133e+11 3.14600e+11 153.352000 10.103000 98.550000  1 0.2700 144.640000 28.06461 7.65906 43.70425 -74.370 37.750 67.480 1.684e+11 1.641e+11 -5.613e+10 0.05710 394320 394320 679460 5382 63 394294 394368 10.1028 333650000000 343190000000 305060000000 276460000000 114400000000 11.0261 0 0.04356 0.62125 0.54822 14.4925 12.1219 -9.94495 0.67969 0.52881 12.1293 10.3925 -9.89864 0.3222 458800000000 114400000000
 0.7400   458816 0.7500   467624      1       -1       -1       -1  0 3.24133e+11 3.14600e+11 153.888000 10.007000 91.680000  1 0.2700 145.860000 28.07775 7.65141 43.69176 -72.510 32.540 61.830 1.662e+11 1.561e+11 -5.665e+10 0.05404 394321 394321 679460 5406 62 394294 394368 10.0074 324120000000 333650000000 324120000000 285990000000 85797000000 12.8716 0 0.04255 0.75432 0.49653 17.3546 17.151 -8.12395 0.69988 0.3608 15.326 18.5641 -5.92948 0.3042 458000000000 85800000000
 0.7300   449990 0.7400   458816      1       -1       -1       -1  0 3.24133e+11 3.24100e+11 155.964000 10.343000 90.510000  1 0.2700 147.310000 28.09925 7.64660 43.67604 -69.480 29.200 54.480 1.830e+11 1.279e+11 -5.892e+10 0.05069 394322 394322 679460 4357 61 394294 394368 10.3427 333650000000 333650000000 314590000000 257390000000 123930000000 6.96136 0 0.03998 0.73102 0.47069 13.255 18.5871 -16.2715 0.63574 0.31289 15.6639 17.5986 -11.3867 0.2933 433700000000 123900000000
 0.7200   441140 0.7300   449990      1       -1       -1       -1  0 3.24133e+11 3.24100e+11 156.497000 12.200000 90.650000  1 0.2700 142.120000 28.10969 7.64076 43.66072 -70.220 26.270 49.220 1.870e+11 1.433e+10 -8.795e+10 0.04618 394323 394323 679460 5464 60 394294 394368 12.1998 343190000000 343190000000 314590000000 238320000000 95330000000 15.6604 2.12 0.03606 0.5166 0.3186 -9.28234 -9.12311 15.5817 0.39982 0.13406 14.5547 7.33255 -11.6085 0.2867 417100000000 152500000000
 0.7100   432226 0.7200   441140      1       -1       -1       -1  0 3.24133e+11 3.14600e+11 155.471000 11.834000 87.330000  1 0.2700 142.300000 28.13085 7.63933 43.64068 -65.300 24.250 45.770 1.841e+11 -1.172e+10 -7.231e+10 0.04582 394324 394324 679460 1102 59 394294 394368 11.8344 343190000000 343190000000 314590000000 247860000000 76264000000 7.76958 2.64 0.03644 0.57285 0.28726 -15.3003 -10.8159 25.2884 0.59263 0.22305 18.689 15.68 -13.6352 0.2807 405700000000 133500000000
 0.7000   423245 0.7100   432226      1       -1       -1       -1  0 3.20967e+11 3.33700e+11 159.080000 15.821000 89.070000  1 0.2700 136.970000 28.15020 7.63289 43.64839 -61.360 21.400 39.360 1.543e+11 -7.376e+10 -8.096e+10 0.03780 394325 394325 679460 1103 58 394294 394368 15.8215 343190000000 352720000000 314590000000 257390000000 114400000000 13.0254 9.24 0.03172 0.64103 0.31178 -9.6686 -9.29741 28.8719 0.52816 0.12938 20.5035 8.81953 -14.9338 0.2976 376700000000 171600000000
 0.6900   414240 0.7000   423245      1       -1       -1       -1  0 3.17800e+11 3.14600e+11 156.506000 10.317000 91.500000  1 0.2700 149.250000 28.16561 7.64790 43.62820 -64.280 24.180 34.950 1.026e+11 -1.203e+11 -7.714e+10 0.04007 394326 394326 679460 2208 57 394294 394368 10.3168 314590000000 333650000000 305060000000 219260000000 133460000000 17.5182 4.42 0.03272 0.89116 0.41563 -6.91106 -10.1601 24.1521 0.64108 0.27598 -9.92673 -15.1819 20.4545 0.3011 413600000000 114400000000
 0.6800   405226 0.6900   414240      1       -1       -1       -1  0 3.14600e+11 3.05100e+11 155.414000 11.017000 94.080000  1 0.2700 145.800000 28.17776 7.63043 43.59702 -67.100 25.050 31.710 1.207e+11 -1.392e+11 -5.926e+10 0.04717 394327 394327 679460 1114 56 394294 394368 11.017 305060000000 352720000000 305060000000 238320000000 123930000000 20.7546 0 0.03809 0.66705 0.49044 -12.3974 -8.86133 25.9985 0.61446 0.39217 -9.54482 -14.7392 21.8178 0.3114 395700000000 123900000000
 0.6700   396237 0.6800   405226      1       -1       -1       -1  0 3.14600e+11 3.05100e+11 155.914000 12.318000 93.990000  1 0.2700 142.730000 28.20172 7.63272 43.59264 -66.710 23.300 27.550 8.254e+10 -1.117e+11 -5.723e+10 0.03727 394328 394328 679460 1 55 394294 394368 12.3177 333650000000 352720000000 285990000000 238320000000 85797000000 21.1413 1.46 0.02974 0.73793 0.5448 12.2667 8.77629 -10.4224 0.60519 0.5139 -11.1246 -8.83537 12.9504 0.305 366800000000 143000000000
 0.6600   387300 0.6700   396237      1       -1       -1       -1  0 3.14600e+11 2.86000e+11 153.080000 9.357000 78.540000  1 0.2700 150.090000 28.21343 7.62039 43.58494 -53.140 20.070 21.150 1.257e+11 -2.702e+10 -3.883e+10 0.03843 394329 394329 679460 1096 54 394294 394368 9.35706 324120000000 333650000000 295520000000 238320000000 142990000000 16.7861 0 0.02979 0.74968 0.52572 -11.3435 -17.9733 15.0026 0.5965 0.27963 6.64314 20.2645 -12.8055 0.2316 352600000000 123900000000
 0.6500   378261 0.6600   387300      1       -1       -1       -1  0 3.14600e+11 2.76500e+11 151.834000 11.897000 72.730000  1 0.2700 140.070000 28.24089 7.61948 43.58182 -54.030 20.700 17.130 1.307e+11 -3.994e+10 -2.388e+10 0.04119 394330 394330 679460 1139 53 394294 394368 11.897 295520000000 324120000000 285990000000 228790000000 76264000000 22.9039 0 0.03275 0.8994 0.49325 9.14193 -0.7866 23.6117 0.629 0.32654 12.9913 -5.95077 20.6205 0.2158 317200000000 123900000000
 0.6400   369184 0.6500   378261      1       -1       -1       -1  0 3.14600e+11 2.86000e+11 154.034000 17.712000 66.450000  1 0.2700 130.630000 28.22997 7.59661 43.58518 -54.880 22.010 15.470 1.146e+11 -2.786e+10 -3.508e+10 0.03393 394331 394331 679460 1307 52 394294 394368 17.7123 305060000000 314590000000 285990000000 219260000000 57198000000 12.5784 0 0.02762 0.65656 0.26786 -16.416 -16.3533 24.7696 0.55068 0.21657 19.991 15.384 -12.4802 0.189 299000000000 171600000000
 0.6300   360067 0.6400   369184      1       -1       -1       -1  0 3.14600e+11 2.86000e+11 154.503000 22.232000 66.820000  1 0.2700 125.850000 28.26505 7.60792 43.55276 -52.060 23.670 12.650 1.328e+11 -7.669e+10 -1.033e+10 0.04188 394332 394332 679460 2823 51 394294 394368 22.2316 285990000000 295520000000 266920000000 200190000000 57198000000 31.723 1.9 0.03472 0.69464 0.15221 20.3513 14.6138 3.8413 0.48121 0.13263 17.6335 6.56467 11.561 0.1933 270000000000 181100000000
 0.6200   350956 0.6300   360067      1       -1       -1       -1  0 3.14600e+11 3.24100e+11 161.569000 65.722000 82.690000  1 0.2700 118.150000 28.34833 7.52982 43.59926 -53.470 26.740 12.820 -1.187e+11 -6.953e+10 -4.821e+10 0.02045 394333 394333 679460 1732 50 394294 394368 65.7221 324120000000 352720000000 0 0 0 70.4122 5.56 0.02692 0.10738 0 -53.4649 66.0872 -30.3525 0 0 0 0 0 0.4664 297800000000 400400000000
 0.6100   341823 0.6200   350956      1       -1       -1       -1  0 3.14600e+11 3.05100e+11 158.804000 21.081000 63.440000  1 0.2700 132.260000 28.28191 7.57686 43.57724 -52.010 20.250 8.380 9.637e+10 -8.654e+10 2.156e+09 0.03176 394334 394334 679460 1788 49 394294 394368 21.0805 305060000000 314590000000 295520000000 162060000000 0 8.79528 0 0.02663 0.44951 0.11695 -6.89072 -17.4146 52.6496 0.69521 0.49404 -2.45764 -12.5764 32.5688 0.1673 327400000000 152500000000
 0.6000   332674 0.6100   341823      1       -1       -1       -1  0 3.14600e+11 3.14600e+11 160.907000 22.653000 67.670000  1 0.2700 133.070000 28.30097 7.57863 43.55157 -48.190 18.130 7.010 1.201e+11 -9.684e+10 -1.960e+10 0.03787 394335 394335 679460 2821 48 394294 394368 22.6529 314590000000 314590000000 305060000000 219260000000 76264000000 10.6232 0 0.03058 0.65835 0.42715 -7.36472 -12.7355 26.6345 0.43442 0.31491 -8.42556 -9.53848 22.8649 0.1666 310800000000 200200000000
 0.5900   323503 0.6000   332674      1       -1       -1       -1  0 3.14600e+11 3.14600e+11 161.367000 14.784000 75.570000  1 0.2700 146.550000 28.31678 7.57750 43.55002 -47.060 18.900 7.680 9.202e+10 -1.001e+11 -2.644e+10 0.03548 394336 394336 679460 3013 47 394294 394368 14.7839 314590000000 314590000000 295520000000 228790000000 85797000000 12.1801 0 0.02744 0.77366 0.36752 4.80396 -1.34683 20.908 0.53637 0.15474 7.17148 10.4117 14.866 0.184 327800000000 133500000000
 0.5800   314259 0.5900   323503      1       -1       -1       -1  0 3.14600e+11 3.05100e+11 160.168000 11.615000 82.810000  1 0.2700 154.620000 28.33228 7.56973 43.53638 -45.530 18.580 5.820 9.993e+10 -7.076e+10 -1.514e+10 0.03489 394337 394337 679460 1877 46 394294 394368 11.6145 305060000000 305060000000 295520000000 247860000000 152530000000 18.1506 0 0.0259 0.56955 0.27099 15.7795 13.4475 14.0491 0.49306 0.25382 16.4942 13.6525 8.67397 0.203 373600000000 143000000000
 0.5700   305018 0.5800   314259      1       -1       -1       -1  0 3.14600e+11 3.05100e+11 160.610000 12.292000 85.450000  1 0.2700 153.660000 28.34694 7.55516 43.56798 -47.130 17.370 6.420 8.407e+10 -8.729e+10 -1.891e+10 0.03356 394338 394338 679460 1889 45 394294 394368 12.2922 305060000000 314590000000 305060000000 276460000000 57198000000 10.5185 0 0.02594 0.53963 0.42975 5.74861 -4.74706 37.3999 0.17285 0.06349 15.4501 2.84363 30.1117 0.227 403700000000 104900000000
 0.5600   295760 0.5700   305018      1       -1       -1       -1  0 3.14600e+11 3.14600e+11 162.705000 14.426000 81.580000  1 0.2700 150.950000 28.36437 7.55489 43.56002 -45.680 17.230 6.050 9.158e+10 -1.007e+11 -2.837e+10 0.03754 394339 394339 679460 1839 44 394294 394368 14.426 314590000000 314590000000 314590000000 285990000000 123930000000 8.06822 0 0.02815 0.77015 0.64195 2.82995 -3.3521 28.4699 0.67016 0.46394 3.45097 1.62669 28.0678 0.1977 389500000000 143000000000
 0.5500   286500 0.5600   295760      1       -1       -1       -1  0 3.14600e+11 3.14600e+11 163.136000 13.825000 75.870000  1 0.2700 153.750000 28.37770 7.54416 43.55298 -45.080 16.480 5.790 9.046e+10 -9.978e+10 -2.788e+10 0.03685 394340 394340 679460 1853 43 394294 394368 13.8247 314590000000 314590000000 314590000000 305060000000 28599000000 3.30147 0 0.02806 0.91611 0.684 5.29732 8.63492 28.8924 0.97641 0.59491 0.63641 7.16931 29.1486 0.1799 411300000000 152500000000
 0.5400   277273 0.5500   286500      1       -1       -1       -1  0 3.14600e+11 3.14600e+11 163.560000 14.929000 73.980000  1 0.2700 152.290000 28.40090 7.54035 43.55912 -49.080 12.920 7.200 7.407e+10 -4.828e+10 1.570e+10 0.02358 394341 394341 679460 1837 42 394294 394368 14.9289 314590000000 314590000000 314590000000 295520000000 0 11.4678 0 0.01846 0.71392 0.62473 20.6926 13.1217 30.2026 0.66467 0.43787 13.3502 4.33298 35.9842 0.1778 389100000000 104900000000
 0.5300   268028 0.5400   277273      1       -1       -1       -1  0 3.11433e+11 3.14600e+11 163.976000 16.819000 76.050000  1 0.2700 149.530000 28.40379 7.54683 43.55149 -48.620 12.530 7.120 7.103e+10 -4.532e+10 1.586e+10 0.02275 394342 394342 679460 1848 41 394294 394368 16.8193 314590000000 314590000000 305060000000 257390000000 123930000000 17.5447 0 0.01777 0.31509 0.22517 5.71808 21.0945 32.2182 0.34387 0.22074 5.5587 20.1842 24.6242 0.1844 354100000000 152500000000
 0.5200   258790 0.5300   268028      1       -1       -1       -1  0 3.11433e+11 2.95500e+11 160.993000 13.344000 72.100000  1 0.2700 155.100000 28.42539 7.52599 43.53019 -47.120 13.390 10.440 1.039e+11 -5.037e+10 1.518e+10 0.03637 394343 394343 679460 1835 40 394294 394368 13.3442 295520000000 295520000000 295520000000 247860000000 114400000000 9.38497 0 0.02702 0.60205 0.49145 15.2484 10.5021 26.3447 0.66948 0.52788 8.58046 9.91624 25.5276 0.1582 334100000000 123900000000
 0.5100   249499 0.5200   258790      1       -1       -1       -1  0 3.11433e+11 2.95500e+11 161.385000 15.026000 70.080000  1 0.2700 152.200000 28.43154 7.50519 43.53300 -44.640 11.550 6.020 9.281e+10 -4.174e+10 4.557e+10 0.03297 394344 394344 679460 8334 39 394294 394368 15.0263 295520000000 295520000000 276460000000 257390000000 38132000000 20.7165 1.5 0.02608 0.76122 0.33638 13.2388 18.6163 -11.5959 0.56005 0.10429 18.6259 21.745 -6.56192 0.1652 343700000000 123900000000
 0.5000   240324 0.5100   249499      1       -1       -1       -1  0 3.11433e+11 2.86000e+11 160.009000 15.281000 66.260000  1 0.2700 150.980000 28.45958 7.50747 43.52231 -45.460 9.950 4.850 1.056e+11 -3.630e+10 1.523e+10 0.03584 394345 394345 679460 1732 38 394294 394368 15.2809 285990000000 285990000000 285990000000 247860000000 19066000000 6.67494 0 0.0281 0.65991 0.47657 -3.23538 -16.9634 26.3146 0.13528 0.09317 4.91918 -34.0175 35.4033 0.1505 322100000000 123900000000
 0.4900   231137 0.5000   240324      1       -1       -1       -1  0 3.11433e+11 2.95500e+11 162.142000 22.173000 62.470000  1 0.2700 142.940000 28.48788 7.50080 43.51971 -46.050 9.780 4.010 9.213e+10 -4.094e+10 3.403e+10 0.03126 394346 394346 679460 2838 37 394294 394368 22.1726 295520000000 305060000000 285990000000 228790000000 66731000000 6.19661 0 0.02533 0.67214 0.60835 -20.347 -11.8474 27.0032 0.61612 0.37413 24.1423 16.5041 -11.7972 0.1409 288500000000 190700000000
 0.4800   221982 0.4900   231137      1       -1       -1       -1  0 3.11433e+11 3.33700e+11 169.216000 35.202000 64.430000  1 0.2700 140.420000 28.51078 7.49937 43.51741 -46.880 12.910 2.050 1.311e+10 3.200e+10 1.406e+11 0.03258 394347 394347 679460 1750 36 394294 394368 35.2023 333650000000 333650000000 295520000000 181130000000 0 16.9207 2.96 0.02842 0.42849 0.25671 -22.7144 8.94581 40.8337 0.39818 0.00888 -12.5812 21.3333 19.6489 0.1548 296600000000 286000000000
 0.4700   212843 0.4800   221982      1       -1       -1       -1  0 2.73300e+11 3.05100e+11 164.597000 41.512000 64.370000  1 0.2700 134.500000 28.52878 7.51138 43.56900 -50.060 12.780 4.210 2.737e+10 -2.160e+10 1.849e+11 0.04624 394348 394348 679460 2825 35 394294 394368 41.5118 305060000000 305060000000 276460000000 85797000000 28599000000 35.9954 3.11 0.0433 0.37613 0.15784 -16.9386 -15.5579 31.6569 0.12447 0.08903 -8.87939 -14.7694 16.175 0.1807 278400000000 305100000000
 0.4600   203718 0.4700   212843      1       -1       -1       -1  0 2.60567e+11 1.81100e+11 138.638000 19.192000 52.560000  1 0.2700 124.620000 28.58803 7.48028 43.45461 -44.780 18.370 10.560 2.111e+10 -5.315e+09 4.098e+10 0.02938 394349 394349 679460 1730 34 394294 394368 19.1916 181130000000 181130000000 162060000000 133460000000 19066000000 24.2138 3.41 0.0257 0.57973 0.41885 13.8382 25.2533 -0.42534 0.28458 0.06884 19.4382 14.1948 6.28153 0.1463 220800000000 114400000000
 0.4500   194668 0.4600   203718      1       -1       -1       -1  0 2.60567e+11 1.52500e+11 131.191000 15.989000 49.450000  1 0.2700 121.820000 28.61027 7.47825 43.44279 -46.560 14.010 9.180 3.652e+10 1.385e+10 2.385e+10 0.04031 394350 394350 679460 668 33 394294 394368 15.989 152530000000 152530000000 152530000000 133460000000 19066000000 12.4643 0 0.03409 0.47441 0.27288 11.0103 31.7487 -11.7057 0.36143 0.00928 29.7246 19.4442 5.41064 0.1322 203300000000 85800000000
 0.4400   185598 0.4500   194668      1       -1       -1       -1  0 2.60567e+11 1.62100e+11 134.138000 18.686000 50.920000  1 0.2700 122.390000 28.63176 7.46783 43.44631 -44.610 9.560 6.800 3.252e+10 2.840e+10 3.405e+10 0.04395 394351 394351 679460 661 32 394294 394368 18.6862 162060000000 162060000000 152530000000 85797000000 28599000000 8.50706 3.79 0.0374 0.9365 0.40323 14.5379 17.754 -17.8185 0.10771 0.00077 27.8836 13.4474 -5.03292 0.1358 195300000000 85800000000
 0.4300   176578 0.4400   185598      1       -1       -1       -1  0 2.60567e+11 1.71600e+11 136.984000 14.005000 50.250000  1 0.2700 134.240000 28.65350 7.45893 43.44743 -42.590 9.040 4.940 4.783e+10 3.909e+10 4.190e+10 0.05555 394352 394352 679460 1743 31 394294 394368 14.0051 171590000000 171590000000 162060000000 66731000000 66731000000 7.77454 0 0.04665 0.61658 0.23324 3.22495 -12.0807 19.6899 0.53184 0.39178 12.0543 2.8254 9.08282 0.1245 183900000000 66730000000
 0.4200   167611 0.4300   176578      1       -1       -1       -1  0 2.60567e+11 1.52500e+11 131.957000 15.180000 48.340000  1 0.2700 127.220000 28.67375 7.44133 43.45120 -38.940 3.510 -0.850 2.226e+10 3.092e+10 2.535e+10 0.04200 394353 394353 679460 1734 30 394294 394368 15.1803 152530000000 152530000000 133460000000 104860000000 47665000000 14.3745 0 0.03519 0.85484 0.21178 12.4848 18.8388 -14.7889 0.56142 0.15793 11.8085 24.4979 8.08823 0.1189 188100000000 85800000000
 0.4100   158730 0.4200   167611      1       -1       -1       -1  0 2.60567e+11 2.38300e+11 153.401000 34.599000 47.710000  1 0.2700 133.500000 28.70697 7.48028 43.51702 -44.310 2.360 8.370 2.004e+10 4.013e+10 3.367e+10 0.02181 394354 394354 679460 1727 29 394294 394368 34.599 238320000000 238320000000 238320000000 9533000000 0 13.6259 0 0.02073 0.68327 0.48683 9.47877 43.1459 64.1165 0 0 0 0 0 0.1104 219100000000 209700000000
 0.4000   149932 0.4100   158730      1       -1       -1       -1  0 2.60567e+11 2.19300e+11 149.457000 49.924000 50.260000  1 0.2700 126.800000 28.71407 7.44578 43.45561 -38.730 12.460 6.370 3.739e+10 2.279e+09 1.616e+10 0.01990 394355 394355 679460 1686 28 394294 394368 49.9238 219260000000 219260000000 162060000000 114400000000 0 12.0463 0 0.01752 0.91673 0.24636 -21.9238 -14.8517 22.8876 0.90862 0.33716 24.9846 14.0924 -14.5083 0.1042 194200000000 257400000000
 0.3900   141243 0.4000   149932      1       -1       -1       -1  0 2.60567e+11 2.38300e+11 153.929000 36.409000 49.890000  1 0.2700 135.890000 28.73464 7.44862 43.46165 -42.740 10.790 4.300 4.281e+10 -1.917e+10 3.489e+10 0.02507 394356 394356 679460 1696 27 394294 394368 36.4092 238320000000 219260000000 219260000000 142990000000 0 3.99011 3.02 0.02211 0.82775 0.24743 -10.4567 -12.4176 33.5709 0.58483 0.27201 -7.65958 -17.6232 34.4791 0.0995 202500000000 219300000000
 0.3800   132762 0.3900   141243      1       -1       -1       -1  0 2.60567e+11 2.66900e+11 160.114000 49.877000 47.030000  1 0.2700 139.290000 28.78080 7.48669 43.49125 -34.970 9.770 7.080 5.385e+10 1.989e+10 -1.949e+10 0.02112 394357 394357 679460 2666 26 394294 394368 49.8767 266920000000 266920000000 238320000000 85797000000 0 17.3072 0 0.01922 0.83694 0.31464 17.0516 36.8281 47.1165 0.72345 0.23188 -10.0452 22.2457 34.7431 0.0843 225800000000 276500000000
 0.3700   124257 0.3800   132762      1       -1       -1       -1  0 2.60567e+11 2.66900e+11 160.363000 32.173000 50.740000  1 0.2700 147.670000 28.80186 7.45560 43.47002 -36.590 10.150 5.430 4.339e+10 2.830e+10 -2.717e+10 0.02177 394358 394358 679460 1757 25 394294 394368 32.1729 266920000000 266920000000 257390000000 133460000000 38132000000 8.75007 0 0.01878 0.48749 0.09494 16.0715 31.5694 -4.65284 0.59266 0.06041 -1.06069 -3.91386 13.5955 0.0864 233200000000 228800000000
 0.3600   115779 0.3700   124257      1       -1       -1       -1  0 2.54233e+11 2.47900e+11 156.682000 23.951000 56.180000  1 0.2700 152.270000 28.82960 7.44680 43.46468 -34.260 10.330 4.620 7.218e+09 3.023e+10 -3.708e+10 0.02130 394359 394359 679460 1693 24 394294 394368 23.9511 247860000000 247860000000 247860000000 171590000000 0 10.8462 0 0.0178 0.41463 0.07367 23.4152 56.3384 -12.5785 0.03385 0 1.69645 57.2657 -4.32336 0.0996 241900000000 171600000000
 0.3500   107454 0.3600   115779      1       -1       -1       -1  0 2.44700e+11 2.47900e+11 156.905000 19.404000 55.200000  1 0.2700 160.540000 28.86008 7.44221 43.46558 -32.440 11.740 4.120 3.498e+10 2.730e+10 -3.518e+10 0.02612 394360 394360 679460 1658 23 394294 394368 19.4043 247860000000 247860000000 238320000000 209730000000 38132000000 15.9182 0 0.02112 0.79354 0.30883 14.0358 32.2472 15.8911 0.13908 0.00081 11.0526 36.5922 14.8066 0.0914 254900000000 133500000000
 0.3400    99302 0.3500   107454      1       -1       -1       -1  0 2.41500e+11 2.38300e+11 155.077000 21.826000 53.210000  1 0.2700 156.730000 28.88995 7.42935 43.45371 -30.730 12.190 5.570 1.868e+10 3.315e+10 -2.662e+10 0.02265 394361 394361 679460 767 22 394294 394368 21.8263 238320000000 238320000000 228790000000 190660000000 47665000000 23.1911 0 0.01874 0.81163 0.5033 1.06438 20.4704 25.782 0.36145 0.10797 7.40716 24.5318 16.8436 0.093 231100000000 133500000000
 0.3300    91396 0.3400    99302      1       -1       -1       -1  0 2.16067e+11 2.38300e+11 155.278000 24.742000 50.570000  1 0.2700 155.540000 28.90950 7.42578 43.46280 -29.830 12.650 5.350 1.738e+10 3.301e+10 -2.577e+10 0.02170 394362 394362 679460 1615 21 394294 394368 24.7418 238320000000 238320000000 200190000000 181130000000 0 5.2646 0 0.01856 0.71963 0.18132 -0.56494 4.00551 44.5484 0.73848 0.02764 32.593 -8.85069 1.83971 0.0935 214900000000 181100000000
 0.3200    83623 0.3300    91396      1       -1       -1       -1  0 1.71600e+11 1.71600e+11 139.343000 23.369000 44.300000  1 0.2700 140.290000 28.94050 7.42104 43.46575 -27.010 15.870 4.610 6.390e+09 -3.608e+09 9.205e+09 0.00954 394363 394363 679460 1541 20 394294 394368 23.3687 171590000000 171590000000 171590000000 85797000000 19066000000 19.4443 0 0.00846 0.63978 0.10499 28.749 -0.66508 26.0589 0.48616 0.08571 -15.4394 8.61126 30.329 0.0917 173700000000 85800000000
 0.3100    76095 0.3200    83623      1       -1       -1       -1  0 1.23943e+11 1.04900e+11 118.385000 15.542000 32.590000  1 0.2700 126.260000 28.97099 7.41127 43.46112 -36.370 12.950 8.470 -1.009e+10 -3.002e+09 -1.106e+09 0.02041 394364 394364 679460 678 19 394294 394368 15.5417 104860000000 95330000000 95330000000 66731000000 28599000000 22.2889 2.03 0.01754 0.65364 0.13234 18.7678 2.1822 1.07001 0.87074 0.10065 0.31257 7.44282 33.1728 0.063 152400000000 66730000000
 0.3000    68803 0.3100    76095      1       -1       -1       -1  0 8.58100e+10 9.53300e+10 114.809000 34.621000 29.040000  1 0.2700 110.900000 28.99808 7.39180 43.48459 -33.780 16.230 14.090 -2.423e+09 -4.429e+09 1.399e+09 0.00985 394365 394365 679460 1484 18 394294 394368 34.6214 95330000000 85797000000 85797000000 0 0 48.451 1.2 0.01034 0.19215 0.0608 -23.7721 3.52143 68.7044 0 0 0 0 0 0.0765 120900000000 114400000000
 0.2900    61767 0.3000    68803      1       -1       -1       -1  1 5.72000e+10 5.72000e+10 96.866000 20.514000 23.050000  1 0.2700 98.020000 29.00920 7.38646 43.47995 -33.780 16.230 14.090 -1.212e+09 -2.215e+09 6.995e+08 0.00493 394366 394366 679460 6162 17 394294 394368 27.5369 57198000000 52431500000 52431500000 9533000000 0 45.5757 0.6 0.00517 0.096075 0.0304 -11.8861 1.76072 34.3522 0 0 0 0 0 0.03825 103660000000 57200000000
 0.2800    55007 0.2900    61767      1       -1       -1       -1  0 3.17800e+10 1.90700e+10 67.276000 6.407000 0.000000  1 0.2700 80.390000 29.09358 7.40748 43.47601 -34.030 11.790 -13.600 0.000e+00 0.000e+00 0.000e+00 0.00000 394367 394367 679460 1456 16 394294 394368 6.40661 19066000000 19066000000 19066000000 19066000000 0 42.7004 0 0 0 0 0 0 0 0 0 0 0 0 0 86420000000 0
 0.2700    48590 0.2800    55007      0       -1       -1       -1  0 1.90700e+10 1.90700e+10 67.337000 8.462000 0.000000  1 0.2700 77.140000 29.12785 7.39975 43.47174 -30.950 9.850 -12.790 0.000e+00 0.000e+00 0.000e+00 0.00000 394368 394368 679460 2021 15 394294 394368 8.46229 19066000000 19066000000 19066000000 0 0 45.667 0 0 0 0 0 0 0 0 0 0 0 0 0 89660000000 0
