 1.0000   682306 0.0000       -1      1       -1       -1       -1  0 1.90700e+11 1.81100e+11 115.752000 6.534000 90.740000  1 0.6900 114.030000 55.79740 40.70057 41.25134 128.370 -88.520 109.840 3.366e+10 4.004e+10 -4.366e+10 0.02930 508506 508506 682306 7821 88 508505 508537 6.53383 181130000000 190660000000 171590000000 114400000000 76264000000 12.6626 0 0.02801 0.40381 0.20391 14.5796 -1.98111 -4.28659 0.24271 0.10264 10.6821 3.43162 -8.3111 0.5177 262300000000 76260000000
 0.9900   674202 1.0000   682306      1       -1       -1       -1  0 1.90700e+11 1.71600e+11 114.164000 8.352000 88.360000  1 0.6900 104.900000 55.80091 40.70326 41.23810 123.730 -85.860 108.960 1.623e+10 1.462e+10 -3.602e+10 0.01975 508507 508507 682306 7823 87 508505 508537 8.35237 171590000000 190660000000 171590000000 133460000000 47665000000 7.45086 0 0.01901 0.49494 0.23201 24.223 -1.21753 -7.53772 0.32904 0.06517 14.7293 5.46614 -10.8654 0.5152 254700000000 66730000000
 0.9800   665748 0.9900   674202      1       -1       -1       -1  0 1.90700e+11 1.71600e+11 114.642000 8.987000 82.090000  1 0.6900 103.420000 55.78289 40.71419 41.23717 124.820 -84.610 110.980 3.613e+10 8.499e+10 -6.683e+10 0.05385 508508 508508 682306 7862 86 508505 508537 8.98655 171590000000 190660000000 171590000000 123930000000 66731000000 8.63675 0 0.05159 0.70767 0.35137 24.4518 -1.6152 -1.83023 0.80137 0.38069 -3.22016 -12.1327 15.6502 0.4759 263400000000 76260000000
 0.9700   657334 0.9800   665748      1       -1       -1       -1  0 1.90700e+11 1.71600e+11 115.120000 8.636000 77.850000  1 0.6900 104.870000 55.76984 40.72295 41.22577 122.850 -83.700 109.340 3.548e+10 8.143e+10 -6.541e+10 0.05248 508509 508509 682306 6853 85 508505 508537 8.63629 171590000000 190660000000 171590000000 123930000000 0 8.89427 0 0.05007 0.75821 0.38021 26.0284 -5.32107 5.29381 0.41424 0.22022 8.66469 -12.7364 21.2789 0.4465 263200000000 47660000000
 0.9600   648986 0.9700   657334      1       -1       -1       -1  0 1.90700e+11 1.71600e+11 115.597000 9.760000 73.910000  1 0.6900 102.200000 55.75672 40.73183 41.21416 120.770 -82.760 107.760 3.512e+10 7.911e+10 -6.423e+10 0.05200 508510 508510 682306 7880 84 508505 508537 9.76024 171590000000 190660000000 171590000000 133460000000 0 9.095 0 0.04908 0.79134 0.42823 21.1273 -8.68312 13.8498 0.21794 0.08443 13.473 -7.99021 21.1555 0.4145 265000000000 66730000000
 0.9500   640638 0.9600   648986      1       -1       -1       -1  0 1.90700e+11 1.71600e+11 116.074000 9.578000 71.760000  1 0.6900 103.090000 55.74354 40.74085 41.20236 113.370 -82.550 104.690 3.946e+10 3.446e+10 -1.699e+10 0.02667 508511 508511 682306 7899 83 508505 508537 9.57802 171590000000 190660000000 171590000000 133460000000 38132000000 5.74245 0 0.02516 0.90927 0.55894 17.4321 -10.0472 13.6679 0.90035 0.56309 18.8861 3.14775 -10.0186 0.3972 266800000000 57200000000
 0.9400   632316 0.9500   640638      1       -1       -1       -1  0 1.90700e+11 1.71600e+11 116.549000 9.714000 70.930000  1 0.6900 103.170000 55.73030 40.75001 41.19036 110.810 -81.880 103.340 3.940e+10 3.438e+10 -1.667e+10 0.02679 508512 508512 682306 7910 82 508505 508537 9.71433 171590000000 190660000000 171590000000 123930000000 38132000000 5.95777 0 0.02515 0.9044 0.54256 7.84012 -8.27164 15.0583 0.33312 0.01264 1.03218 -4.30336 14.8067 0.3871 264500000000 38130000000
 0.9300   623974 0.9400   632316      1       -1       -1       -1  0 1.90700e+11 1.71600e+11 117.024000 9.720000 68.230000  1 0.6900 103.600000 55.71283 40.77217 41.16911 115.940 -80.780 99.810 4.854e+10 5.886e+10 -9.451e+07 0.03891 508513 508513 682306 7932 81 508505 508537 9.72031 171590000000 190660000000 171590000000 133460000000 28599000000 5.52021 0 0.03508 0.89636 0.6556 14.1134 -10.9756 -2.17448 0.85814 0.38832 13.4974 -0.95295 9.0877 0.3444 258900000000 57200000000
 0.9200   615625 0.9300   623974      1       -1       -1       -1  0 1.90700e+11 1.81100e+11 119.635000 11.567000 70.290000  1 0.6900 102.160000 55.70368 40.76870 41.16577 108.110 -79.020 100.230 3.305e+10 3.967e+10 -4.302e+10 0.03093 508514 508514 682306 7945 80 508505 508537 11.5666 181130000000 190660000000 171590000000 123930000000 38132000000 8.4007 0 0.02833 0.76387 0.50357 19.9758 -17.373 -3.80948 0.62421 0.19856 14.51 11.3975 -7.94148 0.3587 249000000000 66730000000
 0.9100   607243 0.9200   615625      1       -1       -1       -1  0 1.90700e+11 1.81100e+11 120.116000 10.816000 70.190000  1 0.6900 104.200000 55.69030 40.77825 41.15316 105.520 -77.720 98.910 3.341e+10 3.996e+10 -4.284e+10 0.03106 508515 508515 682306 7969 79 508505 508537 10.8159 181130000000 190660000000 171590000000 152530000000 19066000000 8.55461 0 0.02853 0.60642 0.45784 20.5997 -19.9226 -8.26317 0.43609 0.29714 -13.5737 17.6214 9.87316 0.357 256200000000 76260000000
 0.9000   598863 0.9100   607243      1       -1       -1       -1  0 1.90700e+11 1.81100e+11 120.596000 9.747000 70.740000  1 0.6900 107.290000 55.67688 40.78792 41.14035 102.920 -76.380 97.560 3.377e+10 4.024e+10 -4.263e+10 0.03144 508516 508516 682306 7973 78 508505 508537 9.74703 181130000000 190660000000 162060000000 162060000000 0 8.67771 0 0.02872 0.45969 0.29097 24.8736 -22.2806 -10.7274 0 0 21.595 -15.0757 -2.54822 0.3555 268700000000 47660000000
 0.8900   590448 0.9000   598863      1       -1       -1       -1  0 1.90700e+11 1.81100e+11 121.074000 8.384000 72.920000  1 0.6900 111.930000 55.66343 40.79772 41.12732 105.280 -74.600 96.020 4.419e+10 6.570e+10 4.942e+09 0.03717 508517 508517 682306 8038 77 508505 508537 8.38362 181130000000 190660000000 162060000000 162060000000 0 8.26594 0 0.0338 0.56459 0.41304 24.5543 -22.333 -5.15497 0.60907 0.45724 24.1197 -19.5894 -2.65725 0.3611 289200000000 38130000000
 0.8800   582064 0.8900   590448      1       -1       -1       -1  0 1.90700e+11 1.81100e+11 121.552000 8.050000 77.820000  1 0.6900 113.650000 55.64994 40.80764 41.11409 102.470 -73.160 94.980 4.376e+10 6.495e+10 4.213e+09 0.03647 508518 508518 682306 7997 76 508505 508537 8.04957 181130000000 190660000000 171590000000 162060000000 0 8.46025 0 0.03354 0.50605 0.27163 26.9273 -19.4448 -0.22977 0.4252 0.09814 20.9337 -15.18 5.36969 0.3956 291000000000 38130000000
 0.8700   573581 0.8800   582064      1       -1       -1       -1  0 1.90700e+11 1.81100e+11 122.027000 8.488000 81.990000  1 0.6900 112.640000 55.63644 40.81770 41.10064 99.690 -71.710 93.930 4.334e+10 6.426e+10 3.717e+09 0.03599 508519 508519 682306 7063 75 508505 508537 8.48835 181130000000 190660000000 171590000000 162060000000 28599000000 8.65391 0 0.03331 0.40873 0.25919 25.7111 -16.8481 4.34258 0.1287 0.02392 20.5268 -17.165 2.92882 0.4231 285100000000 28600000000
 0.8600   565101 0.8700   573581      1       -1       -1       -1  0 1.90700e+11 1.81100e+11 122.501000 8.908000 83.030000  1 0.6900 111.800000 55.62291 40.82787 41.08696 96.930 -70.240 92.880 4.291e+10 6.359e+10 3.432e+09 0.03667 508520 508520 682306 8112 74 508505 508537 8.90845 181130000000 190660000000 171590000000 162060000000 38132000000 8.84237 0 0.03309 0.41754 0.20406 22.0327 -13.8935 10.0009 0.40135 0.02173 19.2772 -15.1443 6.44827 0.4161 267400000000 57200000000
 0.8500   556657 0.8600   565101      1       -1       -1       -1  0 1.90700e+11 1.81100e+11 122.974000 7.847000 81.420000  1 0.6900 116.100000 55.60937 40.83817 41.07307 94.190 -68.750 91.830 4.246e+10 6.292e+10 3.328e+09 0.03805 508521 508521 682306 8088 73 508505 508537 7.84677 181130000000 190660000000 171590000000 162060000000 9533000000 9.01476 0 0.03287 0.74097 0.52792 18.074 -10.3907 9.75686 0.27335 0.05042 -3.32236 18.0068 -9.35353 0.3846 271700000000 38130000000
 0.8400   548157 0.8500   556657      1       -1       -1       -1  0 1.90700e+11 1.81100e+11 123.444000 7.081000 81.100000  1 0.6900 119.950000 55.59582 40.84858 41.05896 91.460 -67.230 90.780 4.200e+10 6.220e+10 3.297e+09 0.03879 508522 508522 682306 8149 72 508505 508537 7.08102 181130000000 190660000000 171590000000 162060000000 28599000000 9.16987 0 0.03263 0.79784 0.68727 21.0541 3.40759 7.35726 0.80666 0.60054 14.903 10.3435 11.734 0.3688 286600000000 28600000000
 0.8300   539632 0.8400   548157      1       -1       -1       -1  0 1.90700e+11 1.81100e+11 123.913000 6.114000 84.100000  1 0.6900 125.600000 55.58227 40.85910 41.04462 87.520 -65.680 87.140 4.451e+10 6.329e+10 1.904e+09 0.04027 508523 508523 682306 8156 71 508505 508537 6.11373 181130000000 190660000000 171590000000 152530000000 38132000000 9.30156 2.86 0.03376 0.85148 0.71431 11.615 13.6287 9.04932 0.66931 0.21287 8.42126 16.233 10.8798 0.3832 325700000000 28600000000
 0.8200   531036 0.8300   539632      1       -1       -1       -1  0 1.90700e+11 1.81100e+11 124.379000 6.504000 87.430000  1 0.6900 124.070000 55.57198 40.87620 41.03468 86.010 -64.130 88.690 4.113e+10 6.059e+10 3.293e+09 0.03950 508524 508524 682306 7184 70 508505 508537 6.50431 181130000000 181130000000 171590000000 152530000000 85797000000 7.93007 0 0.03211 0.93195 0.65429 0.96602 12.3442 7.93216 0.82901 0.4205 3.2288 13.7177 6.87219 0.386 306800000000 57200000000
 0.8100   522392 0.8200   531036      1       -1       -1       -1  0 1.90700e+11 1.81100e+11 124.843000 5.594000 86.120000  1 0.6900 130.220000 55.55846 40.89439 41.02506 83.350 -63.600 84.720 3.917e+10 6.313e+10 2.061e+09 0.04024 508525 508525 682306 8283 69 508505 508537 5.59449 181130000000 181130000000 171590000000 152530000000 114400000000 12.2787 3.1 0.03269 0.79149 0.54191 14.3431 2.01362 3.7667 0.9773 0.76766 2.44785 6.70478 10.4936 0.3786 317200000000 38130000000
 0.8000   513702 0.8100   522392      1       -1       -1       -1  0 1.90700e+11 1.81100e+11 125.305000 7.192000 83.160000  1 0.6900 121.970000 55.54168 40.89133 41.00024 80.580 -60.980 86.580 4.049e+10 5.891e+10 3.293e+09 0.03685 508526 508526 682306 7258 68 508505 508537 7.19176 181130000000 190660000000 171590000000 152530000000 38132000000 9.49115 0 0.03161 0.77686 0.49083 -11.1909 17.0487 9.54631 0.73793 0.09477 -10.1017 16.198 8.8901 0.3868 288700000000 38130000000
 0.7900   505054 0.8000   513702      1       -1       -1       -1  0 1.90700e+11 1.81100e+11 125.765000 9.061000 81.100000  1 0.6900 115.400000 55.52818 40.90228 40.98498 77.890 -59.390 85.540 4.021e+10 5.792e+10 3.313e+09 0.03534 508527 508527 682306 8281 67 508505 508537 9.06067 181130000000 190660000000 171590000000 162060000000 0 9.47566 0 0.03132 0.6011 0.2478 -10.1842 22.4607 11.906 0.19325 0.10516 -11.6264 25.9394 15.7077 0.3899 251900000000 66730000000
 0.7800   496408 0.7900   505054      1       -1       -1       -1  0 1.90700e+11 1.71600e+11 123.967000 9.481000 72.400000  1 0.6900 112.160000 55.50140 40.92011 40.97767 79.480 -56.150 83.910 5.456e+10 3.188e+10 3.926e+10 0.04154 508528 508528 682306 7235 66 508505 508537 9.48103 171590000000 190660000000 171590000000 162060000000 28599000000 6.05944 0 0.03629 0.4738 0.16437 24.7775 -7.13283 12.6378 0.26151 0.06246 28.4354 -7.46081 15.7382 0.3384 254400000000 47660000000
 0.7700   487732 0.7800   496408      1       -1       -1       -1  0 1.90700e+11 1.90700e+11 128.861000 11.765000 65.480000  1 0.6900 111.850000 55.50129 40.92442 40.95374 73.970 -58.160 83.670 2.896e+10 4.532e+10 -2.812e+10 0.02816 508529 508529 682306 8333 65 508505 508537 11.7649 190660000000 190660000000 171590000000 162060000000 19066000000 6.53637 0 0.02495 0.75617 0.48448 23.0027 -11.834 4.86829 0.33351 0.02015 17.8648 -8.50906 1.53095 0.2865 249800000000 76260000000
 0.7600   479031 0.7700   487732      1       -1       -1       -1  0 1.90700e+11 1.90700e+11 129.320000 14.807000 62.690000  1 0.6900 106.920000 55.48791 40.93562 40.93776 71.610 -56.460 82.540 2.883e+10 4.465e+10 -2.760e+10 0.02794 508530 508530 682306 8329 64 508505 508537 14.8072 190660000000 190660000000 181130000000 152530000000 0 6.3878 0 0.02474 0.84582 0.63553 -20.5689 20.4085 -2.74803 0.73346 0.01558 24.2023 -17.8646 1.3419 0.2672 220900000000 104900000000
 0.7500   470301 0.7600   479031      1       -1       -1       -1  0 1.87500e+11 1.90700e+11 129.776000 14.264000 62.570000  1 0.6900 108.370000 55.46976 40.94650 40.93314 65.450 -53.560 80.780 2.072e+10 5.517e+10 -8.550e+10 0.04844 508531 508531 682306 8392 63 508505 508537 14.2636 190660000000 190660000000 162060000000 133460000000 0 12.8967 0 0.04311 0.87009 0.74364 -3.67032 21.5969 18.9676 0 0 24.7765 14.4005 31.0974 0.2621 204100000000 114400000000
 0.7400   461490 0.7500   470301      1       -1       -1       -1  0 1.84300e+11 1.81100e+11 128.022000 13.413000 61.950000  1 0.6900 108.170000 55.45852 40.95588 40.91138 66.060 -50.060 79.410 3.592e+10 4.189e+10 -3.831e+10 0.03482 508532 508532 682306 8381 62 508505 508537 13.4133 181130000000 190660000000 171590000000 133460000000 9533000000 4.81582 0 0.03053 0.85851 0.66173 9.94495 18.8817 10.9322 0.28484 0.10614 -3.27042 28.1945 6.84161 0.2578 199900000000 104900000000
 0.7300   452663 0.7400   461490      1       -1       -1       -1  0 1.81100e+11 1.81100e+11 128.464000 15.744000 61.330000  1 0.6900 105.210000 55.44845 40.96730 40.88937 58.950 -52.960 80.490 3.967e+10 5.048e+10 -6.252e+10 0.04709 508533 508533 682306 7347 61 508505 508537 15.7439 181130000000 181130000000 171590000000 133460000000 9533000000 9.28294 0 0.04093 0.62118 0.485 9.0916 15.1134 9.37577 0.37961 0 -0.70441 13.4592 3.31383 0.2443 201500000000 114400000000
 0.7200   443823 0.7300   452663      1       -1       -1       -1  0 1.77933e+11 1.81100e+11 128.904000 12.546000 61.790000  1 0.6900 111.080000 55.43231 40.97562 40.87489 59.430 -48.470 79.240 3.674e+10 5.153e+10 -6.679e+10 0.04863 508534 508534 682306 8466 60 508505 508537 12.5464 181130000000 181130000000 171590000000 133460000000 19066000000 12.8265 3.96 0.04224 0.63797 0.50159 19.7351 20.276 7.54285 0.32567 0 6.11382 18.2712 4.28249 0.2455 210700000000 76260000000
 0.7100   434913 0.7200   443823      1       -1       -1       -1  0 1.74767e+11 1.71600e+11 127.029000 10.131000 62.660000  1 0.6900 114.940000 55.42191 40.99243 40.85409 57.240 -46.770 78.110 5.018e+10 3.893e+10 -2.178e+10 0.03927 508535 508535 682306 7443 59 508505 508537 10.1307 171590000000 171590000000 171590000000 152530000000 9533000000 6.67279 0 0.03391 0.69212 0.56134 23.7744 19.7447 2.75279 0.11615 0 22.9537 23.5863 10.2423 0.2525 238400000000 47660000000
 0.7000   425938 0.7100   434913      1       -1       -1       -1  0 1.71600e+11 1.71600e+11 127.453000 12.143000 64.830000  1 0.6900 110.810000 55.40365 40.99410 40.83804 52.890 -46.530 78.780 4.760e+10 2.636e+10 -3.455e+10 0.03801 508536 508536 682306 8468 58 508505 508537 12.1434 171590000000 171590000000 171590000000 152530000000 9533000000 11.3019 0 0.03273 0.77631 0.46663 -9.74501 23.6316 8.272 0.19754 0.0253 3.1096 21.2241 4.24888 0.2614 218400000000 85800000000
 0.6900   416942 0.7000   425938      0       -1       -1       -1  0 1.71600e+11 1.71600e+11 127.874000 13.339000 65.830000  1 0.6900 109.200000 55.38740 40.99785 40.82541 50.420 -45.770 77.410 4.655e+10 2.643e+10 -3.675e+10 0.03840 508537 508537 682306 8539 57 508505 508537 13.3394 171590000000 171590000000 171590000000 142990000000 19066000000 19.4556 0 0.03316 0.36849 0.11724 -17.8719 20.4712 2.4571 0.16581 0 -12.524 15.2325 1.03451 0.2674 203200000000 95330000000
