 1.0000   675338 0.0000       -1      1       -1       -1       -1  0 2.00200e+11 1.71600e+11 113.685000 11.454000 86.460000  1 0.5500 96.940000 14.37485 14.05838 20.17184 44.700 59.660 150.370 -1.651e+11 4.241e+10 -1.585e+11 0.08217 509237 509237 675338 853 88 509236 509282 11.4541 171590000000 181130000000 162060000000 123930000000 0 17.3855 0 0.10473 0.35191 0.13151 -18.2177 33.9028 0.53021 0.1783 0 19.7308 -16.6581 -1.8929 0.6432 233700000000 66730000000
 0.9900   667167 1.0000   675338      1       -1       -1       -1  0 2.00200e+11 1.62100e+11 112.009000 8.428000 83.430000  1 0.5500 102.200000 14.39696 14.03108 20.15530 42.750 53.620 146.300 -1.314e+11 6.595e+09 -9.670e+10 0.07592 509238 509238 675338 782 87 509236 509282 8.42811 162060000000 181130000000 152530000000 104860000000 47665000000 14.8134 0 0.08101 0.85672 0.33866 -4.11446 18.4231 -2.50338 0.90757 0.11739 -7.84849 12.993 -5.00276 0.5484 224700000000 57200000000
 0.9800   658828 0.9900   667167      1       -1       -1       -1  0 2.00200e+11 1.81100e+11 116.727000 15.704000 79.660000  1 0.5500 93.550000 14.35177 14.04452 20.15442 48.500 63.270 150.680 -1.519e+11 7.632e+10 -1.387e+11 0.06927 509239 509239 675338 852 86 509236 509282 15.7038 181130000000 181130000000 152530000000 28599000000 0 16.9489 0 0.09073 0.49488 0.18215 -19.5723 29.4415 11.3466 0.54681 0.03804 -12.9064 14.3108 17.6224 0.6056 213300000000 95330000000
 0.9700   650515 0.9800   658828      1       -1       -1       -1  0 2.00200e+11 1.71600e+11 115.120000 13.980000 79.870000  1 0.5500 94.020000 14.36959 14.05216 20.12482 45.920 62.740 146.990 -1.542e+11 2.329e+10 -1.241e+11 0.07119 509240 509240 675338 1734 85 509236 509282 13.9799 171590000000 181130000000 133460000000 85797000000 0 21.2725 0 0.09046 0.18346 0.04494 -9.30314 35.6653 7.09412 0.18646 0.01877 -9.39393 30.8033 5.12947 0.5996 209500000000 85800000000
 0.9600   642217 0.9700   650515      1       -1       -1       -1  0 2.00200e+11 1.71600e+11 115.597000 22.168000 76.970000  1 0.5500 87.130000 14.32211 14.03592 20.12717 46.480 67.790 150.090 -9.659e+10 6.466e+10 -1.103e+11 0.04840 509241 509241 675338 2757 84 509236 509282 22.1677 171590000000 190660000000 133460000000 0 0 37.0146 0 0.07297 0.55959 0.16732 39.7217 -29.2991 -19.153 0 0 0 0 0 0.658 190700000000 133500000000
 0.9500   633927 0.9600   642217      1       -1       -1       -1  0 2.00200e+11 1.81100e+11 118.185000 20.088000 79.090000  1 0.5500 90.640000 14.33843 14.02575 20.10634 44.830 62.210 142.910 -1.440e+11 6.797e+10 -1.349e+11 0.06764 509242 509242 675338 854 83 509236 509282 20.0884 181130000000 190660000000 152530000000 85797000000 0 16.3826 2.86 0.08711 0.68798 0.12947 -11.5799 15.7907 23.7765 0.36801 0.1452 -16.1247 1.09231 26.2225 0.5918 198300000000 133500000000
 0.9400   625643 0.9500   633927      1       -1       -1       -1  0 2.00200e+11 1.81100e+11 118.669000 22.151000 79.170000  1 0.5500 89.630000 14.33387 14.01922 20.08978 43.630 60.620 147.360 -3.463e+10 5.855e+10 -7.468e+10 0.03375 509243 509243 675338 1811 82 509236 509282 22.1509 181130000000 200190000000 152530000000 85797000000 0 19.0756 0 0.0423 0.77283 0.23256 -9.65819 31.5049 9.39888 0.15737 0.04815 -20.2126 -2.10457 32.0989 0.5708 193700000000 152500000000
 0.9300   617332 0.9400   625643      1       -1       -1       -1  0 2.00200e+11 1.71600e+11 117.024000 18.174000 76.910000  1 0.5500 90.960000 14.30824 14.01163 20.07099 43.790 63.590 144.850 -3.474e+10 6.635e+10 -3.147e+10 0.02786 509244 509244 675338 843 81 509236 509282 18.1743 171590000000 219260000000 162060000000 0 0 27.7786 0 0.03735 0.45961 0.00651 31.3375 -27.3004 -26.5724 0 0 0 0 0 0.5958 199500000000 104900000000
 0.9200   609001 0.9300   617332      1       -1       -1       -1  0 2.00200e+11 1.71600e+11 117.498000 13.692000 74.510000  1 0.5500 96.370000 14.34719 13.99559 20.04217 40.960 58.870 140.730 -4.484e+10 9.446e+09 -5.928e+10 0.03205 509245 509245 675338 1867 80 509236 509282 13.6921 171590000000 190660000000 142990000000 85797000000 0 16.1815 0 0.03457 0.68343 0.12897 9.5161 23.9288 6.192 0.83347 0.00865 11.5626 -2.76796 13.4685 0.4733 212500000000 85800000000
 0.9100   600655 0.9200   609001      1       -1       -1       -1  0 2.00200e+11 1.71600e+11 117.970000 12.885000 73.840000  1 0.5500 98.020000 14.33786 13.97632 20.02180 44.250 60.680 133.490 -4.189e+10 1.451e+10 -5.491e+10 0.03019 509246 509246 675338 1940 79 509236 509282 12.8853 171590000000 190660000000 152530000000 104860000000 0 9.97059 6.79 0.03267 0.54011 0.05176 11.0793 25.1165 12.3473 0.42302 0.02754 10.7537 19.64 11.4686 0.4711 212500000000 85800000000
 0.9000   592308 0.9100   600655      1       -1       -1       -1  0 2.00200e+11 1.71600e+11 118.442000 11.730000 74.310000  1 0.5500 100.490000 14.33039 13.97267 20.00326 42.230 53.940 133.950 -4.848e+10 1.190e+10 -6.324e+10 0.03471 509247 509247 675338 915 78 509236 509282 11.7296 171590000000 190660000000 152530000000 133460000000 0 8.27264 4.82 0.03743 0.77986 0.08099 -5.00202 34.7403 3.04726 0.24964 0.01024 -5.40157 40.3824 4.94861 0.471 220900000000 57200000000
 0.8900   583913 0.9000   592308      1       -1       -1       -1  0 2.00200e+11 1.81100e+11 121.074000 13.130000 72.670000  1 0.5500 100.670000 14.31439 13.96526 19.98243 40.180 57.650 137.540 -3.505e+10 6.283e+10 -7.324e+10 0.04097 509248 509248 675338 920 77 509236 509282 13.1304 181130000000 190660000000 152530000000 104860000000 0 10.6307 0 0.04374 0.43169 0.07545 -6.40645 39.1442 2.28799 0.05563 0 0.97447 27.8425 4.32216 0.4439 224300000000 85800000000
 0.8800   575538 0.8900   583913      1       -1       -1       -1  0 2.00200e+11 1.81100e+11 121.552000 16.862000 73.820000  1 0.5500 96.190000 14.31024 13.95132 19.96952 38.110 51.700 133.220 8.325e+08 3.612e+09 -3.878e+10 0.01575 509249 509249 675338 1942 76 509236 509282 16.8616 181130000000 190660000000 142990000000 85797000000 0 8.06185 0 0.01666 0.54422 0.1195 -9.79691 33.7839 -3.94495 0.69489 0.17551 2.99778 22.8885 2.6357 0.4444 200100000000 104900000000
 0.8700   567085 0.8800   575538      1       -1       -1       -1  0 2.00200e+11 2.00200e+11 126.167000 17.042000 74.320000  1 0.5500 100.320000 14.29876 13.95758 19.96496 39.810 52.700 131.760 -2.405e+09 2.648e+10 -2.529e+10 0.01264 509250 509250 675338 918 75 509236 509282 17.042 200190000000 209730000000 171590000000 114400000000 0 6.37071 0 0.01333 0.48338 0.28146 -10.3874 27.6769 6.69235 0.32135 0.022 -9.46963 19.5757 -1.26296 0.4225 206100000000 123900000000
 0.8600   558622 0.8700   567085      1       -1       -1       -1  0 2.00200e+11 2.00200e+11 126.657000 12.654000 76.730000  1 0.5500 107.170000 14.29452 13.93466 19.93025 39.280 50.510 132.460 9.654e+09 6.938e+10 -7.418e+10 0.03534 509251 509251 675338 921 74 509236 509282 12.6542 200190000000 209730000000 152530000000 76264000000 19066000000 15.9105 0 0.03721 0.40286 0.23161 -8.39929 28.7124 3.511 0.62014 0.21415 16.1258 -12.5119 2.9933 0.4423 199200000000 76260000000
 0.8500   550188 0.8600   558622      1       -1       -1       -1  0 2.00200e+11 2.00200e+11 127.145000 18.479000 80.350000  1 0.5500 99.750000 14.28858 13.94189 19.92725 39.470 52.150 128.820 1.476e+09 2.645e+10 -2.051e+10 0.01124 509252 509252 675338 1966 73 509236 509282 18.479 200190000000 209730000000 181130000000 123930000000 0 5.65184 0 0.01227 0.36277 0.29779 -11.6805 34.0904 15.3154 0.24575 0.07495 -9.11517 20.0056 19.614 0.4775 216300000000 123900000000
 0.8400   541670 0.8500   550188      1       -1       -1       -1  0 2.00200e+11 2.00200e+11 127.632000 14.358000 78.540000  1 0.5500 105.290000 14.29642 13.89147 19.89061 36.520 48.520 128.250 5.396e+09 7.123e+10 -9.204e+10 0.03619 509253 509253 675338 907 72 509236 509282 14.358 200190000000 209730000000 95330000000 85797000000 47665000000 40.2003 2.87 0.04283 0.24988 0.12329 -0.75318 31.2016 -0.54854 0.33453 0.11213 1.21455 25.2551 -3.68146 0.5128 188600000000 85800000000
 0.8300   533143 0.8400   541670      1       -1       -1       -1  0 2.00200e+11 2.00200e+11 128.116000 18.816000 79.660000  1 0.5500 100.370000 14.27042 13.92542 19.90039 33.900 52.320 125.680 -3.414e+10 1.060e+10 -2.322e+10 0.01421 509254 509254 675338 2850 71 509236 509282 18.8158 200190000000 209730000000 200190000000 104860000000 0 16.8756 0 0.01573 0.39959 0.04278 -18.2903 25.2826 28.323 0.07219 0 -20.9976 26.5335 31.6528 0.4785 232700000000 114400000000
 0.8200   524564 0.8300   533143      1       -1       -1       -1  0 2.00200e+11 2.00200e+11 128.599000 17.253000 77.480000  1 0.5500 102.490000 14.27295 13.91717 19.86841 33.760 50.780 123.100 3.170e+09 -5.806e+09 -2.962e+10 0.01066 509255 509255 675338 922 70 509236 509282 17.2532 200190000000 209730000000 200190000000 104860000000 0 11.8415 0 0.01125 0.3206 0.18788 -13.0961 31.5787 22.4442 0.59906 0.01811 -11.296 10.1821 14.9488 0.4396 234800000000 104900000000
 0.8100   515926 0.8200   524564      1       -1       -1       -1  0 2.00200e+11 2.00200e+11 129.079000 15.771000 75.490000  1 0.5500 104.820000 14.24214 13.90603 19.84279 32.830 50.740 121.390 3.439e+09 -4.983e+09 -3.060e+10 0.01078 509256 509256 675338 1963 69 509236 509282 15.7706 200190000000 200190000000 181130000000 142990000000 0 24.2007 0 0.01161 0.58001 0.34472 -11.8397 37.7587 22.0463 0.42588 0.04763 -12.1525 20.272 28.1997 0.4364 221400000000 114400000000
 0.8000   507257 0.8100   515926      1       -1       -1       -1  0 1.97033e+11 2.00200e+11 129.556000 15.921000 74.000000  1 0.5500 105.160000 14.26349 13.89167 19.82434 33.020 53.240 116.480 -3.762e+10 5.654e+09 -1.637e+10 0.01508 509257 509257 675338 959 68 509236 509282 15.9213 200190000000 209730000000 190660000000 76264000000 0 12.4626 1.78 0.01549 0.40822 0.34936 3.35386 45.435 11.5735 0.58422 0.3374 13.7152 8.57146 22.5421 0.3996 233800000000 95330000000
 0.7900   498626 0.8000   507257      1       -1       -1       -1  0 1.93867e+11 1.90700e+11 127.934000 14.417000 78.120000  1 0.5500 105.790000 14.25837 13.88266 19.80321 31.900 52.880 115.000 -2.024e+10 1.859e+08 -3.945e+10 0.01686 509258 509258 675338 949 67 509236 509282 14.4174 190660000000 209730000000 190660000000 95330000000 0 16.5688 0 0.01806 0.20909 0.01609 8.71772 55.5323 9.2492 0 0 16.4308 1.80149 11.5929 0.4532 229900000000 85800000000
 0.7800   489987 0.7900   498626      1       -1       -1       -1  0 1.90700e+11 1.90700e+11 128.398000 14.358000 78.410000  1 0.5500 106.440000 14.25322 13.87349 19.78176 30.760 52.530 113.490 -1.882e+10 6.199e+08 -4.153e+10 0.01731 509259 509259 675338 946 66 509236 509282 14.3576 190660000000 200190000000 190660000000 152530000000 0 16.8026 0 0.01866 0.40962 0.08653 1.48051 50.7647 5.54617 0.81058 0.44766 -11.023 25.0744 19.1286 0.4582 224600000000 76260000000
 0.7700   481297 0.7800   489987      1       -1       -1       -1  0 1.90700e+11 1.90700e+11 128.861000 12.981000 77.200000  1 0.5500 109.380000 14.24805 13.86416 19.75999 32.420 54.800 109.910 -6.944e+10 7.321e+09 -2.894e+10 0.02909 509260 509260 675338 954 65 509236 509282 12.9805 190660000000 200190000000 190660000000 152530000000 0 13.4785 0 0.03108 0.66061 0.37773 -17.4449 38.172 13.7666 0.06158 0 44.0241 -32.1329 2.97519 0.4438 234100000000 47660000000
 0.7600   472596 0.7700   481297      1       -1       -1       -1  0 1.90700e+11 1.90700e+11 129.320000 14.462000 78.660000  1 0.5500 107.450000 14.24287 13.85466 19.73788 31.310 53.890 108.810 -6.808e+10 7.124e+09 -2.953e+10 0.02780 509261 509261 675338 965 64 509236 509282 14.4625 190660000000 200190000000 171590000000 142990000000 0 14.7713 0 0.0308 0.04209 0.00898 45.7499 -38.0911 -9.46461 0.09542 0.0102 40.1586 -37.1842 -13.9828 0.4713 220100000000 66730000000
 0.7500   463860 0.7600   472596      1       -1       -1       -1  0 1.90700e+11 1.90700e+11 129.776000 17.521000 74.100000  1 0.5500 103.980000 14.23766 13.84500 19.71543 27.730 50.120 110.450 -3.972e+10 4.685e+09 -4.273e+10 0.02177 509262 509262 675338 970 63 509236 509282 17.5212 190660000000 200190000000 171590000000 95330000000 0 18.2007 0 0.0243 0.49646 0.01899 -31.3106 20.9357 26.9509 0.16103 0.07225 -25.6133 6.13847 36.0321 0.4475 206100000000 104900000000
 0.7400   455070 0.7500   463860      1       -1       -1       -1  0 1.84333e+11 1.90700e+11 130.230000 20.245000 68.190000  1 0.5500 101.870000 14.23245 13.83515 19.69265 26.370 52.190 107.590 -3.227e+10 6.063e+09 -4.108e+10 0.01975 509263 509263 675338 2056 62 509236 509282 20.2451 190660000000 200190000000 171590000000 38132000000 0 18.3654 2.46 0.02194 0.62316 0.25612 33.2876 -13.3888 -25.614 0.35966 0.15366 -23.7398 0.56829 28.7084 0.4075 203000000000 104900000000
 0.7300   446247 0.7400   455070      1       -1       -1       -1  0 1.77967e+11 1.71600e+11 126.170000 20.065000 64.220000  1 0.5500 98.480000 14.22724 13.82514 19.66952 30.960 49.260 103.720 -6.019e+10 2.962e+10 -6.947e+10 0.04304 509264 509264 675338 963 61 509236 509282 20.065 171590000000 200190000000 171590000000 38132000000 0 23.5365 0 0.04827 0.60679 0.20598 29.3648 -16.8903 -27.6827 0.62766 0.19434 24.4498 4.92241 -17.9213 0.3943 183600000000 85800000000
 0.7200   437374 0.7300   446247      1       -1       -1       -1  0 1.68433e+11 1.71600e+11 126.601000 26.382000 61.280000  1 0.5500 95.040000 14.22202 13.81493 19.64604 29.640 49.160 102.400 -5.843e+10 3.005e+10 -6.703e+10 0.04133 509265 509265 675338 971 60 509236 509282 26.3817 171590000000 200190000000 162060000000 38132000000 0 25.1456 0 0.04716 0.0321 0 29.6213 7.67402 -11.1164 0 0 24.3893 5.89466 -8.50677 0.3815 168800000000 152500000000
 0.7100   428439 0.7200   437374      1       -1       -1       -1  0 1.65267e+11 1.62100e+11 124.632000 29.269000 57.360000  1 0.5500 92.370000 14.21680 13.80454 19.62221 27.240 46.120 102.820 -5.400e+10 4.705e+10 -3.081e+10 0.03726 509266 509266 675338 983 59 509236 509282 29.2689 162060000000 181130000000 123930000000 19066000000 0 22.4817 0 0.04332 0.37871 0.05812 27.5523 50.8753 -9.22828 0 0 0 0 0 0.369 161500000000 162100000000
 0.7000   419467 0.7100   428439      1       -1       -1       -1  0 1.52567e+11 1.62100e+11 125.048000 46.849000 54.160000  1 0.5500 89.600000 14.21159 13.79395 19.59803 23.640 39.150 98.670 -7.328e+10 5.118e+10 -9.626e+10 0.06207 509267 509267 675338 957 58 509236 509282 46.8495 162060000000 171590000000 104860000000 0 0 37.2799 10.3 0.07337 0.96627 0.49348 32.8671 30.8493 4.096 0 0 0 0 0 0.3577 155100000000 200200000000
 0.6900   410473 0.7000   419467      1       -1       -1       -1  0 1.33500e+11 1.33500e+11 117.598000 45.607000 49.560000  1 0.5500 84.350000 14.20640 13.78316 19.57348 16.800 38.240 100.940 -3.723e+10 7.362e+10 -6.966e+08 0.05385 509268 509268 675338 984 57 509236 509282 45.6074 133460000000 171590000000 95330000000 0 0 28.0914 5.71 0.06404 0.77707 0.32083 42.1741 31.1222 3.85854 0 0 0 0 0 0.3374 149200000000 200200000000
 0.6800   401464 0.6900   410473      1       -1       -1       -1  0 1.08067e+11 1.04900e+11 108.869000 43.921000 44.510000  1 0.5500 78.190000 14.19744 13.75787 19.56076 17.240 32.560 105.770 -2.069e+10 4.886e+10 6.578e+10 0.08079 509269 509269 675338 1050 56 509236 509282 43.9206 104860000000 171590000000 66731000000 0 0 16.0729 6.95 0.09862 0.67081 0.02824 46.9628 27.682 16.5328 0 0 0 0 0 0.3334 150200000000 190700000000
 0.6700   392477 0.6800   401464      1       -1       -1       -1  0 9.21667e+10 8.58000e+10 102.153000 22.978000 41.660000  1 0.5500 76.810000 14.19220 13.74653 19.53612 17.230 30.860 103.380 -5.515e+09 1.337e+10 4.509e+10 0.05861 509270 509270 675338 3270 55 509236 509282 22.9782 85797000000 152530000000 38132000000 0 0 16.4278 0 0.07765 0.48182 0.08419 22.1527 -7.64892 55.1135 0 0 0 0 0 0.3625 143100000000 66730000000
 0.6600   383513 0.6700   392477      1       -1       -1       -1  0 8.58000e+10 8.58000e+10 102.477000 31.948000 32.730000  1 0.5500 74.900000 14.18700 13.73500 19.51108 17.880 18.360 100.200 4.995e+09 1.973e+10 2.848e+10 0.04495 509271 509271 675338 2150 54 509236 509282 31.9475 85797000000 123930000000 38132000000 0 0 27.7392 17.49 0.05775 0.75762 0.31783 27.9599 40.5034 7.99057 0 0 0 0 0 0.2829 138700000000 123900000000
 0.6500   374455 0.6600   383513      1       -1       -1       -1  0 8.58000e+10 3.81300e+10 78.450000 14.052000 33.620000  1 0.5500 61.210000 14.18185 13.72328 19.48564 9.650 23.180 84.700 -5.412e+09 6.017e+09 1.897e+10 0.06956 509272 509272 675338 1068 53 509236 509282 14.0521 38132000000 104860000000 38132000000 0 0 29.1896 0 0.13224 0.83967 0.56324 19.0643 22.5751 -19.5465 0 0 0 0 0 0.4592 136200000000 19070000000
 0.6400   365372 0.6500   374455      1       -1       -1       -1  0 8.58000e+10 3.81300e+10 78.692000 18.980000 36.150000  1 0.5500 59.220000 14.17675 13.71134 19.45980 28.170 8.710 103.990 -1.993e+10 -1.173e+09 2.600e+10 0.02008 509273 509273 675338 1066 52 509236 509282 18.9801 38132000000 85797000000 19066000000 0 0 34.4665 31.1 0.21151 0.71922 0 -9.1329 -1.27853 33.6236 0 0 0 0 0 1.0174 131100000000 38130000000
 0.6300   356251 0.6400   365372      1       -1       -1       -1  0 8.58000e+10 8.58000e+10 103.430000 37.377000 38.670000  1 0.5500 75.670000 14.17170 13.69921 19.43356 30.350 2.870 105.010 -3.694e+10 1.358e+10 6.332e+10 0.07151 509274 509274 675338 1061 51 509236 509282 37.377 85797000000 85797000000 19066000000 0 0 41.0392 40.61 0.1253 0.26148 0.06956 3.068 68.8291 42.7511 0 0 0 0 0 0.5885 132900000000 152500000000
 0.6200   347145 0.6300   356251      1       -1       -1       -1  0 8.58000e+10 8.58000e+10 103.740000 31.012000 43.950000  1 0.5500 77.040000 14.16671 13.68686 19.40691 16.490 41.390 89.220 3.407e+09 2.150e+10 3.689e+10 0.04958 509275 509275 675338 1043 50 509236 509282 31.0118 85797000000 85797000000 19066000000 0 0 23.9593 11.18 0.07246 0.36937 0.09026 54.5202 57.438 31.4587 0 0 0 0 0 0.4121 132200000000 85800000000
 0.6100   338012 0.6200   347145      1       -1       -1       -1  0 7.62667e+10 8.58000e+10 104.046000 26.369000 46.820000  1 0.5500 78.710000 14.16178 13.67429 19.37984 12.060 30.210 84.320 -2.368e+08 1.217e+10 5.078e+10 0.06067 509276 509276 675338 1036 49 509236 509282 26.3686 85797000000 85797000000 9533000000 0 0 41.8083 0 0.08892 0.23117 0.0688 8.90736 46.4413 35.0891 0 0 0 0 0 0.4123 130000000000 85800000000
 0.6000   328846 0.6100   338012      1       -1       -1       -1  0 6.67333e+10 5.72000e+10 91.157000 13.911000 56.180000  1 0.5500 74.300000 14.19523 13.66262 19.37640 5.140 37.590 91.730 -6.700e+09 1.432e+09 2.442e+10 0.03018 509277 509277 675338 1953 48 509236 509282 13.9113 57198000000 57198000000 57198000000 0 0 63.435 0 0.08548 0 0 -2.52724 50.478 9.58633 0 0 0 0 0 0.825 110500000000 9533000000
 0.5900   319650 0.6000   328846      1       -1       -1       -1  0 5.72000e+10 5.72000e+10 91.417000 25.031000 47.950000  1 0.5500 69.190000 14.18921 13.64917 19.34947 18.230 40.790 81.570 1.156e+10 1.194e+10 2.357e+10 0.04976 509278 509278 675338 967 47 509236 509282 25.031 57198000000 57198000000 19066000000 0 0 59.7047 14.17 0.09788 0.35435 0.13159 -19.4174 61.2238 25.3384 0 0 0 0 0 0.6346 110300000000 57200000000
 0.5800   310397 0.5900   319650      1       -1       -1       -1  0 5.72000e+10 4.76700e+10 86.268000 23.360000 41.430000  1 0.5500 65.650000 14.18310 13.63548 19.32212 9.550 92.830 84.850 1.099e+10 6.382e+09 3.119e+10 0.06789 509279 509279 675338 962 46 509236 509282 23.36 47665000000 47665000000 19066000000 0 0 51.7159 44.55 0.15599 0.3527 0.00425 -20.8597 64.6036 6.55939 0 0 0 0 0 1.3013 106700000000 47660000000
 0.5700   301170 0.5800   310397      1       -1       -1       -1  0 5.72000e+10 4.76700e+10 86.506000 25.663000 29.250000  1 0.5500 65.620000 14.17688 13.62155 19.29434 19.300 79.200 82.550 2.758e+10 1.565e+10 9.135e+09 0.05512 509280 509280 675338 938 45 509236 509282 25.663 47665000000 47665000000 19066000000 9533000000 0 47.4243 36.59 0.15396 0.45351 0.03336 -25.7183 60.3723 15.8189 0 0 0 0 0 0.7909 103800000000 47660000000
 0.5600   291915 0.5700   301170      1       -1       -1       -1  0 5.72000e+10 2.86000e+10 73.159000 12.376000 24.990000  1 0.5500 59.670000 14.14828 13.60622 19.24294 13.810 51.210 96.270 1.060e+09 6.017e+09 7.335e+09 0.03727 509281 509281 675338 1015 44 509236 509282 12.3758 28599000000 28599000000 28599000000 0 0 32.7783 0 0.10514 0 0 0 0 0 0 0 0 0 0 0.5595 109300000000 9533000000
 0.5500   282660 0.5600   291915      0       -1       -1       -1  0 5.72000e+10 5.72000e+10 92.419000 34.138000 33.430000  1 0.5500 69.890000 14.14340 13.59157 19.21291 12.800 38.700 79.240 1.686e+10 1.924e+10 -6.473e+08 0.06175 509282 509282 675338 1003 43 509236 509282 34.1384 57198000000 57198000000 28599000000 0 0 34.4443 6.33 0.08946 0.80579 0.04685 -1.73909 38.2003 46.7934 0 0 0 0 0 0.2783 108000000000 76260000000
