 1.0000   681087 0.0000       -1      1       -1       -1       -1  0 2.51067e+11 1.81100e+11 115.752000 5.540000 92.510000  1 0.4700 119.420000 35.88302 51.64664 14.62981 111.640 -118.320 267.560 4.038e+10 -1.557e+09 -1.497e+11 0.06789 506368 506368 681087 6602 88 506367 506421 5.54015 181130000000 209730000000 171590000000 162060000000 0 1.56365 0 0.06374 0.85984 0.3321 24.7635 -4.44308 2.48207 0.53586 0.01147 23.186 -15.9455 7.30018 0.5127 354700000000 9533000000
 0.9900   672972 1.0000   681087      1       -1       -1       -1  0 2.51067e+11 1.81100e+11 116.240000 6.521000 94.110000  1 0.4700 114.550000 35.86575 51.65723 14.60580 110.340 -115.570 265.900 3.865e+10 -1.500e+09 -1.483e+11 0.06610 506369 506369 681087 6597 87 506367 506421 6.52112 181130000000 190660000000 171590000000 171590000000 47665000000 5.98151 0 0.0632 0.82375 0.21459 20.6136 -15.2227 4.18309 0.82323 0.00382 14.2964 -11.0899 2.9846 0.5297 333800000000 47660000000
 0.9800   664538 0.9900   672972      1       -1       -1       -1  0 2.51067e+11 2.47900e+11 129.592000 30.381000 96.550000  1 0.4700 95.380000 35.85358 51.59646 14.54807 122.610 -106.650 277.130 -2.403e+11 -1.256e+11 2.634e+11 0.02860 506370 506370 681087 6662 86 506367 506421 30.3812 247860000000 266920000000 9533000000 9533000000 0 40.0097 0 0.09267 0.13593 0.00277 0.80875 79.6161 24.2839 0 0 0 0 0 0.9211 264800000000 247900000000
 0.9700   656147 0.9800   664538      1       -1       -1       -1  0 2.51067e+11 2.47900e+11 130.132000 38.947000 96.380000  1 0.4700 93.460000 35.83795 51.60328 14.52803 121.410 -104.880 275.010 -2.393e+11 -1.282e+11 2.579e+11 0.02243 506371 506371 681087 5648 85 506367 506421 38.9474 247860000000 276460000000 9533000000 9533000000 0 43.3089 0 0.09209 0.14331 0.00458 0.20059 60.7349 6.96527 0 0 0 0 0 0.9491 257700000000 266900000000
 0.9600   647806 0.9700   656147      1       -1       -1       -1  0 2.44700e+11 2.57400e+11 132.326000 43.379000 94.530000  1 0.4700 94.350000 35.82480 51.61410 14.49799 118.330 -97.440 271.600 -1.412e+11 -1.337e+11 4.068e+11 0.03524 506372 506372 681087 6674 84 506367 506421 43.3791 257390000000 276460000000 9533000000 9533000000 0 31.7273 0 0.10445 0.17508 0.11575 3.26612 60.9095 22.8623 0 0 0 0 0 0.9005 258600000000 286000000000
 0.9500   639479 0.9600   647806      1       -1       -1       -1  0 2.35167e+11 2.28800e+11 127.756000 45.945000 93.910000  1 0.4700 90.560000 35.81145 51.62511 14.46741 103.760 -98.530 267.330 -5.804e+10 -1.049e+11 8.587e+10 0.00835 506373 506373 681087 6678 83 506367 506421 45.9451 228790000000 285990000000 85797000000 9533000000 0 36.9072 7.99 0.0417 0.25125 0.12835 9.0239 53.5463 19.7948 0 0 0 0 0 0.9645 252100000000 305100000000
 0.9400   631164 0.9500   639479      1       -1       -1       -1  0 2.22433e+11 2.19300e+11 126.472000 47.794000 93.380000  1 0.4700 89.400000 35.79787 51.63630 14.43628 101.680 -98.410 265.790 7.614e+09 -1.252e+11 2.839e+11 0.01494 506374 506374 681087 6678 82 506367 506421 47.7942 219260000000 285990000000 0 0 0 37.0216 3.57 0.09453 0.14276 0.00754 3.42937 39.9627 11.3862 0 0 0 0 0 0.9775 243000000000 314600000000
 0.9300   622832 0.9400   631164      1       -1       -1       -1  0 2.22433e+11 2.00200e+11 123.194000 43.620000 94.560000  1 0.4700 87.250000 35.78409 51.64770 14.40460 93.500 -101.670 256.020 -3.251e+10 -1.240e+11 1.742e+11 0.02384 506375 506375 681087 6713 81 506367 506421 43.6204 200190000000 285990000000 0 0 0 38.1098 9.24 0.0769 0.05907 0 10.4437 38.3563 83.1477 0 0 0 0 0 1.0885 242400000000 286000000000
 0.9200   614486 0.9300   622832      1       -1       -1       -1  0 2.22433e+11 2.19300e+11 127.501000 52.933000 90.830000  1 0.4700 89.760000 35.77008 51.65928 14.37234 91.650 -104.300 253.140 5.723e+10 -1.213e+11 1.880e+11 0.01652 506376 506376 681087 6724 80 506367 506421 52.9333 219260000000 266920000000 0 0 0 49.7549 10.16 0.0708 0.01688 0 13.3802 66.6158 24.4256 0 0 0 0 0 0.9491 243100000000 314600000000
 0.9100   606116 0.9200   614486      1       -1       -1       -1  0 2.22433e+11 1.43000e+11 111.014000 32.893000 91.930000  1 0.4700 79.410000 35.75585 51.67107 14.33951 94.380 -104.410 248.630 -3.517e+09 -1.100e+10 -3.957e+10 0.01462 506377 506377 681087 6751 79 506367 506421 32.8925 142990000000 257390000000 0 0 0 49.6736 0 0.02586 0.15446 0.04446 19.3228 64.1882 29.3578 0 0 0 0 0 1.3147 244900000000 219300000000
 0.9000   597739 0.9100   606116      1       -1       -1       -1  0 2.22433e+11 1.43000e+11 111.458000 46.647000 77.970000  1 0.4700 78.370000 35.74140 51.68307 14.30609 96.860 -98.360 244.290 -3.853e+09 4.786e+09 -4.745e+10 0.00619 506378 506378 681087 6742 78 506367 506421 46.6466 142990000000 276460000000 0 0 0 50.8147 3.14 0.03012 0.08805 0.01229 30.2819 62.59 31.9762 0 0 0 0 0 0.9575 229100000000 305100000000
 0.8900   589325 0.9000   597739      1       -1       -1       -1  0 2.22433e+11 1.43000e+11 111.900000 33.574000 78.660000  1 0.4700 79.900000 35.72672 51.69527 14.27206 91.960 -88.650 235.220 4.793e+10 4.624e+09 -9.135e+10 0.00581 506379 506379 681087 6783 77 506367 506421 33.5744 142990000000 276460000000 0 0 0 65.1365 10.21 0.06525 0.09094 0.08053 27.414 66.4413 28.7121 0 0 0 0 0 0.9919 232200000000 181100000000
 0.8800   580937 0.8900   589325      1       -1       -1       -1  0 2.22433e+11 1.71600e+11 119.381000 37.931000 74.420000  1 0.4700 84.880000 35.72275 51.71881 14.23122 102.470 -94.800 245.800 -1.486e+10 -2.663e+10 -6.353e+10 0.01815 506380 506380 681087 6786 76 506367 506421 37.9306 171590000000 238320000000 0 0 0 44.7967 0 0.03298 0.29854 0.15615 18.7774 58.4722 33.3779 0 0 0 0 0 0.7177 206500000000 238300000000
 0.8700   572463 0.8800   580937      1       -1       -1       -1  0 2.22433e+11 1.81100e+11 122.027000 12.461000 76.840000  1 0.4700 102.760000 35.71358 51.80727 14.22991 98.490 -89.430 242.040 1.029e+10 -1.413e+10 -8.920e+10 0.04069 506381 506381 681087 5815 75 506367 506421 12.4615 181130000000 181130000000 181130000000 142990000000 0 7.1266 0 0.03902 0.58867 0.20004 27.557 -10.7386 -0.63451 0.54078 0.2555 25.0987 -11.7817 -0.10231 0.422 239700000000 95330000000
 0.8600   564004 0.8700   572463      1       -1       -1       -1  0 2.22433e+11 1.62100e+11 118.043000 33.523000 66.870000  1 0.4700 84.630000 35.68688 51.73429 14.16983 97.570 -93.000 237.390 -2.284e+10 -1.773e+10 -4.971e+10 0.01735 506382 506382 681087 6872 74 506367 506421 33.5234 162060000000 247860000000 0 0 0 62.1803 0 0.02983 0.21225 0.07081 27.8261 34.8483 36.0761 0 0 0 0 0 0.6526 216200000000 190700000000
 0.8500   555564 0.8600   564004      1       -1       -1       -1  0 2.22433e+11 1.04900e+11 102.493000 42.028000 57.620000  1 0.4700 72.050000 35.66829 51.74825 14.12863 103.130 -89.490 245.160 -9.081e+10 -1.747e+10 1.523e+10 0.04871 506383 506383 681087 6816 73 506367 506421 42.028 104860000000 247860000000 0 0 0 60.9981 12.6 0.10082 0.20214 0.05006 46.0639 69.7949 23.9189 0 0 0 0 0 0.7203 210700000000 257400000000
 0.8400   547063 0.8500   555564      1       -1       -1       -1  0 2.22433e+11 1.14400e+11 105.912000 36.729000 57.610000  1 0.4700 74.920000 35.65274 51.76175 14.09164 101.820 -88.510 242.560 -1.092e+11 -2.517e+10 1.177e+10 0.05807 506384 506384 681087 6883 72 506367 506421 36.7289 114400000000 238320000000 0 0 0 62.3212 14.86 0.10523 0.31858 0.07831 23.3375 28.3253 38.3176 0 0 0 0 0 0.6552 207700000000 219300000000
 0.8300   538542 0.8400   547063      1       -1       -1       -1  0 2.22433e+11 1.23900e+11 109.189000 30.066000 61.700000  1 0.4700 78.530000 35.63695 51.77548 14.05400 97.280 -74.660 234.290 -8.222e+10 -5.865e+10 -2.801e+10 0.04955 506385 506385 681087 6865 71 506367 506421 30.0664 123930000000 238320000000 9533000000 0 0 50.7847 0 0.08604 0.18656 0.09902 19.5899 24.2863 49.1591 0 0 0 0 0 0.6399 212500000000 152500000000
 0.8200   529949 0.8300   538542      1       -1       -1       -1  0 2.22433e+11 1.81100e+11 124.379000 47.585000 59.080000  1 0.4700 87.680000 35.62092 51.78945 14.01569 97.170 -83.520 230.840 -1.899e+11 -3.028e+10 1.514e+10 0.06534 506386 506386 681087 5877 70 506367 506421 47.5853 181130000000 209730000000 9533000000 0 0 35.5133 2.5 0.0845 0.34899 0 -14.7146 50.7999 32.2236 0 0 0 0 0 0.4132 219300000000 276500000000
 0.8100   521300 0.8200   529949      1       -1       -1       -1  0 2.22433e+11 1.62100e+11 120.300000 32.720000 56.830000  1 0.4700 86.710000 35.61955 51.81725 13.98873 92.940 -72.810 229.820 -7.031e+10 -5.371e+10 -1.426e+10 0.04047 506387 506387 681087 6970 69 506367 506421 32.7202 162060000000 228790000000 95330000000 0 0 42.1345 0 0.04745 0.14383 0 -44.2179 59.3949 23.1706 0 0 0 0 0 0.3683 199000000000 190700000000
 0.8000   512617 0.8100   521300      1       -1       -1       -1  0 2.22433e+11 1.81100e+11 125.305000 39.933000 62.260000  1 0.4700 89.260000 35.58812 51.81812 13.93703 89.360 -81.820 227.440 -2.092e+11 -2.800e+10 4.720e+10 0.07474 506388 506388 681087 5955 68 506367 506421 39.9334 181130000000 209730000000 57198000000 0 0 45.3447 0 0.09554 0.08164 0.00126 -23.7438 60.1262 37.1472 0 0 0 0 0 0.4285 205800000000 238300000000
 0.7900   503975 0.8000   512617      1       -1       -1       -1  0 2.22433e+11 1.90700e+11 127.934000 40.996000 63.500000  1 0.4700 91.170000 35.57620 51.83530 13.89384 87.780 -80.990 223.340 -1.865e+11 -4.412e+10 6.127e+10 0.06611 506389 506389 681087 6956 67 506367 506421 40.9959 190660000000 209730000000 57198000000 0 0 35.5788 0 0.08195 0.57861 0.36257 16.8995 55.1534 51.6373 0 0 0 0 0 0.4148 200200000000 238300000000
 0.7800   495339 0.7900   503975      1       -1       -1       -1  0 2.22433e+11 2.00200e+11 130.504000 37.711000 68.310000  1 0.4700 93.790000 35.55946 51.85009 13.85277 85.400 -78.000 219.140 -1.717e+11 1.518e+10 3.877e+10 0.05366 506390 506390 681087 5929 66 506367 506421 37.7111 200190000000 219260000000 57198000000 0 0 32.884 0 0.06666 0.15163 0.10545 0.53893 39.7044 53.9264 0 0 0 0 0 0.4364 197300000000 228800000000
 0.7700   486657 0.7800   495339      1       -1       -1       -1  0 2.22433e+11 1.90700e+11 128.861000 31.687000 71.680000  1 0.4700 94.140000 35.54246 51.86512 13.81098 82.990 -75.170 213.980 -1.805e+11 3.604e+10 7.070e+10 0.06414 506391 506391 681087 6979 65 506367 506421 31.6872 190660000000 219260000000 162060000000 0 0 30.8997 0 0.08106 0.0434 0 -0.27265 40.5525 40.9233 0 0 0 0 0 0.4753 197100000000 190700000000
 0.7600   477955 0.7700   486657      1       -1       -1       -1  0 2.22433e+11 1.90700e+11 129.320000 25.648000 74.090000  1 0.4700 97.130000 35.52520 51.88040 13.76848 79.860 -74.660 210.480 -1.721e+11 2.810e+10 7.166e+10 0.06195 506392 506392 681087 7016 64 506367 506421 25.648 190660000000 228790000000 181130000000 9533000000 0 30.5011 0 0.07787 0.2469 0.02637 1.47673 38.7639 32.4331 0 0 0 0 0 0.4895 197100000000 152500000000
 0.7500   469235 0.7600   477955      1       -1       -1       -1  0 2.22433e+11 1.90700e+11 129.776000 23.886000 73.510000  1 0.4700 98.660000 35.50768 51.89593 13.72526 79.860 -69.360 206.590 -1.558e+11 1.728e+10 8.210e+10 0.06065 506393 506393 681087 7032 63 506367 506421 23.8864 190660000000 228790000000 181130000000 9533000000 9533000000 30.5011 5.53 0.07347 0.12645 0.02601 5.07833 44.2154 47.2717 0 0 0 0 0 0.4695 196400000000 143000000000
 0.7400   460435 0.7500   469235      1       -1       -1       -1  0 2.22433e+11 2.00200e+11 132.365000 15.284000 67.680000  1 0.4700 109.550000 35.52080 51.96790 13.73124 81.330 -65.380 214.380 -3.666e+09 4.425e+10 -1.316e+11 0.05854 506394 506394 681087 7060 62 506367 506421 15.2838 200190000000 200190000000 190660000000 152530000000 0 7.35448 5.21 0.0534 0.49892 0.39479 29.8606 20.4581 1.53044 0.16797 0 17.5561 22.9474 -11.3971 0.2878 225700000000 95330000000
 0.7300   451612 0.7400   460435      1       -1       -1       -1  0 2.22433e+11 2.00200e+11 132.822000 14.455000 69.180000  1 0.4700 111.490000 35.50468 51.98040 13.68694 78.520 -63.640 207.830 -8.909e+09 4.298e+10 -1.277e+11 0.05817 506395 506395 681087 6015 61 506367 506421 14.4547 200190000000 209730000000 190660000000 152530000000 9533000000 6.31804 0 0.05221 0.65092 0.336 28.4267 22.3751 0.06863 0.04034 0 58.1854 15.7842 -1.26149 0.2877 248400000000 85800000000
 0.7200   442768 0.7300   451612      1       -1       -1       -1  0 2.22433e+11 2.09700e+11 135.359000 13.618000 73.180000  1 0.4700 115.790000 35.47750 52.00175 13.62108 76.130 -65.550 204.770 -6.056e+10 5.375e+10 -1.031e+11 0.05099 506396 506396 681087 7130 60 506367 506421 13.6175 209730000000 219260000000 209730000000 181130000000 19066000000 17.1401 0 0.04714 0.86514 0.58257 -1.47968 28.2305 -10.5434 0.34085 0.11071 -13.94 24.8665 -19.1139 0.3163 265800000000 66730000000
 0.7100   433865 0.7200   442768      1       -1       -1       -1  0 2.22433e+11 1.71600e+11 127.029000 20.528000 77.080000  1 0.4700 99.250000 35.43126 51.95293 13.54383 68.250 -70.620 198.750 -4.722e+10 -3.513e+10 4.396e+10 0.03041 506397 506397 681087 6098 59 506367 506421 20.5278 171590000000 228790000000 162060000000 0 0 38.3402 0 0.0371 0.31283 0.2552 38.5298 24.8459 39.9988 0 0 0 0 0 0.5072 204400000000 133500000000
 0.7000   424896 0.7100   433865      1       -1       -1       -1  0 2.22433e+11 2.19300e+11 138.305000 11.929000 77.320000  1 0.4700 123.050000 35.44978 52.01924 13.53489 74.740 -65.350 198.780 -6.535e+10 2.191e+10 -5.690e+10 0.03439 506398 506398 681087 7208 58 506367 506421 11.9292 219260000000 228790000000 200190000000 171590000000 19066000000 4.30478 0 0.03017 0.52101 0.21921 9.18241 23.6302 -2.75505 0.32295 0.02297 10.3059 16.3793 -3.55343 0.3096 268900000000 76260000000
 0.6900   415898 0.7000   424896      1       -1       -1       -1  0 2.22433e+11 2.09700e+11 136.720000 11.049000 77.830000  1 0.4700 123.840000 35.43530 52.01905 13.49762 72.560 -61.250 199.320 -6.288e+10 5.810e+10 -9.447e+10 0.05484 506399 506399 681087 7207 57 506367 506421 11.0493 209730000000 228790000000 209730000000 152530000000 38132000000 16.4526 0 0.04659 0.41649 0.28659 1.81561 27.0008 1.46232 0.19688 0.09174 5.35902 31.3983 2.87704 0.3058 257200000000 95330000000
 0.6800   406895 0.6900   415898      1       -1       -1       -1  0 2.22433e+11 2.28800e+11 141.203000 12.192000 79.390000  1 0.4700 126.190000 35.41656 52.03846 13.44675 71.750 -65.110 192.260 -1.208e+11 5.977e+10 -2.865e+10 0.05079 506400 506400 681087 7231 56 506367 506421 12.1917 228790000000 228790000000 209730000000 162060000000 57198000000 15.6173 2.1 0.04382 0.33889 0.16554 -2.05902 23.5316 -0.58141 0.45073 0.13919 -1.3008 18.3108 2.35679 0.3085 263200000000 104900000000
 0.6700   397892 0.6800   406895      1       -1       -1       -1  0 2.16100e+11 2.28800e+11 141.657000 15.667000 76.780000  1 0.4700 120.060000 35.37988 52.05557 13.37139 68.290 -63.740 189.260 -1.187e+11 5.724e+10 -3.140e+10 0.04619 506401 506401 681087 7245 55 506367 506421 15.6667 228790000000 228790000000 190660000000 162060000000 19066000000 29.4128 0 0.04333 0.54978 0.3677 26.9824 -8.10783 8.24075 0.58389 0.37613 27.9748 -7.01434 7.95274 0.3308 245400000000 133500000000
 0.6600   388973 0.6700   397892      1       -1       -1       -1  0 2.12933e+11 1.90700e+11 133.728000 13.560000 71.270000  1 0.4700 115.800000 35.36028 52.07360 13.32131 71.780 -59.790 198.380 -7.990e+09 2.929e+09 -7.650e+10 0.03878 506402 506402 681087 7284 54 506367 506421 13.56 190660000000 228790000000 190660000000 171590000000 38132000000 17.0063 0 0.03355 0.66115 0.18076 24.4574 -8.72265 4.78132 0.77348 0.09607 18.7542 -16.8455 14.2911 0.2846 233900000000 85800000000
 0.6500   379948 0.6600   388973      1       -1       -1       -1  0 1.97033e+11 2.19300e+11 140.544000 15.087000 69.830000  1 0.4700 120.560000 35.37253 52.09125 13.28591 67.810 -59.710 188.620 -1.924e+11 3.956e+10 -4.849e+10 0.07877 506403 506403 681087 6213 53 506367 506421 15.0866 219260000000 238320000000 181130000000 162060000000 0 18.0103 6.81 0.07031 0.65441 0.50615 32.0519 -7.23716 3.06895 0.78855 0.39204 29.2675 -0.11729 3.83328 0.2743 235000000000 104900000000
 0.6400   370882 0.6500   379948      1       -1       -1       -1  0 1.90667e+11 1.81100e+11 132.280000 14.968000 66.690000  1 0.4700 112.560000 35.32024 52.11037 13.21867 69.030 -60.780 190.580 -4.554e+09 -1.086e+10 -6.181e+10 0.03442 506404 506404 681087 6206 52 506367 506421 14.9685 181130000000 200190000000 171590000000 152530000000 19066000000 20.8243 0 0.03025 0.45213 0.16629 21.1871 7.27004 26.9474 0.27765 0.00532 14.6826 9.67037 25.5483 0.2685 206100000000 104900000000
 0.6300   361779 0.6400   370882      1       -1       -1       -1  0 1.74767e+11 1.71600e+11 130.313000 13.232000 65.570000  1 0.4700 113.880000 35.31653 52.12516 13.17409 68.590 -59.730 186.220 1.713e+09 -3.834e+09 -5.166e+10 0.03093 506405 506405 681087 7358 51 506367 506421 13.2325 171590000000 219260000000 171590000000 142990000000 19066000000 8.25739 0 0.02744 0.57313 0.37038 18.4678 17.9043 19.8747 0.50374 0.02596 4.43479 2.4804 16.8724 0.2715 214300000000 66730000000
 0.6200   352682 0.6300   361779      1       -1       -1       -1  0 1.74767e+11 1.71600e+11 130.704000 15.934000 62.920000  1 0.4700 110.280000 35.28160 52.14263 13.11356 71.590 -56.320 184.620 3.494e+09 -7.390e+09 -5.136e+10 0.02900 506406 506406 681087 7305 50 506367 506421 15.9337 171590000000 190660000000 171590000000 114400000000 0 15.865 5.89 0.02771 0.45792 0.28251 19.8633 34.594 26.6966 0.43093 0.27023 22.969 7.27462 29.4108 0.288 195500000000 85800000000
 0.6100   343550 0.6200   352682      1       -1       -1       -1  0 1.65233e+11 1.81100e+11 133.474000 21.604000 59.790000  1 0.4700 107.290000 35.27905 52.17218 13.06534 64.490 -59.180 180.500 -4.406e+09 -8.618e+09 -6.148e+10 0.03219 506407 506407 681087 7351 49 506367 506421 21.6043 181130000000 200190000000 162060000000 104860000000 0 8.4223 0 0.03051 0.23097 0.10251 17.0444 44.5012 7.31678 0.39022 0.02124 4.7012 24.8899 6.55596 0.2565 177700000000 104900000000
 0.6000   334418 0.6100   343550      1       -1       -1       -1  0 1.55700e+11 1.43000e+11 123.719000 13.370000 57.070000  1 0.4700 107.850000 35.27576 52.21978 13.01968 65.760 -70.020 175.730 2.056e+10 -1.029e+10 -2.498e+10 0.02820 506408 506408 681087 7444 48 506367 506421 13.3699 142990000000 142990000000 123930000000 95330000000 9533000000 5.36601 0 0.02485 0.73211 0.35052 -8.77804 20.6543 -8.56475 0.82207 0.4281 -5.00548 -12.1003 15.726 0.2279 169700000000 85800000000
 0.5900   325254 0.6000   334418      1       -1       -1       -1  0 1.52533e+11 1.43000e+11 124.072000 14.762000 52.540000  1 0.4700 106.450000 35.24123 52.21062 12.97692 62.490 -69.220 171.570 -3.937e+10 -1.724e+10 2.303e+10 0.03693 506409 506409 681087 7495 47 506367 506421 14.762 142990000000 152530000000 114400000000 95330000000 0 25.2712 0 0.03593 0.82461 0.30817 -12.6126 33.9637 -4.8988 0.43607 0.09127 31.2982 7.96218 -4.22571 0.235 171200000000 57200000000
 0.5800   316010 0.5900   325254      1       -1       -1       -1  0 1.52533e+11 1.23900e+11 118.625000 13.827000 49.780000  1 0.4700 102.650000 35.22422 52.23717 12.92057 67.570 -69.620 165.790 -9.503e+09 9.211e+09 -4.753e+09 0.01411 506410 506410 681087 7479 46 506367 506421 13.8273 123930000000 133460000000 114400000000 95330000000 0 24.1621 0 0.01325 0.93728 0.30479 10.9753 32.8397 -10.4379 0 0 33.7753 5.84793 -8.7328 0.2139 164400000000 76260000000
 0.5700   306779 0.5800   316010      1       -1       -1       -1  0 1.52533e+11 1.14400e+11 115.820000 13.585000 49.300000  1 0.4700 100.550000 35.20441 52.28077 12.84827 64.010 -69.740 159.860 3.015e+09 1.338e+10 -2.156e+10 0.03015 506411 506411 681087 7481 45 506367 506421 13.5846 114400000000 114400000000 114400000000 85797000000 0 7.62823 0 0.02771 0.35702 0.00338 40.0342 -6.484 -0.59782 0.03252 0 33.8828 12.4213 3.04226 0.2089 157500000000 66730000000
 0.5600   297539 0.5700   306779      1       -1       -1       -1  0 1.52533e+11 1.14400e+11 116.133000 13.768000 42.130000  1 0.4700 101.080000 35.17250 52.30847 12.78596 62.860 -66.710 156.560 2.300e+09 1.382e+10 -2.160e+10 0.02998 506412 506412 681087 7466 44 506367 506421 13.7681 114400000000 123930000000 114400000000 76264000000 0 11.2869 0 0.02814 0.22909 0.00726 53.1735 6.83548 8.49932 0.18553 0.00401 45.8569 5.49151 21.4965 0.1689 147700000000 47660000000
 0.5500   288293 0.5600   297539      1       -1       -1       -1  0 1.52533e+11 1.33500e+11 122.580000 28.399000 40.800000  1 0.4700 96.190000 35.15025 52.27909 12.72053 65.880 -61.420 157.300 -2.830e+10 -1.436e+10 3.773e+09 0.02551 506413 506413 681087 7568 43 506367 506421 28.3994 133460000000 171590000000 123930000000 0 0 25.8457 0 0.02722 0.61289 0.38217 22.255 55.1464 19.8031 0 0 0 0 0 0.1863 151500000000 123900000000
 0.5400   279076 0.5500   288293      1       -1       -1       -1  0 1.52533e+11 1.33500e+11 122.899000 31.494000 43.380000  1 0.4700 95.890000 35.12833 52.29959 12.65973 65.090 -59.000 157.960 1.706e+10 -1.070e+10 -1.551e+10 0.01953 506414 506414 681087 7533 42 506367 506421 31.4939 133460000000 181130000000 66731000000 0 0 25.1521 5.73 0.02182 0.06999 0 26.6318 54.4386 -1.41055 0 0 0 0 0 0.2194 156700000000 133500000000
 0.5300   269832 0.5400   279076      1       -1       -1       -1  0 1.52533e+11 1.62100e+11 131.449000 44.150000 44.070000  1 0.4700 100.950000 35.10615 52.32039 12.59815 68.660 -52.710 153.340 1.967e+10 -3.850e+10 4.331e+09 0.02428 506415 506415 681087 7542 41 506367 506421 44.1503 162060000000 171590000000 76264000000 0 0 38.9036 11.96 0.02721 0.34348 0.12189 23.0775 62.8744 12.993 0 0 0 0 0 0.2135 156900000000 200200000000
 0.5200   260593 0.5300   269832      1       -1       -1       -1  0 1.52533e+11 1.43000e+11 126.391000 49.200000 41.280000  1 0.4700 97.000000 35.07412 52.33657 12.53384 56.350 -54.740 146.320 -7.201e+09 -4.185e+10 -1.846e+10 0.03240 506416 506416 681087 6417 40 506367 506421 49.1995 142990000000 142990000000 38132000000 0 0 13.0819 1.61 0.03601 0.38227 0.11098 11.572 68.1193 13.469 0 0 0 0 0 0.1777 162700000000 200200000000
 0.5100   251310 0.5200   260593      1       -1       -1       -1  0 1.46167e+11 1.52500e+11 129.454000 42.335000 44.920000  1 0.4700 100.760000 35.05068 52.35790 12.47087 47.460 -54.000 141.820 -1.608e+10 -3.285e+10 -7.095e+09 0.02356 506417 506417 681087 6361 39 506367 506421 42.3346 152530000000 152530000000 38132000000 0 0 16.4417 8.73 0.02625 0.54582 0.01364 -33.0228 29.3704 72.3471 0 0 0 0 0 0.1958 150400000000 200200000000
 0.5000   242138 0.5100   251310      1       -1       -1       -1  0 1.46167e+11 1.33500e+11 124.112000 52.177000 49.240000  1 0.4700 96.260000 35.02700 52.37955 12.40711 51.190 -47.830 136.410 -1.114e+10 -3.263e+10 5.804e+09 0.02779 506418 506418 681087 6371 38 506367 506421 52.1771 133460000000 133460000000 95330000000 0 0 17.5436 2.34 0.03104 0.65176 0.53794 9.61159 62.4478 30.9759 0 0 0 0 0 0.2271 138800000000 200200000000
 0.4900   232933 0.5000   242138      1       -1       -1       -1  0 1.39833e+11 1.52500e+11 130.061000 45.458000 45.500000  1 0.4700 102.180000 35.00016 52.43315 12.35087 49.360 -45.900 128.450 -5.996e+09 -1.369e+10 7.939e+08 0.01056 506419 506419 681087 7444 37 506367 506421 45.4576 152530000000 152530000000 104860000000 57198000000 9533000000 6.28235 4.72 0.01073 0.19791 0.01168 2.51357 13.4083 0.91883 0.49815 0.02229 37.399 -16.4524 8.31081 0.1633 130000000000 181100000000
 0.4800   223778 0.4900   232933      1       -1       -1       -1  0 1.39833e+11 1.33500e+11 124.680000 30.130000 45.230000  1 0.4700 101.610000 34.97071 52.45890 12.28743 48.260 -43.650 127.600 2.545e+09 1.616e+09 -7.361e+09 0.00722 506420 506420 681087 7450 36 506367 506421 30.1298 133460000000 133460000000 123930000000 47665000000 9533000000 19.5177 0 0.00719 0.21613 2e-05 18.3941 42.891 9.26967 0.54481 0.21197 -26.0606 27.9514 -7.10255 0.1639 125600000000 133500000000
 0.4700   214640 0.4800   223778      0       -1       -1       -1  0 1.33500e+11 1.33500e+11 124.953000 27.223000 44.250000  1 0.4700 103.830000 34.94990 52.47787 12.21935 49.350 -38.760 120.920 -1.082e+10 3.169e+10 -5.057e+09 0.03142 506421 506421 681087 7427 35 506367 506421 27.2229 133460000000 133460000000 123930000000 47665000000 0 10.0637 0 0.0309 0.19652 0.13205 10.8568 49.7943 15.0962 0.5242 0.31597 4.06475 41.4156 -5.57052 0.1522 127100000000 123900000000
