 1.0000   676119 0.0000       -1      1       -1       -1       -1  0 1.43000e+11 1.43000e+11 106.982000 12.553000 76.890000  1 0.9000 88.300000 2.74918 20.26604 61.48463 -141.620 111.460 -38.500 2.653e+10 5.142e+10 4.231e+10 0.03410 534799 534799 676119 1634 88 534798 534809 12.553 142990000000 142990000000 123930000000 95330000000 19066000000 8.7719 0 0.0437 0.26971 0.06392 6.51841 29.7365 18.2131 0.37304 0.00489 6.96239 13.1896 8.61203 0.6146 198700000000 66730000000
 0.9900   667955 1.0000   676119      1       -1       -1       -1  0 1.43000e+11 1.43000e+11 107.432000 7.750000 76.690000  1 0.9000 99.060000 2.76509 20.25738 61.48904 -140.010 110.610 -37.530 2.693e+10 5.047e+10 4.114e+10 0.03622 534800 534800 676119 1648 87 534798 534809 7.75043 142990000000 142990000000 123930000000 95330000000 19066000000 7.24679 0 0.04308 0.15753 0.05893 8.03185 24.2904 11.9205 0.09362 0 1.76578 13.1637 6.78382 0.5767 196100000000 19070000000
 0.9800   659604 0.9900   667955      1       -1       -1       -1  0 1.43000e+11 1.43000e+11 107.882000 11.356000 75.760000  1 0.9000 90.890000 2.78116 20.24540 61.49295 -137.580 105.200 -34.970 -1.787e+10 3.215e+10 1.226e+10 0.02002 534801 534801 676119 1635 86 534798 534809 11.3562 142990000000 142990000000 114400000000 104860000000 19066000000 8.65968 0 0.02378 0.36121 0.23789 5.32899 27.6312 15.413 0.79733 0.05499 -5.77305 0.52408 10.6203 0.5658 192800000000 57200000000
 0.9700   651284 0.9800   659604      1       -1       -1       -1  0 1.43000e+11 1.43000e+11 108.332000 11.787000 74.900000  1 0.9000 90.520000 2.79435 20.23338 61.49742 -135.920 104.480 -34.220 -1.510e+10 3.189e+10 1.172e+10 0.01985 534802 534802 676119 614 85 534798 534809 11.7871 142990000000 142990000000 114400000000 104860000000 0 8.80543 0 0.02287 0.38819 0.31288 2.47431 27.5263 14.1727 0.75237 0.01757 7.98365 13.0999 -8.36194 0.5436 189900000000 66730000000
 0.9600   642972 0.9700   651284      1       -1       -1       -1  0 1.43000e+11 1.43000e+11 108.781000 12.792000 76.170000  1 0.9000 89.330000 2.80816 20.22146 61.50122 -134.260 103.730 -33.450 -1.248e+10 3.152e+10 1.100e+10 0.01864 534803 534803 676119 589 84 534798 534809 12.7919 142990000000 142990000000 114400000000 85797000000 0 9.02631 0 0.02199 0.39351 0.35536 3.09314 27.7451 7.48364 0.37202 0.22163 -1.5875 22.5943 6.22724 0.5625 186100000000 76260000000
 0.9500   634682 0.9600   642972      1       -1       -1       -1  0 1.43000e+11 1.43000e+11 109.229000 15.198000 77.740000  1 0.9000 86.720000 2.82288 20.20682 61.50540 -132.610 102.980 -32.670 -9.974e+09 3.103e+10 1.004e+10 0.01669 534804 534804 676119 1702 83 534798 534809 15.1981 142990000000 142990000000 123930000000 85797000000 9533000000 11.9674 0 0.02111 0.2507 0.03294 3.74474 26.1638 -3.28267 0.48045 0.24871 -6.49259 31.789 2.14579 0.6052 162600000000 95330000000
 0.9400   626402 0.9500   634682      1       -1       -1       -1  0 1.43000e+11 1.43000e+11 109.677000 11.548000 75.430000  1 0.9000 92.030000 2.83887 20.19821 61.50799 -131.060 101.180 -32.160 -6.856e+09 4.966e+10 1.688e+10 0.02785 534805 534805 676119 2683 82 534798 534809 11.5479 142990000000 142990000000 123930000000 95330000000 9533000000 8.85138 0 0.03285 0.41249 0.07585 -1.30751 27.9697 0.8116 0.15616 0.0386 -6.29351 29.3083 7.86144 0.5549 173000000000 76260000000
 0.9300   618093 0.9400   626402      1       -1       -1       -1  1 1.43000e+11 1.43000e+11 110.125000 11.872000 70.640000  1 0.9000 91.880000 2.85339 20.18700 61.51155 -131.060 101.180 -32.160 -4.361e+09 4.867e+10 1.594e+10 0.02928 534806 534806 676119 8162 81 534798 534809 11.8809 142990000000 142990000000 123930000000 95330000000 4766500000 8.35559 0 0.03206 0.652745 0.212905 3.22263 25.5978 -4.84783 0.4088 0.11858 -0.147735 25.1003 -3.89793 0.48095 175850000000 71495000000
 0.9200   609753 0.9300   618093      1       -1       -1       -1  0 1.43000e+11 1.43000e+11 110.570000 12.196000 65.100000  1 0.9000 91.730000 2.86684 20.17721 61.51948 -127.140 99.920 -30.490 -1.865e+09 4.767e+10 1.501e+10 0.03070 534807 534807 676119 657 80 534798 534809 12.1962 142990000000 142990000000 123930000000 95330000000 0 7.85981 0 0.03127 0.893 0.34996 7.75278 23.2259 -10.5073 0.66144 0.19856 5.99804 20.8923 -15.6573 0.407 178700000000 66730000000
 0.9100   601410 0.9200   609753      1       -1       -1       -1  1 1.43000e+11 1.43000e+11 111.016000 11.531000 64.110000  1 0.9000 93.340000 2.88138 20.16578 61.52297 -127.140 99.920 -30.490 -2.545e+08 4.670e+10 1.463e+10 0.03002 534808 534808 676119 8199 79 534798 534809 11.5691 142990000000 142990000000 123930000000 104865000000 0 9.47893 0 0.03072 0.84729 0.370375 10.5946 20.516 -15.0811 0.41595 0.09928 -5.24756 1.82076 4.18577 0.39935 182950000000 52430000000
 0.9000   593058 0.9100   601410      0       -1       -1       -1  0 1.43000e+11 1.43000e+11 111.458000 10.865000 63.090000  1 0.9000 94.900000 2.89933 20.14720 61.52425 -123.100 98.480 -28.790 1.356e+09 4.573e+10 1.425e+10 0.02934 534809 534809 676119 1725 78 534798 534809 10.8654 142990000000 142990000000 123930000000 114400000000 0 11.098 0 0.03017 0.80158 0.39079 13.4365 17.8061 -19.6549 0.17046 0 -16.4932 -17.2508 24.0288 0.3917 187200000000 38130000000
