 1.0000   679349 0.0000       -1      1       -1       -1       -1  0 1.43000e+11 1.23900e+11 101.998000 5.951000 73.670000  1 0.7700 99.580000 27.93584 34.60041 23.43824 -108.150 137.260 50.910 2.320e+10 -1.135e+10 2.753e+10 0.03034 543325 543325 679349 4864 88 543324 543348 5.95105 123930000000 142990000000 123930000000 104860000000 47665000000 4.30444 0 0.02921 0.70282 0.68679 4.71402 16.0738 5.70132 0.65545 0.10927 3.27656 14.6666 -5.31881 0.4748 215400000000 38130000000
 0.9900   671209 1.0000   679349      1       -1       -1       -1  0 1.43000e+11 1.23900e+11 102.428000 5.915000 72.880000  1 0.7700 100.150000 27.94748 34.58616 23.43262 -113.620 138.400 55.130 2.375e+10 -1.150e+10 2.716e+10 0.03085 543326 543326 679349 4850 87 543324 543348 5.91494 123930000000 142990000000 123930000000 95330000000 47665000000 5.36434 10 0.02939 0.80448 0.69605 1.86743 12.1647 13.7524 0.86096 0.62803 5.62373 2.16889 15.5603 0.4677 215700000000 38130000000
 0.9800   662808 0.9900   671209      1       -1       -1       -1  0 1.43000e+11 1.23900e+11 102.857000 5.567000 69.560000  1 0.7700 102.250000 27.95917 34.57201 23.42693 -110.720 131.120 50.080 -1.344e+10 -1.250e+10 1.812e+10 0.02249 543327 543327 679349 4816 86 543324 543348 5.56712 123930000000 123930000000 123930000000 95330000000 57198000000 6.34036 0 0.02008 0.76101 0.43853 0.61288 12.5163 15.3879 0.38506 0.15299 2.88821 8.23408 22.0509 0.4027 214900000000 28600000000
 0.9700   654445 0.9800   662808      1       -1       -1       -1  0 1.43000e+11 1.43000e+11 108.332000 13.710000 72.280000  1 0.7700 87.750000 27.95763 34.59241 23.40748 -99.920 123.960 46.480 2.815e+09 -4.637e+10 -4.546e+09 0.02265 543328 543328 679349 7796 85 543324 543348 13.7105 142990000000 181130000000 114400000000 85797000000 0 22.6308 0 0.02871 0.51939 0.10275 -7.43924 36.7064 -14.8568 0.23668 0 6.21346 20.6639 -1.55834 0.579 167500000000 85800000000
 0.9600   646123 0.9700   654445      1       -1       -1       -1  0 1.43000e+11 1.43000e+11 108.781000 12.111000 73.030000  1 0.7700 90.360000 27.95249 34.58398 23.42220 -97.260 120.580 44.360 9.570e+09 -5.888e+10 8.776e+09 0.02673 543329 543329 679349 4937 84 543324 543348 12.1109 142990000000 200190000000 114400000000 0 0 20.5647 6.11 0.03721 0.4097 0.3253 -26.7411 33.1484 3.87338 0 0 0 0 0 0.6287 181000000000 38130000000
 0.9500   637800 0.9600   646123      1       -1       -1       -1  0 1.43000e+11 1.23900e+11 104.141000 6.921000 76.230000  1 0.7700 97.660000 27.98236 34.54804 23.41468 -104.520 120.790 47.870 -1.365e+10 -1.141e+10 1.449e+10 0.01829 543330 543330 679349 4889 83 543324 543348 6.92103 123930000000 162060000000 104860000000 95330000000 38132000000 16.3946 0 0.01803 0.78555 0.52919 -5.04786 12.7516 3.8433 0.81574 0.55763 11.4787 -4.69094 5.06164 0.4923 196600000000 38130000000
 0.9400   629496 0.9500   637800      1       -1       -1       -1  0 1.43000e+11 1.43000e+11 109.677000 19.197000 74.690000  1 0.7700 83.660000 27.97031 34.55382 23.41297 -88.910 117.270 43.040 4.641e+09 -5.428e+10 -3.333e+09 0.02198 543331 543331 679349 4947 82 543324 543348 19.1967 152530000000 171590000000 114400000000 9533000000 0 21.2685 0 0.03389 0.11577 0.0084 -21.36 34.0288 12.8967 0 0 0 0 0 0.6819 151900000000 114400000000
 0.9300   621174 0.9400   629496      1       -1       -1       -1  0 1.43000e+11 1.52500e+11 112.519000 20.330000 76.470000  1 0.7700 85.340000 27.99171 34.53391 23.38753 -92.210 116.570 41.680 4.311e+10 -5.335e+10 6.516e+09 0.02719 543332 543332 679349 4902 81 543324 543348 20.3296 152530000000 171590000000 104860000000 85797000000 0 20.6947 0 0.03855 0.05427 0.00754 -16.2188 31.2274 -2.89749 0.3829 0.00429 -16.7883 34.386 -6.48586 0.6408 156400000000 104900000000
 0.9200   612829 0.9300   621174      1       -1       -1       -1  0 1.43000e+11 1.14400e+11 102.644000 3.329000 81.040000  1 0.7700 118.060000 28.03098 34.48891 23.39105 -99.230 110.050 50.580 2.297e+10 -4.694e+09 1.769e+10 0.03247 543333 543333 679349 4939 80 543324 543348 3.32927 114400000000 123930000000 104860000000 95330000000 76264000000 0.00164 0 0.02663 0.41232 0.12142 10.968 10.2714 -1.49565 0.40455 0.07804 8.20769 10.9785 -2.85195 0.4402 258700000000 47660000000
 0.9100   604464 0.9200   612829      1       -1       -1       -1  0 1.43000e+11 1.23900e+11 105.843000 4.622000 74.020000  1 0.7700 111.210000 28.04326 34.47539 23.38476 -96.640 107.690 45.780 -1.411e+10 -1.003e+10 1.029e+10 0.01863 543334 543334 679349 4957 79 543324 543348 4.62207 123930000000 123930000000 104860000000 95330000000 76264000000 7.38592 0 0.01603 0.89691 0.63996 7.88138 10.8541 1.79414 0.58997 0.18508 15.0462 9.74483 -1.78595 0.4092 214200000000 47660000000
 0.9000   596091 0.9100   604464      1       -1       -1       -1  0 1.43000e+11 1.23900e+11 106.266000 6.320000 70.490000  1 0.7700 102.300000 28.05564 34.46199 23.37838 -92.590 109.260 45.480 5.371e+10 -2.190e+10 1.268e+10 0.05307 543335 543335 679349 4959 78 543324 543348 6.31975 123930000000 123930000000 104860000000 104860000000 57198000000 7.28244 0 0.04745 0.7225 0.61801 1.86693 -1.41805 15.6325 0.40246 0.14811 5.36599 3.21084 14.5376 0.3983 179300000000 47660000000
 0.8900   587678 0.9000   596091      1       -1       -1       -1  0 1.43000e+11 1.33500e+11 109.356000 11.505000 63.840000  1 0.7700 91.520000 28.05174 34.47142 23.36665 -90.010 107.810 41.730 2.292e+10 -2.501e+10 4.737e+09 0.02285 543336 543336 679349 4923 77 543324 543348 11.5055 133460000000 152530000000 123930000000 85797000000 9533000000 21.1879 0 0.02428 0.59832 0.06815 -10.1162 31.0611 13.841 0.18397 0 -10.9966 18.7095 0.78543 0.4232 162300000000 57200000000
 0.8800   579293 0.8900   587678      1       -1       -1       -1  0 1.43000e+11 1.33500e+11 109.787000 11.602000 61.010000  1 0.7700 91.770000 28.06522 34.45183 23.36723 -87.970 104.940 41.310 2.351e+10 -2.386e+10 3.967e+09 0.02395 543337 543337 679349 863 76 543324 543348 11.6017 133460000000 142990000000 123930000000 85797000000 9533000000 16.7396 0 0.024 0.65497 0.33798 -4.44906 16.5509 13.8085 0.6409 0.08076 -8.96086 13.847 3.28659 0.3714 175800000000 57200000000
 0.8700   570831 0.8800   579293      1       -1       -1       -1  0 1.43000e+11 1.33500e+11 110.217000 12.136000 61.240000  1 0.7700 91.310000 28.07703 34.43769 23.36150 -85.940 102.100 40.990 2.398e+10 -2.272e+10 3.283e+09 0.02356 543338 543338 679349 3937 75 543324 543348 12.1361 133460000000 142990000000 123930000000 95330000000 0 17.1677 0 0.02371 0.49098 0.2434 -2.45652 21.2359 20.7218 0.69709 0.21895 -8.01571 19.1399 -3.43812 0.3725 169400000000 57200000000
 0.8600   562372 0.8700   570831      1       -1       -1       -1  0 1.43000e+11 1.23900e+11 107.945000 9.003000 63.750000  1 0.7700 95.240000 28.10326 34.41373 23.35306 -84.200 96.190 41.130 4.444e+10 -2.261e+10 1.168e+10 0.04344 543339 543339 679349 5107 74 543324 543348 9.00285 123930000000 142990000000 123930000000 95330000000 0 6.5301 0 0.04154 0.91853 0.68706 -8.48551 4.26783 20.8045 0.72508 0.20341 16.3154 13.3164 11.5312 0.3768 168500000000 47660000000
 0.8500   553934 0.8600   562372      1       -1       -1       -1  0 1.43000e+11 1.43000e+11 113.656000 10.047000 66.860000  1 0.7700 98.910000 28.11548 34.39929 23.34705 -81.840 96.530 40.730 5.717e+09 -7.291e+10 -4.746e+09 0.04775 543340 543340 679349 5028 73 543324 543348 10.0471 142990000000 142990000000 123930000000 95330000000 0 7.3972 7.75 0.04701 0.85603 0.56135 -3.5021 15.4193 17.5871 0.78335 0.16527 21.9069 5.10894 -3.86694 0.3869 174400000000 66730000000
 0.8400   545431 0.8500   553934      1       -1       -1       -1  0 1.43000e+11 1.43000e+11 114.091000 9.338000 68.760000  1 0.7700 101.150000 28.12773 34.38486 23.34086 -79.710 93.750 40.950 6.457e+09 -7.095e+10 -5.054e+09 0.04708 543341 543341 679349 5060 72 543324 543348 9.33765 142990000000 142990000000 133460000000 95330000000 28599000000 6.45091 8.3 0.046 0.95527 0.71317 1.16502 14.4037 13.8854 0.52581 0.02327 9.60392 22.0474 7.33659 0.3963 180300000000 38130000000
 0.8300   536912 0.8400   545431      1       -1       -1       -1  0 1.43000e+11 1.43000e+11 114.524000 9.009000 69.610000  1 0.7700 102.550000 28.13998 34.37046 23.33442 -72.200 90.120 34.140 8.091e+09 -6.585e+10 -4.912e+09 0.04545 543342 543342 679349 5055 71 543324 543348 9.00898 142990000000 142990000000 133460000000 95330000000 28599000000 5.42887 0 0.04302 0.97872 0.77619 4.05289 2.12452 12.0327 0.38416 0.01114 17.9871 10.5939 -1.47246 0.3837 166300000000 38130000000
 0.8200   528316 0.8300   536912      1       -1       -1       -1  0 1.43000e+11 1.43000e+11 114.955000 6.531000 69.120000  1 0.7700 112.070000 28.14597 34.35822 23.32574 -70.000 87.580 33.580 8.206e+09 -6.475e+10 -5.199e+09 0.04658 543343 543343 679349 4031 70 543324 543348 6.53052 142990000000 152530000000 142990000000 114400000000 38132000000 5.50506 0 0.04253 0.85697 0.5833 9.29665 11.6904 -3.20974 0.11602 0.05183 12.1084 7.46244 3.96525 0.3628 176500000000 38130000000
 0.8100   519673 0.8200   528316      1       -1       -1       -1  0 1.43000e+11 1.43000e+11 115.384000 9.450000 70.470000  1 0.7700 102.410000 28.15808 34.34351 23.31942 -66.850 87.550 29.740 3.388e+09 -8.032e+10 -4.299e+10 0.06411 543344 543344 679349 5082 69 543324 543348 9.44956 142990000000 152530000000 142990000000 104860000000 38132000000 7.61616 0 0.05946 0.74426 0.62787 6.06842 -5.98376 20.019 0.78653 0.19057 12.2298 -1.63953 16.6007 0.3762 184600000000 47660000000
 0.8000   510993 0.8100   519673      1       -1       -1       -1  0 1.43000e+11 1.43000e+11 115.811000 8.987000 71.350000  1 0.7700 104.220000 28.16829 34.32961 23.31203 -65.200 84.570 28.740 2.861e+09 -7.919e+10 -4.233e+10 0.06462 543345 543345 679349 4079 68 543324 543348 8.9871 142990000000 152530000000 142990000000 104860000000 57198000000 6.44696 0 0.05885 0.66476 0.44461 -2.98935 -8.83812 24.706 0.58455 0.21319 -0.08642 -7.64755 24.7749 0.3727 194200000000 57200000000
 0.7900   502348 0.8000   510993      1       -1       -1       -1  0 1.43000e+11 1.43000e+11 116.235000 7.054000 71.290000  1 0.7700 111.540000 28.17986 34.31490 23.30696 -65.300 81.760 33.630 -2.694e+10 -7.674e+10 -2.251e+10 0.06318 543346 543346 679349 5106 67 543324 543348 7.05353 142990000000 152530000000 133460000000 104860000000 9533000000 7.16301 0 0.05553 0.82798 0.41915 -3.78417 -2.30291 21.8925 0.1414 0.06046 -8.82124 -11.0005 30.4728 0.351 206200000000 19070000000
 0.7800   493709 0.7900   502348      1       -1       -1       -1  0 1.39833e+11 1.43000e+11 116.658000 8.049000 73.540000  1 0.7700 108.330000 28.19118 34.30161 23.30120 -63.390 79.780 32.690 -2.635e+10 -7.548e+10 -2.194e+10 0.06183 543347 543347 679349 4123 66 543324 543348 8.04895 142990000000 152530000000 133460000000 114400000000 47665000000 6.57835 0 0.0548 0.64277 0.52979 -10.1182 -3.24328 20.6966 0.42129 0.0933 -16.2887 -8.17721 27.4331 0.3688 200000000000 47660000000
 0.7700   485028 0.7800   493709      0       -1       -1       -1  0 1.33500e+11 1.33500e+11 114.416000 7.953000 76.840000  1 0.7700 106.160000 28.20228 34.28744 23.29742 -60.520 75.310 30.530 -2.446e+10 -6.594e+10 -3.662e+10 0.06487 543348 543348 679349 5188 65 543324 543348 7.95319 133460000000 152530000000 133460000000 114400000000 38132000000 10.257 0 0.05908 0.66976 0.41576 -5.63716 0.80992 12.7859 0.83299 0.17606 3.55574 -1.84782 11.6068 0.4133 200400000000 47660000000
