 1.0000   680991 0.0000       -1      1       -1       -1       -1  0 3.20933e+11 2.86000e+11 134.788000 10.660000 120.800000  1 0.7000 121.630000 37.99526 62.25927 6.42934 58.380 -67.230 108.190 -1.105e+11 2.036e+10 3.054e+11 0.04822 403057 403057 680991 6506 88 403056 403087 10.6602 285990000000 295520000000 285990000000 209730000000 19066000000 9.88494 0 0.06248 0.68677 0.29144 15.6354 19.6978 -6.529 0.35222 0.15132 25.3856 24.207 -5.09648 0.7238 398800000000 123900000000
 0.9900   672875 1.0000   680991      1       -1       -1       -1  0 3.20933e+11 2.86000e+11 135.356000 11.398000 116.020000  1 0.7000 120.140000 37.98994 62.27074 6.41751 61.300 -66.590 105.400 -1.051e+11 -7.360e+09 3.045e+11 0.05277 403058 403058 680991 6498 87 403056 403087 11.3975 285990000000 295520000000 285990000000 228790000000 9533000000 12.1549 0 0.06206 0.74589 0.2041 11.5104 -12.5841 21.2612 0.16449 0.0063 18.761 -4.63753 21.7464 0.6657 398100000000 143000000000
 0.9800   664442 0.9900   672875      1       -1       -1       -1  0 3.20933e+11 2.86000e+11 135.923000 15.761000 110.600000  1 0.7000 112.190000 37.97685 62.26623 6.41841 57.840 -66.670 109.360 -1.050e+11 2.095e+10 2.999e+11 0.04460 403059 403059 680991 6500 86 403056 403087 15.7606 285990000000 295520000000 285990000000 181130000000 9533000000 23.349 0 0.06152 0.60949 0.2044 0.90911 25.7494 -19.8684 0.71807 0.01016 -2.9769 20.7085 -13.5867 0.714 375100000000 162100000000
 0.9700   656052 0.9800   664442      1       -1       -1       -1  0 3.20933e+11 3.24100e+11 142.305000 23.056000 106.970000  1 0.7000 110.210000 37.96820 62.31173 6.36152 56.600 -57.950 104.360 5.173e+10 9.350e+10 2.236e+11 0.03087 403060 403060 680991 5513 85 403056 403087 23.0555 324120000000 343190000000 247860000000 162060000000 38132000000 15.8203 0 0.03897 0.37358 0.23442 21.7957 -16.8849 32.1457 0.8072 0.14622 9.48355 3.60842 15.4299 0.6407 349200000000 238300000000
 0.9600   647712 0.9700   656052      1       -1       -1       -1  0 3.20933e+11 2.86000e+11 137.056000 17.638000 101.930000  1 0.7000 110.540000 37.98616 62.30413 6.37186 56.040 -64.240 106.670 -1.228e+11 2.117e+10 2.406e+11 0.04691 403061 403061 680991 6547 84 403056 403087 17.6385 285990000000 343190000000 257390000000 190660000000 0 16.0361 0 0.05266 0.56259 0.35231 18.6569 -19.2796 24.5452 0.58575 0.02558 8.12326 -0.31074 25.2179 0.5826 336300000000 190700000000
 0.9500   639386 0.9600   647712      1       -1       -1       -1  0 3.20933e+11 2.66900e+11 134.492000 24.586000 90.680000  1 0.7000 101.990000 38.00546 62.26134 6.37063 55.030 -53.570 102.340 -6.026e+10 4.575e+10 1.556e+11 0.02753 403062 403062 680991 6558 83 403056 403087 24.5857 266920000000 314590000000 209730000000 0 0 46.7567 3.06 0.03784 0.61877 0.33617 -26.9893 46.874 -8.08027 0 0 0 0 0 0.6275 282100000000 209700000000
 0.9400   631071 0.9500   639386      1       -1       -1       -1  0 3.20933e+11 2.66900e+11 135.043000 27.096000 87.760000  1 0.7000 100.960000 37.99916 62.26732 6.35858 55.950 -53.890 104.440 -1.532e+11 -5.583e+10 8.837e+10 0.03136 403063 403063 680991 6567 82 403056 403087 27.0964 266920000000 333650000000 200190000000 0 0 40.8343 1.74 0.0407 0.64387 0.01369 -15.6967 46.0045 -16.8144 0 0 0 0 0 0.5823 284800000000 209700000000
 0.9300   622742 0.9400   631071      1       -1       -1       -1  0 3.20933e+11 3.24100e+11 144.658000 31.759000 93.010000  1 0.7000 106.800000 37.95711 62.31651 6.32679 52.020 -54.950 103.450 2.420e+10 9.268e+10 2.059e+11 0.03224 403064 403064 680991 6648 81 403056 403087 31.7587 324120000000 362250000000 247860000000 123930000000 9533000000 13.7993 0 0.03617 0.36686 0.13391 -7.86917 -14.4523 31.4341 0.14231 0.0223 21.1973 10.0155 -10.6058 0.513 338800000000 305100000000
 0.9200   614396 0.9300   622742      1       -1       -1       -1  0 3.20933e+11 3.24100e+11 145.244000 32.169000 91.470000  1 0.7000 107.050000 37.95058 62.32372 6.31426 50.360 -53.380 102.960 5.551e+09 9.337e+10 2.029e+11 0.03259 403065 403065 680991 6661 80 403056 403087 32.1687 324120000000 362250000000 257390000000 123930000000 28599000000 12.8864 0 0.03572 0.53669 0.17179 -1.97886 -12.4458 30.2939 0.37175 0.02058 14.0099 -0.42083 -12.5207 0.4876 327900000000 295500000000
 0.9100   606026 0.9200   614396      1       -1       -1       -1  0 3.20933e+11 3.14600e+11 144.384000 28.261000 92.240000  1 0.7000 108.100000 37.92761 62.33655 6.31274 50.810 -51.420 102.360 1.452e+10 9.632e+10 2.636e+11 0.04302 403066 403066 680991 6631 79 403056 403087 28.2614 314590000000 352720000000 247860000000 142990000000 0 7.00629 0 0.04738 0.69726 0.21052 7.9432 -21.3338 30.2838 0.51268 0.26727 -19.2141 3.11626 19.2142 0.4973 318500000000 247900000000
 0.9000   597649 0.9100   606026      1       -1       -1       -1  0 3.20933e+11 3.05100e+11 143.482000 27.232000 92.640000  1 0.7000 107.850000 37.91961 62.35703 6.29372 48.000 -52.480 102.730 4.362e+10 4.705e+10 2.284e+11 0.03663 403067 403067 680991 6628 78 403056 403087 27.2319 305060000000 352720000000 257390000000 133460000000 0 17.8034 0 0.04224 0.15448 0.11303 -25.6124 29.6937 -23.8597 0.7623 0.09728 -11.4671 11.5648 -10.077 0.525 320200000000 247900000000
 0.8900   589236 0.9000   597649      1       -1       -1       -1  0 3.20933e+11 2.95500e+11 142.535000 18.508000 92.730000  1 0.7000 114.240000 37.93023 62.34591 6.27519 44.850 -48.660 102.140 2.786e+10 5.871e+10 9.623e+10 0.02097 403068 403068 680991 6724 77 403056 403087 18.5083 295520000000 362250000000 257390000000 142990000000 38132000000 8.88891 0 0.02188 0.73064 0.45793 1.00083 -15.2511 30.3096 0.24731 0 22.5532 7.79449 2.97139 0.4753 342500000000 152500000000
 0.8800   580849 0.8900   589236      1       -1       -1       -1  0 3.20933e+11 3.14600e+11 146.110000 22.406000 92.100000  1 0.7000 113.560000 37.92319 62.35349 6.26167 46.700 -48.300 101.100 -2.119e+10 -7.030e+09 2.619e+10 0.00565 403069 403069 680991 6693 76 403056 403087 22.4057 314590000000 352720000000 257390000000 181130000000 19066000000 4.83217 1.62 0.00586 0.78905 0.56128 1.46861 -16.4288 26.2438 0.5098 0.29922 23.7337 3.55614 6.18623 0.4573 334600000000 228800000000
 0.8700   572375 0.8800   580849      1       -1       -1       -1  0 3.20933e+11 2.76500e+11 140.499000 15.343000 97.780000  1 0.7000 116.600000 37.89930 62.35522 6.25729 45.260 -43.750 100.400 3.048e+10 7.017e+10 1.461e+11 0.03488 403070 403070 680991 5764 75 403056 403087 15.3426 276460000000 352720000000 238320000000 200190000000 38132000000 12.2017 0 0.03499 0.84298 0.53542 -1.28829 20.3718 -17.46 0.69732 0.26096 16.9661 18.2631 0.47791 0.4893 339300000000 152500000000
 0.8600   563917 0.8700   572375      1       -1       -1       -1  0 3.20933e+11 2.66900e+11 139.404000 13.536000 99.700000  1 0.7000 118.710000 37.89942 62.33931 6.25821 45.160 -42.370 100.270 4.829e+10 5.958e+10 1.092e+11 0.02999 403071 403071 680991 6826 74 403056 403087 13.5363 266920000000 333650000000 238320000000 190660000000 47665000000 20.1588 0 0.03013 0.91324 0.43419 10.6857 -13.4933 19.0654 0.72504 0.04957 7.70478 -12.4854 15.3826 0.5048 331800000000 123900000000
 0.8500   555479 0.8600   563917      1       -1       -1       -1  0 3.20933e+11 2.86000e+11 143.197000 14.635000 99.420000  1 0.7000 120.570000 37.89071 62.35564 6.23756 50.300 -45.720 98.720 -4.395e+09 -3.743e+09 7.271e+10 0.01463 403072 403072 680991 6713 73 403056 403087 14.6353 285990000000 343190000000 238320000000 209730000000 47665000000 19.6432 0 0.01474 0.65084 0.38468 -3.81032 -10.9789 25.5113 0.65022 0.17718 0.98016 -7.06427 21.8463 0.4913 340400000000 152500000000
 0.8400   546979 0.8500   555479      1       -1       -1       -1  0 3.20933e+11 3.05100e+11 146.871000 20.363000 96.370000  1 0.7000 116.240000 37.87225 62.37968 6.21049 48.790 -43.740 92.290 -3.858e+10 5.417e+10 1.442e+11 0.02718 403073 403073 680991 6791 72 403056 403087 20.3626 305060000000 352720000000 257390000000 162060000000 0 20.5837 0 0.02894 0.4907 0.25866 -0.14635 33.4708 -16.471 0.12776 0.01674 23.1732 26.2257 -23.4345 0.4899 315300000000 190700000000
 0.8300   538460 0.8400   546979      1       -1       -1       -1  0 3.20933e+11 3.14600e+11 148.948000 25.050000 95.900000  1 0.7000 114.030000 37.87557 62.35535 6.19844 47.740 -43.530 93.210 -7.436e+10 4.748e+10 6.514e+10 0.01805 403074 403074 680991 6777 71 403056 403087 25.0495 314590000000 333650000000 257390000000 152530000000 57198000000 28.1131 2.33 0.01906 0.66947 0.20944 -7.91332 -6.33491 28.19 0.25353 0.08528 -14.7784 -1.86831 32.7495 0.4787 308000000000 228800000000
 0.8200   529867 0.8300   538460      1       -1       -1       -1  0 3.20933e+11 3.14600e+11 149.509000 21.814000 95.050000  1 0.7000 117.320000 37.86329 62.38020 6.18629 48.390 -42.420 88.750 -4.963e+10 9.852e+10 1.203e+11 0.02656 403075 403075 680991 5797 70 403056 403087 21.8144 314590000000 333650000000 285990000000 142990000000 9533000000 21.7483 0 0.02849 0.56353 0.35876 3.19747 -24.3447 24.6574 0.13801 0.0198 -6.75607 -16.4661 23.6226 0.4808 353700000000 162100000000
 0.8100   521219 0.8200   529867      1       -1       -1       -1  0 3.20933e+11 3.24100e+11 151.568000 24.399000 91.940000  1 0.7000 116.990000 37.86839 62.38701 6.16423 47.160 -42.060 89.270 -6.918e+10 5.265e+10 1.030e+11 0.02132 403076 403076 680991 6894 69 403056 403087 24.3988 324120000000 324120000000 314590000000 152530000000 9533000000 10.7758 0 0.02247 0.55524 0.442 -1.7403 32.605 -25.4046 0.10028 0 -6.87997 -8.19704 24.5527 0.451 348700000000 209700000000
 0.8000   512536 0.8100   521219      1       -1       -1       -1  0 3.20933e+11 3.14600e+11 150.622000 35.136000 88.530000  1 0.7000 110.370000 37.86994 62.36882 6.16910 46.260 -39.450 85.820 -6.844e+10 3.301e+10 8.679e+10 0.01881 403077 403077 680991 5918 68 403056 403087 35.1359 314590000000 333650000000 257390000000 123930000000 9533000000 29.464 0 0.02031 0.38156 0.14278 27.21 -24.8159 24.1081 0.78179 0.10327 -11.7419 16.0113 -4.53589 0.4431 297000000000 295500000000
 0.7900   503895 0.8000   512536      1       -1       -1       -1  0 3.20933e+11 3.24100e+11 152.687000 25.145000 87.940000  1 0.7000 117.580000 37.86086 62.40472 6.13578 47.900 -39.740 85.210 -1.041e+11 3.172e+10 1.538e+10 0.01796 403078 403078 680991 6920 67 403056 403087 25.1455 324120000000 333650000000 295520000000 162060000000 0 6.2574 0 0.01848 0.61111 0.22801 -18.76 39.8344 -32.1042 0.88402 0.02832 16.4611 22.6446 -0.42604 0.4138 324200000000 238300000000
 0.7800   495260 0.7900   503895      1       -1       -1       -1  0 3.17767e+11 3.24100e+11 153.241000 23.876000 87.580000  1 0.7000 119.220000 37.85218 62.41272 6.11976 47.920 -41.940 88.480 -8.306e+10 -1.256e+10 -6.050e+09 0.01399 403079 403079 680991 5896 66 403056 403087 23.8758 324120000000 324120000000 266920000000 190660000000 9533000000 4.99922 0 0.01423 0.56012 0.07747 1.36718 24.2623 -18.0994 0.09613 0.00184 4.66613 -23.6699 29.5579 0.4019 310700000000 228800000000
 0.7700   486578 0.7800   495260      1       -1       -1       -1  0 3.14600e+11 3.05100e+11 150.716000 21.113000 86.360000  1 0.7000 119.620000 37.83886 62.42334 6.10295 47.450 -41.040 91.770 -1.277e+11 -4.951e+10 -1.349e+10 0.02651 403080 403080 680991 6935 65 403056 403087 21.1135 305060000000 324120000000 257390000000 200190000000 28599000000 11.2817 2.63 0.02584 0.34984 0.12142 -4.28327 27.7542 -18.242 0.94953 0.55644 26.0388 -18.3991 21.0822 0.3797 302300000000 200200000000
 0.7600   477876 0.7700   486578      1       -1       -1       -1  0 3.14600e+11 2.95500e+11 149.661000 23.529000 85.720000  1 0.7000 116.520000 37.83590 62.43452 6.06723 48.790 -40.160 87.540 -1.602e+11 -2.973e+10 -2.861e+09 0.03250 403081 403081 680991 6943 64 403056 403087 23.5289 295520000000 295520000000 285990000000 190660000000 19066000000 10.1207 0 0.03242 0.29844 0.19007 4.04865 -34.2297 35.4644 0.34797 0.02597 -9.05662 23.0156 -22.6867 0.393 317900000000 209700000000
 0.7500   469156 0.7600   477876      1       -1       -1       -1  0 3.14600e+11 2.95500e+11 150.189000 19.710000 84.320000  1 0.7000 120.990000 37.82393 62.42379 6.05501 45.450 -39.920 88.830 -1.145e+11 -3.008e+10 6.651e+10 0.02783 403082 403082 680991 6995 63 403056 403087 19.7098 295520000000 295520000000 247860000000 190660000000 0 18.0468 0 0.02716 0.58457 0.44187 -7.15838 26.7468 -26.0207 0.60719 0.38187 3.02123 -17.0764 23.2929 0.3733 300500000000 190700000000
 0.7400   460356 0.7500   469156      1       -1       -1       -1  0 3.14600e+11 2.86000e+11 149.076000 20.572000 82.110000  1 0.7000 119.130000 37.82310 62.45764 6.02332 42.900 -39.550 90.800 -1.078e+11 2.845e+09 3.250e+10 0.02379 403083 403083 680991 7005 62 403056 403087 20.5722 285990000000 305060000000 276460000000 190660000000 0 18.4699 0 0.02391 0.11486 0.04648 3.18425 49.5583 -36.7366 0.36392 0.22581 -2.54822 39.1382 -31.542 0.3745 325400000000 190700000000
 0.7300   451534 0.7400   460356      1       -1       -1       -1  0 3.14600e+11 2.86000e+11 149.591000 20.379000 80.070000  1 0.7000 120.030000 37.81626 62.46991 6.00154 42.760 -39.050 89.250 -1.079e+11 3.364e+09 3.262e+10 0.02390 403084 403084 680991 5958 61 403056 403087 20.3788 285990000000 295520000000 257390000000 171590000000 0 23.7523 0 0.02407 0.11232 0.04524 3.98283 56.417 -38.6134 0.4746 0.07445 -7.36889 -26.712 50.0174 0.3636 313500000000 171600000000
 0.7200   442690 0.7300   451534      1       -1       -1       -1  0 3.14600e+11 2.76500e+11 148.416000 27.825000 79.070000  1 0.7000 113.070000 37.78659 62.45846 6.02485 42.800 -39.370 87.240 -1.232e+11 9.414e+09 1.742e+10 0.02885 403085 403085 680991 7086 60 403056 403087 27.8252 276460000000 314590000000 247860000000 133460000000 28599000000 25.9147 0 0.02832 0.85795 0.41164 3.10711 24.29 -23.2853 0.43503 0.09418 -7.64259 3.65056 18.4085 0.3509 269100000000 228800000000
 0.7100   433788 0.7200   442690      1       -1       -1       -1  0 3.14600e+11 2.95500e+11 152.265000 39.683000 80.550000  1 0.7000 111.610000 37.77633 62.46731 6.00673 42.550 -38.140 86.010 -6.274e+10 1.058e+10 5.543e+10 0.01684 403086 403086 680991 6052 59 403056 403087 39.6833 295520000000 305060000000 247860000000 104860000000 19066000000 25.5941 2.65 0.01722 0.72674 0.2623 -16.4818 -6.47977 24.7884 0.27912 0.08426 -10.6443 2.87993 15.7032 0.366 269700000000 305100000000
 0.7000   424819 0.7100   433788      0       -1       -1       -1  0 3.14600e+11 3.14600e+11 155.991000 37.043000 84.770000  1 0.7000 115.710000 37.76246 62.48527 5.96838 41.190 -40.170 85.890 -4.676e+10 -8.536e+09 9.863e+10 0.01973 403087 403087 680991 7175 58 403056 403087 37.0431 314590000000 314590000000 238320000000 152530000000 9533000000 12.306 0 0.02025 0.52123 0.20535 -18.4003 0.7117 31.4143 0.58612 0.16467 21.6215 -4.59063 -18.8907 0.3749 286600000000 276500000000
