 1.0000   681284 0.0000       -1      1       -1       -1       -1  0 1.77933e+11 1.71600e+11 113.685000 10.698000 87.600000  1 0.7000 98.440000 30.85832 41.71535 26.90815 65.800 55.610 -119.790 1.064e+11 3.894e+10 -1.915e+11 0.07665 517332 517332 681284 6799 88 517331 517362 10.6979 171590000000 171590000000 152530000000 133460000000 0 12.1348 0 0.10009 0.17873 0.01388 -9.68651 51.5783 -9.73483 0.19441 0.01392 -2.12775 43.4736 -2.51643 0.6536 235600000000 57200000000
 0.9900   673169 1.0000   681284      1       -1       -1       -1  0 1.77933e+11 1.71600e+11 114.164000 9.920000 86.210000  1 0.7000 100.580000 30.85068 41.72387 26.91729 62.240 62.310 -120.630 1.329e+11 5.022e+10 -2.237e+11 0.10453 517333 517333 681284 6775 87 517331 517362 9.92011 171590000000 171590000000 162060000000 142990000000 0 5.61904 0 0.11959 0.48101 0.18703 -4.75006 32.9855 -5.1396 0.25153 0.03703 -0.40336 32.2446 -1.16829 0.5827 249100000000 57200000000
 0.9800   664733 0.9900   673169      1       -1       -1       -1  0 1.77933e+11 1.62100e+11 112.479000 8.034000 85.350000  1 0.7000 103.860000 30.83874 41.74178 26.92331 62.510 64.110 -119.420 1.180e+11 5.578e+10 -2.169e+11 0.12010 517334 517334 681284 6776 86 517331 517362 8.03395 162060000000 171590000000 162060000000 104860000000 38132000000 17.2658 0 0.12601 0.65909 0.29696 -9.31898 17.9689 -8.16924 0.04362 0 -5.88687 9.62374 -9.04176 0.5433 221700000000 66730000000
 0.9700   656339 0.9800   664733      1       -1       -1       -1  0 1.77933e+11 1.71600e+11 115.120000 9.234000 81.080000  1 0.7000 103.150000 30.84151 41.71131 26.94348 61.610 63.520 -119.130 1.294e+11 5.033e+10 -2.153e+11 0.11091 517335 517335 681284 5829 85 517331 517362 9.23396 171590000000 171590000000 171590000000 133460000000 9533000000 8.24662 0 0.11628 0.09833 0.03165 -18.1735 28.1265 -8.90921 0.14959 0 -10.4011 17.1589 -5.48789 0.5075 257600000000 47660000000
 0.9600   647996 0.9700   656339      1       -1       -1       -1  0 1.77933e+11 1.71600e+11 115.597000 12.605000 80.010000  1 0.7000 96.440000 30.82324 41.72166 26.94319 61.340 64.220 -118.280 1.272e+11 5.044e+10 -2.107e+11 0.11406 517336 517336 681284 6857 84 517331 517362 12.6047 171590000000 171590000000 162060000000 123930000000 38132000000 17.8873 0 0.11439 0.95661 0.53165 15.0792 -8.96977 9.19467 0.76704 0.43135 11.516 11.0574 3.80867 0.4776 217800000000 95330000000
 0.9500   639664 0.9600   647996      1       -1       -1       -1  0 1.77933e+11 1.81100e+11 118.185000 13.200000 82.090000  1 0.7000 98.010000 30.80239 41.67732 26.96112 60.910 60.570 -118.970 1.315e+11 3.890e+10 -2.251e+11 0.09454 517337 517337 681284 6866 83 517331 517362 13.2002 181130000000 181130000000 171590000000 123930000000 0 28.5666 3.34 0.11003 0.8244 0.09266 24.8866 24.7479 9.5443 0.38983 0.00131 11.4895 26.5558 0.29732 0.5528 236600000000 66730000000
 0.9400   631347 0.9500   639664      1       -1       -1       -1  0 1.77933e+11 1.71600e+11 116.549000 7.100000 85.920000  1 0.7000 111.750000 30.82579 41.69409 26.98557 58.690 58.130 -118.810 1.354e+11 3.011e+10 -2.232e+11 0.12806 517338 517338 681284 6866 82 517331 517362 7.10026 171590000000 181130000000 162060000000 152530000000 9533000000 7.48759 0 0.12041 0.7974 0.25066 -11.733 14.6328 -4.79163 0.36842 0.01868 -8.03175 21.2254 -2.05818 0.4728 298300000000 38130000000
 0.9300   623013 0.9400   631347      1       -1       -1       -1  0 1.77933e+11 1.71600e+11 117.024000 5.991000 92.080000  1 0.7000 117.610000 30.81167 41.68628 26.99967 58.690 58.300 -117.450 1.337e+11 3.058e+10 -2.213e+11 0.13229 517339 517339 681284 6863 81 517331 517362 5.99106 171590000000 181130000000 162060000000 152530000000 19066000000 1.72511 0 0.1197 0.88147 0.49948 -0.3215 13.5915 0.9976 0.70134 0.37354 -1.42936 13.0523 2.45813 0.488 319900000000 19070000000
 0.9200   614666 0.9300   623013      1       -1       -1       -1  0 1.77933e+11 1.81100e+11 119.635000 17.326000 99.130000  1 0.7000 94.080000 30.77484 41.64881 27.01460 60.470 59.010 -112.810 1.165e+11 4.821e+10 -2.135e+11 0.05586 517340 517340 681284 6865 80 517331 517362 17.3264 181130000000 181130000000 171590000000 104860000000 0 37.8435 0 0.10454 0.04397 0 35.1256 29.7899 1.16755 0.22853 0.07282 33.725 6.87874 -8.20044 0.822 210500000000 114400000000
 0.9100   606292 0.9200   614666      1       -1       -1       -1  0 1.77933e+11 1.71600e+11 117.970000 4.164000 109.350000  1 0.7000 132.120000 30.80112 41.67868 27.02321 58.560 58.660 -114.620 1.301e+11 3.132e+10 -2.173e+11 0.13165 517341 517341 681284 6877 79 517331 517362 4.1637 171590000000 181130000000 152530000000 152530000000 133460000000 9.15366 0 0.11815 0.60198 0.26323 -4.12658 14.3204 -7.30073 0.37775 0.27815 -4.85184 14.4723 -7.25359 0.57 386100000000 57200000000
 0.9000   597913 0.9100   606292      1       -1       -1       -1  0 1.74767e+11 1.81100e+11 120.596000 17.516000 109.650000  1 0.7000 94.690000 30.75629 41.62512 27.03621 54.080 64.130 -115.970 1.483e+11 7.833e+10 -2.101e+11 0.04338 517342 517342 681284 6871 78 517331 517362 17.5163 181130000000 181130000000 171590000000 9533000000 0 40.7163 0 0.11412 0.18551 0.10398 37.4806 33.1361 6.0505 0 0 0 0 0 1.0984 207600000000 114400000000
 0.8900   589498 0.9000   597913      1       -1       -1       -1  0 1.74767e+11 1.71600e+11 118.912000 6.089000 103.920000  1 0.7000 119.260000 30.78854 41.63822 27.05020 52.770 57.170 -118.390 1.971e+11 6.094e+10 -2.288e+11 0.13956 517343 517343 681284 6913 77 517331 517362 6.08902 171590000000 181130000000 162060000000 142990000000 66731000000 14.9167 0 0.14364 0.42872 0.20641 -3.12104 18.8196 2.45627 0.32015 0.21985 -0.71011 13.929 2.55481 0.6122 263500000000 47660000000
 0.8800   581110 0.8900   589498      1       -1       -1       -1  0 1.68433e+11 1.71600e+11 119.381000 8.213000 92.340000  1 0.7000 110.530000 30.78105 41.64159 27.06904 53.000 57.120 -117.180 1.949e+11 6.007e+10 -2.260e+11 0.14492 517344 517344 681284 6886 76 517331 517362 8.21254 171590000000 171590000000 162060000000 152530000000 47665000000 3.52428 0 0.14244 0.38577 0.28324 -6.44995 20.4682 -5.47331 0.46066 0.08781 -5.18371 17.8242 -8.58072 0.5337 245000000000 57200000000
 0.8700   572635 0.8800   581110      1       -1       -1       -1  0 1.65267e+11 1.62100e+11 117.586000 9.122000 79.400000  1 0.7000 105.590000 30.77254 41.64207 27.08598 56.720 57.970 -108.710 1.176e+11 2.410e+10 -1.823e+11 0.11506 517345 517345 681284 5961 75 517331 517362 9.1221 162060000000 171590000000 162060000000 142990000000 0 1.10278 0 0.11278 0.36141 0.22975 -10.7656 30.8136 -8.61521 0.20811 0.00075 -14.0179 21.1741 -5.15406 0.4702 230000000000 38130000000
 0.8600   564174 0.8700   572635      1       -1       -1       -1  0 1.65267e+11 1.62100e+11 118.043000 10.550000 70.770000  1 0.7000 102.450000 30.76476 41.63377 27.10083 56.380 58.740 -106.960 1.126e+11 2.245e+10 -1.821e+11 0.11095 517346 517346 681284 7020 74 517331 517362 10.5498 162060000000 171590000000 162060000000 133460000000 0 1.6696 0 0.11165 0.0587 0 -9.61324 23.162 -7.93516 0.11765 0.04398 -12.7187 25.2521 -10.8567 0.4294 219400000000 47660000000
 0.8500   555734 0.8600   564174      1       -1       -1       -1  0 1.65267e+11 1.62100e+11 118.498000 14.193000 71.820000  1 0.7000 96.480000 30.75645 41.62463 27.11811 53.640 62.780 -106.700 1.868e+11 6.021e+10 -2.084e+11 0.13436 517347 517347 681284 6963 73 517331 517362 14.1931 162060000000 171590000000 162060000000 57198000000 0 10.8049 8.99 0.14906 0.06337 0.02497 -9.99443 28.3026 -13.2285 0.35634 0 -12.9607 18.9099 -0.25196 0.4842 205200000000 76260000000
 0.8400   547230 0.8500   555734      1       -1       -1       -1  0 1.65267e+11 1.62100e+11 118.951000 17.735000 68.170000  1 0.7000 92.910000 30.74113 41.61239 27.13327 52.930 62.880 -105.910 1.803e+11 6.584e+10 -2.077e+11 0.12937 517348 517348 681284 7026 72 517331 517362 17.7346 162060000000 171590000000 162060000000 47665000000 0 14.1573 8.55 0.14786 0.41436 0.2739 -20.2759 28.4367 -15.881 0.53353 0.40575 -15.798 22.2653 8.60044 0.4742 186600000000 95330000000
 0.8300   538706 0.8400   547230      1       -1       -1       -1  0 1.65267e+11 1.62100e+11 119.403000 20.911000 65.560000  1 0.7000 90.830000 30.73574 41.59987 27.15269 48.750 66.500 -108.160 1.728e+11 5.938e+10 -2.063e+11 0.12579 517349 517349 681284 7024 71 517331 517362 20.9105 162060000000 171590000000 142990000000 47665000000 0 9.94947 9.47 0.14466 0.33618 0.08967 26.6991 -25.2517 5.15109 0.55589 0.12817 -13.3969 14.7687 8.10959 0.4588 170300000000 114400000000
 0.8200   530111 0.8300   538706      1       -1       -1       -1  0 1.65267e+11 1.62100e+11 119.852000 25.917000 64.030000  1 0.7000 88.530000 30.72715 41.59047 27.17013 52.400 57.970 -110.350 1.661e+11 5.296e+10 -1.960e+11 0.11724 517350 517350 681284 6042 70 517331 517362 25.9165 162060000000 171590000000 142990000000 47665000000 0 10.236 0 0.13826 0.32726 0.04165 -18.8305 22.2303 5.99159 0.33338 0.09092 -12.4896 21.7334 13.0948 0.4554 159800000000 143000000000
 0.8100   521461 0.8200   530111      1       -1       -1       -1  0 1.39833e+11 1.71600e+11 122.614000 36.226000 61.210000  1 0.7000 87.760000 30.70893 41.58077 27.17721 54.100 56.800 -107.070 1.820e+11 5.586e+10 -2.084e+11 0.10854 517351 517351 681284 7094 69 517331 517362 36.2259 171590000000 171590000000 57198000000 47665000000 0 20.1853 0 0.13586 0.20994 0.01038 -25.1985 26.1358 -13.6116 0.27186 0.08541 -17.8516 24.1249 -6.86871 0.4565 164900000000 171600000000
 0.8000   512777 0.8100   521461      1       -1       -1       -1  0 1.17567e+11 8.58000e+10 97.679000 25.526000 45.320000  1 0.7000 70.720000 30.68541 41.55458 27.18304 43.880 75.810 -108.430 1.958e+10 3.790e+10 -2.117e+10 0.05750 517352 517352 681284 6118 68 517331 517362 25.5257 85797000000 162060000000 66731000000 0 0 19.0683 4.76 0.07308 0.14919 0 32.4335 -17.5086 27.2547 0 0 0 0 0 0.4058 167100000000 85800000000
 0.7900   504132 0.8000   512777      1       -1       -1       -1  0 1.17567e+11 6.67300e+10 90.159000 14.987000 45.700000  1 0.7000 69.320000 30.67788 41.54551 27.20046 41.430 75.270 -109.620 2.453e+10 3.015e+10 -7.788e+09 0.06356 517353 517353 681284 7104 67 517331 517362 14.9869 66731000000 162060000000 47665000000 9533000000 0 27.0358 0 0.0929 0.06886 0 35.6328 -18.3279 28.0844 0 0 0 0 0 0.508 173800000000 47660000000
 0.7800   495492 0.7900   504132      1       -1       -1       -1  0 1.17567e+11 1.04900e+11 105.200000 13.267000 45.320000  1 0.7000 85.100000 30.70548 41.51702 27.25860 38.000 66.220 -115.480 2.793e+10 2.817e+10 -5.006e+10 0.07012 517354 517354 681284 6076 66 517331 517362 13.2673 104860000000 123930000000 95330000000 28599000000 19066000000 18.0614 0 0.0708 0.38244 0.02005 22.3927 -13.9478 20.8073 0.80448 0.53263 2.14986 -2.19828 9.32751 0.267 150600000000 38130000000
 0.7700   486808 0.7800   495492      1       -1       -1       -1  0 1.17567e+11 9.53300e+10 102.277000 10.597000 42.740000  1 0.7000 86.280000 30.69806 41.50547 27.27832 41.080 62.600 -112.500 2.455e+10 3.300e+10 -3.363e+10 0.06650 517355 517355 681284 7128 65 517331 517362 10.5974 95330000000 123930000000 95330000000 19066000000 9533000000 23.4614 0 0.06935 0.39577 0.04453 6.96356 -21.3335 29.3802 0 0 0 0 0 0.2656 151100000000 19070000000
 0.7600   478105 0.7700   486808      1       -1       -1       -1  0 1.17567e+11 9.53300e+10 102.641000 10.542000 33.760000  1 0.7000 86.860000 30.68611 41.49248 27.30053 37.870 70.100 -109.860 2.210e+10 2.090e+10 -2.729e+10 0.05296 517356 517356 681284 7131 64 517331 517362 10.542 95330000000 142990000000 95330000000 19066000000 9533000000 17.2914 0 0.0536 0.81511 0.40269 8.13236 -10.17 19.7173 0 0 0 0 0 0.1776 151500000000 19070000000
 0.7500   469384 0.7600   478105      1       -1       -1       -1  0 1.17567e+11 9.53300e+10 103.004000 12.678000 34.890000  1 0.7000 84.030000 30.68363 41.47995 27.32278 41.970 59.180 -113.330 1.006e+09 6.986e+09 -4.801e+10 0.06518 517357 517357 681284 7143 63 517331 517362 12.6779 95330000000 123930000000 95330000000 19066000000 0 25.6179 0 0.06396 0.71193 0.33192 28.0377 4.96469 11.1425 0 0 0 0 0 0.1667 146400000000 28600000000
 0.7400   460583 0.7500   469384      1       -1       -1       -1  0 1.17567e+11 1.04900e+11 106.700000 16.313000 36.850000  1 0.7000 83.710000 30.67561 41.46777 27.34383 41.000 61.060 -106.200 2.677e+10 2.471e+10 -5.135e+10 0.07292 517358 517358 681284 7148 62 517331 517362 16.3131 104860000000 114400000000 95330000000 28599000000 0 17.6035 0 0.07115 0.83344 0.54369 18.1586 3.09629 22.2696 0.17972 0.09261 16.7631 32.4933 -14.9651 0.1729 139400000000 57200000000
 0.7300   451758 0.7400   460583      1       -1       -1       -1  0 1.17567e+11 1.23900e+11 113.200000 24.457000 51.110000  1 0.7000 84.430000 30.65859 41.45448 27.35222 41.310 60.440 -103.220 6.976e+10 5.870e+10 -1.253e+11 0.11890 517359 517359 681284 6110 61 517331 517362 24.4574 123930000000 123930000000 104860000000 28599000000 9533000000 23.2964 9.43 0.13321 0.70187 0.14615 21.9008 -9.2836 12.3032 0.18458 0.01937 22.6822 30.7445 2.81754 0.3245 140300000000 104900000000
 0.7200   442913 0.7300   451758      1       -1       -1       -1  0 1.06427e+11 1.23900e+11 113.587000 29.353000 55.270000  1 0.7000 83.170000 30.65051 41.44176 27.37331 35.650 53.080 -104.800 6.154e+10 5.706e+10 -1.106e+11 0.10592 517360 517360 681284 7215 60 517331 517362 29.3532 123930000000 123930000000 104860000000 28599000000 0 24.1354 0 0.11995 0.22629 0.05053 20.157 -18.4694 5.51056 0.20837 0.00864 21.6924 26.8969 11.0908 0.3546 136200000000 123900000000
 0.7100   434008 0.7200   442913      1       -1       -1       -1  1 7.14833e+10 7.14800e+10 94.644000 22.899000 43.870000  1 0.7000 69.300000 30.64484 41.43332 27.38998 35.650 53.080 -104.800 3.322e+10 2.792e+10 -5.229e+10 0.10943 517361 517361 681284 8676 59 517331 517362 24.5905 71498000000 109630000000 52430000000 14299500000 0 41.0085 20.21 0.137795 0.113145 0.025265 10.0785 -9.23471 2.75528 0.104185 0.00432 10.8462 13.4484 5.54542 0.1773 158800000000 71485000000
 0.7000   425036 0.7100   434008      0       -1       -1       -1  0 1.90700e+10 1.90700e+10 61.273000 16.446000 0.000000  1 0.7000 44.880000 30.60798 41.45250 27.36223 35.150 49.730 -87.050 4.908e+09 -1.219e+09 6.030e+09 0.11293 517362 517362 681284 7323 58 517331 517362 16.4461 19066000000 95330000000 0 0 0 57.8816 40.42 0.15564 0 0 0 0 0 0 0 0 0 0 0 181400000000 19070000000
