 1.0000   678944 0.0000       -1      1       -1       -1       -1  0 4.28967e+11 4.19400e+11 153.143000 12.643000 114.340000  1 0.2900 136.750000 50.80982 15.55791 23.53098 93.860 133.210 41.180 -1.990e+11 -3.262e+11 4.586e+11 0.06415 324562 324562 678944 4459 88 324561 324633 12.6427 419450000000 428980000000 400390000000 352720000000 123930000000 10.4304 0 0.06054 0.70781 0.36177 23.6366 -17.2852 -10.9284 0.49771 0.21398 27.097 -12.6012 -7.24776 0.4919 628500000000 190700000000
 0.9900   670804 1.0000   678944      1       -1       -1       -1  0 4.28967e+11 4.19400e+11 153.788000 13.266000 113.510000  1 0.2900 135.720000 50.80047 15.54460 23.52603 95.500 130.830 43.120 -2.703e+11 -3.525e+11 3.807e+11 0.06457 324563 324563 678944 4431 87 324561 324633 13.2658 419450000000 419450000000 400390000000 352720000000 142990000000 8.43991 0 0.0595 0.6318 0.32475 -20.6458 22.1448 13.9105 0.19678 0.0743 -22.168 24.0541 9.65282 0.4735 610300000000 190700000000
 0.9800   662410 0.9900   670804      1       -1       -1       -1  0 4.28967e+11 4.19400e+11 154.432000 13.926000 115.020000  1 0.2900 134.710000 50.78827 15.53266 23.52839 94.840 129.590 42.080 -2.672e+11 -3.495e+11 3.768e+11 0.06392 324564 324564 678944 4458 86 324561 324633 13.926 419450000000 419450000000 400390000000 352720000000 104860000000 12.838 0 0.05909 0.50707 0.23965 -16.7042 23.2659 16.9468 0.14729 0.10039 -18.5117 25.8247 16.3638 0.4803 597700000000 219300000000
 0.9700   654053 0.9800   662410      1       -1       -1       -1  0 4.28967e+11 4.09900e+11 153.892000 13.500000 117.570000  1 0.2900 134.960000 50.76700 15.51775 23.52600 93.460 130.520 40.870 -2.236e+11 -3.278e+11 4.511e+11 0.06789 324565 324565 678944 7408 85 324561 324633 13.5003 409920000000 419450000000 400390000000 333650000000 85797000000 20.5639 1.14 0.06388 0.65403 0.4029 -10.539 20.8419 14.126 0.6401 0.30125 -10.6712 17.6889 10.8789 0.5025 569100000000 209700000000
 0.9600   645733 0.9700   654053      1       -1       -1       -1  0 4.28967e+11 4.09900e+11 154.530000 11.264000 119.920000  1 0.2900 141.650000 50.77988 15.49760 23.50851 92.240 128.200 40.490 -2.173e+11 -3.223e+11 4.541e+11 0.07061 324566 324566 678944 4472 84 324561 324633 11.2641 409920000000 419450000000 390850000000 362250000000 85797000000 8.86314 0 0.06376 0.72185 0.63423 -8.32945 13.0878 13.7714 0.51947 0.33664 -7.96556 12.8782 13.4198 0.4905 619200000000 181100000000
 0.9500   637417 0.9600   645733      1       -1       -1       -1  0 4.28967e+11 4.09900e+11 155.167000 9.641000 120.900000  1 0.2900 148.120000 50.76975 15.47902 23.50617 91.480 126.770 39.620 -2.152e+11 -3.191e+11 4.493e+11 0.07166 324567 324567 678944 4495 83 324561 324633 9.64083 409920000000 409920000000 390850000000 343190000000 95330000000 7.31373 0 0.0633 0.76812 0.73972 -13.1889 9.66304 16.2482 0.6472 0.60378 -14.0721 8.15472 15.408 0.4825 645800000000 123900000000
 0.9400   629114 0.9500   637417      1       -1       -1       -1  0 4.28967e+11 4.09900e+11 155.803000 10.232000 120.380000  1 0.2900 146.440000 50.75849 15.46353 23.50187 92.410 126.220 39.320 -2.194e+11 -3.083e+11 3.137e+11 0.06150 324568 324568 678944 4505 82 324561 324633 10.2322 409920000000 409920000000 390850000000 381320000000 142990000000 3.52378 0 0.05277 0.9289 0.77729 -5.98405 5.05614 22.175 0.85086 0.59296 -0.76044 11.1499 21.7579 0.4637 640800000000 152500000000
 0.9300   620795 0.9400   629114      1       -1       -1       -1  0 4.28967e+11 4.09900e+11 156.437000 10.258000 120.820000  1 0.2900 146.980000 50.74549 15.45590 23.50974 91.810 124.730 38.350 -2.177e+11 -3.054e+11 3.109e+11 0.06074 324569 324569 678944 4510 81 324561 324633 10.2581 409920000000 409920000000 390850000000 371790000000 142990000000 11.8756 0 0.05247 0.9541 0.74041 14.2844 -0.69176 -13.1524 0.85464 0.53857 18.1628 -0.93748 -8.05763 0.4677 645200000000 152500000000
 0.9200   612454 0.9300   620795      1       -1       -1       -1  0 4.28967e+11 4.00400e+11 155.843000 9.604000 126.490000  1 0.2900 148.750000 50.73238 15.42575 23.49446 89.500 123.760 38.180 -1.714e+11 -2.842e+11 3.902e+11 0.06766 324570 324570 678944 4521 80 324561 324633 9.60437 400390000000 409920000000 381320000000 381320000000 181130000000 7.15204 0 0.05757 0.86499 0.64619 21.712 1.97529 6.36443 0.74828 0.3963 23.8039 1.09405 -1.43072 0.4859 665100000000 181100000000
 0.9100   604092 0.9200   612454      1       -1       -1       -1  0 4.28967e+11 4.00400e+11 156.470000 8.090000 131.290000  1 0.2900 156.630000 50.72430 15.41167 23.48880 88.780 122.050 37.310 -1.704e+11 -2.815e+11 3.865e+11 0.06770 324571 324571 678944 4534 79 324561 324633 8.0896 400390000000 409920000000 381320000000 371790000000 228790000000 6.5791 0 0.05725 0.73765 0.61784 16.2087 -1.32253 6.229 0.69788 0.40699 16.2271 -0.22095 1.73437 0.5008 649400000000 114400000000
 0.9000   595720 0.9100   604092      1       -1       -1       -1  0 4.28967e+11 4.00400e+11 157.096000 8.408000 127.850000  1 0.2900 155.670000 50.71320 15.39481 23.48354 89.990 122.090 36.090 -1.816e+11 -2.810e+11 2.479e+11 0.05623 324572 324572 678944 4525 78 324561 324633 8.40759 400390000000 400390000000 381320000000 343190000000 219260000000 7.27526 0 0.04713 0.8737 0.71214 20.7959 -2.47699 0.84342 0.78641 0.56941 20.5047 -4.19692 -3.41005 0.482 647400000000 133500000000
 0.8900   587312 0.9000   595720      1       -1       -1       -1  0 4.28967e+11 3.90800e+11 156.457000 7.918000 124.070000  1 0.2900 157.430000 50.70560 15.37813 23.48210 87.510 120.270 36.280 -1.339e+11 -2.592e+11 3.275e+11 0.06293 324573 324573 678944 4554 77 324561 324633 7.9177 390850000000 400390000000 381320000000 333650000000 238320000000 6.67804 0 0.05186 0.80949 0.71874 10.105 -11.1052 -11.4023 0.7315 0.55768 11.1693 -12.4645 -9.89036 0.4623 658800000000 95330000000
 0.8800   578934 0.8900   587312      1       -1       -1       -1  0 4.28967e+11 3.90800e+11 157.074000 9.459000 119.560000  1 0.2900 150.610000 50.69275 15.35895 23.48057 88.190 120.650 32.160 -1.371e+11 -2.845e+11 2.188e+11 0.05521 324574 324574 678944 538 76 324561 324633 9.45947 390850000000 400390000000 362250000000 343190000000 181130000000 9.96363 0 0.04559 0.76541 0.49181 -5.88682 15.0459 10.6992 0.69192 0.34178 -6.49871 14.3735 11.2833 0.4431 619100000000 133500000000
 0.8700   570477 0.8800   578934      1       -1       -1       -1  0 4.28967e+11 3.90800e+11 157.689000 10.392000 113.180000  1 0.2900 147.610000 50.68066 15.34023 23.47418 87.710 118.850 31.450 -1.358e+11 -2.807e+11 2.154e+11 0.05384 324575 324575 678944 3577 75 324561 324633 10.392 390850000000 390850000000 362250000000 343190000000 114400000000 11.797 0 0.04515 0.68945 0.5605 -6.41792 18.7373 13.5163 0.52875 0.43779 -4.5653 20.9228 12.7573 0.4233 606900000000 143000000000
 0.8600   562021 0.8700   570477      1       -1       -1       -1  0 4.28967e+11 3.71800e+11 155.684000 10.464000 105.540000  1 0.2900 144.980000 50.66161 15.32561 23.46610 86.120 117.380 33.000 -1.221e+11 -2.235e+11 2.728e+11 0.05803 324576 324576 678944 4624 74 324561 324633 10.4642 371790000000 400390000000 371790000000 324120000000 66731000000 5.92467 0 0.04851 0.75106 0.67884 -1.37027 20.1199 12.0843 0.4928 0.38981 -0.01627 24.1756 9.38566 0.3949 572700000000 104900000000
 0.8500   553585 0.8600   562021      1       -1       -1       -1  0 4.28967e+11 3.71800e+11 156.285000 12.350000 99.350000  1 0.2900 139.720000 50.65825 15.31134 23.46624 85.660 115.120 32.110 -1.198e+11 -2.207e+11 2.686e+11 0.05667 324577 324577 678944 4594 73 324561 324633 12.3498 371790000000 390850000000 371790000000 324120000000 76264000000 6.68796 0 0.04798 0.72926 0.6378 4.27899 15.8559 9.80227 0.55712 0.17254 4.58323 11.974 4.70354 0.3716 522600000000 114400000000
 0.8400   545082 0.8500   553585      1       -1       -1       -1  0 4.28967e+11 3.81300e+11 158.212000 15.846000 95.360000  1 0.2900 133.830000 50.63617 15.28980 23.45928 87.040 114.520 29.670 -1.661e+11 -2.359e+11 1.872e+11 0.05100 324578 324578 678944 4637 72 324561 324633 15.8457 381320000000 390850000000 371790000000 305060000000 85797000000 8.92166 0 0.04319 0.69945 0.53061 8.21206 13.1403 15.6991 0.59268 0.20638 10.0246 12.0548 13.2213 0.3477 489800000000 190700000000
 0.8300   536567 0.8400   545082      1       -1       -1       -1  0 4.28967e+11 3.81300e+11 158.812000 18.717000 89.990000  1 0.2900 129.790000 50.62311 15.27528 23.45270 86.530 112.570 28.680 -1.639e+11 -2.332e+11 1.850e+11 0.05042 324579 324579 678944 4652 71 324561 324633 18.7173 381320000000 381320000000 371790000000 266920000000 85797000000 5.58492 0 0.04286 0.97975 0.68489 -6.90037 13.2653 16.8942 0.63674 0.16078 17.1774 -7.62579 -10.3791 0.3224 462600000000 219300000000
 0.8200   527972 0.8300   536567      1       -1       -1       -1  0 4.28967e+11 3.81300e+11 159.410000 19.224000 90.370000  1 0.2900 129.720000 50.60362 15.25571 23.44771 84.870 112.550 26.070 -1.675e+11 -2.226e+11 1.463e+10 0.04065 324580 324580 678944 3635 70 324561 324633 19.224 381320000000 381320000000 371790000000 247860000000 9533000000 8.80751 0 0.03533 0.92512 0.4037 28.5532 1.83851 -4.25751 0.65905 0.28872 24.0764 -3.8234 -12.8171 0.3298 452700000000 228800000000
 0.8100   519333 0.8200   527972      1       -1       -1       -1  0 4.28967e+11 3.81300e+11 160.005000 21.053000 88.560000  1 0.2900 128.060000 50.59946 15.24105 23.44983 83.840 110.740 25.150 -1.645e+11 -2.198e+11 1.428e+10 0.03991 324581 324581 678944 4684 69 324561 324633 21.0531 381320000000 390850000000 371790000000 209730000000 38132000000 10.5113 0 0.03497 0.81448 0.49007 26.7903 -6.77958 -12.1084 0.39798 0.16995 22.6831 -9.98201 -9.05537 0.3227 446400000000 219300000000
 0.8000   510655 0.8100   519333      1       -1       -1       -1  0 4.28967e+11 3.81300e+11 160.597000 21.615000 86.640000  1 0.2900 128.070000 50.57520 15.22077 23.44203 82.830 108.890 24.260 -1.615e+11 -2.169e+11 1.394e+10 0.03963 324582 324582 678944 3694 68 324561 324633 21.6146 381320000000 381320000000 362250000000 266920000000 28599000000 6.91484 0 0.03459 0.87934 0.62258 28.3312 12.1388 -8.33051 0.72805 0.34704 19.4473 -11.4288 -16.0822 0.3099 413900000000 257400000000
 0.7900   502012 0.8000   510655      1       -1       -1       -1  0 4.28967e+11 3.71800e+11 159.832000 20.871000 85.900000  1 0.2900 128.300000 50.55496 15.20763 23.42731 83.010 108.090 24.510 -1.153e+11 -2.637e+11 1.618e+10 0.04459 324583 324583 678944 4721 67 324561 324633 20.8707 371790000000 381320000000 343190000000 247860000000 76264000000 11.5656 0 0.03858 0.88481 0.57726 18.6366 18.5916 1.09271 0.66256 0.3509 10.3026 19.9087 9.30186 0.3031 409600000000 219300000000
 0.7800   493376 0.7900   502012      1       -1       -1       -1  0 4.28967e+11 3.71800e+11 160.412000 20.590000 84.890000  1 0.2900 129.310000 50.53771 15.19193 23.42738 81.850 106.010 23.740 -1.124e+11 -2.607e+11 1.509e+10 0.04455 324584 324584 678944 3690 66 324561 324633 20.59 371790000000 400390000000 343190000000 266920000000 85797000000 10.9971 0 0.03822 0.89841 0.55272 1.92726 18.4732 15.4723 0.56969 0.06802 1.09476 20.8409 12.211 0.2926 399100000000 228800000000
 0.7700   484705 0.7800   493376      1       -1       -1       -1  0 4.28967e+11 3.62300e+11 159.602000 16.611000 86.690000  1 0.2900 134.500000 50.52895 15.17830 23.41629 79.940 102.750 22.240 -7.611e+10 -2.576e+11 -2.323e+10 0.04438 324585 324585 678944 4751 65 324561 324633 16.6113 362250000000 400390000000 343190000000 228790000000 47665000000 14.1858 0 0.03804 0.76953 0.48153 -15.5344 9.85095 20.0117 0.7 0.27717 20.8016 -6.45169 -11.0732 0.3016 387600000000 200200000000
 0.7600   476006 0.7700   484705      1       -1       -1       -1  0 4.28967e+11 3.81300e+11 162.933000 16.419000 88.320000  1 0.2900 138.460000 50.51674 15.16723 23.41768 78.360 100.210 23.040 -2.403e+10 -1.284e+11 -3.327e+10 0.01997 324586 324586 678944 4726 64 324561 324633 16.4187 381320000000 390850000000 305060000000 266920000000 47665000000 12.153 0 0.01754 0.81361 0.39443 -12.8095 9.87998 20.875 0.77999 0.25766 22.169 -9.34801 -12.6092 0.3112 412900000000 219300000000
 0.7500   467271 0.7600   476006      1       -1       -1       -1  0 4.28967e+11 3.62300e+11 160.736000 14.759000 90.890000  1 0.2900 139.680000 50.48627 15.15121 23.41448 78.180 97.590 23.480 2.412e+10 -1.443e+11 -1.067e+11 0.03133 324587 324587 678944 4754 63 324561 324633 14.7587 362250000000 400390000000 324120000000 266920000000 123930000000 10.0749 0 0.02579 0.66383 0.41434 19.8956 -12.6822 -17.5701 0.70774 0.46702 -11.8845 8.02467 19.8866 0.2942 391300000000 181100000000
 0.7400   458473 0.7500   467271      1       -1       -1       -1  0 4.28967e+11 3.52700e+11 159.870000 12.654000 96.310000  1 0.2900 144.150000 50.47092 15.12943 23.41009 76.540 97.540 23.180 1.194e+10 -1.486e+11 -6.705e+10 0.03094 324588 324588 678944 4770 62 324561 324633 12.6538 352720000000 390850000000 314590000000 238320000000 152530000000 10.4732 0 0.02446 0.48705 0.40112 10.2997 -9.11143 -8.38101 0.50737 0.39329 -6.72679 7.43201 10.3427 0.3034 430100000000 171600000000
 0.7300   449646 0.7400   458473      1       -1       -1       -1  0 4.28967e+11 3.52700e+11 160.423000 11.068000 100.280000  1 0.2900 149.980000 50.44775 15.10896 23.41111 74.390 95.980 22.560 9.716e+09 -1.479e+11 -6.364e+10 0.03064 324589 324589 678944 3736 61 324561 324633 11.0676 352720000000 362250000000 324120000000 247860000000 133460000000 5.12561 0 0.02425 0.67716 0.55788 -12.4162 12.9575 13.2336 0.59686 0.57047 -5.80999 8.19087 16.3317 0.3207 439200000000 133500000000
 0.7200   440799 0.7300   449646      1       -1       -1       -1  0 4.28967e+11 3.62300e+11 162.408000 11.861000 96.520000  1 0.2900 149.910000 50.43275 15.09459 23.41096 74.040 91.870 21.600 8.120e+10 -1.341e+11 -4.755e+09 0.02884 324590 324590 678944 4861 60 324561 324633 11.861 362250000000 390850000000 324120000000 266920000000 133460000000 4.85978 0.93 0.02268 0.74944 0.56856 -12.2042 15.5846 2.0933 0.71435 0.43256 8.53874 -10.3291 -10.9938 0.2962 477200000000 143000000000
 0.7100   431891 0.7200   440799      1       -1       -1       -1  0 4.28967e+11 3.62300e+11 162.957000 11.240000 97.590000  1 0.2900 152.920000 50.42175 15.06710 23.41285 73.620 87.600 22.880 -2.200e+10 -1.782e+11 8.947e+10 0.03620 324591 324591 678944 3783 59 324561 324633 11.2398 362250000000 409920000000 324120000000 276460000000 171590000000 10.3374 0 0.02916 0.74829 0.59054 -11.5513 13.2112 -7.78386 0.97826 0.71363 7.6125 -10.2241 9.62262 0.3098 451500000000 162100000000
 0.7000   422917 0.7100   431891      1       -1       -1       -1  0 4.28967e+11 3.90800e+11 167.696000 11.616000 94.570000  1 0.2900 157.530000 50.40137 15.05789 23.40642 73.280 89.640 21.820 2.885e+10 -2.397e+11 -8.717e+09 0.03863 324592 324592 678944 4898 58 324561 324633 11.6156 390850000000 409920000000 343190000000 247860000000 162060000000 10.1788 0 0.03111 0.77636 0.57944 5.28183 9.55418 16.4042 0.67477 0.42265 7.03352 4.54625 16.0447 0.2847 432000000000 162100000000
 0.6900   413922 0.7000   422917      1       -1       -1       -1  0 4.28967e+11 4.00400e+11 169.606000 21.357000 86.910000  1 0.2900 139.280000 50.39985 15.04973 23.41358 70.690 91.390 20.660 -6.473e+10 -1.466e+11 1.530e+10 0.02313 324593 324593 678944 4900 57 324561 324633 21.357 400390000000 400390000000 371790000000 247860000000 95330000000 13.0586 0 0.02003 0.79182 0.39183 9.63606 26.5112 19.8474 0.72642 0.31557 -0.61372 21.2683 21.7369 0.2754 389100000000 228800000000
 0.6800   404918 0.6900   413922      1       -1       -1       -1  0 4.28967e+11 3.81300e+11 167.414000 23.929000 85.400000  1 0.2900 134.540000 50.35497 15.02540 23.41014 68.840 88.790 21.460 -8.310e+10 -2.528e+11 1.072e+11 0.04528 324594 324594 678944 4899 56 324561 324633 23.9286 381320000000 400390000000 352720000000 228790000000 47665000000 26.9889 0 0.03894 0.33473 0.27805 17.6203 -10.5793 -12.1124 0.35749 0.19204 12.5914 -8.63052 -4.77459 0.2708 375900000000 228800000000
 0.6700   395936 0.6800   404918      1       -1       -1       -1  0 4.28967e+11 4.09900e+11 172.051000 28.342000 81.320000  1 0.2900 135.260000 50.36027 15.00015 23.39812 69.110 88.830 17.970 -3.252e+10 -2.069e+11 3.898e+10 0.03017 324595 324595 678944 4932 55 324561 324633 28.3425 409920000000 428980000000 352720000000 228790000000 95330000000 9.36282 0 0.02577 0.82476 0.50544 10.3602 25.2094 20.2442 0.62762 0.41481 0.35583 21.49 4.37186 0.2373 408200000000 305100000000
 0.6600   387004 0.6700   395936      1       -1       -1       -1  0 4.28967e+11 4.09900e+11 172.598000 27.095000 81.270000  1 0.2900 137.160000 50.32360 14.97959 23.40273 67.690 87.380 17.860 -3.041e+10 -2.032e+11 3.672e+10 0.02949 324596 324596 678944 4913 54 324561 324633 27.0953 409920000000 409920000000 333650000000 238320000000 104860000000 28.1376 0 0.02541 0.85061 0.4793 -11.4224 20.1483 16.4167 0.91575 0.11168 -5.21094 16.5112 12.2696 0.2387 371800000000 276500000000
 0.6500   377970 0.6600   387004      1       -1       -1       -1  0 4.28967e+11 4.29000e+11 175.782000 26.414000 81.920000  1 0.2900 141.170000 50.31544 14.94944 23.38830 70.120 87.990 17.700 1.490e+10 -2.956e+11 1.012e+10 0.03948 324597 324597 678944 3859 53 324561 324633 26.4142 428980000000 428980000000 390850000000 228790000000 95330000000 18.6672 0 0.03363 0.68275 0.5255 19.008 9.48896 20.0277 0.69418 0.27462 11.1569 3.21981 22.2487 0.2283 402000000000 276500000000
 0.6400   368894 0.6500   377970      1       -1       -1       -1  0 4.28967e+11 4.38500e+11 177.622000 33.246000 84.440000  1 0.2900 138.100000 50.31438 14.92494 23.37372 71.330 88.090 18.200 4.565e+08 -2.294e+11 -4.017e+10 0.02987 324598 324598 678944 3845 52 324561 324633 33.2462 438520000000 438520000000 419450000000 285990000000 76264000000 5.58037 0 0.02565 0.7748 0.43734 19.8609 -9.77552 -15.042 0.88501 0.27307 2.63815 0.51428 19.631 0.2367 419100000000 362300000000
 0.6300   359780 0.6400   368894      1       -1       -1       -1  0 4.22600e+11 4.19400e+11 175.542000 28.377000 86.000000  1 0.2900 140.120000 50.26714 14.91506 23.38538 74.000 88.000 19.730 6.003e+09 -2.548e+11 -3.285e+09 0.03505 324599 324599 678944 4950 51 324561 324633 28.3768 419450000000 419450000000 390850000000 285990000000 76264000000 23.2648 2.14 0.03042 0.69188 0.33045 31.6454 -10.7959 -6.08709 0.23147 0.09042 35.1422 -8.94219 -4.4891 0.2504 416100000000 314600000000
 0.6200   350676 0.6300   359780      1       -1       -1       -1  0 4.09900e+11 4.09900e+11 174.725000 18.050000 87.980000  1 0.2900 152.640000 50.26793 14.89232 23.37625 72.000 85.060 19.880 -5.975e+10 -3.059e+11 3.146e+10 0.04658 324600 324600 678944 4954 50 324561 324633 18.0498 409920000000 428980000000 390850000000 314590000000 38132000000 19.7909 0 0.0391 0.62393 0.46962 -7.82556 21.9542 19.5801 0.46008 0.14454 -1.21346 28.7819 6.4974 0.2454 447600000000 181100000000
 0.6100   341548 0.6200   350676      1       -1       -1       -1  0 4.03567e+11 4.00400e+11 173.871000 18.153000 88.820000  1 0.2900 152.110000 50.25039 14.86212 23.36563 71.260 81.630 20.210 -3.750e+10 -2.821e+11 9.448e+10 0.04733 324601 324601 678944 4958 49 324561 324633 18.1528 400390000000 409920000000 381320000000 324120000000 9533000000 14.4555 0 0.03918 0.45307 0.29128 3.43152 34.8085 28.1493 0.12073 0.05857 5.30453 39.6018 31.3702 0.2454 456600000000 200200000000
 0.6000   332406 0.6100   341548      1       -1       -1       -1  0 3.94033e+11 4.00400e+11 174.376000 17.553000 86.940000  1 0.2900 154.380000 50.23614 14.81913 23.35321 69.390 81.540 20.930 8.158e+09 -1.787e+11 1.978e+10 0.02892 324602 324602 678944 526 48 324561 324633 17.553 400390000000 419450000000 371790000000 324120000000 38132000000 11.7638 0 0.02368 0.68728 0.42964 0.41554 27.926 23.3544 0.44881 0.07148 -1.09541 25.1613 21.9519 0.2331 459600000000 200200000000
 0.5900   323240 0.6000   332406      1       -1       -1       -1  0 3.87667e+11 3.81300e+11 172.053000 16.023000 86.180000  1 0.2900 155.670000 50.20657 14.79845 23.34760 69.890 82.270 21.770 8.947e+09 -2.140e+11 -2.511e+10 0.03806 324603 324603 678944 5053 47 324561 324633 16.0229 381320000000 400390000000 381320000000 324120000000 28599000000 5.05944 0 0.03099 0.76978 0.35828 30.6708 13.1151 9.95081 0.49512 0.12756 33.0342 1.07697 -1.07314 0.2335 448600000000 152500000000
 0.5800   314003 0.5900   323240      1       -1       -1       -1  0 3.71767e+11 3.81300e+11 172.536000 18.599000 86.600000  1 0.2900 151.770000 50.17818 14.77178 23.34043 68.520 80.140 21.270 6.891e+08 -2.109e+11 3.812e+09 0.03650 324604 324604 678944 5051 46 324561 324633 18.5988 381320000000 400390000000 371790000000 343190000000 0 4.91453 0 0.03053 0.49362 0.2648 48.333 4.13106 3.66628 0.07995 0.03678 43.1302 2.56004 -1.77073 0.2441 444900000000 190700000000
 0.5700   304772 0.5800   314003      1       -1       -1       -1  0 3.65433e+11 3.52700e+11 168.574000 19.631000 84.400000  1 0.2900 146.560000 50.16190 14.72655 23.32388 69.420 80.420 25.200 3.875e+10 -1.365e+11 -8.609e+10 0.03284 324605 324605 678944 5028 45 324561 324633 19.6308 352720000000 371790000000 343190000000 285990000000 0 9.54949 0 0.02756 0.54669 0.28336 39.5582 21.9504 6.46474 0.503 0.02024 30.8661 21.1624 3.61897 0.2432 400000000000 200200000000
 0.5600   295522 0.5700   304772      1       -1       -1       -1  0 3.40033e+11 3.62300e+11 170.539000 21.320000 76.570000  1 0.2900 146.860000 50.14773 14.70168 23.30866 68.780 76.740 24.650 8.448e+09 -4.645e+10 -1.142e+11 0.02352 324606 324606 678944 5035 44 324561 324633 21.3199 362250000000 371790000000 333650000000 228790000000 28599000000 10.5739 0 0.01977 0.62918 0.49963 27.2755 24.9159 12.16 0.73207 0.60186 17.6776 18.7304 13.9038 0.2065 343100000000 219300000000
 0.5500   286270 0.5600   295522      1       -1       -1       -1  0 3.20967e+11 3.05100e+11 161.471000 15.738000 71.690000  1 0.2900 147.330000 50.15222 14.68315 23.29883 69.480 70.530 23.730 3.578e+10 -1.081e+11 6.833e+09 0.03066 324607 324607 678944 5025 43 324561 324633 15.7376 305060000000 305060000000 266920000000 219260000000 133460000000 20.581 0 0.0245 0.66668 0.59284 33.2092 9.35436 -3.20728 0.89351 0.67375 -2.83595 24.8653 6.6109 0.1803 295200000000 152500000000
 0.5400   277051 0.5500   286270      1       -1       -1       -1  0 3.05100e+11 2.95500e+11 160.186000 20.374000 68.440000  1 0.2900 138.910000 50.08295 14.67006 23.31082 67.440 70.920 24.090 3.050e+10 -1.745e+11 -1.184e+10 0.04762 324608 324608 678944 5039 42 324561 324633 20.3737 295520000000 314590000000 295520000000 200190000000 0 21.0672 0 0.0405 0.54465 0.409 48.7418 -0.04135 -1.58676 0.2969 0.23457 34.4094 -22.6465 6.41261 0.1899 305600000000 190700000000
 0.5300   267812 0.5400   277051      1       -1       -1       -1  0 3.05100e+11 3.14600e+11 163.976000 34.924000 65.500000  1 0.2900 131.420000 50.04422 14.63237 23.30587 67.740 70.100 19.920 -3.536e+09 -1.311e+11 6.339e+10 0.03400 324609 324609 678944 5025 41 324561 324633 34.9239 314590000000 314590000000 285990000000 200190000000 0 26.155 3.9 0.03019 0.327 0.05462 56.9466 5.26682 0.4017 0.41402 0.03577 33.0817 12.5392 -13.9592 0.179 279300000000 276500000000
 0.5200   258584 0.5300   267812      1       -1       -1       -1  0 3.05100e+11 2.86000e+11 159.243000 25.151000 62.770000  1 0.2900 134.240000 50.06588 14.59158 23.27128 67.620 66.090 18.490 -1.985e+10 -5.191e+10 4.142e+10 0.02012 324610 324610 678944 3872 40 324561 324633 25.1511 285990000000 285990000000 285990000000 190660000000 9533000000 13.6435 0 0.01698 0.36556 0.14859 13.1269 17.3713 34.7904 0.65738 0.49097 15.4558 18.1352 43.9493 0.1579 283800000000 200200000000
 0.5100   249301 0.5200   258584      1       -1       -1       -1  0 3.05100e+11 3.05100e+11 163.102000 29.405000 58.350000  1 0.2900 135.410000 50.02466 14.55385 23.25911 69.060 64.490 18.250 -1.475e+10 -6.722e+10 -1.689e+09 0.01758 324611 324611 678944 3876 39 324561 324633 29.405 305060000000 305060000000 295520000000 152530000000 0 20.8831 1.87 0.01527 0.37724 0.32728 17.1832 23.7168 35.2933 0.49815 0.06098 19.5916 8.14658 35.8085 0.1411 286400000000 247900000000
 0.5000   240132 0.5100   249301      1       -1       -1       -1  0 3.05100e+11 3.05100e+11 163.489000 29.027000 57.830000  1 0.2900 136.920000 49.99263 14.54063 23.26275 67.110 63.360 16.210 -9.640e+09 -6.606e+10 -3.144e+09 0.01739 324612 324612 678944 3936 38 324561 324633 29.0271 305060000000 305060000000 295520000000 162060000000 0 4.32513 0 0.01496 0.6106 0.21879 8.85668 25.1069 34.0672 0.21035 0.01568 28.3785 -9.6453 -5.69845 0.1347 285600000000 247900000000
 0.4900   230952 0.5000   240132      1       -1       -1       -1  0 2.98733e+11 3.05100e+11 163.867000 33.238000 57.280000  1 0.2900 135.500000 49.95800 14.50856 23.24517 66.290 61.190 14.910 -9.135e+09 -6.803e+10 -2.750e+09 0.01780 324613 324613 678944 5041 37 324561 324633 33.2378 305060000000 305060000000 276460000000 152530000000 0 11.6263 0 0.01551 0.40575 0.26508 9.64396 31.5134 39.0094 0 0 10.5476 27.7986 38.6887 0.1345 272200000000 257400000000
 0.4800   221804 0.4900   230952      1       -1       -1       -1  0 2.86000e+11 2.86000e+11 160.741000 24.204000 55.730000  1 0.2900 140.220000 49.92030 14.48220 23.24919 63.390 59.040 9.530 -2.180e+10 -3.124e+10 8.622e+09 0.01169 324614 324614 678944 5021 36 324561 324633 24.2044 285990000000 295520000000 276460000000 209730000000 0 15.8373 0 0.00991 0.55332 0.19605 9.40814 29.1514 42.9586 0.12481 0.02417 35.7599 24.4578 48.2281 0.1209 266700000000 209700000000
 0.4700   212670 0.4800   221804      1       -1       -1       -1  0 2.76467e+11 2.66900e+11 157.431000 21.571000 55.770000  1 0.2900 140.710000 49.90234 14.45269 23.24905 61.570 55.730 7.700 -3.463e+10 -6.205e+10 2.902e+10 0.02663 324615 324615 678944 5045 35 324561 324633 21.5713 266920000000 266920000000 257390000000 200190000000 9533000000 16.3404 1.76 0.02206 0.66557 0.52634 25.608 20.9305 25.6555 0.22273 0 8.23001 3.11586 34.6498 0.117 263500000000 181100000000
 0.4600   203555 0.4700   212670      1       -1       -1       -1  0 2.70133e+11 2.76500e+11 159.623000 24.421000 60.090000  1 0.2900 140.920000 49.86353 14.44672 23.24801 58.160 54.820 7.060 -2.512e+10 -5.695e+10 1.196e+10 0.02114 324616 324616 678944 3884 34 324561 324633 24.4206 276460000000 276460000000 247860000000 190660000000 47665000000 20.7144 0 0.01735 0.38974 0.17456 26.7606 29.1051 5.37633 0.3881 0.15644 14.5672 25.0607 13.1845 0.1272 256400000000 190700000000
 0.4500   194511 0.4600   203555      1       -1       -1       -1  0 2.70133e+11 2.57400e+11 156.189000 15.065000 65.220000  1 0.2900 152.480000 49.83649 14.41111 23.25924 55.720 50.560 5.730 -3.550e+10 -7.138e+10 4.193e+10 0.03670 324617 324617 678944 3843 33 324561 324633 15.0646 257390000000 257390000000 247860000000 209730000000 57198000000 10.8711 0 0.02805 0.61754 0.38769 20.9741 18.6025 6.90524 0.36423 0.11596 21.9441 19.9325 7.12733 0.1321 286400000000 133500000000
 0.4400   185456 0.4500   194511      1       -1       -1       -1  0 2.70133e+11 2.57400e+11 156.503000 10.730000 68.350000  1 0.2900 167.340000 49.79019 14.37576 23.24233 52.130 49.680 6.520 1.449e+08 -1.028e+11 3.054e+10 0.04754 324618 324618 678944 4936 32 324561 324633 10.7302 257390000000 257390000000 238320000000 209730000000 133460000000 8.56172 0 0.03374 0.78761 0.53854 11.3456 14.7326 18.2537 0.59455 0.2905 1.04062 19.3509 17.8619 0.1229 300300000000 114400000000
 0.4300   176441 0.4400   185456      1       -1       -1       -1  0 2.70133e+11 2.57400e+11 156.807000 13.439000 65.310000  1 0.2900 160.000000 49.76555 14.35378 23.23112 50.380 47.740 5.930 4.432e+08 -1.012e+11 2.876e+10 0.04415 324619 324619 678944 3800 31 324561 324633 13.4388 257390000000 257390000000 247860000000 209730000000 66731000000 12.6875 0 0.03345 0.63876 0.41804 12.993 8.33053 10.7367 0.65301 0.18435 6.03741 2.71696 11.7457 0.1284 291000000000 95330000000
 0.4200   167480 0.4300   176441      1       -1       -1       -1  0 2.70133e+11 2.76500e+11 160.889000 21.267000 60.150000  1 0.2900 150.880000 49.74571 14.32226 23.24722 50.150 48.000 4.750 -1.208e+10 -8.895e+10 4.263e+10 0.03564 324620 324620 678944 3844 30 324561 324633 21.2667 276460000000 276460000000 266920000000 200190000000 38132000000 6.49414 0 0.02835 0.27363 0.12636 32.0855 15.2021 8.91447 0.11136 0.08485 35.7855 13.423 10.2467 0.1163 259300000000 171600000000
 0.4100   158601 0.4200   167480      1       -1       -1       -1  0 2.70133e+11 2.76500e+11 161.181000 22.921000 56.950000  1 0.2900 150.490000 49.71038 14.29387 23.23920 48.380 45.020 6.260 -5.155e+09 -7.460e+10 5.843e+10 0.03287 324621 324621 678944 3808 29 324561 324633 22.9209 276460000000 276460000000 276460000000 181130000000 0 5.33694 0 0.02738 0.3767 0.23784 50.477 18.4048 21.6855 0.54575 0.0386 44.843 2.62423 19.5247 0.1124 251100000000 181100000000
 0.4000   149811 0.4100   158601      1       -1       -1       -1  0 2.57400e+11 2.57400e+11 157.663000 19.878000 55.790000  1 0.2900 152.090000 49.67640 14.26486 23.24328 45.630 42.300 6.450 -9.217e+09 -5.948e+10 7.395e+10 0.03683 324622 324622 678944 4853 28 324561 324633 19.8779 257390000000 257390000000 238320000000 219260000000 0 13.0344 0 0.03135 0.0952 0.01765 58.8425 18.3836 24.9881 0.03832 0 40.6244 -1.00876 19.1561 0.1152 265400000000 133500000000
 0.3900   141130 0.4000   149811      1       -1       -1       -1  0 2.35133e+11 2.38300e+11 153.929000 22.512000 52.560000  1 0.2900 145.860000 49.64251 14.22754 23.24366 45.270 41.130 6.930 -1.739e+10 -5.767e+10 5.023e+10 0.03398 324623 324623 678944 4756 27 324561 324633 22.5115 238320000000 238320000000 228790000000 190660000000 19066000000 19.5377 0 0.02966 0.22048 0.06989 68.2305 8.21648 15.5138 0.43764 0.06015 8.03723 -14.0901 20.2265 0.1143 232900000000 152500000000
 0.3800   132653 0.3900   141130      1       -1       -1       -1  0 2.09700e+11 2.09700e+11 147.746000 20.098000 45.530000  1 0.2900 143.390000 49.61030 14.19742 23.24016 45.820 38.940 4.770 -1.185e+10 -3.944e+10 3.510e+10 0.02901 324624 324624 678944 4682 26 324561 324633 20.0977 209730000000 209730000000 209730000000 85797000000 0 16.422 0 0.02563 0.55571 0.43513 49.1715 -18.895 -3.84539 0.74964 0.1935 -7.61773 18.9042 38.5371 0.0942 220800000000 95330000000
 0.3700   124154 0.3800   132653      1       -1       -1       -1  0 2.00167e+11 1.81100e+11 140.919000 29.643000 40.170000  1 0.2900 128.950000 49.55837 14.13957 23.22544 48.080 41.180 -0.630 -3.085e+10 -1.958e+10 2.753e+10 0.03065 324625 324625 678944 3627 25 324561 324633 29.6432 181130000000 181130000000 171590000000 66731000000 0 27.6263 0 0.02802 0.04521 0 60.4085 -19.7638 -38.6015 0.5396 0.01222 45.0748 11.5568 12.6518 0.0839 181200000000 162100000000
 0.3600   115683 0.3700   124154      1       -1       -1       -1  0 1.87467e+11 2.09700e+11 148.196000 47.147000 41.300000  1 0.2900 131.670000 49.53700 14.12834 23.22239 43.890 37.760 3.350 -1.910e+10 -4.773e+10 1.233e+10 0.02852 324626 324626 678944 4532 24 324561 324633 47.147 209730000000 200190000000 181130000000 85797000000 0 14.7281 1.58 0.0257 0.84628 0.57565 -18.3351 28.6829 -4.54484 0.45424 0.06415 22.8166 7.02646 23.9474 0.0748 183000000000 238300000000
 0.3500   107365 0.3600   115683      1       -1       -1       -1  0 1.84300e+11 1.71600e+11 138.805000 12.313000 50.320000  1 0.2900 152.660000 49.52478 14.11860 23.23797 35.510 35.150 0.090 -9.196e+09 -3.895e+10 4.400e+09 0.03554 324627 324627 678944 4461 23 324561 324633 12.3135 171590000000 171590000000 171590000000 123930000000 47665000000 12.7905 0 0.02771 0.47918 0.15022 6.41106 -11.5046 30.5673 0.16629 0.0453 14.3136 -15.4965 26.9062 0.0837 188300000000 76260000000
 0.3400    99224 0.3500   107365      1       -1       -1       -1  0 1.77933e+11 1.71600e+11 138.993000 15.777000 52.120000  1 0.2900 146.540000 49.47882 14.08584 23.20518 33.220 33.170 0.670 -1.051e+10 -3.591e+10 4.209e+09 0.03325 324628 324628 678944 4361 22 324561 324633 15.7774 171590000000 171590000000 171590000000 152530000000 57198000000 26.8926 0 0.02627 0.45504 0.38629 10.7576 -0.02434 36.6814 0.52091 0.20121 -3.799 5.46639 26.9831 0.0943 184300000000 85800000000
 0.3300    91324 0.3400    99224      1       -1       -1       -1  0 1.77933e+11 1.71600e+11 139.172000 14.758000 51.290000  1 0.2900 150.820000 49.44456 14.05530 23.20055 31.300 31.260 1.300 -1.153e+10 -3.451e+10 3.002e+09 0.03024 324629 324629 678944 4264 21 324561 324633 14.7583 171590000000 171590000000 171590000000 123930000000 0 32.3337 0 0.02584 0.13589 0.03568 15.0476 12.725 43.1588 0.09066 0.00811 17.841 12.9192 47.9892 0.1097 178000000000 57200000000
 0.3200    83559 0.3300    91324      1       -1       -1       -1  0 1.77933e+11 1.81100e+11 141.877000 39.678000 38.840000  1 0.2900 133.960000 49.43904 14.04183 23.21174 30.020 30.900 -0.010 -7.072e+09 -4.107e+10 -4.653e+09 0.02980 324630 324630 678944 4236 20 324561 324633 39.6776 181130000000 171590000000 171590000000 47665000000 19066000000 13.4308 2.86 0.02752 0.67225 0.11591 19.7681 -0.42563 -11.2398 0.55285 0.04373 14.2839 -3.63915 -6.65148 0.0823 160700000000 200200000000
 0.3100    76037 0.3200    83559      1       -1       -1       -1  0 1.68400e+11 1.81100e+11 142.042000 45.187000 35.600000  1 0.2900 134.690000 49.40739 14.01183 23.20872 28.340 23.900 6.210 2.317e+09 -4.253e+10 -3.999e+09 0.02862 324631 324631 678944 4091 19 324561 324633 45.187 181130000000 171590000000 171590000000 0 0 26.0395 6.63 0.02851 0.20723 0.0729 41.2901 -14.7941 20.661 0 0 0 0 0 0.0822 149500000000 200200000000
 0.3000    68752 0.3100    76037      1       -1       -1       -1  0 1.55700e+11 1.43000e+11 131.423000 43.980000 34.000000  1 0.2900 126.080000 49.37531 13.98164 23.20582 25.030 24.940 5.840 -1.189e+08 -1.854e+10 1.253e+10 0.02172 324632 324632 678944 3039 18 324561 324633 43.9801 142990000000 133460000000 133460000000 0 0 29.1779 0.77 0.02247 0.85716 0.3905 -26.2781 17.664 64.8008 0 0 0 0 0 0.0836 128200000000 190700000000
 0.2900    61724 0.3000    68752      0       -1       -1       -1  0 1.43000e+11 1.43000e+11 131.560000 39.790000 37.630000  1 0.2900 129.020000 49.34280 13.95130 23.20307 23.660 25.460 2.000 -7.908e+07 -2.790e+10 1.276e+10 0.02885 324633 324633 678944 2857 17 324561 324633 39.7896 142990000000 133460000000 133460000000 0 0 22.8029 2.9 0.03132 0.1952 0 12.9357 -9.69855 104.176 0 0 0 0 0 0.1054 119200000000 152500000000
