 1.0000   674822 0.0000       -1      1       -1       -1       -1  0 1.04567e+12 1.03900e+12 207.215000 14.886000 171.970000  1 0.3100 188.870000 0.66094 19.09703 17.18053 38.200 224.580 0.740 4.342e+11 -6.611e+11 1.176e+12 0.03329 214597 214597 674822 337 88 214596 214666 15.7334 1039100000000 1172600000000 962830000000 810300000000 314590000000 6.49011 2.53 0.03169 0.85221 0.52705 6.28859 -2.66369 27.7365 0.78144 0.35689 -6.11408 2.58444 23.7022 0.5533 1424000000000 438500000000
 0.9900   666651 1.0000   674822      1       -1       -1       -1  0 1.04567e+12 1.04900e+12 208.722000 15.692000 172.840000  1 0.3100 190.480000 0.65152 19.07592 17.17534 37.940 222.570 3.590 3.971e+11 -6.757e+11 1.164e+12 0.03287 214598 214598 674822 336 87 214596 214666 15.6916 1048600000000 1144000000000 915170000000 819840000000 438520000000 7.42486 1.2 0.03099 0.66917 0.48703 12.0584 1.15262 27.207 0.53036 0.33373 11.2781 3.16871 25.5223 0.5485 1410000000000 514800000000
 0.9800   658317 0.9900   666651      1       -1       -1       -1  0 1.04567e+12 1.03900e+12 208.960000 17.610000 173.130000  1 0.3100 192.020000 0.65870 19.05575 17.17966 37.320 221.060 0.680 4.297e+11 -3.589e+11 1.054e+12 0.02872 214599 214599 674822 341 86 214596 214666 15.2089 1039100000000 1115400000000 934230000000 781710000000 400390000000 11.3643 2.96 0.02684 0.64906 0.53456 12.1465 0.84011 20.9126 0.52612 0.41929 10.6946 1.3147 19.0758 0.5455 1360000000000 514800000000
 0.9700   650005 0.9800   658317      1       -1       -1       -1  0 1.04567e+12 1.04900e+12 210.470000 16.376000 173.390000  1 0.3100 192.790000 0.64933 19.02133 17.17372 37.270 218.580 2.380 3.924e+11 -6.614e+11 1.162e+12 0.03302 214600 214600 674822 1366 85 214596 214666 15.4482 1048600000000 1115400000000 972370000000 762640000000 409920000000 12.1465 2.77 0.03097 0.78052 0.55911 12.8496 0.71556 17.8997 0.72052 0.3578 11.8854 2.66676 15.3889 0.5456 1313000000000 486200000000
 0.9600   641713 0.9700   650005      1       -1       -1       -1  0 1.04567e+12 1.04900e+12 211.343000 18.439000 168.820000  1 0.3100 193.490000 0.64449 19.00460 17.18219 36.200 216.700 2.740 3.878e+11 -6.301e+11 1.140e+12 0.03298 214601 214601 674822 2298 84 214596 214666 15.4778 1048600000000 1105800000000 943770000000 781710000000 419450000000 4.40462 2.75 0.03029 0.74878 0.49542 15.6815 -10.311 19.7001 0.67052 0.36508 -15.1621 13.292 -14.1103 0.5214 1303000000000 524300000000
 0.9500   633425 0.9600   641713      1       -1       -1       -1  0 1.04233e+12 1.03900e+12 211.569000 16.789000 162.760000  1 0.3100 182.860000 0.62602 18.98549 17.18888 34.110 216.720 1.210 5.028e+11 -6.027e+11 7.615e+11 0.02629 214602 214602 674822 349 83 214596 214666 19.5909 1039100000000 1096300000000 943770000000 734040000000 333650000000 10.297 1.03 0.02483 0.77759 0.44903 20.2893 -10.9044 18.5087 0.64024 0.3381 20.3968 -11.6574 12.9852 0.5176 1271000000000 486200000000
 0.9400   625144 0.9500   633425      1       -1       -1       -1  0 1.02933e+12 1.03900e+12 212.436000 17.014000 157.070000  1 0.3100 177.760000 0.62419 18.95624 17.18999 32.680 214.920 1.810 3.301e+11 -8.333e+11 9.283e+11 0.03187 214603 214603 674822 1307 82 214596 214666 22.6598 1039100000000 1096300000000 924700000000 743570000000 314590000000 12.6101 2.19 0.02939 0.75688 0.52719 10.6648 -3.75656 25.5864 0.73243 0.51617 10.7376 -5.4744 20.0433 0.4872 1266000000000 438500000000
 0.9300   616836 0.9400   625144      1       -1       -1       -1  0 1.01967e+12 1.01000e+12 211.326000 16.886000 153.460000  1 0.3100 178.350000 0.63317 18.93237 17.19943 32.900 213.250 0.320 2.910e+11 -3.889e+11 9.449e+11 0.02763 214604 214604 674822 352 81 214596 214666 21.5971 1010500000000 1096300000000 915170000000 695910000000 314590000000 16.0809 3.33 0.02544 0.71558 0.5499 13.4227 -0.92398 24.4124 0.56429 0.3859 14.1454 0.85159 18.6169 0.4778 1206000000000 438500000000
 0.9200   608509 0.9300   616836      1       -1       -1       -1  0 9.94267e+11 1.01000e+12 212.181000 25.093000 150.200000  1 0.3100 176.940000 0.61055 18.90316 17.17359 31.670 209.120 3.240 1.884e+11 -5.210e+11 9.073e+11 0.02779 214605 214605 674822 1357 80 214596 214666 22.8458 1010500000000 1077200000000 905630000000 686380000000 247860000000 9.58534 3.28 0.02554 0.64026 0.43131 8.90831 3.9012 24.4578 0.54918 0.32471 6.99121 -0.99033 19.4537 0.4643 1200000000000 638700000000
 0.9100   600166 0.9200   608509      1       -1       -1       -1  0 9.88233e+11 9.62800e+11 209.631000 19.253000 147.370000  1 0.3100 181.020000 0.61410 18.87616 17.19983 31.240 209.680 1.320 4.189e+11 -5.492e+11 1.106e+12 0.03895 214606 214606 674822 1381 79 214596 214666 19.2532 962830000000 1077200000000 896100000000 667310000000 324120000000 13.8312 0 0.03408 0.62604 0.46136 8.34981 2.60285 26.0717 0.66624 0.37551 6.1955 -0.20885 21.3951 0.4362 1119000000000 476600000000
 0.9000   591820 0.9100   600166      1       -1       -1       -1  0 9.88233e+11 9.53300e+11 209.772000 18.552000 146.730000  1 0.3100 182.660000 0.61219 18.85724 17.20310 30.760 207.530 1.980 3.298e+11 -6.363e+11 1.087e+12 0.03951 214607 214607 674822 357 78 214596 214666 18.5522 953300000000 1058200000000 886570000000 638710000000 285990000000 15.1845 0 0.03472 0.59635 0.45274 4.55228 5.82095 24.5347 0.70169 0.45301 0.80926 -0.46388 19.1426 0.4366 1097000000000 457600000000
 0.8900   583428 0.9000   591820      1       -1       -1       -1  0 9.88233e+11 9.53300e+11 210.605000 19.568000 146.240000  1 0.3100 181.230000 0.60975 18.82744 17.20104 28.850 205.020 2.240 5.277e+11 -4.954e+11 9.616e+11 0.03632 214608 214608 674822 366 77 214596 214666 19.568 962830000000 1029600000000 886570000000 619640000000 285990000000 15.901 0 0.0322 0.5324 0.38937 3.37659 7.8998 29.5691 0.5344 0.37743 -1.1784 2.4552 24.5218 0.4372 1066000000000 486200000000
 0.8800   575054 0.8900   583428      1       -1       -1       -1  0 9.88233e+11 9.53300e+11 211.435000 20.120000 143.320000  1 0.3100 180.910000 0.60563 18.80828 17.19382 28.080 201.630 1.970 5.814e+11 -3.283e+11 9.332e+11 0.03490 214609 214609 674822 1401 76 214596 214666 20.1196 962830000000 1039100000000 905630000000 619640000000 305060000000 12.5841 0 0.03081 0.61576 0.36886 7.39437 8.67699 28.1362 0.68457 0.4245 1.45174 6.36803 22.7597 0.423 1048000000000 486200000000
 0.8700   566602 0.8800   575054      1       -1       -1       -1  0 9.88233e+11 9.72400e+11 213.668000 27.317000 140.960000  1 0.3100 176.170000 0.60388 18.77447 17.19729 28.150 199.060 3.100 4.764e+11 -5.849e+11 1.157e+12 0.04011 214610 214610 674822 359 75 214596 214666 24.0677 972370000000 1039100000000 867500000000 619640000000 333650000000 14.6992 1.56 0.03602 0.6293 0.40312 6.46575 7.14856 31.6026 0.51967 0.32136 -4.48431 6.58721 22.8548 0.4191 1026000000000 591000000000
 0.8600   558142 0.8700   566602      1       -1       -1       -1  0 9.88233e+11 9.91400e+11 215.891000 26.548000 135.600000  1 0.3100 182.490000 0.60651 18.73211 17.18430 27.000 197.100 3.660 5.191e+11 -5.343e+11 1.166e+12 0.03995 214611 214611 674822 358 74 214596 214666 21.6665 991430000000 1029600000000 800770000000 600580000000 352720000000 18.425 1.74 0.03506 0.71769 0.42427 10.6365 3.1631 26.9988 0.8486 0.47771 7.79127 6.22557 18.9635 0.3839 993400000000 562400000000
 0.8500   549712 0.8600   558142      1       -1       -1       -1  0 9.88233e+11 9.91400e+11 216.723000 24.696000 134.110000  1 0.3100 178.260000 0.59805 18.69807 17.17451 28.100 196.510 3.110 5.163e+11 -5.149e+11 1.185e+12 0.04026 214612 214612 674822 1413 73 214596 214666 24.6957 991430000000 1020000000000 772170000000 581510000000 276460000000 18.783 2.19 0.0354 0.59119 0.40224 10.5558 -0.10107 28.3431 0.32756 0.22709 7.1301 4.36557 22.5371 0.377 1030000000000 552900000000
 0.8400   541194 0.8500   549712      1       -1       -1       -1  0 9.88233e+11 9.34200e+11 213.286000 22.795000 132.510000  1 0.3100 177.870000 0.58084 18.67148 17.15998 24.080 193.260 5.770 4.968e+11 -6.960e+11 9.923e+11 0.04207 214613 214613 674822 350 72 214596 214666 22.7948 934230000000 1029600000000 810300000000 591050000000 209730000000 13.8212 0 0.03695 0.63632 0.53816 13.0892 -9.64291 23.9926 0.59619 0.36368 13.9157 -5.18223 18.511 0.3771 978700000000 533800000000
 0.8300   532670 0.8400   541194      1       -1       -1       -1  0 9.88233e+11 9.53300e+11 215.542000 26.711000 127.750000  1 0.3100 174.370000 0.58172 18.63540 17.16574 24.100 190.850 4.020 4.244e+11 -5.878e+11 9.210e+11 0.03703 214614 214614 674822 2370 71 214596 214666 26.7106 953300000000 1020000000000 810300000000 619640000000 266920000000 13.38 0 0.0321 0.76073 0.52263 10.1152 -13.8318 21.8861 0.91337 0.61933 10.6162 -6.86283 16.7343 0.3496 965600000000 562400000000
 0.8200   524096 0.8300   532670      1       -1       -1       -1  0 9.88233e+11 9.24700e+11 214.168000 27.809000 125.940000  1 0.3100 171.750000 0.57185 18.60829 17.15526 21.820 188.600 3.020 6.469e+11 -6.164e+11 1.007e+12 0.04501 214615 214615 674822 354 70 214596 214666 27.8088 934230000000 1001000000000 819840000000 610110000000 190660000000 13.4297 0 0.03895 0.81818 0.51631 6.71268 -3.25489 25.7238 0.90345 0.57746 1.67908 3.19551 21.2729 0.3442 967900000000 581500000000
 0.8100   515458 0.8200   524096      1       -1       -1       -1  0 9.88233e+11 9.53300e+11 217.161000 28.131000 124.360000  1 0.3100 174.330000 0.56889 18.59446 17.17070 21.540 184.890 2.030 6.395e+11 -4.683e+11 9.720e+11 0.03923 214616 214616 674822 1433 69 214596 214666 28.1306 962830000000 1039100000000 810300000000 667310000000 66731000000 2.92362 0 0.03464 0.66789 0.33069 -4.99122 26.0119 38.5688 0.25876 0.16573 -6.84619 37.8033 28.4275 0.3408 1023000000000 610100000000
 0.8000   506792 0.8100   515458      1       -1       -1       -1  0 9.88233e+11 8.96100e+11 213.515000 32.263000 126.730000  1 0.3100 166.710000 0.56593 18.52740 17.14160 19.690 181.070 0.960 6.241e+11 -7.503e+11 9.496e+11 0.04795 214617 214617 674822 381 68 214596 214666 32.263 896100000000 943770000000 810300000000 524310000000 238320000000 30.6897 0 0.04188 0.63266 0.27083 -2.85079 14.2676 28.9462 0.44778 0.23113 -6.14544 10.8209 19.6271 0.3515 913400000000 657800000000
 0.7900   498164 0.8000   506792      1       -1       -1       -1  0 9.88233e+11 8.86600e+11 213.535000 34.888000 126.620000  1 0.3100 164.650000 0.55978 18.49240 17.12843 18.000 179.780 -0.050 6.074e+11 -7.268e+11 8.256e+11 0.04437 214618 214618 674822 376 67 214596 214666 34.8879 886570000000 934230000000 781710000000 476650000000 200190000000 41.279 0.62 0.03951 0.46271 0.26519 1.66276 18.1253 31.9559 0.3966 0.23931 3.4076 11.1714 27.4015 0.3594 898200000000 638700000000
 0.7800   489530 0.7900   498164      1       -1       -1       -1  0 9.88233e+11 9.05600e+11 215.836000 35.698000 124.910000  1 0.3100 166.250000 0.55325 18.46418 17.13114 18.980 177.040 0.770 6.057e+11 -4.803e+11 8.271e+11 0.03871 214619 214619 674822 362 66 214596 214666 35.6977 905630000000 924700000000 829370000000 543380000000 181130000000 38.8134 0 0.03452 0.50157 0.32113 4.41571 18.9195 28.7054 0.44234 0.25999 3.98468 13.4432 22.5053 0.3483 899300000000 686400000000
 0.7700   480843 0.7800   489530      1       -1       -1       -1  0 9.88233e+11 9.24700e+11 218.123000 32.176000 123.820000  1 0.3100 171.510000 0.54648 18.44551 17.14091 17.780 173.980 0.400 7.775e+11 -3.899e+11 8.575e+11 0.04187 214620 214620 674822 374 65 214596 214666 32.1762 924700000000 1010500000000 829370000000 571980000000 162060000000 26.0363 0 0.03614 0.52526 0.39772 6.9549 14.5843 26.8426 0.53806 0.25403 0.65299 13.4162 19.7286 0.3249 917400000000 648200000000
 0.7600   472146 0.7700   480843      1       -1       -1       -1  0 9.88233e+11 9.43800e+11 220.395000 34.299000 126.480000  1 0.3100 171.890000 0.53670 18.41735 17.13374 19.350 171.640 1.700 8.180e+11 -3.415e+11 6.733e+11 0.03704 214621 214621 674822 392 64 214596 214666 34.2987 943770000000 1001000000000 819840000000 562450000000 238320000000 35.5047 0 0.03199 0.54947 0.41035 10.0578 16.0499 28.2331 0.537 0.36273 4.62984 13.8737 21.7077 0.3279 931300000000 686400000000
 0.7500   463412 0.7600   472146      1       -1       -1       -1  0 9.88233e+11 9.91400e+11 224.835000 40.457000 127.600000  1 0.3100 174.570000 0.53942 18.38547 17.14084 19.320 169.650 3.320 6.418e+11 -2.394e+11 5.679e+11 0.02813 214622 214622 674822 394 63 214596 214666 36.2074 991430000000 1010500000000 829370000000 610110000000 257390000000 34.3279 2.84 0.02367 0.67556 0.537 8.17981 8.82955 26.3553 0.79847 0.6485 10.8147 3.47805 16.6801 0.3101 946700000000 772200000000
 0.7400   454624 0.7500   463412      1       -1       -1       -1  0 9.88233e+11 9.72400e+11 224.164000 47.793000 128.300000  1 0.3100 179.150000 0.52561 18.36582 17.14984 19.380 169.480 4.920 2.656e+11 -1.713e+11 5.662e+11 0.02145 214623 214623 674822 1467 62 214596 214666 30.9197 972370000000 1010500000000 905630000000 667310000000 276460000000 26.7726 0.4 0.0179 0.72582 0.57726 4.52402 12.7089 30.8272 0.7625 0.66366 -6.4167 22.2004 9.79471 0.3085 980900000000 905600000000
 0.7300   445803 0.7400   454624      1       -1       -1       -1  0 9.88233e+11 9.81900e+11 225.672000 22.984000 131.220000  1 0.3100 195.120000 0.53921 18.32126 17.14120 18.670 169.590 6.160 4.527e+11 -1.172e+09 3.967e+11 0.02009 214624 214624 674822 384 61 214596 214666 21.4745 981900000000 1010500000000 886570000000 686380000000 333650000000 32.3234 2.39 0.01643 0.85735 0.54638 -0.42279 14.1183 34.3195 0.82702 0.43497 -15.9233 26.645 5.17851 0.3064 1019000000000 505200000000
 0.7200   436932 0.7300   445803      1       -1       -1       -1  0 9.88233e+11 9.91400e+11 227.174000 21.017000 135.930000  1 0.3100 194.750000 0.54312 18.29935 17.15375 18.250 168.260 6.990 3.581e+11 9.582e+10 2.778e+11 0.01543 214625 214625 674822 385 60 214596 214666 22.6324 991430000000 1010500000000 934230000000 734040000000 352720000000 17.9487 2.3 0.01251 0.8096 0.6107 0.75987 18.4846 20.9006 0.63378 0.53506 -3.61818 20.3707 9.80184 0.3141 1068000000000 476600000000
 0.7100   428000 0.7200   436932      1       -1       -1       -1  0 9.88233e+11 9.91400e+11 227.942000 26.236000 139.180000  1 0.3100 194.930000 0.53445 18.27257 17.16443 18.740 165.390 6.710 4.224e+11 6.893e+10 3.612e+11 0.01894 214626 214626 674822 401 59 214596 214666 23.1595 991430000000 1020000000000 953300000000 762640000000 352720000000 15.8072 1.81 0.01521 0.66073 0.52836 3.15779 22.4299 16.8377 0.51942 0.36867 4.33486 18.4045 11.6307 0.3186 1124000000000 591000000000
 0.7000   419033 0.7100   428000      1       -1       -1       -1  0 9.78700e+11 9.81900e+11 227.968000 23.915000 138.670000  1 0.3100 202.680000 0.53124 18.22719 17.16002 18.740 162.730 5.470 2.811e+11 1.938e+10 3.549e+11 0.01599 214627 214627 674822 386 58 214596 214666 19.7264 981900000000 1001000000000 962830000000 800770000000 419450000000 10.7477 0.91 0.01257 0.73137 0.56962 11.6392 17.4577 30.6444 0.63536 0.46873 10.7187 17.1261 25.7486 0.3087 1128000000000 524300000000
 0.6900   410044 0.7000   419033      1       -1       -1       -1  0 9.69167e+11 9.62800e+11 227.230000 22.573000 135.740000  1 0.3100 196.150000 0.51715 18.18136 17.15630 17.090 161.150 5.000 1.416e+11 8.679e+10 2.991e+11 0.01261 214628 214628 674822 390 57 214596 214666 22.5725 962830000000 991430000000 943770000000 800770000000 305060000000 13.2946 0 0.00986 0.7073 0.51449 12.7719 4.62454 28.8439 0.58088 0.48514 12.5746 6.80984 23.5649 0.2986 1126000000000 514800000000
 0.6800   401040 0.6900   410044      1       -1       -1       -1  0 9.59633e+11 9.62800e+11 227.971000 23.372000 131.270000  1 0.3100 195.890000 0.51753 18.14957 17.15351 16.340 158.290 4.430 1.416e+11 8.707e+10 2.943e+11 0.01226 214629 214629 674822 409 56 214596 214666 23.3716 962830000000 981900000000 934230000000 819840000000 247860000000 15.5634 0 0.0098 0.76571 0.41797 9.51693 -4.2389 33.6077 0.80567 0.3033 12.6155 -11.2202 22.3071 0.2934 1130000000000 543400000000
 0.6700   392056 0.6800   401040      1       -1       -1       -1  0 9.53300e+11 9.53300e+11 227.948000 21.282000 131.080000  1 0.3100 200.550000 0.51799 18.09631 17.17814 16.950 154.310 2.250 1.178e+11 -8.950e+10 3.445e+11 0.01413 214630 214630 674822 2622 55 214596 214666 21.2818 953300000000 972370000000 934230000000 743570000000 285990000000 10.4888 0 0.01111 0.96683 0.50012 -1.71977 16.0713 28.6912 0.79464 0.36168 -10.6612 29.6938 -0.59128 0.2858 1093000000000 505200000000
 0.6600   383095 0.6700   392056      1       -1       -1       -1  0 9.34233e+11 9.43800e+11 227.907000 18.096000 136.230000  1 0.3100 208.950000 0.51711 18.05222 17.18590 16.420 151.300 1.240 3.088e+10 -8.681e+10 2.955e+11 0.01185 214631 214631 674822 1502 54 214596 214666 18.0958 943770000000 962830000000 867500000000 753110000000 371790000000 18.2605 0 0.00939 0.53832 0.38764 -2.24043 44.8352 2.13652 0.35813 0.33382 -3.12875 43.1793 -1.189 0.3052 1145000000000 457600000000
 0.6500   374040 0.6600   383095      1       -1       -1       -1  0 8.96100e+11 9.05600e+11 225.499000 20.877000 135.300000  1 0.3100 199.920000 0.50398 18.05653 17.18586 16.400 148.060 -0.700 1.782e+11 6.928e+09 3.370e+11 0.01526 214632 214632 674822 409 53 214596 214666 20.8768 905630000000 953300000000 810300000000 686380000000 371790000000 36.225 0 0.01246 0.42455 0.27623 2.82158 41.7233 7.8962 0.37202 0.19615 6.4397 35.6019 9.07195 0.3195 931700000000 429000000000
 0.6400   364959 0.6500   374040      1       -1       -1       -1  0 8.57967e+11 8.38900e+11 220.498000 18.736000 126.440000  1 0.3100 200.080000 0.49572 17.96139 17.18915 16.580 147.950 -7.290 1.616e+11 -1.724e+11 2.740e+11 0.01761 214633 214633 674822 409 52 214596 214666 18.7363 838900000000 848440000000 781710000000 705440000000 257390000000 8.81253 0 0.01351 0.66602 0.48916 5.99152 36.62 7.44058 0.65832 0.4113 6.27807 32.2578 8.91158 0.2734 1068000000000 409900000000
 0.6300   355844 0.6400   364959      1       -1       -1       -1  0 8.23033e+11 8.29400e+11 220.329000 22.131000 117.900000  1 0.3100 193.000000 0.48443 17.93254 17.19606 17.060 143.200 -6.880 7.255e+09 -1.948e+11 3.551e+11 0.01971 214634 214634 674822 422 51 214596 214666 22.1313 829370000000 838900000000 772170000000 648240000000 247860000000 14.9046 0 0.01552 0.74623 0.50843 1.17626 35.5486 5.82628 0.52089 0.33195 -5.08709 30.6697 2.34079 0.2569 936700000000 457600000000
 0.6200   346738 0.6300   355844      1       -1       -1       -1  0 7.88067e+11 8.00800e+11 218.419000 26.434000 113.220000  1 0.3100 184.560000 0.47449 17.87982 17.18946 17.100 138.390 -7.850 1.952e+11 -8.756e+10 3.559e+11 0.02127 214635 214635 674822 405 50 214596 214666 26.4336 800770000000 819840000000 734040000000 610110000000 228790000000 16.3583 0 0.01698 0.91784 0.49258 11.9567 22.9008 7.4411 0.88559 0.38184 15.3149 17.0682 6.82224 0.2505 814900000000 495700000000
 0.6100   337608 0.6200   346738      1       -1       -1       -1  0 7.49933e+11 7.34000e+11 212.802000 30.719000 103.800000  1 0.3100 174.490000 0.46812 17.81461 17.19920 17.840 136.960 -11.390 -4.402e+10 -7.862e+10 2.914e+11 0.01772 214636 214636 674822 406 49 214596 214666 30.7194 734040000000 819840000000 676840000000 495720000000 162060000000 21.6794 0 0.01451 0.66213 0.36467 3.09309 26.1293 -1.35169 0.44087 0.33146 6.81702 18.9839 1.26955 0.2374 717700000000 486200000000
 0.6000   328448 0.6100   337608      1       -1       -1       -1  0 7.27700e+11 7.15000e+11 211.556000 35.480000 96.000000  1 0.3100 169.730000 0.46294 17.78889 17.19856 18.370 129.180 -8.280 -1.540e+11 -1.380e+11 1.672e+11 0.01629 214637 214637 674822 1397 48 214596 214666 35.4795 714970000000 772170000000 629180000000 428980000000 133460000000 15.9367 0 0.01331 0.56815 0.38681 -2.61708 30.4132 -1.08144 0.41383 0.27221 5.27979 20.2813 -3.37264 0.2095 674800000000 552900000000
 0.5900   319256 0.6000   328448      1       -1       -1       -1  0 7.27700e+11 6.95900e+11 210.257000 39.053000 90.030000  1 0.3100 166.730000 0.45598 17.74616 17.20437 17.100 125.640 -9.590 -1.739e+11 -2.113e+11 2.671e+11 0.02425 214638 214638 674822 409 47 214596 214666 39.0531 695910000000 705440000000 648240000000 419450000000 142990000000 16.8844 0.89 0.02016 0.51696 0.34059 -6.55478 37.7643 -1.00761 0.37855 0.30988 4.48154 27.9089 0.68438 0.1953 626800000000 543400000000
 0.5800   310009 0.5900   319256      1       -1       -1       -1  0 7.27700e+11 6.86400e+11 209.880000 47.666000 85.930000  1 0.3100 162.720000 0.46112 17.71408 17.21236 17.140 123.020 -9.700 -1.366e+11 -2.288e+11 2.530e+11 0.02357 214639 214639 674822 415 46 214596 214666 47.6662 686380000000 724510000000 638710000000 400390000000 95330000000 5.48075 0 0.01997 0.42935 0.30171 -11.4647 42.2836 -4.66495 0.52928 0.26515 1.76576 27.9665 -4.47862 0.1856 640600000000 676800000000
 0.5700   300786 0.5800   310009      1       -1       -1       -1  0 7.27700e+11 6.76800e+11 209.480000 53.652000 84.950000  1 0.3100 161.000000 0.45768 17.66905 17.21450 15.230 119.390 -6.990 -2.075e+11 -2.509e+11 2.859e+11 0.02817 214640 214640 674822 393 45 214596 214666 53.6524 676840000000 695910000000 638710000000 352720000000 95330000000 6.94977 0 0.02428 0.4051 0.29921 -6.11343 39.7563 -4.53408 0.47937 0.15845 1.88221 25.5835 -6.63695 0.1857 615300000000 695900000000
 0.5600   291539 0.5700   300786      1       -1       -1       -1  0 7.27700e+11 6.00600e+11 201.841000 46.084000 84.220000  1 0.3100 157.860000 0.42584 17.64198 17.20944 13.030 113.750 -8.250 -1.840e+11 -2.240e+11 1.315e+11 0.02564 214641 214641 674822 415 44 214596 214666 46.0839 600580000000 657780000000 562450000000 352720000000 0 14.6973 0.97 0.02193 0.60308 0.24964 5.97584 52.8552 -9.17189 0.49039 0.03891 -9.6083 50.0498 -9.78267 0.1877 566000000000 562400000000
 0.5500   282290 0.5600   291539      1       -1       -1       -1  0 7.27700e+11 6.48200e+11 207.594000 53.730000 81.250000  1 0.3100 160.960000 0.44857 17.57846 17.21918 9.460 115.210 -5.580 -3.810e+11 -2.565e+11 2.646e+11 0.03630 214642 214642 674822 411 43 214596 214666 53.7299 648240000000 676840000000 581510000000 257390000000 0 7.8044 0 0.03241 0.24126 0.04777 20.2428 67.5409 4.78569 0.18162 0.01434 20.6398 62.2602 4.85058 0.1796 572200000000 676800000000
 0.5400   273072 0.5500   282290      1       -1       -1       -1  0 7.27700e+11 6.29200e+11 206.072000 40.963000 83.290000  1 0.3100 165.760000 0.44014 17.51804 17.21869 8.290 111.680 -5.240 -3.333e+11 -2.027e+11 9.624e+10 0.02843 214643 214643 674822 443 42 214596 214666 40.9634 629180000000 657780000000 610110000000 247860000000 0 18.6011 0 0.02602 0.094 0.00554 -2.06779 126 3.94744 0.24819 0.02686 2.1611 54.482 -6.06861 0.1957 593200000000 543400000000
 0.5300   263833 0.5400   273072      1       -1       -1       -1  0 7.27700e+11 5.14800e+11 193.229000 24.239000 84.100000  1 0.3100 168.950000 0.42707 17.55248 17.21890 2.680 104.980 -9.790 -8.225e+10 -2.841e+11 -2.596e+10 0.03405 214644 214644 674822 444 41 214596 214666 24.2394 514780000000 524310000000 457580000000 362250000000 114400000000 10.8142 0 0.02708 0.79034 0.33225 7.98677 28.1545 1.90392 0.32241 0.12477 -10.1579 29.2425 -5.63785 0.1715 516900000000 333700000000
 0.5200   254594 0.5300   263833      1       -1       -1       -1  0 7.27700e+11 5.43400e+11 197.233000 28.721000 81.330000  1 0.3100 168.640000 0.42903 17.50811 17.23235 0.930 104.430 -9.930 -1.007e+11 -2.145e+11 -3.011e+10 0.02437 214645 214645 674822 438 40 214596 214666 28.7208 543380000000 543380000000 457580000000 362250000000 19066000000 9.89194 3.88 0.02008 0.58923 0.30373 17.4689 35.1309 3.00412 0.27272 0.07994 15.3168 31.7875 0.80965 0.1658 499400000000 362300000000
 0.5100   245350 0.5200   254594      1       -1       -1       -1  0 7.27700e+11 5.14800e+11 194.181000 28.930000 79.610000  1 0.3100 166.360000 0.43262 17.46784 17.23394 2.410 105.110 -7.010 -3.774e+09 -1.900e+11 -4.279e+10 0.02215 214646 214646 674822 433 39 214596 214666 28.9295 514780000000 514780000000 486180000000 324120000000 123930000000 9.66884 0 0.01807 0.66443 0.36374 12.9185 37.4755 13.7197 0.63299 0.10336 -3.02626 34.5541 -3.39162 0.1597 491000000000 333700000000
 0.5000   236175 0.5100   245350      1       -1       -1       -1  0 7.27700e+11 4.86200e+11 190.968000 36.496000 77.110000  1 0.3100 158.180000 0.43715 17.45009 17.23951 0.900 106.270 -6.950 2.572e+10 -1.742e+11 -9.023e+10 0.02467 214647 214647 674822 426 38 214596 214666 36.4965 486180000000 495720000000 467120000000 285990000000 0 14.198 0 0.02036 0.54155 0.34822 8.82019 48.3172 10.7832 0.69451 0.40183 -1.0414 37.4043 0.95501 0.1597 446300000000 400400000000
 0.4900   227006 0.5000   236175      1       -1       -1       -1  0 7.27700e+11 5.05200e+11 193.880000 36.546000 74.690000  1 0.3100 161.990000 0.43254 17.39034 17.24566 3.100 104.500 -7.850 1.319e+11 -1.493e+11 -1.114e+11 0.02682 214648 214648 674822 406 37 214596 214666 36.5461 505250000000 505250000000 448050000000 324120000000 57198000000 13.6381 0 0.02223 0.5979 0.35731 -13.2435 36.1037 -6.56535 0.40234 0.08631 -21.6908 22.8027 -6.0114 0.1443 476100000000 371800000000
 0.4800   217854 0.4900   227006      1       -1       -1       -1  0 7.27700e+11 5.24300e+11 196.732000 36.167000 78.150000  1 0.3100 166.130000 0.42576 17.34095 17.25046 2.370 104.430 -6.630 1.759e+11 -1.757e+11 -1.524e+11 0.03221 214649 214649 674822 389 36 214596 214666 36.1666 524310000000 524310000000 428980000000 343190000000 57198000000 19.0253 2.19 0.02695 0.40816 0.31419 -13.0663 37.7257 -9.07193 0.26209 0.21575 -15.3248 32.7639 -12.0688 0.1536 495600000000 352700000000
 0.4700   208722 0.4800   217854      1       -1       -1       -1  0 7.27700e+11 6.48200e+11 211.613000 50.818000 83.560000  1 0.3100 173.820000 0.42561 17.21228 17.23171 9.490 88.820 -1.560 -1.903e+11 -2.313e+11 1.011e+11 0.02316 214650 214650 674822 400 35 214596 214666 50.8176 648240000000 648240000000 610110000000 171590000000 0 11.5178 0.65 0.02071 0.02195 0.00376 0.45502 63.8576 7.69015 0.01161 0 -0.89029 59.407 8.10414 0.1617 560700000000 619600000000
 0.4600   199621 0.4700   208722      1       -1       -1       -1  0 7.27700e+11 5.33800e+11 198.774000 55.364000 81.560000  1 0.3100 162.110000 0.41675 17.27160 17.26268 7.540 94.550 -4.370 -7.438e+10 -2.012e+11 7.869e+10 0.02402 214651 214651 674822 403 34 214596 214666 55.3638 533850000000 533850000000 428980000000 238320000000 104860000000 41.7964 2.43 0.02089 0.53268 0.26335 -1.28407 36.1663 18.7734 0.65779 0.29529 -3.73567 23.5916 13.112 0.1641 497100000000 581500000000
 0.4500   190588 0.4600   199621      1       -1       -1       -1  0 7.27700e+11 6.76800e+11 215.583000 43.939000 83.140000  1 0.3100 183.510000 0.41894 17.12312 17.23750 11.120 85.740 1.590 -2.618e+11 -2.191e+11 -4.300e+10 0.02503 214652 214652 674822 1523 33 214596 214666 43.9389 676840000000 667310000000 638710000000 428980000000 0 8.35337 1.64 0.02139 0.53603 0.13165 -8.74182 79.8221 23.4057 0.88769 0.11678 21.0802 48.5786 19.0392 0.1412 591200000000 591000000000
 0.4400   181565 0.4500   190588      1       -1       -1       -1  0 7.27700e+11 6.76800e+11 216.016000 42.094000 84.000000  1 0.3100 186.550000 0.41244 17.07675 17.23449 12.080 81.770 2.190 -3.250e+11 -1.839e+11 5.907e+10 0.02828 214653 214653 674822 1501 32 214596 214666 42.0937 676840000000 676840000000 667310000000 448050000000 0 8.46155 0 0.02375 0.42599 0.05345 -4.07168 84.4355 20.9101 0.55651 0.15851 21.1224 53.9981 28.354 0.1387 614700000000 572000000000
 0.4300   172565 0.4400   181565      1       -1       -1       -1  0 7.27700e+11 6.95900e+11 218.450000 42.844000 83.350000  1 0.3100 190.100000 0.40677 17.02876 17.23427 13.930 79.550 3.190 -3.071e+11 -1.480e+11 1.001e+11 0.02579 214654 214654 674822 351 31 214596 214666 42.8438 695910000000 676840000000 657780000000 400390000000 9533000000 7.29891 0.98 0.02153 0.44925 0.09553 -13.8245 72.5677 14.4429 0.34746 0.02452 1.14095 46.7499 14.7974 0.1319 636600000000 591000000000
 0.4200   163630 0.4300   172565      1       -1       -1       -1  0 7.27700e+11 7.43600e+11 223.748000 56.709000 83.790000  1 0.3100 190.420000 0.40260 16.97796 17.23164 14.190 80.130 4.290 -1.261e+11 -1.508e+11 4.798e+10 0.01328 214655 214655 674822 349 30 214596 214666 56.7093 743570000000 724510000000 648240000000 409920000000 47665000000 8.66478 1.4 0.0111 0.40066 0.25261 -22.9898 47.7142 2.38566 0.19143 0.10724 -15.8783 43.7366 -9.59505 0.127 625700000000 753100000000
 0.4100   154770 0.4200   163630      1       -1       -1       -1  0 7.27700e+11 7.24500e+11 222.222000 46.970000 85.360000  1 0.3100 194.970000 0.40691 16.91035 17.21020 9.680 76.740 4.850 -3.650e+10 -8.067e+10 -4.651e+09 0.00615 214656 214656 674822 357 29 214596 214666 46.97 724510000000 705440000000 676840000000 409920000000 66731000000 16.352 0 0.00514 0.30847 0.14658 -29.3709 50.7148 7.06802 0.16581 0.14526 -29.62 29.6889 1.16825 0.1281 635200000000 657800000000
 0.4000   146029 0.4100   154770      1       -1       -1       -1  0 6.89567e+11 7.15000e+11 221.630000 39.869000 81.950000  1 0.3100 200.870000 0.38229 16.86771 17.21519 10.070 73.950 5.470 -7.927e+10 -9.384e+10 -9.379e+09 0.00892 214657 214657 674822 343 28 214596 214666 39.869 714970000000 714970000000 686380000000 457580000000 57198000000 8.17262 0 0.00738 0.32899 0.1245 -4.25853 59.7732 8.68924 0.25759 0.07269 -8.89651 39.5759 1.63755 0.1183 656300000000 581500000000
 0.3900   137369 0.4000   146029      1       -1       -1       -1  0 6.57800e+11 6.29200e+11 212.742000 31.458000 81.130000  1 0.3100 201.200000 0.36735 16.78303 17.18496 14.690 74.820 10.830 7.335e+10 -4.303e+10 -2.572e+11 0.02517 214658 214658 674822 315 27 214596 214666 31.4578 629180000000 629180000000 619640000000 419450000000 9533000000 23.9673 0 0.02032 0.65499 0.35066 -13.9139 52.3107 -0.9438 0.23948 0.04898 -3.48919 50.7845 1.94738 0.1169 564000000000 419500000000
 0.3800   128915 0.3900   137369      1       -1       -1       -1  0 6.03767e+11 6.29200e+11 213.087000 40.605000 84.340000  1 0.3100 195.490000 0.37166 16.78897 17.21305 12.100 67.430 6.990 3.263e+10 -8.413e+10 -5.290e+10 0.00952 214659 214659 674822 1299 26 214596 214666 40.6048 629180000000 629180000000 619640000000 266920000000 104860000000 27.8193 0 0.00794 0.11492 0.06465 2.73514 60.1019 11.4347 0.17702 0.07034 2.89917 24.8009 11.0627 0.134 563700000000 543400000000
 0.3700   120427 0.3800   128915      1       -1       -1       -1  0 5.68800e+11 5.52900e+11 204.421000 27.818000 80.020000  1 0.3100 200.570000 0.35142 16.69389 17.18638 17.700 69.710 10.710 1.757e+11 -1.648e+10 -3.186e+11 0.04323 214660 214660 674822 296 25 214596 214666 27.8182 552910000000 552910000000 552910000000 457580000000 19066000000 16.0065 0 0.03473 0.3378 0.07882 -5.25137 63.0162 3.62282 0.45061 0.21037 -3.18403 55.3263 4.53165 0.1207 551600000000 362300000000
 0.3600   112038 0.3700   120427      1       -1       -1       -1  0 4.89333e+11 5.24300e+11 201.133000 42.090000 73.020000  1 0.3100 186.300000 0.35294 16.62856 17.19374 18.280 66.080 10.680 1.551e+11 4.194e+09 -1.910e+11 0.03159 214661 214661 674822 281 24 214596 214666 42.0905 524310000000 514780000000 476650000000 324120000000 95330000000 20.8486 0 0.02597 0.18951 0.08747 -5.56749 55.4994 1.93569 0.28647 0.05959 -1.48952 33.3561 6.07555 0.1127 439900000000 457600000000
 0.3500   103796 0.3600   112038      1       -1       -1       -1  0 3.90833e+11 3.90800e+11 182.631000 38.547000 68.460000  1 0.3100 171.000000 0.33460 16.58797 17.17842 16.350 63.450 9.800 1.194e+11 -7.843e+09 -1.894e+11 0.04789 214662 214662 674822 279 23 214596 214666 38.5468 390850000000 381320000000 362250000000 219260000000 66731000000 21.372 1.92 0.0391 0.56309 0.34308 -14.326 31.9161 -8.14384 0.55717 0.43685 14.0676 2.74819 21.1289 0.1151 362200000000 343200000000
 0.3400    95757 0.3500   103796      1       -1       -1       -1  0 2.82800e+11 2.57400e+11 159.107000 38.547000 58.580000  1 0.3100 148.370000 0.33635 16.56691 17.16327 20.450 56.620 11.690 4.558e+10 -4.776e+10 -8.769e+10 0.04470 214663 214663 674822 1293 22 214596 214666 38.5467 257390000000 247860000000 228790000000 114400000000 57198000000 34.2 1.38 0.03896 0.29464 0.11185 30.8514 28.415 2.30237 0.51657 0.3154 23.3204 15.4003 5.5647 0.1234 334800000000 247900000000
 0.3300    87953 0.3400    95757      1       -1       -1       -1  1 2.00200e+11 2.00200e+11 146.453000 33.212000 50.920000  1 0.3100 138.740000 0.33012 16.54966 17.15971 20.450 56.620 11.690 1.944e+10 -3.567e+10 -4.706e+10 0.03464 214664 214664 674822 7115 21 214596 214666 34.0472 200190000000 195425000000 185890000000 61966500000 33365500000 27.0267 0.69 0.031815 0.579015 0.09991 28.4425 21.4772 -4.75636 0.258285 0.1577 11.6602 7.70014 2.78235 0.1156 302300000000 190700000000
 0.3200    80290 0.3300    87953      1       -1       -1       -1  0 1.58900e+11 1.43000e+11 131.127000 27.876000 39.790000  1 0.3100 127.540000 0.28300 16.41561 17.14101 15.380 54.140 18.440 -6.691e+09 -2.358e+10 -6.421e+09 0.02459 214665 214665 674822 320 20 214596 214666 27.8758 142990000000 142990000000 142990000000 9533000000 9533000000 19.8535 0 0.02467 0.86339 0.08797 26.0336 14.5394 -11.8151 0 0 0 0 0 0.1078 269800000000 133500000000
 0.3100    72890 0.3200    80290      0       -1       -1       -1  0 1.33500e+11 1.33500e+11 128.295000 53.480000 44.680000  1 0.3100 120.260000 0.23491 16.38458 17.10647 14.350 39.000 4.050 -1.228e+10 -3.693e+10 -3.053e+10 0.04903 214666 214666 674822 1262 19 214596 214666 53.48 133460000000 66731000000 66731000000 0 0 37.6847 14.76 0.05485 0.46175 0.01446 0.00466 80.3846 -3.87409 0 0 0 0 0 0.1665 222100000000 238300000000
