 1.0000   674991 0.0000       -1      1       -1       -1       -1  0 3.78133e+11 3.71800e+11 147.107000 7.919000 119.590000  1 0.3100 146.820000 0.42905 29.86788 7.43465 0.300 213.280 19.370 -2.657e+11 -3.595e+11 2.137e+11 0.07036 343970 343970 674991 506 88 343969 344039 7.91909 371790000000 409920000000 333650000000 266920000000 200190000000 17.8526 0 0.06145 0.72671 0.44917 11.5233 9.95852 2.06526 0.46853 0.29088 8.09204 12.7756 1.7093 0.497 595000000000 152500000000
 0.9900   666820 1.0000   674991      1       -1       -1       -1  0 3.78133e+11 3.71800e+11 147.727000 5.873000 120.730000  1 0.3100 160.720000 0.43049 29.84956 7.43216 1.690 211.090 15.490 -2.525e+11 -2.796e+11 1.700e+11 0.06175 343971 343971 674991 527 87 343969 344039 5.87332 371790000000 409920000000 324120000000 276460000000 171590000000 21.3254 0 0.0514 0.72051 0.60917 11.5991 6.15275 5.5609 0.60403 0.47597 8.93275 8.2726 2.38644 0.476 664400000000 171600000000
 0.9800   658484 0.9900   666820      1       -1       -1       -1  0 3.78133e+11 3.52700e+11 145.765000 5.535000 121.310000  1 0.3100 160.600000 0.43126 29.82243 7.43092 -0.360 211.490 16.050 -2.497e+11 -2.802e+11 1.681e+11 0.06816 343972 343972 674991 509 86 343969 344039 5.53492 352720000000 409920000000 324120000000 276460000000 181130000000 22.4643 0 0.056 0.89005 0.71113 -3.77313 8.85004 12.9276 0.69747 0.42633 4.05993 15.1354 -0.7367 0.4781 599400000000 143000000000
 0.9700   650171 0.9800   658484      1       -1       -1       -1  0 3.78133e+11 3.43200e+11 145.042000 6.787000 117.270000  1 0.3100 150.080000 0.42841 29.80489 7.42980 0.240 211.240 15.260 -2.343e+11 -2.565e+11 1.717e+11 0.06743 343973 343973 674991 1522 85 343969 344039 6.78699 343190000000 400390000000 324120000000 305060000000 171590000000 19.9403 0 0.05541 0.89426 0.74129 2.61252 14.9107 4.91272 0.53566 0.42524 2.66068 17.4211 -0.19175 0.465 549500000000 133500000000
 0.9600   641876 0.9700   650171      1       -1       -1       -1  0 3.78133e+11 3.43200e+11 145.643000 7.692000 112.660000  1 0.3100 145.470000 0.43088 29.78020 7.42989 0.300 211.240 14.750 -2.314e+11 -2.539e+11 1.704e+11 0.06721 343974 343974 674991 2458 84 343969 344039 7.69152 343190000000 390850000000 324120000000 276460000000 162060000000 17.5597 0 0.055 0.92622 0.77741 4.04318 11.0189 9.61475 0.63299 0.49006 4.28012 15.0106 0.2365 0.442 526800000000 114400000000
 0.9500   633589 0.9600   641876      1       -1       -1       -1  0 3.78133e+11 3.43200e+11 146.244000 8.700000 108.640000  1 0.3100 141.240000 0.43204 29.75754 7.42768 1.400 208.460 14.920 -1.559e+11 -2.399e+11 1.901e+11 0.06104 343975 343975 674991 540 83 343969 344039 8.69974 343190000000 381320000000 333650000000 276460000000 171590000000 17.5061 0 0.04942 0.75467 0.67978 5.96882 7.83178 11.0526 0.78167 0.60176 1.08945 6.93408 9.74956 0.4175 491400000000 133500000000
 0.9400   625306 0.9500   633589      1       -1       -1       -1  0 3.78133e+11 3.52700e+11 148.190000 8.872000 106.740000  1 0.3100 142.750000 0.43531 29.74257 7.42976 1.880 208.470 14.160 -2.463e+11 -2.763e+11 1.620e+11 0.06805 343976 343976 674991 1502 82 343969 344039 8.87179 352720000000 371790000000 343190000000 285990000000 171590000000 15.6877 2.73 0.05572 0.81907 0.5879 8.59014 13.2353 3.03226 0.60948 0.43449 7.57249 11.2841 1.74414 0.4087 506300000000 152500000000
 0.9300   616998 0.9400   625306      1       -1       -1       -1  0 3.78133e+11 3.43200e+11 147.441000 7.499000 103.720000  1 0.3100 148.450000 0.43424 29.71800 7.43627 -2.960 209.160 11.700 -2.243e+11 -1.565e+11 9.550e+10 0.05284 343977 343977 674991 550 81 343969 344039 7.4992 352720000000 352720000000 343190000000 285990000000 181130000000 11.7131 0 0.04195 0.54602 0.50769 13.5071 18.7572 3.17962 0.51854 0.34264 13.1742 16.24 4.91433 0.3809 551500000000 104900000000
 0.9200   608670 0.9300   616998      1       -1       -1       -1  0 3.78133e+11 3.43200e+11 148.038000 9.183000 103.080000  1 0.3100 141.060000 0.43667 29.69137 7.43400 -2.540 209.190 11.580 -2.196e+11 -1.543e+11 9.364e+10 0.05234 343978 343978 674991 1529 80 343969 344039 9.18279 352720000000 371790000000 333650000000 276460000000 171590000000 10.6577 0 0.0413 0.45322 0.38251 13.5426 19.132 1.69404 0.46708 0.22641 12.3456 17.9357 3.17249 0.3732 518200000000 152500000000
 0.9100   600327 0.9200   608670      1       -1       -1       -1  0 3.78133e+11 3.43200e+11 148.633000 9.014000 102.530000  1 0.3100 142.400000 0.44182 29.66191 7.43622 -1.090 209.170 11.460 -2.169e+11 -1.536e+11 9.177e+10 0.05264 343979 343979 674991 1607 79 343969 344039 9.01429 352720000000 371790000000 333650000000 295520000000 152530000000 4.77803 0.98 0.041 0.55301 0.36564 10.1954 14.8424 1.7129 0.48295 0.28906 8.83316 13.6392 2.29859 0.3625 544200000000 133500000000
 0.9000   591981 0.9100   600327      1       -1       -1       -1  0 3.78133e+11 3.62300e+11 151.941000 10.007000 101.960000  1 0.3100 142.360000 0.44644 29.63381 7.43375 3.150 207.830 10.980 -2.041e+11 -1.360e+11 2.231e+11 0.05631 343980 343980 674991 353 78 343969 344039 10.0072 362250000000 371790000000 333650000000 305060000000 171590000000 8.98131 0 0.04434 0.64231 0.53864 15.9191 13.7945 1.88396 0.41172 0.24139 15.3271 16.943 1.51988 0.3537 534700000000 162100000000
 0.8900   583588 0.9000   591981      1       -1       -1       -1  0 3.78133e+11 3.62300e+11 152.544000 9.360000 105.570000  1 0.3100 145.570000 0.44241 29.60181 7.43947 3.730 207.650 10.810 -2.031e+11 -1.349e+11 2.211e+11 0.05661 343981 343981 674991 360 77 343969 344039 9.36002 362250000000 362250000000 324120000000 314590000000 171590000000 3.58184 0 0.04417 0.80818 0.6265 12.9997 0.01123 7.40078 0.55212 0.38842 13.8279 8.41779 3.3181 0.3636 548700000000 143000000000
 0.8800   575214 0.8900   583588      1       -1       -1       -1  0 3.78133e+11 3.62300e+11 153.145000 8.340000 113.340000  1 0.3100 150.930000 0.44467 29.57691 7.43496 4.350 207.460 10.580 -2.008e+11 -1.336e+11 2.193e+11 0.05724 343982 343982 674991 1535 76 343969 344039 8.34049 362250000000 362250000000 324120000000 305060000000 200190000000 4.89221 0 0.04391 0.66922 0.57539 16.3004 -1.07035 7.37379 0.67878 0.47624 16.5045 0.25462 5.93417 0.3878 566100000000 152500000000
 0.8700   566763 0.8800   575214      1       -1       -1       -1  0 3.78133e+11 3.62300e+11 153.745000 6.231000 118.640000  1 0.3100 164.940000 0.44258 29.55201 7.43165 5.010 207.280 10.290 -1.977e+11 -1.322e+11 2.177e+11 0.05810 343983 343983 674991 550 75 343969 344039 6.23115 362250000000 362250000000 333650000000 305060000000 209730000000 7.24205 0 0.0436 0.69852 0.62365 11.9669 -0.10678 9.94111 0.7533 0.52266 11.4122 0.74989 9.40222 0.3982 625500000000 143000000000
 0.8600   558302 0.8700   566763      1       -1       -1       -1  0 3.78133e+11 3.62300e+11 154.342000 5.600000 120.540000  1 0.3100 171.190000 0.44617 29.52012 7.43819 5.740 207.110 9.980 -1.944e+11 -1.304e+11 2.164e+11 0.05953 343984 343984 674991 547 74 343969 344039 5.60011 362250000000 362250000000 352720000000 305060000000 219260000000 6.11934 0 0.04327 0.67285 0.46788 13.1965 7.39399 6.19647 0.50271 0.26877 14.1017 7.24814 5.54418 0.39 640500000000 162100000000
 0.8500   549871 0.8600   558302      1       -1       -1       -1  0 3.78133e+11 3.62300e+11 154.937000 7.059000 113.190000  1 0.3100 160.600000 0.43784 29.48284 7.43380 6.570 206.970 9.630 -1.912e+11 -1.283e+11 2.154e+11 0.05609 343985 343985 674991 1592 73 343969 344039 7.05882 362250000000 371790000000 362250000000 305060000000 181130000000 5.47033 0 0.04296 0.61453 0.45562 15.7003 13.0792 4.28168 0.46187 0.35648 15.2537 13.0461 2.58425 0.3846 573800000000 143000000000
 0.8400   541354 0.8500   549871      1       -1       -1       -1  0 3.78133e+11 3.62300e+11 155.530000 9.503000 106.130000  1 0.3100 148.560000 0.44684 29.46598 7.43185 7.520 202.040 10.720 -2.947e+11 -2.191e+11 2.036e+11 0.07322 343986 343986 674991 516 72 343969 344039 9.5034 371790000000 390850000000 324120000000 305060000000 181130000000 12.2875 0 0.05745 0.62095 0.50483 13.2428 8.86609 3.7104 0.51067 0.35009 12.4519 8.7092 2.37718 0.3643 538900000000 143000000000
 0.8300   532827 0.8400   541354      1       -1       -1       -1  0 3.78133e+11 3.71800e+11 157.478000 12.405000 100.270000  1 0.3100 140.960000 0.44430 29.43715 7.43102 3.990 208.920 9.460 -3.192e+11 -1.824e+11 2.855e+11 0.07602 343987 343987 674991 2557 71 343969 344039 12.4051 400390000000 400390000000 324120000000 314590000000 162060000000 15.6973 8.22 0.06123 0.39385 0.31592 20.8636 11.3716 4.42002 0.31662 0.12023 19.5211 9.43833 3.28456 0.3475 499600000000 181100000000
 0.8200   524252 0.8300   532827      1       -1       -1       -1  0 3.78133e+11 3.71800e+11 158.071000 13.270000 95.780000  1 0.3100 139.380000 0.43878 29.40062 7.42289 5.900 209.030 6.890 -3.250e+11 -1.727e+11 1.950e+11 0.06900 343988 343988 674991 538 70 343969 344039 13.2704 400390000000 409920000000 381320000000 314590000000 152530000000 3.69987 7.24 0.05502 0.68602 0.62681 21.0416 1.97896 6.48956 0.63759 0.45079 19.275 -0.64012 6.00785 0.3197 482600000000 171600000000
 0.8100   515614 0.8200   524252      1       -1       -1       -1  0 3.78133e+11 3.62300e+11 157.293000 11.335000 94.090000  1 0.3100 144.100000 0.43510 29.36586 7.41948 9.480 207.740 6.540 -2.836e+11 -1.934e+11 1.898e+11 0.06844 343989 343989 674991 1680 69 343969 344039 11.3353 400390000000 409920000000 362250000000 295520000000 114400000000 6.71157 5.84 0.05434 0.70571 0.60121 19.9528 1.71522 2.80731 0.61898 0.52717 19.5057 -1.97136 -0.39854 0.3122 507900000000 152500000000
 0.8000   506948 0.8100   515614      1       -1       -1       -1  0 3.78133e+11 3.71800e+11 159.248000 12.551000 95.220000  1 0.3100 142.760000 0.41631 29.33113 7.41337 14.660 208.690 8.120 -3.072e+11 -1.582e+11 1.531e+11 0.06272 343990 343990 674991 616 68 343969 344039 12.5506 409920000000 419450000000 371790000000 276460000000 162060000000 19.1904 5.32 0.05036 0.68474 0.4596 25.2902 3.59559 1.42723 0.42703 0.34941 22.4026 1.97346 -7.33841 0.3156 474600000000 171600000000
 0.7900   498319 0.8000   506948      1       -1       -1       -1  0 3.78133e+11 3.71800e+11 159.832000 7.128000 102.020000  1 0.3100 167.200000 0.41324 29.29844 7.41376 12.000 207.310 9.680 -2.643e+11 -4.741e+10 1.406e+11 0.05279 343991 343991 674991 591 67 343969 344039 7.12827 409920000000 419450000000 324120000000 285990000000 162060000000 17.1832 6.54 0.04057 0.76309 0.48231 20.5989 2.93125 1.48379 0.72253 0.31869 17.2878 4.44551 -7.84787 0.323 536800000000 133500000000
 0.7800   489685 0.7900   498319      1       -1       -1       -1  0 3.78133e+11 3.62300e+11 159.030000 7.106000 103.140000  1 0.3100 166.420000 0.42498 29.26097 7.41340 11.360 208.340 6.040 -1.813e+11 -2.210e+10 -1.547e+10 0.03484 343992 343992 674991 365 66 343969 344039 7.10606 362250000000 400390000000 333650000000 285990000000 171590000000 14.6757 0 0.02574 0.66935 0.49039 13.1793 -8.54531 9.02456 0.70019 0.30192 11.6799 -8.89663 6.74682 0.3113 560200000000 133500000000
 0.7700   480998 0.7800   489685      1       -1       -1       -1  0 3.78133e+11 3.62300e+11 159.602000 8.352000 99.200000  1 0.3100 159.820000 0.41409 29.23219 7.41232 13.550 206.940 5.140 -1.571e+11 -3.780e+10 -1.955e+09 0.03029 343993 343993 674991 363 65 343969 344039 8.35188 362250000000 381320000000 324120000000 266920000000 171590000000 21.9109 1.52 0.0228 0.63837 0.43907 -6.3471 13.8672 -3.54046 0.49528 0.28099 -3.54632 12.8127 -4.60786 0.3007 466400000000 133500000000
 0.7600   472301 0.7700   480998      1       -1       -1       -1  0 3.78133e+11 3.52700e+11 158.753000 10.960000 91.920000  1 0.3100 147.730000 0.41719 29.19126 7.41960 14.890 206.260 4.370 -1.695e+11 -1.372e+10 -3.356e+09 0.03291 343994 343994 674991 386 64 343969 344039 10.9598 352720000000 400390000000 324120000000 285990000000 162060000000 18.4553 0 0.0252 0.825 0.61508 25.9 -5.62809 -0.15808 0.64106 0.49452 24.8427 -6.45336 -2.94262 0.2793 474200000000 162100000000
 0.7500   463566 0.7600   472301      1       -1       -1       -1  0 3.78133e+11 3.62300e+11 160.736000 12.600000 86.930000  1 0.3100 145.060000 0.41917 29.14792 7.41817 14.960 204.780 2.310 -1.568e+11 -3.859e+10 9.331e+08 0.02961 343995 343995 674991 387 63 343969 344039 12.6005 362250000000 371790000000 333650000000 285990000000 162060000000 13.5284 0 0.023 0.65719 0.48995 30.5544 4.24033 4.9999 0.50819 0.45546 27.532 -0.87217 -1.07902 0.2568 472700000000 171600000000
 0.7400   454778 0.7500   463566      1       -1       -1       -1  0 3.78133e+11 3.62300e+11 161.298000 12.252000 86.720000  1 0.3100 146.920000 0.42032 29.10605 7.41638 18.320 204.310 2.470 -1.201e+11 4.050e+10 -3.007e+10 0.02392 343996 343996 674991 1464 62 343969 344039 12.2521 362250000000 371790000000 343190000000 295520000000 133460000000 12.0485 0 0.01865 0.67187 0.53916 29.4513 4.94363 4.88255 0.52952 0.35944 28.556 4.3167 4.62158 0.2534 477300000000 133500000000
 0.7300   445959 0.7400   454778      1       -1       -1       -1  0 3.78133e+11 3.62300e+11 161.855000 13.674000 89.450000  1 0.3100 143.890000 0.41837 29.06433 7.41173 19.470 203.480 1.640 -1.172e+11 3.869e+10 -3.094e+10 0.02338 343997 343997 674991 378 61 343969 344039 13.6736 362250000000 371790000000 352720000000 276460000000 123930000000 14.2242 0 0.0183 0.67085 0.60954 23.24 4.00254 8.7373 0.5856 0.41274 22.8681 4.79237 6.51415 0.2647 455800000000 171600000000
 0.7200   437088 0.7300   445959      1       -1       -1       -1  0 3.78133e+11 3.62300e+11 162.408000 12.604000 94.420000  1 0.3100 147.650000 0.40788 29.01060 7.41822 20.720 202.610 0.880 -1.145e+11 3.720e+10 -3.152e+10 0.02300 343998 343998 674991 374 60 343969 344039 12.6038 362250000000 381320000000 352720000000 324120000000 152530000000 3.85782 0 0.018 0.56855 0.31849 26.9093 5.88401 9.96255 0.23375 0.0889 31.4301 15.6261 3.79126 0.2846 468600000000 162100000000
 0.7100   428155 0.7200   437088      1       -1       -1       -1  0 3.78133e+11 3.81300e+11 165.767000 11.794000 93.270000  1 0.3100 154.330000 0.40155 28.96432 7.41200 22.120 201.520 1.080 -1.062e+11 -2.103e+07 -5.497e+10 0.02027 343999 343999 674991 391 59 343969 344039 11.7942 381320000000 381320000000 352720000000 314590000000 66731000000 8.33239 0.72 0.01596 0.56876 0.40189 29.0411 8.64629 13.2535 0.23942 0.12645 24.26 16.8823 11.1396 0.2744 485000000000 152500000000
 0.7000   419188 0.7100   428155      1       -1       -1       -1  0 3.78133e+11 3.71800e+11 164.923000 14.114000 92.340000  1 0.3100 147.010000 0.42025 28.92248 7.42995 24.630 199.920 0.640 -9.625e+10 -2.086e+10 -4.770e+10 0.01983 344000 344000 674991 381 58 343969 344039 14.114 371790000000 371790000000 343190000000 305060000000 162060000000 21.869 0 0.01532 0.72195 0.37899 25.3309 -1.95869 -2.04992 0.71571 0.30525 23.4772 -5.09484 1.54273 0.2642 459000000000 181100000000
 0.6900   410199 0.7000   419188      1       -1       -1       -1  0 3.78133e+11 3.71800e+11 165.468000 11.592000 95.550000  1 0.3100 155.330000 0.40544 28.87305 7.42480 26.420 198.680 0.480 -9.490e+10 -1.969e+10 -4.768e+10 0.02041 344001 344001 674991 382 57 343969 344039 11.5923 371790000000 381320000000 352720000000 305060000000 171590000000 11.5993 0 0.0152 0.47742 0.39925 24.7408 -9.19724 2.49674 0.29072 0.2465 26.0611 -8.43119 1.78772 0.262 491200000000 171600000000
 0.6800   401193 0.6900   410199      1       -1       -1       -1  0 3.78133e+11 3.71800e+11 166.007000 9.422000 96.320000  1 0.3100 165.180000 0.40179 28.81910 7.42378 28.110 198.010 -0.080 -7.998e+10 -5.440e+09 -7.301e+10 0.02073 344002 344002 674991 404 56 343969 344039 9.42182 371790000000 381320000000 362250000000 305060000000 181130000000 11.6808 0 0.01535 0.76905 0.59546 17.162 -4.17808 -0.07093 0.7524 0.40382 14.4548 -7.33495 2.67857 0.261 481100000000 162100000000
 0.6700   392208 0.6800   401193      1       -1       -1       -1  0 3.78133e+11 3.62300e+11 165.106000 14.156000 91.710000  1 0.3100 148.180000 0.37226 28.75078 7.42415 29.390 195.700 -0.580 -9.010e+10 1.689e+10 -7.017e+10 0.02218 344003 344003 674991 2628 55 343969 344039 14.1556 371790000000 381320000000 333650000000 314590000000 152530000000 19.7102 0 0.01716 0.7847 0.54612 13.4033 11.6714 5.58301 0.62756 0.1759 13.1545 15.8535 1.74854 0.2622 432500000000 171600000000
 0.6600   383247 0.6700   392208      1       -1       -1       -1  0 3.78133e+11 3.81300e+11 168.487000 17.172000 80.940000  1 0.3100 145.740000 0.37849 28.71077 7.41714 31.940 193.530 0.010 -9.769e+10 3.154e+08 -5.198e+10 0.01951 344004 344004 674991 1509 54 343969 344039 17.1718 381320000000 381320000000 352720000000 305060000000 104860000000 10.5907 0 0.01519 0.85433 0.55636 17.6557 -4.87785 3.27487 0.69217 0.36739 17.3113 -7.59622 4.47316 0.2123 444100000000 190700000000
 0.6500   374192 0.6600   383247      1       -1       -1       -1  0 3.78133e+11 3.71800e+11 167.594000 17.384000 77.760000  1 0.3100 144.840000 0.37581 28.66019 7.41738 33.020 192.790 1.360 -4.760e+10 1.996e+10 -3.346e+10 0.01121 344005 344005 674991 393 53 343969 344039 17.384 371790000000 381320000000 352720000000 285990000000 38132000000 9.31778 0 0.00886 0.66845 0.60194 21.4327 -6.01669 1.65959 0.49884 0.16991 19.6507 -5.83843 -1.08258 0.2042 421000000000 219300000000
 0.6400   365111 0.6500   374192      1       -1       -1       -1  0 3.78133e+11 3.71800e+11 168.112000 19.337000 77.120000  1 0.3100 142.560000 0.35398 28.60382 7.41320 35.100 190.110 1.890 -5.046e+10 1.858e+10 -3.554e+10 0.01171 344006 344006 674991 413 52 343969 344039 19.3371 371790000000 381320000000 352720000000 314590000000 66731000000 9.83115 0 0.00935 0.46855 0.29903 30.5922 -19.1702 8.52772 0.44529 0.24694 29.6536 -19.7254 6.71633 0.2022 420800000000 190700000000
 0.6300   355996 0.6400   365111      1       -1       -1       -1  0 3.78133e+11 3.62300e+11 167.170000 17.403000 78.670000  1 0.3100 145.290000 0.33358 28.56219 7.42623 37.560 187.180 1.940 -5.553e+10 3.859e+10 -4.075e+10 0.01521 344007 344007 674991 416 51 343969 344039 17.4032 362250000000 381320000000 352720000000 266920000000 85797000000 16.5961 0 0.01203 0.48756 0.22525 21.6161 -12.2492 5.21405 0.53051 0.17732 18.8922 -7.82204 3.63473 0.2058 381400000000 209700000000
 0.6200   346892 0.6300   355996      1       -1       -1       -1  0 3.78133e+11 3.52700e+11 166.188000 14.233000 76.660000  1 0.3100 151.540000 0.34608 28.50345 7.41735 37.810 182.120 2.530 -9.489e+10 -6.360e+10 1.068e+10 0.02398 344008 344008 674991 391 50 343969 344039 14.2332 352720000000 362250000000 352720000000 266920000000 152530000000 6.01837 0 0.0184 0.58155 0.31428 23.4474 -0.86613 -4.60263 0.56348 0.15147 19.8835 -1.56616 -4.4187 0.1869 402400000000 181100000000
 0.6100   337762 0.6200   346892      1       -1       -1       -1  0 3.78133e+11 3.52700e+11 166.678000 14.057000 79.070000  1 0.3100 153.120000 0.30918 28.46050 7.41803 39.580 178.910 3.650 -9.190e+10 -6.074e+10 9.349e+09 0.02361 344009 344009 674991 383 49 343969 344039 14.0568 352720000000 371790000000 314590000000 266920000000 142990000000 23.6212 0 0.01784 0.71011 0.54524 24.8139 -4.85404 1.89341 0.68366 0.53361 24.1649 -0.49384 4.75138 0.1898 405100000000 171600000000
 0.6000   328600 0.6100   337762      1       -1       -1       -1  0 3.78133e+11 3.43200e+11 165.643000 13.274000 81.620000  1 0.3100 154.660000 0.30007 28.41021 7.41462 40.780 173.780 4.360 -6.811e+10 -5.282e+10 -6.596e+09 0.01991 344010 344010 674991 1412 48 343969 344039 13.2738 343190000000 343190000000 305060000000 285990000000 133460000000 20.3517 1.09 0.0147 0.73303 0.62371 16.3153 -3.65558 2.14791 0.72468 0.32937 16.3632 0.33038 3.93306 0.1934 393600000000 162100000000
 0.5900   319407 0.6000   328600      1       -1       -1       -1  0 3.78133e+11 3.52700e+11 167.640000 10.947000 82.920000  1 0.3100 165.540000 0.29125 28.35515 7.41567 42.610 171.970 6.180 -8.881e+10 -5.690e+10 9.607e+09 0.02372 344011 344011 674991 609 47 343969 344039 10.9471 352720000000 352720000000 314590000000 285990000000 152530000000 22.8949 0 0.01733 0.5012 0.34265 16.3245 -13.0612 1.30343 0.35301 0.19023 17.1333 -12.7412 3.17604 0.1911 394800000000 143000000000
 0.5800   310160 0.5900   319407      1       -1       -1       -1  0 3.78133e+11 3.52700e+11 168.110000 14.374000 81.160000  1 0.3100 155.840000 0.29292 28.28775 7.41654 43.460 167.840 7.760 4.948e+09 -1.187e+11 -4.148e+09 0.02603 344012 344012 674991 422 46 343969 344039 14.3739 352720000000 352720000000 333650000000 257390000000 114400000000 13.5185 4.19 0.0196 0.56731 0.40427 -17.7127 17.9605 7.37172 0.49101 0.39941 16.9651 -16.9323 -7.0695 0.1931 398100000000 171600000000
 0.5700   300936 0.5800   310160      1       -1       -1       -1  0 3.78133e+11 3.52700e+11 168.574000 12.135000 76.140000  1 0.3100 163.780000 0.28683 28.22240 7.41483 45.420 164.620 8.590 -8.682e+10 -6.162e+10 1.588e+10 0.02354 344013 344013 674991 398 45 343969 344039 12.1354 352720000000 352720000000 333650000000 219260000000 171590000000 17.626 0 0.01787 0.78289 0.46224 27.5993 0.38045 -0.11722 0.83078 0.44719 20.9788 8.36958 -0.88155 0.1749 396500000000 162100000000
 0.5600   291688 0.5700   300936      1       -1       -1       -1  0 3.78133e+11 3.71800e+11 172.022000 20.645000 73.710000  1 0.3100 149.360000 0.25874 28.15926 7.39640 47.010 159.630 7.340 -1.739e+11 -7.103e+10 4.752e+10 0.03669 344014 344014 674991 613 44 343969 344039 20.6449 371790000000 381320000000 333650000000 257390000000 47665000000 6.31687 3.14 0.02969 0.4584 0.42441 35.0223 8.44986 17.8181 0.32055 0.19461 30.4507 16.8895 4.32887 0.176 352700000000 228800000000
 0.5500   282438 0.5600   291688      1       -1       -1       -1  0 3.78133e+11 3.52700e+11 169.478000 22.153000 74.020000  1 0.3100 145.410000 0.24811 28.09552 7.39356 45.290 156.480 8.790 -1.986e+11 -1.023e+11 2.642e+10 0.04727 344015 344015 674991 599 43 343969 344039 22.1532 352720000000 352720000000 352720000000 266920000000 47665000000 10.6822 3.5 0.03792 0.69548 0.2108 13.9732 4.31774 13.5202 0.60188 0.18765 7.60873 7.05948 9.99978 0.1763 347500000000 228800000000
 0.5400   273220 0.5500   282438      1       -1       -1       -1  0 3.78133e+11 3.52700e+11 169.918000 29.913000 74.160000  1 0.3100 139.140000 0.24009 28.04327 7.41072 42.740 151.970 6.770 -2.066e+11 -6.040e+10 7.024e+10 0.04699 344016 344016 674991 602 42 343969 344039 29.9131 352720000000 352720000000 352720000000 228790000000 85797000000 26.5936 0 0.03847 0.54667 0.32704 33.932 -2.32319 8.65436 0.63809 0.33252 24.2164 2.59776 3.62619 0.1811 341000000000 266900000000
 0.5300   263980 0.5400   273220      1       -1       -1       -1  0 3.78133e+11 3.52700e+11 170.350000 21.202000 72.420000  1 0.3100 149.180000 0.22726 27.96140 7.39623 45.120 147.490 4.780 -2.148e+11 -8.569e+10 5.573e+10 0.05021 344017 344017 674991 593 41 343969 344039 21.2021 352720000000 352720000000 343190000000 200190000000 76264000000 31.9657 0 0.04075 0.52448 0.39841 37.9898 -5.93807 4.58947 0.73798 0.2578 28.8169 -1.15708 -8.86002 0.1699 322900000000 200200000000
 0.5200   254740 0.5300   263980      1       -1       -1       -1  0 3.78133e+11 3.71800e+11 173.797000 23.049000 73.590000  1 0.3100 151.200000 0.20746 27.91809 7.37186 42.840 142.160 8.290 -2.008e+11 -8.541e+10 8.717e+10 0.04572 344018 344018 674991 601 40 343969 344039 23.0491 371790000000 371790000000 362250000000 209730000000 95330000000 24.6528 3.31 0.03717 0.71417 0.49102 27.2878 -4.25573 -3.0782 0.88857 0.64043 15.7758 -11.2333 0.54513 0.1691 335600000000 209700000000
 0.5100   245496 0.5200   254740      1       -1       -1       -1  0 3.78133e+11 3.71800e+11 174.219000 25.367000 74.090000  1 0.3100 149.870000 0.15549 27.85611 7.38497 38.900 139.850 2.100 -1.264e+11 -9.876e+10 8.519e+10 0.03572 344019 344019 674991 600 39 343969 344039 25.367 371790000000 400390000000 352720000000 276460000000 66731000000 6.41492 2.31 0.02898 0.46756 0.36057 30.3964 -14.6246 -16.5512 0.28262 0.16257 33.1733 -21.1078 -17.4007 0.1616 364400000000 257400000000
 0.5000   236321 0.5100   245496      1       -1       -1       -1  0 3.78133e+11 3.71800e+11 174.633000 19.675000 74.920000  1 0.3100 158.940000 0.13070 27.80274 7.38434 38.570 133.040 2.490 -1.238e+11 -1.001e+11 7.855e+10 0.03509 344020 344020 674991 601 38 343969 344039 19.6754 371790000000 371790000000 371790000000 276460000000 0 7.92218 0 0.02858 0.60426 0.36691 -24.6464 25.2705 34.3099 0.74874 0.47047 29.9305 -23.003 -19.8592 0.1654 391400000000 200200000000
 0.4900   227151 0.5000   236321      1       -1       -1       -1  0 3.78133e+11 3.81300e+11 176.520000 23.281000 75.310000  1 0.3100 156.690000 0.12953 27.72082 7.35106 38.390 129.980 3.470 -1.050e+11 -1.386e+11 1.204e+11 0.04057 344021 344021 674991 604 37 343969 344039 23.2808 381320000000 381320000000 333650000000 276460000000 76264000000 32.4725 2.49 0.03294 0.65544 0.50667 33.2045 -9.16644 16.1743 0.14958 0.06248 47.3644 1.47114 5.94368 0.1628 364000000000 257400000000
 0.4800   217999 0.4900   227151      1       -1       -1       -1  0 3.78133e+11 3.62300e+11 173.919000 18.292000 76.060000  1 0.3100 162.820000 0.09023 27.66329 7.34171 36.810 125.330 3.950 -1.070e+11 -1.485e+11 5.421e+10 0.04096 344022 344022 674991 602 36 343969 344039 18.2916 362250000000 362250000000 343190000000 238320000000 114400000000 35.3777 0 0.03267 0.60251 0.28968 18.2722 8.31406 27.0454 0.33265 0.06565 17.1744 9.89916 24.5629 0.1638 348400000000 190700000000
 0.4700   208868 0.4800   217999      1       -1       -1       -1  0 3.78133e+11 3.81300e+11 177.307000 24.497000 69.650000  1 0.3100 158.230000 0.06746 27.62712 7.37524 39.000 117.710 5.090 -1.152e+11 -1.618e+11 3.212e+10 0.03883 344023 344023 674991 608 35 343969 344039 24.4966 381320000000 381320000000 352720000000 295520000000 0 11.3827 1.48 0.03192 0.17166 0.1543 14.9933 30.4595 61.89 0.58045 0.31493 19.7857 18.4031 41.6303 0.1433 372800000000 247900000000
 0.4600   199766 0.4700   208868      1       -1       -1       -1  0 3.78133e+11 3.81300e+11 177.685000 28.817000 68.610000  1 0.3100 155.320000 0.03830 27.56321 7.36841 37.080 114.600 7.100 -1.236e+11 -1.070e+11 -1.638e+10 0.03110 344024 344024 674991 581 34 343969 344039 28.8166 381320000000 381320000000 352720000000 257390000000 19066000000 11.6503 0 0.02632 0.43581 0.07432 11.4307 10.859 50.6796 0.64255 0.40062 21.8113 4.20012 37.4119 0.1467 338400000000 276500000000
 0.4500   190729 0.4600   199766      1       -1       -1       -1  0 3.71800e+11 3.71800e+11 176.557000 32.573000 63.900000  1 0.3100 152.430000 0.02609 27.50283 7.36540 39.170 109.960 7.010 -1.034e+11 -1.613e+11 1.941e+10 0.03814 344025 344025 674991 1707 33 343969 344039 32.5726 371790000000 371790000000 362250000000 257390000000 19066000000 7.56449 0 0.03249 0.37643 0.10758 34.7235 10.6647 42.6364 0.31554 0.01132 15.1366 2.83504 41.8687 0.132 337200000000 286000000000
 0.4400   181703 0.4500   190729      1       -1       -1       -1  0 3.46400e+11 3.62300e+11 175.386000 32.244000 64.380000  1 0.3100 152.750000 62.47343 27.45032 7.34709 33.560 105.670 10.160 -1.108e+11 -7.488e+10 -7.661e+09 0.02847 344026 344026 674991 4836 32 343969 344039 32.244 362250000000 362250000000 333650000000 209730000000 114400000000 18.7199 0 0.02385 0.76614 0.44198 29.9801 -15.2642 6.63857 0.50732 0.43202 4.24513 8.61967 25.0099 0.1252 317100000000 266900000000
 0.4300   172698 0.4400   181703      1       -1       -1       -1  0 3.24133e+11 3.05100e+11 165.944000 25.491000 63.580000  1 0.3100 150.060000 62.42859 27.39606 7.34089 35.060 101.070 3.560 -4.808e+10 5.519e+10 -2.805e+10 0.02308 344027 344027 674991 3710 31 343969 344039 25.4912 305060000000 305060000000 285990000000 228790000000 57198000000 20.2771 1.43 0.01878 0.72695 0.42774 17.3676 -16.6562 -10.9178 0.3619 0.07579 24.8379 -9.21156 -4.70004 0.1247 281700000000 228800000000
 0.4200   163761 0.4300   172698      1       -1       -1       -1  0 3.24133e+11 2.95500e+11 164.506000 17.762000 62.300000  1 0.3100 160.740000 62.40870 27.33824 7.33894 31.410 95.700 0.430 -3.093e+10 8.012e+10 -4.971e+10 0.03186 344028 344028 674991 3699 30 343969 344039 17.762 295520000000 295520000000 257390000000 228790000000 66731000000 15.9196 0 0.02534 0.90224 0.48768 -8.71466 -15.4171 23.5491 0.82382 0.26575 -13.7468 -3.63905 25.6886 0.1173 306700000000 152500000000
 0.4100   154896 0.4200   163761      1       -1       -1       -1  0 3.08233e+11 3.71800e+11 177.911000 26.375000 60.810000  1 0.3100 164.880000 62.41629 27.26908 7.35305 27.380 95.160 3.410 1.606e+10 -8.094e+09 1.485e+10 0.00477 344029 344029 674991 3614 29 343969 344039 26.3747 371790000000 352720000000 305060000000 209730000000 19066000000 15.1217 2.6 0.00411 0.68275 0.4102 37.6165 1.14781 -2.24501 0.29854 0 24.7932 10.755 -23.3227 0.1126 315000000000 209700000000
 0.4000   146154 0.4100   154896      1       -1       -1       -1  0 3.08233e+11 2.57400e+11 157.663000 20.669000 58.070000  1 0.3100 150.930000 62.36604 27.23027 7.35676 26.130 90.810 -2.650 2.312e+10 8.547e+10 -2.605e+10 0.03758 344030 344030 674991 4701 28 343969 344039 20.6693 257390000000 257390000000 247860000000 190660000000 28599000000 14.9751 0 0.03034 0.63952 0.18794 19.4767 4.77626 4.72226 0.13595 0.04094 16.624 1.43295 7.26243 0.113 265100000000 152500000000
 0.3900   137491 0.4000   146154      1       -1       -1       -1  0 2.73267e+11 2.95500e+11 165.371000 26.171000 55.820000  1 0.3100 154.570000 62.34242 27.16571 7.35234 26.750 84.860 -1.840 6.902e+10 1.070e+11 -2.868e+10 0.04051 344031 344031 674991 4641 27 343969 344039 26.1705 305060000000 295520000000 247860000000 190660000000 0 33.0754 0 0.03449 0.80549 0.30959 24.7604 3.65065 33.4619 0.84112 0.19721 4.27133 6.96818 39.7879 0.1044 251500000000 190700000000
 0.3800   129034 0.3900   137491      1       -1       -1       -1  0 2.66900e+11 2.66900e+11 160.114000 19.949000 56.370000  1 0.3100 158.050000 62.33212 27.10834 7.35644 29.090 79.480 5.720 2.974e+10 2.557e+10 -3.230e+10 0.02001 344032 344032 674991 4554 26 343969 344039 19.9492 266920000000 257390000000 247860000000 209730000000 47665000000 14.5172 1.95 0.01611 0.44758 0.2592 19.523 5.06776 40.0665 0.54352 0.02525 8.58166 1.4618 35.4338 0.0952 264100000000 162100000000
 0.3700   120544 0.3800   129034      1       -1       -1       -1  0 2.47833e+11 2.38300e+11 154.418000 12.739000 66.830000  1 0.3100 168.790000 62.32329 27.05946 7.35440 27.370 74.220 6.840 1.241e+09 1.433e+10 7.305e+09 0.00870 344033 344033 674991 3483 25 343969 344039 12.7392 238320000000 238320000000 228790000000 200190000000 85797000000 4.31353 0 0.00625 0.58937 0.26738 1.08486 11.8331 15.752 0.39069 0.25943 0.51243 13.3016 13.8885 0.1115 267300000000 104900000000
 0.3600   112152 0.3700   120544      1       -1       -1       -1  0 2.28767e+11 2.38300e+11 154.647000 13.408000 56.200000  1 0.3100 168.970000 62.30697 27.01262 7.35533 25.410 70.390 6.780 8.944e+09 1.545e+10 7.982e+09 0.01003 344034 344034 674991 4375 24 343969 344039 13.408 238320000000 209730000000 200190000000 190660000000 66731000000 13.1271 1.4 0.00768 0.84852 0.71706 -12.265 -12.4825 25.2682 0.85418 0.75009 21.3234 12.9314 -14.9152 0.0942 281400000000 95330000000
 0.3500   103909 0.3600   112152      1       -1       -1       -1  0 2.12900e+11 2.09700e+11 148.407000 18.175000 49.590000  1 0.3100 152.150000 62.28632 26.95145 7.34804 20.280 71.030 6.570 1.172e+10 2.217e+10 -2.163e+10 0.02010 344035 344035 674991 4290 23 343969 344039 18.1747 209730000000 200190000000 200190000000 171590000000 0 7.5594 0 0.01631 0.78079 0.27252 30.2271 -12.5409 21.2563 0.7676 0.06332 8.74902 -13.2754 26.9592 0.0915 207400000000 133500000000
 0.3400    95862 0.3500   103909      1       -1       -1       -1  0 1.87500e+11 1.90700e+11 143.961000 37.609000 45.530000  1 0.3100 133.200000 62.24181 26.89300 7.30297 20.560 68.530 13.110 1.030e+10 4.109e+09 -1.926e+10 0.01374 344036 344036 674991 4166 22 343969 344039 37.6094 190660000000 190660000000 162060000000 19066000000 0 30.6745 0 0.01301 0.29302 0.10975 46.8102 -11.9677 34.8249 0 0 0 0 0 0.1105 164300000000 190700000000
 0.3300    88054 0.3400    95862      1       -1       -1       -1  0 1.55733e+11 1.62100e+11 136.546000 38.746000 41.640000  1 0.3100 127.030000 62.25419 26.83094 7.34005 15.080 68.770 7.610 1.130e+10 7.926e+09 -1.669e+10 0.01739 344037 344037 674991 4076 21 343969 344039 38.746 162060000000 162060000000 133460000000 38132000000 0 25.5008 0 0.01686 0.67532 0.45653 26.9922 19.6627 60.0677 0.3739 0.12551 33.7313 -18.6578 16.4054 0.1084 156800000000 190700000000
 0.3200    80383 0.3300    88054      1       -1       -1       -1  0 1.20767e+11 1.14400e+11 121.727000 48.949000 32.360000  1 0.3100 112.590000 62.24897 26.77091 7.35351 9.160 59.580 -1.060 4.948e+09 3.430e+09 -1.680e+09 0.00887 344038 344038 674991 3980 20 343969 344039 48.9489 114400000000 85797000000 85797000000 47665000000 0 36.7724 2.82 0.00882 0.50384 0.31326 42.9867 -14.2237 16.1105 0.63371 0.22552 30.4267 -8.49111 14.7023 0.0843 151000000000 200200000000
 0.3100    72977 0.3200    80383      0       -1       -1       -1  0 8.58000e+10 8.58000e+10 110.725000 38.544000 30.550000  1 0.3100 104.440000 62.22461 26.68016 7.30056 15.190 59.330 9.850 1.621e+10 6.953e+09 -1.626e+09 0.03403 344039 344039 674991 3926 19 343969 344039 38.5438 85797000000 9533000000 9533000000 0 0 40.4567 1.16 0.04101 0.30078 0.08277 44.5907 11.8066 61.8907 0 0 0 0 0 0.1304 141200000000 133500000000
