 1.0000   678778 0.0000       -1      1       -1       -1       -1  0 4.76700e+11 4.76700e+11 159.809000 13.757000 128.340000  1 0.2900 141.280000 52.93088 33.63857 19.08541 121.940 69.250 87.620 -6.759e+11 -1.180e+11 -2.788e+11 0.06060 303839 303839 678778 4293 88 303838 303910 13.7568 476650000000 476650000000 381320000000 295520000000 162060000000 13.9326 0 0.0607 0.59569 0.47461 -8.82573 14.9849 6.41623 0.58197 0.36217 -7.57682 12.9072 7.68614 0.557 599200000000 238300000000
 0.9900   670638 1.0000   678778      1       -1       -1       -1  0 4.73500e+11 4.76700e+11 160.482000 15.197000 125.520000  1 0.2900 138.590000 52.90604 33.63934 19.08862 118.810 68.530 86.370 -6.303e+11 -2.268e+11 -9.650e+10 0.05129 303840 303840 678778 4263 87 303838 303910 15.1971 476650000000 476650000000 400390000000 276460000000 114400000000 24.079 0 0.05563 0.49621 0.35307 -15.1389 17.0451 12.2153 0.47594 0.08191 -1.86351 12.399 15.3141 0.5847 538600000000 238300000000
 0.9800   662247 0.9900   670638      1       -1       -1       -1  0 4.70300e+11 4.67100e+11 160.073000 13.379000 125.080000  1 0.2900 142.160000 52.90250 33.61945 19.06925 118.390 66.760 87.610 -5.459e+11 -2.203e+11 -2.118e+11 0.05378 303841 303841 678778 4307 86 303838 303910 13.3788 467120000000 476650000000 409920000000 305060000000 162060000000 14.7901 0 0.05334 0.80151 0.58581 -15.5999 15.3111 -9.0309 0.77285 0.50011 -12.5477 16.4706 0.33213 0.54 529500000000 219300000000
 0.9700   653891 0.9800   662247      1       -1       -1       -1  0 4.67100e+11 4.67100e+11 160.740000 13.701000 126.790000  1 0.2900 141.930000 52.88655 33.61162 19.06149 117.370 63.630 86.420 -5.406e+11 -2.183e+11 -2.099e+11 0.05294 303842 303842 678778 7253 85 303838 303910 13.7011 467120000000 476650000000 400390000000 276460000000 162060000000 17.7201 0 0.05299 0.76838 0.69645 14.5282 -13.3719 10.4296 0.80168 0.63141 -12.9587 13.1447 -2.86489 0.5506 583800000000 247900000000
 0.9600   645570 0.9700   653891      1       -1       -1       -1  0 4.67100e+11 4.67100e+11 161.407000 11.230000 127.630000  1 0.2900 149.720000 52.87164 33.60591 19.05230 117.750 59.440 82.480 -6.386e+11 -1.190e+11 -2.826e+11 0.06140 303843 303843 678778 4468 84 303838 303910 11.2298 467120000000 476650000000 419450000000 285990000000 200190000000 18.9456 0 0.06077 0.90605 0.64356 13.322 -12.4741 2.95888 0.76059 0.54811 11.2114 -10.3829 -3.58907 0.5478 610000000000 209700000000
 0.9500   637257 0.9600   645570      1       -1       -1       -1  0 4.67100e+11 4.67100e+11 162.072000 10.873000 129.260000  1 0.2900 151.610000 52.86157 33.59432 19.04398 115.200 57.280 83.970 -5.302e+11 -2.141e+11 -2.058e+11 0.05250 303844 303844 678778 4327 83 303838 303910 10.8735 467120000000 467120000000 419450000000 305060000000 190660000000 20.6334 0 0.05231 0.56166 0.30194 6.93712 -10.8423 20.4458 0.41544 0.17839 0.68161 -5.38543 19.7188 0.5567 635300000000 190700000000
 0.9400   628955 0.9500   637257      1       -1       -1       -1  0 4.54400e+11 4.67100e+11 162.736000 12.164000 130.120000  1 0.2900 147.970000 52.84938 33.58592 19.03340 114.050 54.050 82.730 -5.251e+11 -2.121e+11 -2.037e+11 0.05301 303845 303845 678778 4457 82 303838 303910 12.1638 467120000000 467120000000 409920000000 324120000000 181130000000 21.0002 0 0.05197 0.43909 0.3625 8.57384 -11.3661 21.1212 0.44292 0.33547 5.89412 -7.94029 18.5857 0.5516 578200000000 219300000000
 0.9300   620635 0.9400   628955      1       -1       -1       -1  0 4.51267e+11 4.29000e+11 158.826000 8.845000 130.210000  1 0.2900 155.920000 52.83266 33.57683 19.02483 115.590 51.960 77.240 -3.598e+11 -1.825e+11 -9.096e+10 0.04487 303846 303846 678778 4461 81 303838 303910 8.84542 428980000000 467120000000 400390000000 333650000000 200190000000 22.8888 0 0.0413 0.46707 0.40976 8.62065 -14.2073 18.1706 0.43175 0.22339 8.05932 -9.22447 18.1544 0.5306 607000000000 171600000000
 0.9200   612293 0.9300   620635      1       -1       -1       -1  0 4.51267e+11 4.19400e+11 158.279000 7.141000 135.100000  1 0.2900 164.820000 52.82085 33.57357 19.01027 113.810 48.420 76.180 -3.527e+11 -1.866e+11 -8.605e+10 0.04877 303847 303847 678778 4343 80 303838 303910 7.1411 419450000000 476650000000 390850000000 314590000000 190660000000 14.7929 0 0.04245 0.72546 0.58346 -8.40808 8.57769 -10.4679 0.69716 0.4498 5.78373 -3.25415 12.4344 0.5244 660500000000 171600000000
 0.9100   603934 0.9200   612293      1       -1       -1       -1  0 4.51267e+11 4.29000e+11 160.110000 8.328000 133.730000  1 0.2900 160.000000 52.80566 33.56958 19.00324 112.190 44.890 74.570 -3.573e+11 -1.771e+11 -8.367e+10 0.04681 303848 303848 678778 4488 79 303838 303910 8.32825 428980000000 486180000000 390850000000 305060000000 209730000000 17.5569 0 0.04097 0.84821 0.78518 -8.15049 12.3277 -1.08168 0.86129 0.82102 -2.16312 11.4615 3.39074 0.5183 643100000000 171600000000
 0.9000   595563 0.9100   603934      1       -1       -1       -1  0 4.51267e+11 4.29000e+11 160.750000 8.803000 129.760000  1 0.2900 158.280000 52.78980 33.56628 18.99015 110.480 41.280 73.270 -3.559e+11 -1.758e+11 -8.037e+10 0.04657 303849 303849 678778 4363 78 303838 303910 8.80296 428980000000 486180000000 352720000000 305060000000 219260000000 13.8953 0 0.04086 0.77363 0.54791 13.314 -11.8224 2.10521 0.84667 0.57106 11.1754 -10.1439 0.53439 0.5048 652400000000 171600000000
 0.8900   587156 0.9000   595563      1       -1       -1       -1  0 4.51267e+11 4.48100e+11 163.745000 9.831000 121.580000  1 0.2900 157.180000 52.77137 33.56383 18.97250 107.010 38.110 71.850 -3.509e+11 -2.365e+11 -8.041e+10 0.04443 303850 303850 678778 4474 77 303838 303910 9.83074 448050000000 486180000000 371790000000 305060000000 228790000000 15.0477 2.99 0.04056 0.94788 0.53347 -12.8377 13.1974 -5.90284 0.91052 0.47077 0.38845 -2.58986 17.4979 0.4842 653600000000 190700000000
 0.8800   578779 0.8900   587156      1       -1       -1       -1  0 4.51267e+11 4.57600e+11 165.548000 15.615000 115.950000  1 0.2900 141.930000 52.75255 33.56410 18.95546 110.030 41.250 73.620 -2.046e+11 -5.084e+11 -1.097e+11 0.05297 303851 303851 678778 315 76 303838 303910 15.6151 457580000000 486180000000 371790000000 295520000000 162060000000 18.3426 0 0.051 0.63378 0.32271 -12.3843 12.8174 -16.6239 0.61187 0.16469 11.3242 -13.6509 13.4811 0.48 555500000000 228800000000
 0.8700   570321 0.8800   578779      1       -1       -1       -1  0 4.48067e+11 4.48100e+11 165.033000 17.626000 107.960000  1 0.2900 137.620000 52.73407 33.56260 18.94124 110.860 41.230 72.440 -6.085e+10 -3.630e+11 4.170e+10 0.03706 303852 303852 678778 3496 75 303838 303910 17.6262 448050000000 467120000000 362250000000 295520000000 133460000000 20.6132 3.19 0.03514 0.53181 0.40047 11.556 -12.5465 23.8681 0.26694 0.1391 8.56623 -5.46 26.9689 0.4366 471100000000 238300000000
 0.8600   561866 0.8700   570321      1       -1       -1       -1  0 4.41700e+11 4.38500e+11 164.491000 17.033000 103.500000  1 0.2900 138.090000 52.71959 33.56070 18.92937 108.900 38.390 71.190 -2.536e+10 -2.664e+11 -1.213e+11 0.03133 303853 303853 678778 4589 74 303838 303910 17.033 438520000000 448050000000 409920000000 276460000000 114400000000 17.0226 0 0.02901 0.49686 0.37516 14.532 -16.8407 28.1773 0.49305 0.34774 10.5229 -14.1599 24.4215 0.4065 476900000000 219300000000
 0.8500   553432 0.8600   561866      1       -1       -1       -1  0 4.38500e+11 4.38500e+11 165.125000 17.235000 103.770000  1 0.2900 138.390000 52.70293 33.55725 18.91664 106.960 35.550 69.870 -2.927e+10 -2.603e+11 -1.217e+11 0.03097 303854 303854 678778 4559 73 303838 303910 17.2346 438520000000 438520000000 400390000000 247860000000 152530000000 18.5098 0 0.02862 0.39789 0.31852 18.3352 -16.5753 27.9356 0.59841 0.42498 12.309 -15.1238 18.1185 0.4056 458300000000 228800000000
 0.8400   544927 0.8500   553432      1       -1       -1       -1  0 4.35333e+11 4.38500e+11 165.757000 13.653000 106.680000  1 0.2900 146.720000 52.69231 33.55143 18.91647 104.940 32.750 68.550 -3.304e+10 -2.550e+11 -1.189e+11 0.03138 303855 303855 678778 4596 72 303838 303910 13.6528 438520000000 438520000000 371790000000 276460000000 133460000000 8.648 0 0.02819 0.50333 0.38807 12.0464 -11.3854 19.3301 0.70991 0.5086 8.53639 -6.63763 13.3733 0.4037 459900000000 162100000000
 0.8300   536413 0.8400   544927      1       -1       -1       -1  0 4.13100e+11 4.29000e+11 165.172000 10.935000 113.910000  1 0.2900 154.510000 52.68495 33.55599 18.90127 100.360 29.450 69.010 -6.691e+10 -2.831e+11 1.022e+10 0.03454 303856 303856 678778 4618 71 303838 303910 10.9354 428980000000 438520000000 333650000000 285990000000 171590000000 6.18335 0 0.03016 0.65797 0.52136 15.7238 -9.31778 14.7865 0.59954 0.55891 14.5876 -4.43669 12.7967 0.4222 504200000000 171600000000
 0.8200   527818 0.8300   536413      1       -1       -1       -1  0 3.84500e+11 3.71800e+11 158.071000 6.237000 125.520000  1 0.2900 171.100000 52.65908 33.56325 18.87869 107.820 22.190 71.610 1.018e+11 -8.327e+10 -1.159e+11 0.02915 303857 303857 678778 3598 70 303838 303910 6.23699 371790000000 419450000000 324120000000 276460000000 228790000000 7.63456 0 0.02316 0.8676 0.33415 5.18705 -0.49629 13.74 0.88237 0.35062 4.02143 -0.17861 12.5909 0.4411 650600000000 171600000000
 0.8100   519179 0.8200   527818      1       -1       -1       -1  0 3.62267e+11 3.52700e+11 155.901000 6.346000 125.300000  1 0.2900 167.280000 52.64285 33.56523 18.86435 105.470 20.770 70.070 9.939e+10 -1.427e+11 -1.080e+11 0.03825 303858 303858 678778 4637 69 303838 303910 6.34636 352720000000 400390000000 314590000000 276460000000 228790000000 10.7059 0 0.02965 0.80654 0.43078 -4.90291 3.38689 13.1901 0.84303 0.46427 -2.17672 2.92222 12.1887 0.4358 650100000000 143000000000
 0.8000   510504 0.8100   519179      1       -1       -1       -1  0 3.62267e+11 3.52700e+11 156.478000 10.385000 115.040000  1 0.2900 146.520000 52.63299 33.55144 18.88209 101.740 15.390 67.950 -1.261e+10 -6.124e+10 -1.182e+10 0.01042 303859 303859 678778 3632 68 303838 303910 10.3851 352720000000 438520000000 333650000000 295520000000 142990000000 14.8787 0 0.00926 0.45626 0.38228 6.9579 -17.4674 27.8213 0.37145 0.28506 6.00683 -17.7476 26.2393 0.4608 519400000000 133500000000
 0.7900   501862 0.8000   510504      1       -1       -1       -1  0 3.62267e+11 3.52700e+11 157.051000 9.682000 112.400000  1 0.2900 150.070000 52.62097 33.56479 18.85693 100.380 17.140 68.380 1.159e+11 -1.030e+11 -1.161e+10 0.02672 303860 303860 678778 4588 67 303838 303910 9.68248 352720000000 409920000000 305060000000 285990000000 181130000000 10.1619 0 0.02272 0.70266 0.42302 10.3414 -3.41053 17.0806 0.67739 0.44594 11.0344 -3.50137 15.2689 0.4252 505100000000 133500000000
 0.7800   493225 0.7900   501862      1       -1       -1       -1  0 3.62267e+11 3.24100e+11 153.241000 9.100000 103.850000  1 0.2900 148.050000 52.59118 33.57719 18.82353 96.600 9.270 65.190 1.138e+11 -7.217e+10 -1.539e+11 0.04257 303861 303861 678778 3607 66 303838 303910 9.10014 324120000000 362250000000 305060000000 266920000000 142990000000 25.1587 0 0.03457 0.78208 0.55964 9.3723 -2.33721 21.8153 0.63635 0.56413 11.6152 6.18171 15.9513 0.3772 394700000000 123900000000
 0.7700   484554 0.7800   493225      1       -1       -1       -1  0 3.62267e+11 3.33700e+11 155.286000 11.972000 96.220000  1 0.2900 140.360000 52.57330 33.56622 18.83134 91.280 10.810 65.290 -1.286e+11 -8.807e+10 -1.391e+10 0.03088 303862 303862 678778 4646 65 303838 303910 11.9719 333650000000 362250000000 305060000000 285990000000 152530000000 12.4176 0 0.02532 0.67638 0.51242 13.2948 -4.46762 26.0919 0.59645 0.54006 4.25719 -3.47681 25.7146 0.3388 443300000000 152500000000
 0.7600   475856 0.7700   484554      1       -1       -1       -1  0 3.62267e+11 3.43200e+11 157.310000 11.745000 93.960000  1 0.2900 143.500000 52.57008 33.57404 18.81025 90.130 11.560 68.910 -2.012e+11 -6.652e+10 6.846e+10 0.04128 303863 303863 678778 4657 64 303838 303910 11.7451 343190000000 381320000000 295520000000 266920000000 76264000000 23.4278 0 0.03453 0.64415 0.49099 11.3265 -3.81615 25.0326 0.68398 0.50126 7.4988 -2.04496 24.2443 0.3292 435500000000 123900000000
 0.7500   467123 0.7600   475856      1       -1       -1       -1  0 3.62267e+11 3.62300e+11 160.736000 12.559000 95.370000  1 0.2900 145.180000 52.54942 33.57070 18.81055 87.810 12.660 66.780 -1.958e+11 -8.062e+10 1.118e+11 0.03961 303864 303864 678778 4698 63 303838 303910 12.5586 362250000000 381320000000 314590000000 257390000000 114400000000 14.4198 2.47 0.03411 0.78663 0.34095 4.88012 0.8573 27.2885 0.46845 0.19398 -8.91248 4.30129 25.919 0.3407 478300000000 152500000000
 0.7400   458326 0.7500   467123      1       -1       -1       -1  0 3.62267e+11 3.52700e+11 159.870000 14.573000 94.530000  1 0.2900 139.370000 52.52570 33.56633 18.80302 85.760 12.050 65.570 -2.458e+11 -5.166e+10 1.101e+11 0.04733 303865 303865 678778 4694 62 303838 303910 14.5729 352720000000 381320000000 333650000000 257390000000 47665000000 10.4907 0 0.04104 0.70331 0.39195 -10.2143 5.25568 28.3663 0.08385 0.03648 -19.4697 7.38942 31.6825 0.3416 384000000000 162100000000
 0.7300   449499 0.7400   458326      1       -1       -1       -1  0 3.62267e+11 3.62300e+11 161.855000 16.014000 92.820000  1 0.2900 138.720000 52.51553 33.57025 18.78907 84.950 9.420 62.980 -2.452e+11 -9.216e+09 3.772e+10 0.04171 303866 303866 678778 3719 61 303838 303910 16.014 362250000000 371790000000 343190000000 219260000000 123930000000 12.4987 0 0.03572 0.69724 0.35687 -1.82057 2.64814 17.9353 0.34694 0.13986 -8.9807 4.8351 13.0615 0.3226 390900000000 200200000000
 0.7200   440652 0.7300   449499      1       -1       -1       -1  0 3.62267e+11 3.71800e+11 163.821000 11.778000 90.510000  1 0.2900 151.810000 52.49291 33.56664 18.76311 83.260 7.490 61.650 -3.000e+11 -1.771e+10 5.559e+10 0.05020 303867 303867 678778 4780 60 303838 303910 11.7782 371790000000 371790000000 314590000000 200190000000 162060000000 17.6513 0 0.04233 0.69737 0.45612 18.0653 -5.89366 13.5425 0.7441 0.55052 10.9567 -7.68021 13.6545 0.3008 421700000000 162100000000
 0.7100   431744 0.7200   440652      1       -1       -1       -1  0 3.59067e+11 3.52700e+11 161.515000 11.450000 89.470000  1 0.2900 150.510000 52.48088 33.56660 18.76353 80.810 10.410 61.090 -3.111e+11 1.083e+11 5.984e+10 0.06348 303868 303868 678778 3705 59 303838 303910 11.4498 352720000000 371790000000 314590000000 219260000000 162060000000 18.317 1.94 0.05088 0.56697 0.44587 14.0419 4.41919 20.1521 0.73332 0.57528 11.4382 4.80456 13.0046 0.2775 387300000000 143000000000
 0.7000   422770 0.7100   431744      1       -1       -1       -1  0 3.52700e+11 3.52700e+11 162.055000 12.808000 87.260000  1 0.2900 147.260000 52.46324 33.56582 18.74880 78.020 9.290 60.960 -3.048e+11 1.095e+11 6.638e+10 0.06236 303869 303869 678778 4824 58 303838 303910 12.8084 352720000000 362250000000 305060000000 219260000000 142990000000 19.1545 0 0.05053 0.66763 0.57388 12.7077 7.47148 19.8301 0.84805 0.68601 1.11543 11.5522 14.0746 0.271 378500000000 162100000000
 0.6900   413775 0.7000   422770      1       -1       -1       -1  0 3.46367e+11 3.52700e+11 162.590000 13.377000 86.000000  1 0.2900 146.640000 52.45078 33.56626 18.74729 76.520 4.940 60.820 -2.510e+11 1.363e+11 1.834e+11 0.06473 303870 303870 678778 4912 57 303838 303910 13.3773 352720000000 371790000000 314590000000 238320000000 152530000000 16.9151 0 0.05216 0.73017 0.64996 6.29383 13.4313 12.7176 0.72403 0.3632 -4.48502 11.754 11.9845 0.2603 377100000000 171600000000
 0.6800   404771 0.6900   413775      1       -1       -1       -1  0 3.40033e+11 3.33700e+11 160.126000 10.235000 87.530000  1 0.2900 154.320000 52.42639 33.56683 18.73679 72.150 0.630 54.400 -1.934e+11 1.815e+11 1.181e+11 0.06342 303871 303871 678778 4913 56 303838 303910 10.2352 333650000000 381320000000 276460000000 238320000000 152530000000 12.9713 0 0.04922 0.68334 0.48536 6.5773 -0.98538 16.3796 0.73338 0.33198 11.6141 -4.08471 8.58648 0.2543 387900000000 133500000000
 0.6700   395790 0.6800   404771      1       -1       -1       -1  0 3.40033e+11 3.33700e+11 160.641000 10.201000 91.980000  1 0.2900 155.490000 52.41732 33.56572 18.73586 70.550 0.930 55.760 -1.388e+11 1.756e+11 6.879e+10 0.04978 303872 303872 678778 4994 55 303838 303910 10.2006 333650000000 343190000000 266920000000 238320000000 142990000000 18.8584 0 0.03994 0.65131 0.55687 14.0252 -12.9878 15.1869 0.52721 0.33056 14.3469 -11.1866 17.7692 0.2859 393700000000 133500000000
 0.6600   386857 0.6700   395790      1       -1       -1       -1  0 3.40033e+11 3.43200e+11 162.672000 15.021000 82.680000  1 0.2900 143.880000 52.39911 33.56858 18.70370 66.250 -3.160 50.130 -1.444e+11 1.971e+11 -1.360e+10 0.04974 303873 303873 678778 4892 54 303838 303910 15.0209 343190000000 343190000000 314590000000 228790000000 133460000000 10.5265 0 0.04005 0.77133 0.72898 -6.77227 7.85392 22.1099 0.68767 0.60377 -11.4212 8.18101 15.764 0.2404 358400000000 171600000000
 0.6500   377824 0.6600   386857      1       -1       -1       -1  0 3.36833e+11 3.43200e+11 163.182000 21.238000 77.080000  1 0.2900 134.580000 52.39859 33.56575 18.69183 64.530 -2.020 50.170 -1.408e+11 1.884e+11 -8.871e+09 0.04594 303874 303874 678778 3867 53 303838 303910 21.2384 343190000000 352720000000 333650000000 219260000000 19066000000 14.1708 1.17 0.03876 0.53716 0.42632 36.673 -4.88399 -7.72828 0.4755 0.31063 32.6453 -0.98842 -6.48984 0.2309 338800000000 219300000000
 0.6400   368749 0.6500   377824      1       -1       -1       -1  0 3.33667e+11 3.24100e+11 160.597000 16.941000 76.270000  1 0.2900 138.710000 52.35125 33.55997 18.69086 62.250 -0.950 50.780 -9.810e+10 1.301e+11 3.512e+10 0.03770 303875 303875 678778 3801 52 303838 303910 16.9411 324120000000 333650000000 305060000000 209730000000 104860000000 19.3429 0 0.03038 0.76244 0.5914 -16.9405 12.1986 14.9682 0.7865 0.52502 -4.66206 12.1577 16.1556 0.2163 326800000000 171600000000
 0.6300   359636 0.6400   368749      1       -1       -1       -1  0 3.27300e+11 3.33700e+11 162.650000 16.071000 76.590000  1 0.2900 143.000000 52.33800 33.56908 18.66481 60.190 -3.140 45.040 -8.346e+10 1.641e+11 -4.459e+10 0.04180 303876 303876 678778 4999 51 303838 303910 16.0707 333650000000 333650000000 314590000000 200190000000 123930000000 15.3174 0 0.03311 0.95286 0.77621 20.2308 -9.7425 1.47087 0.75376 0.53468 1.51725 17.4032 -10.1655 0.2048 312300000000 162100000000
 0.6200   350533 0.6300   359636      1       -1       -1       -1  0 3.24133e+11 3.24100e+11 161.569000 8.588000 82.840000  1 0.2900 166.720000 52.31804 33.56344 18.65505 58.120 -2.940 45.030 -5.565e+10 1.459e+11 -2.816e+10 0.03873 303877 303877 678778 4996 50 303838 303910 8.58751 324120000000 324120000000 285990000000 219260000000 133460000000 16.3495 0 0.02929 0.969 0.73115 -8.11975 2.26102 14.1299 0.89217 0.5018 -5.85682 -4.18901 12.023 0.2175 418900000000 133500000000
 0.6100   341407 0.6200   350533      1       -1       -1       -1  0 3.17767e+11 3.14600e+11 160.441000 15.890000 77.490000  1 0.2900 142.010000 52.29858 33.56407 18.63743 55.590 -4.660 42.750 -5.832e+10 1.005e+11 -5.760e+09 0.02906 303878 303878 678778 4989 49 303838 303910 15.8898 314590000000 324120000000 285990000000 228790000000 123930000000 22.5211 0 0.02272 0.81261 0.48781 17.2755 -13.3133 2.47349 0.64058 0.3137 -12.3735 16.8533 -1.49618 0.2061 325800000000 162100000000
 0.6000   332264 0.6100   341407      1       -1       -1       -1  0 3.17767e+11 3.14600e+11 160.907000 17.772000 70.190000  1 0.2900 139.620000 52.29779 33.56220 18.62691 53.340 -2.060 40.770 -2.667e+10 1.152e+11 -2.054e+10 0.03023 303879 303879 678778 510 48 303838 303910 17.7723 314590000000 314590000000 305060000000 247860000000 57198000000 12.6682 0 0.0236 0.90066 0.72103 13.0967 8.2627 11.0244 0.54802 0.31134 0.28694 3.89605 14.5898 0.1744 345300000000 190700000000
 0.5900   323097 0.6000   332264      1       -1       -1       -1  0 3.17767e+11 3.14600e+11 161.367000 15.333000 69.790000  1 0.2900 145.330000 52.28192 33.56516 18.60880 52.690 -4.000 40.160 -5.715e+10 9.549e+10 -6.184e+09 0.02817 303880 303880 678778 5035 47 303838 303910 15.3326 314590000000 314590000000 314590000000 228790000000 9533000000 8.24594 0 0.02207 0.77094 0.6651 -4.06465 22.2442 12.3513 0.79227 0.58014 -0.43752 15.1876 16.9493 0.1713 357400000000 162100000000
 0.5800   313862 0.5900   323097      1       -1       -1       -1  0 3.11400e+11 3.24100e+11 163.438000 13.571000 72.230000  1 0.2900 152.580000 52.27331 33.57170 18.58606 51.460 -3.400 38.910 -6.430e+10 9.762e+10 2.504e+09 0.02812 303881 303881 678778 5084 46 303838 303910 13.5705 324120000000 324120000000 295520000000 247860000000 57198000000 8.52278 0 0.02219 0.51087 0.32424 -10.3658 20.3558 24.3971 0.06355 0.01111 -6.20964 12.9083 20.7055 0.1788 375700000000 143000000000
 0.5700   304632 0.5800   313862      1       -1       -1       -1  0 3.08233e+11 2.95500e+11 158.919000 23.962000 76.230000  1 0.2900 131.510000 52.21801 33.55550 18.56586 50.170 -2.920 36.520 -8.196e+10 6.760e+10 -4.321e+10 0.02966 303882 303882 678778 5057 45 303838 303910 23.9617 295520000000 305060000000 285990000000 200190000000 0 39.9148 0 0.02557 0.63603 0.36427 28.8765 24.1 15.6664 0.63647 0.04417 23.4367 4.46604 9.65851 0.2308 297700000000 209700000000
 0.5600   295382 0.5700   304632      1       -1       -1       -1  0 3.01900e+11 3.05100e+11 161.044000 11.184000 77.090000  1 0.2900 158.670000 52.24558 33.58057 18.55700 51.770 -5.050 35.920 -1.210e+11 5.511e+10 -4.807e+10 0.04085 303883 303883 678778 5097 44 303838 303910 11.1842 305060000000 305060000000 305060000000 228790000000 162060000000 12.5907 0 0.03013 0.90398 0.7326 7.65893 -3.61116 21.5306 0.82911 0.46273 -11.7314 6.2588 18.8913 0.1778 384000000000 133500000000
 0.5500   286130 0.5600   295382      1       -1       -1       -1  0 3.01900e+11 3.05100e+11 161.471000 11.030000 77.180000  1 0.2900 160.570000 52.22009 33.58825 18.54523 50.770 -5.190 35.120 -1.169e+11 5.152e+10 -4.750e+10 0.04013 303884 303884 678778 5139 43 303838 303910 11.0296 305060000000 305060000000 285990000000 219260000000 171590000000 14.7884 0 0.02928 0.93581 0.49563 14.9836 -7.25796 12.0463 0.74274 0.44319 17.4624 4.92734 -1.06615 0.1739 387400000000 123900000000
 0.5400   276912 0.5500   286130      1       -1       -1       -1  0 3.01900e+11 2.95500e+11 160.186000 12.432000 75.910000  1 0.2900 155.050000 52.20127 33.57769 18.53235 50.190 -6.490 33.200 -8.461e+10 6.245e+10 -4.328e+10 0.03432 303885 303885 678778 5094 42 303838 303910 12.4316 295520000000 295520000000 295520000000 238320000000 123930000000 7.40107 0 0.02595 0.51154 0.4522 3.1925 32.7277 -12.5843 0.71341 0.46447 2.41806 26.3011 -1.49047 0.1814 343100000000 123900000000
 0.5300   267673 0.5400   276912      1       -1       -1       -1  0 2.92367e+11 3.05100e+11 162.302000 15.228000 70.370000  1 0.2900 150.990000 52.19020 33.58404 18.52598 48.490 -5.380 33.000 -1.159e+11 4.787e+10 -4.571e+10 0.03696 303886 303886 678778 5095 41 303838 303910 15.2278 305060000000 305060000000 295520000000 238320000000 76264000000 7.73385 0 0.02912 0.73424 0.36535 1.68088 31.0792 -12.0207 0.6828 0.18577 2.51921 29.9976 -0.25349 0.1687 351500000000 133500000000
 0.5200   258447 0.5300   267673      1       -1       -1       -1  0 2.86000e+11 2.76500e+11 157.454000 13.771000 64.740000  1 0.2900 149.760000 52.16431 33.60312 18.51090 47.720 -10.010 27.570 -1.212e+10 2.866e+10 1.944e+10 0.01237 303887 303887 678778 3956 40 303838 303910 13.7707 276460000000 276460000000 266920000000 247860000000 19066000000 6.68574 0 0.00951 0.8034 0.4797 -18.1125 22.2056 11.5756 0.46611 0.15825 26.086 -15.5141 -21.7894 0.143 324500000000 104900000000
 0.5100   249167 0.5200   258447      1       -1       -1       -1  0 2.86000e+11 2.66900e+11 156.001000 12.026000 63.880000  1 0.2900 153.910000 52.14463 33.60822 18.49939 47.160 -10.430 26.040 -1.572e+07 3.057e+10 2.741e+10 0.01480 303888 303888 678778 3923 39 303838 303910 12.026 266920000000 266920000000 266920000000 257390000000 9533000000 6.33479 0 0.01138 0.74254 0.57564 22.9311 -11.2952 -10.8269 0.79162 0.23001 -18.1588 11.0214 13.1701 0.1401 351400000000 66730000000
 0.5000   240000 0.5100   249167      1       -1       -1       -1  0 2.86000e+11 2.76500e+11 158.211000 13.910000 62.010000  1 0.2900 152.170000 52.12588 33.60756 18.48777 45.750 -9.390 25.150 -8.256e+09 2.740e+10 1.095e+10 0.01034 303889 303889 678778 3940 38 303838 303910 13.9099 276460000000 276460000000 257390000000 257390000000 0 7.04219 1.52 0.00808 0.7514 0.4655 41.4608 3.91103 -7.542 0.67353 0.10411 36.3314 19.2021 3.46841 0.1342 336800000000 95330000000
 0.4900   230820 0.5000   240000      1       -1       -1       -1  0 2.86000e+11 2.76500e+11 158.577000 15.102000 60.590000  1 0.2900 150.730000 52.12678 33.60324 18.47533 44.740 -9.030 26.130 -3.624e+10 1.615e+10 3.367e+10 0.01680 303890 303890 678778 5011 37 303838 303910 15.1017 276460000000 276460000000 266920000000 228790000000 0 28.7438 0 0.01385 0.61553 0.40766 45.8903 -7.87612 -8.13595 0.43152 0.00995 28.8453 -24.3221 -13.2195 0.139 323800000000 76260000000
 0.4800   221673 0.4900   230820      1       -1       -1       -1  0 2.86000e+11 2.86000e+11 160.741000 21.350000 61.390000  1 0.2900 143.480000 52.08664 33.61390 18.46074 40.960 -7.370 25.580 -1.002e+10 3.326e+10 7.069e+10 0.02490 303891 303891 678778 5024 36 303838 303910 21.3501 285990000000 285990000000 276460000000 228790000000 0 11.2724 0 0.01999 0.59573 0.23239 38.6594 -13.0047 -7.13372 0.13528 0.06355 30.3774 -28.3891 -6.27513 0.1317 287500000000 190700000000
 0.4700   212538 0.4800   221673      1       -1       -1       -1  0 2.86000e+11 2.86000e+11 161.094000 18.556000 58.520000  1 0.2900 149.010000 52.05516 33.62056 18.45648 38.550 -6.430 25.790 4.335e+10 4.911e+10 7.125e+10 0.03118 303892 303892 678778 5004 35 303838 303910 18.5562 285990000000 285990000000 285990000000 190660000000 47665000000 9.97375 0 0.0248 0.79454 0.67308 30.7228 -9.80195 -7.36588 0.75196 0.41414 28.7365 -1.38742 -1.859 0.1174 280800000000 171600000000
 0.4600   203425 0.4700   212538      1       -1       -1       -1  0 2.79633e+11 2.86000e+11 161.438000 21.182000 58.340000  1 0.2900 146.590000 52.03460 33.62370 18.45973 37.770 -4.730 26.290 3.201e+10 3.898e+10 4.407e+10 0.02164 303893 303893 678778 3773 34 303838 303910 21.1819 285990000000 285990000000 266920000000 190660000000 47665000000 17.2762 0 0.01733 0.64378 0.39742 -18.2289 18.2326 25.5249 0.55078 0.41764 -15.6322 18.4224 21.698 0.1161 270600000000 190700000000
 0.4500   194386 0.4600   203425      1       -1       -1       -1  0 2.76467e+11 2.66900e+11 158.094000 18.617000 58.330000  1 0.2900 147.830000 52.00912 33.62643 18.44346 38.330 -8.900 26.470 -7.568e+09 1.694e+10 -1.368e+10 0.00857 303894 303894 678778 3804 33 303838 303910 18.6166 266920000000 266920000000 266920000000 190660000000 19066000000 11.3494 0 0.00676 0.55944 0.31816 -19.3366 20.8894 31.045 0.56649 0.29913 -18.2507 22.2 28.5026 0.1154 259900000000 162100000000
 0.4400   185331 0.4500   194386      1       -1       -1       -1  0 2.76467e+11 2.66900e+11 158.411000 20.344000 58.880000  1 0.2900 146.790000 51.99593 33.62388 18.43346 35.180 -6.880 26.110 7.220e+09 3.745e+10 2.334e+10 0.01585 303895 303895 678778 4883 32 303838 303910 20.3441 266920000000 266920000000 266920000000 200190000000 28599000000 16.5856 0 0.01324 0.60601 0.40873 -21.1884 23.1881 23.5213 0.03848 0 38.9247 -35.6891 -19.1775 0.1296 261200000000 152500000000
 0.4300   176317 0.4400   185331      1       -1       -1       -1  0 2.76467e+11 2.66900e+11 158.720000 23.946000 58.300000  1 0.2900 143.980000 51.95559 33.66629 18.42964 37.650 -5.410 20.700 4.006e+10 2.208e+09 -5.101e+10 0.02347 303896 303896 678778 3704 31 303838 303910 23.9458 266920000000 266920000000 257390000000 162060000000 85797000000 36.9148 0 0.01942 0.62769 0.47115 -3.0494 -11.9183 36.8265 0.65931 0.52861 24.4907 17.7094 -7.75168 0.1195 233600000000 162100000000
 0.4200   167359 0.4300   176317      1       -1       -1       -1  0 2.76467e+11 2.76500e+11 160.889000 24.924000 56.720000  1 0.2900 146.580000 51.95216 33.64681 18.38809 35.290 -4.090 19.440 5.642e+10 1.489e+10 -1.734e+10 0.02054 303897 303897 678778 3742 30 303838 303910 24.9242 276460000000 276460000000 257390000000 152530000000 0 14.2845 2.57 0.01737 0.76637 0.44831 -16.5241 12.0581 39.1478 0.27615 0.05115 -1.53624 -20.5686 29.9578 0.1171 260700000000 171600000000
 0.4100   158483 0.4200   167359      1       -1       -1       -1  0 2.76467e+11 2.47900e+11 155.420000 23.979000 56.870000  1 0.2900 143.030000 51.93249 33.65216 18.37758 33.380 -4.010 16.870 2.551e+10 -2.587e+09 -5.683e+10 0.02604 303898 303898 678778 3654 29 303838 303910 23.979 247860000000 247860000000 238320000000 181130000000 19066000000 18.2551 0 0.02158 0.68613 0.29062 -24.877 -6.3461 27.8554 0.51865 0.26169 -16.6527 -17.6126 27.262 0.117 242800000000 181100000000
 0.4000   149700 0.4100   158483      1       -1       -1       -1  0 2.76467e+11 2.57400e+11 157.663000 25.841000 51.960000  1 0.2900 145.020000 51.91212 33.65657 18.36440 31.800 -4.010 16.290 1.487e+10 -6.115e+09 -6.463e+10 0.02564 303899 303899 678778 4714 28 303838 303910 25.8406 257390000000 257390000000 257390000000 181130000000 28599000000 12.7925 0 0.0219 0.85853 0.56834 31.3455 -2.71283 -13.2442 0.20602 0.04786 14.9576 8.43359 8.73332 0.1034 232000000000 181100000000
 0.3900   141023 0.4000   149700      1       -1       -1       -1  0 2.76467e+11 2.76500e+11 161.736000 41.323000 47.630000  1 0.2900 141.610000 51.89101 33.67471 18.34008 28.140 -3.230 18.750 -1.334e+10 -2.048e+10 -3.252e+10 0.01354 303900 303900 678778 4628 27 303838 303910 41.3233 276460000000 266920000000 266920000000 104860000000 0 12.6384 0 0.01202 0.75945 0.35629 40.1406 18.4542 -27.1475 0.78568 0.00409 -26.6707 -4.57539 43.9848 0.0892 239500000000 276500000000
 0.3800   132546 0.3900   141023      1       -1       -1       -1  0 2.76467e+11 2.86000e+11 163.839000 45.620000 47.020000  1 0.2900 143.800000 51.86324 33.66426 18.33496 28.880 -3.840 19.840 -5.324e+10 -4.846e+10 -2.557e+10 0.02383 303901 303901 678778 4557 26 303838 303910 45.6197 285990000000 285990000000 257390000000 104860000000 0 12.7525 2.48 0.02159 0.70704 0.18268 -34.7342 4.65706 40.1973 0.45477 0.03809 10.1212 -22.3704 33.0414 0.0846 246200000000 295500000000
 0.3700   124051 0.3800   132546      1       -1       -1       -1  0 2.73300e+11 2.66900e+11 160.363000 40.651000 47.160000  1 0.2900 143.580000 51.84668 33.68737 18.30278 27.920 -6.060 20.580 -4.709e+10 -4.330e+10 -2.642e+09 0.02360 303902 303902 678778 3496 25 303838 303910 40.6507 266920000000 266920000000 257390000000 133460000000 28599000000 9.13937 2.66 0.02055 0.40247 0.35601 -20.2461 16.9452 33.1263 0.6869 0.17044 19.6837 -0.66678 -15.5841 0.0778 232000000000 276500000000
 0.3600   115585 0.3700   124051      1       -1       -1       -1  0 2.73300e+11 2.66900e+11 160.601000 35.884000 50.510000  1 0.2900 147.530000 51.83525 33.66837 18.25827 25.600 -4.860 22.080 -5.855e+10 -3.813e+10 -2.232e+10 0.02781 303903 303903 678778 4445 24 303838 303910 35.8837 266920000000 266920000000 266920000000 142990000000 28599000000 20.1545 0 0.02385 0.65103 0.24286 41.2087 2.85606 -3.72514 0.49531 0.15257 19.8838 -14.6427 24.3724 0.0822 239900000000 257400000000
 0.3500   107277 0.3600   115585      1       -1       -1       -1  0 2.73300e+11 2.76500e+11 162.722000 26.975000 51.790000  1 0.2900 157.860000 51.80124 33.66011 18.25840 21.740 -0.840 21.000 -5.754e+10 -6.966e+09 -3.454e+10 0.02510 303904 303904 678778 4356 23 303838 303910 26.9753 276460000000 276460000000 276460000000 209730000000 19066000000 19.3394 0 0.02097 0.58914 0.3371 37.3989 24.802 -18.0397 0.36377 0 35.5944 13.7991 -10.6443 0.0754 261000000000 209700000000
 0.3400    99143 0.3500   107277      1       -1       -1       -1  0 2.73300e+11 2.66900e+11 161.048000 14.920000 55.800000  1 0.2900 177.550000 51.78592 33.66553 18.25327 20.690 1.800 20.510 -5.673e+10 1.258e+09 -5.122e+10 0.03280 303905 303905 678778 4208 22 303838 303910 14.9196 266920000000 266920000000 266920000000 247860000000 9533000000 13.3485 0 0.02554 0.79123 0.56911 25.855 7.44792 24.6222 0.83692 0.2805 -13.357 -22.3638 28.1317 0.0778 307400000000 38130000000
 0.3300    91250 0.3400    99143      1       -1       -1       -1  0 2.63767e+11 2.76500e+11 163.153000 23.040000 63.050000  1 0.2900 166.940000 51.73814 33.69296 18.20784 19.530 1.510 19.810 -4.684e+10 4.262e+09 -4.399e+10 0.02576 303906 303906 678778 4185 21 303838 303910 23.0398 276460000000 276460000000 266920000000 219260000000 47665000000 36.5283 0 0.02059 0.4522 0.21604 22.9586 -20.028 8.72226 0.3575 0.19453 21.6966 -21.1232 5.01632 0.103 256600000000 162100000000
 0.3200    83488 0.3300    91250      1       -1       -1       -1  0 2.51067e+11 2.47900e+11 157.514000 19.624000 57.700000  1 0.2900 167.330000 51.74204 33.68935 18.21981 20.200 1.490 18.070 -5.325e+10 -1.591e+10 -2.650e+10 0.02969 303907 303907 678778 4050 20 303838 303910 19.6244 247860000000 247860000000 247860000000 219260000000 0 19.9516 0 0.02396 0.54682 0.45116 36.0453 -32.5629 -15.5508 0.08313 0 -3.99099 49.5742 -5.12795 0.0988 257000000000 133500000000
 0.3100    75970 0.3200    83488      1       -1       -1       -1  0 2.22467e+11 2.28800e+11 153.545000 32.266000 45.400000  1 0.2900 151.700000 51.72732 33.67607 18.19374 18.210 1.170 20.660 -3.149e+10 -3.785e+09 8.546e+09 0.01671 303908 303908 678778 5492 19 303838 303910 32.2664 228790000000 228790000000 228790000000 142990000000 0 7.85722 0 0.01483 0.76557 0.51254 -29.6087 37.3601 11.045 0.78631 0.66578 16.681 48.9348 4.12747 0.0839 207500000000 209700000000
 0.3000    68688 0.3100    75970      1       -1       -1       -1  0 1.71610e+11 1.90700e+11 144.650000 37.517000 40.110000  1 0.2900 141.570000 51.70940 33.67442 18.17597 20.870 -1.030 21.810 -1.494e+10 2.507e+10 8.185e+09 0.01929 303909 303909 678778 4407 18 303838 303910 37.5173 190660000000 190660000000 171590000000 9533000000 0 10.1324 0 0.01885 0.13383 0 8.45755 61.6135 7.08221 0 0 0 0 0 0.0911 168300000000 190700000000
 0.2900    61666 0.3000    68688      0       -1       -1       -1  0 9.53300e+10 9.53300e+10 114.928000 34.328000 37.540000  1 0.2900 112.820000 51.69156 33.67251 18.15843 20.430 11.790 34.190 1.464e+10 4.481e+09 1.696e+10 0.04005 303910 303910 678778 4153 17 303838 303910 34.3282 95330000000 95330000000 66731000000 9533000000 0 43.8693 9.85 0.04585 0.81437 0.35805 10.1182 57.7534 -32.955 0 0 0 0 0 0.1304 148900000000 114400000000
