 1.0000   675725 0.0000       -1      1       -1       -1       -1  0 4.41700e+11 3.33700e+11 141.895000 8.765000 113.490000  1 0.4200 136.410000 16.82940 33.89059 43.14827 -351.340 -51.670 -4.090 -2.436e+11 9.858e+10 9.052e+10 0.04725 367080 367080 675725 1240 88 367079 367138 8.76465 333650000000 362250000000 285990000000 266920000000 152530000000 12.5542 0 0.04128 0.88016 0.50063 13.685 -3.50306 8.64421 0.72912 0.39197 16.1819 -3.29179 5.08977 0.4836 541400000000 133500000000
 0.9900   667557 1.0000   675725      1       -1       -1       -1  0 4.41700e+11 3.24100e+11 141.123000 7.524000 117.400000  1 0.4200 141.050000 16.85069 33.89685 43.14331 -346.560 -45.940 -5.890 -2.358e+11 1.495e+11 3.169e+10 0.04885 367081 367081 675725 1253 87 367079 367138 7.52389 324120000000 362250000000 285990000000 247860000000 162060000000 19.2328 2.57 0.04392 0.69547 0.40822 11.4489 -4.03301 13.62 0.74219 0.35876 11.0913 -4.63904 10.9154 0.5183 539200000000 104900000000
 0.9800   659210 0.9900   667557      1       -1       -1       -1  0 4.41700e+11 3.24100e+11 141.714000 6.702000 116.380000  1 0.4200 146.350000 16.89265 33.90761 43.14617 -344.130 -35.860 -3.910 -1.524e+11 5.827e+10 8.124e+10 0.03231 367082 367082 675725 1239 86 367079 367138 6.70204 324120000000 352720000000 295520000000 266920000000 181130000000 17.9505 0 0.02858 0.90715 0.8036 3.69698 -11.3057 11.9486 0.92696 0.68983 -2.08105 13.4174 -8.49182 0.505 557000000000 104900000000
 0.9700   650895 0.9800   659210      1       -1       -1       -1  0 4.41700e+11 3.24100e+11 142.305000 7.610000 113.760000  1 0.4200 141.780000 16.92964 33.90460 43.15003 -338.630 -27.890 -1.490 -2.218e+11 1.493e+11 2.828e+10 0.04976 367083 367083 675725 202 85 367079 367138 7.61015 324120000000 352720000000 305060000000 285990000000 162060000000 12.0895 0 0.04228 0.90665 0.79382 15.8497 -6.53133 5.20995 0.77251 0.66183 16.8821 -1.51375 6.16 0.4725 518400000000 133500000000
 0.9600   642592 0.9700   650895      1       -1       -1       -1  0 4.41700e+11 3.24100e+11 142.895000 8.782000 111.560000  1 0.4200 136.930000 16.95779 33.89973 43.14994 -335.690 -20.110 -2.750 -2.228e+11 1.406e+11 3.121e+10 0.04873 367084 367084 675725 202 84 367079 367138 8.7818 324120000000 343190000000 305060000000 266920000000 152530000000 14.2783 2.69 0.04185 0.79576 0.6902 12.3004 5.50812 13.8099 0.73886 0.57255 12.1638 3.09158 13.9427 0.4669 492700000000 123900000000
 0.9500   634304 0.9600   642592      1       -1       -1       -1  0 4.41700e+11 3.24100e+11 143.484000 7.085000 111.990000  1 0.4200 145.910000 16.99708 33.90686 43.15721 -331.920 -10.900 1.200 -2.192e+11 1.474e+11 2.881e+10 0.04975 367085 367085 675725 1245 83 367079 367138 7.0855 324120000000 343190000000 305060000000 276460000000 162060000000 11.3616 0 0.04205 0.90386 0.86422 15.7437 4.54352 9.84181 0.78371 0.72118 9.46454 0.74037 17.1708 0.4595 580100000000 66730000000
 0.9400   626021 0.9500   634304      1       -1       -1       -1  0 4.41700e+11 3.24100e+11 144.072000 7.526000 116.600000  1 0.4200 144.080000 17.03193 33.90405 43.15224 -328.790 -2.310 2.730 -2.182e+11 1.479e+11 2.851e+10 0.04948 367086 367086 675725 2225 82 367079 367138 7.52642 324120000000 343190000000 305060000000 257390000000 181130000000 14.3746 0 0.04209 0.73898 0.6017 18.0188 0.47857 14.5227 0.52155 0.42759 14.9188 -2.79538 17.7506 0.4816 555700000000 104900000000
 0.9300   617706 0.9400   626021      1       -1       -1       -1  0 4.41700e+11 3.24100e+11 144.658000 5.810000 122.490000  1 0.4200 155.980000 17.06823 33.90440 43.15841 -325.810 6.360 4.420 -2.173e+11 1.498e+11 2.807e+10 0.05054 367087 367087 675725 1236 81 367079 367138 5.81017 324120000000 352720000000 295520000000 266920000000 200190000000 15.5475 0 0.04229 0.7281 0.5838 17.4509 -5.7365 8.06235 0.49933 0.4149 17.4222 -4.81261 11.2995 0.4972 619400000000 133500000000
 0.9200   609366 0.9300   617706      1       -1       -1       -1  0 4.41700e+11 3.33700e+11 146.654000 8.066000 123.390000  1 0.4200 144.370000 17.12970 33.89804 43.16038 -322.650 16.660 8.000 -2.293e+11 9.665e+10 8.178e+10 0.04681 367088 367088 675725 3017 80 367079 367138 8.0662 333650000000 352720000000 314590000000 276460000000 171590000000 4.3658 0 0.03989 0.66085 0.44164 17.5033 -4.12031 3.29888 0.61048 0.38694 14.8646 -5.88582 6.98154 0.5049 572900000000 123900000000
 0.9100   601020 0.9200   609366      1       -1       -1       -1  0 4.41700e+11 3.52700e+11 149.997000 7.082000 115.790000  1 0.4200 154.070000 17.15661 33.89908 43.15981 -317.960 23.070 10.040 -2.016e+11 1.630e+11 1.017e+11 0.04641 367089 367089 675725 3029 79 367079 367138 7.08163 352720000000 362250000000 285990000000 276460000000 190660000000 14.5186 0 0.03881 0.77696 0.5878 13.4651 -12.1674 2.40463 0.74925 0.62749 12.2091 -11.3122 4.16002 0.4532 637000000000 104900000000
 0.9000   592670 0.9100   601020      1       -1       -1       -1  0 4.41700e+11 3.52700e+11 150.596000 6.857000 109.720000  1 0.4200 156.240000 17.19593 33.89762 43.15939 -311.560 29.990 13.030 -1.791e+11 1.911e+11 5.406e+10 0.04475 367090 367090 675725 3048 78 367079 367138 6.85664 352720000000 362250000000 285990000000 266920000000 228790000000 13.5814 0 0.03739 0.76402 0.57838 -9.48054 16.4081 1.95632 0.73817 0.57984 -9.34406 15.4584 -2.73758 0.4237 639200000000 66730000000
 0.8900   584276 0.9000   592670      1       -1       -1       -1  0 4.41700e+11 3.43200e+11 149.820000 8.491000 108.550000  1 0.4200 146.080000 17.24195 33.88933 43.15497 -307.180 38.270 17.620 -1.646e+11 1.461e+11 3.833e+10 0.04019 367091 367091 675725 3073 77 367079 367138 8.49116 343190000000 362250000000 295520000000 276460000000 190660000000 8.72527 0 0.03281 0.84114 0.48903 5.97651 4.14367 20.1031 0.72466 0.49368 8.94334 -2.05337 17.5775 0.4095 518300000000 133500000000
 0.8800   575902 0.8900   584276      1       -1       -1       -1  0 4.41700e+11 3.43200e+11 150.410000 9.731000 104.780000  1 0.4200 141.500000 17.28461 33.88025 43.15153 -304.900 46.690 20.060 -1.589e+11 1.432e+11 3.793e+10 0.03879 367092 367092 675725 4074 76 367079 367138 9.73095 343190000000 352720000000 305060000000 276460000000 152530000000 8.146 1.68 0.03202 0.73011 0.51488 -1.87166 8.85154 13.3943 0.73968 0.57741 2.34346 4.62902 13.7543 0.3967 494100000000 143000000000
 0.8700   567449 0.8800   575902      1       -1       -1       -1  0 4.41700e+11 3.33700e+11 149.588000 10.514000 100.360000  1 0.4200 137.710000 17.33040 33.87244 43.14724 -302.210 54.550 24.150 -1.950e+11 1.230e+11 4.625e+10 0.04329 367093 367093 675725 7116 75 367079 367138 10.5145 333650000000 362250000000 314590000000 266920000000 95330000000 7.0229 0 0.03647 0.78299 0.72209 6.03964 4.75482 17.9326 0.7948 0.38673 7.04709 3.68264 15.9933 0.3899 445600000000 133500000000
 0.8600   558993 0.8700   567449      1       -1       -1       -1  0 4.41700e+11 3.43200e+11 151.585000 12.201000 94.400000  1 0.4200 134.900000 17.37090 33.86647 43.14988 -299.020 61.940 30.670 -1.453e+11 1.342e+11 3.956e+10 0.03552 367094 367094 675725 3090 74 367079 367138 12.2006 343190000000 352720000000 324120000000 266920000000 76264000000 3.70468 0 0.02996 0.82545 0.5384 9.60308 3.03889 21.039 0.50212 0.08165 9.25413 5.72798 15.0225 0.3558 467900000000 152500000000
 0.8500   550569 0.8600   558993      1       -1       -1       -1  0 4.41700e+11 3.43200e+11 152.170000 12.370000 93.110000  1 0.4200 135.100000 17.41890 33.85483 43.15132 -296.160 72.670 36.040 -3.775e+10 9.231e+10 5.117e+10 0.01985 367095 367095 675725 3070 73 367079 367138 12.3697 343190000000 352720000000 324120000000 247860000000 76264000000 6.23893 0 0.01671 0.95383 0.59449 17.305 -16.9331 -7.41535 0.55938 0.41437 20.1784 -4.89915 15.3315 0.3444 438400000000 143000000000
 0.8400   542047 0.8500   550569      1       -1       -1       -1  0 4.41700e+11 3.33700e+11 151.324000 12.541000 88.540000  1 0.4200 133.750000 17.46138 33.84562 43.13657 -294.110 81.950 40.880 -1.477e+11 1.322e+11 3.932e+10 0.03803 367096 367096 675725 3115 72 367079 367138 12.5413 343190000000 362250000000 324120000000 257390000000 76264000000 10.4976 0 0.03171 0.78621 0.54844 18.1696 -13.1922 -4.7109 0.61332 0.49196 18.4613 -6.18205 3.59106 0.3188 418100000000 143000000000
 0.8300   533530 0.8400   542047      1       -1       -1       -1  0 4.41700e+11 3.33700e+11 151.899000 11.825000 98.070000  1 0.4200 136.360000 17.50560 33.83649 43.13017 -290.410 84.520 47.120 -7.480e+10 7.322e+10 2.679e+10 0.02077 367097 367097 675725 2013 71 367079 367138 11.825 333650000000 362250000000 324120000000 295520000000 142990000000 11.6754 0 0.01702 0.93569 0.5627 16.0109 -16.4066 8.61105 0.60164 0.39468 12.7866 -11.388 18.0914 0.3547 450000000000 162100000000
 0.8200   524958 0.8300   533530      1       -1       -1       -1  0 4.41700e+11 3.33700e+11 152.470000 10.465000 102.070000  1 0.4200 141.360000 17.54884 33.82626 43.12334 -287.730 91.140 53.010 -7.330e+10 6.694e+10 3.093e+10 0.02010 367098 367098 675725 7233 70 367079 367138 10.4655 343190000000 362250000000 314590000000 285990000000 133460000000 10.2308 0 0.01645 0.92614 0.5099 -12.6773 15.5183 -5.59202 0.73351 0.32481 11.2561 -8.70912 12.3835 0.3713 459300000000 133500000000
 0.8100   516313 0.8200   524958      1       -1       -1       -1  0 4.41700e+11 3.24100e+11 151.568000 11.258000 105.210000  1 0.4200 137.800000 17.61637 33.79189 43.12342 -286.350 98.470 59.630 -8.157e+10 4.878e+10 4.054e+10 0.02072 367099 367099 675725 3115 69 367079 367138 11.2584 324120000000 371790000000 314590000000 276460000000 152530000000 22.3885 0 0.01723 0.92294 0.45363 -12.3634 18.3904 1.24341 0.8958 0.36631 -9.46439 9.81749 13.972 0.3953 430700000000 152500000000
 0.8000   507650 0.8100   516313      1       -1       -1       -1  0 4.41700e+11 3.24100e+11 152.129000 9.863000 106.330000  1 0.4200 143.330000 17.65718 33.77526 43.10832 -283.260 103.900 65.750 -8.126e+10 4.521e+10 4.282e+10 0.02110 367100 367100 675725 7310 68 367079 367138 9.863 324120000000 352720000000 314590000000 276460000000 152530000000 16.9208 0 0.01715 0.78461 0.48066 -5.6838 20.4186 -9.54637 0.90832 0.44938 -7.36619 16.4881 -10.5774 0.3885 471400000000 133500000000
 0.7900   499014 0.8000   507650      1       -1       -1       -1  0 4.41700e+11 3.24100e+11 152.687000 9.403000 103.260000  1 0.4200 145.940000 17.70642 33.76417 43.09776 -280.080 108.880 71.900 -8.094e+10 4.264e+10 4.415e+10 0.02166 367101 367101 675725 4175 67 367079 367138 9.40276 324120000000 352720000000 314590000000 266920000000 114400000000 11.4637 0 0.01709 0.91221 0.69 -9.02668 17.4205 -5.9084 0.98525 0.64023 -1.55283 10.7045 14.7934 0.3603 477500000000 104900000000
 0.7800   490371 0.7900   499014      1       -1       -1       -1  0 4.41700e+11 3.24100e+11 153.241000 10.754000 100.330000  1 0.4200 141.680000 17.75445 33.75146 43.08980 -274.460 114.790 78.090 -3.956e+10 1.140e+11 8.015e+09 0.02608 367102 367102 675725 7295 66 367079 367138 10.7538 324120000000 352720000000 314590000000 295520000000 152530000000 5.94547 0 0.02043 0.87183 0.82958 3.8234 9.18848 13.9604 0.89921 0.81926 -3.71263 8.20552 13.4788 0.3408 445500000000 152500000000
 0.7700   481681 0.7800   490371      1       -1       -1       -1  0 4.41700e+11 3.33700e+11 155.286000 11.931000 98.050000  1 0.4200 140.480000 17.80187 33.73074 43.07859 -269.870 116.970 84.730 -5.482e+10 9.951e+10 -1.146e+10 0.02306 367103 367103 675725 4206 65 367079 367138 11.9311 333650000000 371790000000 314590000000 285990000000 142990000000 5.87749 0 0.01847 0.83395 0.68678 0.11325 0.38672 22.9653 0.89438 0.51775 -2.11235 -4.66575 20.9439 0.3368 444100000000 162100000000
 0.7600   472980 0.7700   481681      1       -1       -1       -1  0 4.41700e+11 3.62300e+11 160.171000 14.829000 98.670000  1 0.4200 138.740000 17.85206 33.70799 43.06369 -264.580 118.880 87.140 -1.348e+11 1.253e+11 -1.308e+11 0.03796 367104 367104 675725 3202 64 367079 367138 14.8293 362250000000 381320000000 305060000000 295520000000 142990000000 6.66572 4.53 0.032 0.79197 0.5975 -3.58857 2.83976 26.3232 0.67516 0.23697 1.48304 -3.69177 26.1436 0.3449 451500000000 190700000000
 0.7500   464253 0.7600   472980      1       -1       -1       -1  0 4.41700e+11 3.43200e+11 157.865000 11.757000 96.050000  1 0.4200 144.290000 17.90113 33.68357 43.04632 -257.010 121.960 91.760 -6.925e+10 1.665e+11 -8.669e+10 0.03820 367105 367105 675725 3747 63 367079 367138 11.7571 352720000000 400390000000 314590000000 266920000000 162060000000 4.11021 0 0.03119 0.91628 0.70245 -7.76188 17.0458 20.906 0.79752 0.61456 3.28202 -15.1352 21.5182 0.3239 441600000000 162100000000
 0.7400   455465 0.7500   464253      1       -1       -1       -1  0 4.41700e+11 3.62300e+11 161.298000 12.562000 100.240000  1 0.4200 146.020000 17.94931 33.65500 43.02961 -252.720 126.420 95.170 -7.454e+10 1.183e+11 -8.381e+10 0.02736 367106 367106 675725 3751 62 367079 367138 12.5617 371790000000 381320000000 314590000000 276460000000 104860000000 11.1718 5.27 0.02333 0.62785 0.32903 -13.9751 29.3086 11.2736 0.53553 0.06814 -13.9898 29.4933 14.0709 0.3513 437600000000 181100000000
 0.7300   446634 0.7400   455465      1       -1       -1       -1  0 4.41700e+11 3.90800e+11 166.007000 18.245000 101.240000  1 0.4200 139.050000 17.99695 33.64262 43.00576 -246.740 127.650 92.980 -2.276e+09 1.559e+11 -5.682e+10 0.02413 367107 367107 675725 7968 61 367079 367138 18.2447 400390000000 419450000000 343190000000 285990000000 133460000000 11.5402 1.5 0.02104 0.51492 0.21493 -13.2601 28.7889 12.6355 0.60936 0.15766 -9.97139 24.1712 6.27109 0.3519 416200000000 209700000000
 0.7200   437762 0.7300   446634      1       -1       -1       -1  0 4.41700e+11 3.90800e+11 166.574000 17.571000 108.200000  1 0.4200 141.010000 18.07327 33.60727 42.98888 -243.260 132.310 93.780 -9.327e+10 3.047e+11 -2.117e+10 0.04450 367108 367108 675725 3801 60 367079 367138 17.5706 390850000000 419450000000 352720000000 295520000000 57198000000 12.053 0 0.04069 0.4941 0.3581 27.538 -25.8612 -5.55817 0.38851 0.10046 25.6077 -20.6972 -0.83999 0.4052 428400000000 209700000000
 0.7100   428833 0.7200   437762      1       -1       -1       -1  0 4.41700e+11 4.19400e+11 171.118000 23.035000 104.960000  1 0.4200 138.120000 18.10973 33.58051 42.95931 -237.810 134.160 95.110 6.138e+10 3.307e+11 5.296e+10 0.04348 367109 367109 675725 8060 59 367079 367138 23.0353 419450000000 419450000000 371790000000 257390000000 95330000000 10.6241 0 0.03877 0.58506 0.3603 -16.1295 18.8792 6.21286 0.64794 0.34331 -13.1515 14.3695 3.47414 0.3665 427600000000 247900000000
 0.7000   419861 0.7100   428833      1       -1       -1       -1  0 4.41700e+11 4.38500e+11 174.253000 24.258000 100.650000  1 0.4200 140.060000 18.17594 33.53093 42.93079 -232.580 137.020 96.190 2.119e+11 3.779e+11 1.058e+11 0.05099 367110 367110 675725 3863 58 367079 367138 24.258 438520000000 448050000000 390850000000 257390000000 9533000000 9.09097 0 0.04741 0.54502 0.30561 -24.4437 32.5841 5.09158 0.25655 0.14521 -19.426 32.8645 -12.1087 0.3591 417200000000 257400000000
 0.6900   410863 0.7000   419861      1       -1       -1       -1  0 4.41700e+11 4.48100e+11 176.086000 29.637000 103.140000  1 0.4200 137.260000 18.22647 33.50832 42.90997 -228.010 138.030 105.950 1.481e+11 3.101e+11 1.597e+11 0.04111 367111 367111 675725 3872 57 367079 367138 29.6371 448050000000 448050000000 381320000000 238320000000 85797000000 9.77686 7.83 0.03908 0.68295 0.42612 -22.9483 29.9533 9.16035 0.24528 0.02254 24.849 -15.9404 15.3841 0.3762 414400000000 314600000000
 0.6800   401856 0.6900   410863      1       -1       -1       -1  0 4.35333e+11 4.38500e+11 175.398000 30.395000 101.570000  1 0.4200 136.420000 18.28540 33.47260 42.87915 -222.090 141.410 101.530 2.584e+11 1.038e+11 1.312e+11 0.03513 367112 367112 675725 3878 56 367079 367138 30.3952 438520000000 476650000000 390850000000 247860000000 0 8.3044 0 0.0331 0.6892 0.39834 -11.8097 19.7583 29.3266 0.89821 0.0933 0.34578 11.2797 23.663 0.3614 432800000000 333700000000
 0.6700   392872 0.6800   401856      1       -1       -1       -1  0 4.32167e+11 4.19400e+11 173.375000 26.766000 102.190000  1 0.4200 137.790000 18.35055 33.44792 42.84199 -217.590 144.990 105.700 7.620e+10 1.623e+10 1.374e+11 0.02014 367113 367113 675725 1718 55 367079 367138 26.7665 419450000000 467120000000 390850000000 276460000000 76264000000 10.8813 0 0.01839 0.84261 0.48849 -12.2285 23.5306 17.3366 0.75635 0.48617 -3.3318 23.0336 7.26843 0.354 404600000000 295500000000
 0.6600   383915 0.6700   392872      1       -1       -1       -1  0 4.32167e+11 4.09900e+11 172.598000 22.081000 102.650000  1 0.4200 142.400000 18.41039 33.41185 42.81335 -213.380 149.080 109.590 -2.283e+10 -1.225e+10 1.164e+11 0.01613 367114 367114 675725 3892 54 367079 367138 22.0808 409920000000 457580000000 400390000000 285990000000 38132000000 15.8967 0 0.01451 0.55074 0.34814 -8.23477 30.1793 19.7497 0.57012 0.34226 -4.92591 28.5911 7.98758 0.3517 404300000000 266900000000
 0.6500   374862 0.6600   383915      1       -1       -1       -1  0 4.32167e+11 4.29000e+11 175.782000 20.753000 96.900000  1 0.4200 147.810000 18.46758 33.36702 42.77784 -206.710 145.540 109.550 -3.725e+10 4.453e+10 1.743e+11 0.02400 367115 367115 675725 8173 53 367079 367138 20.7531 438520000000 457580000000 419450000000 257390000000 123930000000 19.0503 5.25 0.02086 0.54898 0.26293 -10.3232 27.3988 12.2339 0.23947 0.0633 -7.43467 30.6119 9.19574 0.3025 411300000000 228800000000
 0.6400   365778 0.6500   374862      1       -1       -1       -1  0 4.32167e+11 4.38500e+11 177.622000 27.915000 94.370000  1 0.4200 141.990000 18.51066 33.33753 42.74018 -201.750 144.880 114.560 -3.292e+10 2.744e+10 1.664e+11 0.02120 367116 367116 675725 8155 52 367079 367138 27.915 457580000000 457580000000 371790000000 247860000000 57198000000 24.208 2.48 0.01892 0.64834 0.33063 -5.00965 26.3782 13.2135 0.70445 0.19916 0.24179 21.6475 10.0346 0.2989 394700000000 286000000000
 0.6300   356671 0.6400   365778      1       -1       -1       -1  0 4.22633e+11 4.29000e+11 176.862000 25.809000 94.420000  1 0.4200 143.700000 18.55951 33.29552 42.71286 -193.020 141.140 118.090 -7.418e+10 4.103e+10 7.441e+10 0.01412 367117 367117 675725 3908 51 367079 367138 25.8088 438520000000 438520000000 381320000000 247860000000 0 24.5397 5.65 0.01297 0.54684 0.36741 -22.8771 35.9056 19.0195 0.4668 0.10521 30.7703 -25.9593 -12.9833 0.3149 384500000000 266900000000
 0.6200   347569 0.6300   356671      1       -1       -1       -1  0 4.03567e+11 4.00400e+11 173.360000 18.277000 87.780000  1 0.4200 150.780000 18.63389 33.23679 42.65829 -187.370 141.550 117.080 -8.899e+10 1.408e+11 1.764e+11 0.03818 367118 367118 675725 3886 50 367079 367138 18.2765 419450000000 438520000000 381320000000 228790000000 152530000000 6.88255 0 0.03149 0.70223 0.49672 -8.09652 25.8601 8.21101 0.56979 0.43658 -0.39207 16.8617 -14.6525 0.2447 388400000000 219300000000
 0.6100   338434 0.6200   347569      1       -1       -1       -1  0 3.90833e+11 3.81300e+11 171.067000 19.895000 88.300000  1 0.4200 146.270000 18.68292 33.21852 42.63002 -182.780 144.550 116.360 -1.638e+11 1.290e+11 1.043e+11 0.03989 367119 367119 675725 3924 49 367079 367138 19.8954 381320000000 390850000000 343190000000 247860000000 142990000000 24.9039 0 0.03305 0.60655 0.34079 -0.57577 25.5049 3.89531 0.51333 0.27277 0.69544 22.4401 5.5135 0.2528 364000000000 228800000000
 0.6000   329275 0.6100   338434      1       -1       -1       -1  0 3.74933e+11 3.90800e+11 172.981000 24.722000 89.240000  1 0.4200 142.660000 18.73446 33.14590 42.58555 -175.710 138.940 113.000 -1.997e+11 1.625e+11 1.755e+11 0.05098 367120 367120 675725 4998 48 367079 367138 24.7221 390850000000 390850000000 343190000000 276460000000 114400000000 4.40708 0 0.04267 0.43595 0.29504 7.03786 19.6606 1.28319 0.438 0.21346 5.46784 14.2501 1.25288 0.2553 370900000000 266900000000
 0.5900   320081 0.6000   329275      1       -1       -1       -1  0 3.65400e+11 3.52700e+11 167.640000 15.333000 89.310000  1 0.4200 152.300000 18.78247 33.09252 42.56392 -167.190 137.380 107.400 -2.447e+11 1.107e+11 1.609e+11 0.06168 367121 367121 675725 4015 47 367079 367138 15.3334 352720000000 362250000000 343190000000 247860000000 0 19.5472 0 0.05123 0.48979 0.36221 24.1639 37.9589 -0.19575 0.45907 0.08685 18.3539 35.0424 3.75876 0.2616 394400000000 181100000000
 0.5800   310828 0.5900   320081      1       -1       -1       -1  0 3.43167e+11 3.52700e+11 168.110000 17.123000 84.650000  1 0.4200 149.710000 18.85552 33.08511 42.50325 -163.710 135.580 106.150 -2.607e+11 8.274e+10 1.730e+11 0.06317 367122 367122 675725 3984 46 367079 367138 17.123 352720000000 352720000000 324120000000 238320000000 76264000000 29.2749 0 0.05334 0.3703 0.1666 3.76817 -16.7954 21.4575 0.12276 0.05583 4.44127 -15.3279 20.8106 0.2483 355900000000 190700000000
 0.5700   301606 0.5800   310828      1       -1       -1       -1  0 3.36833e+11 3.24100e+11 163.889000 15.555000 78.960000  1 0.4200 148.960000 18.90482 33.01839 42.48145 -157.190 132.930 103.740 -2.593e+11 1.114e+11 1.338e+11 0.07412 367123 367123 675725 4002 45 367079 367138 15.5553 324120000000 333650000000 305060000000 266920000000 0 3.04085 2.32 0.05971 0.70995 0.50967 -4.96637 34.8571 -1.95266 0.55285 0.1545 -3.56541 34.8673 -11.1602 0.214 348600000000 171600000000
 0.5600   292359 0.5700   301606      1       -1       -1       -1  0 3.17767e+11 3.33700e+11 165.927000 26.610000 74.850000  1 0.4200 136.520000 18.98545 32.94792 42.42084 -153.280 133.350 104.030 -2.397e+11 6.493e+10 1.633e+11 0.06126 367124 367124 675725 4019 44 367079 367138 26.6095 333650000000 333650000000 305060000000 228790000000 0 28.5492 0 0.05454 0.49929 0.28239 -16.639 45.4392 14.9934 0.3442 0.28394 -10.6248 42.7807 10.7034 0.2279 312200000000 238300000000
 0.5500   283105 0.5600   292359      1       -1       -1       -1  0 3.08233e+11 2.95500e+11 159.771000 43.158000 71.130000  1 0.4200 123.370000 19.05691 32.85695 42.36517 -146.940 135.060 105.780 -1.290e+11 9.383e+09 8.855e+10 0.03469 367125 367125 675725 3996 43 367079 367138 43.1576 295520000000 305060000000 266920000000 104860000000 0 51.8951 0 0.03549 0.17391 0.00026 -24.4847 85.1507 47.5111 0.49386 0.07485 36.3386 3.70482 -20.1205 0.2766 293200000000 305100000000
 0.5400   273881 0.5500   283105      1       -1       -1       -1  0 2.89167e+11 2.95500e+11 160.186000 33.325000 68.100000  1 0.4200 128.060000 19.08031 32.82831 42.34075 -139.820 129.750 98.210 -1.758e+11 8.357e+10 4.036e+10 0.04717 367126 367126 675725 4093 42 367079 367138 33.3251 295520000000 305060000000 266920000000 76264000000 0 30.5304 0 0.04536 0.15518 0.04079 -19.8419 80.6763 50.4459 0.61834 0.14089 -1.7769 36.0621 -7.35574 0.2359 277900000000 266900000000
 0.5300   264635 0.5400   273881      1       -1       -1       -1  0 2.66933e+11 2.76500e+11 157.063000 16.554000 66.490000  1 0.4200 142.380000 19.11525 32.84066 42.34290 -136.880 115.600 86.180 -2.305e+11 1.535e+11 1.324e+11 0.09247 367127 367127 675725 4072 41 367079 367138 16.5537 276460000000 276460000000 276460000000 181130000000 19066000000 7.26691 0 0.07891 0.9202 0.23166 -5.99217 30.0895 11.1045 0.16654 0.01646 36.4406 9.94665 27.6389 0.1852 284000000000 143000000000
 0.5200   255404 0.5300   264635      1       -1       -1       -1  0 2.38333e+11 2.28800e+11 147.828000 14.466000 69.010000  1 0.4200 137.010000 19.16295 32.80070 42.33044 -126.990 111.660 78.660 -1.525e+11 1.551e+11 1.229e+11 0.10802 367128 367128 675725 2930 40 367079 367138 14.466 228790000000 228790000000 209730000000 190660000000 9533000000 9.81165 3.64 0.08877 0.49088 0.21466 20.7271 -4.64817 34.9626 0.14819 0.01516 14.3733 -4.80809 33.9809 0.1967 253200000000 104900000000
 0.5100   246152 0.5200   255404      1       -1       -1       -1  0 2.06533e+11 2.09700e+11 143.951000 11.519000 75.270000  1 0.4200 140.720000 19.21198 32.73029 42.29406 -124.140 109.430 78.550 -1.104e+11 1.335e+11 9.506e+10 0.10188 367129 367129 675725 2888 39 367079 367138 11.519 209730000000 209730000000 209730000000 162060000000 95330000000 20.7192 0 0.08186 0.53182 0.32864 -3.95745 -19.7096 23.5019 0.55671 0.23925 -3.21065 -19.2555 20.6237 0.2248 228900000000 95330000000
 0.5000   236973 0.5100   246152      1       -1       -1       -1  0 1.90633e+11 1.81100e+11 137.411000 9.004000 71.860000  1 0.4200 142.200000 19.28579 32.71581 42.23262 -121.450 102.160 76.500 -6.991e+10 9.909e+10 7.960e+10 0.09661 367130 367130 675725 2926 38 367079 367138 9.00398 181130000000 181130000000 181130000000 171590000000 47665000000 17.7488 0 0.0774 0.23357 0.10007 6.55677 24.6988 -18.1651 0.18644 0.10923 7.09045 25.7059 -16.5254 0.2224 257000000000 47660000000
 0.4900   227798 0.5000   236973      1       -1       -1       -1  0 1.81100e+11 1.81100e+11 137.729000 14.628000 65.440000  1 0.4200 127.780000 19.34304 32.66697 42.20899 -117.660 99.590 73.470 -7.075e+10 9.906e+10 7.937e+10 0.08900 367131 367131 675725 4015 37 367079 367138 14.6284 181130000000 181130000000 181130000000 162060000000 0 17.5179 0 0.07824 0.37454 0.0254 20.8307 34.912 -5.12572 0.30389 0.00141 21.2915 33.9519 -6.17144 0.2269 210000000000 85800000000
 0.4800   218654 0.4900   227798      1       -1       -1       -1  0 1.55700e+11 1.81100e+11 138.040000 26.790000 52.860000  1 0.4200 115.650000 19.38030 32.60229 42.17844 -110.910 96.690 72.570 -5.925e+10 9.166e+10 6.064e+10 0.07243 367132 367132 675725 4024 36 367079 367138 26.7903 181130000000 181130000000 162060000000 85797000000 0 13.9423 0 0.06784 0.54032 0.29886 36.5666 33.6065 -0.84362 0.68651 0.42214 30.4593 33.1416 8.97433 0.1847 166500000000 143000000000
 0.4700   209522 0.4800   218654      1       -1       -1       -1  0 1.39833e+11 1.04900e+11 115.302000 17.971000 34.540000  1 0.4200 100.710000 19.38352 32.52374 42.14760 -83.880 92.330 84.010 -1.621e+10 7.554e+09 -1.864e+10 0.03698 367133 367133 675725 4019 35 367079 367138 17.971 104860000000 104860000000 104860000000 66731000000 19066000000 20.8105 0 0.03523 0.76487 0.23533 -9.21515 9.90016 6.57343 0.34121 0 -6.49621 7.00326 3.86754 0.1227 139300000000 66730000000
 0.4600   200422 0.4700   209522      1       -1       -1       -1  0 1.01710e+11 1.33500e+11 125.220000 30.992000 38.860000  1 0.4200 103.300000 19.49240 32.50128 42.10174 -93.310 90.590 75.730 -2.271e+10 3.868e+10 7.962e+09 0.03818 367134 367134 675725 8402 34 367079 367138 30.9925 133460000000 133460000000 85797000000 9533000000 0 25.3714 0 0.04197 0.36603 0.08891 68.8187 31.1139 2.55434 0 0 0 0 0 0.1759 150700000000 133500000000
 0.4500   191382 0.4600   200422      1       -1       -1       -1  0 1.01710e+11 6.67300e+10 99.593000 29.588000 30.250000  1 0.4200 81.430000 19.54748 32.45059 42.06525 -89.040 90.790 75.260 -4.735e+09 2.082e+10 -2.910e+09 0.04641 367135 367135 675725 8315 33 367079 367138 29.5883 66731000000 66731000000 9533000000 0 0 47.0503 3.24 0.06366 0.57596 0.45497 18.4531 57.7097 29.4706 0 0 0 0 0 0.2533 142200000000 85800000000
 0.4400   182345 0.4500   191382      1       -1       -1       -1  0 9.05800e+10 1.04900e+11 116.020000 34.988000 27.950000  1 0.4200 95.540000 19.53146 32.38950 41.99813 -77.250 80.000 77.300 -8.467e+09 2.069e+09 -5.173e+09 0.01363 367136 367136 675725 4152 32 367079 367138 34.9877 104860000000 95330000000 95330000000 9533000000 0 9.72745 2.39 0.01424 0.34204 0 -10.3468 25.0342 1.71981 0 0 0 0 0 0.0912 103500000000 133500000000
 0.4300   173339 0.4400   182345      1       -1       -1       -1  1 9.05800e+10 9.05800e+10 110.665000 25.702000 31.110000  1 0.4200 95.390000 19.55117 32.36908 41.97840 -77.250 80.000 77.300 -9.364e+09 -3.091e+09 3.819e+09 0.02774 367137 367137 675725 8715 31 367079 367138 28.6948 90562000000 85797000000 85797000000 23832500000 0 9.88012 1.195 0.02954 0.22575 0 6.13347 16.804 22.9701 0.354245 0.11668 7.23261 6.27233 17.6597 0.11005 101420000000 85815000000
 0.4200   164399 0.4300   173339      0       -1       -1       -1  0 7.62600e+10 7.62600e+10 104.735000 16.417000 33.740000  1 0.4200 95.230000 19.60215 32.28926 41.92894 -69.630 74.360 68.800 -1.026e+10 -8.251e+09 1.281e+10 0.04186 367138 367138 675725 8124 30 367079 367138 16.4166 76264000000 76264000000 76264000000 38132000000 0 10.0328 0 0.04484 0.10946 0 22.6137 8.57384 44.2204 0.70849 0.23336 14.4652 12.5447 35.3194 0.1289 99340000000 38130000000
