 1.0000   679730 0.0000       -1      1       -1       -1       -1  0 7.94400e+11 7.53100e+11 186.132000 25.451000 134.570000  1 0.2100 149.080000 28.96107 33.62737 49.74900 93.780 -153.520 -262.350 -1.962e+11 5.043e+10 1.520e+12 0.05731 245367 245367 679730 5245 88 245366 245446 25.4508 772170000000 1067700000000 600580000000 409920000000 133460000000 23.4174 0 0.05863 0.66601 0.51737 10.551 21.4537 -6.02643 0.43786 0.32004 -2.71316 -9.86813 12.0467 0.5229 818100000000 448100000000
 0.9900   671600 1.0000   679730      1       -1       -1       -1  0 7.94400e+11 7.53100e+11 186.916000 23.565000 135.760000  1 0.2100 151.870000 28.94935 33.61957 49.78445 97.330 -158.290 -260.000 -3.228e+11 2.191e+11 1.518e+12 0.05963 245368 245368 679730 5137 87 245366 245446 23.5649 772170000000 1020000000000 619640000000 419450000000 209730000000 15.3531 3.37 0.06013 0.72045 0.6038 5.17525 23.0677 -3.63524 0.6063 0.37088 -3.61507 18.0947 -7.50506 0.5169 801400000000 419500000000
 0.9800   663183 0.9900   671600      1       -1       -1       -1  0 7.94400e+11 7.81700e+11 190.046000 21.372000 138.730000  1 0.2100 157.860000 28.93412 33.62827 49.81631 100.210 -159.580 -254.540 -7.834e+11 1.940e+11 2.001e+12 0.07719 245369 245369 679730 5161 86 245366 245446 21.3717 810300000000 1039100000000 591050000000 409920000000 200190000000 14.2742 3.36 0.07799 0.74171 0.49956 1.69863 19.3864 -5.01605 0.55102 0.37383 -2.35094 13.6973 -8.30878 0.5212 820700000000 409900000000
 0.9700   654812 0.9800   663183      1       -1       -1       -1  0 7.94400e+11 8.00800e+11 192.377000 26.979000 143.240000  1 0.2100 152.810000 28.91891 33.63520 49.85225 100.920 -164.240 -253.020 -1.093e+12 6.636e+10 2.084e+12 0.07588 245370 245370 679730 4157 85 245366 245446 26.9793 857970000000 1086800000000 571980000000 419450000000 200190000000 25.6735 3.31 0.08201 0.43901 0.40639 3.9196 19.9719 -12.0815 0.4586 0.27851 5.0581 15.7536 -10.6091 0.5642 802300000000 467100000000
 0.9600   646480 0.9700   654812      1       -1       -1       -1  0 7.94400e+11 7.81700e+11 191.629000 22.500000 144.510000  1 0.2100 157.420000 28.90961 33.64621 49.87809 102.270 -164.050 -248.220 -1.135e+12 7.623e+10 2.039e+12 0.07806 245371 245371 679730 5161 84 245366 245446 22.5 819840000000 1048600000000 571980000000 419450000000 247860000000 29.1488 3.45 0.08491 0.37337 0.31426 -2.19819 23.9705 -14.1105 0.24555 0.03873 -1.92591 21.6506 -13.4791 0.5732 781000000000 419500000000
 0.9500   638155 0.9600   646480      1       -1       -1       -1  0 7.94400e+11 7.81700e+11 192.419000 24.027000 141.020000  1 0.2100 155.970000 28.90181 33.66652 49.89997 102.490 -166.650 -244.330 -9.694e+11 6.675e+10 1.802e+12 0.07339 245372 245372 679730 5203 83 245366 245446 24.0273 867500000000 1039100000000 581510000000 428980000000 200190000000 23.4705 3.39 0.07469 0.69864 0.31142 -8.60732 16.6701 -14.1463 0.51973 0.22568 -4.29687 16.036 -10.9423 0.5265 793500000000 429000000000
 0.9400   629840 0.9500   638155      1       -1       -1       -1  0 7.94400e+11 7.81700e+11 193.207000 21.883000 141.290000  1 0.2100 159.620000 28.88322 33.69816 49.91807 91.480 -164.820 -240.050 -1.192e+12 -1.169e+11 2.224e+12 0.09205 245373 245373 679730 5356 82 245366 245446 21.8825 857970000000 991430000000 686380000000 467120000000 162060000000 18.9346 7.67 0.09247 0.81092 0.44516 -5.16096 18.5558 -11.9726 0.57128 0.37051 1.08379 16.0226 -9.25156 0.5197 826100000000 429000000000
 0.9300   621515 0.9400   629840      1       -1       -1       -1  0 7.94400e+11 7.53100e+11 191.599000 22.610000 135.710000  1 0.2100 156.840000 28.86824 33.71091 49.93772 97.060 -170.620 -236.540 -7.860e+11 -1.095e+11 1.846e+12 0.08194 245374 245374 679730 5213 81 245366 245446 22.6101 810300000000 972370000000 686380000000 486180000000 114400000000 14.4734 2.64 0.07853 0.8608 0.53635 15.4405 -4.17223 14.5075 0.73716 0.41061 -0.76307 15.5736 -9.04296 0.4795 836100000000 457600000000
 0.9200   613168 0.9300   621515      1       -1       -1       -1  0 7.94400e+11 7.81700e+11 194.780000 29.640000 135.710000  1 0.2100 151.830000 28.86293 33.74789 49.95815 97.310 -174.020 -235.410 -8.565e+11 -4.759e+11 1.568e+12 0.06996 245375 245375 679730 5228 80 245366 245446 29.6396 848440000000 981900000000 657780000000 476650000000 190660000000 14.701 3.1 0.06813 0.86816 0.572 16.628 -10.5042 17.0797 0.64102 0.55905 -4.78842 17.6711 -12.9058 0.48 824900000000 562400000000
 0.9100   604794 0.9200   613168      1       -1       -1       -1  0 7.94400e+11 8.00800e+11 197.140000 30.179000 140.150000  1 0.2100 153.430000 28.84681 33.77639 49.98524 97.040 -174.870 -234.510 -8.671e+11 -6.635e+11 1.432e+12 0.06285 245376 245376 679730 5406 79 245366 245446 30.1795 800770000000 943770000000 667310000000 467120000000 200190000000 12.5382 0 0.06398 0.71028 0.53465 -13.5634 25.0064 -12.4979 0.45407 0.26447 -8.52207 26.5137 -5.97206 0.513 830600000000 572000000000
 0.9000   596420 0.9100   604794      1       -1       -1       -1  0 7.94400e+11 7.91200e+11 197.139000 21.982000 138.740000  1 0.2100 163.010000 28.83799 33.78383 50.00932 97.920 -172.660 -228.870 -5.982e+11 -5.246e+11 1.043e+12 0.05037 245377 245377 679730 5400 78 245366 245446 21.9823 791240000000 905630000000 667310000000 476650000000 238320000000 7.12363 0 0.04772 0.7736 0.46715 -7.90663 15.5113 -11.826 0.53024 0.36919 -4.51155 16.4839 -7.58522 0.4717 888300000000 381300000000
 0.8900   588006 0.9000   596420      1       -1       -1       -1  0 7.91200e+11 7.91200e+11 197.922000 25.310000 136.310000  1 0.2100 159.110000 28.82933 33.79613 50.04200 95.850 -171.060 -222.420 -6.515e+11 -5.380e+11 9.497e+11 0.04950 245378 245378 679730 5448 77 245366 245446 25.3101 800770000000 877040000000 667310000000 438520000000 219260000000 16.1743 3.51 0.0464 0.70444 0.4378 -5.7425 19.0951 -10.7468 0.65827 0.41509 -3.32816 14.1996 -4.98655 0.4562 856500000000 448100000000
 0.8800   579623 0.8900   588006      1       -1       -1       -1  0 7.88033e+11 7.91200e+11 198.702000 28.294000 134.340000  1 0.2100 156.480000 28.81488 33.83474 50.05715 94.450 -174.210 -219.280 -7.984e+11 -4.439e+11 7.286e+11 0.04412 245379 245379 679730 5429 76 245366 245446 28.2937 810300000000 857970000000 724510000000 505250000000 133460000000 10.5194 5.52 0.04281 0.55448 0.2104 -7.62924 27.5655 -16.3799 0.26866 0.17543 -11.5477 18.9531 -9.54774 0.4649 853800000000 552900000000
 0.8700   571146 0.8800   579623      1       -1       -1       -1  0 7.88033e+11 7.81700e+11 198.675000 29.114000 133.770000  1 0.2100 155.630000 28.80684 33.83436 50.09021 94.050 -168.020 -217.070 -8.700e+11 -5.161e+11 9.188e+11 0.05226 245380 245380 679730 4478 75 245366 245446 29.1137 791240000000 857970000000 686380000000 476650000000 152530000000 27.0497 5.24 0.05128 0.61391 0.36785 0.19571 23.9776 -12.358 0.27633 0.10749 12.2734 10.4572 -8.00277 0.4696 814000000000 543400000000
 0.8600   562685 0.8700   571146      1       -1       -1       -1  0 7.88033e+11 7.91200e+11 200.255000 26.110000 134.330000  1 0.2100 160.310000 28.78517 33.87482 50.11156 94.280 -173.350 -214.660 -8.795e+11 -4.360e+11 5.178e+11 0.04219 245381 245381 679730 5533 74 245366 245446 26.1102 800770000000 867500000000 714970000000 524310000000 104860000000 16.6392 2.46 0.04097 0.61364 0.35614 -0.16878 24.2331 -16.783 0.38621 0.19777 -9.02175 -15.3 15.6788 0.4622 830000000000 514800000000
 0.8500   554248 0.8600   562685      1       -1       -1       -1  0 7.88033e+11 7.91200e+11 201.027000 24.264000 134.770000  1 0.2100 163.410000 28.75877 33.88925 50.15587 95.190 -170.900 -213.290 -7.713e+11 -5.524e+11 8.139e+11 0.04850 245382 245382 679730 5515 73 245366 245446 24.2636 810300000000 857970000000 676840000000 505250000000 133460000000 18.8866 0 0.04632 0.66776 0.39326 -3.93948 29.3222 -15.357 0.8917 0.46456 11.8285 15.5527 -13.6652 0.455 806000000000 476600000000
 0.8400   545745 0.8500   554248      1       -1       -1       -1  0 7.68967e+11 7.81700e+11 200.982000 24.029000 132.650000  1 0.2100 163.720000 28.74816 33.90958 50.18779 97.550 -168.280 -207.720 -7.977e+11 -9.033e+11 7.493e+11 0.05781 245383 245383 679730 5559 72 245366 245446 24.0293 781710000000 848440000000 648240000000 467120000000 171590000000 21.0905 0 0.05388 0.71604 0.46069 -4.27024 23.9916 -10.7132 0.85695 0.50737 17.7706 6.15072 -3.50569 0.4336 819200000000 457600000000
 0.8300   537227 0.8400   545745      1       -1       -1       -1  0 7.56267e+11 7.34000e+11 197.558000 22.220000 132.080000  1 0.2100 163.020000 28.73150 33.95906 50.20701 95.370 -169.080 -203.510 -5.062e+11 -6.138e+11 5.725e+11 0.04627 245384 245384 679730 5563 71 245366 245446 22.2205 734040000000 886570000000 686380000000 571980000000 142990000000 8.01916 0 0.0415 0.6489 0.41592 -9.64153 28.4632 -20.5502 0.78686 0.33749 -8.83637 22.8871 -16.8741 0.4207 870900000000 438500000000
 0.8200   528633 0.8300   537227      1       -1       -1       -1  0 7.46733e+11 7.53100e+11 200.004000 22.906000 132.720000  1 0.2100 164.490000 28.70531 33.95240 50.25681 99.790 -166.780 -200.810 -7.365e+11 -7.041e+11 5.221e+11 0.04887 245385 245385 679730 4554 70 245366 245446 22.9063 753110000000 848440000000 648240000000 457580000000 142990000000 29.7813 2.57 0.04664 0.70892 0.49741 4.93362 19.0376 -13.8047 0.43523 0.33971 14.3078 8.46963 -5.3667 0.4486 786200000000 429000000000
 0.8100   519989 0.8200   528633      1       -1       -1       -1  0 7.46733e+11 7.34000e+11 199.042000 19.396000 133.290000  1 0.2100 169.620000 28.71508 33.99887 50.28271 96.220 -169.790 -196.800 -6.715e+11 -5.088e+11 5.139e+11 0.04627 245386 245386 679730 5671 69 245366 245446 19.3956 734040000000 867500000000 629180000000 524310000000 276460000000 25.4034 0 0.04214 0.81181 0.46535 31.4888 -6.7752 3.60985 0.34577 0.14863 29.1996 7.5354 -8.24322 0.429 801300000000 362300000000
 0.8000   511309 0.8100   519989      1       -1       -1       -1  0 7.46733e+11 7.53100e+11 201.493000 23.824000 133.700000  1 0.2100 164.830000 28.67771 34.02051 50.30613 98.200 -164.690 -193.570 -6.487e+11 -4.312e+11 -3.075e+10 0.03546 245387 245387 679730 4628 68 245366 245446 23.8236 753110000000 829370000000 648240000000 543380000000 181130000000 18.7371 2.48 0.03203 0.85623 0.69049 25.818 3.2356 -14.8352 0.67798 0.16148 -17.5706 1.05074 18.6671 0.4189 828600000000 457600000000
 0.7900   502671 0.8000   511309      1       -1       -1       -1  0 7.40400e+11 7.53100e+11 202.232000 17.746000 132.750000  1 0.2100 176.810000 28.66364 34.07217 50.32905 94.320 -167.290 -192.600 -7.713e+11 -5.217e+11 1.842e+11 0.04444 245388 245388 679730 5659 67 245366 245446 17.7458 753110000000 819840000000 676840000000 486180000000 200190000000 12.1674 0 0.03918 0.92919 0.42865 24.8243 4.93287 -13.5137 0.85226 0.39646 -10.6555 -13.4215 17.0114 0.4026 846500000000 390900000000
 0.7800   494040 0.7900   502671      1       -1       -1       -1  0 7.30867e+11 7.15000e+11 199.482000 18.518000 129.770000  1 0.2100 172.300000 28.63880 34.09593 50.38542 97.930 -165.150 -188.200 -6.665e+11 -5.704e+11 -2.349e+11 0.04749 245389 245389 679730 4675 66 245366 245446 18.5182 714970000000 800770000000 686380000000 514780000000 162060000000 19.2964 0 0.04106 0.88241 0.4461 23.9497 9.17877 -22.24 0.75846 0.35455 -20.8079 -12.688 20.9934 0.3881 810500000000 381300000000
 0.7700   485355 0.7800   494040      1       -1       -1       -1  0 7.11800e+11 7.24500e+11 201.086000 19.266000 127.060000  1 0.2100 172.620000 28.62824 34.13364 50.39696 94.800 -166.530 -185.990 -5.342e+11 -3.556e+11 -1.328e+11 0.03443 245390 245390 679730 5732 65 245366 245446 19.2658 724510000000 753110000000 657780000000 524310000000 171590000000 15.7961 0 0.02912 0.84359 0.45549 -6.29572 -12.8189 14.7632 0.70092 0.42578 -9.39944 -11.3883 12.8183 0.3643 804300000000 400400000000
 0.7600   476653 0.7700   485355      1       -1       -1       -1  0 7.08600e+11 6.95900e+11 199.112000 22.065000 126.800000  1 0.2100 165.750000 28.60760 34.16954 50.42147 92.940 -167.930 -181.830 -4.266e+11 -2.274e+11 -1.023e+10 0.02711 245391 245391 679730 5755 64 245366 245446 22.0646 695910000000 762640000000 657780000000 505250000000 190660000000 16.1491 0 0.02308 0.81074 0.42839 -9.03743 -13.5155 17.2611 0.71047 0.32858 -7.17423 -6.7429 16.7797 0.371 769000000000 419500000000
 0.7500   467923 0.7600   476653      1       -1       -1       -1  0 6.92700e+11 7.05400e+11 200.723000 23.313000 122.760000  1 0.2100 165.680000 28.58554 34.19072 50.45757 90.460 -167.120 -179.170 -4.131e+11 -2.319e+11 -3.856e+10 0.02559 245392 245392 679730 5772 63 245366 245446 23.3128 705440000000 743570000000 676840000000 495720000000 142990000000 7.88915 0 0.02229 0.5089 0.28662 7.71183 24.5939 -21.1751 0.6458 0.32477 2.88127 21.9811 -14.5051 0.3642 745400000000 419500000000
 0.7400   459113 0.7500   467923      1       -1       -1       -1  0 6.92700e+11 6.76800e+11 198.664000 33.591000 118.880000  1 0.2100 153.250000 28.58430 34.25143 50.46424 92.900 -171.670 -175.490 -3.387e+11 -4.120e+10 2.361e+11 0.02311 245393 245393 679730 5776 62 245366 245446 33.5906 676840000000 724510000000 591050000000 390850000000 142990000000 42.8535 2.6 0.02095 0.41199 0.29219 15.3501 6.155 -13.2085 0.33695 0.11148 -11.0104 -2.72074 12.669 0.3718 665000000000 514800000000
 0.7300   450287 0.7400   459113      1       -1       -1       -1  0 6.80000e+11 6.95900e+11 201.205000 32.292000 115.420000  1 0.2100 156.800000 28.55275 34.27932 50.51896 88.220 -168.520 -173.240 -3.781e+11 -1.784e+10 2.391e+11 0.02507 245394 245394 679730 4747 61 245366 245446 32.2923 695910000000 743570000000 610110000000 457580000000 190660000000 21.1712 0 0.0217 0.81609 0.60362 17.4851 4.48962 -16.5205 0.57325 0.1977 -9.15504 -3.93331 19.6541 0.3317 702100000000 514800000000
 0.7200   441439 0.7300   450287      1       -1       -1       -1  0 6.73667e+11 6.67300e+11 199.089000 30.066000 109.790000  1 0.2100 157.060000 28.50326 34.31412 50.56283 87.200 -169.360 -169.120 -3.619e+11 1.275e+11 3.725e+11 0.03186 245395 245395 679730 5844 60 245366 245446 30.0655 667310000000 686380000000 619640000000 428980000000 133460000000 21.3482 0 0.02794 0.9125 0.69673 8.6868 -10.6168 24.8034 0.51278 0.29523 -13.0973 -8.44629 27.8332 0.3195 661600000000 467100000000
 0.7100   432520 0.7200   441439      1       -1       -1       -1  0 6.54600e+11 6.57800e+11 198.806000 27.315000 104.720000  1 0.2100 159.850000 28.50024 34.35707 50.58576 93.560 -172.380 -162.780 -2.327e+11 3.531e+11 4.407e+11 0.03835 245396 245396 679730 4788 59 245366 245446 27.3147 657780000000 686380000000 591050000000 371790000000 142990000000 16.6246 2.68 0.03285 0.80401 0.4307 26.9954 -16.9459 14.0969 0.3201 0.24044 -5.15864 -5.12416 30.5779 0.2869 712300000000 390900000000
 0.7000   423540 0.7100   432520      1       -1       -1       -1  0 6.41900e+11 6.38700e+11 197.524000 29.663000 102.400000  1 0.2100 156.600000 28.49701 34.39896 50.61977 95.430 -173.540 -157.840 -1.461e+11 3.733e+11 5.498e+11 0.04496 245397 245397 679730 5789 58 245366 245446 29.6633 638710000000 657780000000 610110000000 438520000000 28599000000 16.5872 2.73 0.03865 0.6109 0.33111 32.5109 -14.2742 9.32218 0.54327 0.19982 23.6008 0.02454 9.89549 0.2777 665300000000 467100000000
 0.6900   414545 0.7000   423540      1       -1       -1       -1  0 6.29167e+11 6.29200e+11 197.185000 26.953000 103.210000  1 0.2100 159.390000 28.45714 34.43496 50.64420 92.740 -171.140 -155.760 -6.417e+10 4.384e+11 5.827e+11 0.05129 245398 245398 679730 5889 57 245366 245446 26.9532 629180000000 638710000000 600580000000 409920000000 123930000000 23.2595 0 0.04287 0.80417 0.32652 35.4776 -6.02943 -0.76988 0.31233 0.12779 32.5467 3.26558 -19.6359 0.2682 676400000000 400400000000
 0.6800   405542 0.6900   414545      1       -1       -1       -1  0 6.22800e+11 6.19600e+11 196.823000 22.334000 107.110000  1 0.2100 165.480000 28.43083 34.47704 50.68737 90.530 -167.700 -153.180 -1.273e+09 4.298e+11 5.074e+11 0.04896 245399 245399 679730 5835 56 245366 245446 22.3337 619640000000 638710000000 600580000000 514780000000 114400000000 15.9521 0 0.04018 0.792 0.23473 32.5843 -2.23772 -6.18485 0.42917 0.09265 23.9862 11.5567 -19.4281 0.2739 709900000000 352700000000
 0.6700   396543 0.6800   405542      1       -1       -1       -1  0 6.13267e+11 6.19600e+11 197.457000 17.646000 107.620000  1 0.2100 175.490000 28.41923 34.51299 50.73495 87.930 -166.610 -150.560 -1.443e+09 4.257e+11 5.009e+11 0.04973 245400 245400 679730 5890 55 245366 245446 17.6456 619640000000 629180000000 600580000000 543380000000 19066000000 4.66578 1.26 0.03995 0.68936 0.22676 42.5495 -19.3003 -1.68781 0.53363 0.07249 41.7541 -10.1454 -10.9143 0.2662 785200000000 276500000000
 0.6600   387615 0.6700   396543      1       -1       -1       -1  0 6.06933e+11 6.00600e+11 196.031000 15.798000 111.450000  1 0.2100 179.070000 28.38147 34.55811 50.77503 84.460 -164.670 -148.060 1.869e+10 4.159e+11 4.859e+11 0.05295 245401 245401 679730 3303 54 245366 245446 15.7984 600580000000 629180000000 600580000000 533850000000 0 15.5092 0 0.04121 0.7836 0.39514 41.0367 -9.27537 -5.64997 0.60324 0.24139 40.4587 4.03229 -16.7062 0.2696 788600000000 247900000000
 0.6500   378583 0.6600   387615      1       -1       -1       -1  0 6.00600e+11 6.00600e+11 196.646000 13.662000 115.710000  1 0.2100 186.980000 28.37536 34.61348 50.81048 81.560 -162.360 -145.850 1.819e+10 4.108e+11 4.785e+11 0.05368 245402 245402 679730 8106 53 245366 245446 13.6619 600580000000 619640000000 591050000000 552910000000 104860000000 7.17709 0 0.04088 0.7411 0.65835 24.6491 -4.63218 0.85707 0.71876 0.53408 23.342 -2.21301 -4.58877 0.2754 838700000000 171600000000
 0.6400   369507 0.6500   378583      1       -1       -1       -1  0 6.00600e+11 6.00600e+11 197.253000 14.672000 116.940000  1 0.2100 184.920000 28.35058 34.67245 50.84884 78.570 -160.120 -143.480 1.770e+10 4.042e+11 4.689e+11 0.05164 245403 245403 679730 8116 52 245366 245446 14.6719 610110000000 619640000000 591050000000 495720000000 266920000000 21.2062 0 0.04038 0.80717 0.64382 37.5338 7.03369 -9.82977 0.63836 0.38744 30.3384 13.7983 -23.0104 0.2904 739600000000 266900000000
 0.6300   360397 0.6400   369507      1       -1       -1       -1  0 6.00600e+11 6.00600e+11 197.854000 17.980000 115.610000  1 0.2100 177.300000 28.33970 34.70178 50.88976 75.460 -157.910 -140.940 1.753e+10 3.956e+11 4.584e+11 0.05010 245404 245404 679730 3843 51 245366 245446 17.9805 600580000000 619640000000 581510000000 486180000000 209730000000 11.9362 0 0.03975 0.53344 0.27028 35.6967 -0.38 -11.7825 0.22277 0.15287 35.7941 5.16454 -18.5219 0.292 673000000000 305100000000
 0.6200   351294 0.6300   360397      1       -1       -1       -1  0 6.00600e+11 6.00600e+11 198.447000 20.452000 108.290000  1 0.2100 173.460000 28.29416 34.74709 50.93562 71.180 -155.690 -137.650 1.206e+10 3.148e+11 4.753e+11 0.04750 245405 245405 679730 3831 50 245366 245446 20.4515 600580000000 619640000000 581510000000 448050000000 181130000000 13.1998 0 0.03766 0.5705 0.26074 31.6315 1.29743 -8.26437 0.36637 0.1288 23.2618 15.8387 -12.1314 0.2664 609600000000 295500000000
 0.6100   342164 0.6200   351294      1       -1       -1       -1  0 5.75167e+11 6.00600e+11 199.033000 25.101000 101.220000  1 0.2100 167.420000 28.30196 34.78729 50.97145 66.960 -152.350 -134.930 7.424e+10 2.257e+11 5.545e+11 0.04825 245406 245406 679730 3871 49 245366 245446 25.1014 600580000000 619640000000 562450000000 324120000000 200190000000 12.4819 2.59 0.04011 0.53541 0.2424 37.3468 -7.30056 -6.63186 0.50651 0.27596 16.0885 13.5836 -15.5161 0.2588 566200000000 314600000000
 0.6000   333023 0.6100   342164      1       -1       -1       -1  0 5.17967e+11 5.24300e+11 190.777000 20.567000 97.420000  1 0.2100 166.400000 28.31394 34.82652 51.01553 56.430 -140.010 -134.290 5.960e+10 1.208e+10 5.283e+11 0.05259 245407 245407 679730 4910 48 245366 245446 20.5673 524310000000 562450000000 409920000000 295520000000 171590000000 17.937 0 0.04463 0.67463 0.28661 28.2172 -5.67886 -4.1274 0.7719 0.34058 -9.47719 -11.7474 15.3255 0.2675 511800000000 266900000000
 0.5900   323852 0.6000   333023      1       -1       -1       -1  0 4.54400e+11 4.29000e+11 178.943000 19.048000 87.420000  1 0.2100 157.150000 28.29570 34.87624 51.06447 45.100 -140.220 -136.120 1.186e+11 2.937e+10 2.679e+11 0.04230 245408 245408 679730 3930 47 245366 245446 19.0483 428980000000 457580000000 381320000000 276460000000 162060000000 5.95606 4.76 0.03477 0.68528 0.39279 29.7543 1.38149 -13.4705 0.74204 0.32965 12.6812 16.3769 -14.0934 0.2351 493600000000 228800000000
 0.5800   314607 0.5900   323852      1       -1       -1       -1  0 3.90867e+11 4.09900e+11 176.746000 31.770000 78.740000  1 0.2100 141.460000 28.29342 34.90579 51.10889 43.470 -134.490 -133.840 9.933e+10 6.452e+10 3.106e+11 0.04901 245409 245409 679730 3911 46 245366 245446 31.7702 409920000000 419450000000 352720000000 247860000000 47665000000 20.856 3.67 0.04265 0.91666 0.41771 -5.41448 30.5247 -11.0017 0.04991 0.01036 19.1042 39.8864 -13.4032 0.2231 447700000000 276500000000
 0.5700   305373 0.5800   314607      1       -1       -1       -1  0 3.52733e+11 3.33700e+11 165.480000 32.717000 71.450000  1 0.2100 131.210000 28.30792 34.97483 51.14500 38.410 -130.180 -130.820 -1.236e+10 1.807e+11 2.246e+11 0.06064 245410 245410 679730 3922 45 245366 245446 32.7172 333650000000 352720000000 285990000000 181130000000 66731000000 39.493 0 0.05255 0.80782 0.24761 14.9468 21.8692 -12.3791 0.50199 0.10135 6.07414 22.2117 -3.10647 0.2055 408600000000 247900000000
 0.5600   296124 0.5700   305373      1       -1       -1       -1  0 3.36833e+11 3.14600e+11 162.705000 26.423000 67.790000  1 0.2100 133.590000 28.27478 35.03204 51.19976 33.240 -129.000 -129.780 3.913e+10 1.532e+11 1.423e+11 0.05046 245411 245411 679730 3945 44 245366 245446 26.4234 314590000000 324120000000 295520000000 209730000000 38132000000 22.1933 0 0.04306 0.74196 0.28894 32.2086 -9.66174 -11.9976 0.79355 0.31548 22.2948 11.202 -15.7123 0.1858 376500000000 219300000000
 0.5500   286880 0.5600   296124      1       -1       -1       -1  0 3.36833e+11 3.24100e+11 164.767000 31.778000 68.620000  1 0.2100 132.400000 28.25185 35.06797 51.24954 33.670 -124.540 -126.890 2.386e+10 1.791e+11 1.925e+11 0.05979 245412 245412 679730 3907 43 245366 245446 31.7781 324120000000 324120000000 295520000000 190660000000 19066000000 14.4531 0 0.05124 0.43362 0.11355 38.6863 0.30919 -3.93345 0.0523 0.01213 48.0428 0.72977 -1.39339 0.1844 367800000000 257400000000
 0.5400   277665 0.5500   286880      1       -1       -1       -1  0 3.36833e+11 3.52700e+11 169.918000 17.619000 67.080000  1 0.2100 153.730000 28.25475 35.10344 51.32187 31.290 -119.040 -129.740 9.545e+10 1.707e+11 2.733e+11 0.06787 245413 245413 679730 3906 42 245366 245446 17.6191 352720000000 352720000000 247860000000 162060000000 133460000000 27.2128 9.67 0.0571 0.47371 0.31723 23.5865 -5.36113 -15.4266 0.45659 0.20798 18.1711 -6.47731 -12.2932 0.167 327600000000 152500000000
 0.5300   268417 0.5400   277665      1       -1       -1       -1  0 3.36833e+11 2.86000e+11 158.848000 23.669000 66.420000  1 0.2100 134.480000 28.22916 35.15652 51.34090 30.540 -115.380 -126.680 -1.134e+10 6.016e+10 1.364e+11 0.04285 245414 245414 679730 3883 41 245366 245446 23.6695 285990000000 324120000000 276460000000 181130000000 0 13.4502 0 0.03634 0.36742 0.22069 12.1072 -7.62678 33.6118 0.31032 0.05031 9.78882 -10.6258 29.3243 0.1785 324300000000 181100000000
 0.5200   259187 0.5300   268417      1       -1       -1       -1  0 3.36833e+11 3.52700e+11 170.774000 30.572000 65.050000  1 0.2100 141.070000 28.21785 35.19926 51.39857 30.100 -115.690 -122.710 1.267e+11 7.316e+10 2.657e+11 0.06005 245415 245415 679730 2812 40 245366 245446 30.572 352720000000 352720000000 238320000000 190660000000 57198000000 13.7592 2.85 0.05238 0.56493 0.26706 28.1831 -7.81052 -4.04459 0.76268 0.4466 20.6779 -4.7642 -5.90009 0.1578 301100000000 209700000000
 0.5100   249907 0.5200   259187      1       -1       -1       -1  0 3.36833e+11 3.33700e+11 168.047000 40.632000 61.220000  1 0.2100 134.240000 28.21745 35.25415 51.45083 27.420 -112.450 -120.430 1.141e+11 5.705e+10 1.897e+11 0.05010 245416 245416 679730 2770 39 245366 245446 40.6321 333650000000 333650000000 257390000000 181130000000 28599000000 22.3995 1.51 0.04369 0.64821 0.34704 24.0391 -11.322 -13.8001 0.62832 0.0652 -7.28202 15.851 12.3202 0.1425 283700000000 324100000000
 0.5000   240731 0.5100   249907      1       -1       -1       -1  0 3.20967e+11 3.24100e+11 166.826000 34.353000 62.450000  1 0.2100 136.760000 28.18224 35.30613 51.50718 27.310 -110.530 -113.890 1.213e+11 8.884e+10 1.286e+11 0.04704 245417 245417 679730 2779 38 245366 245446 34.3534 324120000000 324120000000 305060000000 209730000000 0 14.4889 0.8 0.04002 0.27232 0.19713 36.1914 -19.4946 -15.701 0.14756 0 32.6736 -18.4034 -18.7383 0.1412 284000000000 257400000000
 0.4900   231541 0.5000   240731      1       -1       -1       -1  0 3.05067e+11 3.05100e+11 163.867000 21.100000 63.890000  1 0.2100 146.130000 28.17695 35.33931 51.56536 27.700 -108.900 -112.310 6.880e+10 1.382e+11 1.033e+11 0.05077 245418 245418 679730 3882 37 245366 245446 21.1004 305060000000 305060000000 295520000000 238320000000 57198000000 8.09911 0 0.04194 0.38989 0.11412 26.0359 -16.9699 -1.7802 0 0 5.27954 1.62888 -5.10406 0.1399 304200000000 200200000000
 0.4800   222393 0.4900   231541      1       -1       -1       -1  0 3.05067e+11 2.86000e+11 160.741000 15.260000 67.350000  1 0.2100 153.950000 28.14961 35.40176 51.61051 27.220 -107.120 -107.650 7.526e+10 9.413e+10 6.806e+10 0.04459 245419 245419 679730 3902 36 245366 245446 15.2602 285990000000 285990000000 276460000000 238320000000 28599000000 11.5549 0 0.03513 0.44469 0.14094 37.5516 -14.3507 6.61376 0.35061 0.10482 37.0402 -18.78 8.82869 0.1453 324800000000 123900000000
 0.4700   213260 0.4800   222393      1       -1       -1       -1  0 3.05067e+11 3.05100e+11 164.597000 16.377000 71.690000  1 0.2100 157.120000 28.11395 35.43485 51.67026 26.380 -107.290 -100.540 4.116e+10 1.283e+11 6.363e+10 0.04353 245420 245420 679730 3878 35 245366 245446 16.3773 305060000000 305060000000 305060000000 219260000000 47665000000 9.59214 0 0.03429 0.67271 0.41498 33.8673 -5.73678 7.21895 0.60238 0.33738 33.9549 -8.4965 10.301 0.154 312300000000 162100000000
 0.4600   204137 0.4700   213260      1       -1       -1       -1  0 3.05067e+11 3.14600e+11 166.649000 12.911000 71.670000  1 0.2100 170.010000 28.12113 35.49790 51.72286 26.070 -103.910 -97.550 3.769e+10 1.341e+11 7.405e+10 0.04600 245421 245421 679730 8001 34 245366 245446 12.9108 314590000000 314590000000 285990000000 228790000000 162060000000 14.2727 0 0.03482 0.42959 0.35321 26.4489 -8.08957 18.8226 0.31224 0.1316 22.2085 -7.22646 22.2671 0.1415 352800000000 152500000000
 0.4500   195081 0.4600   204137      1       -1       -1       -1  0 2.98700e+11 2.95500e+11 163.550000 16.021000 70.910000  1 0.2100 159.110000 28.11047 35.54178 51.78426 25.800 -97.190 -93.690 -8.894e+09 1.067e+11 6.537e+10 0.04184 245422 245422 679730 7930 33 245366 245446 16.0206 295520000000 295520000000 266920000000 238320000000 95330000000 18.3821 0 0.03104 0.63117 0.55205 23.4553 7.05173 8.70229 0.48138 0.41916 21.1514 8.13851 10.6978 0.1368 326400000000 162100000000
 0.4400   186023 0.4500   195081      1       -1       -1       -1  0 2.82800e+11 2.86000e+11 162.097000 13.199000 65.500000  1 0.2100 166.010000 28.07662 35.58593 51.83879 24.170 -95.780 -90.200 -2.815e+10 9.969e+10 4.216e+10 0.03931 245423 245423 679730 3810 32 245366 245446 13.1995 285990000000 285990000000 276460000000 209730000000 95330000000 15.8993 0 0.02952 0.51875 0.41787 24.8747 -12.9313 8.00132 0.48725 0.15635 26.07 -12.8894 8.60357 0.1244 326400000000 95330000000
 0.4300   177010 0.4400   186023      1       -1       -1       -1  0 2.66933e+11 2.66900e+11 158.720000 17.371000 63.790000  1 0.2100 153.260000 28.09151 35.64587 51.89675 25.370 -91.490 -88.270 2.111e+10 6.015e+10 3.531e+10 0.02700 245424 245424 679730 7872 31 245366 245446 17.3714 266920000000 266920000000 266920000000 219260000000 19066000000 21.2939 0 0.02181 0.82156 0.29187 36.1658 -1.48945 9.01908 0.73808 0.14362 38.5724 -0.0648 2.89274 0.1392 287200000000 114400000000
 0.4200   168033 0.4300   177010      1       -1       -1       -1  0 2.51033e+11 2.47900e+11 155.138000 19.065000 55.330000  1 0.2100 147.580000 28.06786 35.70255 51.95119 23.170 -88.170 -87.130 1.579e+09 6.146e+10 3.703e+10 0.03025 245425 245425 679730 7806 30 245366 245446 19.0646 247860000000 247860000000 247860000000 200190000000 0 16.2176 0 0.02457 0.63024 0.21173 33.1546 -16.2367 28.8719 0.40281 0.28476 3.74438 30.1085 -22.941 0.1126 254500000000 133500000000
 0.4100   159156 0.4200   168033      1       -1       -1       -1  0 2.31967e+11 2.38300e+11 153.401000 21.966000 49.200000  1 0.2100 143.050000 28.03019 35.75235 51.99028 22.430 -86.520 -82.460 -7.519e+09 5.581e+10 3.601e+10 0.03039 245426 245426 679730 7876 29 245366 245446 21.9662 238320000000 238320000000 228790000000 162060000000 57198000000 11.6463 0 0.0247 0.48902 0.35181 23.763 -16.9991 26.0435 0.5848 0.20484 20.3132 -17.665 16.1157 0.0928 226000000000 133500000000
 0.4000   150367 0.4100   159156      1       -1       -1       -1  0 2.28833e+11 2.09700e+11 147.259000 15.538000 49.130000  1 0.2100 147.390000 28.02531 35.80553 52.05327 19.820 -80.790 -79.220 6.259e+09 5.376e+10 2.617e+10 0.03629 245427 245427 679730 3820 28 245366 245446 15.5376 209730000000 209730000000 200190000000 162060000000 66731000000 4.36313 0 0.02781 0.18824 0.10096 36.8611 1.44091 18.6988 0.2549 0.00513 19.5193 -1.50763 8.2709 0.0822 218500000000 104900000000
 0.3900   141685 0.4000   150367      1       -1       -1       -1  0 2.28833e+11 2.09700e+11 147.507000 12.216000 54.310000  1 0.2100 157.650000 28.02029 35.86687 52.11673 19.940 -78.890 -76.540 2.371e+09 4.392e+10 4.156e+10 0.03823 245428 245428 679730 3635 27 245366 245446 12.2155 209730000000 190660000000 171590000000 162060000000 66731000000 12.9136 2.73 0.02832 0.48859 0.31831 15.4678 2.9689 9.24458 0.42899 0.15231 19.1676 4.05358 10.3005 0.0911 251400000000 95330000000
 0.3800   133213 0.3900   141685      1       -1       -1       -1  0 2.28833e+11 2.19300e+11 149.952000 16.562000 53.250000  1 0.2100 151.720000 28.01442 35.89630 52.15555 17.010 -75.800 -73.670 1.499e+10 4.275e+10 3.797e+09 0.02525 245429 245429 679730 3559 26 245366 245446 16.5619 219260000000 219260000000 190660000000 152530000000 57198000000 18.2746 0 0.02 0.62322 0.22456 19.9172 1.49277 9.29093 0.65861 0.09313 18.2301 6.68528 9.12899 0.0952 199800000000 114400000000
 0.3700   124716 0.3800   133213      1       -1       -1       -1  0 2.28833e+11 2.19300e+11 150.185000 16.278000 52.000000  1 0.2100 154.260000 27.99864 35.96820 52.23524 16.050 -68.800 -70.180 -1.290e+10 2.632e+10 2.702e+10 0.02175 245430 245430 679730 7531 25 245366 245446 16.2785 219260000000 219260000000 190660000000 152530000000 9533000000 10.0724 0 0.01776 0.54891 0.29616 -6.57929 -1.86299 39.6385 0.19204 0.08179 -11.8498 -6.22495 42.1502 0.0975 223800000000 114400000000
 0.3600   116236 0.3700   124716      1       -1       -1       -1  0 2.25633e+11 2.47900e+11 156.682000 35.501000 46.440000  1 0.2100 143.680000 27.99648 36.00290 52.27174 12.380 -66.600 -70.440 -7.358e+09 3.049e+10 3.016e+10 0.01861 245431 245431 679730 3669 24 245366 245446 35.5006 247860000000 247860000000 190660000000 123930000000 66731000000 8.98471 0 0.01601 0.48647 0.22797 33.8795 -18.561 30.2086 0.44683 0.20984 19.2509 24.9717 6.00323 0.0791 208300000000 209700000000
 0.3500   107910 0.3600   116236      1       -1       -1       -1  0 2.22433e+11 2.09700e+11 148.407000 24.787000 42.120000  1 0.2100 143.800000 27.97977 36.06306 52.32986 11.670 -58.890 -69.100 3.093e+09 2.452e+10 1.857e+10 0.01808 245432 245432 679730 3585 23 245366 245446 24.7867 209730000000 190660000000 190660000000 123930000000 0 9.32132 4.37 0.01522 0.28555 0.17032 35.5014 5.22341 8.14005 0.30715 0.03437 28.2237 3.52688 3.93188 0.0643 202300000000 143000000000
 0.3400    99757 0.3500   107910      1       -1       -1       -1  0 2.09700e+11 2.09700e+11 148.608000 26.541000 43.010000  1 0.2100 144.270000 27.94621 36.12535 52.37445 10.270 -59.830 -65.990 -8.287e+09 1.748e+10 1.618e+10 0.01489 245433 245433 679730 3467 22 245366 245446 26.541 209730000000 209730000000 200190000000 133460000000 0 17.2071 0 0.0126 0.85563 0.3459 40.6837 6.55402 7.61186 0.33012 0.04468 45.8451 -9.6051 19.7831 0.0681 183600000000 162100000000
 0.3300    91852 0.3400    99757      1       -1       -1       -1  0 2.09700e+11 2.09700e+11 148.800000 15.719000 45.790000  1 0.2100 161.380000 27.96072 36.15523 52.46684 9.910 -56.670 -65.480 8.276e+09 2.607e+10 1.401e+10 0.01949 245434 245434 679730 3395 21 245366 245446 15.7193 209730000000 209730000000 209730000000 152530000000 28599000000 16.0063 0 0.01557 0.50949 0.29757 29.3122 23.0418 -7.22045 0.2566 0.09196 41.423 15.6653 0.41514 0.0646 218400000000 76260000000
 0.3200    84084 0.3300    91852      1       -1       -1       -1  0 2.03367e+11 2.09700e+11 148.983000 16.280000 48.490000  1 0.2100 162.600000 27.94881 36.20086 52.50831 9.470 -54.630 -62.700 6.678e+09 2.431e+10 1.403e+10 0.01909 245435 245435 679730 3287 20 245366 245446 16.2801 209730000000 209730000000 209730000000 133460000000 47665000000 13.6645 0 0.01484 0.51927 0.25106 18.8748 20.7696 8.98348 0.36762 0.0268 17.6223 24.933 10.2617 0.0687 200400000000 123900000000
 0.3100    76563 0.3200    84084      1       -1       -1       -1  0 1.97033e+11 1.90700e+11 144.492000 9.805000 49.530000  1 0.2100 179.050000 27.94853 36.25857 52.58757 13.290 -50.170 -60.940 -1.668e+10 2.218e+10 1.405e+10 0.02594 245436 245436 679730 3172 19 245366 245446 9.80481 190660000000 190660000000 190660000000 133460000000 66731000000 9.68569 0 0.01904 0.55225 0.26055 19.1139 10.5205 -0.37336 0.34993 0.07774 23.229 12.1734 -0.45894 0.0678 203800000000 57200000000
 0.3000    69263 0.3100    76563      1       -1       -1       -1  0 1.90700e+11 1.90700e+11 144.650000 48.497000 41.230000  1 0.2100 138.750000 27.92108 36.34334 52.61671 8.940 -54.740 -55.260 2.361e+10 -6.940e+09 5.457e+09 0.01794 245437 245437 679730 6058 18 245366 245446 48.4973 190660000000 152530000000 152530000000 104860000000 19066000000 20.7584 0 0.01567 0.59245 0.02391 2.60901 29.4917 -9.79498 0.65971 0.01009 5.26862 21.6225 -5.34663 0.0702 162500000000 228800000000
 0.2900    62218 0.3000    69263      1       -1       -1       -1  0 1.84333e+11 1.90700e+11 144.800000 42.639000 35.940000  1 0.2100 142.300000 27.90783 36.39830 52.66900 11.810 -51.930 -52.740 1.402e+09 2.689e+09 2.202e+09 0.00253 245438 245438 679730 5736 17 245366 245446 42.6387 190660000000 162060000000 162060000000 57198000000 0 31.6363 1.65 0.00237 0.50493 0.22509 16.1707 57.8085 -32.3897 0.42924 0.08238 -16.6464 -3.68657 38.1889 0.0619 162400000000 190700000000
 0.2800    55448 0.2900    62218      1       -1       -1       -1  0 1.65233e+11 1.71600e+11 139.939000 29.197000 30.310000  1 0.2100 144.930000 27.89466 36.44406 52.74177 11.530 -51.270 -48.360 -4.777e+09 -4.493e+09 1.022e+10 0.00968 245439 245439 679730 2740 16 245366 245446 29.1966 171590000000 171590000000 171590000000 0 0 10.4217 0 0.0093 0.66799 0.08263 15.1822 66.1794 -19.6706 0 0 0 0 0 0.0543 155500000000 133500000000
 0.2700    49024 0.2800    55448      1       -1       -1       -1  0 1.65233e+11 1.23900e+11 125.668000 22.623000 28.340000  1 0.2100 135.170000 27.88656 36.49186 52.80961 6.970 -44.740 -49.760 -6.644e+09 -1.364e+10 1.301e+10 0.02757 245440 245440 679730 2571 15 245366 245446 22.623 123930000000 123930000000 123930000000 0 0 18.6068 0 0.02681 0.37489 0.09544 -1.73822 70.6328 -16.3671 0 0 0 0 0 0.0451 154700000000 76260000000
 0.2600    42925 0.2700    49024      1       -1       -1       -1  0 1.65233e+11 1.71600e+11 140.186000 47.649000 35.100000  1 0.2100 143.520000 27.86823 36.56089 52.85388 6.660 -40.260 -45.600 -6.977e+09 -2.037e+10 1.055e+10 0.01957 245441 245441 679730 1903 14 245366 245446 47.6495 171590000000 142990000000 142990000000 0 0 26.2519 2.73 0.01905 0.15175 0 -12.2031 67.8783 -13.7585 0 0 0 0 0 0.0508 149500000000 209700000000
 0.2500    37181 0.2600    42925      1       -1       -1       -1  0 1.65233e+11 1.71600e+11 140.298000 57.950000 35.440000  1 0.2100 145.230000 27.84447 36.61451 52.90022 5.530 -32.870 -44.140 -5.591e+09 -1.486e+10 6.946e+09 0.01513 245442 245442 679730 4491 13 245366 245446 57.9502 171590000000 133460000000 133460000000 57198000000 9533000000 23.5331 6.43 0.01404 0.23724 0.02408 -3.03951 30.2981 -21.8372 0.40817 0.13375 2.71439 17.5545 -15.8234 0.0473 139300000000 200200000000
 0.2400    31774 0.2500    37181      1       -1       -1       -1  0 1.58867e+11 1.52500e+11 134.996000 20.458000 41.750000  1 0.2100 157.840000 27.83934 36.66130 52.96449 9.460 -34.980 -42.850 -6.016e+08 -2.676e+09 -6.660e+09 0.00872 245443 245443 679730 1681 12 245366 245446 20.4584 152530000000 142990000000 142990000000 104860000000 9533000000 34.9383 0 0.00724 0.79717 0.37188 22.5236 -10.305 18.7004 0.2084 0.04824 -10.3116 27.1158 -25.9674 0.0533 145300000000 104900000000
 0.2300    26785 0.2400    31774      1       -1       -1       -1  0 1.33443e+11 1.52500e+11 135.088000 17.297000 37.730000  1 0.2100 166.290000 27.82868 36.71963 53.02563 8.140 -35.910 -39.840 1.641e+09 -5.741e+09 -4.525e+09 0.00903 245444 245444 679730 1469 11 245366 245446 17.2974 152530000000 152530000000 152530000000 47665000000 47665000000 35.2508 0 0.00769 0.46936 0.35051 -2.22634 20.098 -9.30555 0.83874 0.70943 6.88692 4.46038 -7.77457 0.0498 137900000000 47660000000
 0.2200    22149 0.2300    26785      1       -1       -1       -1  0 9.85000e+10 9.53300e+10 115.571000 25.215000 27.990000  1 0.2100 133.340000 27.80847 36.78366 53.08290 10.430 -35.290 -28.690 -1.106e+10 -6.339e+09 -6.682e+09 0.03280 245445 245445 679730 1776 10 245366 245446 25.2146 95330000000 95330000000 95330000000 38132000000 0 31.1623 0 0.03307 0.24521 0.05617 40.6424 35.6071 -1.33093 0.5532 0.29682 27.6295 26.14 -9.0636 0.0525 102400000000 76260000000
 0.2100    17941 0.2200    22149      0       -1       -1       -1  0 4.76700e+10 4.76700e+10 91.782000 17.070000 16.700000  1 0.2100 110.680000 27.79468 36.85405 53.14764 15.700 -33.410 -34.590 7.307e+08 -1.611e+09 -2.935e+09 0.02091 245446 245446 679730 1506 9 245366 245446 17.0703 47665000000 47665000000 47665000000 0 0 8.05134 0 0.02557 0.06483 0 34.8051 34.2699 9.11637 0 0 0 0 0 0.0318 92800000000 38130000000
