 1.0000   679165 0.0000       -1      1       -1       -1       -1  0 2.98700e+11 2.38300e+11 126.841000 10.967000 98.150000  1 0.5100 112.020000 56.40699 7.84918 11.75992 106.750 24.810 15.690 -1.059e+11 2.092e+11 9.903e+10 0.05850 441328 441328 679165 4680 88 441327 441377 10.9665 238320000000 257390000000 200190000000 152530000000 85797000000 19.834 3.22 0.06624 0.24097 0.07561 22.8664 -2.33895 1.79531 0.26204 0.05003 17.5113 -1.89943 2.14065 0.5991 290600000000 95330000000
 0.9900   671025 1.0000   679165      1       -1       -1       -1  0 2.98700e+11 2.38300e+11 127.375000 12.165000 94.480000  1 0.5100 109.780000 56.39653 7.84640 11.75886 104.860 27.110 14.290 -9.697e+10 2.067e+11 8.195e+10 0.05506 441329 441329 679165 4668 87 441327 441377 12.1647 238320000000 257390000000 200190000000 162060000000 9533000000 19.4983 0 0.06331 0.24957 0.10383 31.2095 1.36204 5.7201 0.51578 0.25636 22.4714 3.0869 3.85619 0.5875 309400000000 104900000000
 0.9800   662629 0.9900   671025      1       -1       -1       -1  0 2.98700e+11 2.47900e+11 129.592000 17.319000 90.240000  1 0.5100 103.990000 56.41205 7.85938 11.77964 101.690 26.720 12.180 -1.271e+11 2.090e+11 1.330e+11 0.05984 441330 441330 679165 4613 86 441327 441377 17.3185 247860000000 247860000000 209730000000 142990000000 0 15.6378 0 0.06827 0.30999 0.11571 45.5022 10.668 20.8571 0.3698 0.04241 -16.4564 -13.3503 21.4422 0.5561 280500000000 152500000000
 0.9700   654269 0.9800   662629      1       -1       -1       -1  0 2.98700e+11 2.47900e+11 130.132000 18.651000 87.220000  1 0.5100 102.960000 56.40197 7.85030 11.76967 103.200 26.350 15.930 -1.526e+11 1.891e+11 7.241e+10 0.05792 441331 441331 679165 7598 85 441327 441377 18.6514 247860000000 247860000000 200190000000 133460000000 19066000000 12.5776 0 0.06236 0.25791 0.10003 23.3033 0.19619 3.00422 0.09963 0 13.9902 -0.51542 3.85151 0.5072 279800000000 143000000000
 0.9600   645949 0.9700   654269      1       -1       -1       -1  0 2.98700e+11 2.38300e+11 128.974000 17.652000 84.200000  1 0.5100 102.810000 56.38418 7.84364 11.76534 99.120 24.810 13.770 -1.512e+11 1.834e+11 7.476e+10 0.06241 441332 441332 679165 4732 84 441327 441377 17.6521 238320000000 247860000000 219260000000 142990000000 28599000000 2.62544 0 0.06564 0.42517 0.27676 20.8498 1.94259 4.35583 0.5189 0.0595 9.53679 0.11663 -0.84659 0.4803 285000000000 143000000000
 0.9500   637630 0.9600   645949      1       -1       -1       -1  0 2.98700e+11 2.38300e+11 129.506000 17.727000 81.850000  1 0.5100 103.130000 56.37858 7.83818 11.76222 99.240 24.400 13.540 -1.477e+11 1.785e+11 7.168e+10 0.06198 441333 441333 679165 4676 83 441327 441377 17.7273 238320000000 247860000000 228790000000 123930000000 28599000000 5.7889 0 0.06406 0.46792 0.2879 35.2247 -1.42135 -0.37251 0.89566 0.19818 11.4373 -10.1648 -6.76644 0.4568 294000000000 143000000000
 0.9400   629327 0.9500   637630      1       -1       -1       -1  0 2.98700e+11 2.38300e+11 130.037000 17.311000 79.590000  1 0.5100 104.020000 56.36135 7.83459 11.76039 99.180 23.870 13.250 -1.454e+11 1.739e+11 7.104e+10 0.06172 441334 441334 679165 4727 82 441327 441377 17.3107 238320000000 247860000000 228790000000 123930000000 19066000000 3.1794 0 0.06296 0.52857 0.29747 34.9139 -2.98216 6.5839 0.54315 0.15685 18.1089 -11.115 5.23001 0.4352 295900000000 133500000000
 0.9300   621006 0.9400   629327      1       -1       -1       -1  0 2.98700e+11 2.38300e+11 130.566000 20.159000 79.520000  1 0.5100 101.590000 56.33244 7.82851 11.74653 98.970 23.320 12.920 -1.436e+11 1.698e+11 7.097e+10 0.05777 441335 441335 679165 4741 81 441327 441377 20.1587 238320000000 238320000000 219260000000 95330000000 0 23.8264 0 0.06207 0.4344 0.32252 38.7863 3.43267 15.4824 0.63797 0.04641 2.53623 -3.03305 22.4225 0.4591 283000000000 152500000000
 0.9200   612663 0.9300   621006      1       -1       -1       -1  0 2.98700e+11 2.38300e+11 131.095000 21.052000 80.130000  1 0.5100 101.250000 56.32262 7.83839 11.76869 98.700 22.770 12.550 -1.418e+11 1.657e+11 7.083e+10 0.05893 441336 441336 679165 4769 80 441327 441377 21.052 238320000000 247860000000 228790000000 95330000000 57198000000 19.5907 0 0.0612 0.96227 0.37247 -10.5701 -8.24856 15.8245 0.38522 0.15578 -3.13029 14.1692 -6.19921 0.4444 272900000000 162100000000
 0.9100   604301 0.9200   612663      1       -1       -1       -1  0 2.98700e+11 2.38300e+11 131.622000 20.632000 80.360000  1 0.5100 102.020000 56.31918 7.83065 11.75007 98.410 22.230 12.170 -1.402e+11 1.618e+11 7.088e+10 0.05985 441337 441337 679165 4754 79 441327 441377 20.6321 238320000000 238320000000 200190000000 104860000000 38132000000 11.3993 0 0.06037 0.82992 0.1991 26.0775 -0.4359 7.80895 0.72072 0.25653 -4.60079 -10.6984 14.6693 0.4302 260300000000 152500000000
 0.9000   595929 0.9100   604301      1       -1       -1       -1  0 2.98700e+11 2.38300e+11 132.148000 23.806000 80.140000  1 0.5100 100.110000 56.28934 7.82518 11.75298 98.120 21.690 11.790 -1.386e+11 1.580e+11 7.120e+10 0.05629 441338 441338 679165 4758 78 441327 441377 23.806 238320000000 238320000000 200190000000 85797000000 57198000000 24.2868 0 0.05962 0.27911 0.12235 19.6468 -3.69957 9.70744 0.32027 0.01273 11.6963 -2.58627 5.76556 0.4519 262400000000 162100000000
 0.8900   587520 0.9000   595929      1       -1       -1       -1  0 2.98700e+11 2.38300e+11 132.673000 19.755000 79.980000  1 0.5100 103.670000 56.27697 7.82190 11.75199 97.820 21.130 11.420 -1.370e+11 1.548e+11 7.197e+10 0.05532 441339 441339 679165 4785 77 441327 441377 19.7549 238320000000 238320000000 181130000000 85797000000 66731000000 23.6411 0 0.05905 0.40134 0.21892 19.8325 2.49636 7.46484 0.08196 0.0414 16.4075 -0.18933 12.9659 0.4535 252000000000 123900000000
 0.8800   579138 0.8900   587520      1       -1       -1       -1  0 2.98700e+11 2.38300e+11 133.196000 22.136000 78.930000  1 0.5100 102.130000 56.26437 7.81860 11.75102 94.080 21.640 11.440 -1.446e+11 1.353e+11 5.254e+10 0.05221 441340 441340 679165 725 76 441327 441377 22.1361 238320000000 247860000000 190660000000 95330000000 28599000000 23.0588 0 0.05546 0.33569 0.27554 28.2825 6.47083 6.8749 0.50936 0.35197 14.8694 2.7004 9.7312 0.441 246500000000 143000000000
 0.8700   570681 0.8800   579138      1       -1       -1       -1  0 2.98700e+11 2.28800e+11 131.910000 14.409000 81.360000  1 0.5100 109.470000 56.27146 7.80941 11.73872 94.560 20.630 10.400 -1.453e+11 1.116e+11 6.723e+10 0.05776 441341 441341 679165 3807 75 441327 441377 14.409 228790000000 228790000000 181130000000 133460000000 57198000000 14.4403 0 0.05677 0.33627 0.20475 28.4083 11.8208 10.7401 0.32291 0.04805 24.1286 10.72 13.2168 0.4226 249100000000 133500000000
 0.8600   562225 0.8700   570681      1       -1       -1       -1  0 2.98700e+11 2.00200e+11 126.657000 9.573000 86.960000  1 0.5100 114.470000 56.26949 7.80565 11.74257 90.490 18.960 11.490 -1.917e+11 1.334e+11 8.595e+10 0.09903 441342 441342 679165 4843 74 441327 441377 9.57327 200190000000 228790000000 171590000000 152530000000 85797000000 16.0177 0 0.09077 0.49953 0.36726 22.6409 10.3164 7.08267 0.38303 0.09192 22.1038 7.1321 6.507 0.4363 277100000000 85800000000
 0.8500   553788 0.8600   562225      1       -1       -1       -1  0 2.98700e+11 2.00200e+11 127.145000 9.205000 89.410000  1 0.5100 116.180000 56.25987 7.81217 11.74085 90.620 18.590 10.670 -1.891e+11 1.315e+11 8.497e+10 0.10004 441343 441343 679165 4815 73 441327 441377 9.2052 200190000000 238320000000 171590000000 142990000000 85797000000 7.56109 0 0.08989 0.64976 0.53981 14.1456 9.5927 9.81269 0.61911 0.59249 10.8491 6.60649 12.0938 0.4394 266500000000 95330000000
 0.8400   545285 0.8500   553788      1       -1       -1       -1  0 2.98700e+11 2.00200e+11 127.632000 7.450000 89.630000  1 0.5100 123.430000 56.25128 7.80967 11.74603 90.750 18.220 9.830 -1.863e+11 1.294e+11 8.390e+10 0.10006 441344 441344 679165 4825 72 441327 441377 7.44969 200190000000 219260000000 181130000000 142990000000 104860000000 3.88322 0 0.08891 0.53086 0.46475 11.7535 2.2227 18.7954 0.5244 0.32379 3.09819 -3.43016 18.4027 0.4349 295500000000 57200000000
 0.8300   536769 0.8400   545285      1       -1       -1       -1  0 2.98700e+11 2.38300e+11 135.783000 15.333000 80.740000  1 0.5100 111.950000 56.19950 7.80518 11.75110 92.820 16.360 11.950 -1.445e+11 3.746e+10 3.232e+10 0.03833 441345 441345 679165 4818 71 441327 441377 15.3333 238320000000 257390000000 162060000000 133460000000 0 13.1448 4.21 0.04216 0.445 0.144 37.0251 0.63386 -8.96859 0.2776 0.01382 32.1538 3.8787 -15.4142 0.4608 246700000000 123900000000
 0.8200   528174 0.8300   536769      1       -1       -1       -1  0 2.98700e+11 2.09700e+11 130.608000 11.336000 80.960000  1 0.5100 114.260000 56.23110 7.80210 11.75103 92.260 16.360 8.950 -1.604e+11 1.531e+11 9.063e+10 0.08348 441346 441346 679165 3797 70 441327 441377 11.336 209730000000 228790000000 162060000000 123930000000 57198000000 14.1387 0 0.08217 0.41365 0.19422 24.2919 -0.77289 19.8539 0.81364 0.101 -2.97439 -8.75216 10.9503 0.4294 240100000000 104900000000
 0.8100   519534 0.8200   528174      1       -1       -1       -1  0 2.98700e+11 1.90700e+11 126.996000 21.515000 75.070000  1 0.5100 97.210000 56.23337 7.80569 11.76219 90.900 22.540 4.440 -1.662e+11 1.028e+11 6.783e+10 0.07561 441347 441347 679165 4858 69 441327 441377 21.5146 190660000000 228790000000 171590000000 114400000000 0 19.3042 0 0.08352 0.33566 0.10847 48.172 1.05028 33.212 0.49156 0.29715 22.0361 4.66826 20.3603 0.4635 197200000000 133500000000
 0.8000   510855 0.8100   519534      1       -1       -1       -1  0 2.98700e+11 2.19300e+11 133.545000 27.911000 71.420000  1 0.5100 99.200000 56.17588 7.78757 11.73789 88.840 19.640 9.520 -1.770e+11 6.974e+10 8.508e+08 0.05960 441348 441348 679165 3864 68 441327 441377 27.9108 219260000000 257390000000 142990000000 114400000000 9533000000 13.5812 0 0.06112 0.39056 0.28405 30.5716 5.54728 20.4501 0.29384 0.20179 11.9081 -7.90803 16.0144 0.3761 228000000000 190700000000
 0.7900   502212 0.8000   510855      1       -1       -1       -1  0 2.98700e+11 2.38300e+11 137.812000 36.725000 68.490000  1 0.5100 99.660000 56.18090 7.80217 11.74011 86.110 22.480 10.190 -2.147e+11 9.379e+09 4.290e+10 0.05866 441349 441349 679165 4894 67 441327 441377 36.7254 238320000000 247860000000 181130000000 85797000000 0 20.1055 0 0.06154 0.41864 0.13094 42.0257 19.9465 24.6655 0.50306 0.20277 17.0043 24.7664 -4.48457 0.3511 228300000000 238300000000
 0.7800   493575 0.7900   502212      1       -1       -1       -1  0 2.98700e+11 2.28800e+11 136.444000 27.662000 66.690000  1 0.5100 101.940000 56.15812 7.79394 11.73598 84.190 21.010 7.930 -1.878e+11 2.303e+10 9.393e+09 0.05423 441350 441350 679165 3882 66 441327 441377 27.6617 228790000000 266920000000 200190000000 47665000000 0 17.1823 0 0.0572 0 0 64.7392 24.7946 39.3581 0.28881 0 6.65404 26.2632 -6.66582 0.3485 235800000000 200200000000
 0.7700   484901 0.7800   493575      1       -1       -1       -1  0 2.98700e+11 2.57400e+11 142.418000 39.372000 65.490000  1 0.5100 102.850000 56.11140 7.78389 11.74424 83.590 21.600 11.740 -1.432e+11 2.317e+09 1.034e+10 0.03434 441351 441351 679165 4923 65 441327 441377 39.3718 257390000000 276460000000 209730000000 38132000000 0 8.9808 0 0.03579 0.28673 0.05281 23.9505 23.1908 55.7131 0.82559 0.17177 1.66542 23.0447 -18.8132 0.309 245000000000 276500000000
 0.7600   476202 0.7700   484901      1       -1       -1       -1  0 2.98700e+11 2.66900e+11 144.669000 34.651000 63.970000  1 0.5100 106.120000 56.09584 7.78023 11.74311 82.730 21.150 10.230 -1.397e+11 2.500e+10 5.089e+09 0.03254 441352 441352 679165 4928 64 441327 441377 34.6512 266920000000 276460000000 190660000000 38132000000 0 12.3924 0 0.03348 0 0 43.2625 30.1409 79.0491 0 0 -18.3983 29.9234 -12.5608 0.288 255700000000 257400000000
 0.7500   467466 0.7600   476202      1       -1       -1       -1  0 2.98700e+11 2.76500e+11 146.888000 38.590000 65.120000  1 0.5100 106.850000 56.08573 7.78028 11.74412 82.180 21.000 9.720 -1.619e+11 -3.746e+10 3.587e+10 0.03711 441353 441353 679165 4930 63 441327 441377 38.5901 276460000000 295520000000 219260000000 47665000000 0 6.70516 3.35 0.03799 0.30241 0.09172 19.2042 9.95343 45.4124 0.36097 0.00213 -7.87616 29.5345 -13.7487 0.2846 261000000000 286000000000
 0.7400   458668 0.7500   467466      1       -1       -1       -1  0 2.98700e+11 2.86000e+11 149.076000 31.123000 67.750000  1 0.5100 111.500000 56.06922 7.77633 11.74307 79.930 20.180 6.310 -1.632e+11 -6.756e+10 6.096e+10 0.03884 441354 441354 679165 4924 62 441327 441377 31.1233 285990000000 295520000000 266920000000 66731000000 0 9.71303 3.77 0.03967 0.32307 0.24777 33.628 10.3432 48.483 0.56876 0.36019 19.3602 -3.65899 35.2841 0.2902 281800000000 257400000000
 0.7300   449842 0.7400   458668      1       -1       -1       -1  0 2.98700e+11 2.86000e+11 149.591000 26.396000 69.670000  1 0.5100 114.810000 56.05243 7.77234 11.74202 73.740 17.930 4.220 -1.642e+11 -4.676e+10 2.149e+10 0.03640 441355 441355 679165 3899 61 441327 441377 26.3956 285990000000 295520000000 285990000000 85797000000 0 5.66715 0 0.03671 0.43479 0.35103 40.8404 2.52307 36.3777 0.71561 0.10204 -0.75447 20.7351 -20.7211 0.2913 301500000000 171600000000
 0.7200   440994 0.7300   449842      1       -1       -1       -1  0 2.98700e+11 2.95500e+11 151.752000 35.910000 72.070000  1 0.5100 112.160000 56.03533 7.76830 11.74099 74.710 16.680 3.940 -1.765e+11 -7.866e+10 3.408e+10 0.04008 441356 441356 679165 5024 60 441327 441377 35.9098 295520000000 295520000000 247860000000 95330000000 0 7.72751 0 0.03984 0.41726 0.17554 38.0446 0.73669 42.8023 0.31654 0.22324 14.539 6.19531 37.6796 0.2957 283400000000 286000000000
 0.7100   432084 0.7200   440994      1       -1       -1       -1  0 2.98700e+11 2.95500e+11 152.265000 37.257000 76.020000  1 0.5100 112.340000 56.01795 7.76421 11.73996 73.500 16.200 3.320 -1.746e+11 -7.708e+10 3.216e+10 0.04027 441357 441357 679165 3954 59 441327 441377 37.2568 295520000000 305060000000 228790000000 123930000000 0 7.13987 0 0.0395 0.35304 0.24522 34.6552 6.79484 37.4038 0.28342 0.03645 10.5307 15.2437 26.6237 0.3118 283900000000 295500000000
 0.7000   423108 0.7100   432084      1       -1       -1       -1  0 2.98700e+11 3.05100e+11 154.399000 38.046000 80.130000  1 0.5100 114.070000 56.00026 7.76007 11.73894 79.960 17.680 1.860 -1.868e+11 4.390e+10 8.541e+10 0.04241 441358 441358 679165 5068 58 441327 441377 38.0464 305060000000 305060000000 238320000000 162060000000 19066000000 1.60571 0 0.04088 0.43267 0.27481 27.2794 -4.0004 34.039 0.31837 0.21616 27.0524 -2.29982 28.0281 0.3169 283200000000 305100000000
 0.6900   414112 0.7000   423108      1       -1       -1       -1  0 2.95533e+11 2.95500e+11 153.278000 23.396000 84.180000  1 0.5100 121.450000 55.98228 7.75589 11.73793 78.650 18.120 2.400 -1.708e+11 6.392e+10 6.950e+10 0.04230 441359 441359 679165 5071 57 441327 441377 23.3958 295520000000 305060000000 266920000000 181130000000 9533000000 5.90939 0 0.04028 0.27153 0.13175 22.0866 -3.94939 27.1557 0.49364 0.28218 13.5757 -2.21478 18.2379 0.3375 275800000000 200200000000
 0.6800   405104 0.6900   414112      1       -1       -1       -1  0 2.95500e+11 2.86000e+11 152.106000 20.599000 85.900000  1 0.5100 123.460000 55.96399 7.75165 11.73693 80.280 16.930 0.990 -1.631e+11 8.056e+10 6.575e+10 0.04533 441360 441360 679165 5066 56 441327 441377 20.5992 285990000000 305060000000 276460000000 200190000000 19066000000 6.13608 0 0.04239 0.29809 0.16173 19.6121 -0.85821 31.2594 0.28673 0.07352 15.5206 -11.879 21.1982 0.3407 295400000000 190700000000
 0.6700   396119 0.6800   405104      1       -1       -1       -1  0 2.95500e+11 2.95500e+11 154.273000 21.138000 85.070000  1 0.5100 125.270000 55.93468 7.75210 11.73857 79.010 15.930 0.040 -1.745e+11 5.909e+10 7.926e+10 0.04564 441361 441361 679165 5123 55 441327 441377 21.138 295520000000 295520000000 285990000000 209730000000 0 4.74843 0 0.04187 0.39898 0.1899 30.6286 0.00215 31.9928 0.63904 0.08498 23.2754 3.47601 22.6413 0.323 308400000000 200200000000
 0.6600   387186 0.6700   396119      1       -1       -1       -1  0 2.95500e+11 2.95500e+11 154.763000 20.062000 86.130000  1 0.5100 127.360000 55.91480 7.74792 11.73823 77.960 15.390 0.010 -1.742e+11 5.545e+10 8.046e+10 0.04652 441362 441362 679165 5102 54 441327 441377 20.0618 295520000000 295520000000 295520000000 209730000000 47665000000 4.37878 0 0.04194 0.48007 0.18899 20.5164 -1.13178 26.5935 0.12746 0.06801 9.74957 -6.53875 32.2082 0.3209 306600000000 152500000000
 0.6500   378150 0.6600   387186      1       -1       -1       -1  0 2.95500e+11 2.95500e+11 155.248000 18.159000 84.270000  1 0.5100 130.790000 55.89021 7.74762 11.74560 76.880 15.410 2.760 -1.385e+11 7.973e+10 7.082e+10 0.04191 441363 441363 679165 4055 53 441327 441377 18.1585 295520000000 295520000000 295520000000 181130000000 104860000000 10.1222 0 0.03693 0.70007 0.22428 19.5587 -2.7453 26.0611 0.71626 0.12409 2.74908 -13.9912 19.0338 0.2995 305800000000 143000000000
 0.6400   369074 0.6500   378150      1       -1       -1       -1  0 2.92333e+11 2.95500e+11 155.727000 26.882000 81.090000  1 0.5100 122.580000 55.88770 7.73424 11.73303 75.150 15.020 2.700 -1.353e+11 7.516e+10 6.868e+10 0.03958 441364 441364 679165 4004 52 441327 441377 26.8819 295520000000 295520000000 276460000000 181130000000 47665000000 18.8918 0 0.036 0.68137 0.53354 29.3794 -12.3202 17.9257 0.75516 0.52592 17.8565 19.5269 -10.2788 0.2972 290900000000 228800000000
 0.6300   359958 0.6400   369074      1       -1       -1       -1  0 2.89167e+11 2.86000e+11 154.503000 20.559000 78.830000  1 0.5100 127.700000 55.85345 7.73495 11.73725 76.190 13.160 2.140 -1.173e+11 1.097e+11 3.296e+10 0.04220 441365 441365 679165 5140 51 441327 441377 20.5591 285990000000 285990000000 276460000000 200190000000 47665000000 10.7272 0 0.03704 0.53258 0.39923 15.938 -2.96115 10.8841 0.65758 0.44639 13.2265 -0.4309 6.67236 0.2739 285800000000 190700000000
 0.6200   350850 0.6300   359958      1       -1       -1       -1  0 2.79633e+11 2.86000e+11 154.967000 28.349000 77.570000  1 0.5100 121.730000 55.84766 7.72524 11.73114 71.420 15.270 2.270 -1.196e+11 7.160e+10 4.269e+10 0.03500 441366 441366 679165 5106 50 441327 441377 28.3488 285990000000 285990000000 257390000000 171590000000 28599000000 18.1505 0 0.03315 0.44794 0.36248 40.8876 -12.1823 15.7268 0.75476 0.00247 23.8969 -10.0295 4.05543 0.3008 261000000000 219300000000
 0.6100   341719 0.6200   350850      1       -1       -1       -1  0 2.73267e+11 2.66900e+11 151.891000 28.823000 73.310000  1 0.5100 119.110000 55.82716 7.72067 11.73022 72.080 17.670 3.350 -7.381e+10 1.020e+11 6.062e+10 0.03786 441367 441367 679165 5096 49 441327 441377 28.8229 266920000000 266920000000 219260000000 142990000000 19066000000 26.75 1.87 0.03589 0.42662 0.13873 50.8465 -11.5874 21.0361 0.31396 0.05825 -13.8094 27.2977 27.8506 0.2839 240800000000 209700000000
 0.6000   332575 0.6100   341719      1       -1       -1       -1  0 2.63733e+11 2.66900e+11 152.332000 32.199000 68.980000  1 0.5100 118.160000 55.78946 7.72140 11.73637 70.720 15.210 2.040 -7.828e+10 1.041e+11 5.396e+10 0.03858 441368 441368 679165 698 48 441327 441377 32.1991 266920000000 266920000000 209730000000 152530000000 0 13.0785 0 0.03646 0.48064 0.27611 44.9887 -8.87521 21.8891 0.78842 0.03339 20.6526 -5.55104 -19.7607 0.2606 237700000000 219300000000
 0.5900   323407 0.6000   332575      1       -1       -1       -1  0 2.51033e+11 2.57400e+11 150.926000 48.432000 65.640000  1 0.5100 112.840000 55.76751 7.71676 11.73610 66.530 13.890 1.600 -5.829e+10 8.094e+10 7.066e+10 0.03437 441369 441369 679165 5224 47 441327 441377 48.4325 257390000000 266920000000 209730000000 133460000000 0 20.9037 0 0.03382 0.41163 0.0819 51.0431 -23.2383 23.8451 0.69632 0.59802 40.4854 -10.4121 15.7786 0.2616 227300000000 276500000000
 0.5800   314168 0.5900   323407      1       -1       -1       -1  0 2.35167e+11 2.28800e+11 145.523000 38.209000 64.610000  1 0.5100 111.060000 55.74526 7.71206 11.73585 64.450 15.960 1.130 -2.937e+09 6.649e+10 2.289e+10 0.02290 441370 441370 679165 5222 46 441327 441377 38.2093 228790000000 257390000000 190660000000 104860000000 0 20.6633 0 0.02387 0.55583 0.07077 11.1717 -29.9098 33.9002 0.37524 0.04302 -7.17218 -29.5731 34.8907 0.2904 216500000000 247900000000
 0.5700   304932 0.5800   314168      1       -1       -1       -1  0 2.09733e+11 2.19300e+11 143.868000 46.986000 59.900000  1 0.5100 108.410000 55.72270 7.70731 11.73561 60.570 17.200 -2.240 1.910e+10 6.092e+10 2.564e+09 0.02171 441371 441371 679165 5212 45 441327 441377 46.9861 219260000000 219260000000 114400000000 57198000000 0 17.7691 0 0.02343 0.3662 0.03507 -39.3716 35.5324 -32.1787 0.11387 0.03727 -25.8141 -4.9082 42.7408 0.28 208100000000 266900000000
 0.5600   295677 0.5700   304932      1       -1       -1       -1  0 1.81133e+11 1.81100e+11 135.357000 28.689000 57.950000  1 0.5100 106.840000 55.65664 7.71525 11.70203 69.860 9.640 15.920 -1.140e+11 -9.811e+09 3.552e+10 0.05938 441372 441372 679165 5206 44 441327 441377 28.6886 181130000000 181130000000 181130000000 66731000000 0 7.0578 0 0.06085 0.55207 0.33046 37.6524 -25.6575 55.5174 0.29044 0 26.5337 -15.7739 -5.30385 0.2606 172000000000 152500000000
 0.5500   286419 0.5600   295677      1       -1       -1       -1  0 1.43000e+11 1.43000e+11 125.432000 39.095000 60.600000  1 0.5100 95.740000 55.66721 7.70060 11.73473 64.380 13.360 5.370 -3.473e+10 -4.277e+10 -1.076e+10 0.03660 441373 441373 679165 5217 43 441327 441377 39.0949 142990000000 142990000000 95330000000 9533000000 0 23.1212 0 0.04261 0.21734 9e-05 -24.6386 39.7702 -34.8248 0 0 0 0 0 0.3595 180700000000 171600000000
 0.5400   277197 0.5500   286419      1       -1       -1       -1  0 1.17600e+11 1.04900e+11 113.406000 23.151000 50.350000  1 0.5100 90.890000 55.64318 7.69601 11.73471 56.000 33.040 6.910 7.048e+09 8.229e+09 1.953e+10 0.02496 441374 441374 679165 5216 42 441327 441377 23.1515 104860000000 104860000000 95330000000 19066000000 9533000000 25.9579 0 0.02866 0.07352 0.013 -10.8995 49.8536 -29.3856 0 0 0 0 0 0.3067 160700000000 95330000000
 0.5300   267956 0.5400   277197      1       -1       -1       -1  0 9.85333e+10 1.04900e+11 113.694000 36.036000 48.920000  1 0.5100 87.630000 55.61940 7.68113 11.73580 43.590 23.680 7.290 5.227e+10 3.044e+10 3.031e+10 0.07456 441375 441375 679165 5234 41 441327 441377 36.0361 104860000000 104860000000 85797000000 19066000000 0 34.059 5.08 0.08751 0.35589 0.21142 0.05995 45.2826 -33.2202 0 0 0 0 0 0.3056 148900000000 123900000000
 0.5200   258724 0.5300   267956      1       -1       -1       -1  0 9.21667e+10 8.58000e+10 106.603000 20.021000 45.450000  1 0.5100 87.430000 55.59505 7.67590 11.73570 40.440 24.850 3.690 4.490e+10 8.791e+09 1.503e+10 0.06967 441376 441376 679165 4086 40 441327 441377 20.0207 85797000000 85797000000 85797000000 0 0 40.5622 0 0.08776 0.27664 0 2.68351 46.5767 -33.1882 0 0 0 0 0 0.3229 137800000000 47660000000
 0.5100   249438 0.5200   258724      0       -1       -1       -1  0 8.58000e+10 8.58000e+10 106.862000 32.738000 40.640000  1 0.5100 83.540000 55.57041 7.67065 11.73562 56.260 11.940 0.160 3.218e+10 -4.352e+09 -8.462e+09 0.04379 441377 441377 679165 4042 39 441327 441377 32.7385 85797000000 85797000000 0 0 0 46.6509 21.19 0.06166 0.29187 0.0819 0.89252 60.8276 -27.7915 0 0 0 0 0 0.3915 125400000000 95330000000
