 1.0000   680073 0.0000       -1      1       -1       -1       -1  0 3.87633e+11 3.81300e+11 148.354000 19.849000 107.330000  1 0.3600 119.310000 57.46728 33.60225 48.83730 589.580 475.210 440.320 -1.064e+11 -4.510e+11 -8.619e+11 0.09110 341717 341717 680073 5588 88 341716 341781 19.8493 381320000000 428980000000 305060000000 190660000000 0 18.0881 4.31 0.11633 0.09696 0.07417 56.6464 -27.1732 30.2972 0.34694 0.16905 26.9523 -16.4215 -10.4472 0.624 446100000000 238300000000
 0.9900   671945 1.0000   680073      1       -1       -1       -1  0 3.87633e+11 3.90800e+11 150.210000 22.440000 111.830000  1 0.3600 118.240000 57.39930 33.53615 48.80068 577.090 461.210 423.590 2.143e+11 -6.422e+11 -8.220e+11 0.09196 341718 341718 680073 5469 87 341716 341781 22.4401 390850000000 428980000000 324120000000 171590000000 0 4.1575 0 0.12185 0.11985 0.06117 32.1165 -31.2124 26.1627 0.06909 0 -25.5689 27.4376 -20.0927 0.6542 434200000000 286000000000
 0.9800   663527 0.9900   671945      1       -1       -1       -1  0 3.87633e+11 3.90800e+11 150.839000 22.575000 112.860000  1 0.3600 118.550000 57.33343 33.49052 48.75885 567.470 455.680 408.230 2.095e+11 -6.378e+11 -8.298e+11 0.08957 341719 341719 680073 5497 86 341716 341781 22.5749 390850000000 419450000000 333650000000 142990000000 0 11.0142 4.32 0.12249 0.09603 0.03486 30.5358 -26.2669 23.2402 0.09139 0.03235 22.081 -20.1426 19.0784 0.6727 431900000000 286000000000
 0.9700   655151 0.9800   663527      1       -1       -1       -1  0 3.84467e+11 3.81300e+11 150.226000 24.275000 112.470000  1 0.3600 116.400000 57.27691 33.44176 48.71554 554.090 448.800 399.010 1.481e+11 -4.728e+11 -8.880e+11 0.09186 341720 341720 680073 4549 85 341716 341781 24.2751 381320000000 409920000000 352720000000 152530000000 0 10.722 4.38 0.12197 0.19379 0.12748 38.3262 -22.6238 21.6807 0.70582 0.43748 19.135 -15.6156 11.1511 0.6608 439700000000 286000000000
 0.9600   646814 0.9700   655151      1       -1       -1       -1  0 3.78133e+11 3.81300e+11 150.849000 24.169000 113.290000  1 0.3600 116.930000 57.22046 33.38917 48.67838 542.530 441.410 387.080 1.451e+11 -4.545e+11 -8.818e+11 0.09050 341721 341721 680073 5538 84 341716 341781 24.1692 381320000000 409920000000 352720000000 181130000000 0 10.9586 4.39 0.12063 0.39214 0.29603 40.8319 -16.3018 16.7955 0 0 29.9492 -16.304 -2.49863 0.6657 441100000000 266900000000
 0.9500   638489 0.9600   646814      1       -1       -1       -1  0 3.74967e+11 3.71800e+11 150.198000 22.079000 112.590000  1 0.3600 118.060000 57.15303 33.33932 48.63272 531.270 434.130 375.490 2.438e+11 -3.757e+11 -7.056e+11 0.07886 341722 341722 680073 5493 83 341716 341781 22.0792 371790000000 419450000000 343190000000 162060000000 0 12.9071 0 0.10523 0.39405 0.35834 40.4444 -13.184 2.05693 0.39193 0.03656 -15.945 28.2638 -0.94367 0.6659 441000000000 209700000000
 0.9400   630174 0.9500   638489      1       -1       -1       -1  0 3.68633e+11 3.71800e+11 150.814000 21.785000 118.860000  1 0.3600 118.820000 57.13208 33.29883 48.58280 515.160 419.360 366.230 1.224e+11 -6.485e+11 -1.108e+12 0.11688 341723 341723 680073 5495 82 341716 341781 21.7847 371790000000 409920000000 285990000000 219260000000 0 16.3522 0 0.16286 0.32084 0.0762 13.195 27.6135 -2.77347 0.22904 0.02276 18.1172 22.5767 4.7448 0.7082 379200000000 238300000000
 0.9300   621848 0.9400   630174      1       -1       -1       -1  0 3.65467e+11 3.62300e+11 150.122000 20.199000 116.980000  1 0.3600 119.750000 57.06982 33.24555 48.54296 504.980 415.630 356.320 1.202e+11 -3.997e+11 -8.799e+11 0.09678 341724 341724 680073 5512 81 341716 341781 20.1988 362250000000 409920000000 295520000000 209730000000 57198000000 17.1824 0 0.12889 0.51294 0.31609 13.8621 19.0888 -5.50038 0.5675 0.04755 12.5287 12.4921 -2.52895 0.6855 365800000000 219300000000
 0.9200   613504 0.9300   621848      1       -1       -1       -1  0 3.55933e+11 3.62300e+11 150.730000 17.981000 115.430000  1 0.3600 123.030000 57.00766 33.19241 48.49754 496.640 412.280 343.600 1.185e+11 -3.713e+11 -8.554e+11 0.09502 341725 341725 680073 5535 80 341716 341781 17.9806 362250000000 409920000000 238320000000 200190000000 28599000000 16.0669 4.62 0.12483 0.46643 0.34766 15.0362 20.3317 -11.725 0.21411 0.03583 14.1397 10.8302 -9.48943 0.6746 367900000000 200200000000
 0.9100   605130 0.9200   613504      1       -1       -1       -1  0 3.46400e+11 3.43200e+11 148.633000 21.714000 104.040000  1 0.3600 116.630000 56.90477 33.13045 48.45124 490.710 416.360 325.470 2.781e+10 -4.293e+11 -4.683e+11 0.07078 341726 341726 680073 5548 79 341716 341781 21.7137 362250000000 400390000000 305060000000 114400000000 19066000000 14.3132 5.51 0.09273 0.44205 0.22168 41.896 17.1772 -0.95993 0.58596 0.33515 20.7748 3.71437 3.63695 0.6294 393000000000 209700000000
 0.9000   596756 0.9100   605130      1       -1       -1       -1  0 3.17800e+11 3.33700e+11 147.833000 22.094000 103.360000  1 0.3600 115.480000 56.84311 33.07882 48.41119 478.950 415.890 315.910 -3.475e+10 -4.976e+11 -4.856e+11 0.08087 341727 341727 680073 5542 78 341716 341781 22.0944 352720000000 390850000000 305060000000 85797000000 9533000000 12.2917 0 0.10676 0.43007 0.16716 39.5831 16.5895 -4.69257 0.52731 0.14745 17.683 6.59017 -11.395 0.6324 384300000000 190700000000
 0.8900   588344 0.9000   596756      1       -1       -1       -1  0 3.05067e+11 2.76500e+11 139.401000 11.643000 106.470000  1 0.3600 123.000000 56.81953 33.05140 48.35580 464.160 384.490 318.510 -1.301e+10 -3.213e+11 -2.757e+11 0.08239 341728 341728 680073 5576 77 341716 341781 11.643 276460000000 409920000000 219260000000 200190000000 95330000000 8.4951 9.47 0.0892 0.96004 0.63864 10.9807 7.59952 -8.94165 0.75126 0.53087 -2.63746 -4.49356 12.6011 0.5814 333400000000 123900000000
 0.8800   579964 0.8900   588344      1       -1       -1       -1  0 3.05067e+11 2.38300e+11 133.196000 8.940000 102.990000  1 0.3600 124.100000 56.75837 32.99599 48.32026 456.660 382.040 312.660 -5.392e+10 -1.578e+11 -5.158e+10 0.04852 341729 341729 680073 5566 76 341716 341781 8.94042 238320000000 381320000000 219260000000 181130000000 76264000000 7.60104 6.41 0.04724 0.70555 0.4756 -7.26349 -4.36979 20.1501 0.6799 0.24563 -9.89741 -5.58127 14.4413 0.5292 337100000000 85800000000
 0.8700   571487 0.8800   579964      1       -1       -1       -1  0 3.05067e+11 3.24100e+11 148.149000 42.202000 99.110000  1 0.3600 106.190000 56.67145 32.92962 48.29121 448.910 387.840 290.940 -3.967e+10 -4.284e+11 -4.247e+11 0.08102 341730 341730 680073 4616 75 341716 341781 42.2016 333650000000 352720000000 257390000000 162060000000 47665000000 9.1638 7.32 0.09839 0.48959 0.35315 21.7985 6.44873 -16.4836 0.48432 0.15809 11.949 12.0697 -10.6578 0.5781 316500000000 343200000000
 0.8600   563023 0.8700   571487      1       -1       -1       -1  0 3.05067e+11 2.57400e+11 137.725000 16.518000 95.550000  1 0.3600 112.090000 56.62222 32.89083 48.23578 440.440 368.850 293.100 -1.254e+11 -1.051e+11 -1.210e+11 0.04672 341731 341731 680073 5655 74 341716 341781 16.5178 266920000000 314590000000 228790000000 181130000000 76264000000 9.08986 8.86 0.04882 0.89189 0.58375 14.9704 5.4372 3.18554 0.62176 0.39728 9.17248 8.33246 -5.04372 0.5185 318600000000 133500000000
 0.8500   554584 0.8600   563023      1       -1       -1       -1  0 3.05067e+11 3.24100e+11 149.298000 35.590000 89.750000  1 0.3600 108.900000 56.51421 32.79857 48.22131 430.890 378.910 268.270 -2.048e+10 -4.390e+11 -3.964e+11 0.07673 341732 341732 680073 5620 73 341716 341781 35.5904 333650000000 371790000000 266920000000 0 0 23.1354 7.77 0.09707 0.04404 0 43.3323 37.0835 -32.9969 0 0 0 0 0 0.5469 322500000000 314600000000
 0.8400   546084 0.8500   554584      1       -1       -1       -1  0 3.05067e+11 2.19300e+11 131.561000 11.858000 78.860000  1 0.3600 113.990000 56.50623 32.76752 48.14331 428.210 363.220 268.410 -6.298e+09 -3.918e+10 5.465e+09 0.01344 341733 341733 680073 5670 72 341716 341781 11.8579 228790000000 266920000000 219260000000 209730000000 0 10.1264 2.71 0.01265 0.95764 0.4845 8.2551 28.6236 -8.27079 0.01793 0 26.1974 28.8355 -9.82233 0.3918 303700000000 85800000000
 0.8300   537568 0.8400   546084      1       -1       -1       -1  0 3.05067e+11 2.28800e+11 133.948000 14.621000 73.790000  1 0.3600 111.240000 56.45226 32.72727 48.10907 419.200 346.070 269.140 3.814e+10 -5.934e+10 -1.227e+10 0.02234 341734 341734 680073 5693 71 341716 341781 14.6214 238320000000 238320000000 219260000000 190660000000 0 13.7315 9.98 0.02116 0.15741 0.09978 19.5051 -13.5525 37.7878 0.35233 0.17875 13.8552 -9.04351 29.8238 0.3592 296000000000 123900000000
 0.8200   528976 0.8300   537568      1       -1       -1       -1  0 3.05067e+11 2.28800e+11 134.452000 16.407000 70.720000  1 0.3600 109.150000 56.36238 32.64882 48.07867 414.640 347.420 249.460 3.459e+10 -6.826e+10 -2.000e+10 0.02382 341735 341735 680073 4665 70 341716 341781 16.4071 238320000000 295520000000 228790000000 142990000000 0 21.161 3.94 0.02347 0.88703 0.37392 32.5521 16.6768 20.5346 0.57888 0.02268 18.511 16.5087 20.8907 0.3527 280800000000 123900000000
 0.8100   520332 0.8200   528976      1       -1       -1       -1  0 3.05067e+11 2.19300e+11 133.053000 16.261000 67.800000  1 0.3600 108.040000 56.31323 32.60729 48.03103 408.410 339.170 243.590 2.870e+10 -5.597e+10 -3.876e+10 0.02510 341736 341736 680073 5761 69 341716 341781 16.2613 228790000000 238320000000 209730000000 95330000000 0 1.78526 2.51 0.02364 0.81998 0.35453 9.24494 -21.6612 27.9913 0.4149 0.0973 4.72004 14.0058 25.7959 0.3161 275500000000 104900000000
 0.8000   511655 0.8100   520332      1       -1       -1       -1  0 3.05067e+11 2.19300e+11 133.545000 17.709000 66.760000  1 0.3600 106.800000 56.23560 32.54611 47.99371 398.670 332.730 234.920 2.860e+10 -5.376e+10 -3.431e+10 0.02349 341737 341737 680073 4752 68 341716 341781 17.7087 219260000000 219260000000 209730000000 133460000000 0 11.3162 0 0.02246 0.94866 0.45509 13.8963 -21.5565 20.5916 0.43449 0.19183 22.6975 13.2136 0.21891 0.3137 275900000000 133500000000
 0.7900   503014 0.8000   511655      1       -1       -1       -1  0 3.05067e+11 2.19300e+11 134.035000 18.497000 69.220000  1 0.3600 106.470000 56.17574 32.49703 47.94173 389.790 328.510 229.040 3.303e+10 -4.962e+10 -2.938e+10 0.02207 341738 341738 680073 5776 67 341716 341781 18.4974 219260000000 219260000000 190660000000 152530000000 19066000000 10.5816 3.28 0.02145 0.90265 0.36013 18.0862 -2.23812 19.7938 0.38378 0.02262 15.1214 1.37445 16.2146 0.3346 272600000000 152500000000
 0.7800   494383 0.7900   503014      1       -1       -1       -1  0 3.05067e+11 2.19300e+11 134.522000 20.095000 70.620000  1 0.3600 105.430000 56.09940 32.43145 47.90676 383.800 322.150 217.970 3.029e+10 -5.106e+10 -2.660e+10 0.02147 341739 341739 680073 4718 66 341716 341781 20.0951 219260000000 219260000000 190660000000 123930000000 9533000000 9.15504 0 0.02109 0.59748 0.32688 28.7535 10.1878 13.8826 0.37532 0.01944 20.912 2.28796 12.974 0.3459 268700000000 152500000000
 0.7700   485703 0.7800   494383      1       -1       -1       -1  0 3.05067e+11 2.38300e+11 138.811000 28.411000 69.400000  1 0.3600 103.680000 56.01754 32.36403 47.87785 374.920 315.560 212.190 2.342e+10 9.756e+08 1.253e+10 0.00747 341740 341740 680073 5760 65 341716 341781 28.4111 238320000000 266920000000 181130000000 123930000000 9533000000 11.5251 0 0.00753 0.52947 0.34497 35.1528 23.2121 4.4802 0.38959 0.12445 17.6342 6.25526 16.3954 0.3337 286900000000 181100000000
 0.7600   477002 0.7700   485703      1       -1       -1       -1  0 3.05067e+11 2.95500e+11 149.661000 54.265000 79.200000  1 0.3600 106.280000 55.93829 32.27096 47.86362 360.670 312.140 209.350 8.958e+09 -3.939e+11 -3.197e+11 0.08553 341741 341741 680073 5811 64 341716 341781 54.2645 295520000000 314590000000 190660000000 57198000000 0 8.21375 6.26 0.10096 0.25901 0.11891 46.0291 34.4828 -13.2607 0.44183 0.07612 15.4824 26.7786 5.39922 0.4309 287400000000 400400000000
 0.7500   468274 0.7600   477002      1       -1       -1       -1  0 3.05067e+11 2.28800e+11 137.908000 16.354000 71.090000  1 0.3600 113.350000 55.88904 32.25995 47.79065 357.710 306.180 198.820 2.295e+10 2.752e+10 -5.180e+10 0.02005 341742 341742 680073 5840 63 341716 341781 16.3538 228790000000 257390000000 200190000000 123930000000 0 13.0893 4.51 0.01929 0.87407 0.33684 -14.6881 -18.8283 23.0425 0.83489 0.04861 6.98302 -17.3228 24.0343 0.3198 258200000000 123900000000
 0.7400   459463 0.7500   468274      1       -1       -1       -1  0 3.05067e+11 2.28800e+11 138.390000 20.682000 72.810000  1 0.3600 109.000000 55.81182 32.19247 47.76435 346.590 299.400 193.790 7.986e+10 -1.479e+10 -1.490e+10 0.02645 341743 341743 680073 5854 62 341716 341781 20.6817 228790000000 266920000000 190660000000 104860000000 0 15.5225 0 0.02542 0.86342 0.37326 5.16203 -8.48531 30.8415 0.20349 0.07328 17.7343 -9.85585 22.7283 0.3271 263200000000 133500000000
 0.7300   450642 0.7400   459463      1       -1       -1       -1  0 3.05067e+11 2.38300e+11 140.770000 25.768000 72.340000  1 0.3600 107.430000 55.75083 32.11244 47.71277 337.770 294.720 184.460 6.017e+10 2.022e+10 -7.928e+09 0.01894 341744 341744 680073 4891 61 341716 341781 25.7683 238320000000 295520000000 190660000000 114400000000 0 13.8765 0 0.01849 0.27952 0.09355 -0.17271 5.86011 38.9493 0.11696 0 -7.62385 0.48401 33.2749 0.325 251100000000 190700000000
 0.7200   441794 0.7300   450642      1       -1       -1       -1  0 3.05067e+11 2.66900e+11 146.690000 31.135000 80.590000  1 0.3600 109.860000 55.67204 32.04898 47.67116 329.870 289.920 177.260 7.928e+10 -1.971e+11 -2.982e+10 0.04939 341745 341745 680073 5932 60 341716 341781 31.1352 266920000000 295520000000 200190000000 142990000000 0 15.3549 7.29 0.05162 0.2963 0.19429 11.0396 5.19012 42.8778 0.08412 0 1.56899 12.3141 32.6798 0.3874 260100000000 219300000000
 0.7100   432879 0.7200   441794      1       -1       -1       -1  0 3.05067e+11 2.66900e+11 147.186000 30.799000 80.610000  1 0.3600 110.650000 55.59961 32.00835 47.63510 316.350 290.610 168.870 4.235e+09 -1.087e+11 -4.798e+10 0.02737 341746 341746 680073 4928 59 341716 341781 30.799 266920000000 285990000000 238320000000 133460000000 9533000000 9.32561 6.14 0.02876 0.36199 0.11791 15.2919 10.8576 38.6992 0.37968 0.01022 -4.33557 -3.73044 20.9935 0.3892 255100000000 238300000000
 0.7000   423906 0.7100   432879      1       -1       -1       -1  0 3.05067e+11 2.66900e+11 147.677000 32.613000 72.520000  1 0.3600 110.490000 55.51970 31.92873 47.60836 308.370 282.190 165.350 2.170e+10 -1.166e+11 1.010e+10 0.02989 341747 341747 680073 6009 58 341716 341781 32.6134 266920000000 285990000000 238320000000 133460000000 28599000000 4.91519 1.57 0.02894 0.71388 0.36271 -0.24006 11.2591 32.6158 0.65736 0.00104 17.0878 -16.134 -4.10217 0.3022 252000000000 238300000000
 0.6900   414912 0.7000   423906      1       -1       -1       -1  0 3.05067e+11 2.76500e+11 149.908000 31.100000 73.710000  1 0.3600 113.310000 55.43489 31.86367 47.56609 298.620 277.210 160.860 -1.160e+10 -3.609e+10 6.098e+10 0.01682 341748 341748 680073 6025 57 341716 341781 31.0998 276460000000 276460000000 247860000000 76264000000 0 13.7534 5.65 0.01656 0.70839 0.3797 -8.50141 13.8717 31.2893 0.34829 0.01163 6.96511 -2.35536 26.9985 0.3114 264700000000 247900000000
 0.6800   405906 0.6900   414912      1       -1       -1       -1  0 3.05067e+11 2.76500e+11 150.397000 47.698000 74.160000  1 0.3600 109.210000 55.35232 31.79901 47.49461 296.250 267.790 152.020 -7.158e+10 -3.645e+10 8.548e+10 0.02530 341749 341749 680073 6034 56 341716 341781 47.6977 276460000000 295520000000 219260000000 66731000000 9533000000 34.021 9.16 0.02721 0.35571 0.14547 1.04834 5.18006 36.3653 0.25673 0.06257 9.33481 5.23024 33.5909 0.3548 251300000000 305100000000
 0.6700   396910 0.6800   405906      1       -1       -1       -1  0 3.05067e+11 2.86000e+11 152.596000 47.012000 71.700000  1 0.3600 111.310000 55.28729 31.74174 47.50259 288.600 266.000 142.250 -2.837e+10 -4.145e+10 4.598e+10 0.01502 341750 341750 680073 5965 55 341716 341781 47.0121 285990000000 285990000000 219260000000 104860000000 28599000000 20.279 8.29 0.01501 0.45941 0.19582 -3.9737 7.67295 25.7748 0.57179 0.16128 -7.2717 1.32241 18.9311 0.3035 257200000000 295500000000
 0.6600   387985 0.6700   396910      1       -1       -1       -1  0 3.05067e+11 2.19300e+11 140.105000 23.012000 64.350000  1 0.3600 110.500000 55.19613 31.64856 47.44714 281.520 257.570 140.570 9.664e+10 -1.007e+11 2.538e+10 0.05197 341751 341751 680073 6082 54 341716 341781 23.0116 219260000000 266920000000 200190000000 104860000000 0 10.061 0 0.049 0.33521 0.14689 3.78479 11.6046 43.4873 0.44393 0.1953 -6.79398 7.21394 27.1112 0.2561 244200000000 162100000000
 0.6500   378951 0.6600   387985      1       -1       -1       -1  0 3.05067e+11 2.47900e+11 146.407000 25.102000 64.020000  1 0.3600 115.010000 55.13293 31.60110 47.44147 273.060 258.180 132.170 3.034e+10 -2.051e+10 9.121e+10 0.03035 341752 341752 680073 4989 53 341716 341781 25.1019 247860000000 257390000000 190660000000 142990000000 19066000000 16.2059 0 0.02784 0.63092 0.41196 12.7187 -0.829 35.1435 0.56192 0.15174 -14.665 7.08339 30.5727 0.2276 249200000000 143000000000
 0.6400   369875 0.6500   378951      1       -1       -1       -1  0 3.05067e+11 2.76500e+11 152.304000 44.482000 68.850000  1 0.3600 112.540000 55.05382 31.52838 47.39502 263.650 253.730 124.680 -1.086e+10 -3.446e+10 1.734e+10 0.01006 341753 341753 680073 4981 52 341716 341781 44.4819 276460000000 276460000000 238320000000 123930000000 0 21.0175 4.76 0.00952 0.58154 0.33609 18.8878 -5.03513 30.5671 0.81792 0.51484 -17.0623 -7.60159 18.4355 0.2488 244900000000 276500000000
 0.6300   360764 0.6400   369875      1       -1       -1       -1  0 3.05067e+11 2.00200e+11 137.184000 41.964000 73.020000  1 0.3600 101.350000 55.03973 31.39756 47.37564 252.620 247.250 124.600 -2.935e+10 7.870e+09 1.966e+08 0.01077 341754 341754 680073 6074 51 341716 341781 41.9637 200190000000 266920000000 162060000000 28599000000 0 54.2333 0 0.01244 0.08903 0.00151 -47.0148 55.3456 9.73275 0.79426 0.01927 -17.2543 20.7893 11.7358 0.4034 284900000000 295500000000
 0.6200   351663 0.6300   360764      1       -1       -1       -1  0 3.05067e+11 2.76500e+11 153.225000 26.457000 72.950000  1 0.3600 121.430000 54.90882 31.38221 47.32213 248.330 241.830 114.060 2.083e+09 -8.972e+10 9.612e+09 0.02286 341755 341755 680073 6067 50 341716 341781 26.4571 276460000000 276460000000 266920000000 104860000000 0 14.3713 0 0.02172 0.13717 0.08456 38.0758 -8.54384 41.9232 0.21662 0.02466 28.2823 -13.3287 27.2001 0.2706 277000000000 209700000000
 0.6100   342539 0.6200   351663      1       -1       -1       -1  0 3.05067e+11 2.76500e+11 153.678000 22.819000 72.650000  1 0.3600 125.380000 54.83064 31.30169 47.27297 240.070 237.080 108.420 2.926e+09 -8.745e+10 9.860e+09 0.02232 341756 341756 680073 6080 49 341716 341781 22.8192 276460000000 276460000000 266920000000 104860000000 0 12.7534 0 0.02133 0.17138 0.0565 50.2927 -6.10289 33.4485 0.81821 0.4139 25.0681 -6.16576 20.6834 0.2719 293700000000 152500000000
 0.6000   333404 0.6100   342539      1       -1       -1       -1  0 3.05067e+11 3.05100e+11 159.265000 28.323000 73.990000  1 0.3600 126.600000 54.76448 31.22757 47.25041 232.800 233.510 110.620 3.986e+10 -4.372e+10 8.165e+09 0.01297 341757 341757 680073 6110 48 341716 341781 28.3231 305060000000 305060000000 305060000000 104860000000 0 7.47288 0 0.01236 0.39101 0.10161 51.7192 4.33646 34.8473 0.85378 0.46677 -20.0473 15.2372 30.8094 0.2605 295600000000 238300000000
 0.5900   324232 0.6000   333404      1       -1       -1       -1  0 3.05067e+11 3.14600e+11 161.367000 31.496000 72.580000  1 0.3600 127.050000 54.70757 31.14349 47.23222 226.640 226.790 107.860 2.517e+10 -1.916e+10 5.402e+10 0.01304 341758 341758 680073 6188 47 341716 341781 31.4957 314590000000 314590000000 295520000000 123930000000 19066000000 23.2465 0 0.0124 0.49556 0.23985 44.778 4.21798 16.9119 0.80079 0.58452 -12.0164 9.28202 11.9294 0.2472 298400000000 247900000000
 0.5800   314989 0.5900   324232      1       -1       -1       -1  0 2.98700e+11 2.95500e+11 158.482000 26.483000 70.460000  1 0.3600 128.310000 54.60440 31.06655 47.18842 218.680 226.010 101.570 4.800e+10 2.034e+10 1.186e+11 0.03171 341759 341759 680073 6169 46 341716 341781 26.4825 295520000000 295520000000 276460000000 190660000000 0 8.4358 0 0.02868 0.4228 0.25855 56.983 13.3787 13.1735 0.82495 0.02097 35.7685 3.61297 11.3108 0.222 281600000000 219300000000
 0.5700   305749 0.5800   314989      1       -1       -1       -1  0 2.89167e+11 2.86000e+11 157.192000 23.075000 71.850000  1 0.3600 130.700000 54.53068 30.99387 47.15252 212.900 220.030 96.600 3.453e+10 3.539e+10 8.346e+10 0.02580 341760 341760 680073 6140 45 341716 341781 23.0746 285990000000 285990000000 276460000000 209730000000 0 3.91153 0 0.02284 0.13008 0.09647 58.7812 17.4581 16.9138 0.10182 0 40.326 10.8649 13.0215 0.223 280300000000 200200000000
 0.5600   296502 0.5700   305749      1       -1       -1       -1  0 2.89167e+11 2.86000e+11 157.617000 27.335000 74.070000  1 0.3600 128.050000 54.46107 30.91921 47.11799 204.750 214.920 93.070 3.343e+10 3.577e+10 8.297e+10 0.02553 341761 341761 680073 6134 44 341716 341781 27.3348 285990000000 285990000000 276460000000 171590000000 9533000000 9.49372 0 0.02286 0.63143 0.36167 41.0524 12.9172 6.36076 0.22478 0.06218 -11.908 -18.095 22.5879 0.2382 284500000000 219300000000
 0.5500   287261 0.5600   296502      1       -1       -1       -1  0 2.73267e+11 2.95500e+11 159.771000 39.826000 73.000000  1 0.3600 124.360000 54.40572 30.83730 47.09133 196.670 209.890 89.710 1.335e+10 -2.296e+10 2.556e+10 0.00883 341762 341762 680073 6149 43 341716 341781 39.8259 295520000000 295520000000 266920000000 152530000000 9533000000 22.69 3.65 0.00835 0.41586 0.37742 36.7751 8.65541 -4.6328 0.30062 0.0207 24.2374 12.0958 -1.8876 0.2504 269500000000 295500000000
 0.5400   278047 0.5500   287261      1       -1       -1       -1  0 2.47833e+11 2.38300e+11 149.103000 55.388000 69.130000  1 0.3600 113.320000 54.39509 30.75101 47.05080 188.110 205.680 88.560 2.711e+10 -1.473e+11 -6.773e+10 0.04854 341763 341763 680073 6115 42 341716 341781 55.3878 238320000000 247860000000 171590000000 38132000000 0 35.1819 8.12 0.05369 0.15333 0.13459 47.237 -24.5767 -5.3824 0.32043 0 -14.7864 28.0244 8.30585 0.3181 277300000000 381300000000
 0.5300   268806 0.5400   278047      1       -1       -1       -1  0 2.25600e+11 2.09700e+11 143.246000 51.862000 69.700000  1 0.3600 109.590000 54.32857 30.67833 47.01094 180.140 195.040 72.580 3.006e+10 -1.234e+11 -1.068e+11 0.05649 341764 341764 680073 6098 41 341716 341781 51.862 209730000000 209730000000 123930000000 38132000000 0 44.4909 18.67 0.06759 0.23378 0.051 60.2377 -8.88391 -18.2409 0.15995 0 31.3581 -4.24614 6.78255 0.3868 247700000000 352700000000
 0.5200   259573 0.5300   268806      1       -1       -1       -1  0 2.06533e+11 2.28800e+11 147.828000 57.542000 64.990000  1 0.3600 113.450000 54.26059 30.59871 46.97460 176.570 179.690 81.340 -6.305e+10 -2.128e+11 -2.549e+11 0.10428 341765 341765 680073 4956 40 341716 341781 57.5422 228790000000 228790000000 76264000000 19066000000 0 25.949 2.9 0.1201 0.08359 0.04671 88.1073 4.91041 -5.50487 0 0 0 0 0 0.304 240700000000 362300000000
 0.5100   250290 0.5200   259573      1       -1       -1       -1  0 2.00200e+11 1.81100e+11 137.086000 47.564000 64.960000  1 0.3600 106.350000 54.18850 30.52134 46.93676 182.730 191.080 67.050 -4.275e+10 -1.175e+11 -1.056e+11 0.06841 341766 341766 680073 4901 39 341716 341781 47.5639 181130000000 181130000000 66731000000 0 0 39.1755 22.78 0.08658 0.36456 0.16789 60.2586 12.9331 -17.3478 0 0 0 0 0 0.398 230800000000 295500000000
 0.5000   241117 0.5100   250290      1       -1       -1       -1  0 1.84300e+11 1.90700e+11 139.781000 18.160000 53.930000  1 0.3600 123.610000 54.03659 30.43610 46.96413 155.760 185.260 65.860 -7.160e+09 -9.556e+10 -2.187e+10 0.05333 341767 341767 680073 4923 38 341716 341781 18.16 190660000000 190660000000 171590000000 152530000000 0 13.9334 3.04 0.04815 0.01972 0 9.17395 17.4957 44.0935 0.02071 0 10.2847 19.7048 48.5402 0.1703 195600000000 85800000000
 0.4900   231928 0.5000   241117      1       -1       -1       -1  0 1.81133e+11 1.81100e+11 137.729000 24.035000 50.010000  1 0.3600 116.420000 53.97589 30.35032 46.93260 149.310 180.290 64.720 -3.593e+10 -7.804e+10 -6.379e+09 0.04930 341768 341768 680073 6046 37 341716 341781 24.0346 181130000000 181130000000 171590000000 57198000000 0 24.8134 0 0.04639 0.32581 0.14373 37.0632 28.3467 52.4963 0.84652 0.25809 -8.80384 10.8685 38.7584 0.1659 175400000000 143000000000
 0.4800   222783 0.4900   231928      1       -1       -1       -1  0 1.74767e+11 1.71600e+11 135.574000 24.613000 48.240000  1 0.3600 114.700000 53.90817 30.25916 46.89164 143.340 172.750 65.760 -1.458e+10 -6.466e+10 3.999e+09 0.04035 341769 341769 680073 6263 36 341716 341781 24.6132 171590000000 171590000000 162060000000 19066000000 0 22.218 0 0.03948 0.39094 0.01992 47.9647 30.1633 38.6378 0 0 0 0 0 0.1714 163800000000 123900000000
 0.4700   213650 0.4800   222783      1       -1       -1       -1  0 1.33467e+11 1.71600e+11 135.872000 32.716000 47.530000  1 0.3600 111.580000 53.78871 30.16913 46.83527 144.850 170.060 63.070 8.721e+09 -7.310e+10 1.619e+10 0.04452 341770 341770 680073 6228 35 341716 341781 32.7163 171590000000 171590000000 152530000000 0 0 21.3513 5.88 0.04525 0.20073 0.01742 66.0932 18.6305 48.6271 0 0 0 0 0 0.1816 154600000000 171600000000
 0.4600   204531 0.4700   213650      1       -1       -1       -1  0 1.23933e+11 5.72000e+10 94.409000 11.452000 32.680000  1 0.3600 87.060000 53.78320 30.13032 46.77000 129.270 158.550 62.690 -5.113e+09 1.477e+10 6.590e+09 0.05498 341771 341771 680073 4873 34 341716 341781 11.452 57198000000 57198000000 57198000000 19066000000 19066000000 36.8545 0 0.06416 0.53115 0.30403 -3.76612 26.6768 -22.9065 0 0 0 0 0 0.1646 157400000000 19070000000
 0.4500   195476 0.4600   204531      1       -1       -1       -1  0 1.01700e+11 1.43000e+11 128.398000 37.401000 41.930000  1 0.3600 105.150000 53.65060 29.99091 46.77664 126.220 156.670 52.050 3.899e+10 -5.307e+10 3.728e+10 0.05829 341772 341772 680073 5039 33 341716 341781 37.4012 142990000000 142990000000 123930000000 0 0 24.1159 0 0.06277 0.34663 0.0009 59.4833 3.47241 -5.83757 0 0 0 0 0 0.1655 148200000000 162100000000
 0.4400   186419 0.4500   195476      1       -1       -1       -1  0 1.01700e+11 1.04900e+11 116.020000 39.726000 33.770000  1 0.3600 94.760000 53.58865 29.89874 46.74755 128.210 148.960 62.460 -1.333e+10 9.063e+09 2.635e+10 0.03911 341773 341773 680073 6153 32 341716 341781 39.7259 104860000000 104860000000 57198000000 38132000000 0 34.4048 10.85 0.04341 0.29146 0.12473 51.5527 14.6003 -2.83908 0.48253 0.10013 42.4818 3.96859 -16.6387 0.148 141100000000 162100000000
 0.4300   177402 0.4400   186419      1       -1       -1       -1  0 9.21533e+10 5.72000e+10 94.979000 21.375000 31.880000  1 0.3600 81.180000 53.51728 29.80948 46.71654 118.110 143.160 69.680 -4.133e+09 -5.102e+08 -3.925e+09 0.01915 341774 341774 680073 4992 31 341716 341781 21.3747 57198000000 57198000000 57198000000 0 0 39.1137 0 0.02232 0.10967 0 47.0092 10.2063 -28.8698 0 0 0 0 0 0.1547 137400000000 47660000000
 0.4200   168422 0.4300   177402      1       -1       -1       -1  0 9.21533e+10 9.53300e+10 112.822000 26.526000 35.740000  1 0.3600 96.800000 53.44128 29.73475 46.66715 119.850 135.470 52.760 -1.859e+10 -1.121e+10 -1.652e+10 0.04192 341775 341775 680073 5039 30 341716 341781 26.5259 95330000000 95330000000 95330000000 9533000000 9533000000 27.0638 0 0.04591 0.48864 0.04263 30.3432 14.7307 6.14006 0 0 0 0 0 0.1327 117700000000 95330000000
 0.4100   159546 0.4200   168422      1       -1       -1       -1  0 9.21533e+10 9.53300e+10 113.027000 32.466000 39.610000  1 0.3600 95.970000 53.36962 29.64662 46.63402 111.030 129.790 49.330 -1.867e+10 -8.495e+09 2.638e+09 0.03286 341776 341776 680073 4980 29 341716 341781 32.4663 95330000000 95330000000 85797000000 19066000000 9533000000 46.4912 4.5 0.0352 0.25835 0.01203 31.454 16.1243 8.34286 0 0 0 0 0 0.1509 115800000000 95330000000
 0.4000   150757 0.4100   159546      1       -1       -1       -1  0 8.89767e+10 8.58000e+10 109.317000 14.937000 45.140000  1 0.3600 103.830000 53.29816 29.55783 46.60092 103.870 126.680 45.160 -1.767e+10 -1.285e+10 -9.268e+09 0.04514 341777 341777 680073 5995 28 341716 341781 14.9365 85797000000 85797000000 85797000000 38132000000 0 43.2708 0 0.04869 0.0932 0 56.1114 8.09969 -23.3203 0.54469 0.10671 32.8569 33.1491 -7.80128 0.2025 103300000000 38130000000
 0.3900   142070 0.4000   150757      1       -1       -1       -1  0 8.26200e+10 8.58000e+10 109.502000 11.676000 37.440000  1 0.3600 110.460000 53.23412 29.47138 46.55833 106.480 129.870 39.910 -1.719e+10 -1.036e+10 4.717e+09 0.04314 341778 341778 680073 5945 27 341716 341781 11.6757 85797000000 85797000000 85797000000 76264000000 0 28.1323 0 0.04281 0.28661 0.08519 47.8931 26.1284 7.54066 0.44558 0.18403 36.2734 27.4506 10.0637 0.1301 98260000000 9533000000
 0.3800   133592 0.3900   142070      1       -1       -1       -1  0 7.30867e+10 7.62600e+10 105.456000 19.255000 30.740000  1 0.3600 97.360000 53.16338 29.38129 46.52399 101.870 121.270 42.820 -8.583e+09 -4.895e+09 2.079e+09 0.02561 341779 341779 680073 5853 26 341716 341781 19.2553 76264000000 76264000000 76264000000 47665000000 0 23.3868 0 0.02582 0.40617 0.21368 37.253 19.5509 11.7888 0 0 34.2789 20.7481 -2.62451 0.1004 96690000000 57200000000
 0.3700   125094 0.3800   133592      1       -1       -1       -1  0 6.35533e+10 5.72000e+10 95.962000 8.593000 28.880000  1 0.3600 102.870000 53.09286 29.29060 46.48974 103.070 119.320 39.290 -6.013e+09 -6.040e+09 2.700e+09 0.03620 341780 341780 680073 4754 25 341716 341781 8.59313 57198000000 57198000000 57198000000 57198000000 9533000000 15.1373 0 0.03739 0.91778 0.00337 9.01966 -10.761 15.6471 0.57348 0 -5.55218 -12.9171 17.3627 0.0965 96040000000 19070000000
 0.3600   116608 0.3700   125094      0       -1       -1       -1  0 5.72000e+10 5.72000e+10 96.105000 7.693000 31.450000  1 0.3600 107.040000 53.02256 29.19933 46.45561 100.040 109.860 34.570 -2.062e+09 -1.756e+09 6.270e+09 0.02945 341781 341781 680073 5618 24 341716 341781 7.69298 57198000000 57198000000 57198000000 47665000000 0 21.3147 0 0.02894 0.54864 0.07976 25.1906 -9.29116 -9.78826 0.53883 0.04193 24.8018 -8.55182 -10.9799 0.098 92900000000 9533000000
