 1.0000   682062 0.0000       -1      1       -1       -1       -1  0 2.63733e+11 2.28800e+11 125.126000 7.042000 106.040000  1 0.3600 123.360000 56.65944 41.47920 55.22853 168.000 -284.830 -47.960 6.678e+10 3.708e+10 2.433e+10 0.02285 454732 454732 682062 7577 88 454731 454796 7.04209 228790000000 238320000000 209730000000 181130000000 95330000000 7.25698 0 0.02233 0.77579 0.35445 11.0526 3.77355 -4.98123 0.74657 0.3504 9.30458 7.03813 -2.60486 0.5682 381300000000 76260000000
 0.9900   673958 1.0000   682062      1       -1       -1       -1  0 2.63733e+11 2.28800e+11 125.653000 6.776000 103.800000  1 0.3600 125.190000 56.64230 41.50764 55.23544 165.990 -281.450 -47.770 6.645e+10 3.641e+10 2.415e+10 0.02272 454733 454733 682062 7573 87 454731 454796 6.77639 228790000000 238320000000 200190000000 181130000000 66731000000 6.0401 0 0.02221 0.72038 0.3847 16.4708 4.11145 -3.81268 0.63447 0.26753 15.1403 9.73116 0.06657 0.5574 377100000000 66730000000
 0.9800   665509 0.9900   673958      1       -1       -1       -1  0 2.63733e+11 2.28800e+11 126.180000 8.229000 102.000000  1 0.3600 119.280000 56.62465 41.53509 55.23965 163.980 -278.070 -47.640 6.594e+10 3.544e+10 2.381e+10 0.02220 454734 454734 682062 7568 86 454731 454796 8.22859 228790000000 238320000000 200190000000 181130000000 85797000000 7.85471 0 0.02201 0.62776 0.40385 20.5748 -4.35517 -3.45961 0.65563 0.22506 17.1511 -10.3409 -1.48722 0.5554 354300000000 85800000000
 0.9700   657104 0.9800   665509      1       -1       -1       -1  0 2.63733e+11 2.28800e+11 126.706000 9.925000 96.110000  1 0.3600 114.190000 56.61111 41.57028 55.24452 163.030 -279.260 -44.320 7.199e+10 5.814e+10 1.064e+11 0.04126 454735 454735 682062 6599 85 454731 454796 9.92504 228790000000 228790000000 200190000000 190660000000 76264000000 7.83434 0 0.03962 0.51772 0.42587 21.5423 -5.41539 0.48125 0.49799 0.09891 16.697 -8.78687 1.75019 0.507 323200000000 95330000000
 0.9600   648761 0.9700   657104      1       -1       -1       -1  0 2.63733e+11 2.19300e+11 125.439000 8.961000 90.050000  1 0.3600 115.570000 56.59175 41.60126 55.24871 162.550 -273.850 -45.680 4.771e+10 6.515e+10 8.855e+10 0.03851 454736 454736 682062 7613 84 454731 454796 8.9615 219260000000 228790000000 219260000000 171590000000 66731000000 5.29733 0 0.03627 0.66393 0.61299 21.3841 -7.12667 -0.58062 0.58082 0.31427 -9.64252 15.7531 5.88376 0.4722 338900000000 76260000000
 0.9500   640418 0.9600   648761      1       -1       -1       -1  0 2.63733e+11 2.19300e+11 125.956000 10.686000 84.210000  1 0.3600 111.120000 56.57212 41.63026 55.26114 160.280 -272.840 -46.040 3.812e+10 5.911e+10 7.844e+10 0.03447 454737 454737 682062 7686 83 454731 454796 10.6863 219260000000 238320000000 219260000000 171590000000 0 2.78161 0 0.03199 0.70139 0.58404 28.565 -3.25403 -7.00218 0.78276 0.64735 20.7705 -13.0322 -0.08706 0.4299 320300000000 104900000000
 0.9400   632099 0.9500   640418      1       -1       -1       -1  0 2.63733e+11 2.19300e+11 126.472000 10.692000 81.910000  1 0.3600 111.580000 56.55362 41.66136 55.26471 158.040 -269.890 -45.960 3.899e+10 5.820e+10 7.916e+10 0.03476 454738 454738 682062 7692 82 454731 454796 10.6917 219260000000 238320000000 219260000000 181130000000 0 2.05422 0 0.0322 0.6255 0.54831 31.0355 -0.6855 -3.16584 0.19064 0.00971 30.7966 1.9243 0.62551 0.4139 322200000000 95330000000
 0.9300   623762 0.9400   632099      1       -1       -1       -1  0 2.63733e+11 2.19300e+11 126.987000 10.222000 81.670000  1 0.3600 113.280000 56.53333 41.69534 55.27294 155.710 -266.950 -45.780 4.123e+10 5.727e+10 8.013e+10 0.03458 454739 454739 682062 7673 81 454731 454796 10.2218 219260000000 238320000000 219260000000 171590000000 9533000000 4.07647 0 0.03263 0.55982 0.51175 27.5994 3.10525 0.56645 0.84869 0.72512 28.9736 9.94388 -12.1279 0.4198 342300000000 76260000000
 0.9200   615416 0.9300   623762      1       -1       -1       -1  0 2.63733e+11 2.19300e+11 127.501000 11.505000 84.040000  1 0.3600 110.610000 56.51843 41.73094 55.27606 151.890 -260.560 -42.930 5.977e+10 6.360e+10 9.067e+10 0.04062 454740 454740 682062 7645 80 454731 454796 11.5055 219260000000 228790000000 219260000000 181130000000 19066000000 3.11016 0 0.03859 0.69482 0.5725 23.4523 1.60808 2.07692 0.79928 0.19592 16.6828 2.65512 3.79779 0.4339 321500000000 85800000000
 0.9100   607039 0.9200   615416      1       -1       -1       -1  0 2.63733e+11 2.28800e+11 129.843000 14.158000 83.170000  1 0.3600 107.920000 56.48546 41.77061 55.27768 149.410 -257.890 -43.420 6.842e+10 5.344e+10 1.019e+11 0.04077 454741 454741 682062 7713 79 454731 454796 14.1579 228790000000 228790000000 219260000000 162060000000 47665000000 15.2067 0 0.03837 0.73749 0.46522 19.0252 -2.66249 -2.44304 0.6975 0.16924 12.381 -2.73673 -3.84265 0.4164 290200000000 114400000000
 0.9000   598661 0.9100   607039      1       -1       -1       -1  0 2.63733e+11 2.28800e+11 130.362000 11.999000 83.660000  1 0.3600 112.460000 56.46929 41.79836 55.27914 147.050 -254.330 -43.380 6.760e+10 5.251e+10 1.012e+11 0.04214 454742 454742 682062 7717 78 454731 454796 11.9987 228790000000 228790000000 219260000000 171590000000 47665000000 12.5924 0 0.03813 0.56764 0.35076 21.347 3.54332 2.4496 0.25255 0.13234 14.9737 2.67308 1.30874 0.3985 280300000000 104900000000
 0.8900   590246 0.9000   598661      1       -1       -1       -1  0 2.63733e+11 2.28800e+11 130.880000 10.489000 85.300000  1 0.3600 116.640000 56.45641 41.83365 55.28221 144.680 -250.790 -43.370 6.664e+10 5.187e+10 1.006e+11 0.04197 454743 454743 682062 7770 77 454731 454796 10.4894 228790000000 228790000000 200190000000 171590000000 57198000000 11.5885 0 0.03792 0.77742 0.35824 18.6192 10.42 7.19152 0.66236 0.04087 16.6885 7.59243 7.08925 0.4056 314000000000 95330000000
 0.8800   581864 0.8900   590246      1       -1       -1       -1  0 2.63733e+11 2.28800e+11 131.395000 9.265000 86.750000  1 0.3600 120.880000 56.44534 41.86669 55.30251 142.320 -247.250 -43.390 6.549e+10 5.169e+10 9.998e+10 0.04179 454744 454744 682062 7743 76 454731 454796 9.26547 228790000000 238320000000 200190000000 162060000000 85797000000 7.53596 0 0.03773 0.64586 0.55003 20.8539 8.27393 2.79041 0.43801 0.39685 20.1203 5.0442 5.35173 0.4119 312300000000 85800000000
 0.8700   573388 0.8800   581864      1       -1       -1       -1  0 2.63733e+11 2.28800e+11 131.910000 7.085000 90.410000  1 0.3600 130.480000 56.42563 41.90137 55.30692 137.130 -244.610 -43.230 7.625e+10 1.285e+11 5.473e+10 0.05182 454745 454745 682062 6810 75 454731 454796 7.08506 228790000000 238320000000 200190000000 171590000000 66731000000 5.89499 3.74 0.04628 0.85304 0.48558 14.1652 4.30521 -5.80703 0.74886 0.49574 10.143 -2.56382 -10.3934 0.4229 368400000000 57200000000
 0.8600   564917 0.8700   573388      1       -1       -1       -1  0 2.63733e+11 2.19300e+11 130.557000 7.323000 94.280000  1 0.3600 127.610000 56.40142 41.94155 55.31007 135.450 -238.760 -38.620 7.679e+10 1.311e+11 3.748e+10 0.05535 454746 454746 682062 7877 74 454731 454796 7.32267 219260000000 247860000000 200190000000 162060000000 104860000000 9.38015 0 0.04905 0.57534 0.47178 20.1438 -3.24917 -13.2735 0.56354 0.30223 17.8889 -7.74204 -10.1652 0.4439 340400000000 66730000000
 0.8500   556476 0.8600   564917      1       -1       -1       -1  0 2.63733e+11 2.28800e+11 132.933000 9.055000 90.810000  1 0.3600 123.370000 56.38438 41.97116 55.30913 132.750 -235.120 -38.660 6.896e+10 8.749e+10 4.166e+10 0.03958 454747 454747 682062 7799 73 454731 454796 9.05505 228790000000 247860000000 200190000000 162060000000 104860000000 8.83198 2.82 0.03486 0.60467 0.38042 20.8103 -2.35729 -11.9494 0.64439 0.33235 18.2802 -2.54877 -13.2413 0.4143 312800000000 104900000000
 0.8400   547977 0.8500   556476      1       -1       -1       -1  0 2.63733e+11 2.19300e+11 131.561000 9.867000 87.550000  1 0.3600 119.170000 56.36580 42.00159 55.31615 129.970 -231.490 -38.720 7.516e+10 1.285e+11 3.730e+10 0.05430 454748 454748 682062 7836 72 454731 454796 9.86737 219260000000 247860000000 209730000000 162060000000 66731000000 7.34618 0 0.04849 0.64636 0.37347 21.0352 -4.47857 -4.77136 0.61709 0.10623 12.941 -4.47113 -8.08653 0.4106 296700000000 95330000000
 0.8300   539455 0.8400   547977      1       -1       -1       -1  0 2.63733e+11 2.28800e+11 133.948000 11.183000 82.450000  1 0.3600 118.220000 56.34280 42.03622 55.32206 129.150 -227.990 -36.210 6.947e+10 8.247e+10 3.907e+10 0.03686 454749 454749 682062 7843 71 454731 454796 11.1828 228790000000 247860000000 209730000000 162060000000 19066000000 6.44456 0 0.03389 0.41978 0.31464 30.1012 -2.42113 1.8394 0.12818 0.01821 36.2619 -2.76979 0.03418 0.3874 294800000000 85800000000
 0.8200   530863 0.8300   539455      1       -1       -1       -1  0 2.63733e+11 2.28800e+11 134.452000 12.642000 78.960000  1 0.3600 115.450000 56.31973 42.06993 55.32988 126.580 -224.480 -36.270 6.874e+10 8.139e+10 3.873e+10 0.03590 454750 454750 682062 6868 70 454731 454796 12.6422 228790000000 228790000000 209730000000 152530000000 9533000000 7.55788 0 0.03363 0.14004 0.04427 44.3986 -1.57595 5.69036 0.63788 0.38946 24.6053 3.28861 4.58371 0.3749 284100000000 85800000000
 0.8100   522221 0.8200   530863      1       -1       -1       -1  0 2.63733e+11 2.28800e+11 134.954000 13.211000 77.920000  1 0.3600 114.890000 56.29119 42.10559 55.33698 123.640 -216.310 -31.420 7.621e+10 1.002e+11 -1.776e+10 0.03951 454751 454751 682062 8034 69 454731 454796 13.2108 228790000000 247860000000 219260000000 190660000000 28599000000 18.1131 0 0.03788 0.21867 0.15882 40.0335 11.06 9.17106 0.33098 0 19.002 8.56074 1.62776 0.374 292700000000 66730000000
 0.8000   513534 0.8100   522221      1       -1       -1       -1  0 2.63733e+11 2.28800e+11 135.453000 16.240000 77.210000  1 0.3600 110.490000 56.26445 42.14853 55.34497 121.140 -212.510 -31.840 7.435e+10 9.775e+10 -1.702e+10 0.03878 454752 454752 682062 7014 68 454731 454796 16.2397 228790000000 238320000000 219260000000 142990000000 38132000000 21.6311 0 0.03711 0.27091 0.2244 26.8974 7.1685 12.8848 0.80169 0.07276 -5.68432 11.4217 -7.54527 0.3677 273700000000 114400000000
 0.7900   504890 0.8000   513534      1       -1       -1       -1  0 2.63733e+11 2.38300e+11 137.812000 18.019000 75.240000  1 0.3600 110.590000 56.24382 42.19169 55.35858 118.770 -206.930 -31.270 5.589e+10 1.037e+11 -2.816e+10 0.03575 454753 454753 682062 7965 67 454731 454796 18.0187 238320000000 257390000000 219260000000 142990000000 28599000000 20.7444 0 0.03401 0.87611 0.4394 24.4088 -2.46103 5.13701 0.16669 0.08465 -7.61047 17.5142 9.11555 0.3446 268900000000 133500000000
 0.7800   496247 0.7900   504890      1       -1       -1       -1  0 2.63733e+11 2.38300e+11 138.313000 18.130000 74.840000  1 0.3600 111.050000 56.24265 42.22812 55.36055 116.090 -204.980 -32.780 5.747e+10 1.023e+11 -2.763e+10 0.03757 454754 454754 682062 6914 66 454731 454796 18.13 238320000000 257390000000 219260000000 152530000000 9533000000 3.90026 2.37 0.03402 0.72191 0.64879 22.0285 9.63958 8.80509 0.69559 0.30802 9.62832 6.0752 18.0871 0.3191 271800000000 143000000000
 0.7700   487572 0.7800   496247      1       -1       -1       -1  0 2.63733e+11 2.38300e+11 138.811000 17.756000 74.380000  1 0.3600 112.090000 56.21794 42.26781 55.36496 113.590 -199.130 -31.680 5.583e+10 1.008e+11 -2.657e+10 0.03736 454755 454755 682062 8008 65 454731 454796 17.756 238320000000 257390000000 219260000000 133460000000 28599000000 3.73685 0 0.03351 0.83247 0.76598 25.4249 4.46346 7.58426 0.9065 0.21505 -10.2968 13.0338 -14.3945 0.3108 272100000000 133500000000
 0.7600   478874 0.7700   487572      1       -1       -1       -1  0 2.63733e+11 2.38300e+11 139.306000 19.222000 73.020000  1 0.3600 111.010000 56.20164 42.30350 55.37275 112.890 -193.110 -32.660 1.011e+10 6.359e+10 -1.491e+10 0.02114 454756 454756 682062 8001 64 454731 454796 19.2224 238320000000 247860000000 228790000000 142990000000 19066000000 9.42662 0 0.01882 0.81446 0.64985 18.1922 -6.03149 18.2865 0.33125 0.06486 6.36371 -13.112 15.9855 0.294 267200000000 143000000000
 0.7500   470153 0.7600   478874      1       -1       -1       -1  0 2.63733e+11 2.47900e+11 141.637000 18.134000 72.000000  1 0.3600 114.650000 56.17538 42.34359 55.37820 110.740 -192.340 -31.810 1.638e+10 9.426e+10 -7.949e+09 0.02880 454757 454757 682062 8067 63 454731 454796 18.1338 247860000000 247860000000 228790000000 142990000000 28599000000 3.80557 5.27 0.02574 0.88568 0.63196 21.7217 -5.44902 -9.55385 0.71815 0.2601 9.29707 -9.9516 20.9696 0.2865 282700000000 143000000000
 0.7400   461344 0.7500   470153      1       -1       -1       -1  0 2.63733e+11 2.38300e+11 140.286000 15.084000 72.800000  1 0.3600 117.870000 56.15815 42.37671 55.38823 107.000 -185.130 -33.200 9.126e+09 6.224e+10 -1.599e+10 0.02116 454758 454758 682062 8108 62 454731 454796 15.0838 238320000000 247860000000 228790000000 190660000000 28599000000 11.788 0 0.01867 0.95986 0.76167 -10.0593 3.29024 18.8883 0.34952 0.20163 -4.75985 -1.36893 16.6227 0.2859 287100000000 95330000000
 0.7300   452519 0.7400   461344      1       -1       -1       -1  0 2.63733e+11 2.38300e+11 140.770000 12.692000 74.270000  1 0.3600 123.230000 56.13238 42.42493 55.39500 104.050 -181.120 -33.470 9.432e+09 6.124e+10 -1.612e+10 0.02101 454759 454759 682062 7071 61 454731 454796 12.6923 238320000000 238320000000 238320000000 200190000000 0 4.91256 0 0.01851 0.84616 0.78382 27.8753 -10.6155 8.15741 0.68606 0.18026 15.5266 18.0514 12.5598 0.2921 322500000000 85800000000
 0.7200   443681 0.7300   452519      1       -1       -1       -1  0 2.63733e+11 2.38300e+11 141.252000 15.785000 77.610000  1 0.3600 118.110000 56.10588 42.46176 55.39775 101.100 -177.150 -33.790 9.155e+09 5.981e+10 -1.571e+10 0.02079 454760 454760 682062 8196 60 454731 454796 15.7846 238320000000 238320000000 238320000000 190660000000 57198000000 2.07264 0 0.01817 0.7576 0.67243 26.5177 -10.1988 11.7652 0.94021 0.54724 19.1594 12.5336 -1.53047 0.3058 281300000000 114400000000
 0.7100   434776 0.7200   443681      1       -1       -1       -1  0 2.63733e+11 2.47900e+11 143.594000 12.758000 79.920000  1 0.3600 126.610000 56.07763 42.51273 55.40345 98.850 -170.670 -32.590 1.867e+10 6.326e+10 -2.838e+10 0.02222 454761 454761 682062 7184 59 454731 454796 12.7576 247860000000 247860000000 228790000000 200190000000 19066000000 11.2813 0 0.01965 0.72537 0.30456 -18.9504 24.6171 -10.275 0.61023 0.19038 18.7628 -21.3393 13.0801 0.3161 311600000000 85800000000
 0.7000   425805 0.7100   434776      1       -1       -1       -1  0 2.63733e+11 2.38300e+11 142.203000 13.335000 81.180000  1 0.3600 124.080000 56.04882 42.55536 55.40177 98.150 -165.880 -30.060 3.095e+09 7.607e+09 -6.553e+09 0.00351 454762 454762 682062 8263 58 454731 454796 13.3346 238320000000 247860000000 219260000000 190660000000 0 19.0269 0 0.00309 0.57536 0.37146 22.9925 -22.6416 19.1708 0.54563 0.18702 -22.6585 20.6368 -12.7202 0.3227 281200000000 114400000000
 0.6900   416810 0.7000   425805      1       -1       -1       -1  0 2.63733e+11 2.38300e+11 142.672000 8.163000 85.060000  1 0.3600 141.310000 56.03712 42.59183 55.41762 90.750 -160.660 -26.480 4.226e+10 4.175e+10 3.545e+10 0.02553 454763 454763 682062 8305 57 454731 454796 8.16313 238320000000 247860000000 209730000000 200190000000 133460000000 6.42063 0 0.02043 0.91715 0.29526 -9.63484 16.441 -17.0668 0.83665 0.19337 3.90065 -5.75723 25.4158 0.2999 335300000000 66730000000
 0.6800   407800 0.6900   416810      1       -1       -1       -1  0 2.63733e+11 2.28800e+11 141.203000 7.375000 91.550000  1 0.3600 143.770000 56.02289 42.62777 55.43407 88.780 -157.550 -24.290 -9.899e+09 3.833e+10 5.393e+10 0.02698 454764 454764 682062 8358 56 454731 454796 7.37455 228790000000 238320000000 209730000000 181130000000 142990000000 9.87835 0 0.02127 0.45355 0.22896 17.7871 0.10351 21.298 0.37562 0.08535 17.6287 -0.51765 22.8342 0.3296 364500000000 57200000000
 0.6700   398807 0.6800   407800      1       -1       -1       -1  0 2.63733e+11 2.19300e+11 139.662000 7.508000 84.360000  1 0.3600 141.430000 55.99090 42.67616 55.43903 85.860 -152.220 -24.640 -9.101e+09 3.675e+10 4.895e+10 0.02640 454765 454765 682062 8364 55 454731 454796 7.50791 219260000000 219260000000 219260000000 181130000000 133460000000 11.081 0 0.02124 0.71667 0.57588 14.8351 -8.47816 19.8597 0.76355 0.58206 8.92038 -4.17657 20.174 0.31 325700000000 28600000000
 0.6600   389896 0.6700   398807      1       -1       -1       -1  0 2.63733e+11 2.19300e+11 140.105000 13.425000 74.890000  1 0.3600 122.880000 55.96577 42.72122 55.44639 84.400 -147.630 -25.670 -1.746e+09 2.820e+10 6.854e+10 0.02994 454766 454766 682062 8401 54 454731 454796 13.4246 219260000000 219260000000 219260000000 181130000000 19066000000 8.28594 0 0.0256 0.65151 0.31276 20.1105 -15.2714 19.3518 0.90619 0.03934 21.1615 -11.4149 11.8595 0.2867 268200000000 114400000000
 0.6500   380874 0.6600   389896      1       -1       -1       -1  0 2.63733e+11 2.19300e+11 140.544000 16.305000 69.200000  1 0.3600 118.600000 55.94961 42.75938 55.46737 81.170 -142.640 -25.800 -2.218e+09 2.746e+10 6.599e+10 0.02769 454767 454767 682062 7278 53 454731 454796 16.3047 219260000000 228790000000 200190000000 162060000000 19066000000 17.4098 0 0.02485 0.66848 0.32883 16.6795 -19.3728 24.0207 0.8283 0.24408 10.7919 -18.0108 19.8154 0.2755 225100000000 133500000000
 0.6400   371806 0.6500   380874      1       -1       -1       -1  0 2.63733e+11 2.28800e+11 142.993000 20.284000 65.640000  1 0.3600 116.390000 55.92315 42.78941 55.46058 77.640 -143.460 -29.260 -4.779e+09 3.334e+10 5.264e+10 0.02189 454768 454768 682062 7300 52 454731 454796 20.2842 228790000000 228790000000 190660000000 162060000000 38132000000 7.38899 6.24 0.02035 0.3486 0.25868 -13.729 32.2499 -14.9708 0.0453 0 -4.18583 52.0492 -32.8021 0.2659 229200000000 152500000000
 0.6300   362710 0.6400   371806      1       -1       -1       -1  0 2.63733e+11 2.19300e+11 141.408000 24.482000 61.960000  1 0.3600 111.630000 55.90347 42.83302 55.46720 73.280 -140.900 -30.020 3.614e+10 1.591e+10 9.678e+10 0.03987 454769 454769 682062 8416 51 454731 454796 24.4825 219260000000 219260000000 190660000000 104860000000 38132000000 9.38225 0 0.03678 0.4814 0.31144 -6.34027 14.7792 -8.4347 0.38798 0.02884 -3.89441 16.4549 -3.45403 0.2382 212100000000 171600000000
 0.6200   353604 0.6300   362710      1       -1       -1       -1  0 2.63733e+11 2.09700e+11 139.746000 30.796000 58.760000  1 0.3600 107.000000 55.88184 42.86692 55.47638 71.870 -133.170 -29.690 1.966e+10 3.307e+10 4.873e+10 0.02462 454770 454770 682062 8375 50 454731 454796 30.7955 209730000000 219260000000 190660000000 85797000000 0 13.9575 0 0.02368 0.08638 0.02268 -8.23812 39.5618 -8.66658 0 0 -2.17819 18.5089 -6.35529 0.2401 192200000000 190700000000
 0.6100   344467 0.6200   353604      1       -1       -1       -1  0 2.63733e+11 1.90700e+11 135.776000 21.576000 60.570000  1 0.3600 109.480000 55.85608 42.93504 55.51144 67.680 -131.630 -32.050 5.205e+10 3.037e+09 1.003e+11 0.05410 454771 454771 682062 8395 49 454731 454796 21.5765 190660000000 200190000000 152530000000 104860000000 0 15.101 0 0.05086 0.32449 0.18629 8.94588 -23.106 31.2866 0.35441 0.15202 7.55955 -20.8703 29.2233 0.2482 169700000000 133500000000
 0.6000   335340 0.6100   344467      1       -1       -1       -1  0 2.63733e+11 1.62100e+11 128.990000 19.458000 57.120000  1 0.3600 105.350000 55.83316 42.97289 55.52602 65.930 -129.310 -31.980 3.468e+09 -3.130e+10 6.230e+10 0.04486 454772 454772 682062 8403 48 454731 454796 19.4584 162060000000 190660000000 142990000000 104860000000 0 19.4228 0 0.04147 0.41294 0.21906 10.851 -29.0214 28.9749 0.38816 0.03632 4.60255 -26.8609 31.2004 0.2325 166800000000 104900000000
 0.5900   326173 0.6000   335340      1       -1       -1       -1  0 2.63733e+11 1.71600e+11 131.846000 23.436000 53.910000  1 0.3600 105.250000 55.79063 43.03126 55.50408 64.400 -123.800 -30.710 3.078e+10 6.523e+08 8.403e+10 0.05250 454773 454773 682062 8289 47 454731 454796 23.4362 171590000000 171590000000 133460000000 104860000000 9533000000 11.897 5.31 0.04867 0.31628 0.05576 0.74984 29.7138 -8.22532 0.05214 0.0091 1.02636 29.0452 -8.068 0.2089 173900000000 133500000000
 0.5800   316941 0.5900   326173      1       -1       -1       -1  0 2.63733e+11 1.62100e+11 129.721000 25.498000 52.950000  1 0.3600 102.470000 55.79523 43.07708 55.52533 57.740 -116.680 -28.400 3.761e+10 -1.080e+10 8.329e+10 0.05978 454774 454774 682062 8353 46 454731 454796 25.4982 162060000000 171590000000 162060000000 76264000000 28599000000 17.5319 0 0.05545 0.66727 0.25581 6.36624 22.8627 -10.7336 0.45568 0.14923 0.35245 -1.97427 16.4084 0.2055 161700000000 123900000000
 0.5700   307718 0.5800   316941      1       -1       -1       -1  1 2.63733e+11 1.76400e+11 133.825000 34.065000 51.170000  1 0.3600 103.560000 55.78361 43.10056 55.53105 57.740 -116.680 -28.400 5.672e+10 -1.034e+10 6.601e+10 0.05105 454775 454775 682062 9209 45 454731 454796 36.0971 176360000000 181125000000 142995000000 66731000000 14299500000 17.2813 3.65 0.04887 0.41573 0.172965 -6.19942 35.6197 -6.14862 0.54404 0.381995 14.7513 -5.10895 6.8834 0.1961 166150000000 176350000000
 0.5600   298474 0.5700   307718      1       -1       -1       -1  0 2.63733e+11 1.90700e+11 137.691000 42.633000 49.260000  1 0.3600 104.620000 55.75439 43.11610 55.53934 54.560 -102.830 -29.920 7.582e+10 -9.889e+09 4.874e+10 0.04231 454776 454776 682062 8282 44 454731 454796 42.6335 190660000000 190660000000 123930000000 57198000000 0 17.0308 7.3 0.04229 0.16419 0.09012 -18.7651 48.3767 -1.5636 0.6324 0.61476 29.1501 -8.24364 -2.64162 0.1867 170600000000 228800000000
 0.5500   289227 0.5600   298474      1       -1       -1       -1  0 2.63733e+11 1.33500e+11 122.580000 15.066000 43.670000  1 0.3600 106.460000 55.70887 43.16999 55.53752 58.010 -102.780 -34.480 7.003e+09 2.199e+09 4.397e+10 0.04199 454777 454777 682062 8271 43 454731 454796 15.0657 133460000000 133460000000 123930000000 76264000000 47665000000 18.6348 5.56 0.03797 0.2762 0.18814 22.6554 -3.02237 12.2073 0.15347 0 19.0109 -2.15389 12.8527 0.1436 163700000000 66730000000
 0.5400   280002 0.5500   289227      1       -1       -1       -1  0 2.63733e+11 1.33500e+11 122.899000 20.633000 47.130000  1 0.3600 101.400000 55.70195 43.21262 55.54342 47.420 -95.100 -29.980 6.779e+09 7.914e+09 4.329e+10 0.04257 454778 454778 682062 8258 42 454731 454796 20.6327 133460000000 133460000000 114400000000 76264000000 28599000000 24.3931 0 0.03822 0.46398 0.04857 25.5251 -19.0975 3.52122 0.36666 0.15139 25.0115 -14.4563 -6.77327 0.1589 166100000000 95330000000
 0.5300   270766 0.5400   280002      1       -1       -1       -1  0 2.63733e+11 1.52500e+11 128.819000 28.886000 47.300000  1 0.3600 102.580000 55.71498 43.24316 55.57591 42.580 -90.110 -26.180 -7.907e+09 -4.359e+10 2.841e+10 0.03854 454779 454779 682062 8261 41 454731 454796 28.8863 152530000000 152530000000 133460000000 66731000000 38132000000 21.3577 0 0.03646 0.36136 0.08495 44.0226 -14.807 2.80456 0.59378 0.07717 17.5949 12.8972 -5.16994 0.1602 181600000000 133500000000
 0.5200   261536 0.5300   270766      1       -1       -1       -1  0 2.63733e+11 1.52500e+11 129.140000 24.698000 48.550000  1 0.3600 105.640000 55.69155 43.27864 55.58139 38.040 -84.790 -25.930 -7.964e+09 -4.227e+10 2.879e+10 0.03909 454780 454780 682062 7113 40 454731 454796 24.6981 152530000000 152530000000 142990000000 66731000000 38132000000 16.7542 0.83 0.03615 0.66818 0.22558 26.7102 -6.80225 -7.27641 0.60337 0.20135 36.5289 -9.57071 -2.5888 0.1598 182700000000 114400000000
 0.5100   252259 0.5200   261536      1       -1       -1       -1  0 2.63733e+11 1.81100e+11 137.086000 42.433000 49.980000  1 0.3600 107.090000 55.69054 43.30981 55.60788 31.310 -82.670 -24.330 1.082e+10 -5.834e+10 2.042e+10 0.03400 454781 454781 682062 7055 39 454731 454796 42.4327 181130000000 181130000000 152530000000 47665000000 0 32.9604 1.19 0.03319 0.37681 0.00647 48.8547 -13.0474 5.67581 0.33458 0.15183 37.3258 8.45639 12.2067 0.1661 197400000000 228800000000
 0.5000   243086 0.5100   252259      1       -1       -1       -1  0 2.63733e+11 2.00200e+11 142.073000 31.150000 50.100000  1 0.3600 115.530000 55.66291 43.35924 55.60524 25.410 -78.890 -29.350 -1.910e+10 -2.709e+10 2.074e+10 0.01924 454782 454782 682062 7043 38 454731 454796 31.1499 200190000000 209730000000 181130000000 76264000000 0 9.48796 0 0.01766 0.89476 0.15387 23.3168 21.5826 -5.26653 0.52121 0.20838 34.4186 -4.54639 -15.3247 0.1372 191100000000 181100000000
 0.4900   233873 0.5000   243086      1       -1       -1       -1  0 2.63733e+11 2.28800e+11 148.883000 32.036000 55.160000  1 0.3600 122.160000 55.62814 43.41314 55.62137 19.940 -72.620 -32.700 -3.919e+10 -3.926e+10 2.945e+10 0.02525 454783 454783 682062 8245 37 454731 454796 32.036 228790000000 228790000000 219260000000 104860000000 9533000000 21.6878 4.3 0.02291 0.80673 0.27769 6.36994 22.2616 -11.1957 0.73107 0.03366 -0.12734 31.808 2.82839 0.1421 207100000000 209700000000
 0.4800   224697 0.4900   233873      1       -1       -1       -1  0 2.63733e+11 2.47900e+11 153.254000 20.030000 59.610000  1 0.3600 137.220000 55.63816 43.44070 55.63680 23.440 -68.310 -32.960 -2.006e+10 -8.534e+10 5.118e+09 0.03323 454784 454784 682062 8252 36 454731 454796 20.0296 247860000000 247860000000 238320000000 190660000000 9533000000 3.00297 0 0.02829 0.73521 0.21863 35.0054 6.99766 -11.3318 0.56572 0.11523 31.3992 4.00014 -5.77208 0.1383 247400000000 133500000000
 0.4700   215559 0.4800   224697      1       -1       -1       -1  0 2.63733e+11 2.47900e+11 153.590000 15.389000 66.220000  1 0.3600 146.390000 55.63281 43.45622 55.64960 21.190 -64.110 -33.310 -2.111e+10 -6.158e+10 7.253e+09 0.02675 454785 454785 682062 8250 35 454731 454796 15.3894 247860000000 247860000000 238320000000 190660000000 47665000000 13.9713 0 0.0213 0.81926 0.52802 22.584 -6.42534 -18.7234 0.74524 0.39249 19.1439 -7.72791 -16.9766 0.1479 264500000000 95330000000
 0.4600   206429 0.4700   215559      1       -1       -1       -1  0 2.63733e+11 2.38300e+11 151.919000 11.173000 75.050000  1 0.3600 157.010000 55.62542 43.50157 55.66210 17.140 -59.670 -36.160 -2.471e+10 -8.619e+10 -4.019e+09 0.04239 454786 454786 682062 6890 34 454731 454796 11.1728 238320000000 238320000000 238320000000 219260000000 104860000000 5.26204 0 0.03146 0.67367 0.55557 -5.12325 15.5057 21.8593 0.63242 0.29342 -2.08064 9.00496 24.077 0.1687 288200000000 85800000000
 0.4500   197358 0.4600   206429      1       -1       -1       -1  0 2.63733e+11 2.57400e+11 156.189000 36.909000 72.330000  1 0.3600 130.530000 55.55102 43.54612 55.75021 24.330 -59.730 -34.280 8.577e+09 4.114e+10 7.949e+10 0.02649 454787 454787 682062 6921 33 454731 454796 36.9088 257390000000 257390000000 257390000000 0 0 62.1997 0 0.028 0.19464 0.04588 49.0864 11.6285 -37.1831 0 0 0 0 0 0.2753 232000000000 257400000000
 0.4400   188285 0.4500   197358      1       -1       -1       -1  0 2.63733e+11 2.57400e+11 156.503000 25.231000 62.290000  1 0.3600 139.170000 55.59245 43.58490 55.70750 14.160 -55.870 -39.350 -5.014e+10 -6.101e+10 4.801e+09 0.02899 454788 454788 682062 7937 32 454731 454796 25.2307 257390000000 257390000000 238320000000 190660000000 0 22.3619 0 0.02489 0.80311 0.41672 39.0265 -7.49083 7.60987 0.43014 0.17027 30.6416 18.7811 12.0272 0.156 242700000000 190700000000
 0.4300   179271 0.4400   188285      1       -1       -1       -1  0 2.63733e+11 2.66900e+11 158.720000 38.274000 54.800000  1 0.3600 134.590000 55.56953 43.59318 55.74231 11.690 -53.350 -40.640 -4.790e+10 -6.101e+10 7.955e+09 0.02517 454789 454789 682062 6756 31 454731 454796 38.2744 266920000000 266920000000 257390000000 142990000000 0 25.221 0 0.02334 0.57454 0.03936 40.0209 50.6264 -11.431 0.54465 0.01264 39.5814 45.1163 -10.8483 0.1442 232700000000 266900000000
 0.4200   170269 0.4300   179271      1       -1       -1       -1  0 2.35133e+11 2.66900e+11 159.018000 42.133000 52.160000  1 0.3600 134.740000 55.57773 43.63281 55.76556 12.360 -53.040 -41.170 -3.870e+10 -5.613e+10 -8.184e+08 0.02145 454790 454790 682062 6669 30 454731 454796 42.1332 266920000000 266920000000 228790000000 0 0 12.6197 0 0.02063 0.39174 0.00327 64.7424 -1.38516 -5.30912 0 0 0 0 0 0.1368 233500000000 266900000000
 0.4100   161389 0.4200   170269      1       -1       -1       -1  0 1.93833e+11 1.71600e+11 137.490000 36.715000 51.370000  1 0.3600 117.500000 55.61005 43.65264 55.77902 13.280 -55.190 -35.530 -1.774e+10 2.411e+08 5.844e+09 0.01168 454791 454791 682062 6598 29 454731 454796 36.7153 171590000000 171590000000 162060000000 0 0 26.1703 0 0.01193 0.3258 0.12552 -1.83484 58.5933 -11.0618 0 0 0 0 0 0.175 199200000000 190700000000
 0.4000   152593 0.4100   161389      1       -1       -1       -1  0 1.52533e+11 1.43000e+11 129.610000 30.744000 47.360000  1 0.3600 113.230000 55.64185 43.73161 55.79470 8.940 -56.290 -33.770 -7.950e+09 9.643e+09 -1.760e+09 0.01113 454792 454792 682062 7857 28 454731 454796 30.7437 142990000000 133460000000 123930000000 38132000000 0 10.4726 3.17 0.01105 0.46277 0.07269 44.0961 -1.06356 -8.62717 0.71496 0 30.8378 0.11338 -8.10012 0.1602 151000000000 133500000000
 0.3900   143886 0.4000   152593      1       -1       -1       -1  0 1.36633e+11 1.43000e+11 129.828000 35.113000 48.700000  1 0.3600 113.050000 55.56532 43.74202 55.85708 10.730 -51.600 -43.320 1.553e+10 9.318e+09 -3.313e+09 0.01557 454793 454793 682062 7712 27 454731 454796 35.1127 142990000000 123930000000 123930000000 0 0 31.7513 2.53 0.01631 0.73013 0.49318 27.2553 39.3544 -19.1785 0 0 0 0 0 0.1831 164600000000 143000000000
 0.3800   135393 0.3900   143886      1       -1       -1       -1  0 1.11210e+11 1.23900e+11 123.982000 45.296000 43.450000  1 0.3600 106.900000 55.55457 43.78261 55.87817 8.640 -52.700 -28.950 5.111e+09 2.691e+10 -6.576e+09 0.02842 454794 454794 682062 7638 26 454731 454796 45.2963 123930000000 104860000000 95330000000 0 0 34.3684 10.27 0.03207 0.3485 0.07668 30.7447 39.7992 -26.5647 0 0 0 0 0 0.1963 143700000000 209700000000
 0.3700   126877 0.3800   135393      1       -1       -1       -1  0 7.30767e+10 6.67300e+10 101.022000 30.093000 30.210000  1 0.3600 89.150000 55.56350 43.84913 55.91757 7.890 -48.710 -40.310 8.264e+09 5.089e+09 -1.581e+10 0.04650 454795 454795 682062 6666 25 454731 454796 30.0932 66731000000 66731000000 28599000000 0 0 46.4151 11.66 0.06002 0.711 0.02841 -32.1367 19.1707 32.0907 0 0 0 0 0 0.1761 132800000000 95330000000
 0.3600   118353 0.3700   126877      0       -1       -1       -1  0 2.86000e+10 2.86000e+10 76.279000 14.240000 66.470000  1 0.3600 71.780000 55.01533 44.07660 56.13554 91.920 -141.170 0.090 7.756e+09 6.046e+09 1.708e+10 0.25858 454796 454796 682062 7488 24 454731 454796 14.2401 28599000000 19066000000 19066000000 19066000000 0 16.2116 66.47 0.26512 0 0 0 0 0 0 0 0 0 0 3.4809 114800000000 19070000000
