 1.0000   681038 0.0000       -1      1       -1       -1       -1  0 1.81100e+11 1.71600e+11 113.685000 10.174000 87.060000  1 0.8500 99.590000 41.85163 45.39106 2.43405 138.050 -267.670 9.500 1.796e+11 -8.843e+08 1.168e+11 0.08527 516852 516852 681038 6553 88 516851 516867 10.1738 171590000000 200190000000 171590000000 133460000000 9533000000 5.35341 0 0.09638 0.59794 0.29649 23.1576 0.69385 -13.0453 0.15371 0.04459 26.5486 4.39234 -5.95252 0.5892 254500000000 66730000000
 0.9900   672922 1.0000   681038      1       -1       -1       -1  0 1.81100e+11 1.71600e+11 114.164000 10.027000 88.360000  1 0.8500 100.320000 41.83342 45.41199 2.43462 136.810 -265.810 8.570 1.786e+11 -1.751e+09 1.138e+11 0.08234 516853 516853 681038 6378 87 516851 516867 10.0274 171590000000 181130000000 171590000000 133460000000 9533000000 7.53594 0 0.09557 0.54906 0.16154 12.8226 -4.05353 -5.92485 0.29364 0.06521 -5.42347 1.21731 7.62678 0.6083 238500000000 66730000000
 0.9800   664489 0.9900   672922      1       -1       -1       -1  0 1.81100e+11 1.71600e+11 114.642000 10.139000 86.400000  1 0.8500 100.460000 41.81901 45.44411 2.43124 141.150 -263.040 16.660 2.306e+11 -6.688e+10 8.872e+10 0.10415 516854 516854 681038 6544 86 516851 516867 10.1385 171590000000 181130000000 162060000000 133460000000 19066000000 4.89011 0 0.11582 0.1965 0.10159 26.1004 -4.94047 -12.6691 0.23191 0.02852 35.7035 -0.82399 -7.78883 0.5734 240400000000 76260000000
 0.9700   656099 0.9800   664489      1       -1       -1       -1  0 1.81100e+11 1.81100e+11 117.213000 11.954000 85.710000  1 0.8500 99.320000 41.80219 45.47150 2.43001 146.340 -256.460 11.380 2.166e+11 -3.724e+10 9.443e+10 0.08720 516855 516855 681038 5537 85 516851 516867 11.9543 181130000000 190660000000 162060000000 133460000000 38132000000 10.553 11.33 0.09924 0.69035 0.33829 18.5963 -6.34627 -13.601 0.13339 0 24.5526 -9.36897 -8.24633 0.5806 232600000000 85800000000
 0.9600   647758 0.9700   656099      1       -1       -1       -1  0 1.81100e+11 1.81100e+11 117.699000 13.107000 82.970000  1 0.8500 97.760000 41.78402 45.50161 2.43185 144.980 -254.560 9.940 3.262e+11 -6.391e+10 1.643e+11 0.14019 516856 516856 681038 6613 84 516851 516867 13.1067 181130000000 190660000000 152530000000 133460000000 0 4.85028 13.88 0.15428 0.80573 0.3085 -18.4872 3.54223 16.8661 0.56822 0.04435 0.81882 -8.51373 20.1799 0.5453 223000000000 104900000000
 0.9500   639431 0.9600   647758      1       -1       -1       -1  0 1.81100e+11 1.81100e+11 118.185000 11.469000 80.440000  1 0.8500 101.060000 41.76900 45.53131 2.43093 143.720 -252.640 8.620 3.206e+11 -6.114e+10 1.632e+11 0.14107 516857 516857 681038 6424 83 516851 516867 11.4691 181130000000 190660000000 152530000000 142990000000 0 4.17208 13.86 0.15234 0.77233 0.25906 -20.3621 3.80435 19.8047 0 0 35.8734 -11.0893 -16.1989 0.5203 241300000000 95330000000
 0.9400   631116 0.9500   639431      1       -1       -1       -1  0 1.77933e+11 1.81100e+11 118.669000 10.256000 78.360000  1 0.8500 104.150000 41.75291 45.56095 2.42968 142.550 -250.690 7.400 3.122e+11 -2.077e+10 1.677e+11 0.14351 516858 516858 681038 6434 82 516851 516867 10.2558 181130000000 190660000000 152530000000 142990000000 0 9.51677 12.96 0.14869 0.73515 0.26602 -19.4273 4.93519 22.4977 0.10875 0 29.6917 -8.46407 -22.2623 0.476 243600000000 95330000000
 0.9300   622787 0.9400   631116      1       -1       -1       -1  0 1.74767e+11 1.71600e+11 117.024000 9.905000 76.600000  1 0.8500 103.140000 41.73701 45.58695 2.42962 140.560 -255.250 4.200 2.098e+11 -2.457e+10 8.867e+10 0.10720 516859 516859 681038 6468 81 516851 516867 9.90514 171590000000 181130000000 152530000000 142990000000 0 5.58124 0 0.10534 0.88023 0.2868 -13.13 4.2425 23.1184 0.90814 0.63244 12.9573 -3.88327 27.804 0.4389 240500000000 66730000000
 0.9200   614441 0.9300   622787      1       -1       -1       -1  0 1.71600e+11 1.71600e+11 117.498000 10.299000 77.650000  1 0.8500 102.630000 41.72001 45.61717 2.42817 140.520 -246.700 5.170 2.083e+11 -2.470e+10 9.093e+10 0.10684 516860 516860 681038 6473 80 516851 516867 10.299 171590000000 171590000000 162060000000 133460000000 0 4.94003 7.27 0.10547 0.76064 0.17983 -5.72655 1.64806 23.1293 0.80463 0.24054 -2.58599 -0.96232 24.9748 0.449 229800000000 76260000000
 0.9100   606071 0.9200   614441      1       -1       -1       -1  0 1.68433e+11 1.71600e+11 117.970000 31.883000 81.090000  1 0.8500 85.050000 41.73686 45.69804 2.49054 118.290 -267.720 21.390 2.973e+11 -7.708e+10 1.408e+11 0.06032 516861 516861 681038 6690 79 516851 516867 31.8834 171590000000 285990000000 0 0 0 39.2967 7.91 0.15641 0.14158 0.10477 46.1049 37.7119 53.3999 0 0 0 0 0 0.8623 248700000000 190700000000
 0.9000   597694 0.9100   606071      1       -1       -1       -1  0 1.65267e+11 1.62100e+11 116.207000 8.592000 79.450000  1 0.8500 105.690000 41.67968 45.66782 2.41738 141.290 -252.870 1.550 2.046e+11 -1.726e+10 5.823e+10 0.10899 516862 516862 681038 6657 78 516851 516867 8.59156 162060000000 171590000000 162060000000 142990000000 0 14.7047 0 0.10907 0.67326 0.23953 -5.41404 15.4504 23.2362 0.02812 0 5.50084 15.8714 34.9036 0.4685 238400000000 38130000000
 0.8900   589281 0.9000   597694      1       -1       -1       -1  0 1.65267e+11 1.62100e+11 116.668000 8.450000 83.190000  1 0.8500 106.630000 41.66209 45.69798 2.41684 139.470 -251.170 1.030 2.026e+11 -1.794e+10 5.759e+10 0.10574 516863 516863 681038 6694 77 516851 516867 8.45044 162060000000 171590000000 152530000000 133460000000 0 17.4675 0 0.10843 0.57996 0.32483 -9.31953 17.0681 24.2539 0.30365 0.19516 -12.5798 17.4504 21.5801 0.5031 240000000000 38130000000
 0.8800   580894 0.8900   589281      1       -1       -1       -1  0 1.65267e+11 1.62100e+11 117.128000 7.127000 86.160000  1 0.8500 112.000000 41.65046 45.74757 2.42117 137.720 -249.430 0.600 2.006e+11 -1.842e+10 5.715e+10 0.11300 516864 516864 681038 6512 76 516851 516867 7.12671 162060000000 171590000000 142990000000 142990000000 38132000000 13.3709 0 0.10778 0.79872 0.1661 -13.52 3.96949 20.5889 0.76555 0.01246 23.1782 -12.0844 3.47815 0.484 254900000000 38130000000
 0.8700   572420 0.8800   580894      1       -1       -1       -1  0 1.65267e+11 1.62100e+11 117.586000 6.129000 86.010000  1 0.8500 117.290000 41.63252 45.78043 2.42437 135.980 -247.670 0.260 1.985e+11 -1.883e+10 5.692e+10 0.11981 516865 516865 681038 5762 75 516851 516867 6.12881 162060000000 171590000000 142990000000 142990000000 85797000000 13.2495 0 0.10714 0.91686 0.28509 15.4779 -9.97952 8.55282 0.34538 0.09803 17.9517 -11.9953 5.98479 0.4507 251100000000 38130000000
 0.8600   563961 0.8700   572420      1       -1       -1       -1  0 1.58900e+11 1.71600e+11 120.313000 37.060000 89.410000  1 0.8500 85.710000 41.63150 45.85231 2.47749 123.670 -256.080 17.900 3.198e+11 -1.492e+11 1.335e+11 0.05513 516866 516866 681038 6824 74 516851 516867 37.0603 171590000000 219260000000 114400000000 0 0 43.4312 0 0.17794 0.16765 0.06625 18.6647 35.5553 56.0983 0 0 0 0 0 0.9189 212800000000 219300000000
 0.8500   555522 0.8600   563961      0       -1       -1       -1  0 1.43000e+11 1.43000e+11 113.656000 21.720000 90.520000  1 0.8500 85.290000 41.61264 45.89028 2.47680 123.580 -255.320 17.040 1.625e+11 -6.725e+10 7.675e+10 0.03112 516867 516867 681038 6766 73 516851 516867 21.7198 142990000000 219260000000 123930000000 0 0 50.9802 0 0.1231 0.08628 0.02171 20.5084 37.7995 52.0875 0 0 0 0 0 1.0543 207600000000 123900000000
