 1.0000   675710 0.0000       -1      1       -1       -1       -1  0 1.14400e+12 1.07700e+12 209.719000 15.572000 157.930000  1 0.6000 188.600000 2.21303 28.90074 43.00105 63.300 267.480 190.340 -6.124e+11 2.307e+12 2.332e+11 0.05459 211166 211166 675710 1225 88 211165 211271 16.8157 1134400000000 1296500000000 915170000000 743570000000 448050000000 5.4732 3.81 0.05049 0.91358 0.55572 20.5067 12.9466 15.2485 0.67637 0.51753 16.1835 15.0664 12.9005 0.4918 1330000000000 486200000000
 0.9900   667542 1.0000   675710      1       -1       -1       -1  0 1.14400e+12 1.12500e+12 213.664000 19.377000 155.650000  1 0.6000 188.060000 2.21416 28.87092 42.98561 64.530 262.350 185.990 -1.692e+11 2.798e+12 4.580e+11 0.05956 211167 211167 675710 1237 87 211165 211271 18.6391 1153500000000 1277400000000 934230000000 724510000000 352720000000 5.12866 3.25 0.0558 0.91219 0.5411 15.5274 4.17089 18.2022 0.83501 0.53414 11.1712 3.49875 16.0363 0.4812 1343000000000 562400000000
 0.9800   659196 0.9900   667542      1       -1       -1       -1  0 1.14400e+12 1.13400e+12 215.164000 20.795000 157.170000  1 0.6000 179.960000 2.19731 28.84741 42.96180 64.910 258.460 189.140 -4.536e+11 2.819e+12 5.160e+11 0.06098 211168 211168 675710 1223 86 211165 211271 23.421 1163000000000 1258400000000 934230000000 724510000000 371790000000 8.26448 4.12 0.05638 0.69117 0.47024 4.90359 -8.10924 22.1888 0.61178 0.3993 5.77678 -3.76672 18.7407 0.4757 1263000000000 581500000000
 0.9700   650881 0.9800   659196      1       -1       -1       -1  0 1.14400e+12 1.14400e+12 216.664000 19.643000 159.100000  1 0.6000 181.410000 2.19137 28.82068 42.93743 62.380 251.370 187.310 -1.314e+11 3.122e+12 2.153e+11 0.06535 211169 211169 675710 193 85 211165 211271 23.3445 1153500000000 1267900000000 943770000000 772170000000 333650000000 9.98848 5.53 0.0602 0.77128 0.48015 0.40473 -9.71136 18.4439 0.73677 0.41745 3.03088 -6.59099 15.8255 0.4762 1278000000000 543400000000
 0.9600   642578 0.9700   650881      1       -1       -1       -1  0 1.14400e+12 1.13400e+12 216.956000 20.148000 156.570000  1 0.6000 182.950000 2.18613 28.79398 42.92546 62.540 247.310 185.790 -2.119e+11 3.076e+12 3.178e+11 0.06654 211170 211170 675710 189 84 211165 211271 22.5141 1144000000000 1248800000000 962830000000 753110000000 295520000000 8.84369 7.04 0.06061 0.79879 0.48273 5.88126 -9.55227 26.3158 0.80444 0.40478 6.03834 -7.04137 21.4288 0.4621 1363000000000 581500000000
 0.9500   634290 0.9600   642578      1       -1       -1       -1  0 1.14400e+12 1.14400e+12 218.459000 18.546000 157.930000  1 0.6000 187.170000 2.17360 28.76456 42.90229 61.630 244.510 178.220 -4.803e+11 3.191e+12 1.475e+11 0.06855 211171 211171 675710 1225 83 211165 211271 21.0208 1144000000000 1258400000000 962830000000 781710000000 352720000000 12.6964 2.22 0.06248 0.82713 0.52541 -1.29786 -13.2719 26.0288 0.9333 0.50086 -0.6695 -13.4901 19.0255 0.4637 1385000000000 552900000000
 0.9400   626003 0.9500   634290      1       -1       -1       -1  0 1.14400e+12 1.15400e+12 219.962000 18.480000 161.060000  1 0.6000 197.780000 2.17058 28.73119 42.88915 62.420 241.690 173.530 -5.238e+11 3.168e+12 1.024e+11 0.06811 211172 211172 675710 2207 82 211165 211271 17.1954 1153500000000 1239300000000 991430000000 772170000000 381320000000 9.15012 3.87 0.0615 0.78336 0.58251 -3.12524 -17.2294 25.8712 0.90561 0.62034 0.87605 -16.0878 18.549 0.4661 1468000000000 600600000000
 0.9300   617689 0.9400   626003      1       -1       -1       -1  0 1.14400e+12 1.12500e+12 219.017000 14.148000 170.050000  1 0.6000 203.400000 2.15959 28.71135 42.86970 58.730 235.840 170.230 -2.240e+11 2.880e+12 2.307e+11 0.06616 211173 211173 675710 1221 81 211165 211271 15.0201 1124900000000 1258400000000 991430000000 781710000000 514780000000 14.6469 3.73 0.05802 0.84956 0.59996 -0.84956 -9.19404 19.996 0.98236 0.57007 11.7078 3.91506 12.3512 0.4804 1462000000000 505200000000
 0.9200   609350 0.9300   617689      1       -1       -1       -1  0 1.14400e+12 1.13400e+12 220.523000 11.811000 176.050000  1 0.6000 208.820000 2.15124 28.68202 42.85117 59.900 231.810 166.590 -3.090e+11 2.751e+12 2.242e+11 0.06317 211174 211174 675710 174 80 211165 211271 14.0033 1134400000000 1220200000000 972370000000 810300000000 543380000000 14.8826 1.44 0.05502 0.82792 0.60437 -3.62688 -9.35513 19.3056 0.98435 0.65032 -1.31865 -6.23329 15.9628 0.4916 1517000000000 419500000000
 0.9100   601004 0.9200   609350      1       -1       -1       -1  0 1.14400e+12 1.11500e+12 220.163000 11.004000 177.420000  1 0.6000 212.670000 2.14831 28.65314 42.83194 58.160 228.140 163.970 -1.761e+11 2.517e+12 2.631e+11 0.06086 211175 211175 675710 186 79 211165 211271 12.9522 1115400000000 1220200000000 991430000000 810300000000 514780000000 11.8908 2.56 0.05189 0.77014 0.5707 -8.23112 -9.53294 15.1339 0.79999 0.6065 -6.58894 -7.41943 12.7735 0.4866 1524000000000 400400000000
 0.9000   592654 0.9100   601004      1       -1       -1       -1  0 1.14400e+12 1.11500e+12 221.043000 12.393000 172.880000  1 0.6000 208.380000 2.14208 28.62597 42.80981 58.000 224.540 163.050 -1.877e+11 2.498e+12 2.608e+11 0.06044 211176 211176 675710 1224 78 211165 211271 14.2195 1115400000000 1201200000000 972370000000 829370000000 514780000000 10.5115 3.05 0.05169 0.84582 0.57418 -11.0557 -14.1043 20.2278 0.8312 0.55253 14.26 13.5883 -13.0815 0.4745 1508000000000 438500000000
 0.8900   584260 0.9000   592654      1       -1       -1       -1  0 1.14400e+12 1.13400e+12 223.177000 12.190000 167.670000  1 0.6000 205.170000 2.13572 28.59917 42.78748 56.880 220.940 160.760 -1.829e+11 2.444e+12 2.256e+11 0.05731 211177 211177 675710 1246 77 211165 211271 15.797 1134400000000 1201200000000 991430000000 810300000000 476650000000 10.1082 2.92 0.04928 0.84126 0.57035 -9.3848 -17.3745 22.2739 0.93165 0.61249 11.9683 15.5292 -14.9478 0.4583 1563000000000 381300000000
 0.8800   575885 0.8900   584260      1       -1       -1       -1  0 1.14400e+12 1.13400e+12 224.057000 13.574000 165.560000  1 0.6000 207.290000 2.12729 28.56867 42.76219 56.410 218.870 160.730 7.739e+10 2.469e+12 8.880e+10 0.05751 211178 211178 675710 2264 76 211165 211271 15.4557 1134400000000 1182100000000 1010500000000 829370000000 524310000000 7.96296 4.06 0.04968 0.85811 0.56019 -4.43586 -14.7608 25.2215 0.9278 0.5794 1.60495 -5.597 23.9917 0.4528 1493000000000 409900000000
 0.8700   567431 0.8800   575885      1       -1       -1       -1  0 1.14400e+12 1.13400e+12 224.934000 15.557000 161.580000  1 0.6000 202.290000 2.11762 28.53774 42.73569 56.270 213.910 156.380 1.833e+10 2.616e+12 2.866e+11 0.06122 211179 211179 675710 1442 75 211165 211271 17.3466 1134400000000 1172600000000 1010500000000 829370000000 381320000000 8.94518 3.19 0.05309 0.94547 0.55204 -1.76464 -8.48729 25.9063 0.83848 0.51769 7.24989 6.23045 22.0763 0.4416 1463000000000 448100000000
 0.8600   558976 0.8700   567431      1       -1       -1       -1  0 1.14400e+12 1.12500e+12 225.173000 20.221000 161.420000  1 0.6000 194.310000 2.11376 28.50838 42.70885 55.530 210.130 155.370 8.174e+09 2.557e+12 2.577e+11 0.06115 211180 211180 675710 1444 74 211165 211271 20.6319 1124900000000 1172600000000 1010500000000 800770000000 362250000000 7.83323 2.74 0.05277 0.90917 0.50979 -5.68944 -10.9331 17.5165 0.75909 0.41819 -1.77514 -6.50697 17.6184 0.439 1389000000000 552900000000
 0.8500   550551 0.8600   558976      1       -1       -1       -1  0 1.14400e+12 1.13400e+12 226.678000 20.315000 160.950000  1 0.6000 193.610000 2.11751 28.49123 42.68272 52.040 207.130 157.520 -2.216e+11 2.667e+12 3.166e+11 0.06096 211181 211181 675710 229 73 211165 211271 21.7288 1134400000000 1191600000000 981900000000 838900000000 371790000000 18.729 4.86 0.05478 0.73106 0.42661 20.0988 21.263 -5.86058 0.55742 0.28666 20.9999 18.9664 -6.50324 0.455 1326000000000 524300000000
 0.8400   542030 0.8500   550551      1       -1       -1       -1  0 1.14400e+12 1.15400e+12 228.813000 22.292000 154.560000  1 0.6000 196.640000 2.09979 28.45086 42.65699 53.420 203.010 153.580 -2.096e+11 2.612e+12 2.373e+11 0.05986 211182 211182 675710 1459 72 211165 211271 21.3663 1153500000000 1182100000000 962830000000 734040000000 419450000000 13.503 3.25 0.05224 0.82468 0.47041 17.5199 23.2757 -5.99255 0.68201 0.38875 17.8263 18.1741 -7.57664 0.4171 1236000000000 619600000000
 0.8300   533513 0.8400   542030      1       -1       -1       -1  0 1.13767e+12 1.14400e+12 229.047000 19.997000 152.800000  1 0.6000 194.090000 2.09116 28.42791 42.63832 54.960 199.220 152.780 -2.479e+11 2.677e+12 1.248e+11 0.06234 211183 211183 675710 3476 71 211165 211271 22.7907 1144000000000 1182100000000 953300000000 734040000000 409920000000 17.0112 3.19 0.05439 0.62839 0.42594 14.7647 22.317 4.62479 0.71375 0.49293 13.2707 17.1507 4.34815 0.4116 1228000000000 543400000000
 0.8200   524941 0.8300   533513      1       -1       -1       -1  0 1.10567e+12 1.11500e+12 227.977000 19.467000 149.660000  1 0.6000 198.590000 2.08044 28.39492 42.61198 50.050 194.410 152.670 -3.415e+11 2.732e+12 3.407e+11 0.06776 211184 211184 675710 1455 70 211165 211271 20.1482 1115400000000 1182100000000 905630000000 724510000000 428980000000 16.0031 4.58 0.05873 0.61113 0.40902 14.6045 20.5687 2.03934 0.69594 0.45353 13.1927 15.9771 2.34478 0.4001 1233000000000 533800000000
 0.8100   516296 0.8200   524941      1       -1       -1       -1  0 1.06767e+12 1.05800e+12 224.848000 16.421000 146.610000  1 0.6000 197.440000 2.07873 28.36897 42.58710 48.270 190.860 151.460 -8.311e+10 2.542e+12 2.171e+11 0.07005 211185 211185 675710 398 69 211165 211271 19.2508 1058200000000 1163000000000 915170000000 724510000000 428980000000 15.7556 3.75 0.05924 0.72493 0.4146 14.7253 21.2253 3.75181 0.75103 0.37647 14.0667 17.3452 -0.27738 0.3832 1203000000000 457600000000
 0.8000   507634 0.8100   516296      1       -1       -1       -1  0 1.04233e+12 1.03000e+12 223.628000 14.805000 144.580000  1 0.6000 200.950000 2.07700 28.33657 42.55205 47.450 188.100 148.820 -5.574e+11 2.147e+12 1.989e+10 0.06487 211186 211186 675710 1493 68 211165 211271 17.4586 1029600000000 1124900000000 943770000000 695910000000 428980000000 11.5743 2.4 0.05414 0.7885 0.45799 17.9485 27.4792 12.918 0.84823 0.46527 17.9992 18.7761 14.2001 0.3711 1261000000000 429000000000
 0.7900   498998 0.8000   507634      1       -1       -1       -1  0 1.04233e+12 1.03000e+12 224.448000 11.361000 143.580000  1 0.6000 199.280000 2.07235 28.29974 42.52387 46.840 185.950 146.480 -5.190e+11 1.926e+12 -1.088e+11 0.05864 211187 211187 675710 1482 67 211165 211271 18.4657 1029600000000 1096300000000 886570000000 676840000000 390850000000 8.57555 3.18 0.04896 0.8413 0.4964 3.41508 17.2532 20.3638 0.83646 0.50688 0.34645 6.22918 21.0149 0.3668 1259000000000 238300000000
 0.7800   490355 0.7900   498998      1       -1       -1       -1  0 1.04233e+12 1.03000e+12 225.264000 14.670000 142.680000  1 0.6000 198.140000 2.06504 28.27141 42.50753 46.820 181.850 144.610 -5.403e+11 1.800e+12 7.763e+10 0.05660 211188 211188 675710 1489 66 211165 211271 19.3449 1029600000000 1077200000000 915170000000 667310000000 428980000000 12.1569 2.26 0.04631 0.71466 0.40359 5.05602 20.5559 16.5342 0.9439 0.38761 -1.69345 6.81229 19.0348 0.3534 1124000000000 390900000000
 0.7700   481665 0.7800   490355      1       -1       -1       -1  0 1.04233e+12 1.03900e+12 226.770000 19.038000 137.000000  1 0.6000 191.990000 2.05630 28.24934 42.46814 49.150 177.210 141.290 -7.057e+11 1.758e+12 -1.002e+11 0.05397 211189 211189 675710 1483 65 211165 211271 23.1111 1039100000000 1077200000000 857970000000 657780000000 390850000000 23.3265 3.41 0.04621 0.78214 0.54292 8.40207 28.4803 -0.80394 0.74318 0.57397 11.5094 16.0325 -11.9235 0.353 1012000000000 467100000000
 0.7600   472964 0.7700   481665      1       -1       -1       -1  0 1.04233e+12 1.03900e+12 227.578000 32.363000 128.610000  1 0.6000 183.890000 2.04784 28.20104 42.45559 48.070 175.520 138.840 -7.862e+11 1.786e+12 -2.465e+11 0.05736 211190 211190 675710 1501 64 211165 211271 29.2001 1048600000000 1077200000000 848440000000 629180000000 295520000000 15.5474 1.89 0.04813 0.73066 0.51185 14.0697 22.8441 10.3243 0.61938 0.36008 19.8033 15.6924 -0.65101 0.3148 991300000000 638700000000
 0.7500   464236 0.7600   472964      1       -1       -1       -1  0 1.04233e+12 1.00100e+12 225.553000 39.117000 120.010000  1 0.6000 177.580000 2.04163 28.16849 42.43512 46.290 171.740 135.020 -9.562e+11 1.662e+12 -2.041e+11 0.05956 211191 211191 675710 1509 63 211165 211271 33.5061 1010500000000 1124900000000 848440000000 638710000000 257390000000 17.1245 0.93 0.05046 0.62351 0.38947 23.1928 26.7739 15.662 0.48393 0.30408 25.5191 21.2865 7.92908 0.2922 951200000000 743600000000
 0.7400   455448 0.7500   464236      1       -1       -1       -1  0 1.04233e+12 1.01000e+12 227.057000 49.570000 115.550000  1 0.6000 175.140000 2.03803 28.13192 42.40919 44.890 168.100 131.190 -1.182e+12 1.711e+12 -4.356e+11 0.06380 211192 211192 675710 395 62 211165 211271 38.4042 1010500000000 1086800000000 848440000000 629180000000 171590000000 22.3218 2.59 0.05502 0.54093 0.37089 25.6918 31.7969 25.1473 0.52297 0.23127 22.6649 23.8932 23.0098 0.2798 937800000000 896100000000
 0.7300   446618 0.7400   455448      1       -1       -1       -1  0 1.04233e+12 1.03900e+12 229.971000 54.270000 115.490000  1 0.6000 174.060000 2.02042 28.08382 42.37454 41.190 162.530 129.260 -1.526e+12 1.605e+12 -6.140e+11 0.06529 211193 211193 675710 1486 61 211165 211271 44.5639 1039100000000 1077200000000 886570000000 629180000000 57198000000 11.0347 2.75 0.0571 0.36407 0.20482 25.1874 42.2686 30.2038 0.4297 0.16364 17.4881 30.7835 25.0767 0.2772 963200000000 1010000000000
 0.7200   437745 0.7300   446618      1       -1       -1       -1  0 1.04233e+12 1.03900e+12 230.757000 46.876000 117.260000  1 0.6000 176.540000 2.00969 28.04636 42.34389 38.820 160.660 127.310 -1.396e+12 1.456e+12 -5.611e+11 0.05956 211194 211194 675710 1511 60 211165 211271 42.0523 1048600000000 1077200000000 896100000000 629180000000 9533000000 12.2225 2.82 0.05227 0.32161 0.17788 23.5866 41.3487 34.6619 0.11792 0.05115 18.2974 42.4752 33.2052 0.2817 966900000000 896100000000
 0.7100   428813 0.7200   437745      1       -1       -1       -1  0 1.04233e+12 1.03000e+12 230.827000 36.990000 119.970000  1 0.6000 181.540000 1.99855 28.04036 42.32495 38.400 156.770 124.610 -1.256e+12 1.513e+12 -6.220e+11 0.06075 211195 211195 675710 1402 59 211165 211271 35.8775 1029600000000 1058200000000 867500000000 648240000000 114400000000 23.9861 2.16 0.05257 0.48679 0.38127 19.3509 36.7811 31.7138 0.42846 0.34165 23.6373 13.1628 22.259 0.2833 945700000000 724500000000
 0.7000   419841 0.7100   428813      1       -1       -1       -1  0 1.03600e+12 1.05800e+12 233.723000 34.655000 123.420000  1 0.6000 188.540000 1.98871 27.97977 42.28872 35.450 156.200 119.910 -1.327e+12 1.835e+12 -8.275e+11 0.06781 211196 211196 675710 1534 58 211165 211271 31.9164 1058200000000 1105800000000 877040000000 714970000000 0 9.1077 2 0.05904 0.34361 0.23529 16.1621 46.9949 42.5105 0.37998 0.06952 20.8217 36.5857 38.8772 0.2901 1049000000000 724500000000
 0.6900   410845 0.7000   419841      1       -1       -1       -1  0 1.02313e+12 1.02000e+12 231.643000 35.360000 128.590000  1 0.6000 192.440000 1.97795 27.96371 42.26826 34.890 150.160 117.300 -1.186e+12 1.480e+12 -9.379e+11 0.06546 211197 211197 675710 1563 57 211165 211271 27.5292 1020000000000 1077200000000 877040000000 705440000000 133460000000 26.8486 1.87 0.05539 0.44132 0.39522 7.49679 24.9635 26.1143 0.37744 0.25742 11.6993 17.1486 21.1648 0.296 1062000000000 715000000000
 0.6800   401839 0.6900   410845      1       -1       -1       -1  0 1.01067e+12 9.91400e+11 230.206000 31.982000 131.910000  1 0.6000 194.320000 1.96697 27.93932 42.25247 34.650 145.480 114.890 -1.130e+12 1.622e+12 -8.630e+11 0.07260 211198 211198 675710 1552 56 211165 211271 25.6344 1001000000000 1058200000000 915170000000 667310000000 295520000000 42.0123 2.61 0.05955 0.49537 0.4617 0.95024 24.6149 31.4663 0.66934 0.49506 3.79988 11.9754 27.2084 0.2957 963000000000 667300000000
 0.6700   392854 0.6800   401839      1       -1       -1       -1  0 1.01067e+12 9.81900e+11 230.205000 28.857000 140.020000  1 0.6000 197.700000 1.95357 27.89196 42.23264 35.520 142.260 110.340 -1.147e+12 1.502e+12 -8.886e+11 0.07195 211199 211199 675710 428 55 211165 211271 23.9382 981900000000 1039100000000 953300000000 714970000000 352720000000 41.2344 0.97 0.05892 0.45866 0.3855 -12.4925 13.8505 36.6758 0.58367 0.30355 -5.48783 3.79581 28.4269 0.3212 1014000000000 648200000000
 0.6600   383896 0.6700   392854      1       -1       -1       -1  0 1.01067e+12 1.03000e+12 234.614000 16.187000 139.510000  1 0.6000 211.540000 1.95319 27.83089 42.16265 34.140 138.280 109.760 -1.399e+12 1.458e+12 -1.081e+12 0.07668 211200 211200 675710 443 54 211165 211271 19.9591 1029600000000 1077200000000 934230000000 819840000000 457580000000 3.6689 3.29 0.0601 0.6087 0.47464 -15.1229 17.4613 20.075 0.57713 0.34755 -13.3866 17.0603 13.7376 0.2943 1231000000000 409900000000
 0.6500   374841 0.6600   383896      1       -1       -1       -1  0 1.01067e+12 1.00100e+12 233.149000 14.202000 139.830000  1 0.6000 219.280000 1.94489 27.79870 42.13508 33.790 134.170 106.890 -1.340e+12 1.472e+12 -1.063e+12 0.08247 211201 211201 675710 1579 53 211165 211271 16.9073 1001000000000 1048600000000 943770000000 791240000000 476650000000 7.74884 0.78 0.06242 0.93836 0.8021 -4.33059 24.2883 10.7564 0.79161 0.72362 21.195 -11.8948 -8.20156 0.2836 1277000000000 333700000000
 0.6400   365756 0.6500   374841      2       -1       -1       -1  0 1.00093e+12 1.00100e+12 233.870000 17.693000 136.090000  1 0.6000 209.290000 1.92430 27.74725 42.10468 33.050 131.060 104.990 -1.394e+12 1.531e+12 -9.117e+11 0.07988 211202 211202 675710 1560 52 211165 211271 21.0734 1001000000000 1010500000000 943770000000 781710000000 419450000000 9.99121 3 0.06296 0.65947 0.48139 14.1961 26.3945 2.03427 0.56634 0.47087 14.9033 23.3504 2.856 0.2887 1160000000000 438500000000
 0.6300   356647 0.6400   365756      1       -1       -1       -1  0 1.00093e+12 9.53300e+11 230.797000 25.858000 127.290000  1 0.6000 197.450000 1.93671 27.69875 42.05781 30.800 126.080 106.110 -1.163e+12 1.729e+12 -8.373e+11 0.08397 211203 211203 675710 2644 51 211242 211241 25.858 953300000000 981900000000 915170000000 695910000000 276460000000 22.1844 0 0.06821 0.587 0.48938 13.7515 36.0687 30.6218 0.63709 0.35146 16.79 20.6292 32.2597 0.28 1026000000000 533800000000
 0.6300   356648 0.6400   365756      1   356647   356647       -1  0 2.66900e+11 2.66900e+11 150.991000 11.869000 75.320000  0 0.3400 140.080000 1.94569 27.76268 42.12274 92.830 92.160 -3.400 -4.705e+10 5.148e+10 -6.367e+10 0.03090 211204 211242 675710 2645 51 211165 211271 11.8691 819840000000 819840000000 819840000000 619640000000 66731000000 4.4344 0 0.02394 0.76172 0.38922 -17.1116 13.9706 -11.6508 0.63451 0.04934 -14.6773 15.1739 -6.40787 0.2173 337600000000 114400000000
 0.6200   347545 0.6300   356647      1       -1       -1       -1  0 1.00093e+12 9.43800e+11 230.715000 39.205000 119.210000  1 0.6000 183.310000 1.92807 27.65079 42.02574 29.680 123.310 104.610 -1.075e+12 1.704e+12 -7.773e+11 0.08021 211205 211204 675710 1564 50 211165 211241 39.205 943770000000 953300000000 886570000000 591050000000 219260000000 29.2796 0 0.06715 0.55921 0.46672 10.6881 32.7644 36.4514 0.75383 0.48207 24.5111 14.4764 16.4867 0.2679 916100000000 724500000000
 0.6200   347546 0.6300   356648      1   347545   347545   356647  0 2.73267e+11 2.66900e+11 151.444000 10.866000 71.310000  1 0.3400 144.250000 1.92113 27.74104 42.11702 89.050 104.660 10.990 -2.299e+10 5.926e+10 -8.144e+10 0.03439 211206 211243 675710 1565 50 211165 211271 10.8664 714970000000 714970000000 714970000000 276460000000 76264000000 9.78771 0 0.02636 0.77571 0.60618 23.9695 -17.4971 1.90858 0.75102 0.49172 22.7159 -19.6927 -4.13449 0.1928 364600000000 95330000000
 0.6100   338411 0.6200   347545      1       -1       -1       -1  0 1.00093e+12 8.96100e+11 227.434000 34.553000 114.570000  1 0.6000 184.800000 1.90267 27.59386 41.96515 25.460 120.740 106.680 -9.564e+11 1.711e+12 -6.130e+11 0.07962 211207 211205 675710 1546 49 211165 211241 34.5532 896100000000 934230000000 762640000000 524310000000 142990000000 43.1345 0 0.07007 0.52662 0.36398 13.1517 28.3761 34.9737 0.41686 0.16031 26.2856 20.3287 14.8358 0.2768 818200000000 524300000000
 0.6100   338412 0.6200   347546      1   338411   338411   347545  0 2.74867e+11 2.86000e+11 155.424000 13.800000 73.260000  1 0.3400 141.050000 1.89320 27.71603 42.11687 82.450 111.870 22.540 -4.667e+10 1.300e+11 -1.261e+11 0.05349 211208 211244 675710 1547 49 211165 211271 13.7998 581510000000 581510000000 562450000000 238320000000 38132000000 16.9916 0 0.04281 0.5744 0.21728 25.7314 -19.454 -8.72841 0.90627 0.05067 21.3183 -5.77888 -17.1517 0.2062 344700000000 133500000000
 0.6000   329252 0.6100   338411      1       -1       -1       -1  0 1.00093e+12 8.10300e+11 220.569000 27.977000 112.250000  1 0.6000 186.060000 1.91561 27.56571 41.94217 23.180 118.020 108.300 -4.714e+11 1.660e+12 -4.913e+11 0.08830 211209 211206 675710 2547 48 211165 211241 27.9772 810300000000 915170000000 638710000000 486180000000 257390000000 20.8259 0 0.0729 0.42692 0.3841 -6.10913 21.2599 32.5798 0.67052 0.65798 -0.66007 17.9331 14.5329 0.2533 823600000000 467100000000
 0.6000   329253 0.6100   338412      1   329252   329252   338411  1 2.71700e+11 2.71700e+11 153.208000 12.528000 72.630000  1 0.3400 142.560000 1.87753 27.69352 42.11116 81.180 122.580 36.410 -5.601e+10 8.538e+10 -8.839e+10 0.04304 211210 211245 675710 8867 48 211165 211271 12.6559 443285000000 457580000000 433755000000 233555000000 85796000000 11.4856 0 0.03416 0.62623 0.33168 25.8612 -13.1657 -8.55104 0.80318 0.262375 22.9668 -5.2311 -9.54749 0.20315 327900000000 119200000000
 0.5900   320058 0.6000   329252      1       -1       -1       -1  0 7.37200e+11 6.76800e+11 208.319000 23.800000 101.400000  1 0.2500 180.220000 1.91716 27.52459 41.90009 10.560 117.680 116.050 -1.138e+11 7.337e+11 -1.174e+11 0.05260 211211 211207 675710 2680 47 211165 211241 23.8002 676840000000 714970000000 629180000000 486180000000 209730000000 20.463 0 0.04151 0.79084 0.74423 -1.71864 20.1021 27.641 0.80308 0.65561 -4.89014 25.7434 14.139 0.2131 811700000000 390900000000
 0.5900   320059 0.6000   329253      1       -1       -1   329252  0 2.63733e+11 2.57400e+11 150.926000 11.256000 71.990000  1 0.3400 144.040000 1.83865 27.62859 42.10263 78.440 116.360 28.950 -6.535e+10 4.075e+10 -5.068e+10 0.03258 211212 211246 675710 2681 47 211165 211271 11.2563 305060000000 333650000000 305060000000 228790000000 133460000000 5.97961 0 0.02551 0.67806 0.44608 25.9911 -6.87739 -8.37366 0.70009 0.47408 24.6153 -4.68332 -1.94328 0.2001 311100000000 104900000000
 0.5800   310806 0.5900   320058      1       -1       -1       -1  0 7.37200e+11 7.15000e+11 212.755000 29.142000 95.410000  1 0.2500 178.340000 1.90332 27.47671 41.84298 10.830 112.830 112.280 -9.632e+10 6.205e+11 -4.178e+10 0.03902 211213 211208 675710 1569 46 211165 211241 29.1418 714970000000 734040000000 638710000000 505250000000 0 4.96722 0 0.03195 0.85038 0.62717 -6.67784 11.1691 43.4381 0.71832 0.42183 31.559 -22.3845 -14.7305 0.1979 725400000000 467100000000
 0.5800   310807 0.5900   320059      1       -1       -1       -1  0 2.63733e+11 2.47900e+11 149.458000 11.286000 72.400000  1 0.3400 142.820000 1.81684 27.59358 42.08720 80.900 114.290 38.360 -5.163e+10 4.169e+10 -1.478e+10 0.02616 211214 211247 675710 1570 46 211165 211271 11.2861 305060000000 314590000000 276460000000 219260000000 133460000000 9.36376 0 0.02018 0.83493 0.72489 21.2794 -5.98381 0.71379 0.73988 0.53305 20.5428 -7.39521 7.12575 0.1977 294200000000 114400000000
 0.5700   301581 0.5800   310806      1       -1       -1       -1  0 7.37200e+11 7.05400e+11 212.389000 32.691000 94.370000  1 0.2500 175.130000 1.89498 27.44482 41.82941 9.090 110.980 107.870 1.283e+11 5.528e+11 4.437e+10 0.03605 211215 211209 675710 1559 45 211165 211241 32.6906 705440000000 743570000000 610110000000 428980000000 123930000000 29.6678 0 0.02977 0.97856 0.73605 -8.5936 13.088 21.9573 0.43499 0.22172 20.3617 -15.8121 -7.502 0.1966 729800000000 448100000000
 0.5700   301582 0.5800   310807      1       -1       -1       -1  0 2.63733e+11 2.57400e+11 151.767000 12.542000 67.340000  1 0.3400 142.500000 1.78363 27.55867 42.07603 76.480 115.660 42.080 -7.727e+10 3.904e+10 -2.296e+10 0.03218 211216 211248 675710 1560 45 211165 211271 12.5424 285990000000 285990000000 276460000000 190660000000 76264000000 4.40682 0 0.02514 0.86638 0.77689 1.02036 12.5386 -12.2949 0.80338 0.41052 -5.36319 12.7037 -6.30539 0.1741 300100000000 104900000000
 0.5600   292332 0.5700   301581      1       -1       -1       -1  0 7.37200e+11 7.34000e+11 215.804000 41.909000 97.020000  1 0.2500 172.370000 1.88056 27.41351 41.78246 7.250 110.230 105.760 3.255e+11 4.497e+11 -4.216e+09 0.03291 211217 211210 675710 1529 44 211165 211241 41.9088 734040000000 734040000000 629180000000 428980000000 133460000000 34.8746 0 0.02738 0.74824 0.62516 23.5041 -6.83039 22.3944 0.54801 0.30193 24.0394 -7.5301 16.5412 0.1991 667100000000 581500000000
 0.5600   292333 0.5700   301582      1       -1       -1       -1  0 2.63733e+11 2.66900e+11 154.033000 16.440000 65.280000  1 0.3400 137.060000 1.75933 27.53598 42.05725 68.280 112.420 45.570 -8.492e+10 3.958e+10 -3.418e+10 0.03326 211218 211249 675710 1530 44 211165 211271 16.4403 276460000000 276460000000 257390000000 200190000000 66731000000 17.0471 0 0.02655 0.42444 0.16951 5.7085 -19.1425 21.3021 0.19134 0.02557 6.37919 -14.512 19.6881 0.1681 292700000000 143000000000
 0.5500   283079 0.5600   292332      1       -1       -1       -1  0 7.37200e+11 7.34000e+11 216.376000 38.189000 96.630000  1 0.2500 176.180000 1.86808 27.36066 41.72625 7.140 105.420 101.710 2.308e+11 4.925e+11 2.404e+10 0.03313 211219 211211 675710 1525 43 211165 211241 38.1893 734040000000 743570000000 676840000000 428980000000 200190000000 23.028 0 0.02706 0.62298 0.59561 21.2048 -3.51377 27.9664 0.59697 0.40586 22.1234 -7.57509 17.0758 0.1902 649600000000 552900000000
 0.5500   283080 0.5600   292333      1       -1       -1       -1  0 2.63733e+11 2.57400e+11 152.581000 15.085000 64.150000  1 0.3400 138.770000 1.72958 27.48918 42.04815 65.080 110.520 46.970 -7.608e+10 3.160e+10 -2.685e+10 0.03119 211220 211250 675710 1526 43 211165 211271 15.0855 257390000000 257390000000 247860000000 190660000000 0 8.47383 0 0.0247 0.5529 0.42317 -0.25363 -22.5286 31.2851 0.45287 0.38882 3.39401 -21.9605 27.8416 0.1623 274600000000 133500000000
 0.5400   273856 0.5500   283079      1       -1       -1       -1  0 7.30867e+11 7.43600e+11 217.873000 33.669000 95.250000  1 0.2500 182.270000 1.89115 27.31943 41.69383 5.950 103.240 96.520 1.930e+11 4.979e+11 3.369e+08 0.03245 211221 211212 675710 1517 42 211165 211241 33.6687 743570000000 743570000000 676840000000 438520000000 219260000000 16.3903 0 0.02618 0.76979 0.68489 15.9529 10.9141 32.971 0.75698 0.58783 18.3557 -15.9754 14.603 0.1781 639100000000 486200000000
 0.5400   273857 0.5500   283080      1       -1       -1       -1  0 2.63733e+11 2.38300e+11 149.103000 13.855000 59.090000  1 0.3400 138.250000 1.71635 27.44593 42.01888 67.510 105.800 47.280 -4.593e+10 8.130e+10 6.875e+09 0.03803 211222 211251 675710 1518 42 211165 211271 13.8548 257390000000 257390000000 228790000000 181130000000 47665000000 8.04164 1.35 0.03058 0.84918 0.62775 24.4488 3.9542 -22.3419 0.87682 0.58121 -9.23504 -11.3802 23.9027 0.15 250900000000 123900000000
 0.5300   264608 0.5400   273856      1       -1       -1       -1  0 7.21333e+11 7.15000e+11 215.590000 30.156000 94.980000  1 0.2500 184.620000 1.87147 27.28347 41.65235 4.960 99.690 94.380 2.263e+11 4.125e+11 1.157e+10 0.03065 211223 211213 675710 1534 41 211165 211241 30.1559 714970000000 734040000000 676840000000 448050000000 152530000000 24.4018 0 0.02483 0.64872 0.57757 5.58904 11.9266 45.636 0.792 0.56299 1.97963 4.28327 34.613 0.1806 635700000000 429000000000
 0.5300   264609 0.5400   273857      1       -1       -1       -1  0 2.63733e+11 2.28800e+11 147.461000 14.331000 60.700000  1 0.3400 136.090000 1.69140 27.39928 42.00016 64.030 104.610 48.720 -3.444e+10 6.002e+10 2.058e+10 0.03181 211224 211252 675710 1535 41 211165 211271 14.3308 257390000000 257390000000 228790000000 190660000000 38132000000 8.2241 0 0.02544 0.61085 0.41059 29.371 -14.3595 -4.66456 0.7384 0.24437 27.8242 -9.42415 -3.05756 0.1563 229500000000 123900000000
 0.5200   255375 0.5300   264608      1       -1       -1       -1  0 7.08600e+11 7.05400e+11 215.161000 36.678000 93.410000  1 0.2500 179.110000 1.89679 27.24545 41.59835 6.310 94.600 95.870 1.603e+11 4.792e+11 1.196e+11 0.03476 211225 211214 675710 1521 40 211165 211241 36.6779 705440000000 714970000000 676840000000 457580000000 104860000000 18.5313 0 0.02825 0.73278 0.58232 24.0242 9.18694 30.1584 0.55892 0.33042 28.6239 13.2033 14.3965 0.1747 665700000000 543400000000
 0.5200   255376 0.5300   264609      1       -1       -1       -1  0 2.63733e+11 2.57400e+11 153.748000 20.128000 59.320000  1 0.3400 134.090000 1.66454 27.35249 41.98280 55.870 102.410 50.110 -5.909e+10 4.642e+10 -2.496e+10 0.02824 211226 211253 675710 1522 40 211165 211271 20.1279 257390000000 257390000000 209730000000 171590000000 66731000000 6.47921 1.01 0.02312 0.49411 0.21543 28.6292 -16.1226 -0.05073 0.54953 0.09947 27.9098 -14.2718 -1.36269 0.1472 232500000000 152500000000
 0.5100   246124 0.5200   255375      1       -1       -1       -1  0 6.99067e+11 7.05400e+11 215.684000 35.751000 90.980000  1 0.2500 181.460000 1.87465 27.20666 41.53960 5.940 91.050 94.790 1.600e+11 4.639e+11 1.071e+11 0.03416 211227 211215 675710 8017 39 211165 211241 35.7513 705440000000 705440000000 686380000000 505250000000 66731000000 17.5185 0 0.02756 0.75145 0.49412 27.4984 12.7921 29.8301 0.57277 0.32805 33.3407 11.0025 13.4577 0.1626 670300000000 533800000000
 0.5100   246125 0.5200   255376      1       -1       -1       -1  0 2.63733e+11 2.47900e+11 152.195000 19.504000 58.810000  1 0.3400 134.100000 1.63580 27.29940 41.96560 52.830 101.350 50.780 -6.630e+10 2.292e+10 -6.774e+09 0.02673 211228 211254 675710 8018 39 211165 211271 19.5039 247860000000 247860000000 219260000000 152530000000 57198000000 8.67209 0 0.0221 0.63321 0.36975 27.1508 -12.0031 -1.13859 0.92848 0.24599 3.30166 -7.45197 18.7276 0.1491 233100000000 152500000000
 0.5000   236945 0.5100   246124      1       -1       -1       -1  0 6.86367e+11 6.86400e+11 214.231000 29.923000 89.320000  1 0.2500 186.870000 1.87478 27.16173 41.49500 5.950 84.620 95.080 -1.288e+10 3.191e+11 1.894e+11 0.02715 211229 211216 675710 1484 38 211165 211241 29.9226 686380000000 686380000000 667310000000 543380000000 66731000000 10.8747 0 0.02151 0.75904 0.45112 31.5558 -4.02854 21.9017 0.51588 0.3464 31.5183 -2.17319 15.8915 0.1515 683000000000 438500000000
 0.5000   236946 0.5100   246125      1       -1       -1       -1  0 2.63733e+11 2.47900e+11 152.556000 24.614000 58.570000  1 0.3400 129.740000 1.61298 27.26245 41.93352 51.820 99.120 49.650 -8.863e+10 8.557e+10 -1.920e+10 0.04686 211230 211255 675710 1485 38 211165 211271 24.6145 247860000000 247860000000 219260000000 123930000000 66731000000 5.97442 1.56 0.03945 0.57697 0.51404 -9.26106 24.7736 -4.72534 0.56226 0.25083 4.54453 21.8403 1.3647 0.15 225400000000 152500000000
 0.4900   227769 0.5000   236945      1       -1       -1       -1  0 6.76833e+11 6.67300e+11 212.720000 25.299000 91.130000  1 0.2500 192.720000 1.87554 27.11957 41.45623 6.350 79.830 92.990 -3.167e+10 3.167e+11 2.425e+11 0.03160 211231 211217 675710 2655 37 211165 211241 25.299 667310000000 667310000000 667310000000 562450000000 85797000000 11.8277 0 0.02451 0.9207 0.53321 23.6625 -4.5961 26.3569 0.79069 0.17233 22.6313 -14.0558 19.4584 0.1516 706000000000 362300000000
 0.4900   227770 0.5000   236946      1       -1       -1       -1  0 2.63733e+11 2.66900e+11 156.733000 45.621000 52.470000  1 0.3400 124.610000 1.59660 27.21843 41.91100 48.370 95.140 49.220 -9.061e+10 7.582e+10 -1.981e+10 0.03805 211232 211256 675710 2987 37 211165 211271 45.6209 266920000000 266920000000 209730000000 114400000000 0 11.9241 1.94 0.0338 0.77113 0.32785 -11.9697 30.9147 -21.0318 0.75797 0.45089 -21.1291 28.1844 6.12541 0.1293 227100000000 286000000000
 0.4800   218624 0.4900   227769      1       -1       -1       -1  0 6.76833e+11 6.67300e+11 213.199000 21.160000 94.980000  1 0.2500 202.160000 1.87088 27.07710 41.40526 6.780 79.110 89.150 3.657e+10 3.122e+11 2.253e+11 0.03168 211233 211218 675710 1489 36 211165 211241 21.1604 667310000000 667310000000 648240000000 505250000000 133460000000 8.73085 0 0.02391 0.72935 0.59073 -11.2744 29.9834 -6.48493 0.59752 0.53677 -14.7048 28.1918 -1.90235 0.1544 686700000000 371800000000
 0.4800   218625 0.4900   227770      1       -1       -1       -1  0 2.63733e+11 2.57400e+11 155.194000 50.744000 49.240000  1 0.3400 123.230000 1.57767 27.16178 41.89154 49.150 97.490 49.410 -9.649e+10 4.791e+10 -8.350e+10 0.04505 211234 211257 675710 1490 36 211165 211271 50.7442 257390000000 257390000000 209730000000 123930000000 19066000000 11.1069 1.08 0.04123 0.22715 0.03904 -15.6292 -38.6999 55.8515 0.24466 0.21426 -15.4789 -17.5281 37.1967 0.1209 222600000000 305100000000
 0.4700   209492 0.4800   218624      1       -1       -1       -1  0 6.67300e+11 6.95900e+11 216.677000 20.884000 98.080000  1 0.2500 208.320000 1.87268 27.05277 41.35539 7.490 76.550 84.900 -1.462e+10 3.265e+11 1.621e+11 0.02745 211235 211219 675710 2553 35 211165 211241 20.8844 695910000000 695910000000 667310000000 514780000000 133460000000 7.56731 0 0.02123 0.4865 0.42721 -15.292 38.157 -13.861 0.34016 0.22991 -24.397 40.3533 -7.68575 0.1656 741600000000 362300000000
 0.4700   209493 0.4800   218625      1       -1       -1       -1  0 2.63733e+11 2.38300e+11 151.595000 35.768000 50.150000  1 0.3400 124.770000 1.55458 27.14998 41.84899 47.740 91.650 47.250 -4.480e+10 5.473e+10 -3.144e+10 0.02995 211236 211258 675710 2554 35 211165 211271 35.7684 238320000000 238320000000 238320000000 104860000000 38132000000 13.3147 0 0.02687 0.54757 0.19935 32.6724 -8.59799 -10.3847 0.75928 0.03869 -10.0448 -1.221 19.9864 0.1228 221600000000 238300000000
 0.4600   200391 0.4700   209492      1       -1       -1       -1  0 6.45067e+11 6.38700e+11 211.019000 22.082000 92.140000  1 0.2500 200.720000 1.86786 26.99341 41.30369 6.290 74.190 82.120 7.388e+09 3.638e+11 1.628e+11 0.03576 211237 211220 675710 1472 34 211165 211241 22.0818 638710000000 638710000000 591050000000 514780000000 162060000000 6.8732 0 0.02702 0.72333 0.47956 15.662 -22.4479 33.2051 0.68643 0.43277 15.2755 -20.1091 31.5313 0.1491 682500000000 352700000000
 0.4600   200392 0.4700   209493      1       -1       -1       -1  0 2.63733e+11 2.57400e+11 155.866000 51.920000 51.990000  1 0.3400 125.470000 1.52077 27.07459 41.83435 46.560 89.060 48.390 -6.572e+10 4.523e+10 -2.321e+10 0.02813 211238 211259 675710 1473 34 211165 211271 51.9201 257390000000 257390000000 219260000000 76264000000 0 13.1371 0 0.02562 0.4612 0.12197 14.0914 40.3351 -8.37108 0.2829 0.09816 18.5279 31.226 11.4615 0.1259 229500000000 314600000000
 0.4500   191353 0.4600   200391      1       -1       -1       -1  0 5.91033e+11 6.00600e+11 207.162000 29.075000 86.450000  1 0.2500 187.210000 1.86593 26.95160 41.23040 6.280 70.550 80.340 5.356e+10 3.674e+11 1.795e+11 0.03929 211239 211221 675710 499 33 211165 211241 29.0752 600580000000 591050000000 581510000000 467120000000 123930000000 29.2109 1.75 0.03129 0.45926 0.3846 14.2446 -12.1008 45.131 0.51867 0.24815 11.6462 -6.30525 35.8816 0.152 596900000000 400400000000
 0.4500   191354 0.4600   200392      1       -1       -1       -1  0 2.63733e+11 2.66900e+11 158.094000 42.327000 51.380000  1 0.3400 130.420000 1.49648 27.02938 41.81484 41.760 83.640 47.100 -8.077e+10 1.317e+10 -2.040e+10 0.02779 211240 211260 675710 841 33 211165 211271 42.3274 266920000000 266920000000 257390000000 85797000000 47665000000 18.4568 0 0.02472 0.48276 0.31491 -22.1415 -25.284 25.5087 0.31954 0.05556 6.5382 32.9234 -3.26635 0.1076 233400000000 276500000000
 0.4400   182317 0.4500   191353      1       -1       -1       -1  0 5.40200e+11 5.33800e+11 199.586000 31.095000 79.470000  1 0.2500 178.510000 1.89484 26.89221 41.20234 5.000 70.920 79.720 1.213e+11 3.828e+11 1.713e+11 0.04969 211241 211222 675710 419 32 211165 211241 31.0949 533850000000 533850000000 533850000000 343190000000 95330000000 32.5726 0 0.04072 0.79137 0.54263 6.76568 -11.9436 30.2841 0.73927 0.31487 16.4331 -15.3478 16.8794 0.1474 513500000000 343200000000
 0.4400   182318 0.4500   191354      1       -1       -1       -1  0 2.63733e+11 2.57400e+11 156.503000 25.565000 52.900000  1 0.3400 138.860000 1.49450 26.98962 41.78687 42.210 81.390 46.400 -7.542e+10 1.035e+10 -3.922e+10 0.03090 211242 211261 675710 420 32 211165 211271 25.5654 257390000000 257390000000 257390000000 95330000000 19066000000 11.5199 0 0.02695 0.09459 0.01658 50.974 38.6702 -50.4461 0.35707 0.15109 -16.2465 32.0633 -6.2951 0.1106 250200000000 181100000000
 0.4300   173310 0.4400   182317      1       -1       -1       -1  0 4.35333e+11 4.86200e+11 193.836000 37.357000 76.360000  1 0.2500 169.100000 1.90078 26.81901 41.16627 4.030 69.370 74.770 1.584e+11 3.089e+11 1.675e+11 0.04962 211243 211223 675710 1451 31 211165 211241 37.3568 486180000000 486180000000 438520000000 219260000000 133460000000 49.7058 0 0.04246 0.58163 0.4129 -5.17019 16.6773 29.2096 0.60109 0.40005 1.64259 23.681 5.66629 0.1567 415000000000 324100000000
 0.4300   173311 0.4400   182318      1       -1       -1       -1  0 2.60567e+11 2.66900e+11 158.720000 26.106000 55.730000  1 0.3400 141.880000 1.46515 26.94752 41.76402 37.420 75.140 44.630 -7.008e+10 2.018e+10 1.936e+09 0.02556 211244 211262 675710 1452 31 211165 211271 26.1063 266920000000 266920000000 266920000000 181130000000 0 12.8281 2.66 0.02183 0.63248 0.33563 35.5298 7.88721 -35.1093 0.5309 0.37124 40.6138 14.2946 -41.4261 0.1117 256900000000 200200000000
 0.4200   164369 0.4300   173310      1       -1       -1       -1  0 3.52733e+11 2.86000e+11 162.717000 17.155000 66.480000  1 0.2500 159.810000 1.90406 26.76084 41.11721 -3.250 88.120 69.850 1.361e+10 6.496e+10 2.723e+10 0.02546 211245 211224 675710 1525 30 211165 211241 17.1552 285990000000 285990000000 266920000000 228790000000 123930000000 10.9756 0 0.01935 0.91044 0.38354 -7.40488 -10.9704 23.7498 0.66183 0.36957 11.8228 20.0677 -7.16343 0.1256 378500000000 152500000000
 0.4200   164370 0.4300   173311      1       -1       -1       -1  0 2.60567e+11 2.47900e+11 155.138000 16.916000 61.850000  1 0.3400 151.270000 1.46192 26.89245 41.72912 35.560 74.790 45.410 -5.333e+10 3.561e+10 -1.300e+09 0.02709 211246 211263 675710 1839 30 211165 211271 16.9157 247860000000 247860000000 247860000000 219260000000 19066000000 16.5104 0 0.02195 0.39014 0.04679 45.6548 3.35317 -21.071 0.342 0.09392 33.6335 7.92913 -23.1874 0.1254 283900000000 123900000000
 0.4100   155510 0.4200   164369      1       -1       -1       -1  0 2.92367e+11 2.86000e+11 163.013000 20.459000 61.770000  1 0.2500 155.870000 1.90133 26.71383 41.07572 -1.840 82.860 62.550 3.507e+10 6.177e+10 -1.530e+10 0.02481 211247 211225 675710 1416 29 211165 211241 20.4589 285990000000 285990000000 285990000000 200190000000 85797000000 8.53022 0 0.01981 0.96213 0.53941 7.63706 20.2534 21.171 0.58775 0.403 12.5362 25.4505 6.87637 0.1187 347300000000 133500000000
 0.4100   155511 0.4200   164370      1       -1       -1       -1  0 2.60567e+11 2.57400e+11 157.387000 14.470000 62.330000  1 0.3400 160.890000 1.42441 26.83343 41.69580 34.480 71.530 46.250 -7.497e+10 2.378e+10 -9.725e+09 0.03241 211248 211264 675710 1417 29 211165 211271 14.47 257390000000 257390000000 247860000000 238320000000 0 15.2698 0 0.02576 0.30818 0.09504 43.7301 -14.1196 -16.8601 0.05477 0 39.573 -15.9632 -18.4848 0.1218 313000000000 76260000000
 0.4000   146764 0.4100   155510      1       -1       -1       -1  0 2.86000e+11 3.05100e+11 166.849000 32.535000 57.930000  1 0.2500 149.440000 1.89956 26.65649 41.02771 0.080 81.210 62.490 8.998e+10 6.431e+10 -6.192e+10 0.03702 211249 211226 675710 1412 28 211165 211241 32.5354 305060000000 305060000000 276460000000 162060000000 19066000000 12.5129 0 0.0314 0.60536 0.41861 -5.89155 9.25807 41.0435 0.93914 0.24017 -3.29998 19.568 23.842 0.1125 317300000000 228800000000
 0.4000   146765 0.4100   155511      1       -1       -1       -1  0 2.60567e+11 2.66900e+11 159.586000 17.595000 59.370000  1 0.3400 158.220000 1.39396 26.78813 41.67065 32.960 69.650 45.570 -7.960e+10 1.715e+10 -1.457e+10 0.03222 211250 211265 675710 1413 28 211165 211271 17.5948 266920000000 257390000000 257390000000 200190000000 0 19.1552 1.83 0.0256 0.74591 0.52864 35.6101 -1.65694 -17.4986 0.76467 0.20927 25.6828 -14.9764 16.6938 0.1095 269500000000 133500000000
 0.3900   138094 0.4000   146764      1       -1       -1       -1  0 2.76467e+11 2.66900e+11 159.855000 25.892000 56.540000  1 0.2500 148.830000 1.90642 26.59962 40.97660 4.780 80.610 62.580 5.494e+10 6.998e+10 -6.209e+10 0.04139 211251 211227 675710 1461 27 211165 211241 25.8917 266920000000 266920000000 247860000000 152530000000 66731000000 22.9687 0 0.03397 0.31329 0.2273 -3.98844 3.28134 52.5016 0.5492 0.36363 -11.6567 -3.64669 28.3777 0.1051 296300000000 171600000000
 0.3900   138095 0.4000   146765      1       -1       -1       -1  0 2.57400e+11 2.57400e+11 157.929000 21.080000 57.330000  1 0.3400 152.200000 1.39116 26.72780 41.62512 32.370 68.020 43.010 -7.451e+10 2.045e+10 -7.404e+09 0.03108 211252 211266 675710 1674 27 211165 211271 21.0805 257390000000 257390000000 238320000000 190660000000 9533000000 24.9139 0 0.02582 0.34085 0.13353 -26.2724 -9.80027 37.9873 0.09659 0.00739 -21.8584 -9.15308 45.5384 0.114 247300000000 162100000000
 0.3800   129635 0.3900   138094      1       -1       -1       -1  0 2.51033e+11 2.57400e+11 158.184000 20.377000 56.080000  1 0.2500 155.120000 1.90342 26.53975 40.93436 4.060 77.410 67.710 7.258e+08 3.558e+10 -4.996e+10 0.02584 211253 211228 675710 2451 26 211165 211241 20.377 257390000000 247860000000 219260000000 152530000000 57198000000 23.3982 1.86 0.02066 0.62142 0.22676 -3.57525 5.49467 23.0888 0.7167 0.13604 -1.91798 9.40403 16.3196 0.0973 268700000000 152500000000
 0.3800   129636 0.3900   138095      1       -1       -1       -1  0 2.44700e+11 2.47900e+11 156.207000 20.332000 55.420000  1 0.3400 152.880000 1.35777 26.69959 41.60263 31.040 63.260 44.710 -6.564e+10 3.233e+10 3.363e+09 0.03164 211254 211267 675710 2703 26 211165 211271 20.3323 247860000000 228790000000 228790000000 162060000000 19066000000 8.70834 1.7 0.02627 0.48219 0.31528 -23.7296 -18.8054 25.6736 0.21912 0.14445 28.3445 29.5021 -0.31486 0.1098 230300000000 162100000000
 0.3700   121149 0.3800   129635      1       -1       -1       -1  0 2.41500e+11 2.28800e+11 152.331000 15.886000 56.940000  1 0.2500 157.770000 1.89309 26.49384 40.89569 6.190 72.150 66.220 -1.767e+10 3.550e+10 -3.519e+10 0.02907 211255 211229 675710 1440 25 211165 211241 15.8862 228790000000 219260000000 219260000000 152530000000 66731000000 15.6272 2.04 0.022 0.82806 0.41255 -3.35612 -3.27882 18.0547 0.59686 0.34288 15.1353 1.87923 -10.5893 0.0939 245000000000 114400000000
 0.3700   121150 0.3800   129636      1       -1       -1       -1  0 2.16100e+11 2.28800e+11 152.331000 40.652000 51.560000  1 0.3400 135.700000 1.31929 26.63895 41.55350 33.670 59.580 42.540 -3.277e+10 1.801e+10 -1.828e+10 0.01944 211256 211268 675710 1641 25 211165 211271 40.6523 228790000000 209730000000 200190000000 85797000000 9533000000 20.1079 3.5 0.01727 0.49046 0.20181 29.8808 22.9073 -7.54212 0.28578 0 15.8448 6.72205 6.95506 0.1138 190900000000 238300000000
 0.3600   112751 0.3700   121149      1       -1       -1       -1  0 2.31967e+11 2.38300e+11 154.647000 18.883000 51.960000  1 0.2500 156.750000 1.87384 26.44095 40.82183 9.070 69.530 63.290 -6.234e+08 2.933e+10 -3.180e+10 0.02136 211257 211230 675710 1640 24 211165 211241 18.8825 238320000000 238320000000 238320000000 190660000000 28599000000 3.30616 0 0.01699 0.76388 0.60166 9.01254 -0.74152 16.7473 0.58019 0.44816 1.87715 -3.05315 18.9235 0.086 233800000000 123900000000
 0.3600   112752 0.3700   121150      1       -1       -1       -1  0 1.77967e+11 1.71600e+11 138.608000 32.015000 48.200000  1 0.3400 126.820000 1.31617 26.58942 41.50701 29.190 55.000 42.870 -2.373e+10 -6.764e+09 1.298e+10 0.02050 211258 211269 675710 1628 24 211165 211271 32.0151 171590000000 171590000000 152530000000 85797000000 0 36.2622 0 0.01893 0.91759 0.05564 32.2069 24.9384 3.62195 0.63531 0.19761 1.54654 38.706 13.5329 0.1236 168600000000 152500000000
 0.3500   104497 0.3600   112751      1       -1       -1       -1  0 2.22433e+11 2.28800e+11 152.774000 18.143000 49.110000  1 0.2500 157.600000 1.87177 26.39930 40.79858 12.960 59.100 58.390 -1.046e+10 -6.164e+09 -1.378e+10 0.00976 211259 211231 675710 1450 23 211165 211241 18.1431 228790000000 209730000000 190660000000 162060000000 28599000000 20.9396 4.86 0.00783 0.55852 0.31183 -18.1004 -9.75275 18.0857 0.35577 0.06688 -18.0024 -14.7834 21.1288 0.0805 211300000000 133500000000
 0.3500   104498 0.3600   112752      1       -1       -1       -1  0 1.39833e+11 1.33500e+11 127.651000 42.456000 41.500000  1 0.3400 114.460000 1.26922 26.53655 41.51034 33.690 53.540 36.960 -3.519e+10 5.784e+09 1.086e+10 0.03787 211260 211270 675710 1578 23 211165 211271 42.4562 133460000000 123930000000 104860000000 0 0 39.4442 1.61 0.03901 0.29975 0.03081 -31.2435 38.6713 34.0323 0 0 0 0 0 0.1304 162300000000 200200000000
 0.3400    96435 0.3500   104497      1       -1       -1       -1  0 2.09733e+11 2.00200e+11 146.322000 18.087000 47.590000  1 0.2500 151.610000 1.85613 26.35049 40.75063 12.160 56.020 53.240 -2.968e+10 -2.941e+10 4.518e+09 0.02826 211261 211232 675710 656 22 211165 211241 18.0867 200190000000 200190000000 190660000000 152530000000 57198000000 8.35577 3.83 0.02268 0.78119 0.28247 -15.7203 -0.44363 21.6691 0.83019 0.30801 -9.93575 1.68822 19.5132 0.0787 198600000000 123900000000
 0.3400    96436 0.3500   104498      0       -1       -1       -1  0 1.14400e+11 1.14400e+11 121.422000 37.501000 43.210000  1 0.3400 110.770000 1.26311 26.51571 41.46166 32.120 51.130 36.840 -2.963e+10 1.607e+10 1.230e+10 0.04536 211262 211271 675710 782 22 211165 211271 37.5005 114400000000 114400000000 95330000000 0 0 10.3879 0 0.04922 0.68566 0.00783 -37.8736 -8.90016 46.4968 0 0 0 0 0 0.1695 142100000000 171600000000
 0.3300    88608 0.3400    96435      1       -1       -1       -1  0 2.09733e+11 1.81100e+11 141.703000 15.124000 44.790000  1 0.2500 153.340000 1.83003 26.29865 40.70699 13.340 52.030 53.740 -2.379e+10 -9.097e+09 6.166e+09 0.02082 211263 211233 675710 1491 21 211165 211241 15.1243 181130000000 181130000000 181130000000 142990000000 0 10.825 0 0.01695 0.52543 0.09706 -28.0175 -9.5398 31.9463 0.315 0.01577 -29.322 -5.74508 33.5089 0.0739 184000000000 85800000000
 0.3200    80916 0.3300    88608      1       -1       -1       -1  0 2.09733e+11 2.09700e+11 148.983000 22.250000 42.100000  1 0.2500 152.970000 1.83017 26.24509 40.63419 11.440 50.430 50.330 -3.106e+10 3.916e+09 3.534e+10 0.02829 211264 211234 675710 1438 20 211165 211241 22.2501 209730000000 200190000000 200190000000 152530000000 9533000000 5.51835 0.53 0.02427 0.59185 0.43657 -28.6254 -13.5539 27.5844 0.65266 0.59705 20.8498 15.436 -11.9164 0.0658 190300000000 152500000000
 0.3100    73491 0.3200    80916      1       -1       -1       -1  0 2.09733e+11 2.00200e+11 146.861000 29.977000 40.810000  1 0.2500 145.660000 1.82058 26.19398 40.59283 8.160 48.570 46.630 -2.535e+10 1.845e+10 3.622e+10 0.03059 211265 211235 675710 650 19 211165 211241 29.9773 200190000000 200190000000 200190000000 123930000000 0 3.58589 0 0.02702 0.7276 0.15104 25.2018 40.0461 -0.7152 0.44419 0.19936 32.0779 27.7803 -15.3526 0.0665 183000000000 162100000000
 0.3000    66287 0.3100    73491      1       -1       -1       -1  0 2.00200e+11 2.19300e+11 151.549000 47.347000 40.450000  1 0.2500 146.020000 1.82475 26.15125 40.52955 8.320 49.060 43.660 -8.166e+09 1.276e+10 4.383e+10 0.02495 211266 211236 675710 1349 18 211165 211241 47.3466 219260000000 200190000000 200190000000 57198000000 0 10.1957 0 0.02284 0.33973 0.00119 37.4377 39.6072 -9.9553 0.45127 0.1652 24.2381 36.8563 -15.621 0.0643 183400000000 228800000000
 0.2900    59340 0.3000    66287      1       -1       -1       -1  0 1.97033e+11 1.81100e+11 142.345000 27.451000 36.300000  1 0.2500 146.650000 1.80933 26.09260 40.46598 7.800 48.830 43.340 -1.763e+10 1.005e+10 9.595e+09 0.01799 211267 211237 675710 1323 17 211165 211241 27.4509 181130000000 171590000000 171590000000 95330000000 9533000000 10.423 1.08 0.01545 0.40471 0.09597 14.8332 27.3826 -5.54475 0.27844 0.10473 9.89425 22.6545 2.67896 0.0449 155100000000 152500000000
 0.2800    52724 0.2900    59340      1       -1       -1       -1  0 1.90700e+11 1.90700e+11 144.941000 21.834000 39.680000  1 0.2500 157.840000 1.80110 26.04793 40.40705 4.570 45.000 42.030 -1.195e+10 3.805e+09 5.317e+09 0.01045 211268 211238 675710 1249 16 211165 211241 21.8342 190660000000 190660000000 190660000000 123930000000 9533000000 28.6187 0 0.00876 0.70084 0.56587 26.211 26.6404 -3.6495 0.39357 0.00105 13.1068 34.2704 -1.89821 0.0474 191000000000 123900000000
 0.2700    46431 0.2800    52724      1       -1       -1       -1  0 1.90700e+11 1.90700e+11 145.073000 13.515000 47.180000  1 0.2500 177.190000 1.78388 25.97593 40.36701 5.590 40.840 41.100 -9.410e+09 9.453e+07 3.577e+09 0.00868 211269 211239 675710 1944 15 211165 211241 13.5151 190660000000 190660000000 190660000000 162060000000 0 13.1452 0 0.00659 0.45372 0.13575 15.5687 26.7955 29.0873 0.13263 0.01078 -0.77143 28.3381 21.4454 0.0542 215400000000 85800000000
 0.2600    40474 0.2700    46431      1       -1       -1       -1  0 1.84333e+11 1.90700e+11 145.197000 8.807000 49.140000  1 0.2500 200.890000 1.77809 25.91375 40.33197 5.940 39.800 38.180 -1.112e+10 1.959e+09 3.240e+09 0.01092 211270 211240 675710 686 14 211165 211241 8.80733 190660000000 190660000000 190660000000 133460000000 123930000000 13.0471 0 0.00783 0.62374 0.35221 -1.2406 21.0426 -13.6636 0.65542 0.27087 -5.51356 16.9062 -9.69326 0.0556 248800000000 66730000000
 0.2500    34884 0.2600    40474      0       -1       -1       -1  0 1.71600e+11 1.71600e+11 140.298000 24.124000 36.780000  1 0.2500 157.550000 1.77995 25.86913 40.27536 6.520 39.630 33.520 -1.038e+10 -4.426e+09 8.297e+09 0.01330 211271 211241 675710 1725 13 211165 211241 24.1235 171590000000 162060000000 162060000000 114400000000 0 19.1181 0.77 0.01134 0.35026 0.18768 25.0648 42.6439 -23.4891 0.32598 0.11188 23.9547 31.365 -28.2053 0.0518 147200000000 133500000000
