 1.0000   680477 0.0000       -1      1       -1       -1       -1  0 1.33433e+11 7.62600e+10 86.758000 7.713000 63.530000  1 0.3900 76.120000 52.87592 52.08360 21.68747 227.230 -192.190 216.670 -5.143e+10 3.030e+10 3.218e+10 0.05919 549339 549339 680477 5992 88 549338 549400 7.71275 85797000000 85797000000 76264000000 0 0 33.1334 0 0.11787 0.24828 0.06637 -9.47259 38.3961 -16.1632 0 0 0 0 0 0.7869 114800000000 0
 0.9900   672350 1.0000   680477      1       -1       -1       -1  0 1.33433e+11 5.72000e+10 79.157000 28.694000 59.970000  1 0.3900 56.330000 52.85267 52.16913 21.69536 232.190 -209.010 169.130 1.337e+09 3.241e+10 -2.752e+10 0.06832 549340 549340 680477 6643 87 549338 549400 28.694 57198000000 66731000000 0 0 0 53.3109 17.35 0.11977 0.19739 0.04506 6.99962 28.6187 48.6583 0 0 0 0 0 1.4328 59280000000 76260000000
 0.9800   663924 0.9900   672350      1       -1       -1       -1  0 1.33433e+11 7.62600e+10 87.488000 7.318000 64.910000  1 0.3900 77.680000 52.81350 52.11680 21.63934 233.910 -206.620 194.700 -3.305e+10 2.811e+09 -6.885e+09 0.02624 549341 549341 680477 6780 86 549338 549400 7.31831 76264000000 85797000000 76264000000 0 0 25.064 0 0.05922 0.45537 0.20545 3.49552 40.6854 -7.39382 0 0 0 0 0 0.8334 119300000000 9533000000
 0.9700   655542 0.9800   663924      1       -1       -1       -1  0 1.33433e+11 7.62600e+10 87.853000 14.178000 57.600000  1 0.3900 68.080000 52.75719 52.15919 21.65772 227.980 -217.670 162.960 -1.882e+10 2.098e+10 -4.546e+10 0.02464 549342 549342 680477 5014 85 549338 549400 14.1784 76264000000 95330000000 0 0 0 54.8178 0 0.0938 0.17932 0.06787 -35.0932 -26.6268 45.0448 0 0 0 0 0 0.9189 90690000000 9533000000
 0.9600   647200 0.9700   655542      1       -1       -1       -1  0 1.33433e+11 7.62600e+10 88.217000 15.676000 60.230000  1 0.3900 67.250000 52.73382 52.17769 21.64077 241.950 -228.480 156.780 -4.198e+10 3.877e+10 1.595e+10 0.01574 549343 549343 680477 6040 84 549338 549400 15.676 85797000000 85797000000 0 0 0 52.2786 6.89 0.10437 0.19842 0.1235 -31.5954 -26.6713 45.0513 0 0 0 0 0 1.027 87570000000 28600000000
 0.9500   638873 0.9600   647200      1       -1       -1       -1  0 1.33433e+11 8.58000e+10 92.128000 16.370000 63.500000  1 0.3900 70.170000 52.76145 52.18832 21.60087 257.810 -245.480 139.640 -6.092e+10 -4.228e+10 -1.693e+10 0.04087 549344 549344 680477 6044 83 549338 549400 16.3699 95330000000 104860000000 66731000000 0 0 38.606 9.3 0.11031 0.56477 0.20365 -16.1296 43.8093 -14.2978 0 0 0 0 0 0.8626 98120000000 47660000000
 0.9400   630559 0.9500   638873      1       -1       -1       -1  0 1.33433e+11 8.58000e+10 92.505000 11.893000 63.550000  1 0.3900 74.490000 52.73590 52.23807 21.55590 256.330 -254.950 118.840 -3.864e+10 -9.624e+09 -2.314e+09 0.03324 549345 549345 680477 6699 82 549338 549400 11.8929 85797000000 95330000000 76264000000 9533000000 0 27.7955 0 0.05804 0.04314 0 -16.9545 21.6315 1.22295 0 0 0 0 0 0.7169 102300000000 28600000000
 0.9300   622231 0.9400   630559      1       -1       -1       -1  0 1.33433e+11 8.58000e+10 92.882000 12.493000 64.980000  1 0.3900 74.090000 52.70619 52.26792 21.54237 265.770 -264.900 110.110 -4.343e+10 -2.372e+10 -5.204e+07 0.03946 549346 549346 680477 6734 81 549338 549400 12.493 95330000000 95330000000 76264000000 9533000000 0 29.0038 7.74 0.07223 0.24804 0.06569 -13.4654 20.8111 15.0341 0 0 0 0 0 0.7458 98500000000 38130000000
 0.9200   613883 0.9300   622231      1       -1       -1       -1  0 1.33433e+11 8.58000e+10 93.258000 12.103000 69.160000  1 0.3900 74.860000 52.66432 52.27797 21.51498 269.180 -274.210 95.050 -5.508e+10 -1.894e+10 3.665e+10 0.02146 549347 549347 680477 6738 80 549338 549400 12.1034 95330000000 104860000000 85797000000 0 0 34.5702 5.46 0.1008 0.36157 0.07183 0.34013 37.089 23.4162 0 0 0 0 0 0.9569 108100000000 9533000000
 0.9100   605510 0.9200   613883      1       -1       -1       -1  0 1.33433e+11 8.58000e+10 93.633000 14.126000 71.510000  1 0.3900 73.060000 52.64279 52.33351 21.51960 278.440 -283.500 70.390 -3.757e+10 -7.195e+09 3.347e+09 0.01917 549348 549348 680477 6740 79 549338 549400 14.1262 85797000000 95330000000 76264000000 19066000000 0 31.6193 10.24 0.05644 0.2271 0.01677 -19.244 22.2343 13.2125 0 0 0 0 0 0.9021 97970000000 57200000000
 0.9000   597133 0.9100   605510      1       -1       -1       -1  0 1.33433e+11 8.58000e+10 94.007000 13.548000 74.760000  1 0.3900 73.920000 52.60404 52.36889 21.50958 281.470 -291.450 55.560 -3.702e+10 -8.314e+09 4.979e+09 0.01379 549349 549349 680477 6719 78 549338 549400 13.5484 85797000000 85797000000 76264000000 47665000000 0 28.8905 10.01 0.05644 0.28513 0.13431 -22.9052 23.7441 11.2774 0.33411 0.2089 -20.3785 26.6275 9.45416 0.9513 99180000000 57200000000
 0.8900   588717 0.9000   597133      1       -1       -1       -1  0 1.33433e+11 7.62600e+10 90.747000 9.330000 63.530000  1 0.3900 76.330000 52.56781 52.40767 21.50258 261.430 -288.800 48.820 -3.087e+10 2.136e+10 -4.398e+10 0.06196 549350 549350 680477 6762 77 549338 549400 9.33006 76264000000 85797000000 66731000000 57198000000 0 24.3405 0 0.10416 0.36404 0.14264 -13.1692 40.293 4.64164 0.24001 0.00711 -19.8802 27.3846 15.4616 0.7142 95030000000 19070000000
 0.8800   580335 0.8900   588717      1       -1       -1       -1  0 1.33433e+11 7.62600e+10 91.104000 10.031000 60.130000  1 0.3900 75.490000 52.53013 52.44877 21.49747 272.880 -296.540 29.350 -2.848e+10 2.010e+10 -3.795e+10 0.06256 549351 549351 680477 6715 76 549338 549400 10.0306 76264000000 85797000000 66731000000 57198000000 0 22.0059 9.29 0.09316 0.25074 0.0395 -19.7572 24.3062 16.3952 0.15481 0.07472 32.8635 -19.7593 -5.80015 0.642 91900000000 38130000000
 0.8700   571859 0.8800   580335      1       -1       -1       -1  0 1.33433e+11 6.67300e+10 87.479000 7.602000 53.230000  1 0.3900 76.430000 52.49096 52.49231 21.49437 275.790 -304.950 13.690 -1.055e+10 2.596e+10 -4.791e+09 0.05018 549352 549352 680477 5790 75 549338 549400 7.60152 66731000000 95330000000 57198000000 47665000000 0 33.1615 0 0.06444 0.46181 0.18469 -21.1484 24.391 11.1914 0.21887 0 20.6344 -5.77571 -17.1964 0.522 94690000000 9533000000
 0.8600   563391 0.8700   571859      1       -1       -1       -1  0 1.33433e+11 7.62600e+10 91.816000 14.641000 50.050000  1 0.3900 70.870000 52.46228 52.52440 21.50750 262.080 -317.330 -1.840 -2.806e+10 2.349e+10 -5.951e+10 0.08301 549353 549353 680477 6806 74 549338 549400 14.6415 76264000000 85797000000 66731000000 0 0 32.8321 9.21 0.12728 0.14254 0 39.659 -28.178 6.89546 0 0 0 0 0 0.5782 111300000000 38130000000
 0.8500   554951 0.8600   563391      1       -1       -1       -1  0 1.33433e+11 7.62600e+10 92.170000 17.056000 47.830000  1 0.3900 69.490000 52.42095 52.57235 21.50872 275.700 -328.530 -15.690 -3.092e+10 2.344e+10 -4.898e+10 0.07869 549354 549354 680477 6755 73 549338 549400 17.0563 85797000000 95330000000 66731000000 0 0 31.2412 7.56 0.11428 0.0851 0 -16.9705 41.4977 -0.69236 0 0 0 0 0 0.5207 114300000000 57200000000
 0.8400   546449 0.8500   554951      1       -1       -1       -1  0 1.33433e+11 7.62600e+10 92.523000 15.272000 43.680000  1 0.3900 71.030000 52.37815 52.62319 21.51241 276.600 -337.280 -31.550 -1.773e+10 1.590e+10 -1.722e+10 0.04137 549355 549355 680477 6782 72 549338 549400 15.2724 85797000000 85797000000 57198000000 0 0 28.7648 10.15 0.05397 0.16107 0.01516 36.1947 -27.7559 2.29596 0 0 0 0 0 0.4053 104700000000 38130000000
 0.8300   537930 0.8400   546449      1       -1       -1       -1  0 1.33433e+11 7.62600e+10 92.874000 14.708000 43.800000  1 0.3900 71.810000 52.33397 52.67710 21.51874 285.290 -345.870 -52.370 -1.649e+10 1.813e+10 -5.703e+09 0.03788 549356 549356 680477 6869 71 549338 549400 14.708 76264000000 104860000000 66731000000 0 0 28.4959 0 0.04639 0.01152 0 -17.4762 32.0557 1.17764 0 0 0 0 0 0.3584 88800000000 38130000000
 0.8200   529338 0.8300   537930      1       -1       -1       -1  1 1.33433e+11 7.15000e+10 91.217000 11.736000 46.260000  1 0.3900 74.060000 52.29638 52.72412 21.52697 282.410 -363.200 -71.000 -1.188e+10 2.137e+10 -5.816e+09 0.04247 549357 549357 680477 8463 70 549338 549400 12.4449 71497500000 109630000000 66731000000 14299500000 0 33.4064 0 0.05378 0.089185 0.00808 9.06445 8.15436 -3.46895 0.117095 0.09097 13.1468 -10.1958 -2.01203 0.4103 92015000000 23831500000
 0.8100   520692 0.8200   529338      1       -1       -1       -1  0 1.33433e+11 6.67300e+10 89.498000 8.764000 48.480000  1 0.3900 76.190000 52.24596 52.80759 21.53072 277.960 -360.330 -89.490 -7.276e+09 2.460e+10 -5.929e+09 0.04705 549358 549358 680477 6988 69 549338 549400 8.76381 66731000000 114400000000 66731000000 28599000000 0 38.3169 0 0.06117 0.16685 0.01616 35.6051 -15.747 -8.11555 0.23419 0.18194 26.2935 -20.3915 -4.02406 0.4622 95230000000 9533000000
 0.8000   512015 0.8100   520692      1       -1       -1       -1  0 1.33433e+11 7.62600e+10 93.918000 12.059000 50.080000  1 0.3900 75.570000 52.19836 52.87071 21.54646 239.770 -374.960 -122.410 -1.389e+10 5.341e+10 -1.589e+10 0.06078 549359 549359 680477 6053 68 549338 549400 12.059 85797000000 114400000000 76264000000 47665000000 0 26.9171 43.94 0.10725 0.10926 0 25.0559 -22.8502 -6.22827 0 0 25.177 -20.3857 -6.61087 0.7391 95010000000 47660000000
 0.7900   503370 0.8000   512015      1       -1       -1       -1  0 1.33433e+11 7.62600e+10 94.262000 19.028000 53.700000  1 0.3900 70.400000 52.06491 52.90905 21.55487 270.030 -395.140 -136.460 -3.484e+10 8.327e+09 4.087e+10 0.04605 549360 549360 680477 6898 67 549338 549400 19.0285 76264000000 104860000000 0 0 0 47.7378 0 0.10194 0.15239 0.03564 52.2936 39.6276 17.0244 0 0 0 0 0 0.7436 84890000000 28600000000
 0.7800   494734 0.7900   503370      1       -1       -1       -1  0 1.33433e+11 9.53300e+10 101.910000 27.845000 48.210000  1 0.3900 73.600000 52.03300 52.98162 21.59121 272.150 -408.360 -153.450 -3.599e+10 -1.362e+09 3.398e+10 0.04890 549361 549361 680477 5306 66 549338 549400 27.8446 95330000000 114400000000 66731000000 0 0 41.3132 0 0.06433 0.18825 0.1606 35.1511 41.0496 6.43988 0 0 0 0 0 0.4146 91800000000 95330000000
 0.7700   486049 0.7800   494734      1       -1       -1       -1  0 1.33433e+11 1.04900e+11 105.578000 28.993000 53.830000  1 0.3900 76.290000 51.98494 53.06141 21.62115 273.800 -431.340 -176.200 -3.003e+10 -2.565e+09 2.944e+10 0.03608 549362 549362 680477 6340 65 549338 549400 28.9926 114400000000 114400000000 95330000000 0 0 38.8628 3.11 0.04692 0.38637 0.16006 44.1127 31.3017 3.90978 0 0 0 0 0 0.4392 98520000000 104900000000
 0.7600   477346 0.7700   486049      1       -1       -1       -1  0 1.33433e+11 1.14400e+11 109.073000 19.079000 64.200000  1 0.3900 83.450000 51.94709 53.14807 21.66048 258.490 -445.440 -189.970 -5.892e+10 4.771e+10 -1.460e+10 0.05893 549363 549363 680477 6372 64 549338 549400 19.0785 123930000000 123930000000 85797000000 85797000000 0 20.1413 2.32 0.07472 0.3186 0.03139 27.7044 28.2998 -2.61143 0.53427 0.10753 12.6063 26.7496 0.45698 0.4925 106800000000 76260000000
 0.7500   468620 0.7600   477346      1       -1       -1       -1  0 1.33433e+11 1.04900e+11 106.329000 8.401000 71.700000  1 0.3900 95.770000 51.91132 53.23206 21.69534 245.270 -455.390 -209.480 -3.898e+10 8.183e+10 -4.481e+10 0.09429 549364 549364 680477 6383 63 549338 549400 8.40072 114400000000 123930000000 76264000000 76264000000 0 18.412 0 0.11369 0.59157 0.11968 22.003 19.7149 -0.8903 0.57063 0.0003 23.6889 12.624 -5.38912 0.5346 132700000000 28600000000
 0.7400   459808 0.7500   468620      1       -1       -1       -1  0 1.33433e+11 1.23900e+11 112.810000 13.371000 74.510000  1 0.3900 92.870000 51.84514 53.34561 21.74623 237.150 -476.010 -235.650 -5.295e+10 5.587e+10 -2.326e+10 0.05684 549365 549365 680477 6397 62 549338 549400 13.3711 133460000000 142990000000 123930000000 76264000000 9533000000 15.1824 2.69 0.06878 0.24174 0.16199 17.3647 4.85419 6.53891 0.20719 0 13.683 4.76878 3.38879 0.5362 123100000000 66730000000
 0.7300   450982 0.7400   459808      1       -1       -1       -1  0 1.33433e+11 1.23900e+11 113.200000 11.307000 75.870000  1 0.3900 96.810000 51.79986 53.44811 21.80039 216.880 -492.110 -261.030 -4.831e+10 5.253e+10 -2.864e+10 0.05770 549366 549366 680477 5364 61 549338 549400 11.3074 142990000000 142990000000 95330000000 76264000000 0 13.1822 0 0.06611 0.25256 0.08118 26.5791 -2.81027 -0.28436 0.07799 0 27.0284 -3.93136 -0.22275 0.5198 130800000000 57200000000
 0.7200   442131 0.7300   450982      1       -1       -1       -1  0 1.33433e+11 1.23900e+11 113.587000 12.520000 72.860000  1 0.3900 95.250000 51.74698 53.56949 21.86897 190.490 -520.010 -287.110 -4.969e+10 1.859e+10 1.999e+10 0.04029 549367 549367 680477 6483 60 549338 549400 12.5204 228790000000 228790000000 181130000000 104860000000 0 13.3786 0 0.04899 0.32401 0.0592 38.2801 -13.7675 2.98053 0.27402 0 37.5023 -5.89716 3.93097 0.5296 137000000000 57200000000
 0.7100   433221 0.7200   442131      1   433222   433222       -1  0 1.39800e+11 1.52500e+11 122.138000 22.218000 68.440000  1 0.3900 93.650000 51.69771 53.67935 21.93650 153.270 -536.940 -317.050 2.802e+10 -7.107e+10 4.364e+10 0.04710 549368 549368 680477 5436 59 549338 549400 22.2182 257390000000 257390000000 219260000000 47665000000 0 6.68424 7.75 0.05408 0.37999 0.18761 43.3387 -1.61393 -1.87311 0.50421 0.14338 23.9032 25.9793 9.9241 0.4235 158200000000 104900000000
 0.7000   424249 0.7100   433221      1   424250   424250   433222  0 1.46167e+11 1.43000e+11 119.938000 18.949000 67.800000  1 0.3900 94.260000 51.66834 53.80494 22.01262 107.070 -552.310 -341.440 -3.725e+09 -5.138e+10 3.821e+10 0.04056 549369 549369 680477 6522 58 549338 549400 18.9494 295520000000 295520000000 295520000000 114400000000 0 0.00185 0 0.04414 0.28902 0.1089 41.1146 -9.69991 -14.1175 0.6604 0.08704 3.0194 25.5544 16.8166 0.4002 154500000000 85800000000
 0.6900   415254 0.7000   424249      1   415255   415255   424250  0 1.46167e+11 1.43000e+11 120.334000 17.277000 62.900000  1 0.3900 96.390000 51.66147 53.93956 22.09561 57.020 -557.670 -355.350 -6.132e+09 -2.881e+10 3.021e+10 0.02898 549370 549370 680477 6546 57 549338 549400 17.2774 305060000000 305060000000 295520000000 76264000000 9533000000 13.0538 0 0.0292 0.39532 0.17023 30.3608 -22.3388 -18.7233 0.27113 0.00849 -14.778 21.686 19.7377 0.3301 153100000000 76260000000
 0.6800   406248 0.6900   415254      1   406249   406249   415255  0 1.49333e+11 1.52500e+11 123.352000 15.031000 61.270000  1 0.3900 102.210000 51.65356 54.07400 22.18371 3.110 -555.540 -360.960 2.331e+10 -3.345e+10 2.977e+10 0.03237 549371 549371 680477 6558 56 549338 549400 15.0312 276460000000 276460000000 228790000000 171590000000 19066000000 14.5939 3.87 0.03155 0.60892 0.02556 21.001 -11.3643 -10.1111 0.32115 0.03751 -14.3371 17.9631 20.9653 0.297 166600000000 76260000000
 0.6700   397238 0.6800   406248      1   397239   397239   406249  0 1.55700e+11 1.52500e+11 123.749000 14.338000 61.120000  1 0.3900 103.860000 51.65968 54.21164 22.27523 -54.560 -542.580 -361.470 2.133e+10 -1.958e+10 2.207e+10 0.02405 549372 549372 680477 6531 55 549338 549400 14.3376 266920000000 266920000000 238320000000 162060000000 0 14.2261 0 0.02288 0.26277 0.08086 32.802 -18.7467 -27.5346 0.09109 0.04563 31.5914 -15.7379 -25.8447 0.2852 171400000000 66730000000
 0.6600   388310 0.6700   397238      1   388311   388311   397239  0 1.62067e+11 1.62100e+11 126.676000 17.216000 57.530000  1 0.3900 103.310000 51.68133 54.34994 22.36815 -111.250 -523.380 -352.530 2.590e+10 9.044e+09 1.586e+10 0.01983 549373 549373 680477 6568 54 549338 549400 17.2157 257390000000 257390000000 238320000000 133460000000 0 9.18964 0 0.01811 0.10357 0.03801 -27.5465 4.51209 29.4471 0.16597 0.09501 -25.4253 5.56422 32.6473 0.2369 166300000000 104900000000
 0.6500   379273 0.6600   388310      1   379274   379274   388311  0 1.68433e+11 1.71600e+11 129.518000 20.418000 55.320000  1 0.3900 103.160000 51.74019 54.48296 22.44824 -165.110 -505.110 -336.370 1.800e+10 -6.999e+09 -8.669e+09 0.01200 549374 549374 680477 5489 53 549338 549400 20.4178 228790000000 247860000000 209730000000 66731000000 0 12.2609 0 0.01107 0.33741 0.04975 23.9355 -3.07054 22.6105 0.1404 0 29.3574 -1.69468 27.3938 0.2149 180200000000 104900000000
 0.6400   370199 0.6500   379273      1   370200   370200   379274  0 1.71600e+11 1.71600e+11 129.918000 18.547000 52.220000  1 0.3900 105.630000 51.79049 54.61194 22.53271 -213.760 -472.230 -310.670 1.936e+10 -7.015e+09 -8.502e+09 0.01317 549375 549375 680477 5486 52 549338 549400 18.5469 228790000000 238320000000 209730000000 123930000000 9533000000 12.3856 0 0.01172 0.18965 0.10433 12.9033 -0.93217 19.0342 0.50505 0.2041 12.6137 0.45968 21.7888 0.1836 181500000000 95330000000
 0.6300   361089 0.6400   370199      1   361090   361090   370200  0 1.71600e+11 1.71600e+11 130.313000 17.135000 52.590000  1 0.3900 107.950000 51.85575 54.73755 22.61606 -254.590 -434.330 -280.760 2.054e+10 -2.555e+09 -4.825e+09 0.01303 549376 549376 680477 6594 51 549338 549400 17.1348 238320000000 238320000000 209730000000 123930000000 9533000000 13.5602 0 0.01125 0.652 0.43761 14.6588 2.15412 23.3289 0.23196 0.04123 10.0482 0.08191 25.2776 0.175 172300000000 104900000000
 0.6200   351989 0.6300   361089      1   351990   351990   361090  0 1.71600e+11 1.71600e+11 130.704000 14.014000 57.790000  1 0.3900 113.270000 51.92903 54.85750 22.69736 -284.560 -395.540 -248.300 2.393e+10 2.006e+09 -8.763e+09 0.01641 549377 549377 680477 6589 50 549338 549400 14.014 181130000000 190660000000 162060000000 114400000000 38132000000 11.9381 0 0.01362 0.7047 0.35517 11.225 12.2358 21.7228 0.92934 0.29324 0.71546 -7.56312 20.8146 0.1903 178400000000 95330000000
 0.6100   342858 0.6200   351989      1   342859   342859   351990  0 1.74767e+11 1.71600e+11 131.090000 10.614000 66.020000  1 0.3900 121.610000 52.01148 54.97889 22.78152 -307.990 -356.880 -215.390 2.458e+10 4.092e+09 -1.409e+10 0.01884 549378 549378 680477 6604 49 549338 549400 10.6142 171590000000 171590000000 171590000000 123930000000 47665000000 11.5653 0 0.01536 0.53198 0.34359 6.03962 10.1691 9.71559 0.77621 0.25976 7.47081 8.91591 7.53177 0.2282 196000000000 76260000000
 0.6000   333722 0.6100   342858      1       -1       -1   342859  0 2.00200e+11 1.81100e+11 133.862000 13.706000 67.010000  1 0.3900 118.070000 52.10720 55.08613 22.84997 -326.030 -318.490 -183.110 2.410e+10 -3.264e+09 -2.365e+10 0.01969 549379 549379 680477 6645 48 549338 549400 13.7061 190660000000 209730000000 190660000000 123930000000 66731000000 11.9417 0 0.01674 0.84023 0.26323 25.6809 4.14188 4.68839 0.65916 0.06753 3.58405 20.7862 21.8042 0.2431 190000000000 95330000000
 0.5900   324549 0.6000   333722      1       -1       -1       -1  0 2.00200e+11 1.81100e+11 134.244000 14.126000 63.490000  1 0.3900 118.190000 52.21613 55.18262 22.90316 -338.890 -279.220 -147.390 -2.175e+09 -1.278e+09 -2.589e+10 0.01512 549380 549380 680477 6671 47 549338 549400 14.126 181130000000 190660000000 181130000000 133460000000 47665000000 14.1664 0 0.01293 0.87944 0.34703 15.9091 -10.2212 -18.0008 0.87488 0.02553 2.03428 1.64602 19.9993 0.2231 190300000000 95330000000
 0.5800   315301 0.5900   324549      1       -1       -1       -1  0 2.00200e+11 1.90700e+11 136.942000 17.919000 56.860000  1 0.3900 115.800000 52.33228 55.26615 22.95256 -343.890 -241.990 -113.710 2.729e+08 -8.312e+09 -3.581e+10 0.01925 549381 549381 680477 6674 46 549338 549400 17.9188 190660000000 190660000000 171590000000 142990000000 0 11.4418 0 0.01689 0.87061 0.2867 6.15923 -2.48352 32.6332 0.55535 0.14398 22.1013 -9.04528 22.5763 0.1906 189500000000 123900000000
 0.5700   306060 0.5800   315301      1       -1       -1       -1  0 2.00200e+11 1.71600e+11 132.581000 10.016000 64.130000  1 0.3900 127.260000 52.48904 55.33736 22.98089 -341.230 -207.690 -80.440 -1.820e+09 -3.360e+09 -3.292e+10 0.02164 549382 549382 680477 6664 45 549338 549400 10.0157 171590000000 200190000000 171590000000 104860000000 76264000000 17.7677 6.42 0.01829 0.36377 0.18137 -1.33065 6.56906 32.17 0.62208 0.40646 -4.7323 -5.32435 28.337 0.2239 207000000000 76260000000
 0.5600   296814 0.5700   306060      1       -1       -1       -1  0 2.00200e+11 2.00200e+11 139.948000 20.279000 60.510000  1 0.3900 117.200000 52.57852 55.41501 23.00569 -338.950 -176.620 -45.250 -4.135e+09 -2.468e+10 -5.494e+10 0.02868 549383 549383 680477 6660 44 549338 549400 20.2789 228790000000 228790000000 219260000000 152530000000 0 5.73768 0 0.02596 0.71055 0.39596 45.8202 -3.80378 1.71057 0.12558 0.04653 37.944 -26.0523 -31.725 0.208 208800000000 133500000000
 0.5500   287571 0.5600   296814      1       -1       -1       -1  0 2.00200e+11 2.00200e+11 140.320000 18.971000 60.690000  1 0.3900 119.620000 52.70477 55.47556 23.01645 -331.530 -145.230 -14.830 -1.756e+10 9.663e+09 -6.566e+10 0.03309 549384 549384 680477 6663 43 549338 549400 18.9708 238320000000 238320000000 238320000000 133460000000 0 6.07533 0 0.02974 0.57348 0.34785 45.9656 0.60361 15.7889 0.67736 0.60346 33.3615 -6.0073 -14.2189 0.2035 215500000000 104900000000
 0.5400   278355 0.5500   287571      1       -1       -1       -1  0 2.00200e+11 2.00200e+11 140.684000 17.705000 60.300000  1 0.3900 122.250000 52.83116 55.52718 23.01670 -318.960 -119.220 12.570 -1.645e+10 1.250e+10 -6.962e+10 0.03528 549385 549385 680477 6636 42 549338 549400 17.705 247860000000 247860000000 247860000000 200190000000 0 6.45057 0 0.03171 0.37757 0.14876 37.8802 22.1347 26.5964 0.20806 0.04525 37.0714 20.0619 25.2474 0.2008 213300000000 95330000000
 0.5300   269111 0.5400   278355      1       -1       -1       -1  0 1.93833e+11 2.00200e+11 141.042000 18.753000 60.150000  1 0.3900 121.930000 52.95618 55.57106 23.00679 -302.450 -98.320 37.030 -1.466e+10 1.359e+10 -7.478e+10 0.03758 549386 549386 680477 6638 41 549338 549400 18.7525 238320000000 238320000000 219260000000 152530000000 0 6.57106 0 0.03408 0.51552 0.18601 42.0856 21.5516 20.3321 0.11655 0 42.7472 9.60069 -24.9265 0.2028 212100000000 114400000000
 0.5200   259872 0.5300   269111      1       -1       -1       -1  0 1.84300e+11 1.81100e+11 136.753000 23.312000 53.990000  1 0.3900 113.840000 53.10409 55.60517 23.00096 -283.580 -79.230 57.180 -4.282e+10 4.832e+10 -3.312e+10 0.04346 549387 549387 680477 5498 40 549338 549400 23.3125 190660000000 190660000000 162060000000 114400000000 19066000000 17.9718 0 0.03806 0.39392 0.06861 22.9181 13.6802 27.4756 0.26624 0.0267 1.22179 7.61709 19.5265 0.1632 170400000000 143000000000
 0.5100   250586 0.5200   259872      1       -1       -1       -1  0 1.77933e+11 1.71600e+11 134.637000 12.563000 55.410000  1 0.3900 126.910000 53.22213 55.64095 22.97903 -264.040 -61.230 77.720 -3.612e+10 6.345e+10 -5.031e+10 0.06121 549388 549388 680477 5447 39 549338 549400 12.5628 190660000000 190660000000 181130000000 104860000000 76264000000 16.4987 0 0.05132 0.40667 0.24724 10.8656 9.15004 31.6613 0.33727 0.06861 12.9887 13.5071 20.7568 0.1625 165700000000 76260000000
 0.5000   241409 0.5100   250586      1       -1       -1       -1  0 1.68400e+11 1.81100e+11 137.411000 53.994000 58.520000  1 0.3900 106.740000 53.32610 55.67326 22.85635 -239.100 -55.880 95.830 -1.012e+11 7.956e+10 -6.400e+10 0.06748 549389 549389 680477 5457 38 549338 549400 53.9944 190660000000 190660000000 85797000000 19066000000 0 57.029 4.77 0.0767 0.22334 0.03982 10.5583 1.34932 58.8079 0 0 0 0 0 0.2821 172200000000 247900000000
 0.4900   232214 0.5000   241409      1       -1       -1       -1  0 1.68400e+11 1.52500e+11 130.061000 38.982000 50.670000  1 0.3900 103.170000 53.43665 55.69452 22.82649 -218.570 -39.650 111.460 -4.963e+10 7.422e+10 -3.148e+10 0.06538 549390 549390 680477 6539 37 549338 549400 38.9824 209730000000 209730000000 133460000000 47665000000 0 47.1825 0 0.06788 0.22576 0.03884 5.93652 1.82102 56.1135 0.59262 0 7.34554 -6.56718 35.1272 0.2135 166300000000 209700000000
 0.4800   223059 0.4900   232214      1       -1       -1       -1  0 1.52533e+11 1.71600e+11 135.574000 25.321000 45.540000  1 0.3900 114.210000 53.50342 55.69452 22.84945 -196.120 -32.790 118.000 -2.430e+10 2.203e+10 -3.165e+09 0.02131 549391 549391 680477 6557 36 549338 549400 25.3207 200190000000 200190000000 190660000000 104860000000 0 18.7446 2.32 0.01959 0.22995 0.02764 53.5459 8.63773 -43.9073 0.32111 0.18941 34.8838 24.5751 15.0752 0.1333 162400000000 123900000000
 0.4700   213924 0.4800   223059      1       -1       -1       -1  0 1.46200e+11 1.33500e+11 124.953000 25.848000 49.420000  1 0.3900 104.520000 53.62752 55.73954 22.72763 -175.640 -28.790 128.140 -3.483e+10 4.862e+10 -1.715e+10 0.05710 549392 549392 680477 6539 35 549338 549400 25.8478 133460000000 133460000000 123930000000 76264000000 0 46.1087 0 0.05678 0.28319 0.01504 5.34942 -22.9113 34.1491 0.62484 0.31613 26.6732 -4.24274 45.3664 0.1914 169900000000 114400000000
 0.4600   204802 0.4700   213924      1       -1       -1       -1  0 1.33500e+11 1.33500e+11 125.220000 16.862000 52.200000  1 0.3900 113.140000 53.71021 55.75763 22.67937 -154.830 -28.520 131.710 -3.440e+10 4.868e+10 -1.575e+10 0.06107 549393 549393 680477 5332 34 549338 549400 16.8625 133460000000 133460000000 133460000000 47665000000 19066000000 31.2626 0 0.05681 0.45745 0.09459 3.94742 20.2707 1.87331 0.37015 0.03398 4.16619 16.3243 4.72994 0.188 165300000000 47660000000
 0.4500   195739 0.4600   204802      1       -1       -1       -1  0 1.33433e+11 1.33500e+11 125.479000 33.495000 47.420000  1 0.3900 103.540000 53.79960 55.80627 22.61714 -138.170 -38.150 135.410 -1.820e+10 5.072e+10 -1.206e+10 0.04849 549394 549394 680477 5942 33 549338 549400 33.4954 133460000000 133460000000 123930000000 0 0 48.4033 0 0.05139 0.10578 0.03571 21.9527 65.5053 -1.51277 0 0 0 0 0 0.1987 154900000000 143000000000
 0.4400   186675 0.4500   195739      1       -1       -1       -1  0 1.33433e+11 1.23900e+11 122.663000 31.039000 41.940000  1 0.3900 102.600000 53.86390 55.81636 22.53601 -121.170 -36.270 142.780 4.322e+09 9.194e+09 1.426e+09 0.01078 549395 549395 680477 7036 32 549338 549400 31.0394 123930000000 123930000000 114400000000 28599000000 0 54.819 0 0.01091 0.20946 0.00818 2.49559 40.7557 -14.5062 0.20109 0.0105 -2.38316 37.3428 -13.2129 0.1466 139600000000 123900000000
 0.4300   177653 0.4400   186675      1       -1       -1       -1  0 1.33433e+11 1.14400e+11 119.666000 9.180000 47.270000  1 0.3900 125.440000 53.90419 55.79783 22.46254 -111.000 -39.880 140.220 5.089e+09 -7.326e+08 1.178e+09 0.00820 549396 549396 680477 6066 31 549338 549400 9.17978 114400000000 114400000000 104860000000 104860000000 19066000000 11.5055 3.66 0.00648 0.31082 0.1012 10.0738 -0.30241 21.6937 0.41761 0.26933 9.35283 0.11033 21.71 0.1188 141300000000 47660000000
 0.4200   168662 0.4300   177653      1       -1       -1       -1  0 1.33433e+11 1.23900e+11 123.133000 11.886000 57.610000  1 0.3900 123.320000 53.97715 55.81593 22.38691 -98.360 -40.610 139.260 -3.864e+10 -2.999e+10 -5.450e+09 0.06472 549397 549397 680477 5990 30 549338 549400 11.8863 123930000000 123930000000 123930000000 104860000000 38132000000 13.2242 11.91 0.05349 0.97241 0.48431 15.3115 6.21748 -7.13129 0.63013 0.25192 -7.45793 -0.86372 18.2928 0.1745 130500000000 57200000000
 0.4100   159787 0.4200   168662      1       -1       -1       -1  0 1.33433e+11 1.23900e+11 123.357000 14.197000 40.010000  1 0.3900 120.040000 54.03806 55.84274 22.30475 -87.610 -42.580 133.640 6.191e+09 4.761e+09 2.023e+09 0.01053 549398 549398 680477 5908 29 549338 549400 14.1973 123930000000 123930000000 123930000000 85797000000 0 2.81063 0 0.00887 0.52548 0.0353 31.4265 7.7108 -16.9241 0.22347 0.0519 23.9583 4.83991 -20.1137 0.0955 126000000000 66730000000
 0.4000   150995 0.4100   159787      1       -1       -1       -1  0 1.23910e+11 1.52500e+11 132.429000 49.676000 56.570000  1 0.3900 111.730000 54.08550 55.86032 22.26467 -79.170 -44.880 125.640 -1.996e+10 3.002e+10 3.189e+10 0.03537 549399 549399 680477 6965 28 549338 549400 49.6761 152530000000 123930000000 123930000000 66731000000 0 22.9763 19.98 0.03785 0.07597 0 29.7224 3.24289 37.3111 0.15847 0.08898 30.4561 5.81163 35.3288 0.2463 126900000000 171600000000
 0.3900   142303 0.4000   150995      0       -1       -1       -1  0 9.53300e+10 9.53300e+10 113.416000 18.312000 32.130000  1 0.3900 105.650000 54.14082 55.88695 22.19204 -75.060 -42.920 120.420 1.623e+10 -5.209e+08 -3.510e+09 0.02836 549400 549400 680477 6849 27 549338 549400 18.3122 95330000000 85797000000 85797000000 19066000000 0 45.2103 2.52 0.02894 0.22502 0.09544 34.1866 5.18174 32.1194 0 0 0 0 0 0.0999 103900000000 28600000000
