 1.0000   678196 0.0000       -1      1       -1       -1       -1  0 1.90700e+11 1.81100e+11 115.752000 10.903000 71.780000  1 0.6400 100.210000 0.89543 45.94134 35.62627 138.800 -427.110 -102.820 -5.172e+10 9.260e+10 3.603e+10 0.04868 503126 503126 678196 3711 88 503125 503162 10.9032 181130000000 181130000000 152530000000 114400000000 28599000000 4.73329 0 0.04605 0.8789 0.51477 17.126 6.54321 8.83703 0.74373 0.50115 13.8358 7.04988 5.51049 0.399 222800000000 95330000000
 0.9900   670050 1.0000   678196      1       -1       -1       -1  0 1.90700e+11 1.81100e+11 116.240000 11.861000 70.220000  1 0.6400 98.710000 0.88051 45.98418 35.63695 135.420 -425.430 -102.100 -5.009e+10 9.166e+10 3.745e+10 0.04883 503127 503127 678196 3671 87 503125 503162 11.8612 181130000000 181130000000 152530000000 114400000000 28599000000 3.7421 0 0.04575 0.62224 0.33732 18.2187 3.72309 12.9034 0.76273 0.06727 19.1356 6.86019 4.39349 0.3819 219100000000 95330000000
 0.9800   661660 0.9900   670050      1       -1       -1       -1  0 1.90700e+11 1.81100e+11 116.727000 9.718000 69.890000  1 0.6400 103.770000 0.86627 46.02586 35.65521 132.030 -423.680 -101.270 -4.838e+10 9.077e+10 3.925e+10 0.04904 503128 503128 678196 3768 86 503125 503162 9.718 181130000000 181130000000 142990000000 142990000000 28599000000 8.79803 0 0.04553 0.6259 0.31372 15.5748 0.44617 21.349 0.5992 0.04686 13.7442 0.19087 17.6493 0.3729 250200000000 66730000000
 0.9700   653317 0.9800   661660      1       -1       -1       -1  0 1.90700e+11 1.71600e+11 115.120000 11.291000 70.700000  1 0.6400 98.400000 0.85104 46.08683 35.64950 127.870 -425.560 -98.810 -4.464e+10 2.639e+10 -1.020e+10 0.02613 503129 503129 678196 3696 85 503125 503162 11.291 171590000000 200190000000 162060000000 133460000000 38132000000 8.58419 0 0.02399 0.76311 0.28501 9.33265 0.83912 18.7312 0.16391 0.01044 14.7157 9.73245 17.9583 0.3711 228300000000 85800000000
 0.9600   644992 0.9700   653317      1       -1       -1       -1  0 1.90700e+11 1.71600e+11 115.597000 6.392000 76.510000  1 0.6400 113.990000 0.83703 46.11735 35.67682 123.360 -417.990 -100.920 -4.554e+09 6.353e+10 2.338e+10 0.03493 503130 503130 678196 3804 84 503125 503162 6.39227 171590000000 200190000000 142990000000 142990000000 0 12.4929 0 0.03089 0.55154 0.31972 9.62767 -3.19862 27.2818 0.44356 0.19954 10.0224 -4.54828 28.8863 0.3871 303200000000 19070000000
 0.9500   636680 0.9600   644992      1       -1       -1       -1  0 1.90700e+11 1.71600e+11 116.074000 5.914000 82.870000  1 0.6400 117.000000 0.82272 46.16667 35.68636 120.830 -415.870 -100.060 -6.822e+09 6.006e+10 1.961e+10 0.03351 503131 503131 678196 3909 83 503125 503162 5.91398 171590000000 200190000000 142990000000 142990000000 66731000000 10.1544 0 0.02903 0.49249 0.38856 6.18523 -5.73297 26.3067 0.35429 0.15939 6.85307 -11.7322 28.3218 0.4149 312100000000 19070000000
 0.9400   628386 0.9500   636680      1       -1       -1       -1  0 1.90700e+11 1.81100e+11 118.669000 7.185000 88.810000  1 0.6400 113.970000 0.80701 46.22856 35.68702 118.890 -415.270 -98.100 -7.070e+09 5.669e+10 1.451e+10 0.02605 503132 503132 678196 3958 82 503125 503162 7.18454 181130000000 190660000000 152530000000 142990000000 47665000000 7.00994 0 0.02469 0.44329 0.37314 3.34219 -10.59 21.394 0.40216 0.15616 7.55304 -13.8831 21.522 0.4867 286600000000 57200000000
 0.9300   620073 0.9400   628386      1       -1       -1       -1  0 1.90700e+11 1.81100e+11 119.152000 5.407000 93.910000  1 0.6400 123.950000 0.79339 46.27264 35.70275 116.130 -412.460 -96.900 -3.486e+09 5.601e+10 1.193e+10 0.02718 503133 503133 678196 3029 81 503125 503162 5.40703 181130000000 190660000000 152530000000 142990000000 95330000000 6.28882 0 0.0241 0.23165 0.11022 8.27025 -7.06749 19.8148 0.06932 0.03545 8.06436 -6.62968 21.8582 0.4814 338100000000 47660000000
 0.9200   611732 0.9300   620073      1       -1       -1       -1  0 1.90700e+11 1.90700e+11 121.698000 5.226000 93.790000  1 0.6400 128.570000 0.78181 46.32413 35.71122 112.380 -405.020 -94.540 6.948e+10 7.540e+10 -1.023e+10 0.04555 503134 503134 678196 3984 80 503125 503162 5.22568 190660000000 190660000000 152530000000 152530000000 114400000000 5.02003 0 0.03988 0.4591 0.32207 7.80282 -14.3626 18.3752 0.6221 0.3502 8.17449 -11.226 13.4998 0.4652 330400000000 57200000000
 0.9100   603371 0.9200   611732      1       -1       -1       -1  0 1.90700e+11 1.90700e+11 122.187000 5.082000 93.390000  1 0.6400 130.230000 0.76781 46.37304 35.72963 109.380 -401.900 -93.600 6.953e+10 7.534e+10 -1.030e+10 0.04867 503135 503135 678196 3931 79 503125 503162 5.0823 190660000000 190660000000 152530000000 152530000000 95330000000 11.658 0 0.04002 0.66715 0.50038 9.02304 -6.96757 0.17684 0.73412 0.23306 9.97517 1.73559 5.11241 0.4316 335400000000 85800000000
 0.9000   595007 0.9100   603371      1       -1       -1       -1  0 1.90700e+11 1.90700e+11 122.675000 9.234000 92.910000  1 0.6400 111.080000 0.78060 46.43105 35.73995 110.790 -400.460 -94.500 3.369e+10 6.262e+09 -2.038e+10 0.01378 503136 503136 678196 3954 78 503125 503162 9.23444 190660000000 190660000000 162060000000 142990000000 9533000000 26.8508 0 0.01554 0.44369 0.20659 28.0991 1.58798 4.81484 0.40582 0.01418 13.5335 9.16577 18.2336 0.5844 262400000000 57200000000
 0.8900   586606 0.9000   595007      1       -1       -1       -1  0 1.90700e+11 1.90700e+11 123.162000 6.626000 90.160000  1 0.6400 121.820000 0.74103 46.47461 35.75299 108.030 -397.580 -93.640 3.266e+10 6.431e+09 -1.979e+10 0.01687 503137 503137 678196 3992 77 503125 503162 6.62635 190660000000 190660000000 162060000000 152530000000 95330000000 12.8124 0 0.01515 0.60686 0.49401 5.28062 -10.4786 16.715 0.59208 0.23558 8.03484 -9.42272 16.5702 0.4557 321100000000 47660000000
 0.8800   578230 0.8900   586606      1       -1       -1       -1  0 1.90700e+11 1.90700e+11 123.648000 6.590000 86.620000  1 0.6400 122.590000 0.72746 46.53251 35.76152 105.310 -394.640 -92.720 3.164e+10 6.550e+09 -1.915e+10 0.01663 503138 503138 678196 5014 76 503125 503162 6.58973 190660000000 190660000000 181130000000 133460000000 104860000000 8.4355 0 0.01474 0.66809 0.46987 4.78625 -12.8974 20.3659 0.68317 0.49847 4.73099 -12.6999 16.6472 0.4293 313600000000 38130000000
 0.8700   569773 0.8800   578230      1       -1       -1       -1  0 1.90700e+11 1.90700e+11 124.132000 7.524000 83.420000  1 0.6400 118.800000 0.70913 46.59261 35.76900 102.620 -391.660 -91.750 3.030e+10 6.577e+09 -1.835e+10 0.01589 503139 503139 678196 8020 75 503125 503162 7.52402 190660000000 190660000000 190660000000 133460000000 95330000000 8.68348 0 0.0142 0.67732 0.3082 5.08866 -11.8314 26.7161 0.73887 0.3191 2.19376 -14.2111 20.934 0.4142 288100000000 66730000000
 0.8600   561319 0.8700   569773      1       -1       -1       -1  0 1.90700e+11 1.90700e+11 124.614000 9.014000 79.720000  1 0.6400 113.880000 0.69889 46.65609 35.77835 97.210 -386.930 -90.610 4.645e+10 -6.638e+09 -5.121e+10 0.02930 503140 503140 678196 4009 74 503125 503162 9.0135 190660000000 190660000000 190660000000 133460000000 0 7.27848 0 0.02748 0.67331 0.26068 9.15881 -3.84178 29.4977 0.08987 0.0077 13.9927 28.2936 -10.6109 0.4136 269000000000 47660000000
 0.8500   552882 0.8600   561319      1       -1       -1       -1  0 1.90700e+11 1.90700e+11 125.094000 12.461000 74.970000  1 0.6400 105.920000 0.68618 46.70567 35.79378 94.620 -382.830 -89.940 4.540e+10 -5.902e+09 -5.002e+10 0.02885 503141 503141 678196 4013 73 503125 503162 12.461 190660000000 190660000000 190660000000 133460000000 0 6.26668 0 0.02693 0.71235 0.24698 8.7252 -4.42448 27.34 0.17949 0.02642 12.6888 -5.72233 35.8692 0.3817 247100000000 85800000000
 0.8400   544371 0.8500   552882      1       -1       -1       -1  0 1.90700e+11 1.90700e+11 125.573000 12.462000 70.520000  1 0.6400 106.440000 0.67001 46.76489 35.80468 92.140 -378.690 -89.190 4.414e+10 -4.714e+09 -4.813e+10 0.02818 503142 503142 678196 4097 72 503125 503162 12.4621 190660000000 190660000000 190660000000 114400000000 0 3.42487 0 0.02611 0.64576 0.25079 11.3356 -18.4482 29.317 0 0 0.64617 5.43213 24.5514 0.3488 256100000000 76260000000
 0.8300   535858 0.8400   544371      1       -1       -1       -1  0 1.90700e+11 1.90700e+11 126.050000 12.592000 69.060000  1 0.6400 106.720000 0.65458 46.81916 35.81740 89.720 -374.570 -88.380 4.305e+10 -3.415e+09 -4.606e+10 0.02697 503143 503143 678196 2002 71 503125 503162 12.5922 190660000000 190660000000 190660000000 133460000000 0 5.00063 0 0.02528 0.13266 0.08485 16.8641 -34.1635 35.5478 0.05603 0 -3.61423 -12.856 34.2661 0.3426 254400000000 76260000000
 0.8200   527267 0.8300   535858      1       -1       -1       -1  0 1.90700e+11 1.90700e+11 126.524000 13.907000 69.820000  1 0.6400 104.960000 0.64012 46.87914 35.83144 87.350 -370.410 -87.510 4.205e+10 -2.183e+09 -4.419e+10 0.02568 503144 503144 678196 8227 70 503125 503162 13.9065 190660000000 190660000000 190660000000 133460000000 0 4.92634 0 0.02454 0.06973 0.02596 16.059 -28.1425 39.6495 0.46927 0.12845 1.98119 -15.8497 24.5474 0.3544 239900000000 95330000000
 0.8100   518624 0.8200   527267      1       -1       -1       -1  0 1.90700e+11 1.90700e+11 126.996000 11.783000 67.590000  1 0.6400 109.440000 0.62702 46.95105 35.82911 89.690 -368.870 -84.590 4.078e+10 3.634e+10 8.752e+09 0.02463 503145 503145 678196 4111 69 503125 503162 11.7834 190660000000 190660000000 171590000000 123930000000 0 15.5575 0 0.02234 0.75883 0.30504 4.99577 -15.4432 25.4362 0.90474 0.12533 0.85663 -15.4147 20.8011 0.312 217600000000 104900000000
 0.8000   509950 0.8100   518624      1       -1       -1       -1  0 1.87500e+11 1.90700e+11 127.466000 12.854000 68.110000  1 0.6400 107.870000 0.61505 47.01435 35.84620 86.050 -362.630 -84.540 4.273e+10 3.588e+10 9.561e+09 0.02565 503146 503146 678196 8249 68 503125 503162 12.8538 190660000000 190660000000 181130000000 133460000000 0 14.9366 2.23 0.02296 0.84159 0.29334 6.07337 -13.1044 21.6611 0.61978 0.02974 3.18899 1.7935 23.5138 0.3079 208800000000 104900000000
 0.7900   501314 0.8000   509950      1       -1       -1       -1  0 1.84300e+11 1.81100e+11 125.765000 10.414000 69.750000  1 0.6400 111.490000 0.59865 47.07985 35.85552 83.170 -364.130 -83.210 7.090e+10 2.768e+10 -1.076e+10 0.03964 503147 503147 678196 4073 67 503125 503162 10.4143 181130000000 200190000000 162060000000 123930000000 38132000000 15.4065 0 0.03411 0.78231 0.32645 3.57881 -8.08748 15.3877 0.62886 0.18049 1.66115 -4.94687 15.8768 0.3038 220200000000 85800000000
 0.7800   492672 0.7900   501314      1       -1       -1       -1  0 1.84300e+11 1.81100e+11 126.222000 9.396000 74.150000  1 0.6400 114.970000 0.59060 47.13346 35.87028 80.270 -356.460 -82.290 4.363e+10 1.938e+10 8.259e+09 0.02459 503148 503148 678196 8220 66 503125 503162 9.39621 181130000000 190660000000 142990000000 133460000000 85797000000 14.9028 0 0.0216 0.77962 0.42273 2.82266 -15.1774 14.2919 0.67896 0.30359 -8.96223 18.2283 -10.9488 0.3397 221400000000 85800000000
 0.7700   483997 0.7800   492672      1       -1       -1       -1  0 1.77967e+11 1.90700e+11 128.861000 23.435000 77.950000  1 0.6400 97.890000 0.59049 47.19188 35.92248 78.560 -351.890 -81.200 4.087e+10 3.124e+10 3.351e+09 0.01831 503149 503149 678196 4106 65 503125 503162 23.4348 190660000000 190660000000 181130000000 85797000000 0 35.1441 0 0.0212 0.19238 0.01333 20.7226 -28.8278 42.4973 0 0 -17.0258 23.922 -23.5748 0.4877 202000000000 143000000000
 0.7600   475298 0.7700   483997      1       -1       -1       -1  0 1.68433e+11 1.62100e+11 122.501000 5.020000 87.460000  1 0.6400 131.800000 0.56267 47.27382 35.89428 76.020 -352.650 -77.700 1.059e+11 6.239e+10 3.773e+09 0.08313 503150 503150 678196 4084 64 503125 503162 5.01956 162060000000 190660000000 142990000000 123930000000 104860000000 12.467 0 0.06662 0.43679 0.26557 -7.2395 13.6816 -10.0874 0.4006 0.25252 -7.11973 13.8917 -7.64636 0.3844 293200000000 57200000000
 0.7500   466569 0.7600   475298      1       -1       -1       -1  0 1.65233e+11 1.52500e+11 120.474000 4.349000 79.260000  1 0.6400 134.840000 0.54847 47.34114 35.90987 70.260 -343.860 -77.880 6.322e+10 2.246e+10 -2.518e+10 0.05412 503151 503151 678196 4136 63 503125 503162 4.34875 152530000000 190660000000 133460000000 123930000000 114400000000 5.13876 0 0.04315 0.70238 0.22826 -12.1788 17.4469 -8.10689 0.92702 0.09302 -11.3763 14.8762 -8.58052 0.3445 314900000000 19070000000
 0.7400   457778 0.7500   466569      1       -1       -1       -1  0 1.65233e+11 1.52500e+11 120.895000 7.109000 70.940000  1 0.6400 117.700000 0.53410 47.40949 35.92603 68.420 -339.140 -78.020 6.264e+10 2.162e+10 -2.415e+10 0.05329 503152 503152 678196 4133 62 503125 503162 7.10909 152530000000 171590000000 133460000000 133460000000 76264000000 4.47362 0 0.04268 0.87272 0.30887 12.6061 -8.50422 9.56128 0.96631 0.04822 10.9574 -7.62485 7.54008 0.2986 211100000000 66730000000
 0.7300   448949 0.7400   457778      1       -1       -1       -1  0 1.62067e+11 1.90700e+11 130.680000 52.827000 68.140000  1 0.6400 92.870000 0.53047 47.46491 35.98169 65.870 -328.350 -83.200 -7.725e+10 2.232e+10 -1.268e+10 0.03077 503153 503153 678196 8379 61 503125 503162 52.8272 190660000000 200190000000 142990000000 85797000000 0 28.2425 1.89 0.03413 0.17872 0.04662 2.24391 -8.27437 41.9181 0.12399 0.03103 5.43833 -10.9335 31.3369 0.4003 172400000000 200200000000
 0.7200   440104 0.7300   448949      1       -1       -1       -1  0 1.58900e+11 1.43000e+11 119.136000 9.464000 64.280000  1 0.6400 107.690000 0.50009 47.55239 35.94881 61.630 -327.640 -78.460 2.167e+10 8.715e+09 -1.366e+10 0.02199 503154 503154 678196 4220 60 503125 503162 9.46373 142990000000 142990000000 133460000000 123930000000 38132000000 4.72763 4.94 0.01842 0.88567 0.51577 12.4078 -0.85833 15.0886 0.80499 0.12232 1.08458 4.23541 19.4227 0.283 187300000000 47660000000
 0.7100   431189 0.7200   440104      1       -1       -1       -1  0 1.43000e+11 1.43000e+11 119.539000 9.638000 56.840000  1 0.6400 107.870000 0.48688 47.62137 35.96856 63.040 -321.410 -74.980 2.155e+10 7.670e+09 -1.364e+10 0.02169 503155 503155 678196 8468 59 503125 503162 9.63786 142990000000 142990000000 133460000000 123930000000 28599000000 3.47361 0 0.01823 0.91465 0.56332 9.92665 -2.58567 15.443 0.11586 0.0357 -17.3861 -5.34479 29.8788 0.2367 195900000000 47660000000
 0.7000   422216 0.7100   431189      1       -1       -1       -1  0 1.43000e+11 1.43000e+11 119.938000 11.061000 50.440000  1 0.6400 105.050000 0.45918 47.69889 35.99773 60.540 -317.050 -74.740 2.083e+10 2.729e+10 -9.216e+09 0.02838 503156 503156 678196 4250 58 503125 503162 11.0614 142990000000 142990000000 142990000000 104860000000 0 11.8061 0 0.02446 0.4584 0.1085 -11.123 -6.5269 29.3962 0.50425 0.0236 -8.07036 -4.76776 22.2887 0.1994 162100000000 66730000000
 0.6900   413218 0.7000   422216      1       -1       -1       -1  0 1.39833e+11 1.43000e+11 120.334000 12.933000 49.380000  1 0.6400 102.100000 0.44357 47.77331 36.01534 58.870 -311.680 -74.050 2.117e+10 2.636e+10 -8.587e+09 0.02790 503157 503157 678196 4247 57 503125 503162 12.9328 142990000000 142990000000 133460000000 104860000000 0 13.2795 0 0.02414 0.44761 0.33757 -8.43601 -4.27333 35.2426 0.18686 0.06021 1.89595 -13.4094 31.4168 0.1909 152500000000 76260000000
 0.6800   404214 0.6900   413218      1       -1       -1       -1  0 1.36667e+11 1.33500e+11 117.982000 10.932000 52.090000  1 0.6400 103.710000 0.44510 47.83756 36.03489 57.550 -305.930 -76.920 2.051e+10 -1.610e+09 -1.031e+10 0.02058 503158 503158 678196 4264 56 503125 503162 10.9319 133460000000 133460000000 133460000000 104860000000 0 12.6536 0 0.01796 0.60309 0.2252 -3.24705 -13.5955 31.5565 0.60244 0.02541 -1.39102 -11.6903 24.1081 0.216 160900000000 47660000000
 0.6700   395239 0.6800   404214      1       -1       -1       -1  0 1.33500e+11 1.33500e+11 118.362000 9.520000 55.030000  1 0.6400 107.880000 0.44087 47.91986 36.05502 56.630 -300.330 -76.180 2.080e+10 -1.055e+09 -1.021e+10 0.02055 503159 503159 678196 2105 55 503125 503162 9.51958 133460000000 133460000000 133460000000 104860000000 0 9.88059 0 0.01821 0.52129 0.38692 -2.48856 -2.80996 36.7542 0.20764 0.11148 -24.1501 7.61611 35.8496 0.2381 174900000000 38130000000
 0.6600   386300 0.6700   395239      1       -1       -1       -1  0 1.30300e+11 1.33500e+11 118.738000 16.588000 55.280000  1 0.6400 96.340000 0.43033 47.97494 36.07783 57.400 -295.150 -74.890 1.626e+09 2.556e+10 -2.824e+10 0.03131 503160 503160 678196 4349 54 503125 503162 16.5881 133460000000 133460000000 123930000000 76264000000 0 30.5148 0 0.03012 0.47456 0.02409 15.8351 -28.0639 28.5228 0.29034 0.09174 -23.2362 26.9074 19.9098 0.2629 137400000000 76260000000
 0.6500   377265 0.6600   386300      1       -1       -1       -1  0 1.27100e+11 1.23900e+11 116.203000 15.560000 59.200000  1 0.6400 95.310000 0.41500 48.05327 36.09592 57.380 -290.050 -72.840 -1.461e+08 2.678e+10 -2.161e+10 0.03250 503161 503161 678196 8635 53 503125 503162 15.5605 123930000000 133460000000 123930000000 95330000000 0 39.6208 0 0.03094 0.68399 0.22308 -16.116 21.3601 -19.4096 0.51056 0.06737 -15.3482 23.0258 -13.5816 0.2893 135900000000 76260000000
 0.6400   368184 0.6500   377265      0       -1       -1       -1  0 1.23900e+11 1.23900e+11 116.562000 8.075000 65.100000  1 0.6400 111.270000 0.39477 48.14415 36.11265 55.140 -284.270 -71.370 -1.223e+08 2.630e+10 -2.119e+10 0.03601 503162 503162 678196 8586 52 503125 503162 8.07477 123930000000 142990000000 114400000000 104860000000 19066000000 28.6362 0 0.03056 0.41246 0.23905 25.9223 -17.3269 -2.55381 0.45921 0.11231 -18.3081 21.5162 4.60898 0.2802 172200000000 28600000000
