 1.0000   681419 0.0000       -1      1   681422   681422       -1  0 2.47900e+11 2.47900e+11 128.510000 4.025000 124.890000  1 0.2300 150.610000 49.55970 36.99831 33.29587 -303.360 421.100 -1338.570 -2.037e+10 -3.512e+10 -1.191e+11 0.04069 434247 434247 681419 6934 88 434246 434324 4.02454 13136000000000 13136000000000 13136000000000 13136000000000 10172000000000 3.16337 3.64 0.03067 0.67908 0.49489 11.49 -7.24455 11.6854 0.68279 0.49601 10.2211 -6.45596 12.3042 0.5109 615400000000 114400000000
 0.9900   673305 1.0000   681419      1   673308   673308   681422  0 2.60600e+11 2.57400e+11 130.685000 4.607000 103.780000  1 0.2300 147.450000 49.57897 36.95871 33.41872 -172.310 402.170 -1151.050 1.590e+10 4.270e+10 -1.103e+11 0.03771 434248 434248 681419 6923 87 434246 434324 4.60713 4671200000000 4671200000000 4671200000000 4671200000000 276460000000 3.40882 2.37 0.02739 0.7736 0.4815 16.8751 -9.87779 6.27508 0.84657 0.52921 15.4439 -9.75039 5.09599 0.3952 608300000000 76260000000
 0.9800   664858 0.9900   673305      1   664861   664861   673308  0 2.70133e+11 2.76500e+11 134.396000 6.073000 97.400000  1 0.2300 140.630000 49.59547 36.91711 33.53096 -102.840 373.440 -1015.160 -7.583e+10 6.692e+09 -1.208e+11 0.03908 434249 434249 681419 6960 86 434246 434324 6.0735 2411800000000 2411800000000 2411800000000 667310000000 238320000000 3.45555 10.14 0.02918 0.7638 0.4276 14.2853 -11.2522 3.10862 0.73452 0.43752 13.1449 -11.5281 2.60409 0.3683 530500000000 85800000000
 0.9700   656456 0.9800   664858      1   656459   656459   664861  0 2.76500e+11 2.76500e+11 134.956000 5.881000 95.920000  1 0.2300 142.560000 49.60382 36.87960 33.63559 -56.670 342.890 -909.470 1.588e+10 -1.134e+11 -9.682e+10 0.04157 434250 434250 681419 5936 85 434246 434324 5.88136 1420400000000 1420400000000 1420400000000 419450000000 200190000000 3.3057 6.22 0.03074 0.60022 0.44515 16.8921 -11.977 4.32783 0.58367 0.41563 13.0975 -12.9807 5.42942 0.3503 521000000000 85800000000
 0.9600   648106 0.9700   656456      1   648109   648109   656459  0 2.76500e+11 2.76500e+11 135.515000 5.746000 97.700000  1 0.2300 144.160000 49.60775 36.84400 33.73033 -17.850 309.810 -822.370 7.783e+09 -1.005e+11 -8.256e+10 0.03646 434251 434251 681419 6964 84 434246 434324 5.7456 915170000000 915170000000 505250000000 324120000000 200190000000 3.69052 4.76 0.0268 0.44036 0.38069 19.913 -8.55905 4.27681 0.5241 0.40223 16 -9.87116 4.40758 0.3528 546200000000 95330000000
 0.9500   639769 0.9600   648106      1   639772   639772   648109  0 2.76500e+11 2.76500e+11 136.074000 4.833000 100.200000  1 0.2300 152.530000 49.60704 36.81033 33.81274 9.890 276.710 -746.260 -2.582e+09 -7.767e+10 -7.056e+10 0.03007 434252 434252 681419 6981 83 434246 434324 4.83281 638710000000 638710000000 381320000000 285990000000 181130000000 3.25311 3.66 0.02166 0.59434 0.45232 17.0016 -4.36192 -0.7989 0.5414 0.44336 15.8574 -5.58395 -0.59723 0.3524 573200000000 104900000000
 0.9400   631451 0.9500   639769      1   631454   631454   639772  0 2.79667e+11 2.76500e+11 136.632000 4.377000 105.690000  1 0.2300 157.990000 49.60429 36.77962 33.89479 33.030 249.600 -681.140 -1.142e+10 -6.778e+10 -7.339e+10 0.02961 434253 434253 681419 6984 82 434246 434324 4.37669 476650000000 495720000000 362250000000 266920000000 190660000000 3.39096 0 0.02081 0.62964 0.46879 18.5894 0.17431 -4.58393 0.65843 0.60022 15.0604 0.09878 -4.81252 0.3635 588600000000 133500000000
 0.9300   623117 0.9400   631451      1   623120   623120   631454  0 2.82833e+11 2.86000e+11 138.747000 4.034000 112.130000  1 0.2300 165.290000 49.59999 36.75269 33.97606 50.570 223.540 -621.230 -6.727e+09 -7.602e+10 -1.124e+11 0.03856 434254 434254 681419 7009 81 434246 434324 4.03401 390850000000 448050000000 314590000000 247860000000 171590000000 4.80598 5.05 0.02665 0.86216 0.62142 14.3295 0.85778 -5.47217 0.93328 0.69037 10.145 2.02311 -8.6574 0.3775 658900000000 162100000000
 0.9200   614768 0.9300   623117      1   614771   614771   623120  0 2.82833e+11 2.86000e+11 139.309000 3.598000 115.040000  1 0.2300 172.290000 49.58683 36.72606 34.04589 65.050 193.950 -574.660 7.032e+09 -7.292e+10 -1.161e+11 0.04005 434255 434255 681419 7031 80 434246 434324 3.59782 295520000000 409920000000 266920000000 238320000000 190660000000 8.74762 0 0.02703 0.64159 0.52893 -8.93694 2.25579 8.93021 0.57508 0.42597 -7.35782 2.03886 9.09066 0.3774 694000000000 152500000000
 0.9100   606393 0.9200   614768      1   606396   606396   614771  0 2.79667e+11 2.76500e+11 138.298000 4.374000 108.980000  1 0.2300 160.250000 49.58583 36.70251 34.11964 75.320 168.270 -530.190 -2.965e+10 -6.427e+10 -6.877e+10 0.02940 434256 434256 681419 7059 79 434246 434324 4.37369 333650000000 400390000000 276460000000 247860000000 200190000000 3.8704 0 0.02063 0.67075 0.51292 12.977 -4.1667 -2.20443 0.60179 0.53309 11.5551 -4.37688 -2.72925 0.3743 650200000000 123900000000
 0.9000   598012 0.9100   606393      1       -1       -1   606396  0 4.60733e+11 2.76500e+11 138.850000 4.683000 106.490000  1 0.2300 157.630000 49.57543 36.68304 34.18304 85.170 145.290 -488.390 -3.378e+10 -6.147e+10 -6.788e+10 0.02923 434257 434257 681419 7041 78 434246 434324 4.68262 352720000000 448050000000 314590000000 276460000000 200190000000 1.89444 0 0.02048 0.78622 0.6996 14.4962 -5.03057 2.94141 0.71494 0.69274 13.6818 -4.86778 5.3812 0.3612 612200000000 114400000000
 0.8900   589596 0.9000   598012      1       -1       -1       -1  0 4.60733e+11 2.76500e+11 139.401000 5.066000 104.800000  1 0.2300 154.610000 49.56195 36.66686 34.24510 93.600 124.440 -449.260 -4.091e+10 -5.895e+10 -6.817e+10 0.03026 434258 434258 681419 7104 77 434246 434324 5.06602 467120000000 524310000000 314590000000 276460000000 190660000000 3.02456 0 0.02084 0.7517 0.67752 15.4065 -2.26132 6.58357 0.71211 0.50185 15.3351 -1.04209 7.34241 0.3442 551700000000 104900000000
 0.8800   581207 0.8900   589596      1       -1       -1       -1  0 4.60733e+11 2.76500e+11 139.951000 5.706000 101.710000  1 0.2300 149.890000 49.55157 36.64964 34.30509 102.630 101.960 -413.820 -4.123e+10 -5.731e+10 -6.713e+10 0.02954 434259 434259 681419 7074 76 434246 434324 5.70631 562450000000 562450000000 390850000000 295520000000 209730000000 3.43828 0 0.02059 0.93776 0.53339 8.95888 4.9637 10.3895 0.8462 0.40038 7.44825 6.66471 11.7769 0.3342 543700000000 123900000000
 0.8700   572732 0.8800   581207      1       -1       -1       -1  0 4.60733e+11 2.86000e+11 142.095000 6.392000 103.710000  1 0.2300 147.830000 49.54058 36.63852 34.36847 110.760 81.160 -377.110 4.326e+10 -4.538e+10 -1.196e+11 0.03729 434260 434260 681419 6146 75 434246 434324 6.3921 467120000000 514780000000 362250000000 305060000000 181130000000 15.1467 3.34 0.02707 0.58338 0.33037 -5.62485 4.80362 15.1458 0.51731 0.18852 -7.04494 5.41972 15.8169 0.3546 521300000000 104900000000
 0.8600   564266 0.8700   572732      1       -1       -1       -1  0 4.60733e+11 2.86000e+11 142.647000 5.356000 110.130000  1 0.2300 156.580000 49.51801 36.62965 34.41019 118.980 63.250 -335.160 3.366e+10 -4.550e+10 -1.174e+11 0.03775 434261 434261 681419 7197 74 434246 434324 5.35626 448050000000 457580000000 352720000000 295520000000 209730000000 4.39552 0 0.02623 0.88827 0.57073 13.2342 -6.62696 -9.40884 0.81599 0.54056 13.3807 -6.14855 -9.10412 0.36 568300000000 133500000000
 0.8500   555823 0.8600   564266      1       -1       -1       -1  0 4.60733e+11 2.86000e+11 143.197000 3.962000 114.730000  1 0.2300 172.910000 49.50417 36.62072 34.46252 119.340 38.310 -299.850 -5.212e+10 -5.025e+10 -6.116e+10 0.02921 434262 434262 681419 7162 73 434246 434324 3.96156 362250000000 409920000000 285990000000 257390000000 209730000000 10.7387 0 0.01915 0.6875 0.55862 -9.49633 3.39148 10.1497 0.72099 0.4972 -9.00496 2.25326 9.80787 0.3504 688100000000 162100000000
 0.8400   547319 0.8500   555823      1       -1       -1       -1  0 4.60733e+11 2.86000e+11 143.745000 4.603000 113.500000  1 0.2300 165.740000 49.47826 36.61833 34.49653 122.050 16.810 -264.150 -5.835e+10 -4.579e+10 -5.817e+10 0.02840 434263 434263 681419 7199 72 434246 434324 4.60341 305060000000 381320000000 295520000000 266920000000 209730000000 2.53603 0 0.01912 0.7173 0.59616 13.3987 6.00276 7.39527 0.69719 0.54835 12.9531 7.21377 5.00081 0.357 592700000000 114400000000
 0.8300   538796 0.8400   547319      1       -1       -1       -1  0 4.60733e+11 3.24100e+11 150.438000 4.462000 113.300000  1 0.2300 177.750000 49.47137 36.61617 34.54063 131.740 0.250 -228.040 1.132e+11 -1.551e+11 -7.439e+10 0.04721 434264 434264 681419 7217 71 434246 434324 4.46209 343190000000 343190000000 285990000000 266920000000 181130000000 14.3971 0 0.03405 0.5677 0.46459 12.012 5.69501 10.3903 0.41803 0.39806 12.0669 7.35576 8.30345 0.3656 637400000000 143000000000
 0.8200   530197 0.8300   538796      1       -1       -1       -1  0 4.60733e+11 3.33700e+11 152.470000 7.282000 111.020000  1 0.2300 156.060000 49.44468 36.61919 34.57318 133.490 -19.730 -193.670 1.948e+11 -1.682e+11 4.089e+10 0.05385 434265 434265 681419 6217 70 434246 434324 7.28153 352720000000 371790000000 285990000000 266920000000 190660000000 12.1734 5.37 0.04123 0.66178 0.44974 10.9053 2.01488 17.5301 0.72586 0.50461 7.03458 2.85504 16.9716 0.3782 518400000000 123900000000
 0.8100   521545 0.8200   530197      1       -1       -1       -1  0 4.60733e+11 3.43200e+11 154.483000 7.885000 109.620000  1 0.2300 155.240000 49.42263 36.62753 34.59961 144.050 -36.760 -163.710 2.168e+11 -1.890e+11 1.536e+11 0.06392 434266 434266 681419 7310 69 434246 434324 7.88505 371790000000 390850000000 324120000000 266920000000 200190000000 13.5372 0 0.04943 0.83947 0.49377 9.5137 1.10491 18.0237 0.79195 0.48636 10.3307 0.8874 15.9034 0.3704 533100000000 123900000000
 0.8000   512859 0.8100   521545      1       -1       -1       -1  0 4.60733e+11 3.62300e+11 157.875000 7.356000 111.860000  1 0.2300 162.940000 49.39704 36.64075 34.62472 146.540 -56.200 -133.260 2.988e+11 -1.902e+11 2.092e+11 0.07185 434267 434267 681419 6284 68 434246 434324 7.35551 381320000000 400390000000 343190000000 257390000000 200190000000 21.9699 4.28 0.05724 0.87132 0.82355 1.05383 6.49579 15.7828 0.93686 0.68013 9.97828 4.57474 10.3183 0.3824 556100000000 152500000000
 0.7900   504210 0.8000   512859      1       -1       -1       -1  0 4.60733e+11 3.81300e+11 161.186000 8.182000 112.770000  1 0.2300 162.470000 49.36894 36.65491 34.63954 151.480 -70.640 -101.210 3.127e+11 -2.227e+11 9.147e+10 0.06317 434268 434268 681419 7316 67 434246 434324 8.18191 381320000000 390850000000 343190000000 257390000000 181130000000 19.9687 0 0.05064 0.98032 0.97727 4.94521 4.89659 14.3492 0.68933 0.55532 11.0545 11.4774 1.28401 0.3798 523200000000 143000000000
 0.7800   495569 0.7900   504210      1       -1       -1       -1  0 4.60733e+11 3.81300e+11 161.772000 6.182000 115.240000  1 0.2300 177.320000 49.34145 36.67562 34.64523 154.520 -91.910 -63.270 4.225e+11 -1.189e+11 6.829e+10 0.07171 434269 434269 681419 6262 66 434246 434324 6.18242 400390000000 486180000000 362250000000 276460000000 171590000000 18.634 0 0.05726 0.75569 0.51464 11.2431 -3.85386 7.24243 0.65836 0.55434 9.96589 -2.17671 5.00381 0.3876 596100000000 152500000000
 0.7700   486881 0.7800   495569      1       -1       -1       -1  0 4.60733e+11 4.19400e+11 167.595000 11.979000 116.290000  1 0.2300 154.390000 49.32345 36.68660 34.66030 157.440 -116.020 -18.600 2.570e+11 -1.284e+11 3.982e+10 0.03614 434270 434270 681419 7325 65 434246 434324 11.9786 428980000000 533850000000 352720000000 266920000000 190660000000 20.3197 4 0.03204 0.70656 0.41571 16.1563 -4.87523 14.8783 0.7352 0.50729 11.4663 -4.29026 13.0923 0.4235 494000000000 190700000000
 0.7600   478176 0.7700   486881      1       -1       -1       -1  0 4.60733e+11 4.57600e+11 173.142000 12.712000 115.730000  1 0.2300 158.610000 49.29204 36.71270 34.66045 159.110 -136.620 16.680 -2.682e+10 -1.141e+11 -7.055e+10 0.01435 434271 434271 681419 7348 64 434246 434324 12.7116 505250000000 543380000000 409920000000 247860000000 181130000000 23.9234 0 0.01314 0.77419 0.60814 4.36859 -2.03616 21.0885 0.69165 0.36944 5.79311 1.49619 19.5258 0.4199 495800000000 181100000000
 0.7500   469455 0.7600   478176      1   469459   469459       -1  0 4.95700e+11 5.05200e+11 179.588000 20.132000 117.630000  1 0.2300 149.340000 49.26188 36.73519 34.65123 159.020 -158.690 67.500 -2.716e+11 2.310e+11 -6.503e+10 0.03119 434272 434272 681419 7394 63 434246 434324 20.1322 591050000000 610110000000 495720000000 295520000000 171590000000 20.8024 5.55 0.02965 0.79699 0.57101 10.5408 0.53763 25.6682 0.68457 0.32432 13.7181 7.06743 18.3641 0.425 485500000000 228800000000
 0.7400   460650 0.7500   469455      1   460654   460654   469459  0 5.30667e+11 5.24300e+11 182.454000 20.601000 120.870000  1 0.2300 151.720000 49.22736 36.76279 34.62688 156.340 -180.260 111.110 -2.481e+11 3.786e+11 -8.819e+10 0.03756 434273 434273 681419 7391 62 434246 434324 20.6005 667310000000 705440000000 562450000000 295520000000 190660000000 11.2784 2.69 0.03564 0.75831 0.51454 -2.86916 1.48281 25.4983 0.94613 0.50784 6.95298 5.95959 15.7215 0.4312 524300000000 257400000000
 0.7300   451822 0.7400   460650      1   451826   451826   460654  0 5.59267e+11 5.62500e+11 187.420000 26.110000 127.970000  1 0.2300 149.750000 49.19823 36.79480 34.59687 157.210 -204.950 165.690 -2.459e+11 5.440e+11 -2.648e+11 0.04738 434274 434274 681419 6348 61 434246 434324 26.1097 753110000000 848440000000 619640000000 343190000000 171590000000 13.0749 5.19 0.04513 0.55078 0.42905 -2.85158 4.84398 23.0603 0.75709 0.62705 3.39026 1.10779 16.7446 0.4496 556400000000 352700000000
 0.7200   442976 0.7300   451822      1   442980   442980   451826  0 5.78333e+11 5.91000e+11 191.195000 19.221000 138.690000  1 0.2300 163.570000 49.16665 36.83834 34.54342 154.280 -236.580 229.880 -9.239e+11 1.643e+11 -4.865e+11 0.07030 434275 434275 681419 7470 60 434246 434324 19.2214 1058200000000 1058200000000 772170000000 419450000000 152530000000 14.484 5.78 0.0676 0.5468 0.4326 -5.88785 0.95048 29.0232 0.51692 0.33584 -2.19521 -9.02077 20.2394 0.4852 581200000000 295500000000
 0.7100   434069 0.7200   442976      1   434073   434073   442980  0 5.81500e+11 5.81500e+11 190.805000 16.156000 153.090000  1 0.2300 170.160000 49.13010 36.88424 34.48214 153.850 -271.660 314.310 -1.373e+12 1.374e+11 -7.407e+11 0.10773 434276 434276 681419 6453 59 434246 434324 16.1563 1420400000000 1420400000000 1344200000000 562450000000 266920000000 24.6305 3.76 0.10345 0.65958 0.39059 -0.52493 -3.08342 23.282 0.65926 0.402 1.17684 -8.23518 15.9098 0.5339 617300000000 276500000000
 0.7000   425099 0.7100   434069      1   425121   425103   434073  0 5.68800e+11 5.72000e+11 190.390000 11.387000 162.790000  1 0.2300 185.900000 49.09362 36.93284 34.38978 150.400 -293.320 411.860 -1.346e+12 1.650e+11 -7.742e+11 0.11388 434277 434277 681419 7525 58 434246 434324 11.3867 2154500000000 2154500000000 2154500000000 638710000000 314590000000 24.4098 2.87 0.10661 0.7156 0.4756 -1.42874 -11.8308 22.0502 0.76253 0.58375 -2.15652 -11.4534 16.2405 0.5559 752500000000 247900000000
 0.6900   416097 0.7000   425099      1   416121   416102   425121  0 5.40200e+11 5.52900e+11 188.872000 8.417000 161.640000  1 0.2300 200.750000 49.06185 37.00089 34.27511 135.480 -314.750 531.890 -6.894e+11 6.641e+10 -7.390e+11 0.08380 434278 434278 681419 7532 57 434246 434324 8.41659 3307900000000 3307900000000 3307900000000 3165000000000 362250000000 22.1372 12.64 0.07357 0.79191 0.52347 0.76132 -1.36116 17.8299 0.93865 0.54142 0.44393 1.27554 15.2273 0.527 861600000000 228800000000
 0.6800   407089 0.6900   416097      1   407113   407095   416121  0 5.11600e+11 4.95700e+11 182.715000 11.089000 140.330000  1 0.2300 178.530000 49.03907 37.07288 34.11945 97.530 -277.770 685.720 1.054e+11 2.367e+11 -7.154e+11 0.08010 434279 434279 681419 7574 56 434246 434324 11.0892 6482400000000 6482400000000 6482400000000 6482400000000 591050000000 13.5048 0 0.06668 0.70604 0.54381 18.4416 6.77817 7.89208 0.59138 0.44369 16.6859 7.21627 9.01922 0.4431 655800000000 209700000000
 0.6700   398081 0.6800   407089      1   398106   398086   407113  0 4.98900e+11 4.86200e+11 182.120000 12.189000 125.300000  1 0.2300 173.860000 49.02262 37.12873 33.92387 0.260 -191.980 768.600 1.015e+11 -9.226e+10 -6.488e+11 0.07690 434280 434280 681419 7555 55 434246 434324 12.1885 6835200000000 6835200000000 6835200000000 6835200000000 714970000000 14.71 13.73 0.06038 0.81997 0.46606 2.65017 -8.09489 15.2489 0.88459 0.39001 10.8124 3.65333 10.2975 0.3602 599200000000 200200000000
 0.6600   389162 0.6700   398081      1   389189   389166   398106  0 5.02067e+11 5.14800e+11 186.213000 14.296000 118.390000  1 0.2300 172.150000 49.02742 37.17453 33.72816 -21.110 -96.760 682.510 -3.081e+11 -3.758e+11 -7.334e+11 0.09262 434281 434281 681419 7599 54 434246 434324 14.2959 2650200000000 2650200000000 2650200000000 1182100000000 209730000000 13.3453 5.39 0.07326 0.66579 0.54651 3.55731 -6.45937 20.7318 0.60876 0.46906 4.53209 -0.56812 17.6817 0.3229 597900000000 228800000000
 0.6500   380137 0.6600   389162      1   380141   380141   389189  0 5.21133e+11 5.05200e+11 185.636000 13.645000 104.670000  1 0.2300 174.000000 49.03897 37.19316 33.55486 -38.460 -25.820 587.400 -2.778e+11 -2.888e+11 -7.918e+11 0.10158 434282 434282 681419 6499 53 434246 434324 13.6446 1534800000000 1534800000000 1534800000000 514780000000 238320000000 13.116 5.04 0.0767 0.80655 0.51429 5.60843 5.3366 23.596 0.7842 0.38852 6.11664 11.5094 19.0356 0.2559 581600000000 238300000000
 0.6400   371069 0.6500   380137      1   371073   371073   380141  0 5.21133e+11 5.43400e+11 190.781000 13.221000 108.460000  1 0.2300 182.090000 49.05956 37.20894 33.40725 -43.730 15.170 494.040 -5.736e+11 -3.750e+11 -5.023e+11 0.08642 434283 434283 681419 6494 52 434246 434324 13.2208 1010500000000 1010500000000 896100000000 448050000000 247860000000 21.1835 0 0.06545 0.7684 0.50848 4.67489 1.48844 23.0384 0.67967 0.39427 3.03904 2.07617 21.8781 0.257 620900000000 247900000000
 0.6300   361963 0.6400   371069      1   361967   361967   371073  0 5.21133e+11 5.14800e+11 187.944000 10.077000 107.980000  1 0.2300 192.790000 49.06013 37.19893 33.26211 -41.390 33.800 410.010 -1.696e+11 -2.053e+11 -5.860e+11 0.07522 434284 434284 681419 7630 51 434246 434324 10.0769 734040000000 791240000000 610110000000 390850000000 276460000000 15.0969 0 0.05461 0.5855 0.43023 11.6092 7.62544 18.3264 0.50277 0.37578 8.87824 7.76916 18.4466 0.2465 717100000000 190700000000
 0.6200   352860 0.6300   361963      1       -1       -1   361967  0 5.56100e+11 5.05200e+11 187.337000 10.935000 103.770000  1 0.2300 188.390000 49.07122 37.18927 33.14868 -40.730 54.790 343.140 -2.135e+11 -1.304e+11 -6.356e+11 0.08486 434285 434285 681419 7625 50 434246 434324 10.9354 524310000000 581510000000 467120000000 371790000000 266920000000 11.3429 1.63 0.06017 0.68748 0.41472 8.24154 13 -9.78311 0.6899 0.35915 8.62145 11.5414 -8.45026 0.2246 644300000000 219300000000
 0.6100   343724 0.6200   352860      1       -1       -1       -1  0 5.56100e+11 4.95700e+11 186.701000 9.999000 99.650000  1 0.2300 192.950000 49.08511 37.18088 33.05332 -37.170 70.970 291.860 -5.007e+10 -1.229e+11 -5.577e+11 0.07278 434286 434286 681419 7649 49 434246 434324 9.9994 543380000000 591050000000 476650000000 371790000000 285990000000 14.213 0 0.05248 0.71704 0.40195 8.97622 26.8337 -10.4961 0.84153 0.39033 9.55012 17.6207 -16.0207 0.2158 695500000000 171600000000
 0.6000   334584 0.6100   343724      1       -1       -1       -1  0 5.56100e+11 4.76700e+11 184.811000 12.642000 95.290000  1 0.2300 179.560000 49.08828 37.16697 32.96829 -32.790 82.460 247.310 8.846e+10 -6.521e+10 -5.096e+11 0.07002 434287 434287 681419 7686 48 434246 434324 12.642 591050000000 610110000000 495720000000 400390000000 228790000000 10.9817 0.75 0.05129 0.84409 0.50071 6.43308 25.8226 -4.07851 0.80677 0.37692 7.22795 25.2744 0.56759 0.208 585000000000 200200000000
 0.5900   325416 0.6000   334584      1       -1       -1       -1  0 5.56100e+11 4.67100e+11 184.095000 12.495000 96.060000  1 0.2300 179.970000 49.10605 37.13432 32.86757 -29.700 96.030 209.380 1.135e+11 -1.161e+11 -5.063e+11 0.07377 434288 434288 681419 7718 47 434246 434324 12.4949 571980000000 571980000000 457580000000 362250000000 181130000000 24.9847 0 0.05448 0.88023 0.76317 10.9561 10.0781 8.6906 0.65701 0.57106 10.772 10.5324 7.87831 0.2136 519200000000 171600000000
 0.5800   316170 0.5900   325416      1       -1       -1       -1  0 5.56100e+11 4.57600e+11 183.347000 11.426000 94.320000  1 0.2300 184.100000 49.11088 37.10408 32.80399 -26.070 107.600 178.390 -2.001e+10 -8.248e+10 -5.506e+11 0.08166 434289 434289 681419 7765 46 434246 434324 11.4259 562450000000 581510000000 428980000000 352720000000 238320000000 19.316 2.64 0.0595 0.85386 0.44638 -12.0836 -5.65245 17.9804 0.80877 0.38165 17.9354 8.40291 -6.64819 0.2031 533300000000 181100000000
 0.5700   306938 0.5800   316170      1       -1       -1       -1  0 5.56100e+11 4.76700e+11 186.371000 14.878000 92.890000  1 0.2300 176.460000 49.10261 37.06013 32.75039 -21.900 123.770 157.530 2.631e+10 -5.290e+09 -5.740e+11 0.07825 434290 434290 681419 7759 45 434246 434324 14.8779 514780000000 543380000000 448050000000 381320000000 219260000000 10.6035 4.47 0.05777 0.51716 0.38835 -8.46242 -14.4592 16.4032 0.52205 0.30429 -6.24843 -11.1984 14.0693 0.1961 517200000000 228800000000
 0.5600   297695 0.5700   306938      1       -1       -1       -1  0 5.56100e+11 4.86200e+11 188.113000 16.738000 91.900000  1 0.2300 174.380000 49.10420 37.00791 32.70652 -22.980 138.500 127.110 8.954e+10 1.269e+10 -4.989e+11 0.06371 434291 434291 681419 7701 44 434246 434324 16.7383 562450000000 562450000000 495720000000 343190000000 228790000000 12.3082 0 0.04969 0.43603 0.34445 15.9059 26.7425 -8.60419 0.44257 0.29368 10.7553 25.6639 -7.08609 0.205 488400000000 228800000000
 0.5500   288446 0.5600   297695      1       -1       -1       -1  0 5.56100e+11 4.86200e+11 188.612000 11.497000 92.240000  1 0.2300 193.270000 49.12829 36.98448 32.64974 -20.800 152.200 107.120 2.830e+11 1.060e+10 -3.839e+11 0.06395 434292 434292 681419 7705 43 434246 434324 11.4973 533850000000 562450000000 457580000000 343190000000 247860000000 15.6523 2.5 0.04711 0.92125 0.39585 -9.84317 -12.7326 10.2719 0.73475 0.37479 -7.80573 -12.4457 9.52062 0.1834 564800000000 209700000000
 0.5400   279225 0.5500   288446      1       -1       -1       -1  0 5.56100e+11 4.95700e+11 190.330000 13.356000 88.670000  1 0.2300 188.960000 49.14159 36.92385 32.60779 -20.510 165.450 80.140 2.749e+11 1.106e+10 -3.646e+11 0.05871 434293 434293 681419 7690 42 434246 434324 13.3565 533850000000 552910000000 486180000000 324120000000 238320000000 22.9283 0 0.04401 0.74365 0.56334 7.8246 12.5035 16.9649 0.61251 0.50417 0.57691 10.3461 17.954 0.1716 561200000000 228800000000
 0.5300   269981 0.5400   279225      1       -1       -1       -1  0 5.56100e+11 5.33800e+11 195.586000 15.600000 92.280000  1 0.2300 189.090000 49.13403 36.85964 32.58212 -24.580 178.030 52.470 3.168e+11 -2.095e+11 -3.691e+11 0.05989 434294 434294 681419 7848 41 434246 434324 15.6001 533850000000 533850000000 476650000000 333650000000 266920000000 23.6263 1.8 0.04546 0.6319 0.51849 20.7088 13.695 16.9941 0.7864 0.56873 15.6183 12.9727 13.0748 0.1778 580400000000 266900000000
 0.5200   260741 0.5300   269981      1       -1       -1       -1  0 5.56100e+11 5.33800e+11 196.072000 16.759000 89.790000  1 0.2300 187.510000 49.14332 36.78545 32.56719 -30.820 185.840 31.400 4.001e+11 -1.924e+11 -2.347e+11 0.05691 434295 434295 681419 6529 40 434246 434324 16.7586 581510000000 610110000000 505250000000 343190000000 257390000000 23.5236 0 0.04347 0.91738 0.63199 -14.9599 -11.269 25.8273 0.72333 0.53072 -14.3766 -2.10896 24.832 0.1703 556100000000 276500000000
 0.5100   251453 0.5200   260741      1       -1       -1       -1  0 5.56100e+11 5.33800e+11 196.549000 20.845000 89.580000  1 0.2300 180.060000 49.15250 36.69963 32.55431 -32.820 200.740 4.210 3.627e+11 -3.446e+11 -1.996e+11 0.06150 434296 434296 681419 6491 39 434246 434324 20.8447 657780000000 657780000000 552910000000 390850000000 190660000000 15.4302 0 0.04703 0.68719 0.43083 -19.4057 -14.1158 18.499 0.57893 0.34958 -16.4986 -10.6279 21.3125 0.1681 516100000000 286000000000
 0.5000   242274 0.5100   251453      1       -1       -1       -1  0 5.56100e+11 5.52900e+11 199.333000 23.821000 92.260000  1 0.2300 179.220000 49.15922 36.61788 32.56196 -37.430 209.470 -18.260 3.744e+11 -3.349e+11 -2.409e+11 0.05899 434297 434297 681419 6492 38 434246 434324 23.8209 734040000000 734040000000 600580000000 419450000000 228790000000 25.1804 0 0.04628 0.57684 0.31516 -6.33964 5.39043 26.4557 0.35482 0.1255 -2.51862 8.51116 24.1222 0.1788 508800000000 314600000000
 0.4900   233063 0.5000   242274      1       -1       -1       -1  0 5.56100e+11 5.52900e+11 199.795000 24.430000 87.160000  1 0.2300 180.000000 49.19506 36.50573 32.55916 -41.790 217.610 -49.880 1.898e+11 -6.354e+11 -3.071e+11 0.07674 434298 434298 681419 7567 37 434246 434324 24.43 857970000000 857970000000 781710000000 428980000000 257390000000 21.4523 1.79 0.06125 0.76683 0.42106 32.8102 5.32822 -5.4899 0.78236 0.47691 23.4698 1.0872 -13.0554 0.1668 471000000000 314600000000
 0.4800   223906 0.4900   233063      1   223909   223909       -1  0 5.97400e+11 5.62500e+11 201.390000 28.610000 89.700000  1 0.2300 177.520000 49.20507 36.39044 32.58188 -47.360 228.470 -61.390 1.023e+11 -5.196e+11 -3.255e+11 0.06467 434299 434299 681419 7719 36 434246 434324 28.6095 991430000000 991430000000 991430000000 457580000000 219260000000 19.1008 3.84 0.0511 0.93899 0.47034 -4.99661 -11.5194 27.4942 0.62543 0.4032 -5.05974 -13.114 21.5535 0.1679 494700000000 352700000000
 0.4700   214765 0.4800   223906      1   214768   214768   223909  0 6.29167e+11 6.76800e+11 214.680000 30.501000 98.220000  1 0.2300 190.600000 49.22439 36.26511 32.62490 -61.620 226.690 -63.720 3.047e+11 -2.948e+11 -2.372e+11 0.03619 434300 434300 681419 7718 35 434246 434324 30.501 1182100000000 1182100000000 1182100000000 352720000000 190660000000 28.9616 4.25 0.02961 0.82891 0.47541 25.1431 17.0369 9.49187 0.86719 0.52258 10.6804 12.7061 -16.1009 0.1856 582700000000 352700000000
 0.4600   205635 0.4700   214765      1   205638   205638   214768  0 6.19600e+11 6.48200e+11 212.064000 31.435000 90.420000  1 0.2300 188.260000 49.26837 36.14332 32.66255 -80.360 218.610 -78.110 1.811e+11 -5.473e+11 -3.422e+11 0.05541 434301 434301 681419 6471 34 434246 434324 31.4349 1144000000000 1144000000000 1144000000000 457580000000 190660000000 28.379 0 0.04434 0.48741 0.39495 -8.79679 -17.7712 31.3524 0.40891 0.31305 -5.80739 -17.0063 26.9525 0.1552 577000000000 371800000000
 0.4500   196571 0.4600   205635      1   196574   196574   205638  0 5.43367e+11 5.33800e+11 199.186000 25.218000 82.230000  1 0.2300 183.570000 49.32548 36.03953 32.71881 -95.200 204.510 -95.880 -7.714e+10 -1.527e+11 -2.152e+11 0.03414 434302 434302 681419 6403 33 434246 434324 25.2185 1048600000000 1048600000000 1048600000000 562450000000 171590000000 3.68524 0 0.02538 0.69564 0.27776 -3.71299 -12.769 21.5096 0.42767 0.17473 -6.71673 -16.9249 20.4095 0.1245 563400000000 333700000000
 0.4400   187499 0.4500   196571      1   187502   187502   196574  0 4.95700e+11 4.48100e+11 188.264000 18.410000 77.920000  1 0.2300 184.730000 49.38512 35.92228 32.75189 -113.790 185.420 -102.130 -1.407e+11 -1.222e+11 -1.962e+11 0.04477 434303 434303 681419 7562 32 434246 434324 18.4098 819840000000 819840000000 819840000000 629180000000 114400000000 25.4087 1.44 0.0338 0.79662 0.26557 5.65177 -1.82461 32.9821 0.61092 0.07433 2.20629 -9.64557 33.507 0.1251 519700000000 200200000000
 0.4300   178475 0.4400   187499      1       -1       -1   187502  0 5.33833e+11 5.05200e+11 196.337000 14.678000 90.460000  1 0.2300 207.130000 49.46368 35.84969 32.81576 -110.690 174.400 -84.800 -1.386e+11 -9.821e+10 -1.742e+11 0.03464 434304 434304 681419 6423 31 434246 434324 14.6784 800770000000 800770000000 800770000000 629180000000 57198000000 23.2797 0 0.02514 0.78157 0.49897 -14.229 -16.3466 36.7513 0.69595 0.34401 -19.3764 -10.8604 34.3615 0.1429 656900000000 143000000000
 0.4200   169473 0.4300   178475      1       -1       -1       -1  0 5.33833e+11 6.19600e+11 210.555000 15.824000 110.550000  1 0.2300 223.840000 49.50977 35.72529 32.87685 -92.810 147.280 -55.280 -1.786e+11 -2.237e+11 -2.185e+11 0.03528 434305 434305 681419 6329 30 434246 434324 15.8236 819840000000 810300000000 772170000000 476650000000 305060000000 18.0387 2.59 0.02677 0.68985 0.49392 1.06531 -9.28145 38.559 0.66086 0.50766 -0.88545 -10.481 32.9427 0.1922 666700000000 305100000000
 0.4100   160593 0.4200   169473      1       -1       -1       -1  0 5.05233e+11 4.76700e+11 193.273000 10.976000 91.010000  1 0.2300 223.190000 49.60160 35.63001 32.93586 -99.020 142.800 -67.260 -2.193e+10 -1.304e+10 -2.007e+11 0.03407 434306 434306 681419 6258 29 434246 434324 10.9763 543380000000 524310000000 467120000000 438520000000 247860000000 16.581 0 0.02354 0.7791 0.66483 11.3698 23.4474 6.22225 0.67786 0.55677 11.8453 23.7797 6.6378 0.1373 585800000000 181100000000
 0.4000   151798 0.4100   160593      1       -1       -1       -1  0 4.22633e+11 4.19400e+11 185.535000 22.796000 69.020000  1 0.2300 179.890000 49.65799 35.53061 32.93957 -98.580 131.860 -59.560 -1.194e+11 5.085e+10 8.325e+07 0.02451 434307 434307 681419 7298 28 434246 434324 22.7959 476650000000 457580000000 448050000000 352720000000 114400000000 25.2054 0 0.0189 0.93703 0.46867 0.02068 5.77956 38.6941 0.81526 0.32073 -12.1791 -17.8682 28.4301 0.1112 437200000000 219300000000
 0.3900   143098 0.4000   151798      1       -1       -1       -1  0 3.65433e+11 3.71800e+11 178.523000 73.497000 62.690000  1 0.2300 151.740000 49.70275 35.43258 33.09665 -91.280 125.950 -67.110 -1.191e+11 -7.415e+10 -8.087e+09 0.02773 434308 434308 681419 7170 27 434246 434324 73.4975 371790000000 343190000000 324120000000 114400000000 28599000000 46.6399 3.52 0.02533 0.43208 0.06439 -10.3189 -6.34502 62.3783 0.21842 0.00879 20.7352 30.2661 -7.63152 0.137 362700000000 591000000000
 0.3800   134609 0.3900   143098      1       -1       -1       -1  0 3.40033e+11 3.05100e+11 167.401000 14.880000 63.290000  1 0.2300 177.800000 49.77852 35.35883 32.97250 -90.170 99.910 -31.670 1.038e+11 -6.774e+09 1.631e+10 0.03442 434309 434309 681419 7077 26 434246 434324 14.8796 305060000000 295520000000 276460000000 190660000000 123930000000 17.7813 2.77 0.02671 0.68353 0.54972 -17.2424 -19.1471 22.1641 0.67024 0.57361 -4.991 -19.0655 22.5346 0.1007 359100000000 162100000000
 0.3700   126107 0.3800   134609      1       -1       -1       -1  0 3.20967e+11 3.43200e+11 174.375000 22.244000 64.000000  1 0.2300 173.220000 49.84587 35.28426 32.99004 -85.730 89.960 -36.830 1.581e+11 3.130e+10 -2.087e+10 0.04304 434310 434310 681419 6176 25 434246 434324 22.2445 343190000000 314590000000 285990000000 219260000000 123930000000 26.2797 0 0.03431 0.56216 0.28356 15.3239 19.4258 -19.1398 0.21023 0.01319 -12.3564 -17.4866 19.0676 0.101 308000000000 209700000000
 0.3600   117598 0.3700   126107      1       -1       -1       -1  0 3.11433e+11 3.14600e+11 169.642000 19.288000 62.450000  1 0.2300 174.480000 49.90422 35.19512 33.00623 -78.610 86.150 -32.690 1.152e+11 6.124e+10 -5.399e+10 0.04591 434311 434311 681419 7018 24 434246 434324 19.2884 314590000000 295520000000 285990000000 238320000000 66731000000 14.6584 2.29 0.03491 0.84899 0.50239 22.922 17.936 -3.85646 0.33631 0.17716 30.2353 13.7138 -10.3816 0.0914 311900000000 181100000000
 0.3500   109243 0.3600   117598      1       -1       -1       -1  0 2.82833e+11 2.76500e+11 162.722000 10.749000 63.890000  1 0.2300 192.550000 49.96066 35.11164 33.01863 -74.460 83.220 -30.500 8.589e+10 4.252e+10 -7.466e+10 0.05243 434312 434312 681419 6852 23 434246 434324 10.7493 276460000000 276460000000 276460000000 238320000000 38132000000 17.4321 0 0.03776 0.53532 0.42621 30.177 20.5392 -18.1508 0.44152 0.34179 22.1261 26.0515 -17.8092 0.0902 361500000000 47660000000
 0.3400   101049 0.3500   109243      1       -1       -1       -1  0 2.60600e+11 2.57400e+11 159.107000 13.026000 60.990000  1 0.2300 180.610000 50.02685 35.02424 33.03617 -70.980 80.940 -28.840 7.209e+10 2.448e+10 -3.365e+10 0.04063 434313 434313 681419 6717 22 434246 434324 13.0256 257390000000 257390000000 247860000000 238320000000 38132000000 12.3529 0 0.02955 0.39837 0.20139 -15.6558 -17.9237 29.6717 0.3055 0.03057 -6.97133 -19.7117 24.6638 0.0885 313400000000 104900000000
 0.3300    93107 0.3400   101049      1       -1       -1       -1  0 2.57400e+11 2.47900e+11 157.321000 17.753000 51.310000  1 0.2300 168.240000 50.09130 34.95114 33.04993 -70.540 79.790 -25.750 5.459e+10 5.227e+09 -7.614e+09 0.02776 434314 434314 681419 6531 21 434246 434324 17.7529 247860000000 247860000000 247860000000 171590000000 47665000000 15.3486 0 0.02123 0.55077 0.4798 -18.2192 -10.0958 28.1977 0.54449 0.49909 -12.1682 -1.25165 28.1575 0.0731 237400000000 152500000000
 0.3200    85312 0.3300    93107      1       -1       -1       -1  0 2.47867e+11 2.66900e+11 161.453000 43.152000 47.630000  1 0.2300 153.070000 50.17859 34.87728 33.12779 -63.140 76.230 -25.880 3.687e+10 2.888e+10 -4.542e+09 0.01792 434315 434315 681419 6522 20 434246 434324 43.1516 266920000000 257390000000 257390000000 123930000000 0 32.2611 0 0.01619 0.27943 0.14992 1.46212 -1.36676 58.263 0.3717 0.00868 -2.49414 -7.41979 38.4862 0.0827 226800000000 276500000000
 0.3100    77755 0.3200    85312      1       -1       -1       -1  0 2.47867e+11 2.19300e+11 151.382000 21.198000 44.100000  1 0.2300 159.490000 50.23068 34.79667 33.10478 -63.630 73.840 -23.450 1.575e+10 -5.457e+09 -6.535e+09 0.01068 434316 434316 681419 6322 19 434246 434324 21.1985 219260000000 219260000000 219260000000 171590000000 0 17.3993 0 0.00868 0.76309 0.60247 30.3708 22.9508 -19.2279 0.71623 0.59431 25.3462 21.0719 -23.3373 0.0594 208400000000 143000000000
 0.3000    70419 0.3100    77755      1       -1       -1       -1  0 2.47867e+11 2.28800e+11 153.714000 22.177000 43.670000  1 0.2300 163.460000 50.29473 34.72478 33.13008 -57.330 67.560 -21.940 -4.033e+09 -1.947e+09 1.596e+10 0.00919 434317 434317 681419 5193 18 434246 434324 22.1774 228790000000 228790000000 219260000000 181130000000 0 9.24394 0 0.00761 0.0347 0.01711 -21.9381 -6.39664 27.4555 0.23027 0.08591 -22.2857 -6.59419 34.5594 0.058 219400000000 143000000000
 0.2900    63317 0.3000    70419      1       -1       -1       -1  0 2.47867e+11 2.28800e+11 153.873000 24.626000 44.570000  1 0.2300 163.190000 50.35812 34.65418 33.15977 -53.360 62.080 -24.010 5.194e+09 4.133e+09 -1.714e+09 0.00376 434318 434318 681419 4868 17 434246 434324 24.6261 228790000000 228790000000 228790000000 133460000000 0 20.5067 0 0.0032 0.46706 0.18988 -35.9786 9.30981 43.2915 0.79818 0.64691 -20.8964 1.68594 42.6497 0.0628 218400000000 152500000000
 0.2800    56488 0.2900    63317      1       -1       -1       -1  0 2.47867e+11 2.57400e+11 160.190000 35.070000 41.260000  1 0.2300 164.890000 50.43422 34.57577 33.18176 -50.580 55.210 -22.020 5.649e+09 1.700e+10 1.920e+10 0.01187 434319 434319 681419 5352 16 434246 434324 35.0701 257390000000 247860000000 247860000000 152530000000 9533000000 8.05824 0 0.01024 0.77368 0.56515 -17.5944 -17.9886 33.0153 0.34201 0.02483 -17.5908 18.6869 6.40003 0.0481 224500000000 238300000000
 0.2700    50004 0.2800    56488      1       -1       -1       -1  0 2.47867e+11 2.47900e+11 158.332000 23.218000 41.860000  1 0.2300 176.190000 50.49737 34.50661 33.22034 -45.310 52.770 -18.910 9.605e+09 1.992e+10 7.896e+09 0.01194 434320 434320 681419 5112 15 434246 434324 23.2181 247860000000 247860000000 247860000000 162060000000 0 5.0777 0 0.00992 0.8562 0.73722 13.8012 23.5161 34.9839 0.97607 0.53254 30.6577 -18.3414 13.1863 0.0439 240400000000 152500000000
 0.2600    43841 0.2700    50004      1       -1       -1       -1  0 2.38333e+11 2.38300e+11 156.409000 16.222000 43.600000  1 0.2300 189.800000 50.55186 34.43381 33.24737 -42.480 50.970 -19.370 1.973e+10 -9.488e+07 1.355e+10 0.01399 434321 434321 681419 4779 14 434246 434324 16.2216 238320000000 238320000000 238320000000 219260000000 28599000000 6.43254 0 0.011 0.83745 0.71258 -15.314 19.3493 12.0506 0.45549 0.07822 16.2473 -10.7231 -12.6709 0.0428 268600000000 47660000000
 0.2500    38042 0.2600    43841      1       -1       -1       -1  0 2.25600e+11 2.28800e+11 154.418000 15.573000 44.530000  1 0.2300 192.040000 50.61179 34.36177 33.26815 -40.170 47.270 -17.960 2.083e+10 -4.518e+09 1.445e+10 0.01687 434322 434322 681419 3776 13 434246 434324 15.5735 228790000000 219260000000 219260000000 200190000000 0 8.128 1.29 0.01291 0.61556 0.46165 -10.6636 -7.62652 43.0524 0.17437 0.0539 1.11804 -1.52419 58.0881 0.0436 256600000000 95330000000
 0.2400    32582 0.2500    38042      1       -1       -1       -1  0 2.06533e+11 2.09700e+11 150.114000 16.541000 45.690000  1 0.2300 186.710000 50.67750 34.29857 33.29033 -35.540 44.220 -18.270 1.843e+10 -1.062e+10 6.061e+09 0.01638 434323 434323 681419 4095 12 434246 434324 16.5405 209730000000 209730000000 200190000000 181130000000 0 22.355 0 0.01308 0.19855 0.05291 -11.0591 9.39251 57.5278 0.21298 0.04737 -31.0883 -9.35023 31.1557 0.0531 225200000000 85800000000
 0.2300    27523 0.2400    32582      0       -1       -1       -1  0 1.81100e+11 1.81100e+11 143.052000 26.005000 37.710000  1 0.2300 165.700000 50.73716 34.23784 33.32084 -31.510 35.250 -17.750 7.920e+09 -1.734e+10 -7.688e+08 0.01675 434324 434324 681419 3703 11 434246 434324 26.0054 181130000000 181130000000 171590000000 104860000000 19066000000 31.3415 0 0.01471 0.80324 0.60033 -18.5571 1.75191 36.565 0.36022 0.14626 24.1183 -0.9826 12.3472 0.0506 160500000000 152500000000
