 1.0000   680770 0.0000       -1      1       -1       -1       -1  0 3.05100e+11 3.05100e+11 137.719000 20.182000 95.540000  1 0.7800 108.910000 51.43729 58.23958 28.80797 80.280 -300.630 -62.010 2.579e+11 -2.630e+11 3.098e+11 0.07277 389179 389179 680770 6285 88 389178 389201 20.182 305060000000 381320000000 228790000000 181130000000 9533000000 16.6741 0 0.08299 0.23758 0.20994 -0.99426 33.0341 5.85357 0.67329 0.45158 8.32722 34.8813 -0.72738 0.5547 446500000000 209700000000
 0.9900   672654 1.0000   680770      1       -1       -1       -1  0 2.93933e+11 2.66900e+11 132.279000 9.325000 103.990000  1 0.7800 122.690000 51.43656 58.30798 28.82948 80.670 -298.370 -54.570 1.184e+11 -2.491e+10 1.035e+11 0.03516 389180 389180 680770 6296 87 389178 389201 9.32536 266920000000 343190000000 257390000000 200190000000 95330000000 3.76727 5.93 0.0344 0.60445 0.3891 14.9356 16.2599 9.78449 0.71098 0.32276 11.7001 11.176 10.1137 0.5331 492400000000 104900000000
 0.9800   664224 0.9900   672654      1       -1       -1       -1  0 2.93933e+11 2.86000e+11 135.923000 17.943000 100.290000  1 0.7800 109.330000 51.43237 58.30936 28.81967 83.400 -294.350 -50.190 1.090e+11 -4.801e+10 6.102e+10 0.02309 389181 389181 680770 6298 86 389178 389201 17.9427 285990000000 362250000000 238320000000 181130000000 0 28.7616 0 0.02584 0.39645 0.26785 -3.81685 29.9408 2.44275 0.65287 0.03906 -2.15659 21.1885 2.28307 0.5685 471600000000 190700000000
 0.9700   655838 0.9800   664224      1       -1       -1       -1  0 2.93933e+11 2.86000e+11 136.490000 8.743000 101.450000  1 0.7800 129.490000 51.41230 58.36542 28.83277 82.900 -291.790 -48.230 1.087e+11 -4.872e+10 5.484e+10 0.02726 389182 389182 680770 5304 85 389178 389201 8.74287 285990000000 333650000000 257390000000 181130000000 104860000000 9.64367 0 0.02541 0.77721 0.54156 8.00446 12.6949 4.69462 0.75118 0.5495 3.41548 11.7925 2.10736 0.482 461900000000 104900000000
 0.9600   647496 0.9700   655838      1       -1       -1       -1  0 2.93933e+11 2.95500e+11 138.562000 10.350000 105.710000  1 0.7800 126.230000 51.39475 58.39030 28.83717 87.040 -286.860 -48.940 1.664e+11 -1.260e+11 6.350e+10 0.04094 389183 389183 680770 6336 84 389178 389201 10.3504 295520000000 333650000000 257390000000 200190000000 95330000000 8.45037 0 0.04014 0.63129 0.4019 12.9174 12.9989 5.08548 0.39344 0.21706 15.2419 11.0171 0.05769 0.5198 475200000000 123900000000
 0.9500   639168 0.9600   647496      1       -1       -1       -1  0 2.93933e+11 2.95500e+11 139.133000 22.238000 110.240000  1 0.7800 107.790000 51.41721 58.39675 28.83239 86.770 -283.140 -43.550 8.657e+10 -9.566e+10 -1.316e+10 0.01614 389184 389184 680770 6349 83 389178 389201 22.2378 295520000000 343190000000 238320000000 162060000000 0 39.2878 0 0.02394 0.15383 0.04782 -21.3285 23.412 2.61819 0.06844 0.00593 -20.0393 22.3384 3.28725 0.7282 443200000000 219300000000
 0.9400   630854 0.9500   639168      1       -1       -1       -1  1 2.90767e+11 2.90800e+11 138.940000 14.010000 114.930000  1 0.7800 130.960000 51.40775 58.42763 28.83714 86.770 -283.140 -43.550 8.338e+10 -9.933e+10 -8.394e+09 0.02253 389185 389185 680770 8215 82 389178 389201 17.753 290755000000 333655000000 238320000000 185895000000 90565000000 23.8425 0 0.024785 0.382055 0.28733 -5.55389 16.8926 2.9994 0.32264 0.243705 -5.28213 15.6126 3.8114 0.62965 485800000000 171600000000
 0.9300   622527 0.9400   630854      1       -1       -1       -1  0 2.84400e+11 2.86000e+11 138.747000 5.783000 119.260000  1 0.7800 147.970000 51.37862 58.49403 28.84896 89.070 -277.790 -39.640 8.020e+10 -1.030e+11 -3.629e+09 0.02892 389186 389186 680770 6507 81 389178 389201 5.78328 285990000000 324120000000 238320000000 209730000000 181130000000 8.39718 0 0.02563 0.61028 0.52684 10.2208 10.3732 3.38061 0.57684 0.48148 9.47505 8.88692 4.33554 0.5311 528400000000 123900000000
 0.9200   614182 0.9300   622527      1       -1       -1       -1  1 2.76433e+11 2.76400e+11 137.726000 7.969000 114.770000  1 0.7800 137.130000 51.36860 58.52530 28.85342 89.070 -277.790 -39.640 4.254e+10 -4.755e+10 -4.845e+10 0.02479 389187 389187 680770 8258 80 389178 389201 8.52772 276455000000 324120000000 243090000000 214495000000 133463500000 11.9821 0 0.023205 0.71752 0.45482 8.42802 14.3793 8.26938 0.507565 0.399045 0.05342 13.3527 8.52379 0.547 456450000000 119150000000
 0.9100   605813 0.9200   614182      1       -1       -1       -1  0 2.70067e+11 2.66900e+11 136.689000 10.154000 109.900000  1 0.7800 124.230000 51.37114 58.55859 28.85712 90.360 -268.780 -31.970 4.875e+09 7.909e+09 -9.327e+10 0.02065 389188 389188 680770 6415 79 389178 389201 10.1539 266920000000 324120000000 247860000000 219260000000 85797000000 15.567 0 0.02078 0.82476 0.3828 6.63529 18.3854 13.1581 0.43829 0.31661 -9.36821 17.8184 12.712 0.5629 384500000000 114400000000
 0.9000   597438 0.9100   605813      1       -1       -1       -1  0 2.66900e+11 2.66900e+11 137.236000 10.104000 103.670000  1 0.7800 124.950000 51.35254 58.59809 28.86277 89.740 -266.150 -30.950 5.152e+09 6.044e+09 -9.132e+10 0.02200 389189 389189 680770 6427 78 389178 389201 10.1038 266920000000 324120000000 247860000000 219260000000 95330000000 8.94945 0 0.02039 0.6243 0.5086 15.0956 17.82 10.9585 0.74129 0.40069 7.37128 17.4374 13.0227 0.4929 395400000000 104900000000
 0.8900   589026 0.9000   597438      1       -1       -1       -1  0 2.63733e+11 2.66900e+11 137.780000 9.422000 101.410000  1 0.7800 127.790000 51.33894 58.63202 28.87295 85.380 -266.020 -31.000 -3.442e+10 -6.181e+10 -5.564e+10 0.02214 389190 389190 680770 6464 77 389178 389201 9.42209 266920000000 314590000000 247860000000 228790000000 85797000000 9.39581 0 0.0201 0.61168 0.46574 9.28983 17.0315 10.6644 0.74308 0.54695 7.19949 16.7295 3.77907 0.4715 397900000000 85800000000
 0.8800   580642 0.8900   589026      1       -1       -1       -1  0 2.57400e+11 2.57400e+11 136.657000 8.365000 103.040000  1 0.7800 130.460000 51.32481 58.67464 28.87806 87.600 -261.930 -28.320 -2.860e+10 9.297e+09 -1.159e+11 0.03238 389191 389191 680770 6446 76 389178 389201 8.36479 257390000000 314590000000 238320000000 219260000000 123930000000 9.34923 0 0.02851 0.53821 0.47167 17.3125 14.6375 7.82753 0.4039 0.25015 19.2588 12.996 4.2018 0.468 403100000000 95330000000
 0.8700   572169 0.8800   580642      1       -1       -1       -1  0 2.47900e+11 2.47900e+11 135.476000 6.330000 104.290000  1 0.7800 139.410000 51.31428 58.71673 28.88770 87.160 -261.650 -29.460 -4.181e+10 -1.733e+10 -8.678e+10 0.02822 389192 389192 680770 5521 75 389178 389201 6.32984 247860000000 314590000000 219260000000 219260000000 85797000000 12.3638 0 0.02491 0.45922 0.30669 19.3517 11.791 3.003 0.15287 0.05385 28.7686 15.3065 7.92803 0.4791 462900000000 57200000000
 0.8600   563711 0.8700   572169      1       -1       -1       -1  0 2.47900e+11 2.28800e+11 132.422000 7.156000 100.420000  1 0.7800 130.770000 51.30240 58.76096 28.90217 89.710 -263.190 -36.470 -6.002e+09 -1.167e+11 2.173e+09 0.03964 389193 389193 680770 6576 74 389178 389201 7.15557 228790000000 305060000000 219260000000 209730000000 85797000000 13.5458 0 0.03411 0.44409 0.35034 16.4872 12.0344 7.49586 0.23747 0.08307 17.5485 14.6709 11.7208 0.4558 381400000000 47660000000
 0.8500   555276 0.8600   563711      1       -1       -1       -1  0 2.47900e+11 2.28800e+11 132.933000 5.495000 98.630000  1 0.7800 141.780000 51.27938 58.77816 28.89484 88.790 -259.750 -34.890 -6.740e+09 -1.150e+11 1.607e+09 0.04246 389194 389194 680770 6541 73 389178 389201 5.49477 228790000000 295520000000 219260000000 200190000000 104860000000 14.1235 0 0.03377 0.72341 0.636 12.4721 10.9405 6.18598 0.79649 0.45219 17.4324 4.10998 4.11918 0.408 377900000000 95330000000
 0.8400   546777 0.8500   555276      1       -1       -1       -1  1 2.47900e+11 2.28800e+11 133.442000 7.809000 95.480000  1 0.7800 132.260000 51.26799 58.81145 28.89931 88.790 -259.750 -34.890 -7.390e+09 -1.135e+11 1.355e+09 0.04011 389195 389195 680770 8419 72 389178 389201 8.44285 228790000000 281220000000 219260000000 190660000000 100095000000 12.8345 0 0.03348 0.60108 0.457975 13.7667 15.2523 9.754 0.620925 0.32416 14.3728 12.1604 7.76718 0.4152 335900000000 100115000000
 0.8300   538257 0.8400   546777      1       -1       -1       -1  0 2.47900e+11 2.28800e+11 133.948000 10.124000 92.100000  1 0.7800 121.130000 51.26220 58.87838 28.91452 86.660 -252.970 -32.080 -8.040e+09 -1.120e+11 1.103e+09 0.03776 389196 389196 680770 6782 71 389178 389201 10.1242 228790000000 266920000000 219260000000 181130000000 95330000000 11.5456 0 0.03319 0.47875 0.27995 15.0613 19.5641 13.322 0.44536 0.19613 11.3132 20.2108 11.4152 0.4224 293900000000 104900000000
 0.8200   529663 0.8300   538257      1       -1       -1       -1  0 2.47900e+11 2.28800e+11 134.452000 12.565000 86.220000  1 0.7800 115.610000 51.25216 58.92181 28.91741 85.490 -249.640 -30.770 -8.545e+09 -1.106e+11 1.099e+09 0.03603 389197 389197 680770 5798 70 389178 389201 12.5646 228790000000 266920000000 219260000000 162060000000 57198000000 14.9675 0 0.03291 0.42185 0.32084 18.7046 22.1187 12.7756 0.44238 0.2751 12.2985 21.2926 13.4602 0.4092 272800000000 123900000000
 0.8100   521016 0.8200   529663      1       -1       -1       -1  0 2.47900e+11 2.38300e+11 136.803000 16.070000 81.250000  1 0.7800 111.990000 51.23905 58.96514 28.93007 83.400 -250.100 -29.900 6.210e+10 -1.304e+11 4.781e+10 0.04323 389198 389198 680770 6897 69 389178 389201 16.0696 238320000000 266920000000 219260000000 162060000000 0 19.6886 0 0.04235 0.32942 0.27735 24.9564 26.241 28.406 0.16683 0.10392 29.2997 22.9409 27.4922 0.4077 263400000000 143000000000
 0.8000   512336 0.8100   521016      1       -1       -1       -1  0 2.47900e+11 2.38300e+11 137.309000 15.183000 74.550000  1 0.7800 113.900000 51.22579 59.00482 28.92643 83.340 -242.900 -26.330 2.214e+10 -1.255e+11 -2.321e+09 0.03793 389199 389199 680770 5920 68 389178 389201 15.1831 238320000000 257390000000 200190000000 162060000000 19066000000 10.8806 0 0.03565 0.25608 0.24202 23.5179 22.9849 24.988 0.23575 0.14068 23.3683 21.8287 21.6132 0.3466 263800000000 133500000000
 0.7900   503693 0.8000   512336      1       -1       -1       -1  0 2.47900e+11 2.38300e+11 137.812000 21.377000 67.860000  1 0.7800 107.200000 51.21714 59.04902 28.93688 78.710 -245.220 -23.270 6.896e+10 -1.131e+11 7.254e+10 0.04497 389200 389200 680770 6911 67 389178 389201 21.3767 238320000000 257390000000 190660000000 104860000000 9533000000 12.9396 0 0.04242 0.40489 0.12003 21.4589 20.9928 24.6694 0.53221 0.00933 13.8361 7.77869 9.88649 0.3036 244300000000 171600000000
 0.7800   495059 0.7900   503693      0       -1       -1       -1  0 2.47900e+11 2.47900e+11 140.133000 12.993000 64.350000  1 0.7800 121.070000 51.18551 59.05897 28.91958 82.030 -238.910 -29.500 -6.635e+10 -1.589e+11 1.338e+11 0.06600 389201 389201 680770 5887 66 389178 389201 12.9927 247860000000 276460000000 162060000000 152530000000 47665000000 8.92822 0 0.05764 0.52821 0.36805 23.5155 11.5817 12.6356 0.04418 0 25.5695 7.54822 10.8993 0.242 290600000000 85800000000
