 1.0000   679057 0.0000       -1      1       -1       -1       -1  0 3.52700e+11 3.52700e+11 144.548000 10.035000 119.910000  1 0.4200 134.770000 45.14049 14.59827 22.06811 93.720 87.370 -4.000 1.736e+11 -3.395e+11 5.379e+11 0.09240 356670 356670 679057 4572 88 356669 356728 10.0353 352720000000 352720000000 324120000000 276460000000 142990000000 16.0792 0 0.08926 0.72635 0.64263 9.48548 6.96915 15.5368 0.5403 0.40957 10.1917 -4.95941 13.7217 0.5546 493600000000 143000000000
 0.9900   670917 1.0000   679057      1       -1       -1       -1  0 3.52700e+11 3.52700e+11 145.157000 9.984000 118.370000  1 0.4200 135.490000 45.13187 14.60081 22.08285 92.760 87.640 -1.680 1.471e+11 -3.177e+11 6.005e+11 0.09548 356671 356671 679057 4570 87 356669 356728 9.98407 352720000000 352720000000 343190000000 285990000000 76264000000 3.36502 0 0.09438 0.61214 0.43703 11.9439 9.67179 14.1524 0.60456 0.27557 8.8483 4.66929 14.3963 0.5587 528700000000 114400000000
 0.9800   662522 0.9900   670917      1       -1       -1       -1  0 3.52700e+11 3.52700e+11 145.765000 13.670000 114.330000  1 0.4200 126.010000 45.11024 14.57951 22.06556 91.730 85.590 -4.870 1.629e+11 -3.337e+11 5.346e+11 0.08807 356672 356672 679057 4588 86 356669 356728 13.6702 352720000000 352720000000 324120000000 276460000000 76264000000 21.8594 0 0.08865 0.53919 0.44682 11.4751 13.0201 10.0163 0.52371 0.18259 11.9394 9.24778 3.11547 0.5501 482100000000 181100000000
 0.9700   654164 0.9800   662522      1       -1       -1       -1  0 3.52700e+11 3.52700e+11 146.373000 13.961000 111.640000  1 0.4200 125.900000 45.10184 14.57781 22.06844 95.910 86.160 -4.930 8.677e+10 -2.867e+11 4.606e+11 0.07752 356673 356673 679057 7544 85 356669 356728 13.9611 352720000000 352720000000 352720000000 266920000000 47665000000 17.3994 0 0.07505 0.5659 0.32992 13.7676 7.1909 8.24693 0.58848 0.23661 11.4764 2.4921 1.82485 0.5164 474500000000 181100000000
 0.9600   645844 0.9700   654164      1       -1       -1       -1  0 3.52700e+11 3.52700e+11 146.980000 14.291000 111.300000  1 0.4200 125.750000 45.08768 14.57322 22.06551 94.930 84.840 -4.960 8.933e+10 -2.862e+11 4.538e+11 0.07495 356674 356674 679057 4619 84 356669 356728 14.2912 352720000000 352720000000 352720000000 228790000000 38132000000 22.3103 0 0.07452 0.64064 0.33767 13.7209 3.37336 7.46374 0.93052 0.30027 12.484 -1.55918 1.86486 0.5272 489100000000 190700000000
 0.9500   637527 0.9600   645844      1       -1       -1       -1  0 3.52700e+11 3.52700e+11 147.585000 15.026000 111.800000  1 0.4200 124.860000 45.08072 14.56368 22.06876 93.900 83.570 -4.960 9.156e+10 -2.862e+11 4.477e+11 0.07576 356675 356675 679057 4628 83 356669 356728 15.0264 352720000000 352720000000 352720000000 266920000000 66731000000 18.1167 0 0.07412 0.62871 0.35322 16.6215 2.78028 6.55953 0.83796 0.40975 13.0181 -2.86502 4.87561 0.5204 475000000000 190700000000
 0.9400   629224 0.9500   637527      1       -1       -1       -1  0 3.52700e+11 3.52700e+11 148.190000 13.706000 112.100000  1 0.4200 128.010000 45.06292 14.55977 22.06952 92.830 82.370 -4.930 9.338e+10 -2.864e+11 4.427e+11 0.07333 356676 356676 679057 4633 82 356669 356728 13.7065 352720000000 352720000000 343190000000 266920000000 28599000000 23.5556 0 0.07385 0.69497 0.33359 25.4717 -4.64487 10.3556 0.46735 0.28742 -9.76873 21.04 -6.90516 0.5354 453400000000 171600000000
 0.9300   620905 0.9400   629224      1       -1       -1       -1  0 3.52700e+11 3.52700e+11 148.794000 11.259000 111.020000  1 0.4200 134.780000 45.05841 14.54760 22.07527 91.750 81.250 -4.890 9.472e+10 -2.865e+11 4.388e+11 0.07772 356677 356677 679057 4633 81 356669 356728 11.2587 352720000000 352720000000 333650000000 247860000000 85797000000 15.0185 0 0.07368 0.69544 0.36681 23.0967 -0.77859 6.40759 0.75765 0.1522 -10.8983 16.9682 -7.19535 0.4997 462900000000 171600000000
 0.9200   612563 0.9300   620905      1       -1       -1       -1  0 3.52700e+11 3.52700e+11 149.396000 10.638000 108.500000  1 0.4200 137.320000 45.04820 14.53898 22.07727 91.710 80.630 -5.520 1.271e+11 -2.468e+11 4.710e+11 0.08246 356678 356678 679057 4642 80 356669 356728 10.638 352720000000 352720000000 333650000000 247860000000 123930000000 12.7596 0 0.07589 0.86174 0.60494 23.2655 7.91671 4.17203 0.59673 0.44649 -1.3719 23.1164 0.48188 0.4718 474900000000 143000000000
 0.9100   604201 0.9200   612563      1       -1       -1       -1  0 3.52700e+11 3.52700e+11 149.997000 12.607000 105.850000  1 0.4200 132.260000 45.04848 14.52325 22.08615 90.680 79.770 -5.640 1.255e+11 -2.431e+11 4.673e+11 0.08070 356679 356679 679057 4665 79 356669 356728 12.6066 352720000000 352720000000 343190000000 266920000000 85797000000 3.57757 0 0.07544 0.68818 0.64841 23.3249 3.00753 6.62074 0.82848 0.66407 15.3062 -4.84496 10.2465 0.4663 454600000000 171600000000
 0.9000   595829 0.9100   604201      1       -1       -1       -1  0 3.52700e+11 3.52700e+11 150.596000 14.714000 103.200000  1 0.4200 128.160000 45.03716 14.51286 22.08669 89.680 78.900 -5.750 1.242e+11 -2.389e+11 4.636e+11 0.08044 356680 356680 679057 4665 78 356669 356728 14.7144 352720000000 352720000000 343190000000 285990000000 66731000000 3.87387 0 0.07495 0.78166 0.62901 19.9332 4.80864 5.10574 0.82849 0.63811 11.5712 2.08788 12.5959 0.4511 463300000000 190700000000
 0.8900   587421 0.9000   595829      1       -1       -1       -1  0 3.49533e+11 3.52700e+11 151.194000 16.186000 101.200000  1 0.4200 126.070000 45.02562 14.50231 22.08725 88.690 78.020 -5.860 1.230e+11 -2.345e+11 4.597e+11 0.08165 356681 356681 679057 4697 77 356669 356728 16.1856 352720000000 352720000000 343190000000 257390000000 95330000000 4.15953 0 0.07444 0.79187 0.53254 19.5817 3.76235 3.98866 0.76764 0.37353 10.8397 -5.92298 10.441 0.4298 443200000000 190700000000
 0.8800   579041 0.8900   587421      1       -1       -1       -1  0 3.46367e+11 3.43200e+11 150.410000 12.672000 100.620000  1 0.4200 132.410000 45.01386 14.49160 22.08784 88.830 75.420 -7.470 8.340e+10 -1.892e+11 3.813e+11 0.07149 356682 356682 679057 634 76 356669 356728 12.6717 343190000000 352720000000 295520000000 238320000000 104860000000 7.78073 0 0.06394 0.74056 0.68736 13.9085 2.83043 9.79381 0.80224 0.39261 7.07834 0.34433 14.6735 0.4205 400100000000 133500000000
 0.8700   570584 0.8800   579041      1       -1       -1       -1  0 3.43200e+11 3.43200e+11 150.999000 14.386000 97.710000  1 0.4200 129.140000 44.99730 14.49785 22.09511 87.520 75.050 -6.760 1.106e+11 -2.141e+11 4.223e+11 0.07779 356683 356683 679057 3702 75 356669 356728 14.3864 343190000000 343190000000 285990000000 219260000000 85797000000 15.461 0 0.07194 0.67218 0.58463 14.2431 13.1829 15.8488 0.74933 0.34996 -0.48256 13.0346 15.5008 0.4216 403700000000 181100000000
 0.8600   562128 0.8700   570584      1       -1       -1       -1  0 3.36833e+11 3.43200e+11 151.585000 12.953000 94.650000  1 0.4200 132.970000 44.98827 14.48634 22.10005 86.420 74.300 -6.670 1.107e+11 -2.126e+11 4.219e+11 0.07789 356684 356684 679057 4741 74 356669 356728 12.9527 343190000000 343190000000 276460000000 219260000000 47665000000 17.2384 0 0.07207 0.5994 0.4504 16.9795 7.56243 19.6601 0.53146 0.21922 15.2084 3.97539 14.1739 0.4057 436100000000 162100000000
 0.8500   553691 0.8600   562128      1       -1       -1       -1  0 3.24133e+11 3.24100e+11 149.298000 13.231000 91.630000  1 0.4200 129.850000 44.97382 14.47846 22.10259 79.530 74.180 -8.580 1.420e+11 -1.256e+11 3.490e+11 0.07325 356685 356685 679057 4716 73 356669 356728 13.2306 324120000000 343190000000 266920000000 219260000000 85797000000 15.4732 0 0.06514 0.85857 0.59617 10.148 8.09901 15.4077 0.8303 0.23889 4.8337 15.827 9.83859 0.3758 405000000000 162100000000
 0.8400   545188 0.8500   553691      1       -1       -1       -1  0 3.17767e+11 3.05100e+11 146.871000 13.497000 92.680000  1 0.4200 126.690000 44.95339 14.46262 22.10445 77.830 68.870 -10.010 7.389e+10 -5.240e+10 1.952e+11 0.04428 356686 356686 679057 4747 72 356669 356728 13.4967 305060000000 343190000000 276460000000 209730000000 66731000000 9.17006 0 0.0392 0.53575 0.38257 4.10347 16.5219 -10.3898 0.39979 0.09977 5.93776 15.2827 -11.1575 0.3861 356700000000 162100000000
 0.8300   536672 0.8400   545188      1       -1       -1       -1  0 3.17767e+11 3.24100e+11 150.438000 16.626000 91.080000  1 0.4200 124.600000 44.94929 14.43428 22.08661 77.850 72.890 -7.670 1.402e+11 -1.234e+11 3.547e+11 0.06877 356687 356687 679057 4741 71 356669 356728 16.6259 324120000000 343190000000 276460000000 181130000000 0 15.805 0 0.06629 0.9092 0.45153 4.70057 29.8135 1.81056 0.55925 0.23975 4.28394 30.034 6.88371 0.409 333200000000 171600000000
 0.8200   528077 0.8300   536672      1       -1       -1       -1  0 3.11400e+11 3.24100e+11 151.004000 22.247000 86.360000  1 0.4200 118.290000 44.93626 14.42268 22.08764 76.900 72.310 -7.240 1.410e+11 -1.220e+11 3.589e+11 0.06914 356688 356688 679057 3726 70 356669 356728 22.2474 324120000000 324120000000 276460000000 181130000000 0 16.0003 0 0.06716 0.79768 0.40778 -0.77684 -11.4313 34.1832 0.90005 0.35489 4.32684 27.2492 -5.91047 0.3868 348600000000 200200000000
 0.8100   519437 0.8200   528077      1       -1       -1       -1  0 3.01900e+11 2.86000e+11 145.374000 16.197000 82.480000  1 0.4200 120.320000 44.92516 14.43855 22.09886 69.970 65.200 -7.780 7.780e+10 -1.501e+10 1.541e+11 0.03984 356689 356689 679057 4782 69 356669 356728 16.1966 285990000000 305060000000 266920000000 200190000000 19066000000 13.9254 0 0.03559 0.54502 0.50389 2.86023 -20.2777 27.7312 0.51431 0.38944 1.18744 -19.5321 25.2631 0.3395 345700000000 162100000000
 0.8000   510759 0.8100   519437      1       -1       -1       -1  0 3.01900e+11 2.86000e+11 145.912000 13.830000 81.800000  1 0.4200 125.210000 44.91776 14.42572 22.10735 69.070 65.030 -7.060 7.715e+10 -1.997e+10 1.577e+11 0.04057 356690 356690 679057 3784 68 356669 356728 13.8297 285990000000 305060000000 266920000000 238320000000 0 9.47432 0 0.03645 0.5851 0.28006 -1.74117 -15.3317 37.643 0.4412 0.23787 6.96144 -5.56088 33.9436 0.3362 362800000000 104900000000
 0.7900   502116 0.8000   510759      1       -1       -1       -1  0 3.01900e+11 2.66900e+11 143.118000 14.528000 84.560000  1 0.4200 121.030000 44.89675 14.42521 22.08939 72.220 69.580 -5.900 5.383e+10 -6.673e+10 1.449e+11 0.03986 356691 356691 679057 4806 67 356669 356728 14.528 266920000000 305060000000 266920000000 171590000000 9533000000 26.6371 5.01 0.03914 0.49564 0.14757 13.5822 -16.0095 37.6016 0.20207 0 29.2692 8.20484 7.19168 0.4 350200000000 95330000000
 0.7800   493480 0.7900   502116      1       -1       -1       -1  0 3.01900e+11 2.76500e+11 145.328000 21.014000 84.810000  1 0.4200 114.560000 44.87910 14.41415 22.07795 68.970 63.220 -5.960 6.586e+10 -3.924e+10 1.448e+11 0.03486 356692 356692 679057 3801 66 356669 356728 21.0138 276460000000 295520000000 266920000000 142990000000 9533000000 40.2513 0 0.03609 0.4729 0.06158 9.4719 -12.592 31.648 0.46897 0 -6.26406 12.573 2.30241 0.419 309700000000 171600000000
 0.7700   484807 0.7800   493480      1       -1       -1       -1  0 3.01900e+11 2.86000e+11 147.509000 16.732000 85.010000  1 0.4200 122.050000 44.87535 14.39752 22.10631 66.860 61.700 -8.500 6.155e+10 -5.580e+10 1.502e+11 0.03835 356693 356693 679057 4842 65 356669 356728 16.7318 285990000000 295520000000 266920000000 219260000000 9533000000 15.6726 0 0.0359 0.51588 0.30049 15.1127 -17.4702 35.2793 0.45062 0.17888 26.3258 -9.8743 25.8025 0.3627 329000000000 152500000000
 0.7600   476108 0.7700   484807      1       -1       -1       -1  0 3.01900e+11 2.86000e+11 148.034000 15.139000 83.210000  1 0.4200 125.390000 44.86548 14.38149 22.10671 65.610 61.260 -8.110 6.016e+10 -5.593e+10 1.484e+11 0.03901 356694 356694 679057 4845 64 356669 356728 15.139 285990000000 295520000000 285990000000 200190000000 0 13.8673 0 0.03564 0.56688 0.13077 17.5865 -11.7063 36.6211 0.55655 0.22302 13.1328 -9.14221 33.1487 0.3406 315800000000 152500000000
 0.7500   467373 0.7600   476108      1       -1       -1       -1  0 3.01900e+11 2.95500e+11 150.189000 19.469000 78.330000  1 0.4200 121.280000 44.86107 14.34419 22.10203 66.790 61.520 -10.130 5.172e+10 -7.402e+10 1.923e+11 0.04683 356695 356695 679057 4907 63 356669 356728 19.4693 295520000000 314590000000 266920000000 200190000000 0 17.248 0 0.04248 0.47126 0.28665 13.8622 2.11985 31.2457 0.0414 0.00094 14.3545 7.87226 41.0059 0.3031 325300000000 190700000000
 0.7400   458575 0.7500   467373      1       -1       -1       -1  0 3.01900e+11 2.76500e+11 147.401000 13.035000 79.140000  1 0.4200 129.410000 44.82343 14.33407 22.12261 66.680 61.620 -10.790 5.002e+10 -9.791e+10 1.416e+11 0.04601 356696 356696 679057 4872 62 356669 356728 13.0355 276460000000 295520000000 276460000000 219260000000 0 12.7875 0 0.04026 0.64638 0.47197 11.7343 -6.62196 38.0428 0.56369 0.45742 4.77001 -6.48305 38.4517 0.2979 355400000000 95330000000
 0.7300   449748 0.7400   458575      1       -1       -1       -1  0 3.01900e+11 2.76500e+11 147.910000 13.808000 82.510000  1 0.4200 128.450000 44.81459 14.32368 22.12218 63.070 60.140 -7.640 1.969e+10 -4.816e+10 1.504e+11 0.04193 356697 356697 679057 3841 61 356669 356728 13.808 276460000000 285990000000 257390000000 219260000000 47665000000 12.9706 0 0.03592 0.7413 0.61482 2.25444 -9.75068 30.3993 0.59379 0.02798 25.9786 -4.49167 6.82179 0.3049 345400000000 114400000000
 0.7200   440901 0.7300   449748      1       -1       -1       -1  0 3.01900e+11 2.76500e+11 148.416000 14.312000 85.020000  1 0.4200 128.160000 44.80757 14.31297 22.13731 64.580 59.810 -9.230 4.885e+10 -9.571e+10 1.365e+11 0.04626 356698 356698 679057 4991 60 356669 356728 14.3117 276460000000 285990000000 257390000000 219260000000 38132000000 12.1534 0 0.03941 0.54173 0.40037 -11.1681 2.30294 24.8876 0.17418 0.04513 -13.6691 4.68403 28.2824 0.3148 326500000000 143000000000
 0.7100   431993 0.7200   440901      1       -1       -1       -1  0 3.01900e+11 2.76500e+11 148.917000 12.685000 86.520000  1 0.4200 132.610000 44.78355 14.29886 22.13259 63.500 58.930 -8.470 4.851e+10 -9.469e+10 1.333e+11 0.04650 356699 356699 679057 3883 59 356669 356728 12.685 276460000000 285990000000 247860000000 209730000000 76264000000 10.6873 0 0.0389 0.56826 0.32819 -11.19 6.04495 21.3598 0.54884 0.1426 -8.18131 6.59984 19.2171 0.3137 317300000000 143000000000
 0.7000   423019 0.7100   431993      1       -1       -1       -1  0 3.01900e+11 2.66900e+11 147.677000 9.901000 86.170000  1 0.4200 139.900000 44.78414 14.28019 22.12959 63.010 61.750 -7.670 8.007e+09 -6.419e+10 1.612e+11 0.05411 356700 356700 679057 5018 58 356669 356728 9.90092 266920000000 285990000000 247860000000 219260000000 142990000000 8.66865 1.53 0.04223 0.74361 0.6912 -0.31775 1.28661 18.8854 0.73049 0.42596 2.75515 6.28076 16.3447 0.2839 344200000000 114400000000
 0.6900   414024 0.7000   423019      1       -1       -1       -1  0 3.01900e+11 2.57400e+11 146.379000 9.901000 86.630000  1 0.4200 138.660000 44.76997 14.26987 22.12760 61.850 60.680 -7.090 -1.616e+09 -5.596e+10 1.447e+11 0.05161 356701 356701 679057 5032 57 356669 356728 9.9015 257390000000 266920000000 257390000000 200190000000 114400000000 6.2927 0 0.04031 0.48804 0.41244 8.64585 -1.64688 18.19 0.43524 0.33104 8.11606 -0.65692 16.9699 0.2915 302700000000 114400000000
 0.6800   405019 0.6900   414024      1       -1       -1       -1  0 3.01900e+11 2.57400e+11 146.857000 12.819000 79.750000  1 0.4200 130.900000 44.74691 14.25388 22.12735 64.430 57.350 -5.330 3.148e+10 -5.527e+10 1.365e+11 0.04992 356702 356702 679057 4991 56 356669 356728 12.8194 257390000000 266920000000 257390000000 219260000000 76264000000 5.93551 0 0.03934 0.66452 0.5847 0.96936 -7.24913 17.189 0.51898 0.31267 5.20615 -1.33718 16.9428 0.2597 303900000000 114400000000
 0.6700   396036 0.6800   405019      1       -1       -1       -1  0 3.01900e+11 2.57400e+11 147.329000 17.399000 71.530000  1 0.4200 123.170000 44.72777 14.23921 22.13580 63.120 55.980 -5.200 2.949e+10 -5.472e+10 1.342e+11 0.04644 356703 356703 679057 5044 55 356669 356728 17.3986 257390000000 266920000000 247860000000 190660000000 38132000000 13.179 0 0.03887 0.77925 0.54071 -3.25559 -2.30628 21.185 0.43111 0.14022 -5.57586 5.40277 16.0251 0.2417 287100000000 162100000000
 0.6600   387104 0.6700   396036      1       -1       -1       -1  0 3.01900e+11 2.47900e+11 145.950000 15.328000 68.000000  1 0.4200 125.420000 44.71141 14.23078 22.13733 62.600 56.150 -3.750 5.863e+10 -7.529e+10 1.399e+11 0.05642 356704 356704 679057 5024 54 356669 356728 15.3282 247860000000 247860000000 247860000000 219260000000 38132000000 14.5 0 0.04767 0.62477 0.51384 1.87303 -1.42558 27.9774 0.33066 0.21071 8.51561 -6.36151 23.1915 0.2298 297800000000 114400000000
 0.6500   378070 0.6600   387104      1       -1       -1       -1  0 3.01900e+11 2.47900e+11 146.407000 20.278000 67.830000  1 0.4200 119.320000 44.69956 14.21482 22.13569 59.710 53.460 -6.010 4.224e+10 -8.379e+10 1.104e+11 0.04820 356705 356705 679057 3991 53 356669 356728 20.2783 247860000000 285990000000 247860000000 162060000000 76264000000 12.1114 0 0.04104 0.43168 0.37917 9.30483 7.92972 26.0819 0.48378 0.17286 12.5499 8.78087 18.4996 0.2304 258800000000 143000000000
 0.6400   368994 0.6500   378070      1       -1       -1       -1  0 3.01900e+11 2.76500e+11 152.304000 28.275000 68.320000  1 0.4200 118.560000 44.68278 14.20646 22.11167 57.140 54.900 -5.610 8.057e+10 -4.967e+10 1.091e+11 0.03888 356706 356706 679057 3949 52 356669 356728 28.2753 276460000000 276460000000 238320000000 162060000000 38132000000 4.03379 0 0.03431 0.5141 0.25341 -5.39443 -9.76162 39.5905 0.33915 0.09737 -8.50417 -5.31422 37.2909 0.2266 263300000000 228800000000
 0.6300   359880 0.6400   368994      1       -1       -1       -1  0 3.01900e+11 2.66900e+11 150.991000 27.308000 68.380000  1 0.4200 118.390000 44.66891 14.18807 22.11716 58.490 55.290 -4.640 5.463e+10 6.714e+09 1.187e+11 0.03817 356707 356707 679057 5052 51 356669 356728 27.3075 266920000000 276460000000 238320000000 152530000000 76264000000 7.07975 0 0.03316 0.535 0.22576 -4.54056 5.92365 26.3753 0.56401 0.04743 -7.27232 3.80017 20.8931 0.2228 253700000000 200200000000
 0.6200   350776 0.6300   359880      1       -1       -1       -1  0 3.01900e+11 2.66900e+11 151.444000 25.471000 65.560000  1 0.4200 120.530000 44.64681 14.18030 22.11904 57.260 54.690 -6.880 5.310e+10 4.893e+09 1.149e+11 0.03736 356708 356708 679057 5080 50 356669 356728 25.471 266920000000 276460000000 247860000000 152530000000 66731000000 9.00596 1.52 0.03231 0.97326 0.42808 -8.14062 9.55961 29.1968 0.51066 0.29409 -13.0721 6.6961 22.6669 0.2059 246400000000 190700000000
 0.6100   341647 0.6200   350776      1       -1       -1       -1  0 3.01900e+11 2.66900e+11 151.891000 22.387000 65.200000  1 0.4200 124.080000 44.63596 14.16448 22.12107 56.190 54.930 -6.160 5.338e+10 6.345e+09 1.108e+11 0.03655 356709 356709 679057 5064 49 356669 356728 22.3873 266920000000 266920000000 247860000000 152530000000 57198000000 8.45871 0 0.03163 0.61045 0.31722 22.764 16.4502 -4.29818 0.91529 0.14079 16.8746 11.6183 1.25274 0.2025 248600000000 152500000000
 0.6000   332504 0.6100   341647      1       -1       -1       -1  0 3.01900e+11 2.95500e+11 157.589000 19.859000 68.500000  1 0.4200 133.100000 44.61590 14.12168 22.12641 56.450 51.610 -4.530 5.628e+10 -3.163e+10 1.842e+11 0.04836 356710 356710 679057 637 48 356669 356728 19.8587 295520000000 295520000000 266920000000 133460000000 76264000000 12.9719 0 0.0426 0.59519 0.36896 35.2962 -4.7782 10.5679 0.13247 0.10734 29.3192 -15.8164 11.7094 0.2057 273500000000 133500000000
 0.5900   323337 0.6000   332504      1       -1       -1       -1  0 3.01900e+11 3.05100e+11 159.720000 28.048000 67.340000  1 0.4200 127.740000 44.59439 14.10498 22.12395 57.090 49.790 -5.660 4.888e+10 -7.114e+10 2.094e+11 0.05365 356711 356711 679057 5180 47 356669 356728 28.0476 305060000000 305060000000 247860000000 152530000000 47665000000 11.0606 0 0.04721 0.95837 0.49472 -16.7197 25.614 9.52999 0.69169 0.19741 12.9511 -10.469 20.9251 0.1945 276800000000 200200000000
 0.5800   314100 0.5900   323337      1       -1       -1       -1  0 2.98733e+11 3.05100e+11 160.168000 34.834000 66.590000  1 0.4200 124.840000 44.58724 14.10465 22.11753 56.320 48.580 -6.330 7.090e+10 -8.534e+10 2.151e+11 0.05791 356712 356712 679057 5166 46 356669 356728 34.8345 305060000000 305060000000 276460000000 152530000000 28599000000 5.69631 0 0.05081 0.82564 0.45293 12.6542 14.1624 14.0366 0.07976 0.00318 22.8236 3.41671 0.53137 0.1881 269800000000 276500000000
 0.5700   304865 0.5800   314100      1       -1       -1       -1  0 2.89200e+11 2.86000e+11 157.192000 21.746000 71.720000  1 0.4200 132.130000 44.56166 14.09042 22.11963 57.440 47.500 -4.660 8.194e+09 -7.081e+10 1.834e+11 0.05485 356713 356713 679057 5144 45 356669 356728 21.7463 285990000000 295520000000 266920000000 190660000000 38132000000 8.11575 0 0.04633 0.46691 0.29049 12.1586 24.378 31.8952 0.34903 0.27247 4.76726 16.3469 33.0012 0.2016 268800000000 190700000000
 0.5600   295615 0.5700   304865      1       -1       -1       -1  0 2.79667e+11 2.76500e+11 155.846000 14.938000 79.030000  1 0.4200 142.010000 44.54022 14.07632 22.12384 56.270 46.440 -4.260 -1.755e+09 -6.290e+10 1.769e+11 0.05710 356714 356714 679057 5152 44 356669 356728 14.9377 276460000000 276460000000 266920000000 190660000000 47665000000 10.1301 0 0.04714 0.22786 0.192 21.404 27.5417 31.5825 0.35776 0.27423 14.8083 25.5856 26.222 0.2313 309200000000 143000000000
 0.5500   286360 0.5600   295615      1       -1       -1       -1  0 2.76500e+11 2.76500e+11 156.259000 15.056000 75.810000  1 0.4200 142.940000 44.52782 14.05210 22.12441 54.520 45.490 -3.930 1.182e+10 -8.586e+10 1.703e+11 0.05913 356715 356715 679057 5148 43 356669 356728 15.0559 276460000000 276460000000 266920000000 228790000000 47665000000 5.96896 0 0.04834 0.32969 0.24867 17.7398 26.0235 24.1047 0.35325 0.04653 13.9144 18.3799 20.1074 0.2118 317600000000 133500000000
 0.5400   277140 0.5500   286360      1       -1       -1       -1  0 2.76500e+11 2.76500e+11 156.665000 15.577000 69.500000  1 0.4200 143.060000 44.49851 14.03640 22.12951 54.820 44.170 -4.260 1.391e+10 -8.386e+10 1.666e+11 0.05796 356716 356716 679057 5151 42 356669 356728 15.5771 276460000000 276460000000 266920000000 228790000000 0 9.93884 1.3 0.0477 0.33049 0.27331 33.7009 23.6133 29.2257 0.26177 0.13295 18.8405 14.871 37.2025 0.1863 317000000000 95330000000
 0.5300   267901 0.5400   277140      1       -1       -1       -1  0 2.73300e+11 2.76500e+11 157.063000 17.887000 67.430000  1 0.4200 140.050000 44.47699 14.01261 22.12943 53.110 44.200 -5.440 1.373e+10 -8.468e+10 1.628e+11 0.05683 356717 356717 679057 5172 41 356669 356728 17.8869 276460000000 276460000000 266920000000 209730000000 47665000000 7.74448 0 0.04731 0.73403 0.24596 33.3108 0.32676 6.24138 0.0248 0 30.2794 -12.7973 -13.1947 0.1805 314500000000 114400000000
 0.5200   258670 0.5300   267901      1       -1       -1       -1  0 2.66933e+11 2.66900e+11 155.623000 20.681000 60.630000  1 0.4200 135.330000 44.45006 13.98943 22.13699 51.980 45.230 -4.380 5.319e+09 -5.324e+10 1.118e+11 0.04097 356718 356718 679057 4054 40 356669 356728 20.6815 266920000000 276460000000 266920000000 209730000000 28599000000 12.4735 0 0.03408 0.5874 0.3995 30.0397 22.1059 13.1186 0.25903 0.15105 23.758 19.1471 16.891 0.1496 275600000000 152500000000
 0.5100   249386 0.5200   258670      1       -1       -1       -1  0 2.60567e+11 2.57400e+11 154.121000 18.289000 62.200000  1 0.4200 137.890000 44.44168 13.96800 22.12451 51.330 45.240 -4.660 1.294e+10 -5.276e+10 9.749e+10 0.03929 356719 356719 679057 4006 39 356669 356728 18.289 257390000000 257390000000 257390000000 219260000000 0 7.97043 0 0.03287 0.23675 0.07669 42.1056 24.9512 -0.2888 0.05095 0 33.3591 20.48 -7.54008 0.1586 285500000000 114400000000
 0.5000   240215 0.5100   249386      1       -1       -1       -1  0 2.57400e+11 2.57400e+11 154.487000 19.343000 63.150000  1 0.4200 137.610000 44.41745 13.95245 22.13274 50.810 43.500 -5.030 1.359e+10 -5.255e+10 9.593e+10 0.03866 356720 356720 679057 4049 38 356669 356728 19.3434 257390000000 257390000000 257390000000 209730000000 0 7.64723 0 0.03274 0.25527 0.18227 45.2623 24.0058 -13.7871 0.09294 0 37.879 6.95179 -8.46012 0.1656 268700000000 123900000000
 0.4900   231034 0.5000   240215      1       -1       -1       -1  0 2.51033e+11 2.57400e+11 154.845000 21.715000 61.720000  1 0.4200 135.870000 44.39265 13.93287 22.13935 49.250 40.180 -6.220 -6.930e+09 -4.262e+10 9.768e+10 0.03757 356721 356721 679057 5161 37 356669 356728 21.7149 257390000000 257390000000 257390000000 190660000000 9533000000 4.31759 0 0.03201 0.46089 0.13009 46.1642 19.2266 -7.20608 0.14796 0.00617 48.4237 0.49431 -11.9267 0.1611 247600000000 162100000000
 0.4800   221886 0.4900   231034      1       -1       -1       -1  0 2.44667e+11 2.38300e+11 151.263000 22.717000 57.410000  1 0.4200 132.010000 44.37394 13.91646 22.13276 48.530 38.280 -6.470 1.166e+10 -2.014e+10 7.945e+10 0.03402 356722 356722 679057 5153 36 356669 356728 22.7171 238320000000 238320000000 228790000000 181130000000 9533000000 8.20242 0 0.02847 0.88224 0.31927 -22.8147 14.3244 21.3092 0.69505 0.12194 22.6502 -14.6338 -15.5058 0.1405 225100000000 162100000000
 0.4700   212751 0.4800   221886      1       -1       -1       -1  0 2.31967e+11 2.38300e+11 151.595000 16.853000 57.670000  1 0.4200 141.270000 44.35776 13.88580 22.15294 47.880 35.890 -5.740 1.351e+10 -2.137e+10 7.669e+10 0.03322 356723 356723 679057 5174 35 356669 356728 16.853 238320000000 238320000000 200190000000 152530000000 0 18.8684 1.73 0.02803 0.58753 0.32114 7.12332 20.6234 35.0012 0.48562 0.12327 -16.9128 3.71662 34.7735 0.143 229400000000 143000000000
 0.4600   203633 0.4700   212751      1       -1       -1       -1  0 2.28800e+11 2.19300e+11 147.754000 24.669000 56.590000  1 0.4200 128.540000 44.30623 13.87079 22.15039 46.880 36.580 -10.060 3.037e+10 -3.800e+09 6.319e+10 0.03234 356724 356724 679057 3976 34 356669 356728 24.6689 219260000000 219260000000 181130000000 152530000000 0 11.6204 0 0.02828 0.67835 0.19489 -4.62332 35.9988 17.3282 0.62929 0.07309 6.4682 35.7177 10.9757 0.1521 193000000000 162100000000
 0.4500   194588 0.4600   203633      1       -1       -1       -1  0 2.19267e+11 2.28800e+11 150.176000 30.590000 55.140000  1 0.4200 127.840000 44.30106 13.86867 22.16151 44.160 34.210 -7.990 4.829e+10 -1.370e+10 8.218e+10 0.03865 356725 356725 679057 3954 33 356669 356728 30.5902 228790000000 228790000000 228790000000 152530000000 0 18.2335 0 0.03649 0.15126 0.01707 36.2846 67.5641 20.7144 0.44635 0.01896 29.7123 46.8496 15.3648 0.1618 205500000000 181100000000
 0.4400   185529 0.4500   194588      1       -1       -1       -1  0 2.09700e+11 2.09700e+11 146.176000 26.100000 50.990000  1 0.4200 127.870000 44.25613 13.83317 22.15712 45.290 34.830 -6.380 4.434e+10 -1.545e+10 7.777e+10 0.04172 356726 356726 679057 5056 32 356669 356728 26.1001 209730000000 209730000000 209730000000 0 0 6.39825 0 0.04021 0.37452 0.13998 35.0471 52.2639 17.6579 0 0 0 0 0 0.1537 193600000000 152500000000
 0.4300   176512 0.4400   185529      1       -1       -1       -1  0 2.09700e+11 1.23900e+11 122.902000 15.767000 37.270000  1 0.4200 114.890000 44.30538 13.86859 22.19480 19.230 28.450 -11.170 1.812e+10 1.436e+10 -1.046e+10 0.02877 356727 356727 679057 3906 31 356669 356728 15.7666 123930000000 123930000000 114400000000 19066000000 9533000000 4.6879 2.31 0.02728 0.39614 0.04292 22.5887 -16.6719 0.98322 0 0 0 0 0 0.0932 145000000000 38130000000
 0.4200   167549 0.4300   176512      0       -1       -1       -1  0 2.09700e+11 2.09700e+11 146.735000 39.728000 48.220000  1 0.4200 124.080000 44.20451 13.79530 22.16481 40.390 30.660 -5.570 4.449e+10 -1.661e+10 7.745e+10 0.03889 356728 356728 679057 3878 30 356669 356728 39.7279 209730000000 209730000000 200190000000 0 0 7.7825 1.66 0.04108 0.31716 0.15428 64.7382 66.9543 19.1693 0 0 0 0 0 0.1692 178900000000 209700000000
