 1.0000   680145 0.0000       -1      1       -1       -1       -1  0 4.60767e+11 4.19400e+11 153.143000 21.804000 103.370000  1 0.3200 121.750000 32.52058 33.20114 40.65053 -123.170 108.860 14.090 2.357e+11 1.706e+10 9.607e+10 0.02432 325179 325179 680145 5660 88 325178 325247 21.8038 419450000000 467120000000 333650000000 257390000000 28599000000 15.8889 0 0.02587 0.65897 0.3314 14.8606 -13.3407 0.09553 0.52378 0.31442 -10.9878 13.8472 -2.90261 0.4996 446300000000 266900000000
 0.9900   672017 1.0000   680145      1       -1       -1       -1  0 4.60767e+11 4.29000e+11 154.944000 24.261000 102.820000  1 0.3200 120.970000 32.52915 33.19577 40.65093 -122.830 109.760 14.200 2.341e+11 2.877e+10 5.974e+10 0.02206 325180 325180 680145 5553 87 325178 325247 24.2609 428980000000 467120000000 333650000000 247860000000 19066000000 18.5287 0 0.02384 0.53572 0.30202 -24.2409 24.5827 2.00581 0.27175 0.22184 -19.2772 23.7879 -2.30877 0.4984 451700000000 295500000000
 0.9800   663599 0.9900   672017      1       -1       -1       -1  0 4.60767e+11 4.48100e+11 157.865000 20.070000 104.870000  1 0.3200 127.900000 32.54642 33.17547 40.64417 -124.210 109.260 14.730 2.968e+11 7.441e+10 -3.629e+10 0.02684 325181 325181 680145 5571 86 325178 325247 20.0697 448050000000 467120000000 343190000000 247860000000 19066000000 8.20064 0 0.02816 0.76135 0.37717 23.0961 -11.3175 -2.15274 0.34517 0.02761 -13.5956 17.1562 -7.09034 0.4821 479000000000 257400000000
 0.9700   655221 0.9800   663599      1       -1       -1       -1  0 4.60767e+11 4.48100e+11 158.523000 23.406000 108.000000  1 0.3200 124.750000 32.56260 33.15893 40.64178 -119.870 106.430 14.330 2.913e+11 6.985e+10 -2.606e+10 0.02666 325182 325182 680145 4640 85 325178 325247 23.4064 448050000000 467120000000 343190000000 266920000000 47665000000 6.0702 3.49 0.02757 0.56527 0.23604 27.2386 -17.042 1.40154 0.72725 0.21433 18.5826 -14.8877 1.78645 0.4886 483000000000 286000000000
 0.9600   646883 0.9700   655221      1       -1       -1       -1  0 4.60767e+11 4.48100e+11 159.180000 20.636000 111.050000  1 0.3200 128.210000 32.59044 33.14556 40.64628 -118.040 105.580 14.350 2.910e+11 7.191e+10 -3.532e+10 0.02771 325183 325183 680145 5635 84 325178 325247 20.6356 448050000000 467120000000 352720000000 276460000000 85797000000 11.8912 3.81 0.02776 0.72224 0.34952 -19.547 5.21526 19.392 0.48369 0.24371 17.6175 -14.0234 -13.7269 0.4856 489800000000 286000000000
 0.9500   638558 0.9600   646883      1       -1       -1       -1  0 4.60767e+11 4.48100e+11 159.836000 17.745000 113.670000  1 0.3200 132.720000 32.59276 33.12669 40.65352 -119.640 107.050 13.760 2.820e+11 6.140e+10 -3.217e+10 0.02577 325184 325184 680145 5600 83 325178 325247 17.7449 448050000000 467120000000 362250000000 276460000000 38132000000 18.3858 0 0.02679 0.463 0.30489 -14.1845 4.88704 14.6786 0.24774 0.07344 -17.8072 7.31423 18.6264 0.5147 512500000000 266900000000
 0.9400   630242 0.9500   638558      1       -1       -1       -1  0 4.60767e+11 4.48100e+11 160.491000 15.566000 116.610000  1 0.3200 137.140000 32.61843 33.12457 40.64428 -115.600 104.840 13.870 2.009e+11 -1.186e+10 -4.704e+10 0.01882 325185 325185 680145 5602 82 325178 325247 15.566 448050000000 467120000000 409920000000 276460000000 38132000000 11.8204 0 0.01913 0.47752 0.32907 -21.5848 5.24188 22.9341 0.21161 0.07137 -22.5757 12.6902 24.0402 0.5153 528200000000 247900000000
 0.9300   621916 0.9400   630242      1       -1       -1       -1  0 4.60767e+11 4.48100e+11 161.145000 17.011000 116.850000  1 0.3200 135.040000 32.62860 33.10427 40.64159 -113.820 103.720 13.510 1.985e+11 -1.024e+10 -3.913e+10 0.01916 325186 325186 680145 5627 81 325178 325247 17.0106 448050000000 467120000000 409920000000 305060000000 85797000000 11.4091 0 0.01882 0.50224 0.30952 -18.7427 6.91023 19.9884 0.31466 0.11778 20.9016 -9.97938 -19.3822 0.4983 523000000000 247900000000
 0.9200   613571 0.9300   621916      1       -1       -1       -1  0 4.60767e+11 4.48100e+11 161.797000 16.295000 116.060000  1 0.3200 136.900000 32.64122 33.09380 40.63687 -112.700 102.610 10.880 1.545e+11 1.749e+10 6.413e+09 0.01532 325187 325187 680145 5648 80 325178 325247 16.2951 448050000000 476650000000 409920000000 305060000000 123930000000 11.9192 0 0.0145 0.73344 0.45321 23.1641 -12.1823 -10.7665 0.59133 0.18602 -16.6045 5.30623 19.4532 0.4751 551600000000 247900000000
 0.9100   605197 0.9200   613571      1       -1       -1       -1  0 4.60767e+11 4.48100e+11 162.448000 14.315000 116.110000  1 0.3200 141.640000 32.64908 33.07968 40.63287 -111.340 101.820 10.400 1.522e+11 1.514e+10 5.684e+09 0.01546 325188 325188 680145 5665 79 325178 325247 14.3147 448050000000 467120000000 428980000000 343190000000 104860000000 8.45618 0 0.01431 0.77767 0.62858 21.4548 -18.8861 0.57114 0.69227 0.50147 22.8906 -10.4481 4.82508 0.4632 579600000000 228800000000
 0.9000   596823 0.9100   605197      1       -1       -1       -1  0 4.60767e+11 4.57600e+11 164.246000 13.876000 118.250000  1 0.3200 144.580000 32.65684 33.06676 40.63861 -110.130 101.740 10.770 1.543e+11 -5.371e+10 2.297e+08 0.01583 325189 325189 680145 5656 78 325178 325247 13.8756 457580000000 467120000000 428980000000 343190000000 104860000000 14.1273 0.73 0.0148 0.70334 0.56936 -8.04229 18.376 -8.34655 0.7219 0.4861 9.076 -11.9209 8.86405 0.4734 589500000000 171600000000
 0.8900   588411 0.9000   596823      1       -1       -1       -1  0 4.60767e+11 4.57600e+11 164.898000 14.251000 124.870000  1 0.3200 144.320000 32.67484 33.05659 40.62772 -106.800 97.890 9.670 1.587e+11 2.758e+10 8.160e+10 0.01782 325190 325190 680145 5682 77 325178 325247 14.2508 457580000000 467120000000 419450000000 333650000000 133460000000 1.91155 0 0.01642 0.6021 0.46718 -7.17997 20.9762 -9.08828 0.60337 0.47168 -6.33265 15.6767 -8.83218 0.4916 546800000000 228800000000
 0.8800   580031 0.8900   588411      1       -1       -1       -1  0 4.60767e+11 4.57600e+11 165.548000 14.846000 126.660000  1 0.3200 143.590000 32.68927 33.04313 40.62629 -105.310 96.880 9.230 1.565e+11 2.612e+10 8.123e+10 0.01714 325191 325191 680145 5684 76 325178 325247 14.8463 457580000000 467120000000 438520000000 314590000000 171590000000 2.17446 0 0.01627 0.7931 0.30402 -5.67514 21.0218 -9.72907 0.64139 0.12784 -4.94901 -9.16128 17.0089 0.513 547800000000 228800000000
 0.8700   571554 0.8800   580031      1       -1       -1       -1  0 4.57600e+11 4.67100e+11 167.342000 17.521000 119.210000  1 0.3200 140.150000 32.69996 33.02522 40.63274 -103.800 95.840 8.790 1.662e+11 -4.111e+10 8.236e+10 0.01711 325192 325192 680145 4723 75 325178 325247 17.5211 467120000000 467120000000 438520000000 333650000000 47665000000 12.2179 1.07 0.01682 0.72023 0.28726 -9.45738 32.8058 -10.1082 0.9143 0.24691 -6.72027 23.3212 -12.4678 0.4971 540400000000 257400000000
 0.8600   563089 0.8700   571554      1       -1       -1       -1  0 4.54433e+11 4.48100e+11 165.675000 16.639000 115.190000  1 0.3200 140.020000 32.71798 33.02831 40.60454 -101.700 93.910 9.810 1.983e+11 1.062e+11 1.127e+11 0.02453 325193 325193 680145 5763 74 325178 325247 16.6387 448050000000 467120000000 428980000000 305060000000 104860000000 21.496 0 0.02397 0.70359 0.36266 -19.7081 5.66046 21.2126 0.13276 0.08566 -23.4378 0.6681 24.4474 0.4833 519800000000 257400000000
 0.8500   554650 0.8600   563089      1       -1       -1       -1  0 4.54433e+11 4.48100e+11 166.313000 19.017000 112.540000  1 0.3200 136.700000 32.73290 33.01445 40.60429 -100.060 92.850 9.220 1.953e+11 1.032e+11 1.106e+11 0.02389 325194 325194 680145 5738 73 325178 325247 19.0169 448050000000 476650000000 400390000000 295520000000 47665000000 20.4718 0 0.02362 0.86931 0.42783 -21.1057 1.94718 24.3651 0.35305 0.22079 -16.9124 4.00586 27.3668 0.4773 533800000000 257400000000
 0.8400   546150 0.8500   554650      1       -1       -1       -1  0 4.54433e+11 4.57600e+11 168.125000 18.618000 108.730000  1 0.3200 139.150000 32.74889 32.98688 40.62086 -98.060 93.770 6.000 7.783e+10 -6.108e+10 7.853e+10 0.01226 325195 325195 680145 5791 72 325178 325247 18.6184 457580000000 476650000000 419450000000 324120000000 47665000000 4.47457 0 0.01171 0.92884 0.48902 -19.2986 24.7414 -9.19298 0.6917 0.20772 11.5024 23.7299 -23.1256 0.4379 526100000000 266900000000
 0.8300   537634 0.8400   546150      1       -1       -1       -1  0 4.54433e+11 4.48100e+11 167.583000 21.585000 107.590000  1 0.3200 134.550000 32.76061 32.99036 40.60450 -94.540 93.050 7.530 1.179e+11 6.014e+10 4.512e+10 0.01389 325196 325196 680145 5794 71 325178 325247 21.5849 448050000000 486180000000 371790000000 305060000000 57198000000 21.1906 0 0.01348 0.89329 0.47778 25.7434 -4.91554 -19.5712 0.44445 0.1704 -15.3194 -4.71238 24.5851 0.4403 470900000000 286000000000
 0.8200   529042 0.8300   537634      1       -1       -1       -1  0 4.41700e+11 4.57600e+11 169.399000 15.179000 108.470000  1 0.3200 147.080000 32.76645 32.96329 40.61730 -94.660 94.000 6.450 2.059e+10 -2.896e+10 8.140e+09 0.00364 325197 325197 680145 4781 70 325178 325247 15.1794 457580000000 486180000000 381320000000 285990000000 76264000000 11.4738 0 0.00341 0.87291 0.55594 -20.4178 21.7791 -0.01265 0.87484 0.59771 -13.3161 14.5385 11.6631 0.422 536700000000 247900000000
 0.8100   520398 0.8200   529042      1       -1       -1       -1  0 4.38500e+11 4.19400e+11 165.170000 17.972000 108.590000  1 0.3200 137.390000 32.77687 32.96891 40.61077 -84.390 89.400 9.050 9.577e+10 -6.725e+10 7.612e+10 0.01629 325198 325198 680145 5832 69 325178 325247 17.9724 419450000000 476650000000 381320000000 257390000000 114400000000 21.6985 0 0.01515 0.76276 0.4613 -17.1431 23.3903 -6.35596 0.62406 0.32439 -9.87518 20.6406 -10.7028 0.4282 445900000000 238300000000
 0.8000   511721 0.8100   520398      1       -1       -1       -1  0 4.28967e+11 4.38500e+11 168.256000 18.574000 106.650000  1 0.3200 139.620000 32.80239 32.93388 40.60449 -85.690 89.570 6.960 -1.167e+10 -1.591e+11 4.937e+10 0.01853 325199 325199 680145 4820 68 325178 325247 18.5735 438520000000 467120000000 362250000000 266920000000 123930000000 13.4583 0 0.0169 0.73342 0.54126 -13.1146 11.548 20.0357 0.56549 0.27779 -6.56582 5.60806 19.2938 0.4019 446400000000 238300000000
 0.7900   503080 0.8000   511721      1       -1       -1       -1  0 4.28967e+11 4.29000e+11 167.640000 23.558000 98.710000  1 0.3200 132.720000 32.81398 32.92223 40.60400 -84.430 85.010 6.940 4.905e+10 -8.547e+10 1.789e+10 0.01181 325200 325200 680145 5845 67 325178 325247 23.5576 428980000000 448050000000 381320000000 266920000000 104860000000 3.83981 1.72 0.01056 0.86088 0.62885 -12.676 20.4829 -8.07198 0.90047 0.70801 -11.8982 16.3889 1.26024 0.3574 437100000000 295500000000
 0.7800   494449 0.7900   503080      1       -1       -1       -1  0 4.16267e+11 4.19400e+11 166.994000 20.845000 95.540000  1 0.3200 135.360000 32.82660 32.90738 40.59837 -84.020 82.820 5.660 5.885e+10 -4.125e+10 3.399e+10 0.00969 325201 325201 680145 4822 66 325178 325247 20.8449 419450000000 438520000000 371790000000 276460000000 38132000000 10.0932 0 0.00874 0.7926 0.52162 1.85959 -22.4374 24.1658 0.19965 0.09306 -4.42325 -3.34096 37.2666 0.348 435400000000 266900000000
 0.7700   485768 0.7800   494449      1       -1       -1       -1  0 4.09900e+11 4.00400e+11 165.016000 19.257000 95.140000  1 0.3200 135.730000 32.85273 32.87906 40.58670 -81.440 83.460 5.360 8.881e+10 1.464e+10 -1.314e+10 0.01197 325202 325202 680145 5896 65 325178 325247 19.2565 400390000000 409920000000 371790000000 276460000000 0 15.9637 0 0.01086 0.40985 0.27376 -16.579 -0.76557 37.9271 0.14275 0.08369 -24.535 -1.41641 38.0051 0.3522 438000000000 238300000000
 0.7600   477067 0.7700   485768      1       -1       -1       -1  0 4.09900e+11 4.09900e+11 166.909000 24.914000 96.230000  1 0.3200 131.120000 32.85702 32.86331 40.61064 -81.890 82.980 4.890 4.265e+10 -8.507e+10 -2.846e+10 0.01314 325203 325203 680145 5910 64 325178 325247 24.9136 409920000000 448050000000 381320000000 247860000000 95330000000 9.56073 0 0.01146 0.92025 0.62764 -4.00741 -9.49796 15.4741 0.68678 0.30222 -7.98179 1.13482 16.6561 0.3347 414800000000 286000000000
 0.7500   468338 0.7600   477067      1       -1       -1       -1  0 4.09900e+11 4.09900e+11 167.498000 19.473000 95.230000  1 0.3200 138.230000 32.87637 32.83402 40.59749 -77.740 79.590 3.210 6.750e+10 -8.340e+08 3.703e+10 0.01016 325204 325204 680145 5931 63 325178 325247 19.4734 409920000000 419450000000 352720000000 276460000000 66731000000 11.7237 0 0.00892 0.61008 0.53374 -0.76386 23.6804 -5.5722 0.61603 0.3692 3.06062 21.4769 0.79665 0.332 433600000000 257400000000
 0.7400   459527 0.7500   468338      1       -1       -1       -1  0 4.00367e+11 4.09900e+11 168.083000 16.787000 97.630000  1 0.3200 143.520000 32.90298 32.83663 40.59696 -77.820 79.390 4.500 -3.777e+10 -8.751e+10 3.459e+10 0.01368 325205 325205 680145 5945 62 325178 325247 16.787 409920000000 419450000000 343190000000 276460000000 152530000000 9.63789 0 0.01181 0.73751 0.54344 -2.84926 20.9525 -10.9147 0.85257 0.44042 -10.5764 14.5833 -11.5412 0.3338 420400000000 219300000000
 0.7300   450706 0.7400   459527      1       -1       -1       -1  0 3.74967e+11 3.81300e+11 164.646000 13.196000 102.360000  1 0.3200 148.240000 32.92486 32.80749 40.58916 -72.650 76.670 2.540 -7.820e+10 -5.234e+10 1.886e+10 0.01515 325206 325206 680145 4906 61 325178 325247 13.196 381320000000 419450000000 324120000000 266920000000 171590000000 12.5056 2.52 0.01268 0.76055 0.60509 -9.74465 13.614 -2.1296 0.84862 0.48916 -9.39113 8.9315 -5.8207 0.3489 434500000000 190700000000
 0.7200   441858 0.7300   450706      1       -1       -1       -1  0 3.55900e+11 3.33700e+11 158.017000 12.348000 100.420000  1 0.3200 143.410000 32.94009 32.79264 40.58418 -71.060 76.220 -1.660 -9.080e+10 -1.386e+09 -8.350e+09 0.01861 325207 325207 680145 6002 60 325178 325247 12.3484 333650000000 400390000000 333650000000 247860000000 104860000000 12.3955 0 0.01512 0.87456 0.66126 6.71432 -8.617 14.485 0.74891 0.51265 6.14462 -5.32659 16.0455 0.344 414600000000 143000000000
 0.7100   432943 0.7200   441858      1       -1       -1       -1  0 3.49533e+11 3.52700e+11 161.515000 16.899000 91.830000  1 0.3200 137.240000 32.96129 32.77205 40.58570 -70.370 75.890 -1.460 -1.328e+11 -8.482e+10 1.478e+10 0.02773 325208 325208 680145 4954 59 325178 325247 16.8989 352720000000 371790000000 324120000000 238320000000 76264000000 16.6417 0 0.02406 0.89023 0.82883 7.40264 -8.69408 18.7649 0.59283 0.34551 -0.34737 -2.79544 22.559 0.3262 394300000000 200200000000
 0.7000   423969 0.7100   432943      1       -1       -1       -1  0 3.49533e+11 3.52700e+11 162.055000 23.831000 84.670000  1 0.3200 128.960000 32.97139 32.75232 40.57945 -68.020 75.340 -2.390 -1.732e+11 -1.471e+11 7.194e+09 0.03931 325209 325209 680145 6038 58 325178 325247 23.8307 352720000000 362250000000 295520000000 228790000000 47665000000 24.4355 0 0.03475 0.89887 0.82496 18.623 -1.65517 21.9652 0.74488 0.14486 26.091 2.99047 8.67461 0.2979 345100000000 247900000000
 0.6900   414975 0.7000   423969      1       -1       -1       -1  0 3.40000e+11 3.43200e+11 161.111000 22.188000 79.440000  1 0.3200 130.050000 32.96746 32.73232 40.59457 -64.850 74.950 -7.970 -1.793e+11 -7.051e+10 -3.259e+10 0.03609 325210 325210 680145 6053 57 325178 325247 22.1879 343190000000 362250000000 314590000000 238320000000 28599000000 10.3628 0 0.03142 0.80125 0.66998 -18.0241 3.67471 22.6502 0.61504 0.34511 20.9878 5.01852 -5.15656 0.2674 341700000000 200200000000
 0.6800   405969 0.6900   414975      1       -1       -1       -1  0 3.27300e+11 3.24100e+11 158.586000 16.690000 79.140000  1 0.3200 135.490000 32.99008 32.71734 40.57500 -59.540 70.040 -6.980 -1.546e+11 -5.279e+10 -3.878e+10 0.03509 325211 325211 680145 6053 56 325178 325247 16.6901 324120000000 343190000000 266920000000 219260000000 95330000000 28.5813 2.2 0.02988 0.78978 0.73197 17.5617 -13.8175 -14.4283 0.80774 0.61915 21.9281 -10.5563 -2.55231 0.2616 317200000000 162100000000
 0.6700   396973 0.6800   405969      1       -1       -1       -1  0 3.14600e+11 3.14600e+11 157.521000 12.822000 83.480000  1 0.3200 143.150000 33.00148 32.70702 40.59663 -55.790 69.430 -6.640 -1.394e+11 -1.988e+10 -7.414e+10 0.03555 325212 325212 680145 6019 55 325178 325247 12.8224 314590000000 343190000000 295520000000 190660000000 142990000000 16.6535 0 0.02993 0.51106 0.36143 -16.1659 16.8972 17.8243 0.57517 0.38258 17.2896 -16.7149 -8.02456 0.2749 356000000000 162100000000
 0.6600   388048 0.6700   396973      1       -1       -1       -1  0 3.11433e+11 3.05100e+11 156.409000 15.437000 88.070000  1 0.3200 136.260000 32.99427 32.68737 40.60146 -54.540 67.610 -6.560 -1.256e+11 1.101e+10 -7.254e+10 0.03304 325213 325213 680145 6044 54 325178 325247 15.4365 305060000000 305060000000 295520000000 190660000000 104860000000 11.4169 0 0.02897 0.48763 0.22254 -19.4137 10.0379 21.7381 0.33343 0.04336 -17.1642 5.09192 18.3083 0.3169 323900000000 171600000000
 0.6500   379013 0.6600   388048      1       -1       -1       -1  0 3.08267e+11 3.14600e+11 158.517000 22.618000 79.150000  1 0.3200 128.490000 33.01864 32.65601 40.61031 -53.930 65.660 -8.290 -7.766e+10 -5.515e+10 -1.294e+11 0.03539 325214 325214 680145 4959 53 325178 325247 22.6175 314590000000 314590000000 266920000000 219260000000 95330000000 2.65181 0 0.03059 0.76286 0.4426 -13.8614 7.50863 30.7538 0.85963 0.47626 -4.64482 9.56316 23.3103 0.2633 300100000000 219300000000
 0.6400   369937 0.6500   379013      1       -1       -1       -1  0 3.01900e+11 3.05100e+11 157.384000 19.970000 71.950000  1 0.3200 130.850000 33.02610 32.65236 40.60156 -55.560 63.490 -8.300 -8.065e+10 -2.963e+10 -5.814e+10 0.02468 325215 325215 680145 4993 52 325178 325247 19.9696 305060000000 324120000000 247860000000 209730000000 66731000000 7.5186 0 0.02092 0.74184 0.65203 -7.70733 24.5044 3.47015 0.63178 0.46117 -3.0438 23.8428 3.63314 0.2228 300000000000 190700000000
 0.6300   360826 0.6400   369937      1       -1       -1       -1  0 2.89167e+11 2.86000e+11 154.503000 18.889000 73.350000  1 0.3200 129.830000 33.03777 32.62283 40.59200 -51.840 61.340 -8.860 -5.389e+10 2.640e+09 -7.432e+10 0.02438 325216 325216 680145 6099 51 325178 325247 18.8887 285990000000 285990000000 228790000000 200190000000 76264000000 14.2428 0 0.02075 0.47211 0.34509 21.242 -13.3281 20.1805 0.36288 0.12291 12.9551 -11.3445 13.1093 0.2371 280700000000 171600000000
 0.6200   351725 0.6300   360826      1       -1       -1       -1  0 2.89167e+11 2.66900e+11 151.444000 60.271000 76.950000  1 0.3200 110.800000 33.13010 32.59279 40.64072 -52.840 56.870 -8.230 1.351e+10 -6.569e+10 -5.329e+10 0.01888 325217 325217 680145 6094 50 325178 325247 60.2711 266920000000 266920000000 200190000000 66731000000 9533000000 62.1756 2.05 0.02186 0.14775 0.00884 47.9288 -16.0368 18.6036 0.40903 0.01528 26.1586 0.52907 7.77574 0.3959 269800000000 381300000000
 0.6100   342601 0.6200   351725      1       -1       -1       -1  0 2.89167e+11 2.76500e+11 153.678000 22.506000 67.920000  1 0.3200 125.690000 33.07093 32.56959 40.59193 -48.800 59.870 -14.020 -3.355e+10 2.117e+10 -9.043e+10 0.02645 325218 325218 680145 6113 49 325178 325247 22.5058 276460000000 285990000000 266920000000 162060000000 19066000000 23.0923 0.44 0.02392 0.60942 0.22882 29.9511 -24.4661 -16.9378 0.7575 0.1612 25.8974 -21.2391 -11.7448 0.2302 262700000000 162100000000
 0.6000   333465 0.6100   342601      1       -1       -1       -1  0 2.89167e+11 2.95500e+11 157.589000 37.268000 64.080000  1 0.3200 120.580000 33.09151 32.54770 40.60757 -49.020 57.520 -11.370 -1.601e+08 1.079e+09 -1.157e+11 0.02760 325219 325219 680145 6154 48 325178 325247 37.2684 295520000000 295520000000 266920000000 162060000000 0 25.2901 0 0.02526 0.43918 0.1172 32.225 -21.8251 -6.15768 0.33876 0.00543 40.519 -18.0985 10.5926 0.2035 267100000000 286000000000
 0.5900   324293 0.6000   333465      1       -1       -1       -1  0 2.89167e+11 2.95500e+11 158.039000 35.959000 62.340000  1 0.3200 121.970000 33.09785 32.54229 40.61856 -48.730 55.850 -12.230 -3.919e+08 1.533e+09 -1.154e+11 0.02825 325220 325220 680145 6212 47 325178 325247 35.9588 295520000000 295520000000 266920000000 162060000000 0 10.1596 0 0.02536 0.4218 0.33969 -28.6574 33.4262 23.2168 0.08648 0.01997 -31.4539 41.3632 17.6643 0.187 259100000000 276500000000
 0.5800   315050 0.5900   324293      1       -1       -1       -1  0 2.79633e+11 2.76500e+11 154.998000 25.065000 63.270000  1 0.3200 126.170000 33.09894 32.53558 40.64342 -45.560 56.870 -12.760 8.968e+10 -4.025e+10 -1.678e+10 0.02848 325221 325221 680145 6245 46 325178 325247 25.0653 276460000000 285990000000 257390000000 181130000000 19066000000 7.32715 3.47 0.02467 0.56607 0.36769 -9.47462 29.8266 15.3574 0.2524 0 -0.84357 20.8476 17.852 0.1815 264000000000 200200000000
 0.5700   305810 0.5800   315050      1       -1       -1       -1  0 2.70100e+11 2.66900e+11 153.618000 18.949000 63.590000  1 0.3200 132.010000 33.11573 32.51040 40.64584 -45.970 55.350 -12.390 2.369e+10 -1.901e+10 -5.226e+10 0.01889 325222 325222 680145 6236 45 325178 325247 18.9493 266920000000 276460000000 257390000000 181130000000 28599000000 7.48721 0 0.01597 0.55218 0.20132 -5.82134 17.8734 12.1051 0.48719 0.0005 3.50745 3.30305 7.22891 0.1771 249800000000 162100000000
 0.5600   296562 0.5700   305810      1       -1       -1       -1  0 2.63733e+11 2.66900e+11 154.033000 16.820000 64.460000  1 0.3200 136.390000 33.13184 32.49261 40.65808 -47.010 54.830 -10.260 7.628e+10 -3.228e+10 -2.469e+10 0.02696 325223 325223 680145 6227 44 325178 325247 16.8197 266920000000 266920000000 238320000000 209730000000 28599000000 11.2659 0 0.02301 0.67803 0.22962 -8.96426 15.3077 1.54528 0.08565 0.05046 -15.5649 20.7461 -2.20504 0.1816 294400000000 104900000000
 0.5500   287321 0.5600   296562      1       -1       -1       -1  0 2.63733e+11 2.38300e+11 148.716000 13.405000 63.700000  1 0.3200 138.140000 33.14530 32.47578 40.67228 -46.890 51.680 -17.110 2.793e+09 -1.321e+10 -1.350e+10 0.00763 325224 325224 680145 6216 43 325178 325247 13.4051 238320000000 238320000000 238320000000 200190000000 9533000000 6.55528 0 0.00619 0.86044 0.40014 22.1527 -17.3975 8.91221 0.12836 0 11.6216 10.4629 8.44967 0.1697 287300000000 66730000000
 0.5400   278106 0.5500   287321      1       -1       -1       -1  0 2.63733e+11 2.38300e+11 149.103000 9.901000 69.170000  1 0.3200 150.160000 33.15905 32.45527 40.67862 -47.480 50.330 -15.710 1.977e+09 -1.578e+10 -1.413e+10 0.00874 325225 325225 680145 6203 42 325178 325247 9.90102 238320000000 238320000000 219260000000 200190000000 19066000000 9.80428 0 0.00695 0.90613 0.4037 30.6799 -9.7152 10.0612 0.87497 0.36386 28.7695 6.10902 15.1612 0.1874 338800000000 28600000000
 0.5300   268865 0.5400   278106      1       -1       -1       -1  0 2.63733e+11 2.95500e+11 160.594000 32.899000 68.640000  1 0.3200 129.370000 33.23191 32.44191 40.63402 -44.970 47.820 -12.520 1.006e+11 -1.512e+10 8.440e+09 0.02392 325226 325226 680145 6193 41 325178 325247 32.8987 295520000000 295520000000 266920000000 9533000000 0 30.8732 0 0.02349 0.12578 0.04365 -17.3342 16.9019 64.922 0 0 0 0 0 0.2335 268400000000 257400000000
 0.5200   259630 0.5300   268865      1       -1       -1       -1  0 2.63733e+11 2.09700e+11 143.602000 8.624000 73.350000  1 0.3200 150.220000 33.18801 32.42466 40.69616 -46.000 47.390 -20.170 -9.193e+09 -6.046e+09 -3.174e+09 0.00629 325227 325227 680145 5049 40 325178 325247 8.62387 209730000000 209730000000 209730000000 190660000000 104860000000 16.4091 0 0.0047 0.54447 0.22638 25.8606 -13.3809 24.1332 0.36948 0.04263 27.7681 -8.89553 34.2632 0.1949 304300000000 38130000000
 0.5100   250346 0.5200   259630      1       -1       -1       -1  0 2.60600e+11 2.86000e+11 159.630000 37.467000 63.790000  1 0.3200 127.940000 33.26397 32.39828 40.63847 -43.400 43.270 -15.960 3.552e+10 4.287e+09 -2.541e+10 0.01068 325228 325228 680145 4997 39 325178 325247 37.4671 285990000000 285990000000 266920000000 28599000000 0 40.8054 2.54 0.01084 0.23 0.04443 -17.2617 -25.9347 63.4641 0.21957 0.10512 -30.956 1.76765 32.9625 0.2221 255700000000 266900000000
 0.5000   241173 0.5100   250346      1       -1       -1       -1  0 2.60600e+11 2.47900e+11 152.556000 19.730000 57.980000  1 0.3200 135.030000 33.24362 32.37708 40.71263 -43.660 46.090 -17.010 7.594e+09 1.276e+10 1.945e+10 0.00929 325229 325229 680145 5001 38 325178 325247 19.7297 247860000000 247860000000 219260000000 181130000000 9533000000 10.4798 0 0.00774 0.88418 0.50758 -20.2575 25.7358 -3.28027 0.67503 0.20246 1.02333 31.7358 3.37604 0.1446 236500000000 162100000000
 0.4900   231984 0.5000   241173      1       -1       -1       -1  0 2.44700e+11 2.47900e+11 152.909000 27.371000 54.000000  1 0.3200 128.750000 33.26284 32.34720 40.72365 -41.280 44.250 -16.290 3.858e+08 3.858e+09 1.311e+09 0.00150 325230 325230 680145 6023 37 325178 325247 27.371 247860000000 247860000000 238320000000 171590000000 0 16.1469 0 0.00131 0.87043 0.45859 9.51786 37.0953 10.7708 0.06017 0 16.2927 19.4845 35.6506 0.1363 224300000000 190700000000
 0.4800   222838 0.4900   231984      1       -1       -1       -1  0 2.44700e+11 2.28800e+11 149.219000 37.031000 52.130000  1 0.3200 121.260000 33.28727 32.29726 40.72739 -41.140 45.710 -16.250 -3.264e+09 -1.698e+09 -1.128e+10 0.00475 325231 325231 680145 6032 36 325178 325247 37.0307 228790000000 228790000000 209730000000 114400000000 0 31.7965 0 0.00437 0.45299 0.44815 40.2443 -1.83575 16.8123 0.35742 0.20927 29.0441 -5.73757 17.3523 0.1451 205300000000 228800000000
 0.4700   213704 0.4800   222838      1       -1       -1       -1  0 2.44700e+11 2.47900e+11 153.590000 33.278000 50.220000  1 0.3200 127.710000 33.31118 32.30444 40.73037 -38.380 41.780 -14.380 7.337e+09 1.238e+10 -2.127e+10 0.00926 325232 325232 680145 6023 35 325178 325247 33.2777 247860000000 247860000000 228790000000 85797000000 0 10.5497 0 0.00835 0.52133 0.23955 45.6263 7.17259 12.2006 0.37618 0 38.2043 -3.00247 18.0663 0.1254 221800000000 228800000000
 0.4600   204583 0.4700   213704      1       -1       -1       -1  0 2.44700e+11 2.47900e+11 153.918000 35.628000 46.530000  1 0.3200 127.920000 33.32991 32.29199 40.73534 -36.980 40.460 -15.240 1.111e+10 8.397e+09 7.806e+09 0.00575 325233 325233 680145 4823 34 325178 325247 35.6281 247860000000 247860000000 238320000000 57198000000 0 13.4415 0 0.00524 0.41886 0.17449 42.4083 31.6227 9.6017 0.42238 0.11322 34.1038 26.6989 -3.34992 0.1116 215900000000 238300000000
 0.4500   195527 0.4600   204583      1       -1       -1       -1  0 2.41500e+11 2.38300e+11 152.233000 30.873000 46.050000  1 0.3200 129.670000 33.35942 32.29124 40.74859 -38.250 40.790 -13.430 9.285e+09 1.466e+10 -2.045e+09 0.00665 325234 325234 680145 4800 33 325178 325247 30.8729 238320000000 238320000000 238320000000 0 0 11.1936 0 0.00619 0.36237 0.14133 31.4763 54.2118 -2.82661 0 0 0 0 0 0.1122 220200000000 209700000000
 0.4400   186469 0.4500   195527      1       -1       -1       -1  0 2.41500e+11 2.38300e+11 152.539000 42.137000 46.870000  1 0.3200 126.520000 33.39236 32.25851 40.75044 -37.210 39.340 -13.390 -1.454e+10 -1.071e+09 -3.003e+10 0.01267 325235 325235 680145 5889 32 325178 325247 42.1369 238320000000 238320000000 219260000000 85797000000 9533000000 12.476 0 0.01194 0.57302 0.1655 44.4048 24.6535 -4.08934 0.6598 0 22.628 15.4556 1.66766 0.1148 207700000000 238300000000
 0.4300   177450 0.4400   186469      1       -1       -1       -1  0 2.41500e+11 2.47900e+11 154.847000 52.548000 44.020000  1 0.3200 127.630000 33.41822 32.22985 40.74973 -35.250 36.970 -12.840 -2.202e+10 1.544e+09 -3.012e+10 0.01337 325236 325236 680145 4770 31 325178 325247 52.5476 247860000000 247860000000 200190000000 66731000000 9533000000 11.0593 0 0.01265 0.2959 0.03876 30.6557 2.07742 -5.38801 0.41085 0.04347 13.5793 -2.14002 -2.17852 0.0998 209300000000 257400000000
 0.4200   168468 0.4300   177450      1       -1       -1       -1  0 2.12900e+11 2.38300e+11 153.123000 44.784000 44.950000  1 0.3200 128.630000 33.42427 32.21011 40.76112 -36.730 30.630 -9.220 -1.390e+10 -7.003e+09 -5.413e+09 0.00658 325237 325237 680145 4854 30 325178 325247 44.7835 238320000000 238320000000 200190000000 57198000000 38132000000 10.0301 0 0.00602 0.75069 0.3354 14.2368 -16.1704 17.3169 0.61703 0.54834 12.5645 -5.78958 13.3845 0.091 205000000000 257400000000
 0.4100   159590 0.4200   168468      1       -1       -1       -1  0 2.09700e+11 1.52500e+11 132.197000 39.322000 42.820000  1 0.3200 111.940000 33.47301 32.20867 40.67991 -39.920 25.680 -8.590 1.927e+10 -6.815e+09 -3.981e+10 0.03456 325238 325238 680145 4689 29 325178 325247 39.3222 152530000000 152530000000 133460000000 28599000000 0 50.669 0 0.03479 0.40271 0.03762 -39.2607 -12.2957 65.086 0.74148 0.00478 18.9471 -7.40557 18.0023 0.1177 161100000000 190700000000
 0.4000   150801 0.4100   159590      1       -1       -1       -1  0 2.09700e+11 1.90700e+11 142.654000 38.934000 53.900000  1 0.3200 122.860000 33.49316 32.19407 40.67708 -36.420 27.930 -9.250 1.001e+10 -4.247e+09 -1.108e+10 0.00839 325239 325239 680145 5683 28 325178 325247 38.9339 190660000000 190660000000 171590000000 28599000000 9533000000 66.0869 0 0.00841 0.15947 0.01883 5.3418 -4.42874 61.0539 0.7041 0 13.1732 9.06705 -10.5449 0.1524 165300000000 190700000000
 0.3900   142113 0.4000   150801      1       -1       -1       -1  0 2.09700e+11 2.09700e+11 147.507000 13.163000 63.060000  1 0.3200 154.880000 33.49806 32.14259 40.77986 -36.610 30.000 -5.520 -1.284e+10 -3.127e+09 2.389e+09 0.00798 325240 325240 680145 5747 27 325178 325247 13.1626 209730000000 209730000000 209730000000 190660000000 19066000000 30.8315 0 0.00628 0.69614 0.63065 33.3109 0.7294 2.04922 0.54351 0.1071 33.1617 11.8969 4.90813 0.1275 251800000000 66730000000
 0.3800   133634 0.3900   142113      1       -1       -1       -1  0 2.09700e+11 2.09700e+11 147.746000 10.296000 63.700000  1 0.3200 166.590000 33.52331 32.11978 40.78001 -31.070 29.830 -7.740 -1.344e+10 -7.826e+09 -1.744e+10 0.01447 325241 325241 680145 5676 26 325178 325247 10.2956 209730000000 209730000000 209730000000 200190000000 9533000000 27.7254 0 0.01107 0.7696 0.46561 29.6116 -0.52973 -13.9863 0.53135 0.24244 35.4461 11.3579 -2.10429 0.1247 288700000000 38130000000
 0.3700   125136 0.3800   133634      1       -1       -1       -1  0 2.09700e+11 2.09700e+11 147.976000 13.675000 57.640000  1 0.3200 157.470000 33.55511 32.09491 40.78601 -30.450 27.940 -8.150 -1.191e+10 -8.315e+09 -1.823e+10 0.01432 325242 325242 680145 4602 25 325178 325247 13.6753 209730000000 209730000000 209730000000 190660000000 38132000000 24.8042 0 0.01118 0.6987 0.53471 29.1473 -4.95272 -9.01014 0.39771 0.08987 28.4122 -1.42247 4.78129 0.1119 246900000000 76260000000
 0.3600   116648 0.3700   125136      1       -1       -1       -1  0 1.97000e+11 2.09700e+11 148.196000 23.130000 49.690000  1 0.3200 143.500000 33.59911 32.07855 40.78422 -31.890 28.940 -9.410 -5.343e+09 -1.379e+10 1.007e+08 0.00850 325243 325243 680145 5538 24 325178 325247 23.1304 209730000000 200190000000 190660000000 123930000000 19066000000 9.90981 0 0.00719 0.45789 0.21287 23.0699 -1.82852 21.5788 0.10653 0.02302 20.1218 1.35077 19.2825 0.1037 202900000000 123900000000
 0.3500   108307 0.3600   116648      1       -1       -1       -1  0 1.65233e+11 1.71600e+11 138.805000 37.603000 43.360000  1 0.3200 126.400000 33.62370 32.05687 40.79102 -30.510 29.360 -12.550 -4.657e+09 3.255e+09 -3.856e+10 0.02992 325244 325244 680145 5396 23 325178 325247 37.6031 171590000000 171590000000 152530000000 76264000000 0 8.19958 0 0.02683 0.16014 0.01673 29.7025 8.41839 22.4413 0.08789 0 22.7212 7.06847 20.2392 0.0999 165500000000 181100000000
 0.3400   100139 0.3500   108307      1       -1       -1       -1  0 1.33467e+11 1.14400e+11 121.422000 18.690000 37.070000  1 0.3200 120.770000 33.64823 32.03522 40.79798 -27.600 33.320 -7.070 -7.315e+09 -8.250e+09 -1.360e+10 0.02553 325245 325245 680145 5252 22 325178 325247 18.6904 114400000000 114400000000 114400000000 57198000000 0 21.066 0 0.02402 0.83162 0.47032 37.9718 -5.10258 7.50296 0.85387 0.54972 16.6543 -11.3064 20.8716 0.0951 148400000000 57200000000
 0.3300    92221 0.3400   100139      1       -1       -1       -1  0 9.21567e+10 1.14400e+11 121.578000 39.904000 32.920000  1 0.3200 111.910000 33.67271 32.01361 40.80510 -24.250 36.660 -3.270 -4.621e+09 -1.268e+10 -1.047e+10 0.02352 325246 325246 680145 5108 21 325178 325247 39.9044 114400000000 104860000000 104860000000 28599000000 0 41.1697 3.85 0.02376 0.42548 0.0213 48.2963 10.7115 11.8336 0.90252 0.33483 21.1425 12.9397 4.73972 0.0893 130600000000 143000000000
 0.3200    84448 0.3300    92221      0       -1       -1       -1  0 4.76700e+10 4.76700e+10 90.918000 18.168000 29.250000  1 0.3200 89.160000 33.72089 31.96981 40.83410 -37.560 29.430 -10.180 -2.957e+09 -3.350e+09 -5.353e+09 0.03472 325247 325247 680145 5073 20 325178 325247 18.1681 47665000000 47665000000 47665000000 28599000000 0 16.912 0 0.04236 0 0 17.3454 -25.0568 42.3431 0.17839 0 -20.9637 -23.2033 30.26 0.1347 108500000000 38130000000
