 1.0000   682174 0.0000       -1      1       -1       -1       -1  0 2.09700e+11 2.09700e+11 121.549000 6.531000 104.080000  1 0.4700 121.380000 38.17817 45.17027 59.70009 107.240 -314.100 -47.150 1.357e+10 6.004e+10 1.060e+11 0.03910 475116 475116 682174 7689 88 475115 475169 6.53139 209730000000 219260000000 190660000000 181130000000 47665000000 7.3889 0 0.03947 0.72587 0.45599 14.2625 -7.61277 11.0713 0.67734 0.16391 13.4543 -2.40744 10.8546 0.5846 374400000000 47660000000
 0.9900   674070 1.0000   682174      1       -1       -1       -1  0 2.03367e+11 2.00200e+11 120.183000 9.120000 108.760000  1 0.4700 109.420000 38.17258 45.22395 59.68425 106.420 -311.970 -43.440 5.481e+09 6.236e+10 1.059e+11 0.02424 475117 475117 682174 7608 87 475115 475169 9.12016 200190000000 209730000000 190660000000 181130000000 9533000000 33.7126 0 0.04293 0.17574 0.03721 2.70395 35.6025 -23.3676 0.13013 0.06216 6.69724 31.7322 -16.8184 0.8288 314100000000 19070000000
 0.9800   665618 0.9900   674070      1       -1       -1       -1  0 2.00200e+11 2.00200e+11 120.687000 3.846000 111.980000  1 0.4700 140.330000 38.16187 45.22618 59.71113 105.490 -309.610 -43.280 5.573e+09 6.183e+10 1.052e+11 0.04620 475118 475118 682174 7734 86 475115 475169 3.84621 200190000000 219260000000 190660000000 181130000000 114400000000 9.92357 0 0.04275 0.84985 0.46854 11.0971 -7.10501 7.57417 0.78702 0.36048 11.0179 -5.44296 7.68247 0.5833 445600000000 95330000000
 0.9700   657212 0.9800   665618      1       -1       -1       -1  0 2.00200e+11 2.00200e+11 121.190000 4.802000 115.780000  1 0.4700 131.670000 38.14407 45.26236 59.71783 104.510 -307.230 -43.070 5.600e+09 6.131e+10 1.042e+11 0.04594 475119 475119 682174 6717 85 475115 475169 4.80203 200190000000 219260000000 190660000000 171590000000 123930000000 3.8053 0 0.04248 0.66311 0.30126 13.9221 3.63951 5.89314 0.70568 0.11309 12.9344 3.04193 3.94818 0.5991 398800000000 57200000000
 0.9600   648867 0.9700   657212      1       -1       -1       -1  0 1.97033e+11 2.00200e+11 121.692000 5.410000 113.880000  1 0.4700 127.670000 38.13306 45.30061 59.72016 103.490 -304.840 -42.820 5.621e+09 6.064e+10 1.029e+11 0.04413 475120 475120 682174 7707 84 475115 475169 5.41009 200190000000 219260000000 190660000000 181130000000 123930000000 3.00453 0 0.0421 0.56217 0.36865 8.99003 11.8818 1.56226 0.49997 0.29505 7.99455 10.4375 2.648 0.6065 389200000000 76260000000
 0.9500   640523 0.9600   648867      1       -1       -1       -1  0 1.97033e+11 1.90700e+11 120.223000 7.764000 107.180000  1 0.4700 113.590000 38.13795 45.32965 59.72562 102.050 -298.300 -42.100 -4.363e+09 5.512e+10 1.382e+11 0.05196 475121 475121 682174 7745 83 475115 475169 7.76433 190660000000 219260000000 190660000000 181130000000 76264000000 20.6926 0 0.05705 0.64467 0.57928 16.5554 8.03754 0.83322 0.58159 0.53401 17.76 5.0772 -0.01457 0.6502 324000000000 76260000000
 0.9400   632204 0.9500   640523      1       -1       -1       -1  0 1.97033e+11 1.90700e+11 120.715000 6.031000 98.030000  1 0.4700 122.250000 38.10189 45.36507 59.73183 100.760 -296.320 -41.960 -4.883e+09 5.479e+10 1.360e+11 0.06184 475122 475122 682174 7750 82 475115 475169 6.03062 190660000000 209730000000 181130000000 181130000000 38132000000 5.51557 0 0.0564 0.71754 0.50287 15.8356 12.3233 -1.74732 0.69189 0.29945 12.5362 10.9969 8.03493 0.5179 343000000000 38130000000
 0.9300   623866 0.9400   632204      1       -1       -1       -1  0 1.97033e+11 2.00200e+11 123.194000 8.161000 90.870000  1 0.4700 115.440000 38.08288 45.39428 59.74477 100.260 -297.600 -41.870 6.253e+09 5.804e+10 9.825e+10 0.04118 475123 475123 682174 7707 81 475115 475169 8.16075 200190000000 200190000000 181130000000 171590000000 0 18.4377 0 0.04064 0.67597 0.55114 20.9972 13.4743 -8.33028 0.78466 0.56855 17.7865 14.9499 -1.70316 0.5134 303500000000 47660000000
 0.9200   615520 0.9300   623866      1       -1       -1       -1  0 1.93833e+11 2.00200e+11 123.693000 11.257000 88.100000  1 0.4700 107.100000 38.06927 45.43707 59.75166 98.270 -292.180 -41.540 5.905e+08 5.529e+10 8.916e+10 0.03635 475124 475124 682174 7716 80 475115 475169 11.2572 200190000000 200190000000 181130000000 152530000000 28599000000 18.8191 3.09 0.03743 0.60027 0.56645 22.1439 7.88734 -6.14204 0.75852 0.47008 18.2982 9.32188 0.75738 0.5191 268200000000 95330000000
 0.9100   607140 0.9200   615520      1       -1       -1       -1  0 1.90667e+11 1.81100e+11 120.116000 10.522000 87.610000  1 0.4700 104.870000 38.05555 45.46993 59.75253 101.460 -287.190 -39.850 1.320e+10 1.954e+10 1.401e+11 0.05992 475125 475125 682174 7741 79 475115 475169 10.5224 181130000000 200190000000 181130000000 133460000000 47665000000 12.8654 0 0.06012 0.65944 0.36681 16.5873 13.5554 -7.52525 0.70182 0.17826 9.43811 13.1289 0.92232 0.515 241100000000 76260000000
 0.9000   598762 0.9100   607140      1       -1       -1       -1  0 1.84300e+11 1.90700e+11 122.675000 27.125000 86.110000  1 0.4700 90.340000 38.07303 45.55565 59.73360 97.000 -291.990 -39.210 8.396e+09 6.592e+10 1.072e+11 0.03112 475126 475126 682174 7752 78 475115 475169 27.1247 190660000000 200190000000 133460000000 76264000000 0 43.6947 0 0.04916 0.28799 0.05639 27.6199 32.3994 -7.03407 0.20199 0.00807 28.7494 34.86 -0.50316 0.7134 194300000000 171600000000
 0.8900   590347 0.9000   598762      1       -1       -1       -1  0 1.84300e+11 1.81100e+11 121.074000 8.000000 80.560000  1 0.4700 113.300000 38.02698 45.55244 59.75153 98.810 -289.100 -41.560 -1.852e+09 6.066e+10 1.132e+11 0.05878 475127 475127 682174 7824 77 475115 475169 7.99962 181130000000 209730000000 152530000000 104860000000 76264000000 14.5946 0 0.05474 0.6761 0.30555 20.2852 2.76816 4.38494 0.56935 0.14464 13.2705 13.2809 -2.37071 0.436 227500000000 76260000000
 0.8800   581965 0.8900   590347      1       -1       -1       -1  0 1.77933e+11 1.81100e+11 121.552000 7.640000 77.440000  1 0.4700 115.230000 38.01183 45.59203 59.75713 95.700 -286.730 -41.150 -1.181e+09 6.400e+10 1.209e+11 0.06298 475128 475128 682174 7794 76 475115 475169 7.63994 181130000000 209730000000 142990000000 104860000000 76264000000 5.32397 0 0.05849 0.59164 0.41804 17.9739 1.01752 4.49208 0.58025 0.19938 12.146 8.42829 0.09393 0.4092 235700000000 76260000000
 0.8700   573489 0.8800   581965      1       -1       -1       -1  0 1.77933e+11 1.62100e+11 117.586000 8.909000 73.670000  1 0.4700 106.220000 37.99664 45.63238 59.76285 101.470 -284.280 -38.300 1.091e+10 1.191e+10 1.226e+11 0.07092 475129 475129 682174 6862 75 475115 475169 8.90915 162060000000 209730000000 133460000000 104860000000 66731000000 8.11515 0 0.06387 0.55665 0.43212 18.6572 -3.93254 11.389 0.40021 0.14084 14.8121 14.2022 8.62319 0.3885 202300000000 76260000000
 0.8600   565015 0.8700   573489      1       -1       -1       -1  0 1.77933e+11 1.62100e+11 118.043000 8.691000 71.970000  1 0.4700 107.390000 37.97934 45.67282 59.76773 97.730 -281.420 -41.080 1.166e+10 5.835e+10 1.035e+11 0.06722 475130 475130 682174 7907 74 475115 475169 8.69117 162060000000 190660000000 142990000000 95330000000 57198000000 5.91695 0 0.06194 0.5756 0.2475 23.1715 0.09581 12.7577 0.4456 0.00913 9.1727 10.904 6.39942 0.3791 200100000000 76260000000
 0.8500   556574 0.8600   565015      1       -1       -1       -1  0 1.77933e+11 1.52500e+11 116.127000 10.745000 72.480000  1 0.4700 99.990000 37.96110 45.71410 59.77272 96.420 -279.220 -40.360 1.321e+10 6.670e+10 1.140e+11 0.08034 475131 475131 682174 7878 73 475115 475169 10.7454 152530000000 162060000000 142990000000 95330000000 19066000000 3.8118 0 0.07648 0.39462 0.12001 8.90798 8.45652 4.91298 0.19747 0.00795 6.57275 9.90289 4.32825 0.405 195400000000 66730000000
 0.8400   548075 0.8500   556574      1       -1       -1       -1  0 1.77933e+11 1.52500e+11 116.572000 13.435000 69.760000  1 0.4700 95.680000 37.96011 45.75306 59.79482 94.080 -276.090 -40.250 1.263e+10 6.578e+10 1.133e+11 0.07658 475132 475132 682174 8014 72 475115 475169 13.4345 152530000000 200190000000 152530000000 95330000000 9533000000 20.3527 0 0.07611 0.88765 0.2353 14.8284 -10.3813 15.7841 0.33743 0.12206 9.89663 26.0422 -7.77063 0.4067 179200000000 85800000000
 0.8300   539551 0.8400   548075      1       -1       -1       -1  0 1.77933e+11 1.52500e+11 117.014000 13.930000 67.780000  1 0.4700 95.430000 37.93658 45.79230 59.80154 91.860 -272.910 -40.240 1.248e+10 6.550e+10 1.131e+11 0.07587 475133 475133 682174 8022 71 475115 475169 13.93 152530000000 162060000000 152530000000 104860000000 9533000000 18.4527 0 0.07624 0.811 0.11968 -4.58694 17.0359 -16.2971 0.63789 0.08619 3.58097 17.8018 -11.2738 0.3969 187200000000 85800000000
 0.8200   530959 0.8300   539551      1       -1       -1       -1  0 1.77933e+11 1.81100e+11 124.379000 33.965000 62.270000  1 0.4700 89.560000 37.97244 45.84169 59.80876 87.640 -267.530 -37.550 9.492e+09 3.107e+10 8.908e+10 0.03397 475134 475134 682174 7042 70 475115 475169 33.9653 181130000000 200190000000 104860000000 9533000000 0 33.0406 0 0.04153 0.19284 0.02261 35.191 -27.9945 19.3753 0 0 0 0 0 0.431 177700000000 190700000000
 0.8100   522316 0.8200   530959      1       -1       -1       -1  0 1.77933e+11 1.81100e+11 124.843000 30.859000 61.670000  1 0.4700 90.840000 37.95867 45.88601 59.81532 84.960 -268.260 -39.140 -1.133e+10 8.371e+10 9.125e+10 0.04502 475135 475135 682174 8137 69 475115 475169 30.859 181130000000 200190000000 66731000000 9533000000 0 43.5055 0 0.05469 0.28829 0.04023 58.6168 -1.56577 18.9349 0 0 0 0 0 0.4145 179900000000 181100000000
 0.8000   513629 0.8100   522316      1       -1       -1       -1  0 1.74767e+11 1.71600e+11 123.067000 32.976000 63.840000  1 0.4700 88.880000 37.94467 45.93112 59.82196 83.820 -264.870 -36.200 2.980e+09 4.044e+10 9.496e+10 0.03974 475136 475136 682174 7106 68 475115 475169 32.9757 171590000000 181130000000 85797000000 9533000000 0 52.4804 0 0.04992 0.18927 0.10294 67.4407 0.49299 18.1151 0 0 0 0 0 0.4504 171300000000 181100000000
 0.7900   504984 0.8000   513629      1       -1       -1       -1  0 1.65233e+11 1.71600e+11 123.519000 40.248000 66.550000  1 0.4700 87.930000 37.93044 45.97703 59.82867 74.150 -262.900 -34.980 2.667e+09 3.060e+10 8.958e+10 0.03525 475137 475137 682174 8137 67 475115 475169 40.2478 171590000000 181130000000 133460000000 0 0 52.787 7.68 0.04599 0.40229 0.1468 62.4353 -6.72602 15.7371 0 0 0 0 0 0.4949 168400000000 219300000000
 0.7800   496341 0.7900   504984      1       -1       -1       -1  0 1.58900e+11 1.52500e+11 119.195000 20.705000 68.560000  1 0.4700 91.090000 37.91599 46.02377 59.83546 73.000 -260.290 -34.090 -4.648e+10 2.520e+10 6.865e+10 0.03897 475138 475138 682174 7086 66 475115 475169 20.7049 152530000000 171590000000 133460000000 0 0 49.0568 0 0.05143 0.5039 0.16751 57.5477 -9.83259 17.008 0 0 0 0 0 0.5217 165300000000 85800000000
 0.7700   487666 0.7800   496341      1       -1       -1       -1  0 1.58900e+11 1.33500e+11 114.416000 17.782000 69.950000  1 0.4700 89.150000 37.90130 46.07133 59.84232 64.980 -260.950 -33.070 -1.293e+10 2.594e+10 5.708e+10 0.03578 475139 475139 682174 8184 65 475115 475169 17.7819 133460000000 162060000000 123930000000 0 0 43.0719 0 0.04769 0.08312 0.00061 68.7046 -21.2586 23.3952 0 0 0 0 0 0.5507 156900000000 85800000000
 0.7600   478967 0.7700   487666      1       -1       -1       -1  0 1.58900e+11 1.33500e+11 114.824000 19.850000 70.640000  1 0.4700 88.020000 37.88638 46.11973 59.84925 66.140 -257.160 -31.470 -1.174e+10 2.719e+10 5.368e+10 0.03532 475140 475140 682174 8179 64 475115 475169 19.8504 133460000000 162060000000 123930000000 0 0 41.2491 0 0.04589 0.10084 0.00973 58.0818 -10.0273 17.3889 0 0 0 0 0 0.5433 154300000000 95330000000
 0.7500   470243 0.7600   478967      1       -1       -1       -1  0 1.58900e+11 1.43000e+11 117.910000 30.991000 67.780000  1 0.4700 85.770000 37.87122 46.16898 59.85625 67.520 -253.460 -29.870 -1.595e+10 5.748e+09 7.522e+10 0.04283 475141 475141 682174 8236 63 475115 475169 30.9909 142990000000 142990000000 114400000000 66731000000 0 44.7107 3.29 0.0517 0.17001 0.00877 62.1228 -23.1735 18.0001 0.55427 0.26877 19.453 27.1472 -19.8726 0.4785 152600000000 143000000000
 0.7400   461432 0.7500   470243      1       -1       -1       -1  0 1.58900e+11 1.43000e+11 118.322000 22.840000 68.840000  1 0.4700 89.460000 37.85583 46.21909 59.86333 62.370 -248.640 -33.150 1.743e+09 1.594e+10 4.738e+10 0.02836 475142 475142 682174 8238 62 475115 475169 22.84 142990000000 142990000000 114400000000 66731000000 0 43.7151 0 0.0337 0.6199 0.01384 24.2934 -17.724 14.1008 0.58305 0.16053 27.3308 10.1817 -11.8311 0.4726 147900000000 114400000000
 0.7300   452607 0.7400   461432      1       -1       -1       -1  0 1.58900e+11 1.43000e+11 118.730000 7.559000 68.290000  1 0.4700 113.350000 37.78725 46.29265 59.85252 69.280 -247.300 -30.900 -1.195e+10 -1.913e+10 4.490e+10 0.04135 475143 475143 682174 7196 61 475115 475169 7.55883 142990000000 142990000000 142990000000 133460000000 0 5.42825 0 0.03403 0.71908 0.26299 -17.6607 15.0237 -14.8146 0.65594 0.04284 -8.2954 16.918 -13.8941 0.2929 228000000000 28600000000
 0.7200   443767 0.7300   452607      1       -1       -1       -1  0 1.58900e+11 1.23900e+11 113.587000 16.238000 71.210000  1 0.4700 90.490000 37.82273 46.32331 59.87089 69.240 -241.650 -29.890 -1.390e+10 -1.003e+10 2.921e+10 0.02514 475144 475144 682174 8298 60 475115 475169 16.2384 123930000000 152530000000 123930000000 76264000000 19066000000 43.0693 0 0.02926 0.07723 0 21.9754 -18.8602 13.5 0.16844 0.05452 30.5333 -15.6727 4.07786 0.4946 156600000000 76260000000
 0.7100   434861 0.7200   443767      1       -1       -1       -1  0 1.58900e+11 1.23900e+11 113.971000 11.282000 71.150000  1 0.4700 98.030000 37.80645 46.37650 59.87830 70.780 -239.630 -29.490 -1.535e+10 -1.204e+10 2.752e+10 0.02451 475145 475145 682174 7278 59 475115 475169 11.2824 123930000000 162060000000 123930000000 57198000000 9533000000 42.6959 0 0.02931 0.13956 0.02063 29.6179 -27.9753 14.603 0.53106 0.28962 37.4114 -16.4962 -0.72983 0.5074 157500000000 28600000000
 0.7000   425886 0.7100   434861      1       -1       -1       -1  0 1.58900e+11 1.43000e+11 119.938000 9.681000 70.570000  1 0.4700 108.430000 37.74075 46.43167 59.88202 64.830 -239.090 -29.440 -1.378e+10 -1.919e+10 4.267e+10 0.03751 475146 475146 682174 8366 58 475115 475169 9.68131 142990000000 142990000000 142990000000 133460000000 28599000000 20.2953 0 0.03356 0.36158 0.2297 8.51085 26.6109 -16.4068 0.37692 0.00197 4.53777 19.3025 -8.97853 0.3402 200000000000 38130000000
 0.6900   416891 0.7000   425886      1       -1       -1       -1  0 1.58900e+11 1.52500e+11 122.951000 27.062000 72.600000  1 0.4700 92.230000 37.77312 46.48563 59.89344 65.840 -228.870 -26.800 -5.382e+09 -2.724e+10 2.643e+10 0.02017 475147 475147 682174 8373 57 475115 475169 27.0617 152530000000 152530000000 133460000000 66731000000 0 52.6628 2.85 0.02382 0.04435 0 -29.1501 30.7243 -17.035 0.11512 0.02978 27.2856 -26.1506 15.1552 0.4751 150200000000 133500000000
 0.6800   407880 0.6900   416891      1       -1       -1       -1  0 1.58900e+11 1.52500e+11 123.352000 29.211000 68.840000  1 0.4700 91.960000 37.75608 46.54158 59.90116 62.170 -225.370 -28.640 -3.818e+08 -1.980e+10 2.100e+10 0.01609 475148 475148 682174 8399 56 475115 475169 29.2106 152530000000 152530000000 133460000000 76264000000 0 51.2229 0 0.01804 0.13778 0.02313 29.6102 -24.7219 16.1618 0.11525 0 35.5463 -27.6408 18.7962 0.4244 145800000000 143000000000
 0.6700   398885 0.6800   407880      1       -1       -1       -1  0 1.58900e+11 1.43000e+11 121.115000 20.666000 63.830000  1 0.4700 94.670000 37.73878 46.59846 59.90900 60.890 -216.330 -27.120 2.779e+10 -2.100e+10 1.547e+10 0.02573 475149 475149 682174 8397 55 475115 475169 20.6662 142990000000 152530000000 114400000000 76264000000 0 46.3909 0 0.02668 0.18595 0.05379 30.941 -17.8218 18.0645 0.15822 0 25.3735 -12.5128 15.7427 0.3569 144900000000 114400000000
 0.6600   389973 0.6700   398885      1       -1       -1       -1  0 1.58900e+11 1.43000e+11 121.500000 10.768000 62.330000  1 0.4700 108.500000 37.65939 46.65801 59.91355 59.060 -213.380 -26.870 2.576e+10 -2.057e+10 1.536e+10 0.02918 475150 475150 682174 8552 54 475115 475169 10.7676 142990000000 142990000000 133460000000 104860000000 28599000000 26.4772 0 0.02561 0.716 0.33766 24.2596 2.09369 1.46125 0.40394 0.2909 22.8597 7.27313 -1.27375 0.2739 165500000000 76260000000
 0.6500   380949 0.6600   389973      1       -1       -1       -1  0 1.58900e+11 1.43000e+11 121.881000 11.802000 60.350000  1 0.4700 106.950000 37.64120 46.71729 59.91811 57.210 -210.350 -26.650 2.435e+10 -2.004e+10 1.500e+10 0.02780 475151 475151 682174 7358 53 475115 475169 11.8019 142990000000 142990000000 114400000000 104860000000 28599000000 26.9466 0 0.02474 0.78499 0.19911 22.4164 -9.50824 6.37265 0.97734 0.06656 20.648 4.1454 0.50874 0.2665 162600000000 76260000000
 0.6400   371881 0.6500   380949      1       -1       -1       -1  0 1.58900e+11 1.23900e+11 116.562000 13.105000 56.130000  1 0.4700 99.320000 37.68531 46.77475 59.93317 53.330 -203.910 -28.160 1.567e+10 -1.444e+10 2.825e+09 0.02018 475152 475152 682174 7361 52 475115 475169 13.105 123930000000 133460000000 123930000000 104860000000 9533000000 28.3014 0 0.01945 0.46988 0.1305 42.6025 -8.51706 11.798 0.32009 0.06772 29.6493 0.45895 2.37959 0.2839 140900000000 66730000000
 0.6300   362785 0.6400   371881      1       -1       -1       -1  0 1.58900e+11 1.23900e+11 116.917000 13.618000 54.960000  1 0.4700 99.220000 37.66695 46.83542 59.94145 52.540 -201.960 -27.640 1.512e+10 -1.481e+10 4.126e+09 0.01999 475153 475153 682174 8499 51 475115 475169 13.6178 123930000000 133460000000 123930000000 85797000000 0 25.3444 0 0.01963 0.18999 0.09373 49.1622 5.64104 -2.62392 0.16656 0.09386 50.8054 8.24813 0.10223 0.2825 142800000000 57200000000
 0.6200   353678 0.6300   362785      1       -1       -1       -1  0 1.58900e+11 1.43000e+11 122.997000 22.271000 52.960000  1 0.4700 96.760000 37.62209 46.90349 59.92906 58.600 -204.590 -23.490 2.048e+10 -5.264e+10 -3.818e+10 0.05278 475154 475154 682174 8485 50 475115 475169 22.271 142990000000 142990000000 133460000000 85797000000 19066000000 11.4656 0 0.04923 0.32562 0.05358 25.8055 3.61985 -8.31987 0.27408 0 16.5053 3.32563 -5.16543 0.2269 136600000000 95330000000
 0.6100   344539 0.6200   353678      1       -1       -1       -1  0 1.58900e+11 1.43000e+11 123.360000 15.519000 51.300000  1 0.4700 103.820000 37.59122 46.97034 59.94069 58.680 -200.210 -20.720 1.875e+10 -5.139e+10 -3.708e+10 0.05251 475155 475155 682174 8514 49 475115 475169 15.5194 142990000000 142990000000 123930000000 76264000000 19066000000 6.68677 3.59 0.04804 0.32475 0.04369 21.265 21.6337 -10.053 0.26104 0.02905 22.7582 22.7033 -10.3106 0.2099 138400000000 76260000000
 0.6000   335410 0.6100   344539      1       -1       -1       -1  0 1.58900e+11 1.43000e+11 123.719000 16.615000 48.980000  1 0.4700 103.220000 37.56476 47.02333 59.94733 60.940 -197.380 -21.920 2.078e+10 -3.970e+10 1.601e+10 0.03795 475156 475156 682174 8564 48 475115 475169 16.6154 142990000000 142990000000 114400000000 76264000000 47665000000 20.4813 7.23 0.03482 0.74191 0.36579 7.13634 22.5409 -11.3973 0.46698 0.35581 5.14699 17.3654 -13.6856 0.1943 130700000000 76260000000
 0.5900   326241 0.6000   335410      1       -1       -1       -1  0 1.58900e+11 1.43000e+11 124.072000 32.799000 47.760000  1 0.4700 94.220000 37.58092 47.06953 59.94695 54.660 -190.430 -23.950 8.921e+09 -3.545e+10 -2.996e+09 0.02530 475157 475157 682174 8579 47 475115 475169 32.7994 142990000000 152530000000 114400000000 47665000000 0 32.9217 0 0.02703 0.14092 0 43.866 -13.3849 -9.10608 0.52882 0.11263 38.8347 -8.44119 -6.24554 0.2368 134500000000 152500000000
 0.5800   317008 0.5900   326241      1       -1       -1       -1  0 1.58900e+11 1.62100e+11 129.721000 54.123000 47.540000  1 0.4700 96.350000 37.56675 47.13911 59.95288 53.320 -187.890 -23.730 1.633e+10 -4.050e+10 -3.032e+09 0.02442 475158 475158 682174 8638 46 475115 475169 54.1234 162060000000 162060000000 104860000000 28599000000 0 25.8983 4.32 0.02637 0.37092 0.02008 37.2692 -7.83457 -8.28404 0.20179 0 36.3626 -10.7609 -5.77766 0.2246 139600000000 219300000000
 0.5700   307785 0.5800   317008      1       -1       -1       -1  0 1.58900e+11 9.53300e+10 108.991000 21.150000 41.070000  1 0.4700 86.650000 37.55419 47.20249 59.96228 46.590 -190.280 -15.890 1.045e+10 -1.938e+10 1.183e+10 0.03305 475159 475159 682174 8582 45 475115 475169 21.15 95330000000 152530000000 95330000000 28599000000 0 44.0622 0 0.03673 0.84189 0.00697 24.8644 -24.4532 5.14422 0.94802 0.00348 -6.79766 26.4626 -20.4662 0.2251 145800000000 76260000000
 0.5600   298539 0.5700   307785      1       -1       -1       -1  0 1.58900e+11 1.33500e+11 122.256000 35.108000 48.870000  1 0.4700 93.430000 37.53428 47.26956 60.00057 49.590 -190.410 -22.920 -8.722e+09 7.623e+09 2.118e+10 0.01861 475160 475160 682174 8620 44 475115 475169 35.1084 133460000000 133460000000 95330000000 19066000000 0 33.1897 0 0.0204 0.63671 0.55365 51.7274 -29.8402 24.5861 0 0 0 0 0 0.2395 146200000000 162100000000
 0.5500   289289 0.5600   298539      1       -1       -1       -1  0 1.58900e+11 1.23900e+11 119.589000 34.379000 49.490000  1 0.4700 91.840000 37.51360 47.33749 60.00865 44.450 -191.050 -22.650 -6.103e+09 3.276e+09 -8.839e+08 0.00614 475161 475161 682174 8616 43 475115 475169 34.3786 123930000000 123930000000 114400000000 28599000000 0 44.4053 4.48 0.00673 0.14426 0 49.7418 -36.1502 6.79332 0.70303 0.38602 -21.1874 26.1709 2.89079 0.2539 149400000000 143000000000
 0.5400   280062 0.5500   289289      1       -1       -1       -1  0 1.58900e+11 1.23900e+11 119.900000 31.606000 45.410000  1 0.4700 93.290000 37.49263 47.40645 60.01683 43.190 -188.710 -21.040 -8.600e+09 1.639e+09 -3.759e+09 0.00874 475162 475162 682174 8602 42 475115 475169 31.6059 123930000000 123930000000 114400000000 0 0 44.9869 4.97 0.00925 0.03093 0 64.7315 -61.3692 0.21596 0 0 0 0 0 0.2109 150600000000 123900000000
 0.5300   270822 0.5400   280062      1       -1       -1       -1  0 1.58900e+11 1.62100e+11 131.449000 44.813000 44.890000  1 0.4700 100.870000 37.47137 47.47643 60.02514 50.080 -181.660 -27.890 1.887e+09 2.229e+10 1.711e+10 0.01715 475163 475163 682174 8600 41 475115 475169 44.8127 162060000000 162060000000 104860000000 0 0 28.2108 2.12 0.01763 0.02918 0 -38.4853 60.2492 -18.727 0 0 0 0 0 0.1617 154500000000 209700000000
 0.5200   261590 0.5300   270822      1       -1       -1       -1  0 1.58900e+11 1.62100e+11 131.776000 40.113000 49.800000  1 0.4700 102.440000 37.44982 47.54740 60.03356 48.150 -176.560 -28.640 1.335e+09 2.288e+10 1.643e+10 0.01730 475164 475164 682174 7447 40 475115 475169 40.113 162060000000 162060000000 142990000000 0 0 29.4182 2.89 0.0178 0.17575 0.01827 -43.5326 64.1013 -10.8836 0 0 0 0 0 0.1915 149300000000 190700000000
 0.5100   252312 0.5200   261590      1       -1       -1       -1  0 1.58900e+11 1.52500e+11 129.454000 24.409000 52.440000  1 0.4700 106.760000 37.42797 47.61938 60.04211 44.670 -173.040 -28.660 -5.874e+09 -1.272e+10 2.407e+10 0.01921 475165 475165 682174 7415 39 475115 475169 24.4089 152530000000 162060000000 152530000000 0 0 32.0562 0 0.01962 0.18891 0.00525 -32.9667 62.7448 -12.6713 0 0 0 0 0 0.2089 147700000000 114400000000
 0.5000   243139 0.5100   252312      1       -1       -1       -1  0 1.58900e+11 1.62100e+11 132.410000 35.481000 54.350000  1 0.4700 105.340000 37.40584 47.69235 60.05080 47.270 -168.140 -25.940 -5.425e+09 2.346e+10 1.526e+10 0.01822 475166 475166 682174 7397 38 475115 475169 35.4809 162060000000 171590000000 142990000000 95330000000 0 33.0235 0 0.01831 0.05639 0 -22.2333 49.3724 -23.6191 0 0 -21.9727 41.1835 -19.371 0.2103 146100000000 171600000000
 0.4900   233923 0.5000   243139      1       -1       -1       -1  0 1.52567e+11 1.62100e+11 132.716000 30.894000 50.800000  1 0.4700 107.860000 37.38340 47.76630 60.05962 45.160 -162.660 -27.700 5.605e+09 4.668e+10 -2.215e+09 0.03138 475167 475167 682174 8456 37 475115 475169 30.8945 162060000000 162060000000 123930000000 95330000000 0 28.0157 6.88 0.0305 0.12952 0.00118 -22.561 53.3637 -39.8171 0.12922 0.08005 -35.3721 38.7014 -8.67227 0.1796 142500000000 133500000000
 0.4800   224744 0.4900   233923      1       -1       -1       -1  0 1.43033e+11 1.33500e+11 124.680000 10.936000 50.310000  1 0.4700 121.630000 37.36024 47.88684 60.05537 44.150 -158.620 -27.730 7.330e+08 -1.597e+10 1.985e+10 0.02748 475168 475168 682174 8542 36 475115 475169 10.9359 133460000000 133460000000 133460000000 114400000000 0 14.2063 0 0.02304 0.36615 0.05864 31.0678 -26.8222 -11.3661 0.41934 0.07212 30.3176 -25.9828 -9.65441 0.1447 163900000000 38130000000
 0.4700   215603 0.4800   224744      0       -1       -1       -1  0 1.33500e+11 1.33500e+11 124.953000 13.885000 51.440000  1 0.4700 116.450000 37.31591 47.94382 60.07722 43.090 -154.520 -27.590 6.621e+07 -1.611e+10 1.986e+10 0.02784 475169 475169 682174 8539 35 475115 475169 13.8848 133460000000 133460000000 123930000000 114400000000 0 21.8238 0 0.02334 0.86575 0.33451 14.8746 -12.3331 21.0994 0.59524 0.00794 -13.5876 4.81689 24.3143 0.1504 143300000000 76260000000
