 1.0000   681983 0.0000       -1      1       -1       -1       -1  0 2.28800e+11 2.28800e+11 125.126000 12.140000 97.630000  1 0.9100 107.600000 43.39346 48.90456 42.44707 67.790 -186.850 -165.080 1.156e+11 -1.905e+11 -3.774e+10 0.05245 454576 454576 681983 7498 88 454575 454585 12.1401 228790000000 238320000000 181130000000 152530000000 76264000000 20.1151 0 0.06295 0.51521 0.40509 16.4811 10.2984 10.3498 0.7162 0.36684 5.88665 0.26033 10.1779 0.6327 264800000000 104900000000
 0.9900   673879 1.0000   681983      1       -1       -1       -1  0 2.25633e+11 2.28800e+11 125.653000 16.113000 91.710000  1 0.9100 101.760000 43.38132 48.91969 42.46455 73.270 -183.330 -164.890 1.461e+11 -2.106e+11 -1.102e+11 0.06726 454577 454577 681983 7499 87 454575 454585 16.1126 228790000000 238320000000 190660000000 142990000000 38132000000 16.3953 0 0.07794 0.47343 0.35889 14.7832 6.93797 6.29946 0.82486 0.44646 9.42089 0.67653 4.07115 0.5834 262400000000 143000000000
 0.9800   665432 0.9900   673879      1       -1       -1       -1  0 2.16100e+11 2.19300e+11 124.403000 14.457000 91.150000  1 0.9100 102.630000 43.37199 48.93600 42.48511 72.380 -179.960 -167.110 9.369e+10 -1.517e+11 -8.977e+10 0.05194 454578 454578 681983 7544 86 454575 454585 14.4573 219260000000 238320000000 171590000000 114400000000 38132000000 14.5793 0 0.06005 0.47526 0.31375 18.4449 6.25211 2.5419 0.42817 0.27529 9.4604 -5.33301 0.22649 0.5851 260400000000 114400000000
 0.9700   657028 0.9800   665432      1       -1       -1       -1  0 2.12933e+11 2.00200e+11 121.190000 21.223000 81.850000  1 0.9100 92.690000 43.36290 48.95250 42.50620 74.510 -166.070 -182.470 1.383e+11 -1.285e+11 -9.963e+10 0.06012 454579 454579 681983 6527 85 454575 454585 21.223 219260000000 228790000000 171590000000 114400000000 28599000000 17.7343 11.74 0.07494 0.35931 0.22072 27.6285 15.6799 -2.42643 0.32815 0.12812 24.7144 13.1318 -4.64851 0.5916 199100000000 143000000000
 0.9600   648685 0.9700   657028      1       -1       -1       -1  0 2.00200e+11 2.19300e+11 125.439000 11.420000 84.810000  1 0.9100 108.950000 43.36562 48.98005 42.51971 75.170 -179.190 -162.090 1.466e+11 -1.532e+11 -1.678e+11 0.07823 454580 454580 681983 7545 84 454575 454585 11.4196 219260000000 238320000000 162060000000 114400000000 76264000000 6.23831 0 0.08182 0.63261 0.22021 23.1207 8.0792 -1.15634 0.62832 0.11236 18.152 3.97121 -12.6131 0.4968 250200000000 104900000000
 0.9500   640344 0.9600   648685      1       -1       -1       -1  0 1.93833e+11 1.81100e+11 118.185000 12.357000 79.210000  1 0.9100 99.400000 43.34312 48.98596 42.54110 76.370 -168.090 -172.020 3.603e+10 1.664e+10 -7.955e+10 0.03577 454581 454581 681983 7569 83 454575 454585 12.3574 181130000000 219260000000 162060000000 133460000000 9533000000 5.80563 0 0.03711 0.60798 0.43378 21.0081 14.1593 13.0165 0.9618 0.38606 14.0284 10.0056 10.5132 0.482 228200000000 95330000000
 0.9400   632026 0.9500   640344      1       -1       -1       -1  0 1.77933e+11 1.81100e+11 118.669000 12.080000 77.460000  1 0.9100 100.310000 43.33249 49.00241 42.56509 74.400 -166.940 -170.380 3.714e+10 1.476e+10 -8.073e+10 0.03624 454582 454582 681983 7578 82 454575 454585 12.0802 181130000000 209730000000 171590000000 133460000000 28599000000 10.964 0 0.03772 0.70517 0.40791 19.2438 12.0346 12.2983 0.51221 0.02995 9.29292 19.4135 -1.22728 0.4714 229900000000 76260000000
 0.9300   623689 0.9400   632026      1       -1       -1       -1  0 1.74767e+11 1.71600e+11 117.024000 11.999000 78.420000  1 0.9100 98.690000 43.32142 49.02114 42.58569 73.870 -167.770 -168.140 6.160e+10 2.171e+10 -1.061e+11 0.05329 454583 454583 681983 7597 81 454575 454585 11.999 171590000000 200190000000 171590000000 123930000000 19066000000 13.6276 0 0.0573 0.74688 0.46063 12.9864 7.07084 6.87162 0.2269 0.08636 17.009 1.87675 9.8468 0.5002 230200000000 66730000000
 0.9200   615343 0.9300   623689      1       -1       -1       -1  1 1.71600e+11 1.71600e+11 117.499000 11.305000 78.320000  1 0.9100 100.560000 43.31310 49.04003 42.60462 73.870 -167.770 -168.140 6.123e+10 2.160e+10 -1.058e+11 0.05341 454584 454584 681983 8294 80 454575 454585 11.3475 171590000000 200190000000 166825000000 123930000000 19066000000 8.28172 0 0.057285 0.509565 0.29964 17.4212 4.51809 14.0235 0.28187 0.09354 15.4575 2.76326 16.1303 0.4977 236250000000 52430000000
 0.9100   606967 0.9200   615343      0       -1       -1       -1  0 1.71600e+11 1.71600e+11 117.970000 10.611000 78.210000  1 0.9100 102.360000 43.30342 49.07004 42.61408 69.640 -165.300 -165.640 6.087e+10 2.150e+10 -1.055e+11 0.05353 454585 454585 681983 7645 79 454575 454585 10.6112 171590000000 200190000000 162060000000 123930000000 19066000000 2.93586 0 0.05727 0.27225 0.13865 21.856 1.96535 21.1753 0.33684 0.10072 13.906 3.64977 22.4138 0.4952 242300000000 38130000000
