 1.0000   676856 0.0000       -1      1       -1       -1       -1  0 1.75400e+12 1.75400e+12 246.728000 45.075000 198.340000  1 0.5000 191.620000 26.03621 40.84761 24.95908 -16.710 -125.030 74.690 6.545e+12 -3.792e+12 6.715e+12 0.07942 171441 171441 676856 2371 88 171440 171542 40.1649 1754100000000 2001900000000 1363200000000 848440000000 362250000000 25.9892 16.33 0.0945 0.70697 0.51418 16.9637 10.0361 -15.5877 0.77472 0.51287 14.1317 6.69291 -9.28144 0.6484 1784000000000 1363000000000
 0.9900   668701 1.0000   676856      1       -1       -1       -1  0 1.72233e+12 1.76400e+12 248.215000 32.927000 195.410000  1 0.5000 191.270000 26.03265 40.85836 24.95469 -18.620 -124.360 71.910 6.903e+12 -3.059e+12 6.196e+12 0.07643 171442 171442 676856 2359 87 171440 171542 42.0615 1763600000000 1963800000000 1353700000000 857970000000 409920000000 25.3781 12.61 0.0907 0.63381 0.49512 21.0386 12.1356 -17.3677 0.62174 0.45478 19.5363 6.94587 -8.77673 0.6379 1788000000000 991400000000
 0.9800   660334 0.9900   668701      1       -1       -1       -1  0 1.68433e+12 1.64900e+12 243.745000 48.209000 193.880000  1 0.5000 191.990000 26.03793 40.86688 24.93244 -16.260 -123.470 69.910 3.620e+12 -2.298e+12 5.365e+12 0.06276 171443 171443 676856 2372 86 171440 171542 36.0282 1649200000000 1963800000000 1401400000000 810300000000 390850000000 22.6421 9.07 0.07154 0.5842 0.531 17.891 5.84982 -18.078 0.70203 0.47033 12.5962 3.36889 -12.4522 0.6233 1770000000000 1420000000000
 0.9700   652008 0.9800   660334      1       -1       -1       -1  0 1.63000e+12 1.64000e+12 244.288000 47.318000 192.600000  1 0.5000 188.760000 26.03713 40.88081 24.91203 -15.670 -113.480 79.020 4.318e+12 -1.882e+12 6.421e+12 0.07208 171444 171444 676856 2395 85 171440 171542 40.1374 1639700000000 1916100000000 1353700000000 734040000000 428980000000 27.0982 14.72 0.08401 0.6348 0.49242 -16.5673 -4.00762 22.975 0.61367 0.42189 -3.49838 -10.6791 15.334 0.63 1709000000000 1401000000000
 0.9600   643693 0.9700   652008      1       -1       -1       -1  0 1.61100e+12 1.60100e+12 243.384000 57.431000 190.520000  1 0.5000 190.270000 26.04262 40.88558 24.90153 -15.780 -104.700 82.850 3.417e+12 -2.237e+12 6.564e+12 0.07465 171445 171445 676856 1354 84 171440 171542 37.0928 1601500000000 1830300000000 1353700000000 800770000000 409920000000 34.127 24.09 0.08508 0.67495 0.39145 -12.4276 3.96239 16.3148 0.81066 0.44978 -4.13816 -8.23572 9.64549 0.6172 1685000000000 1554000000000
 0.9500   635395 0.9600   643693      1       -1       -1       -1  0 1.58867e+12 1.59200e+12 243.902000 64.323000 187.780000  1 0.5000 190.030000 26.04002 40.88411 24.90020 -12.260 -104.540 80.330 2.541e+12 -2.052e+12 6.614e+12 0.07142 171446 171446 676856 2401 83 171440 171542 37.7092 1592000000000 1782700000000 1325100000000 829370000000 390850000000 38.3135 24.6 0.08225 0.68595 0.3684 -15.9281 18.0619 25.8285 0.88208 0.42248 -4.90027 20.5921 3.24817 0.6154 1652000000000 1649000000000
 0.9400   627110 0.9500   635395      1       -1       -1       -1  0 1.57300e+12 1.57300e+12 243.920000 50.825000 185.930000  1 0.5000 181.880000 26.03869 40.89900 24.88884 -14.310 -102.590 81.880 3.458e+12 -1.893e+12 7.157e+12 0.08184 171447 171447 676856 357 82 171440 171542 49.9003 1572900000000 1696900000000 1296500000000 810300000000 352720000000 40.5118 25.32 0.09326 0.80262 0.52337 -7.10102 15.2955 22.9568 0.75084 0.49379 3.98074 19.8504 -0.65141 0.6068 1585000000000 1392000000000
 0.9300   618801 0.9400   627110      1       -1       -1       -1  0 1.55067e+12 1.55400e+12 243.920000 50.104000 184.150000  1 0.5000 183.040000 26.03058 40.91439 24.87720 -14.660 -104.640 78.580 3.619e+12 -2.181e+12 6.681e+12 0.08247 171448 171448 676856 3409 81 171440 171542 47.3963 1553900000000 1687300000000 1248800000000 800770000000 324120000000 41.9926 24.23 0.09238 0.85389 0.64202 0.51752 7.92133 25.5031 0.9141 0.52144 10.0604 10.3363 15.4736 0.5942 1528000000000 1316000000000
 0.9200   610469 0.9300   618801      1       -1       -1       -1  0 1.49333e+12 1.52500e+12 243.395000 45.485000 184.130000  1 0.5000 188.770000 26.03546 40.93970 24.86804 -17.970 -104.700 74.610 4.412e+12 -1.799e+12 6.094e+12 0.08644 171449 171449 676856 2415 80 171440 171542 38.1447 1525300000000 1668300000000 1229800000000 924700000000 362250000000 31.6169 18.67 0.09356 0.90991 0.64996 -5.38084 -10.3498 23.1447 0.81883 0.4819 -2.9195 -14.583 15.0307 0.5783 1542000000000 1230000000000
 0.9100   602120 0.9200   610469      1       -1       -1       -1  0 1.42967e+12 1.40100e+12 237.568000 32.711000 181.590000  1 0.5000 190.980000 26.02912 40.94016 24.85779 -18.620 -106.820 69.040 2.275e+12 -9.502e+11 3.960e+12 0.06305 171450 171450 676856 2421 79 171440 171542 30.5052 1401400000000 1649200000000 1191600000000 877040000000 371790000000 37.5908 12.79 0.0652 0.86667 0.65307 20.0841 13.462 -5.56738 0.82992 0.69039 12.4912 12.652 -6.7864 0.5592 1478000000000 924700000000
 0.9000   593769 0.9100   602120      1       -1       -1       -1  0 1.37900e+12 1.36300e+12 236.334000 25.598000 184.130000  1 0.5000 195.570000 26.03610 40.96052 24.85561 -13.580 -106.260 69.860 1.703e+12 -2.013e+11 3.482e+12 0.05796 171451 171451 676856 2440 78 171440 171542 26.259 1363200000000 1582500000000 1201200000000 924700000000 419450000000 27.5331 16.48 0.05701 0.79048 0.65965 20.1705 9.05313 -11.5424 0.73016 0.56281 18.7618 6.60823 -7.19772 0.5439 1497000000000 743600000000
 0.8900   585371 0.9000   593769      1       -1       -1       -1  0 1.35367e+12 1.37300e+12 237.824000 22.003000 184.820000  1 0.5000 196.650000 26.03754 40.98305 24.84797 -16.800 -112.420 67.810 1.741e+12 -4.230e+11 3.265e+12 0.05524 171452 171452 676856 2447 77 171440 171542 26.4746 1372800000000 1506200000000 1220200000000 896100000000 400390000000 25.7082 16.02 0.05427 0.76552 0.67896 18.9873 6.68718 -18.2487 0.79111 0.74622 16.5479 2.67674 -13.0512 0.5434 1472000000000 686400000000
 0.8800   576992 0.8900   585371      1       -1       -1       -1  0 1.34100e+12 1.32500e+12 235.965000 20.132000 184.610000  1 0.5000 210.180000 26.05123 40.99718 24.83528 -21.950 -116.380 69.380 2.039e+12 1.197e+11 3.020e+12 0.05961 171453 171453 676856 3453 76 171440 171542 18.9364 1325100000000 1410900000000 1210700000000 857970000000 400390000000 19.5931 15.62 0.05656 0.76288 0.69956 -14.2251 -8.20439 19.1767 0.84876 0.78477 -9.90613 -2.31522 16.8268 0.5297 1638000000000 705400000000
 0.8700   568535 0.8800   576992      1       -1       -1       -1  0 1.32200e+12 1.32500e+12 236.889000 22.708000 185.420000  1 0.5000 213.920000 26.06027 41.02643 24.82874 -22.270 -115.240 68.950 1.876e+12 2.252e+11 2.806e+12 0.05715 171454 171454 676856 2449 75 171440 171542 17.9689 1325100000000 1401400000000 1153500000000 924700000000 428980000000 14.8379 14.16 0.05267 0.76849 0.7019 8.11053 11.6608 -12.6803 0.85267 0.70803 2.81922 12.6324 -8.63648 0.5173 1486000000000 705400000000
 0.8600   560077 0.8700   568535      1       -1       -1       -1  0 1.29033e+12 1.31600e+12 237.237000 25.794000 179.820000  1 0.5000 200.610000 26.06812 41.05267 24.81698 -23.940 -115.050 67.940 1.731e+12 3.107e+11 2.755e+12 0.05404 171455 171455 676856 2464 74 171440 171542 23.7663 1315600000000 1372800000000 1105800000000 867500000000 476650000000 18.0352 13.06 0.05171 0.7936 0.6606 8.94227 20.3494 -11.1267 0.69357 0.60463 3.8725 19.2677 -2.94575 0.522 1417000000000 753100000000
 0.8500   551646 0.8600   560077      1       -1       -1       -1  0 1.24267e+12 1.23000e+12 232.858000 23.936000 169.030000  1 0.5000 193.860000 26.07878 41.06742 24.80283 -25.920 -115.450 72.050 1.445e+12 -1.103e+11 1.709e+12 0.04333 171456 171456 676856 2454 73 171440 171542 25.064 1229800000000 1353700000000 1115400000000 886570000000 409920000000 16.4053 8.4 0.03982 0.849 0.58698 13.0679 20.5113 -11.4114 0.86803 0.50493 10.4534 19.153 -5.55522 0.48 1376000000000 648200000000
 0.8400   543133 0.8500   551646      1       -1       -1       -1  0 1.18867e+12 1.18200e+12 230.689000 26.600000 159.360000  1 0.5000 184.450000 26.09336 41.09208 24.79134 -26.260 -114.410 71.170 1.390e+12 -3.172e+11 1.375e+12 0.04109 171457 171457 676856 2496 72 171440 171542 30.304 1182100000000 1353700000000 1077200000000 819840000000 343190000000 23.1433 5.56 0.03775 0.86005 0.59493 15.1699 21.2776 -13.6155 0.75502 0.53096 -14.9904 -13.9105 14.4082 0.454 1316000000000 648200000000
 0.8300   534622 0.8400   543133      1       -1       -1       -1  0 1.16333e+12 1.15400e+12 229.682000 28.405000 153.650000  1 0.5000 182.740000 26.10209 41.09903 24.77798 -30.560 -107.850 66.800 1.185e+12 -4.626e+11 1.101e+12 0.03721 171458 171458 676856 363 71 171440 171542 31.0147 1153500000000 1239300000000 1067700000000 772170000000 352720000000 15.5225 3.64 0.03353 0.83389 0.73001 -14.8306 -7.40905 25.5529 0.72103 0.63366 -11.8974 -4.48828 20.7581 0.4295 1269000000000 686400000000
 0.8200   526044 0.8300   534622      1       -1       -1       -1  0 1.15067e+12 1.15400e+12 230.546000 33.084000 152.010000  1 0.5000 190.530000 26.10159 41.11718 24.76225 -32.800 -106.590 66.560 1.057e+12 -4.030e+11 1.057e+12 0.03482 171459 171459 676856 2490 70 171440 171542 25.7971 1153500000000 1182100000000 1058200000000 667310000000 371790000000 11.8635 5.69 0.03098 0.94509 0.75898 -5.57929 14.7652 17.2172 0.95671 0.75517 -8.4552 -2.46501 15.6146 0.4169 1205000000000 791200000000
 0.8100   517402 0.8200   526044      1       -1       -1       -1  0 1.14400e+12 1.14400e+12 230.768000 37.029000 150.070000  1 0.5000 187.140000 26.10263 41.13862 24.74863 -33.210 -104.290 67.110 1.010e+12 -4.627e+11 8.973e+11 0.03269 171460 171460 676856 2493 69 171440 171542 28.3892 1144000000000 1191600000000 1010500000000 648240000000 371790000000 11.6062 5.43 0.02911 0.88992 0.68463 -6.16397 14.534 15.9837 0.8948 0.6074 -9.54146 10.2563 6.64955 0.4107 1173000000000 800800000000
 0.8000   508728 0.8100   517402      1       -1       -1       -1  0 1.13733e+12 1.13400e+12 230.976000 59.840000 147.520000  1 0.5000 183.470000 26.11308 41.16130 24.73416 -37.040 -107.200 65.700 8.238e+11 -6.418e+11 6.584e+11 0.02876 171461 171461 676856 2519 68 171440 171542 31.7364 1134400000000 1201200000000 991430000000 629180000000 314590000000 15.4823 4.24 0.02563 0.93653 0.71454 0.33974 11.5138 14.0567 0.96008 0.71317 -5.46066 0.93712 12.2384 0.4015 1132000000000 1163000000000
 0.7900   500094 0.8000   508728      1       -1       -1       -1  0 1.12767e+12 1.13400e+12 231.823000 35.914000 143.510000  1 0.5000 186.830000 26.12200 41.18262 24.70825 -33.830 -105.550 68.880 7.123e+11 -6.166e+11 1.338e+11 0.02166 171462 171462 676856 2515 67 171440 171542 29.6512 1134400000000 1172600000000 867500000000 629180000000 333650000000 22.854 3.15 0.01984 0.71133 0.55355 14.8528 21.1055 -10.6331 0.75665 0.4989 15.4014 10.3166 -9.38785 0.3997 1163000000000 715000000000
 0.7800   491452 0.7900   500094      1       -1       -1       -1  0 1.07380e+12 1.11500e+12 231.355000 50.769000 136.990000  1 0.5000 174.340000 26.14639 41.19070 24.68452 -38.050 -105.080 69.560 5.608e+11 -4.216e+11 -3.383e+10 0.01632 171463 171463 676856 2520 66 171440 171542 44.1054 1115400000000 1163000000000 829370000000 581510000000 276460000000 34.2015 5.39 0.01513 0.71653 0.48366 17.5521 17.9597 -14.5317 0.79544 0.30178 16.0682 7.07087 -12.8459 0.3841 1108000000000 896100000000
 0.7700   482766 0.7800   491452      1       -1       -1       -1  0 1.02310e+12 9.72400e+11 221.808000 39.964000 134.210000  1 0.5000 169.950000 26.15671 41.20346 24.66564 -36.860 -95.560 69.390 3.357e+10 -3.191e+11 3.179e+11 0.01360 171464 171464 676856 2535 65 171440 171542 38.1503 972370000000 1134400000000 800770000000 581510000000 247860000000 35.8218 0.72 0.01229 0.84178 0.69507 13.8773 14.9795 -15.5775 0.88282 0.54051 -11.7972 11.002 8.43578 0.3771 1053000000000 743600000000
 0.7600   474070 0.7700   482766      1       -1       -1       -1  0 9.62833e+11 9.81900e+11 223.324000 40.776000 134.750000  1 0.5000 170.570000 26.15806 41.21188 24.65113 -37.560 -98.200 69.120 3.718e+11 -3.993e+11 3.111e+11 0.01866 171465 171465 676856 2536 64 171440 171542 39.5081 981900000000 981900000000 819840000000 581510000000 228790000000 28.5404 1.3 0.01689 0.83629 0.74343 -3.29567 -6.15433 20.64 0.69688 0.45106 -4.98313 -2.63975 18.0465 0.3774 1013000000000 753100000000
 0.7500   465348 0.7600   474070      1       -1       -1       -1  0 9.40567e+11 9.34200e+11 220.425000 30.680000 135.050000  1 0.5000 175.610000 26.16540 41.22598 24.62959 -39.290 -99.450 69.710 2.466e+11 -3.634e+11 1.861e+11 0.01585 171466 171466 676856 2553 63 171440 171542 30.6798 934230000000 991430000000 819840000000 533850000000 285990000000 28.2609 0.94 0.01401 0.95419 0.72103 -4.91465 1.79619 17.4251 0.95981 0.45972 -2.40178 13.5373 3.39778 0.3727 944400000000 533800000000
 0.7400   456552 0.7500   465348      1       -1       -1       -1  0 9.08800e+11 9.05600e+11 218.914000 20.606000 136.810000  1 0.5000 189.440000 26.16880 41.25055 24.61223 -39.320 -99.270 67.820 6.363e+10 -3.312e+11 5.123e+11 0.02220 171467 171467 676856 2547 62 171440 171542 20.6056 905630000000 991430000000 772170000000 505250000000 305060000000 27.9794 0.94 0.01906 0.9029 0.80683 2.93432 17.4767 8.22414 0.72643 0.58356 -2.29865 15.8259 1.26184 0.3683 914300000000 381300000000
 0.7300   447721 0.7400   456552      1       -1       -1       -1  0 9.08800e+11 8.77000e+11 217.334000 19.957000 134.950000  1 0.5000 189.450000 26.17813 41.26991 24.59959 -39.390 -96.830 64.820 7.960e+10 -4.130e+11 9.214e+10 0.01646 171468 171468 676856 2554 61 171440 171542 19.9572 877040000000 962830000000 743570000000 486180000000 324120000000 25.7749 0 0.01419 0.92276 0.78624 -4.67469 14.3857 14.9208 0.78043 0.61933 -7.78612 13.9161 4.88401 0.3642 903800000000 381300000000
 0.7200   438861 0.7300   447721      1       -1       -1       -1  0 9.08800e+11 8.58000e+11 216.485000 18.981000 132.950000  1 0.5000 191.100000 26.17797 41.29172 24.58580 -36.480 -95.650 62.460 -1.087e+11 -4.100e+11 -3.202e+11 0.02158 171469 171469 676856 2588 60 171440 171542 18.9814 857970000000 943770000000 772170000000 505250000000 295520000000 15.7868 0 0.01826 0.79037 0.49612 -3.2838 5.58678 19.4893 0.54913 0.44388 -8.15731 3.40328 14.4472 0.3501 900800000000 333700000000
 0.7100   429945 0.7200   438861      1       -1       -1       -1  0 9.08800e+11 8.86600e+11 219.604000 27.066000 126.990000  1 0.5000 180.320000 26.16787 41.30770 24.57340 -35.720 -97.430 60.610 -1.734e+11 -3.005e+11 -3.326e+11 0.01773 171470 171470 676856 2595 59 171440 171542 27.0656 886570000000 934230000000 724510000000 495720000000 247860000000 21.7843 2.93 0.01572 0.85263 0.61089 18.8317 16.9334 10.8613 0.83284 0.5123 13.9044 10.8991 11.8787 0.3463 922300000000 438500000000
 0.7000   420975 0.7100   429945      1       -1       -1       -1  0 9.08800e+11 8.48400e+11 217.132000 34.444000 121.040000  1 0.5000 170.530000 26.19004 41.33106 24.56776 -34.020 -100.220 58.430 1.256e+11 -3.780e+11 -3.723e+11 0.02210 171471 171471 676856 2599 58 171440 171542 34.4435 848440000000 886570000000 695910000000 476650000000 228790000000 4.61009 3.02 0.01929 0.91076 0.79748 -0.91742 20.7675 -1.36219 0.93198 0.67691 8.64571 -8.39251 10.8743 0.3231 918200000000 591000000000
 0.6900   411979 0.7000   420975      1       -1       -1       -1  0 9.08800e+11 7.62600e+11 210.243000 22.582000 114.170000  1 0.5000 178.400000 26.19537 41.34903 24.55041 -29.490 -95.580 54.660 -9.546e+10 -3.449e+11 -1.889e+11 0.02078 171472 171472 676856 2589 57 171440 171542 22.5822 762640000000 848440000000 686380000000 457580000000 238320000000 11.3643 1.79 0.0172 0.78264 0.65541 -6.01021 21.2773 -2.04648 0.66901 0.56031 -6.28056 16.6106 2.57984 0.2851 940100000000 390900000000
 0.6800   402964 0.6900   411979      1       -1       -1       -1  0 9.08800e+11 7.72200e+11 211.804000 26.881000 112.640000  1 0.5000 174.080000 26.19637 41.35938 24.54117 -28.220 -95.240 53.890 3.536e+10 -2.317e+11 5.392e+10 0.01203 171473 171473 676856 2606 56 171440 171542 26.881 772170000000 810300000000 648240000000 457580000000 266920000000 14.9016 0 0.01007 0.71986 0.55308 1.0926 22.7912 1.37277 0.55267 0.34752 -2.49948 16.6518 6.15773 0.2815 862300000000 419500000000
 0.6700   393979 0.6800   402964      1       -1       -1       -1  0 9.08800e+11 7.81700e+11 213.357000 29.163000 111.960000  1 0.5000 173.330000 26.20359 41.39270 24.52950 -28.190 -93.770 50.210 -7.038e+10 -2.742e+11 -4.956e+10 0.01421 171474 171474 676856 3697 55 171440 171542 29.1634 781710000000 819840000000 619640000000 467120000000 238320000000 11.9049 1.34 0.01186 0.72251 0.44752 11.0154 25.5387 4.34666 0.65573 0.46767 8.99974 19.8867 9.67003 0.2745 849500000000 467100000000
 0.6600   385033 0.6700   393979      1       -1       -1       -1  0 9.08800e+11 7.24500e+11 208.681000 15.122000 114.560000  1 0.5000 195.730000 26.20811 41.40681 24.52081 -28.710 -95.740 46.870 -8.530e+10 -8.594e+10 -9.180e+10 0.00901 171475 171475 676856 2587 54 171440 171542 15.122 724510000000 772170000000 581510000000 448050000000 238320000000 13.1682 3.17 0.00716 0.73952 0.30599 12.314 19.3345 4.39758 0.7867 0.27581 10.6395 9.09124 13.3263 0.27 845200000000 266900000000
 0.6500   375992 0.6600   385033      1       -1       -1       -1  0 9.08800e+11 6.95900e+11 206.544000 17.869000 110.640000  1 0.5000 186.030000 26.21480 41.42574 24.50961 -28.160 -96.500 45.240 -2.857e+10 -6.062e+10 1.431e+11 0.01024 171476 171476 676856 2624 53 171440 171542 17.8694 695910000000 743570000000 562450000000 448050000000 285990000000 21.8212 0 0.00801 0.66277 0.59268 12.9323 16.0703 3.13828 0.84301 0.68631 11.8583 9.99943 3.548 0.2531 862800000000 314600000000
 0.6400   366916 0.6500   375992      1       -1       -1       -1  0 9.08800e+11 6.29200e+11 200.336000 14.227000 108.410000  1 0.5000 190.020000 26.22287 41.44526 24.49895 -27.280 -94.560 46.100 1.519e+10 -3.330e+09 3.994e+11 0.03232 171477 171477 676856 2587 52 171440 171542 14.227 629180000000 743570000000 571980000000 457580000000 285990000000 11.3361 0 0.02411 0.8736 0.80048 7.71516 13.848 1.70412 0.83588 0.59814 -5.69953 7.56033 8.71522 0.236 817400000000 286000000000
 0.6300   357800 0.6400   366916      1       -1       -1       -1  0 9.08800e+11 6.29200e+11 200.946000 20.152000 101.100000  1 0.5000 176.080000 26.23949 41.47710 24.48495 -26.160 -95.860 44.010 1.371e+11 -1.099e+11 4.871e+11 0.04010 171478 171478 676856 1487 51 171440 171542 20.1519 629180000000 667310000000 562450000000 467120000000 181130000000 7.21287 0 0.03144 0.72584 0.58557 16.6623 22.4693 5.43984 0.76369 0.63574 7.8401 18.7767 11.2015 0.2279 761100000000 352700000000
 0.6200   348709 0.6300   357800      1       -1       -1       -1  0 9.08800e+11 6.10100e+11 199.492000 18.440000 100.020000  1 0.5000 178.690000 26.23917 41.48964 24.46818 -24.070 -95.540 47.740 1.661e+11 -7.125e+10 3.536e+11 0.03336 171479 171479 676856 2566 50 171440 171542 18.4402 610110000000 629180000000 552910000000 448050000000 152530000000 9.1393 0 0.02555 0.76592 0.65887 13.0962 15.0593 -10.5241 0.87077 0.68739 9.45666 13.9579 -7.66673 0.216 822100000000 276500000000
 0.6100   339584 0.6200   348709      1       -1       -1       -1  0 9.08800e+11 6.10100e+11 200.081000 27.140000 99.680000  1 0.5000 165.960000 26.24550 41.51358 24.45949 -23.450 -98.850 43.850 1.155e+11 -9.010e+10 2.902e+11 0.02699 171480 171480 676856 2612 49 171440 171542 27.1395 619640000000 619640000000 562450000000 457580000000 152530000000 15.157 0 0.02105 0.55524 0.47509 10.1309 16.9485 -9.76507 0.43471 0.36606 5.4178 15.219 -2.8872 0.2182 729300000000 400400000000
 0.6000   330444 0.6100   339584      1       -1       -1       -1  0 9.08800e+11 6.19600e+11 201.702000 20.673000 100.400000  1 0.5000 177.870000 26.25612 41.55327 24.43090 -22.470 -101.520 42.900 1.257e+11 -6.478e+10 2.546e+11 0.02356 171481 171481 676856 3667 48 171440 171542 20.6728 629180000000 629180000000 581510000000 448050000000 209730000000 20.8779 0 0.01851 0.65635 0.53513 -7.01138 -13.2693 16.8526 0.68373 0.60954 -1.90802 -10.3812 13.7202 0.2198 728400000000 295500000000
 0.5900   321267 0.6000   330444      1       -1       -1       -1  0 9.08800e+11 6.00600e+11 200.181000 19.690000 101.690000  1 0.5000 178.880000 26.26841 41.58004 24.43423 -22.440 -100.960 43.410 1.449e+11 -1.022e+10 2.284e+11 0.02443 171482 171482 676856 1557 47 171440 171542 19.6903 600580000000 610110000000 581510000000 400390000000 228790000000 10.5326 0 0.01824 0.89031 0.76837 -0.01669 14.5219 -9.74207 0.88401 0.82463 -1.83739 12.8349 -4.1375 0.2063 708200000000 286000000000
 0.5800   312025 0.5900   321267      1       -1       -1       -1  0 9.08800e+11 5.91000e+11 199.675000 14.454000 104.070000  1 0.5000 192.840000 26.27456 41.60706 24.41360 -21.820 -102.440 43.730 1.165e+11 5.222e+10 2.104e+11 0.02341 171483 171483 676856 2714 46 171440 171542 14.4542 591050000000 619640000000 581510000000 390850000000 228790000000 16.8513 0 0.01716 0.86119 0.61281 3.6723 15.4179 -10.1196 0.79447 0.63928 2.39448 14.8557 -1.21447 0.2091 722400000000 228800000000
 0.5700   302803 0.5800   312025      1       -1       -1       -1  0 9.08800e+11 6.76800e+11 209.480000 27.827000 102.150000  1 0.5000 177.430000 26.28326 41.64229 24.38553 -22.320 -94.890 43.650 6.433e+11 -3.727e+10 1.258e+11 0.04582 171484 171484 676856 2695 45 171440 171542 27.8272 676840000000 676840000000 581510000000 400390000000 219260000000 19.1267 0 0.03679 0.77207 0.56942 -10.292 -12.695 20.5078 0.84678 0.48828 -13.4311 -6.46792 13.644 0.2153 761200000000 381300000000
 0.5600   293548 0.5700   302803      2       -1       -1       -1  0 9.08800e+11 7.62600e+11 218.571000 46.021000 105.110000  1 0.5000 172.670000 26.28970 41.67697 24.37164 -25.480 -84.370 40.730 1.117e+12 1.590e+11 6.689e+11 0.07084 171485 171485 676856 2698 44 171440 171542 46.0209 762640000000 819840000000 562450000000 409920000000 171590000000 41.9727 2.07 0.0607 0.61511 0.47543 8.31274 18.9384 -20.0593 0.75309 0.72207 -6.81146 5.45206 16.3717 0.2291 767800000000 572000000000
 0.5500   284293 0.5600   293548      1       -1       -1       -1  0 9.08800e+11 9.05600e+11 232.070000 85.960000 110.840000  1 0.5000 175.470000 26.29177 41.72243 24.35361 -24.950 -69.070 36.320 1.598e+12 -3.249e+11 8.345e+11 0.07164 171486 171486 676856 2659 43 171516 171515 85.9595 905630000000 934230000000 762640000000 400390000000 142990000000 46.2235 0 0.06415 0.3444 0.1809 -21.3061 -22.1181 41.1326 0.79873 0.37765 -3.94181 -0.54723 22.4548 0.2409 787400000000 1173000000000
 0.5500   284294 0.5600   293548      1   284293   284293       -1  0 2.09700e+11 2.09700e+11 142.512000 11.486000 78.420000  0 0.2900 135.950000 26.37955 41.82584 24.21989 -5.580 35.000 5.680 1.049e+11 -9.824e+10 -2.240e+10 0.07431 171487 171516 676856 2660 43 171440 171542 11.4863 381320000000 381320000000 381320000000 305060000000 66731000000 11.4737 0 0.05831 0.71545 0.42698 2.79502 27.6239 10.8089 0.65359 0.38452 2.46589 29.5074 9.99163 0.2461 273600000000 85800000000
 0.5400   275069 0.5500   284293      1       -1       -1       -1  0 9.08800e+11 9.15200e+11 233.487000 42.871000 111.060000  1 0.5000 189.980000 26.30893 41.75897 24.35648 -20.380 -65.670 33.230 1.623e+12 -2.362e+11 7.574e+11 0.07200 171488 171487 676856 2657 42 171440 171515 42.871 915170000000 943770000000 772170000000 381320000000 238320000000 48.1904 1.27 0.06264 0.47873 0.28398 -20.1715 -20.6174 36.9858 0.8169 0.66883 3.62811 21.3582 -2.15502 0.2269 811400000000 629200000000
 0.5400   275070 0.5500   284294      1   275069   275069   284293  0 2.12900e+11 2.19300e+11 145.015000 14.411000 69.240000  1 0.2900 132.430000 26.36448 41.80713 24.22988 3.960 37.170 -8.850 9.150e+10 -5.186e+10 -2.194e+10 0.04929 171489 171517 676856 2658 42 171440 171542 14.4107 562450000000 562450000000 562450000000 314590000000 95330000000 11.6208 0 0.04032 0.36443 0.17343 9.72857 45.2543 -2.48686 0.86937 0.69683 9.29743 33.3597 17.9783 0.2108 252200000000 114400000000
 0.5300   265824 0.5400   275069      1       -1       -1       -1  0 9.05633e+11 9.05600e+11 233.265000 28.710000 117.220000  1 0.5000 204.730000 26.31796 41.80561 24.33257 -18.290 -62.320 30.420 1.453e+12 -2.871e+11 7.727e+11 0.07257 171490 171488 676856 2668 41 171440 171515 28.7097 905630000000 905630000000 838900000000 495720000000 247860000000 40.4256 0 0.05945 0.80113 0.41402 -18.2957 -4.13224 24.0996 0.94242 0.47235 -1.79321 16.7082 10.6092 0.2254 813900000000 409900000000
 0.5300   265825 0.5400   275070      1   265824   265824   275069  0 2.25633e+11 2.09700e+11 143.246000 14.012000 62.640000  1 0.2900 132.010000 26.36373 41.79410 24.24186 23.670 40.010 -30.790 9.157e+10 -8.911e+10 -4.202e+09 0.06247 171491 171518 676856 2669 41 171440 171542 14.0117 676840000000 676840000000 676840000000 619640000000 0 12.0094 0 0.05208 0.37489 0.2416 18.7033 37.2052 -11.2459 0.48325 0.08 19.545 30.5279 0.65805 0.1836 257000000000 85800000000
 0.5200   256592 0.5300   265824      1       -1       -1       -1  0 8.83367e+11 8.96100e+11 233.022000 31.712000 116.260000  1 0.5000 201.730000 26.33479 41.84584 24.29234 -16.840 -61.630 29.010 1.356e+12 -9.601e+10 6.102e+11 0.06735 171492 171489 676856 8050 40 171440 171515 31.7125 896100000000 905630000000 810300000000 591050000000 305060000000 25.109 0 0.05439 0.68282 0.45132 0.46451 32.9329 11.1782 0.60448 0.35225 4.65788 28.2525 12.9019 0.219 783000000000 533800000000
 0.5200   256593 0.5300   265825      1   256592   256592   265824  0 2.12900e+11 2.47900e+11 151.826000 20.626000 74.340000  1 0.2900 131.480000 26.34882 41.78592 24.25996 40.400 23.620 -64.730 7.764e+10 -5.735e+10 9.520e+10 0.04563 171493 171519 676856 8049 40 171440 171542 20.6256 695910000000 695910000000 695910000000 600580000000 57198000000 19.6423 25.3 0.04216 0.20979 0.16148 16.4789 28.565 -15.0495 0.12006 0.00225 9.49691 19.7716 -15.6169 0.285 246100000000 152500000000
 0.5100   247326 0.5200   256592      1       -1       -1       -1  0 8.77033e+11 8.48400e+11 229.371000 42.619000 110.240000  1 0.5000 189.570000 26.34734 41.86964 24.24789 -16.910 -59.270 26.320 9.959e+11 2.209e+11 7.861e+11 0.06256 171494 171490 676856 1496 39 171440 171515 42.6187 848440000000 857970000000 791240000000 543380000000 209730000000 24.2413 0 0.05195 0.63021 0.51747 8.60235 40.5936 -6.09146 0.59902 0.47407 9.13674 20.5253 18.8778 0.2169 750500000000 657800000000
 0.5100   247327 0.5200   256593      1   247326   247326   256592  0 2.09733e+11 1.81100e+11 137.086000 11.356000 66.650000  1 0.2900 132.890000 26.33065 41.76173 24.29403 38.800 -6.730 -67.800 9.524e+10 -2.381e+10 -4.892e+10 0.07663 171495 171520 676856 1495 39 171440 171542 11.3562 486180000000 486180000000 486180000000 266920000000 66731000000 6.60717 0 0.05802 0.80124 0.38061 -8.22388 -9.56073 13.1688 0.36067 0.10467 2.10254 14.901 -7.19463 0.1731 228900000000 76260000000
 0.5000   238153 0.5100   247326      1       -1       -1       -1  0 8.77033e+11 8.38900e+11 229.051000 44.137000 105.510000  1 0.5000 189.500000 26.36782 41.92954 24.22662 -18.110 -59.320 34.390 1.116e+12 -9.001e+10 8.539e+11 0.06650 171496 171491 676856 7970 38 171440 171515 44.1372 848440000000 857970000000 676840000000 428980000000 133460000000 41.5464 1.9 0.05837 0.66752 0.44603 12.7237 42.0524 1.51078 0.68113 0.21858 10.6852 36.2406 4.48667 0.2239 715200000000 581500000000
 0.5000   238154 0.5100   247327      1   238153   238153   247326  0 1.93833e+11 2.00200e+11 142.073000 9.876000 69.570000  1 0.2900 144.790000 26.31352 41.77737 24.32158 33.070 -16.680 -65.140 1.049e+11 -1.199e+10 -2.581e+10 0.06780 171497 171521 676856 7969 38 171440 171542 9.87643 314590000000 314590000000 257390000000 200190000000 114400000000 2.06573 0 0.0491 0.8293 0.44511 -5.39982 -6.76096 18.5211 0.59899 0.42828 -5.13627 0.95203 17.8587 0.164 248400000000 95330000000
 0.4900   228972 0.5000   238153      1       -1       -1       -1  0 6.73667e+11 6.00600e+11 205.379000 21.779000 93.000000  1 0.2600 190.610000 26.39159 41.97069 24.19939 -35.240 -69.830 53.100 -1.131e+10 8.351e+10 2.516e+11 0.02480 171498 171492 676856 1396 37 171440 171515 21.7788 600580000000 610110000000 571980000000 428980000000 114400000000 14.8868 2.86 0.01937 0.58706 0.34552 14.9642 37.3615 8.813 0.34847 0.09611 21.4463 37.5146 5.6617 0.1711 641500000000 333700000000
 0.4900   228973 0.5000   238154      1       -1       -1   238153  0 2.03367e+11 2.00200e+11 142.402000 11.775000 70.500000  1 0.2900 139.910000 26.30317 41.77557 24.35370 32.440 -31.730 -62.440 9.134e+10 -1.811e+10 -6.906e+10 0.06894 171499 171522 676856 1395 37 171440 171542 11.7753 266920000000 266920000000 247860000000 190660000000 104860000000 5.92626 0 0.05283 0.38826 0.28623 -19.2338 19.8294 -7.58321 0.13502 0.08636 21.1131 -17.1653 3.61835 0.1837 248700000000 95330000000
 0.4800   219826 0.4900   228972      1       -1       -1       -1  0 5.84700e+11 5.81500e+11 203.640000 14.848000 92.540000  1 0.2600 207.830000 26.40749 41.98560 24.16069 -33.520 -67.670 55.220 -1.145e+11 2.398e+11 2.030e+11 0.03443 171500 171493 676856 2606 36 171440 171515 14.8479 581510000000 581510000000 524310000000 400390000000 314590000000 32.5597 2.38 0.02601 0.72055 0.55376 12.2532 30.9411 -1.81677 0.69701 0.53567 6.53131 28.4976 -4.7202 0.1605 670700000000 276500000000
 0.4800   219827 0.4900   228973      1       -1       -1       -1  0 2.03367e+11 2.09700e+11 144.953000 10.913000 65.270000  1 0.2900 146.740000 26.28435 41.80280 24.37990 19.700 -27.620 -62.890 4.769e+10 -2.553e+10 -3.750e+10 0.03760 171501 171523 676856 2605 36 171440 171542 10.9134 228790000000 228790000000 228790000000 162060000000 114400000000 11.8031 0 0.02801 0.758 0.22739 -13.6049 -6.04472 21.3478 0.54226 0.2343 -14.0211 2.12803 20.884 0.1467 245500000000 85800000000
 0.4700   210688 0.4800   219826      1       -1       -1       -1  0 5.78333e+11 5.72000e+11 202.966000 13.155000 96.440000  1 0.2600 215.070000 26.42131 42.02734 24.13825 -31.870 -65.110 52.790 -1.332e+11 2.348e+11 2.321e+11 0.03977 171502 171494 676856 1447 35 171440 171515 13.1554 571980000000 571980000000 552910000000 409920000000 266920000000 22.93 0 0.02873 0.61077 0.37485 21.0722 17.666 -8.78697 0.4971 0.38597 19.5003 12.0398 -11.9475 0.1601 613900000000 228800000000
 0.4700   210689 0.4800   219827      1       -1       -1       -1  0 2.03367e+11 2.00200e+11 143.036000 8.840000 67.560000  1 0.2900 153.490000 26.26974 41.81926 24.40800 21.530 -26.320 -50.770 5.604e+10 -1.382e+10 -3.458e+10 0.04242 171503 171524 676856 1446 35 171440 171542 8.83992 219260000000 219260000000 219260000000 181130000000 104860000000 12.4029 0 0.03123 0.97972 0.3623 -1.22508 1.22997 19.0203 0.83746 0.13621 3.30712 -8.52921 17.0272 0.156 275400000000 66730000000
 0.4600   201584 0.4700   210688      1       -1       -1       -1  0 5.78333e+11 5.81500e+11 204.522000 20.560000 85.900000  1 0.2600 196.260000 26.43916 42.06314 24.11230 -28.650 -60.320 52.170 -1.340e+11 2.672e+11 2.324e+11 0.03898 171504 171495 676856 2590 34 171440 171515 20.5604 581510000000 581510000000 514780000000 400390000000 228790000000 18.4547 0 0.03001 0.64099 0.47846 22.893 25.9693 8.42497 0.70897 0.57914 8.40533 22.9985 13.0195 0.1457 508200000000 276500000000
 0.4600   201585 0.4700   210689      1       -1       -1       -1  0 2.03367e+11 2.00200e+11 143.341000 9.942000 67.570000  1 0.2900 150.370000 26.25754 41.82732 24.41751 17.030 -31.020 -43.550 3.687e+10 -3.506e+10 -4.886e+10 0.04343 171505 171525 676856 2589 34 171440 171542 9.9424 200190000000 200190000000 190660000000 162060000000 76264000000 15.702 0 0.03307 0.44891 0.36696 8.61062 -7.45473 31.0126 0.40836 0.24812 12.3461 -8.76489 25.5095 0.1668 258700000000 47660000000
 0.4500   192556 0.4600   201584      1       -1       -1       -1  0 5.59267e+11 5.81500e+11 204.946000 35.872000 76.340000  1 0.2600 178.370000 26.45826 42.10052 24.09804 -26.600 -56.710 52.010 -1.159e+11 2.035e+11 2.188e+11 0.03119 171506 171496 676856 2559 33 171440 171515 35.8721 581510000000 571980000000 514780000000 314590000000 47665000000 3.90986 0.88 0.02566 0.55465 0.31309 34.019 35.5482 13.2 0.68445 0.40026 16.5679 33.675 0.02185 0.1337 491200000000 400400000000
 0.4500   192557 0.4600   201585      1       -1       -1       -1  0 1.84300e+11 2.09700e+11 145.883000 12.730000 61.820000  1 0.2900 145.750000 26.25441 41.83704 24.45469 15.280 -32.230 -38.290 2.617e+10 -5.823e+10 -5.580e+10 0.04756 171507 171526 676856 2560 33 171440 171542 12.7297 209730000000 209730000000 209730000000 152530000000 85797000000 11.8067 0 0.03715 0.91431 0.48376 -4.57578 18.2218 -6.97783 0.89765 0.45012 -2.54823 15.9789 -8.1706 0.1481 200500000000 95330000000
 0.4400   183515 0.4500   192556      1       -1       -1       -1  0 5.37033e+11 5.14800e+11 197.181000 42.964000 71.770000  1 0.2600 167.760000 26.48449 42.14432 24.06947 -27.620 -58.770 42.240 -3.524e+10 -1.077e+11 3.337e+11 0.04247 171508 171497 676856 2615 32 171440 171515 42.9644 514780000000 514780000000 457580000000 276460000000 85797000000 10.0313 2 0.03493 0.59114 0.28013 18.3363 16.1549 5.84794 0.55674 0.15397 16.9151 12.6102 11.398 0.126 497900000000 429000000000
 0.4400   183516 0.4500   192557      1       -1       -1       -1  0 1.77933e+11 1.43000e+11 128.656000 13.450000 60.240000  1 0.2900 124.390000 26.28034 41.85438 24.44271 19.440 -24.810 -38.870 -1.077e+10 -4.188e+10 -3.543e+10 0.05296 171509 171527 676856 2896 32 171440 171542 13.4495 142990000000 142990000000 142990000000 123930000000 9533000000 30.9254 8.1 0.04685 0.49078 0.029 40.2601 -8.91407 -23.7085 0.65163 0.17114 25.8627 -1.11193 -24.6115 0.2024 190200000000 66730000000
 0.4300   174502 0.4400   183515      1       -1       -1       -1  0 4.98900e+11 5.14800e+11 197.565000 45.410000 69.900000  1 0.2600 168.440000 26.50876 42.18002 24.04924 -28.830 -57.280 39.620 -9.473e+09 3.303e+10 2.593e+11 0.03157 171510 171498 676856 2619 31 171440 171515 45.41 514780000000 505250000000 428980000000 247860000000 133460000000 6.24851 0 0.0262 0.40976 0.28727 35.3906 29.5938 -5.62739 0.57258 0.38117 22.5011 21.7954 -4.27591 0.1177 468000000000 448100000000
 0.4300   174503 0.4400   183516      1       -1       -1       -1  0 1.74767e+11 1.81100e+11 139.475000 21.611000 48.140000  1 0.2900 125.940000 26.25224 41.86498 24.52431 15.960 -30.340 -40.520 2.997e+10 -2.486e+10 -1.811e+10 0.02960 171511 171528 676856 2877 31 171440 171542 21.6111 181130000000 181130000000 171590000000 104860000000 57198000000 11.4065 0 0.02453 0.27842 0.1379 16.0775 -6.76134 38.1638 0.3267 0.00358 9.91656 -1.42811 30.3805 0.1094 166100000000 114400000000
 0.4200   165554 0.4300   174502      1       -1       -1       -1  0 4.63933e+11 4.67100e+11 191.628000 43.889000 70.650000  1 0.2600 164.920000 26.54720 42.22062 24.02725 -27.290 -54.980 36.950 6.640e+10 -2.311e+10 1.900e+11 0.02889 171512 171499 676856 2617 30 171440 171515 43.8887 467120000000 438520000000 371790000000 247860000000 95330000000 13.1689 3.35 0.02412 0.15817 0.09711 38.6882 19.6316 -10.3935 0.07421 0.00979 34.9997 17.7589 -10.2618 0.1244 451400000000 419500000000
 0.4200   165555 0.4300   174503      1       -1       -1       -1  0 1.74767e+11 1.90700e+11 142.147000 19.118000 45.480000  1 0.2900 132.860000 26.24049 41.88978 24.53054 12.590 -31.910 -36.070 3.793e+10 -5.000e+10 -1.194e+10 0.04017 171513 171529 676856 2903 30 171440 171542 19.1179 190660000000 190660000000 181130000000 104860000000 0 7.09103 0 0.03386 0.57702 0.34608 0.0137 1.25022 32.0519 0.51042 0.30139 3.24907 -2.04564 32.5713 0.095 167000000000 104900000000
 0.4100   156692 0.4200   165554      1       -1       -1       -1  0 4.51233e+11 4.09900e+11 183.797000 33.270000 66.530000  1 0.2600 164.820000 26.54564 42.23565 24.01319 -24.400 -51.810 37.070 7.384e+10 -5.706e+10 2.159e+11 0.04350 171514 171500 676856 2562 29 171440 171515 33.2698 409920000000 400390000000 333650000000 247860000000 85797000000 13.6508 0 0.0352 0.63299 0.39591 34.9925 14.4416 -12.451 0.8503 0.43765 22.4061 13.8896 -2.09038 0.1118 459400000000 305100000000
 0.4100   156693 0.4200   165555      1       -1       -1       -1  0 1.68433e+11 1.52500e+11 132.197000 13.481000 44.800000  1 0.2900 132.010000 26.24051 41.89096 24.54046 11.910 -29.400 -35.940 1.907e+10 -2.860e+09 -2.451e+10 0.03058 171515 171530 676856 2879 29 171440 171542 13.4813 152530000000 152530000000 152530000000 123930000000 28599000000 6.13325 0 0.02425 0.59513 0.2664 -7.38356 -4.90309 25.9174 0.17543 0.0635 -2.57694 -9.3382 33.5452 0.0887 162300000000 66730000000
 0.4000   147928 0.4100   156692      1       -1       -1       -1  0 4.51233e+11 4.57600e+11 190.995000 57.455000 63.750000  1 0.2600 163.170000 26.56659 42.30922 23.96758 -27.190 -51.720 35.960 -2.118e+09 -4.119e+10 1.679e+11 0.02537 171516 171501 676856 2538 28 171440 171515 57.4547 457580000000 448050000000 428980000000 238320000000 9533000000 13.8315 0 0.02179 0.74437 0.3635 5.80424 37.8728 -20.6612 0.44441 0.09545 -5.23082 27.8566 -21.3741 0.1036 416700000000 552900000000
 0.4000   147929 0.4100   156693      1       -1       -1       -1  0 1.68433e+11 1.52500e+11 132.429000 28.476000 51.760000  1 0.2900 117.070000 26.21085 41.94347 24.51233 13.960 -28.870 -30.410 3.792e+10 -2.317e+10 -3.032e+10 0.04324 171517 171531 676856 2850 28 171440 171542 28.4761 152530000000 142990000000 142990000000 28599000000 9533000000 49.5075 2.58 0.0423 0.07332 0.01739 48.5515 -27.9134 53.8486 0.90659 0 11.0968 -9.79563 3.58739 0.1673 154800000000 123900000000
 0.3900   139268 0.4000   147928      1       -1       -1       -1  0 4.51233e+11 4.09900e+11 184.429000 29.847000 67.860000  1 0.2600 171.730000 26.57929 42.30685 23.98086 -18.420 -53.390 36.020 1.360e+10 5.023e+10 6.696e+10 0.01602 171518 171502 676856 2502 27 171440 171515 29.8466 409920000000 381320000000 371790000000 228790000000 95330000000 17.1297 5.09 0.01299 0.68109 0.55018 28.7413 0.13632 18.9431 0.82959 0.39538 19.8561 -7.31332 20.9709 0.1086 398500000000 247900000000
 0.3900   139269 0.4000   147929      1       -1       -1       -1  0 1.68433e+11 1.71600e+11 137.963000 33.688000 51.340000  1 0.2900 121.370000 26.19886 41.96827 24.52820 11.210 -28.570 -25.050 2.778e+10 -4.084e+10 -4.081e+10 0.04121 171519 171532 676856 2806 27 171440 171542 33.6882 171590000000 171590000000 171590000000 19066000000 0 63.4507 4.92 0.0419 0.2165 0.03969 33.0792 -24.3801 41.7154 0 0 0 0 0 0.1614 151800000000 171600000000
 0.3800   130802 0.3900   139268      1       -1       -1       -1  0 4.51233e+11 4.67100e+11 192.948000 42.789000 66.510000  1 0.2600 173.460000 26.62572 42.39145 23.93522 -20.220 -48.450 35.680 -3.965e+10 -2.986e+10 2.126e+11 0.03214 171520 171503 676856 389 26 171440 171515 42.7888 467120000000 457580000000 448050000000 247860000000 0 15.7767 0 0.02723 0.34491 0.1377 21.9981 48.1666 -29.1199 0.56193 0.13019 10.925 37.3747 -17.8438 0.1032 416100000000 448100000000
 0.3800   130803 0.3900   139269      1       -1       -1       -1  0 1.68433e+11 1.71600e+11 138.187000 30.763000 50.630000  1 0.2900 124.170000 26.19501 41.99709 24.56508 9.970 -31.440 -19.020 3.941e+10 -6.765e+09 -2.803e+10 0.03310 171521 171533 676856 673 26 171440 171542 30.7633 171590000000 171590000000 171590000000 47665000000 0 56.0918 0 0.03232 0.12369 0 -31.6644 40.6268 -15.4177 0.46135 0.1043 -22.8164 34.5392 -18.7785 0.1458 154900000000 162100000000
 0.3700   122316 0.3800   130802      1       -1       -1       -1  0 4.51233e+11 4.57600e+11 191.925000 42.596000 64.940000  1 0.2600 174.430000 26.64214 42.42614 23.91453 -18.230 -46.170 34.410 -8.868e+10 2.525e+10 2.554e+11 0.04286 171522 171504 676856 2446 25 171440 171515 42.5956 457580000000 457580000000 428980000000 228790000000 0 14.0234 0 0.0355 0.32302 0.25824 37.8855 46.1279 -9.17749 0.53102 0.44511 40.3422 32.437 -16.5533 0.0936 400800000000 429000000000
 0.3700   122317 0.3800   130803      1       -1       -1       -1  0 1.65267e+11 1.62100e+11 135.790000 26.574000 50.650000  1 0.2900 125.480000 26.18492 41.99495 24.58745 10.340 -33.870 -19.550 1.670e+10 -5.070e+09 -3.679e+10 0.03163 171523 171534 676856 2749 25 171440 171542 26.5735 162060000000 162060000000 162060000000 66731000000 9533000000 44.6569 0 0.03002 0.58598 0.1122 27.4579 -23.3835 9.55864 0.57297 0.01037 34.8631 2.19262 -34.3985 0.1438 150500000000 133500000000
 0.3600   113895 0.3700   122316      1       -1       -1       -1  0 4.32167e+11 4.29000e+11 188.119000 30.471000 63.930000  1 0.2600 181.020000 26.65185 42.46262 23.89394 -14.870 -44.940 33.610 -1.184e+11 6.666e+10 2.038e+11 0.04545 171524 171505 676856 2371 24 171440 171515 30.4712 428980000000 419450000000 419450000000 324120000000 47665000000 10.9228 1.13 0.03612 0.46873 0.33703 46.4408 28.6204 -0.7078 0.01059 0 54.5077 28.8664 28.916 0.0847 393000000000 333700000000
 0.3600   113896 0.3700   122317      1       -1       -1       -1  0 1.58900e+11 1.62100e+11 135.992000 44.575000 45.060000  1 0.2900 120.600000 26.17149 42.01915 24.60474 14.250 -33.570 -17.550 3.483e+10 -1.243e+10 -2.194e+10 0.03203 171525 171535 676856 2667 24 171440 171542 44.5746 162060000000 142990000000 142990000000 9533000000 9533000000 39.244 5.03 0.03212 0.19143 0.03961 60.6888 -15.9589 -12.7008 0 0 0 0 0 0.1384 140700000000 181100000000
 0.3500   105626 0.3600   113895      1       -1       -1       -1  0 4.16267e+11 4.09900e+11 185.554000 25.165000 69.560000  1 0.2600 186.490000 26.65018 42.47972 23.86646 -14.240 -40.550 35.130 -8.936e+10 6.605e+10 1.545e+11 0.04054 171526 171506 676856 2310 23 171440 171515 25.1647 409920000000 409920000000 409920000000 305060000000 114400000000 15.1123 0 0.03068 0.24505 0.12533 46.7056 10.91 6.24297 0.10261 0.03159 53.2132 12.6874 6.63822 0.0912 388500000000 276500000000
 0.3500   105627 0.3600   113896      1       -1       -1       -1  0 1.36643e+11 1.52500e+11 133.461000 26.363000 42.630000  1 0.2900 126.080000 26.20523 42.02643 24.65041 15.520 -31.670 -17.910 1.368e+10 2.453e+10 -1.650e+10 0.02872 171527 171536 676856 2619 23 171440 171542 26.3635 152530000000 152530000000 152530000000 28599000000 0 28.9326 4.86 0.02728 0.14131 0 46.7737 17.619 51.3226 0.72805 0.00259 6.52373 -15.6534 33.3835 0.1082 148700000000 123900000000
 0.3400    97536 0.3500   105626      1       -1       -1       -1  0 4.03533e+11 4.09900e+11 185.805000 41.151000 67.460000  1 0.2600 175.090000 26.63276 42.47206 23.77283 -11.200 -37.820 32.310 -5.755e+10 1.363e+09 1.758e+11 0.03330 171528 171507 676856 2278 22 171440 171515 41.1508 409920000000 409920000000 400390000000 0 0 63.9766 0 0.03023 0.04378 0.00274 31.4005 57.5029 72.1315 0 0 0 0 0 0.1232 362500000000 390900000000
 0.3400    97537 0.3500   105627      1       -1       -1       -1  0 1.14387e+11 9.53300e+10 114.262000 29.874000 32.650000  1 0.2900 105.710000 26.14932 42.07586 24.63955 14.860 -28.440 -7.640 1.256e+10 1.725e+09 1.034e+09 0.02184 171529 171537 676856 2597 22 171440 171542 29.8735 95330000000 95330000000 85797000000 0 0 20.8607 6.11 0.02364 0.22936 0.01466 43.4398 -18.5053 50.5818 0 0 0 0 0 0.1008 146100000000 95330000000
 0.3300    89690 0.3400    97536      1       -1       -1       -1  0 3.94000e+11 3.90800e+11 183.115000 24.613000 59.260000  1 0.2600 189.100000 26.68880 42.55822 23.82012 -14.400 -37.970 29.660 -3.246e+10 8.018e+10 1.193e+11 0.03417 171530 171508 676856 2239 21 171440 171515 24.613 390850000000 381320000000 371790000000 295520000000 0 13.9991 0 0.02645 0.89669 0.21215 34.0025 21.1668 6.21198 0.60319 0.03978 6.86819 -7.44843 34.1363 0.073 359200000000 266900000000
 0.3300    89691 0.3400    97537      1       -1       -1       -1  0 1.11243e+11 9.53300e+10 114.410000 34.057000 32.380000  1 0.2900 106.030000 26.12825 42.10598 24.66114 20.660 -22.250 -6.950 -4.198e+09 -5.385e+08 5.042e+09 0.01160 171531 171538 676856 2550 21 171440 171542 34.0574 95330000000 95330000000 76264000000 0 0 26.4446 4.98 0.01241 0.22829 0.0306 -29.7243 64.6065 -28.7156 0 0 0 0 0 0.0895 128000000000 133500000000
 0.3200    81974 0.3300    89690      1       -1       -1       -1  0 3.84467e+11 3.81300e+11 181.837000 30.894000 57.860000  1 0.2600 182.700000 26.70182 42.58335 23.77749 -11.940 -36.100 29.360 -7.591e+09 5.854e+10 9.950e+10 0.02655 171532 171509 676856 2168 20 171440 171515 30.8942 381320000000 371790000000 352720000000 266920000000 0 9.20531 0 0.02196 0.56273 0.06429 59.6561 28.6559 -18.8615 0.37361 0.05052 -38.1331 -28.9992 41.2336 0.0809 355700000000 286000000000
 0.3200    81975 0.3300    89691      1       -1       -1       -1  0 1.11243e+11 1.33500e+11 128.146000 36.260000 41.270000  1 0.2900 120.870000 26.17486 42.11302 24.70403 10.530 -31.380 -12.530 -1.662e+10 2.315e+10 -7.150e+09 0.03187 171533 171539 676856 2570 20 171440 171542 36.2596 133460000000 133460000000 95330000000 47665000000 0 32.2351 0 0.03209 0.4434 0.00973 32.6557 -6.12307 35.1698 0.28846 0.06814 11.6826 -16.8138 30.6947 0.1118 142200000000 162100000000
 0.3100    74515 0.3200    81974      1       -1       -1       -1  0 3.49533e+11 3.81300e+11 182.048000 51.770000 54.330000  1 0.2600 174.080000 26.71385 42.61435 23.74792 -14.050 -34.470 28.420 -1.035e+09 1.089e+10 7.956e+10 0.01748 171534 171510 676856 2097 19 171440 171515 51.7705 381320000000 371790000000 362250000000 95330000000 0 15.3645 1.24 0.01548 0.04745 0 40.7811 6.06448 -1.36089 0.0493 0 42.095 5.92799 -1.23655 0.0802 315300000000 419500000000
 0.3100    74516 0.3200    81975      1       -1       -1       -1  0 9.53567e+10 1.04900e+11 118.385000 24.564000 36.360000  1 0.2900 117.160000 26.16738 42.13801 24.71047 12.350 -28.760 -7.920 -1.675e+10 1.180e+10 -5.490e+09 0.03433 171535 171540 676856 2509 19 171440 171542 24.5644 104860000000 104860000000 47665000000 47665000000 0 11.2402 0 0.03515 0.56318 0.02246 -20.7265 22.7706 12.8952 0 0 40.9126 15.4266 -18.8045 0.109 123200000000 47660000000
 0.3000    67285 0.3100    74515      1       -1       -1       -1  0 3.14600e+11 2.86000e+11 165.583000 24.206000 48.200000  1 0.2600 175.670000 26.80345 42.66265 23.71251 -24.240 -29.590 32.260 -2.478e+10 5.255e+10 -1.474e+10 0.02411 171536 171511 676856 2018 18 171440 171515 24.2057 285990000000 276460000000 276460000000 209730000000 19066000000 26.4938 0 0.01896 0.73497 0.42579 25.4494 -2.53719 7.36122 0.51089 0.31948 4.71915 -10.2024 14.478 0.0527 248100000000 171600000000
 0.3000    67286 0.3100    74516      1       -1       -1       -1  0 5.72133e+10 4.76700e+10 91.124000 15.511000 26.420000  1 0.2900 94.210000 26.15549 42.16224 24.72326 14.820 -29.960 3.730 -3.416e+09 -2.977e+09 3.301e+09 0.02821 171537 171541 676856 2405 18 171440 171542 15.5113 47665000000 47665000000 47665000000 9533000000 0 33.1906 0 0.03513 0.4703 0.06147 33.6161 5.80999 -11.9675 0 0 0 0 0 0.127 122600000000 38130000000
 0.2900    60304 0.3000    67285      1       -1       -1       -1  0 2.79667e+11 2.76500e+11 163.892000 16.325000 51.630000  1 0.2600 190.780000 26.82113 42.69562 23.68273 -22.040 -27.470 30.380 -2.201e+10 3.748e+10 -3.893e+09 0.01963 171538 171512 676856 1923 17 171440 171515 16.3255 276460000000 276460000000 276460000000 190660000000 114400000000 15.2376 0 0.01485 0.55711 0.23621 30.9221 8.74053 20.1708 0.78894 0.03365 18.7349 8.25407 8.20555 0.0567 278500000000 114400000000
 0.2900    60305 0.3000    67286      0       -1       -1       -1  0 1.90700e+10 1.90700e+10 67.210000 11.658000 0.000000  1 0.2900 70.350000 26.14280 42.18654 24.73599 11.420 -21.230 -11.080 4.683e+08 1.249e+08 1.290e+09 0.00908 171539 171542 676856 2273 17 171440 171542 11.6584 19066000000 19066000000 19066000000 9533000000 0 29.6942 18.98 0.04042 0 0 0 0 0 0 0 0 0 0 0 113900000000 9533000000
 0.2800    53639 0.2900    60304      1       -1       -1       -1  0 2.35167e+11 2.76500e+11 164.052000 17.083000 51.200000  1 0.2600 192.170000 26.85383 42.73519 23.66930 -21.090 -27.340 28.380 -1.435e+10 2.573e+10 8.559e+09 0.01355 171540 171513 676856 1801 16 171440 171515 17.0834 276460000000 276460000000 276460000000 209730000000 0 14.0991 0 0.01062 0.28511 0.11505 42.1036 0.91572 36.9352 0.19933 0.13896 39.4236 2.18907 30.9176 0.0611 287400000000 123900000000
 0.2700    47296 0.2800    53639      1       -1       -1       -1  0 1.68420e+11 1.52500e+11 134.674000 35.879000 39.880000  1 0.2600 137.970000 26.76900 42.76385 23.64433 -15.080 -29.190 20.570 -4.291e+09 -7.392e+09 1.936e+09 0.00832 171541 171514 676856 314 15 171440 171515 35.8788 152530000000 152530000000 152530000000 9533000000 0 57.8207 0 0.00832 0.44937 0.00736 38.3733 36.8509 -16.3882 0 0 0 0 0 0.0808 210200000000 152500000000
 0.2600    41294 0.2700    47296      0       -1       -1       -1  0 7.62600e+10 7.62600e+10 106.982000 47.760000 35.250000  1 0.2600 108.610000 26.77164 42.80035 23.61196 -12.820 -31.050 8.590 8.573e+09 -7.548e+09 -1.030e+10 0.03904 171542 171515 676856 988 14 171440 171515 47.7602 76264000000 57198000000 57198000000 0 0 66.7717 13.01 0.04721 0.3917 0.27101 71.0807 29.148 -19.1428 0 0 0 0 0 0.1384 195000000000 200200000000
