 1.0000   676671 0.0000       -1      1   676674   676674       -1  0 5.72000e+10 5.72000e+10 78.825000 16.351000 80.420000  1 0.9000 59.040000 18.00950 53.59291 27.48221 484.300 505.200 347.930 -2.585e+10 -7.093e+10 5.341e+10 0.26009 549754 549754 676671 2186 88 549753 549764 16.3506 152530000000 152530000000 85797000000 0 0 23.9092 28.01 0.25962 0.4634 0.24632 10.1952 41.2925 35.557 0 0 0 0 0 2.2783 63890000000 19070000000
 0.9900   668509 1.0000   676671      1   668512   668512   676674  0 7.30867e+10 7.62600e+10 87.123000 16.299000 87.800000  1 0.9000 66.120000 17.95866 53.53665 27.44484 513.670 481.350 272.450 -2.454e+10 -9.338e+10 1.055e+11 0.22133 549755 549755 676671 2069 87 549753 549764 16.2987 228790000000 228790000000 133460000000 0 0 21.2237 8.1 0.24929 0.12581 0 28.5848 40.2596 26.0615 0 0 0 0 0 1.8788 87310000000 47660000000
 0.9800   660142 0.9900   668509      1   660144   660144   668512  0 8.26200e+10 8.58000e+10 90.991000 20.129000 79.610000  1 0.9000 67.430000 17.90492 53.49514 27.41908 541.180 459.220 231.430 -2.533e+10 -7.519e+10 9.960e+10 0.10961 549756 549756 676671 2168 86 549753 549764 20.1293 190660000000 190660000000 76264000000 0 0 18.7998 16.89 0.18295 0.64337 0.37941 14.815 32.6634 33.5821 0 0 0 0 0 1.362 89880000000 76260000000
 0.9700   651815 0.9800   660142      1   651817   651817   660144  0 8.89767e+10 8.58000e+10 91.371000 15.476000 75.800000  1 0.9000 70.250000 17.84756 53.44699 27.39536 557.020 439.080 175.480 -3.216e+10 -6.504e+10 9.222e+10 0.07307 549757 549757 676671 2190 85 549753 549764 15.4761 152530000000 162060000000 85797000000 0 0 18.5195 17.08 0.1691 0.30253 0.13405 30.3129 21.2875 32.429 0 0 0 0 0 1.1769 100400000000 57200000000
 0.9600   643500 0.9700   651815      1   643502   643502   651817  0 9.53433e+10 9.53300e+10 95.029000 13.231000 93.430000  1 0.9000 75.510000 17.78757 53.39166 27.37656 579.240 422.040 128.570 -5.394e+10 3.024e+10 8.502e+10 0.08646 549758 549758 676671 1152 84 549753 549764 13.2306 219260000000 219260000000 142990000000 0 0 8.77199 0 0.1275 0.56365 0.37762 32.2304 24.6418 10.5648 0 0 0 0 0 1.3768 118900000000 66730000000
 0.9500   635202 0.9600   643500      1   635204   635204   643502  0 9.85200e+10 1.04900e+11 98.501000 14.554000 91.070000  1 0.9000 77.360000 17.72463 53.34517 27.36483 585.580 397.170 72.270 -8.122e+10 1.680e+10 1.020e+11 0.06402 549759 549759 676671 2178 83 549753 549764 14.5535 247860000000 247860000000 104860000000 47665000000 0 12.1108 4.94 0.13644 0.39349 0.34957 38.3843 14.7822 7.88464 0.58153 0.46396 28.2602 12.4253 13.4083 1.1674 119300000000 66730000000
 0.9400   626911 0.9500   635202      1   626913   626913   635204  0 9.85200e+10 9.53300e+10 95.812000 11.071000 83.660000  1 0.9000 78.830000 17.66622 53.30721 27.36352 584.570 371.570 16.470 -2.944e+10 -3.991e+10 5.433e+10 0.01707 549760 549760 676671 104 82 549753 549764 11.0708 314590000000 314590000000 142990000000 95330000000 0 12.3685 15.81 0.0898 0.62419 0.28042 27.2624 -6.88864 12.8189 0.22338 0.10789 28.8859 -13.8455 13.3842 1.0263 113600000000 47660000000
 0.9300   618601 0.9400   626911      1   618603   618603   626913  0 9.85200e+10 9.53300e+10 96.202000 8.404000 83.070000  1 0.9000 84.150000 17.59964 53.26374 27.36251 580.810 338.820 -34.710 -3.217e+10 -3.429e+10 4.865e+10 0.01552 549761 549761 676671 3154 81 549753 549764 8.40421 285990000000 285990000000 219260000000 85797000000 0 15.4063 15.91 0.08285 0.70088 0.07042 23.6863 6.21156 12.7569 0.70511 0.43417 22.7275 1.93531 12.1342 0.9756 127100000000 28600000000
 0.9200   610266 0.9300   618601      1   610268   610268   618603  0 1.01710e+11 1.04900e+11 99.709000 10.785000 81.180000  1 0.9000 83.070000 17.53196 53.22305 27.36735 565.680 314.250 -90.880 -4.365e+10 -6.629e+10 7.159e+10 0.05037 549762 549762 676671 2188 80 549753 549764 10.7853 285990000000 285990000000 142990000000 66731000000 0 22.6766 2.52 0.11205 0.63455 0.32651 26.7694 1.84356 15.4357 0.2056 0.05171 24.2057 20.5245 7.36422 0.8583 122500000000 57200000000
 0.9100   601916 0.9200   610266      1   601918   601918   610268  0 1.04900e+11 1.04900e+11 100.111000 11.986000 90.000000  1 0.9000 81.610000 17.46383 53.18565 27.37793 551.550 277.650 -135.520 -3.222e+10 -8.810e+10 2.193e+10 0.03881 549763 549763 676671 2185 79 549753 549764 11.9862 219260000000 219260000000 171590000000 95330000000 9533000000 25.9177 17.92 0.10134 0.60615 0.567 24.352 -1.58415 16.2571 0.20546 0 28.5974 7.33931 2.58795 1.1058 116900000000 66730000000
 0.9000   593561 0.9100   601916      0   593563   593563   601918  0 1.04900e+11 1.04900e+11 100.511000 14.325000 88.060000  1 0.9000 79.190000 17.39588 53.15180 27.39399 531.130 240.790 -172.080 -5.717e+10 -8.605e+10 7.252e+09 0.04697 549764 549764 676671 2172 78 549753 549764 14.3252 266920000000 266920000000 171590000000 85797000000 0 31.6536 21.33 0.10933 0.40569 0.23704 34.9601 -11.5457 18.2056 0.49074 0.22929 25.7723 5.53797 -1.18698 1.1412 116800000000 66730000000
