 1.0000   675077 0.0000       -1      1       -1       -1       -1  0 3.49533e+11 3.24100e+11 140.531000 6.964000 104.580000  1 0.1900 143.560000 13.95684 18.69131 24.31022 -51.450 62.250 146.500 -7.145e+10 -1.376e+11 -1.214e+11 0.03928 371772 371772 675077 592 88 371771 371853 6.96417 324120000000 352720000000 295520000000 247860000000 181130000000 4.76307 0 0.0307 0.79643 0.71511 9.58236 -7.46779 -6.32657 0.80956 0.50463 -0.34598 11.3165 3.61545 0.4001 570800000000 104900000000
 0.9900   666906 1.0000   675077      1       -1       -1       -1  0 3.49533e+11 3.05100e+11 138.300000 5.785000 101.560000  1 0.1900 148.200000 13.95735 18.68587 24.31042 -52.360 59.620 147.280 -7.930e+10 -5.174e+10 -1.065e+11 0.03229 371773 371773 675077 585 87 371771 371853 5.78536 305060000000 343190000000 285990000000 228790000000 181130000000 11.9232 0 0.02465 0.65034 0.5734 15.201 -1.77265 -10.0161 0.70519 0.31712 13.469 -0.13386 -9.08691 0.3803 574700000000 123900000000
 0.9800   658570 0.9900   666906      1       -1       -1       -1  0 3.49533e+11 3.05100e+11 138.879000 6.216000 102.370000  1 0.1900 145.720000 13.96334 18.68269 24.28882 -52.610 59.120 146.880 -7.888e+10 -5.174e+10 -1.055e+11 0.03359 371774 371774 675077 591 86 371771 371853 6.21592 305060000000 343190000000 285990000000 238320000000 171590000000 6.40314 0 0.02455 0.73671 0.51692 13.1963 -0.73255 -4.19998 0.6757 0.48101 9.29593 0.60005 -7.98141 0.3617 550100000000 123900000000
 0.9700   650257 0.9800   658570      1       -1       -1       -1  0 3.49533e+11 2.95500e+11 137.990000 4.687000 105.930000  1 0.1900 157.130000 13.96911 18.67917 24.27177 -52.000 58.840 147.530 -6.278e+10 -1.521e+10 -1.243e+11 0.03518 371775 371775 675077 1624 85 371771 371853 4.68663 295520000000 343190000000 285990000000 238320000000 181130000000 9.73249 0 0.02569 0.79435 0.48847 -2.64285 -2.8274 14.2296 0.54212 0.35468 -0.94852 -4.71533 13.1136 0.3799 605700000000 152500000000
 0.9600   641962 0.9700   650257      1       -1       -1       -1  0 3.49533e+11 3.14600e+11 141.480000 11.697000 103.380000  1 0.1900 125.710000 13.96880 18.65543 24.21406 -51.040 58.390 145.780 -6.964e+10 -4.750e+10 -1.060e+11 0.02080 371776 371776 675077 2542 84 371771 371853 11.6975 314590000000 352720000000 285990000000 257390000000 0 30.5534 0 0.02246 0.26754 0.09477 9.16803 12.0244 41.7728 0.32999 0.21501 5.81973 12.3584 38.0981 0.5498 459000000000 76260000000
 0.9500   633674 0.9600   641962      1       -1       -1       -1  0 3.49533e+11 2.95500e+11 139.133000 5.428000 101.020000  1 0.1900 151.580000 13.98111 18.66092 24.23762 -52.100 57.480 146.280 -6.173e+10 -1.598e+10 -1.208e+11 0.03519 371777 371777 675077 612 83 371771 371853 5.42755 295520000000 324120000000 285990000000 238320000000 181130000000 5.72525 0 0.02522 0.82125 0.65842 8.87178 -3.37101 12.7563 0.52139 0.43746 3.16153 -3.29365 15.8285 0.3465 542000000000 133500000000
 0.9400   625390 0.9500   633674      1       -1       -1       -1  0 3.49533e+11 3.05100e+11 141.189000 6.076000 98.420000  1 0.1900 149.280000 13.98257 18.65463 24.22231 -52.110 56.790 145.600 -7.700e+10 -5.017e+10 -1.003e+11 0.03357 371778 371778 675077 1586 82 371771 371853 6.0757 305060000000 314590000000 285990000000 247860000000 190660000000 3.75077 1.23 0.0239 0.78203 0.61532 14.607 -2.41031 1.19638 0.93883 0.63568 3.33055 10.6649 5.97475 0.3256 537300000000 104900000000
 0.9300   617082 0.9400   625390      1       -1       -1       -1  0 3.49533e+11 3.05100e+11 141.764000 5.512000 98.430000  1 0.1900 154.350000 13.98946 18.64971 24.20366 -53.240 56.440 144.530 -7.651e+10 -5.150e+10 -9.927e+10 0.03325 371779 371779 675077 622 81 371771 371853 5.51232 305060000000 314590000000 285990000000 247860000000 171590000000 2.50188 0 0.02388 0.57793 0.36636 14.6364 -2.99524 -5.98 0.41389 0.2985 11.8582 -2.28024 -6.14736 0.3274 538600000000 133500000000
 0.9200   608754 0.9300   617082      1       -1       -1       -1  0 3.49533e+11 3.14600e+11 143.806000 7.452000 97.200000  1 0.1900 143.940000 14.00121 18.64339 24.17182 -50.930 55.790 142.530 -9.306e+10 -1.507e+11 -1.190e+11 0.04642 371780 371780 675077 1628 80 371771 371853 7.45178 314590000000 314590000000 285990000000 266920000000 142990000000 10.9731 0 0.03585 0.60763 0.56553 18.4154 -1.05986 -10.85 0.60328 0.34759 14.2562 -0.65269 -14.1 0.3479 474100000000 95330000000
 0.9100   600411 0.9200   608754      1       -1       -1       -1  0 3.49533e+11 3.05100e+11 142.911000 6.411000 99.080000  1 0.1900 148.980000 13.99307 18.63234 24.16435 -53.230 55.340 143.420 -7.476e+10 -5.197e+10 -9.709e+10 0.03316 371781 371781 675077 1662 79 371771 371853 6.41059 305060000000 314590000000 276460000000 257390000000 162060000000 10.4497 0 0.02362 0.70977 0.69278 13.7788 -1.29914 -5.70891 0.77507 0.6861 11.8188 -0.99618 -6.45388 0.3224 530500000000 123900000000
 0.9000   592065 0.9100   600411      1       -1       -1       -1  0 3.49533e+11 3.05100e+11 143.482000 5.591000 105.350000  1 0.1900 155.870000 14.00398 18.62731 24.14733 -53.190 54.780 142.820 -7.372e+10 -5.238e+10 -9.620e+10 0.03329 371782 371782 675077 665 78 371771 371853 5.59071 305060000000 314590000000 276460000000 257390000000 190660000000 5.99921 0 0.02351 0.70496 0.5989 1.27205 -4.89129 16.8684 0.62277 0.26289 1.87175 -4.3268 16.6966 0.3443 560600000000 133500000000
 0.8900   583672 0.9000   592065      1       -1       -1       -1  0 3.49533e+11 3.14600e+11 145.537000 5.441000 107.990000  1 0.1900 160.020000 14.01204 18.61471 24.12299 -51.270 54.320 140.090 -9.004e+10 -1.493e+11 -1.152e+11 0.05000 371783 371783 675077 674 77 371771 371853 5.44138 314590000000 314590000000 276460000000 257390000000 200190000000 7.64918 0 0.03547 0.69318 0.52277 5.5164 -7.75241 14.2766 0.64069 0.47116 3.25589 -5.71177 15.4194 0.3519 577100000000 152500000000
 0.8800   575298 0.8900   583672      1       -1       -1       -1  0 3.49533e+11 3.14600e+11 146.110000 4.870000 108.650000  1 0.1900 166.370000 14.01774 18.60707 24.10649 -51.370 53.820 139.280 -8.867e+10 -1.503e+11 -1.139e+11 0.05074 371784 371784 675077 1714 76 371771 371853 4.87046 314590000000 314590000000 285990000000 247860000000 228790000000 7.81475 0 0.03552 0.59925 0.51105 13.8414 -5.70371 12.438 0.63238 0.57483 11.1275 -4.80044 11.9776 0.3471 698600000000 123900000000
 0.8700   566847 0.8800   575298      1       -1       -1       -1  0 3.49533e+11 3.14600e+11 146.682000 5.136000 112.480000  1 0.1900 164.480000 14.02158 18.60201 24.08055 -51.470 53.350 138.540 -8.629e+10 -1.543e+11 -1.122e+11 0.05070 371785 371785 675077 696 75 371771 371853 5.1357 314590000000 314590000000 285990000000 257390000000 228790000000 10.7837 0 0.03581 0.56217 0.37267 16.9749 -4.4103 5.25483 0.53034 0.34982 15.2784 -4.18353 4.04507 0.3659 639500000000 152500000000
 0.8600   558386 0.8700   566847      1       -1       -1       -1  0 3.49533e+11 3.14600e+11 147.252000 4.997000 113.070000  1 0.1900 166.710000 14.03006 18.59377 24.06909 -51.600 52.950 137.820 -8.277e+10 -1.591e+11 -1.085e+11 0.05153 371786 371786 675077 695 74 371771 371853 4.9975 314590000000 314590000000 285990000000 257390000000 219260000000 7.77116 0 0.03599 0.69654 0.40623 17.6421 2.50888 1.27672 0.66371 0.40246 16.0547 3.76513 2.37805 0.3623 607400000000 152500000000
 0.8500   549955 0.8600   558386      1       -1       -1       -1  0 3.49533e+11 3.14600e+11 147.820000 5.660000 105.230000  1 0.1900 161.310000 14.04267 18.58609 24.04807 -52.850 53.480 136.720 -5.363e+10 1.384e+10 -5.129e+10 0.01867 371787 371787 675077 1743 73 371771 371853 5.65953 314590000000 314590000000 305060000000 266920000000 209730000000 8.71642 0 0.01301 0.51536 0.47738 18.4271 4.55764 -5.59224 0.70009 0.6295 13.9277 4.88635 -3.13683 0.3275 625100000000 104900000000
 0.8400   541437 0.8500   549955      1       -1       -1       -1  0 3.49533e+11 3.14600e+11 148.385000 6.437000 102.250000  1 0.1900 156.060000 14.04833 18.57604 24.02826 -52.480 52.970 135.720 -5.272e+10 1.395e+10 -4.981e+10 0.01828 371788 371788 675077 681 72 371771 371853 6.43691 314590000000 314590000000 305060000000 266920000000 152530000000 11.8146 0 0.01278 0.80323 0.71439 -8.55439 -1.91982 11.0998 0.73727 0.58326 -1.16549 -0.20153 13.161 0.3148 548500000000 123900000000
 0.8300   532910 0.8400   541437      1       -1       -1       -1  0 3.49533e+11 3.14600e+11 148.948000 5.857000 97.520000  1 0.1900 161.320000 14.05712 18.56277 24.01205 -52.080 52.460 134.670 -5.184e+10 1.419e+10 -4.858e+10 0.01798 371789 371789 675077 2708 71 371771 371853 5.85717 314590000000 314590000000 295520000000 257390000000 152530000000 16.0423 0 0.01259 0.93054 0.82123 12.7041 -10.3503 0.5833 0.95593 0.57487 10.6384 -9.5814 5.95643 0.2938 514600000000 143000000000
 0.8200   524334 0.8300   532910      1       -1       -1       -1  0 3.49533e+11 3.14600e+11 149.509000 7.221000 94.310000  1 0.1900 152.540000 14.06491 18.55890 23.99081 -51.700 54.930 130.320 -6.078e+10 -6.972e+10 -2.111e+09 0.02274 371790 371790 675077 662 70 371771 371853 7.22065 314590000000 314590000000 305060000000 266920000000 162060000000 8.90901 0 0.01615 0.86598 0.72852 15.6588 1.90603 3.99196 0.7523 0.52063 8.88914 8.6404 8.70799 0.2829 495500000000 123900000000
 0.8100   515696 0.8200   524334      1       -1       -1       -1  0 3.49533e+11 3.14600e+11 150.067000 9.041000 93.930000  1 0.1900 144.070000 14.06667 18.55400 23.96811 -51.840 54.260 129.180 -6.027e+10 -6.915e+10 -3.052e+09 0.02202 371791 371791 675077 1741 69 371771 371853 9.04072 314590000000 314590000000 305060000000 266920000000 152530000000 10.7969 0 0.01609 0.76384 0.46363 15.2979 0.64887 4.38789 0.64951 0.20371 9.31388 1.44693 9.72646 0.2907 514900000000 133500000000
 0.8000   507030 0.8100   515696      1       -1       -1       -1  0 3.49533e+11 3.14600e+11 150.622000 8.588000 94.250000  1 0.1900 146.880000 14.08605 18.54612 23.95119 -51.940 53.610 128.040 -5.942e+10 -6.868e+10 -3.679e+09 0.02270 371792 371792 675077 693 68 371771 371853 8.58784 314590000000 314590000000 305060000000 276460000000 171590000000 9.94918 0 0.016 0.8103 0.56065 18.2947 -0.38313 2.26597 0.76226 0.6117 16.2298 1.1124 4.6731 0.2756 466400000000 114400000000
 0.7900   498401 0.8000   507030      1       -1       -1       -1  0 3.49533e+11 3.14600e+11 151.175000 7.895000 96.840000  1 0.1900 151.170000 14.09604 18.53511 23.92356 -52.020 52.960 126.890 -5.829e+10 -6.812e+10 -4.227e+09 0.02260 371793 371793 675077 678 67 371771 371853 7.89501 314590000000 314590000000 305060000000 276460000000 162060000000 5.41036 0 0.01587 0.73271 0.54833 14.3884 -0.43057 14.3082 0.72908 0.59541 13.9669 0.83103 12.1433 0.283 539200000000 114400000000
 0.7800   489766 0.7900   498401      1       -1       -1       -1  0 3.49533e+11 3.14600e+11 151.724000 6.938000 102.880000  1 0.1900 157.710000 14.11560 18.53094 23.91014 -52.090 52.320 125.730 -5.689e+10 -6.734e+10 -4.831e+09 0.02250 371794 371794 675077 651 66 371771 371853 6.93791 314590000000 314590000000 285990000000 276460000000 209730000000 18.766 0 0.01568 0.61922 0.49081 12.9525 3.36341 15.3827 0.68741 0.52918 13.5129 4.47697 11.5469 0.3032 560600000000 114400000000
 0.7700   481079 0.7800   489766      1       -1       -1       -1  0 3.49533e+11 3.14600e+11 152.270000 4.785000 112.340000  1 0.1900 177.450000 14.12299 18.52263 23.88136 -52.140 51.690 124.570 -5.529e+10 -6.631e+10 -5.461e+09 0.02332 371795 371795 675077 658 65 371771 371853 4.78541 314590000000 324120000000 295520000000 266920000000 219260000000 13.7285 0 0.01544 0.66847 0.49844 15.6833 3.06692 3.83354 0.54349 0.40713 16.2492 3.86691 2.5377 0.3176 577700000000 152500000000
 0.7600   472381 0.7700   481079      1       -1       -1       -1  0 3.49533e+11 3.24100e+11 154.341000 4.989000 109.840000  1 0.1900 178.500000 14.12811 18.50904 23.85433 -53.760 49.480 121.750 -5.052e+10 -6.493e+10 -8.764e+09 0.02117 371796 371796 675077 701 64 371771 371853 4.98871 324120000000 333650000000 295520000000 266920000000 209730000000 10.8412 0 0.01411 0.76017 0.57298 11.8155 4.64557 -8.03838 0.73896 0.65154 11.9182 5.85195 -3.24946 0.3055 620500000000 152500000000
 0.7500   463646 0.7600   472381      1       -1       -1       -1  0 3.49533e+11 3.33700e+11 156.390000 7.843000 100.750000  1 0.1900 158.890000 14.14620 18.50423 23.82308 -54.000 48.690 120.430 -5.423e+10 -6.968e+10 -6.214e+10 0.02454 371797 371797 675077 655 63 371771 371853 7.84341 333650000000 343190000000 295520000000 276460000000 190660000000 13.3461 1.6 0.01764 0.64438 0.54244 -11.4248 -4.10296 16.2135 0.65457 0.5715 -10.3504 -4.45281 15.4231 0.2966 518200000000 123900000000
 0.7400   454858 0.7500   463646      1       -1       -1       -1  0 3.49533e+11 3.43200e+11 158.417000 8.616000 90.440000  1 0.1900 157.570000 14.15059 18.48652 23.80195 -50.270 46.580 117.860 -7.520e+10 -1.625e+11 -5.506e+10 0.04034 371798 371798 675077 1713 62 371771 371853 8.61629 343190000000 343190000000 305060000000 276460000000 190660000000 11.5201 0 0.02935 0.90191 0.60517 -2.28182 -2.03947 22.1059 0.8208 0.62774 15.4675 5.09977 -12.5375 0.2533 495100000000 114400000000
 0.7300   446037 0.7400   454858      1       -1       -1       -1  0 3.49533e+11 3.43200e+11 158.964000 9.427000 88.420000  1 0.1900 154.670000 14.16792 18.47693 23.77543 -49.410 48.750 115.420 -5.604e+10 5.589e+10 1.571e+10 0.01700 371799 371799 675077 641 61 371771 371853 9.42669 343190000000 343190000000 295520000000 266920000000 171590000000 9.22284 0 0.0127 0.71739 0.55511 24.3746 5.41257 11.1384 0.75933 0.51218 21.9064 7.04454 9.40779 0.2517 521800000000 123900000000
 0.7200   437165 0.7300   446037      1       -1       -1       -1  0 3.49533e+11 3.43200e+11 159.507000 10.870000 94.280000  1 0.1900 149.860000 14.16082 18.46325 23.75075 -48.540 47.270 112.290 -8.319e+10 -3.179e+10 7.824e+10 0.02492 371800 371800 675077 636 60 371771 371853 10.8702 343190000000 343190000000 305060000000 257390000000 171590000000 6.86834 0 0.01876 0.49821 0.43896 22.8563 8.63846 10.8614 0.45919 0.39125 21.0793 11.4683 9.63574 0.2772 472800000000 162100000000
 0.7100   428232 0.7200   437165      1       -1       -1       -1  0 3.49533e+11 3.43200e+11 160.047000 8.287000 98.990000  1 0.1900 162.250000 14.18204 18.45998 23.72835 -46.510 46.100 110.360 -9.624e+10 -5.956e+10 2.994e+10 0.02550 371801 371801 675077 648 59 371771 371853 8.28749 343190000000 343190000000 314590000000 257390000000 219260000000 3.99662 0 0.01862 0.56381 0.3397 18.552 5.43521 5.8564 0.55531 0.32077 16.3239 8.6517 4.02559 0.2837 530300000000 133500000000
 0.7000   419264 0.7100   428232      1       -1       -1       -1  0 3.49533e+11 3.43200e+11 160.581000 7.980000 95.300000  1 0.1900 165.040000 14.18379 18.44798 23.69484 -44.570 45.150 108.630 -6.798e+10 4.761e+10 4.405e+10 0.02057 371802 371802 675077 611 58 371771 371853 7.97951 343190000000 343190000000 305060000000 238320000000 162060000000 5.19448 0 0.01503 0.5855 0.4645 13.3191 0.99651 9.26765 0.84089 0.50629 10.8152 4.93762 4.99191 0.2677 484600000000 123900000000
 0.6900   410274 0.7000   419264      1       -1       -1       -1  0 3.49533e+11 3.52700e+11 162.590000 9.006000 91.580000  1 0.1900 162.470000 14.21732 18.43788 23.67538 -47.110 44.840 106.660 -8.348e+10 -3.626e+10 2.714e+10 0.01910 371803 371803 675077 647 57 371771 371853 9.00633 352720000000 362250000000 285990000000 247860000000 171590000000 17.7085 0 0.01459 0.45117 0.39057 19.8169 -3.73445 12.7454 0.63866 0.50012 13.2879 -5.76217 10.9177 0.266 470700000000 152500000000
 0.6800   401268 0.6900   410274      1       -1       -1       -1  0 3.49533e+11 3.43200e+11 161.637000 8.677000 80.970000  1 0.1900 163.320000 14.22159 18.43403 23.63999 -44.700 41.210 104.620 -4.227e+10 8.800e+09 -1.359e+11 0.03051 371804 371804 675077 644 56 371771 371853 8.67707 343190000000 362250000000 314590000000 219260000000 171590000000 8.38449 0 0.02307 0.81847 0.40627 18.3654 2.88659 15.227 0.89958 0.50583 5.52636 17.4186 0.2547 0.2175 479400000000 114400000000
 0.6700   392282 0.6800   401268      1       -1       -1       -1  0 3.49533e+11 3.43200e+11 162.157000 13.003000 78.650000  1 0.1900 147.900000 14.22600 18.42279 23.61070 -45.400 43.280 101.650 -3.958e+10 1.214e+10 -1.340e+11 0.02941 371805 371805 675077 2872 55 371771 371853 13.0035 343190000000 343190000000 314590000000 200190000000 142990000000 3.80525 2.87 0.02282 0.58215 0.35951 21.0645 -0.66275 6.46942 0.49009 0.33338 16.9823 6.00344 3.83211 0.215 364700000000 152500000000
 0.6600   383321 0.6700   392282      1       -1       -1       -1  0 3.49533e+11 3.24100e+11 159.602000 14.883000 72.340000  1 0.1900 140.850000 14.22830 18.41363 23.58172 -45.190 42.210 99.300 -6.426e+10 -3.848e+10 -1.313e+11 0.03459 371806 371806 675077 1759 54 371771 371853 14.8827 324120000000 324120000000 324120000000 200190000000 95330000000 11.0545 4.27 0.02721 0.71127 0.57037 24.8533 -1.05373 12.6504 0.43118 0.31358 23.5828 7.17612 4.74108 0.1939 333200000000 162100000000
 0.6500   374266 0.6600   383321      1       -1       -1       -1  0 3.49533e+11 3.14600e+11 158.517000 11.896000 67.700000  1 0.1900 147.810000 14.24890 18.40392 23.56647 -44.880 41.110 97.050 -6.954e+10 -1.150e+11 -3.701e+10 0.03541 371807 371807 675077 635 53 371771 371853 11.8962 314590000000 333650000000 314590000000 257390000000 133460000000 11.8066 0 0.02653 0.9679 0.79416 -4.66156 20.9727 12.6384 0.73982 0.58221 -11.6526 20.561 -6.80471 0.1597 348700000000 133500000000
 0.6400   365185 0.6500   374266      1       -1       -1       -1  0 3.49533e+11 3.14600e+11 159.007000 11.856000 71.400000  1 0.1900 148.970000 14.26931 18.38051 23.53352 -44.450 40.020 94.930 -6.749e+10 -1.159e+11 -3.595e+10 0.03616 371808 371808 675077 666 52 371771 371853 11.8559 314590000000 333650000000 305060000000 247860000000 142990000000 10.4553 0 0.02659 0.89094 0.70055 -7.85247 16.1906 2.75592 0.79382 0.65439 -3.76822 15.5259 -2.82147 0.166 358300000000 143000000000
 0.6300   356069 0.6400   365185      1       -1       -1       -1  0 3.49533e+11 3.14600e+11 159.491000 7.911000 82.040000  1 0.1900 167.220000 14.27622 18.37515 23.50829 -43.970 39.010 92.990 -6.491e+10 -1.165e+11 -3.542e+10 0.03801 371809 371809 675077 671 51 371771 371853 7.91054 314590000000 324120000000 305060000000 247860000000 200190000000 5.84587 0 0.0266 0.61438 0.3566 -0.10524 12.6459 6.71418 0.44775 0.15294 -1.01121 10.4739 6.45727 0.1901 475200000000 76260000000
 0.6200   346965 0.6300   356069      1       -1       -1       -1  0 3.49533e+11 3.14600e+11 159.969000 6.451000 94.210000  1 0.1900 178.760000 14.28830 18.36250 23.48139 -42.420 38.690 88.170 -3.931e+10 -7.260e+10 -6.987e+10 0.03214 371810 371810 675077 648 50 371771 371853 6.45098 314590000000 314590000000 314590000000 247860000000 190660000000 3.5323 0 0.02099 0.7566 0.45384 10.1474 7.83297 7.33269 0.82507 0.47881 9.76733 7.97116 6.1255 0.2101 523700000000 143000000000
 0.6100   337835 0.6200   346965      1       -1       -1       -1  0 3.49533e+11 3.24100e+11 162.046000 6.983000 92.790000  1 0.1900 178.220000 14.30010 18.35280 23.45015 -40.250 38.590 87.730 -6.244e+10 -1.001e+11 -2.966e+10 0.03373 371811 371811 675077 637 49 371771 371853 6.98317 324120000000 324120000000 314590000000 257390000000 209730000000 3.27798 0 0.0226 0.84782 0.554 11.6256 7.86 7.43888 0.8183 0.58897 13.3539 5.97528 4.01102 0.2102 546900000000 123900000000
 0.6000   328673 0.6100   337835      1       -1       -1       -1  0 3.49533e+11 3.33700e+11 164.095000 8.120000 89.210000  1 0.1900 174.080000 14.31689 18.33884 23.42514 -39.370 37.660 82.980 -4.771e+10 -1.640e+11 -2.197e+10 0.04493 371812 371812 675077 1638 48 371771 371853 8.12017 333650000000 333650000000 314590000000 257390000000 209730000000 8.29472 0 0.03069 0.76794 0.63811 1.60179 13.0728 8.09001 0.66969 0.65784 5.15369 11.6514 8.32914 0.1996 503400000000 95330000000
 0.5900   319480 0.6000   328673      1       -1       -1       -1  0 3.49533e+11 3.43200e+11 166.116000 10.913000 83.730000  1 0.1900 163.780000 14.32779 18.31994 23.39348 -35.380 35.480 84.350 -2.289e+10 -2.304e+11 -7.565e+10 0.05721 371813 371813 675077 650 47 371771 371853 10.9132 343190000000 343190000000 314590000000 257390000000 190660000000 6.00545 2.3 0.04173 0.76263 0.50425 5.58427 23.0963 5.87262 0.60396 0.44958 9.91584 21.5027 5.70176 0.1964 433200000000 143000000000
 0.5800   310231 0.5900   319480      1       -1       -1       -1  0 3.49533e+11 3.43200e+11 166.582000 16.037000 79.210000  1 0.1900 150.230000 14.34423 18.31672 23.37256 -37.460 34.010 82.370 -1.886e+10 -2.157e+11 -1.134e+11 0.05649 371814 371814 675077 647 46 371771 371853 16.037 343190000000 343190000000 333650000000 247860000000 142990000000 4.00073 0 0.04216 0.87766 0.51034 -3.51703 21.7177 0.43907 0.79854 0.51728 7.77028 18.009 0.56075 0.1839 361800000000 171600000000
 0.5700   301006 0.5800   310231      1       -1       -1       -1  0 3.49533e+11 3.52700e+11 168.574000 11.704000 76.690000  1 0.1900 165.300000 14.35783 18.29531 23.33517 -32.630 30.830 81.190 -1.746e+10 -1.672e+11 -1.422e+11 0.04882 371815 371815 675077 621 45 371771 371853 11.704 352720000000 352720000000 333650000000 247860000000 142990000000 2.3345 0 0.03656 0.80959 0.52962 -11.4258 15.8462 3.2273 0.78129 0.44841 -5.98965 14.5206 -0.40957 0.1711 369300000000 143000000000
 0.5600   291757 0.5700   301006      1       -1       -1       -1  0 3.49533e+11 3.52700e+11 169.029000 11.431000 74.350000  1 0.1900 167.680000 14.36969 18.29076 23.31401 -36.720 29.620 79.030 -2.118e+10 -2.428e+11 -1.265e+11 0.06165 371816 371816 675077 711 44 371771 371853 11.4313 352720000000 352720000000 324120000000 266920000000 114400000000 7.65154 0 0.04593 0.91126 0.67484 -12.2847 16.1691 6.50919 0.70984 0.48099 -6.32685 18.8753 8.36662 0.1586 373000000000 114400000000
 0.5500   282507 0.5600   291757      1       -1       -1       -1  0 3.43200e+11 3.43200e+11 167.937000 13.942000 74.530000  1 0.1900 159.060000 14.38564 18.28608 23.28922 -33.830 28.570 76.960 -1.373e+10 -1.812e+11 -1.389e+11 0.05374 371817 371817 675077 714 43 371771 371853 13.9419 343190000000 343190000000 305060000000 266920000000 133460000000 16.1566 0 0.04036 0.67993 0.33146 -3.06872 23.589 19.767 0.31701 0.30711 -2.32622 22.3314 21.0106 0.1618 369900000000 152500000000
 0.5400   273289 0.5500   282507      1       -1       -1       -1  0 3.30500e+11 3.33700e+11 166.799000 10.674000 77.620000  1 0.1900 169.620000 14.41333 18.27367 23.24666 -35.530 27.960 73.360 -3.828e+10 -1.212e+11 -8.890e+10 0.04072 371818 371818 675077 700 42 371771 371853 10.6744 333650000000 333650000000 305060000000 238320000000 181130000000 17.1903 0 0.02891 0.84845 0.61489 14.5682 -3.87508 -11.0593 0.47978 0.27734 11.9711 -9.64656 -10.366 0.1576 432300000000 123900000000
 0.5300   264048 0.5400   273289      1       -1       -1       -1  0 3.20967e+11 3.14600e+11 163.976000 9.003000 82.040000  1 0.1900 174.760000 14.42248 18.26219 23.22048 -33.290 29.010 74.310 -3.581e+10 -3.063e+10 -1.255e+11 0.04121 371819 371819 675077 707 41 371771 371853 9.00321 314590000000 324120000000 305060000000 247860000000 181130000000 10.4303 0 0.02779 0.76087 0.47242 14.4214 14.3278 -3.38842 0.82241 0.54014 10.722 9.78633 -9.63254 0.1622 424400000000 123900000000
 0.5200   254806 0.5300   264048      1       -1       -1       -1  0 3.08233e+11 3.14600e+11 164.384000 10.116000 77.550000  1 0.1900 170.830000 14.43742 18.24371 23.18487 -31.970 25.150 72.290 -6.239e+10 -4.069e+10 -7.512e+10 0.03114 371820 371820 675077 717 40 371771 371853 10.1155 314590000000 314590000000 295520000000 238320000000 171590000000 6.05146 0 0.02211 0.89683 0.38048 -3.98894 15.5351 8.61934 0.7501 0.36307 -5.48751 14.0115 8.04965 0.1598 407100000000 123900000000
 0.5100   245562 0.5200   254806      1       -1       -1       -1  0 3.01867e+11 2.95500e+11 161.385000 9.822000 71.500000  1 0.1900 169.240000 14.45779 18.25793 23.14972 -32.090 23.240 70.390 -7.786e+10 -2.867e+10 -6.474e+10 0.03368 371821 371821 675077 729 39 371771 371853 9.82156 295520000000 295520000000 295520000000 219260000000 133460000000 22.9162 0 0.02462 0.83815 0.39713 17.3229 -18.592 -10.4541 0.582 0.38101 16.6171 -17.472 -11.9062 0.1509 346400000000 123900000000
 0.5000   236383 0.5100   245562      1       -1       -1       -1  0 2.92333e+11 2.95500e+11 161.768000 11.090000 64.390000  1 0.1900 165.450000 14.46393 18.24071 23.11634 -30.010 23.910 69.180 -5.660e+10 -2.991e+10 -5.549e+10 0.02685 371822 371822 675077 721 38 371771 371853 11.0902 295520000000 295520000000 285990000000 228790000000 85797000000 21.9873 0 0.01999 0.65011 0.32406 19.7579 -8.98195 -14.519 0.25606 0.23164 19.2553 -17.1984 -15.0191 0.1278 292700000000 95330000000
 0.4900   227212 0.5000   236383      1       -1       -1       -1  0 2.89167e+11 2.86000e+11 160.379000 15.455000 61.800000  1 0.1900 152.030000 14.47464 18.21313 23.09177 -28.920 21.560 67.460 -3.521e+10 -3.455e+10 -7.723e+10 0.03088 371823 371823 675077 686 37 371771 371853 15.4545 285990000000 285990000000 285990000000 238320000000 85797000000 4.83323 0 0.02305 0.728 0.18344 16.9807 -5.2378 -13.1006 0.61707 0.14468 -11.3025 -4.45438 17.4876 0.1206 314500000000 133500000000
 0.4800   218059 0.4900   227212      1       -1       -1       -1  0 2.82833e+11 2.86000e+11 160.741000 19.822000 56.340000  1 0.1900 145.580000 14.49308 18.20056 23.04510 -26.860 21.810 63.330 -2.804e+10 1.540e+09 -5.226e+10 0.01961 371824 371824 675077 696 36 371771 371853 19.8215 285990000000 285990000000 276460000000 181130000000 85797000000 17.7474 0 0.01506 0.77875 0.56756 23.2442 1.39801 -12.8258 0.7746 0.38148 -13.2062 -9.30114 13.774 0.1053 284200000000 162100000000
 0.4700   208927 0.4800   218059      1       -1       -1       -1  0 2.79667e+11 2.76500e+11 159.284000 20.182000 55.420000  1 0.1900 144.520000 14.50301 18.18818 23.01863 -26.680 19.270 61.240 -3.243e+10 3.811e+09 -1.363e+10 0.01243 371825 371825 675077 691 35 371771 371853 20.1823 276460000000 276460000000 276460000000 190660000000 85797000000 13.7407 0 0.00959 0.64222 0.24271 19.5943 12.9343 -15.9514 0.58624 0.13016 -16.9857 -6.24997 20.3708 0.1018 279400000000 162100000000
 0.4600   199825 0.4700   208927      1       -1       -1       -1  0 2.73300e+11 2.76500e+11 159.623000 14.442000 56.120000  1 0.1900 156.890000 14.50929 18.16823 22.99502 -25.350 19.110 59.230 -3.003e+10 8.098e+08 -1.180e+10 0.01176 371826 371826 675077 664 34 371771 371853 14.4421 276460000000 276460000000 266920000000 171590000000 123930000000 18.1733 0 0.00883 0.87195 0.32591 -7.88604 -7.65807 13.6993 0.6703 0.34831 -8.25239 -3.66296 14.3272 0.0966 284700000000 133500000000
 0.4500   190788 0.4600   199825      1       -1       -1       -1  0 2.66933e+11 2.66900e+11 158.094000 7.146000 65.540000  1 0.1900 188.000000 14.52489 18.17121 22.96710 -23.870 19.460 56.250 -1.714e+10 -1.763e+10 -1.701e+10 0.01275 371827 371827 675077 1787 33 371771 371853 7.14562 266920000000 266920000000 266920000000 171590000000 142990000000 12.3578 0 0.00876 0.88592 0.35191 -5.62067 -9.84028 11.6894 0.86577 0.3423 4.92296 11.5439 -8.72213 0.1088 395600000000 85800000000
 0.4400   181761 0.4500   190788      1       -1       -1       -1  0 2.60567e+11 2.57400e+11 156.503000 8.782000 66.740000  1 0.1900 176.520000 14.52875 18.14664 22.94858 -22.250 20.200 51.930 -1.985e+10 8.580e+08 -1.597e+10 0.01161 371828 371828 675077 1802 32 371771 371853 8.78169 257390000000 238320000000 238320000000 209730000000 133460000000 17.9593 3.29 0.00802 0.79786 0.64953 15.5707 11.9682 2.19705 0.97762 0.50759 10.1266 13.7321 -4.94611 0.115 322400000000 104900000000
 0.4300   172755 0.4400   181761      1       -1       -1       -1  0 2.60567e+11 2.57400e+11 156.807000 12.438000 56.730000  1 0.1900 163.020000 14.54886 18.14899 22.90862 -22.680 18.720 51.770 -3.401e+10 2.269e+10 -4.684e+09 0.01779 371829 371829 675077 626 31 371771 371853 12.4383 257390000000 247860000000 238320000000 219260000000 76264000000 10.0827 0.98 0.01308 0.36773 0.07744 -11.8081 -17.5159 21.1753 0.1826 0.02703 11.5291 17.7274 -17.2115 0.0953 318000000000 114400000000
 0.4200   163816 0.4300   172755      1       -1       -1       -1  0 2.60567e+11 2.38300e+11 153.123000 13.062000 55.280000  1 0.1900 157.820000 14.55685 18.13873 22.87760 -21.750 16.900 49.590 -3.636e+10 3.121e+10 -3.483e+10 0.02971 371830 371830 675077 598 30 371771 371853 13.0616 238320000000 238320000000 238320000000 209730000000 95330000000 9.17732 0 0.02165 0.79136 0.36432 4.3031 28.187 -5.10385 0.87255 0.1446 5.72814 25.8684 -8.16538 0.0921 265900000000 114400000000
 0.4100   154949 0.4200   163816      1       -1       -1       -1  0 2.60567e+11 2.57400e+11 157.387000 15.677000 56.840000  1 0.1900 157.990000 14.57743 18.11464 22.85895 -22.560 18.390 49.380 -4.057e+10 -1.822e+10 4.080e+09 0.01881 371831 371831 675077 612 29 371771 371853 15.6768 257390000000 257390000000 257390000000 171590000000 57198000000 10.9961 3.78 0.01452 0.86514 0.32078 -12.669 13.5207 14.844 0.53658 0.08099 -17.2652 21.6753 8.44493 0.1 254500000000 143000000000
 0.4000   146206 0.4100   154949      1       -1       -1       -1  0 2.60567e+11 2.57400e+11 157.663000 14.738000 57.830000  1 0.1900 162.120000 14.57502 18.11613 22.83438 -20.230 19.540 51.330 -4.790e+10 1.802e+10 -5.343e+10 0.03197 371832 371832 675077 600 28 371771 371853 14.7382 257390000000 247860000000 238320000000 162060000000 114400000000 23.5461 0 0.02432 0.67998 0.31017 -8.94124 -3.28446 14.0551 0.1516 0.06166 -12.7913 -6.53151 17.4854 0.0987 240700000000 114400000000
 0.3900   137543 0.4000   146206      1       -1       -1       -1  0 2.54200e+11 2.66900e+11 159.855000 13.616000 54.880000  1 0.1900 169.700000 14.59036 18.10004 22.79815 -18.760 18.930 48.060 -2.389e+10 2.339e+10 -2.852e+10 0.01797 371833 371833 675077 588 27 371771 371853 13.616 266920000000 257390000000 228790000000 142990000000 95330000000 22.5839 0 0.01376 0.51022 0.29681 11.4189 -13.9295 -11.7922 0.28566 0.11803 -6.18348 15.4287 12.0887 0.087 230100000000 104900000000
 0.3800   129084 0.3900   137543      1       -1       -1       -1  0 2.44667e+11 2.38300e+11 154.178000 22.022000 47.440000  1 0.1900 148.280000 14.60627 18.09143 22.76394 -18.150 16.270 43.760 -5.792e+08 1.630e+10 -1.804e+10 0.01177 371834 371834 675077 1566 26 371771 371853 22.0221 238320000000 238320000000 228790000000 152530000000 28599000000 11.8361 0 0.00931 0.86048 0.17922 27.7775 -10.7169 -6.76133 0.67009 0.17447 11.9517 16.4185 -16.9684 0.0745 225700000000 152500000000
 0.3700   120591 0.3800   129084      1       -1       -1       -1  0 2.35167e+11 2.28800e+11 152.331000 14.261000 49.310000  1 0.1900 161.630000 14.61833 18.07757 22.72574 -20.620 16.540 43.950 -9.886e+09 -6.997e+07 -5.061e+09 0.00595 371835 371835 675077 606 25 371771 371853 14.261 228790000000 228790000000 209730000000 181130000000 0 5.06408 3.54 0.00461 0.263 0.15429 27.348 20.2467 -18.2989 0.08451 0.03183 26.1029 20.9071 -15.6362 0.0759 245600000000 104900000000
 0.3600   112196 0.3700   120591      1       -1       -1       -1  0 2.35167e+11 2.28800e+11 152.557000 8.917000 54.330000  1 0.1900 184.290000 14.65018 18.05626 22.69116 -22.020 15.630 45.430 -2.446e+10 1.878e+10 -3.341e+10 0.02660 371836 371836 675077 535 24 371771 371853 8.91664 228790000000 228790000000 228790000000 171590000000 152530000000 10.6131 0 0.01911 0.39434 0.29457 26.6999 17.7161 -16.3691 0.23335 0.09427 32.5488 14.1602 -20.5747 0.0751 313500000000 38130000000
 0.3500   103950 0.3600   112196      1       -1       -1       -1  0 2.35167e+11 2.47900e+11 156.905000 13.613000 55.290000  1 0.1900 173.470000 14.65459 18.03011 22.64593 -22.230 16.240 46.010 -2.026e+10 2.361e+10 -3.913e+10 0.02498 371837 371837 675077 554 23 371771 371853 13.6125 247860000000 219260000000 219260000000 181130000000 95330000000 11.6044 3.07 0.01864 0.71212 0.43049 21.3067 6.95867 2.02969 0.81677 0.19413 17.5839 7.89073 2.87992 0.0784 262000000000 123900000000
 0.3400    95898 0.3500   103950      1       -1       -1       -1  0 2.32000e+11 2.28800e+11 152.982000 11.703000 53.700000  1 0.1900 176.570000 14.69322 18.01444 22.58233 -22.610 16.040 42.870 6.378e+09 9.758e+09 -3.980e+10 0.02371 371838 371838 675077 1542 22 371771 371853 11.7028 228790000000 228790000000 219260000000 190660000000 0 22.0691 0 0.01791 0.65476 0.28374 -16.1895 0.76429 39.5127 0.57206 0.01997 -14.5355 9.72587 43.3107 0.0768 269400000000 19070000000
 0.3300    88085 0.3400    95898      1       -1       -1       -1  0 2.22467e+11 2.19300e+11 151.021000 11.131000 48.850000  1 0.1900 178.230000 14.69745 17.99576 22.56413 -23.290 14.020 43.030 -8.876e+09 2.218e+10 -3.836e+10 0.02917 371839 371839 675077 522 21 371771 371853 11.1314 219260000000 219260000000 219260000000 209730000000 19066000000 10.5801 0 0.02126 0.78763 0.59567 24.9902 22.6521 -0.9217 0.69605 0.36909 25.3212 20.3597 -6.98285 0.0621 272500000000 47660000000
 0.3200    80411 0.3300    88085      1       -1       -1       -1  0 2.19300e+11 2.19300e+11 151.207000 15.433000 47.270000  1 0.1900 167.480000 14.70890 17.96928 22.51808 -23.630 15.950 41.110 1.745e+10 1.140e+10 -2.639e+10 0.02132 371840 371840 675077 525 20 371771 371853 15.4327 219260000000 219260000000 209730000000 171590000000 57198000000 20.6177 0 0.01606 0.60058 0.48617 30.4127 13.0805 11.139 0.72908 0.58828 26.0941 3.08162 10.159 0.0604 237300000000 104900000000
 0.3100    73003 0.3200    80411      1       -1       -1       -1  0 2.16100e+11 2.19300e+11 151.382000 16.876000 48.890000  1 0.1900 166.860000 14.76249 17.97014 22.49222 -19.490 16.320 39.440 1.356e+10 1.943e+10 -2.886e+10 0.02332 371841 371841 675077 1407 19 371771 371853 16.8757 219260000000 219260000000 219260000000 200190000000 19066000000 18.1789 0 0.0181 0.34971 0.09911 33.3427 24.9975 21.9874 0.2014 0.06814 25.9832 -2.09284 25.5298 0.0661 240200000000 123900000000
 0.3000    65811 0.3100    73003      1       -1       -1       -1  0 2.12900e+11 2.09700e+11 149.320000 12.421000 48.340000  1 0.1900 178.470000 14.75790 17.93935 22.44350 -17.580 16.720 34.790 5.355e+09 -9.750e+09 -2.271e+10 0.01807 371842 371842 675077 489 18 371771 371853 12.4209 209730000000 209730000000 200190000000 181130000000 76264000000 4.8919 0 0.01341 0.79519 0.41914 0.08817 16.6977 17.1002 0.80502 0.3055 -1.60077 17.1098 12.6413 0.0595 247800000000 85800000000
 0.2900    58875 0.3000    65811      1       -1       -1       -1  0 2.03367e+11 2.09700e+11 149.474000 20.638000 46.390000  1 0.1900 162.730000 14.76879 17.93780 22.41799 -17.360 15.140 32.610 5.515e+09 -1.007e+10 -2.177e+10 0.01639 371843 371843 675077 457 17 371771 371853 20.6382 209730000000 200190000000 200190000000 162060000000 38132000000 25.1316 0 0.01327 0.68347 0.22009 -16.2871 9.77912 25.7717 0.10544 0.00542 31.9547 -8.47453 -20.2244 0.0664 199100000000 133500000000
 0.2800    52275 0.2900    58875      1       -1       -1       -1  0 1.93833e+11 1.90700e+11 144.941000 28.092000 38.730000  1 0.1900 151.640000 14.83099 17.92760 22.36528 -16.340 10.600 29.320 1.359e+10 1.486e+10 -2.333e+10 0.02304 371844 371844 675077 420 16 371771 371853 28.0917 190660000000 190660000000 190660000000 85797000000 9533000000 21.9548 3.42 0.01981 0.53261 0.19303 8.09394 20.26 35.6397 0.63777 0.27739 14.4939 24.3372 4.10751 0.0596 167000000000 162100000000
 0.2700    45993 0.2800    52275      1       -1       -1       -1  0 1.93833e+11 1.62100e+11 137.423000 13.047000 36.980000  1 0.1900 167.120000 14.83999 17.90043 22.33831 -13.420 7.440 27.320 2.719e+10 1.077e+10 -1.618e+10 0.03495 371845 371845 675077 1081 15 371771 371853 13.0473 162060000000 162060000000 162060000000 85797000000 57198000000 21.3162 0 0.02868 0.32724 0.16475 11.5322 31.938 30.3102 0.56924 0.06832 1.99751 20.0271 8.57825 0.0469 179900000000 57200000000
 0.2600    40048 0.2700    45993      1       -1       -1       -1  0 1.93833e+11 1.52500e+11 134.789000 9.767000 33.620000  1 0.1900 178.040000 14.84672 17.88581 22.30345 -10.100 8.120 24.530 1.132e+10 2.361e+10 -1.848e+10 0.03793 371846 371846 675077 2381 14 371771 371853 9.76659 152530000000 152530000000 152530000000 85797000000 57198000000 9.52693 0 0.03099 0.54035 0.25115 -2.1695 20.464 17.2811 0.62297 0.29048 9.12628 9.87602 -2.44733 0.0402 179000000000 57200000000
 0.2500    34475 0.2600    40048      1       -1       -1       -1  0 1.93833e+11 2.09700e+11 150.003000 52.764000 33.930000  1 0.1900 156.150000 14.88144 17.89220 22.27368 -8.800 8.920 24.430 4.678e+08 -7.484e+09 -6.461e+09 0.00654 371847 371847 675077 329 13 371771 371853 52.7643 209730000000 181130000000 171590000000 76264000000 28599000000 8.35945 0.7 0.00574 0.73695 0.34128 -3.33344 10.1319 12.7944 0.42785 0.10533 -8.86547 15.6236 7.53971 0.0348 171200000000 219300000000
 0.2400    29251 0.2500    34475      1       -1       -1       -1  0 1.93833e+11 1.81100e+11 142.954000 20.509000 39.210000  1 0.1900 168.790000 14.92036 17.88612 22.25257 -8.410 7.760 20.930 -3.417e+09 -1.991e+10 8.846e+09 0.02069 371848 371848 675077 2060 12 371771 371853 20.5087 181130000000 181130000000 181130000000 133460000000 28599000000 6.36301 0 0.01666 0.56723 0.1927 -1.3535 19.9661 37.7708 0.7697 0.15802 -6.24516 10.0058 26.5084 0.0399 166200000000 123900000000
 0.2300    24432 0.2400    29251      1       -1       -1       -1  0 1.77967e+11 1.90700e+11 145.519000 29.669000 40.320000  1 0.1900 165.810000 14.92997 17.89564 22.21519 -5.430 9.270 20.130 -1.455e+10 -1.634e+10 3.926e+09 0.01857 371849 371849 675077 312 11 371771 371853 29.6693 190660000000 181130000000 181130000000 104860000000 38132000000 26.2937 2.68 0.01574 0.20299 0.06997 5.72721 44.7896 4.99474 0.40874 0.03576 10.5092 36.5181 -1.80961 0.0474 169000000000 171600000000
 0.2200    20010 0.2300    24432      1       -1       -1       -1  0 1.68433e+11 1.62100e+11 137.932000 17.945000 32.990000  1 0.1900 172.910000 14.93847 17.86885 22.18767 -6.710 3.750 18.870 -2.773e+09 8.024e+09 -7.078e+09 0.01260 371850 371850 675077 287 10 371771 371853 17.9446 162060000000 162060000000 162060000000 85797000000 19066000000 7.72595 0 0.01049 0.89405 0.21371 3.55468 27.1824 -22.7003 0.21285 0.0035 -6.87453 39.9226 -3.43548 0.0309 170600000000 85800000000
 0.2100    16020 0.2200    20010      1       -1       -1       -1  0 1.46167e+11 1.52500e+11 135.251000 16.925000 34.790000  1 0.1900 174.710000 14.92718 17.83157 22.13156 -6.280 5.070 19.210 -1.948e+09 4.173e+09 -7.363e+09 0.01089 371851 371851 675077 254 9 371771 371853 16.9252 152530000000 152530000000 152530000000 76264000000 9533000000 35.2166 0 0.00933 0.63125 0.28509 18.3941 26.4682 20.543 0.02994 0 26.1829 29.6262 26.2174 0.0383 133500000000 76260000000
 0.2000    12516 0.2100    16020      1       -1       -1       -1  0 1.33433e+11 1.23900e+11 126.273000 30.240000 30.020000  1 0.1900 150.870000 14.93492 17.82294 22.07141 -0.910 4.930 15.730 8.765e+08 2.026e+09 -3.225e+09 0.00640 371852 371852 675077 914 8 371771 371853 30.2399 123930000000 123930000000 123930000000 57198000000 0 46.1425 0 0.00608 0.71217 0.07645 11.8155 38.1052 20.0927 0.76267 0.49994 10.871 35.4608 22.0463 0.0442 108000000000 123900000000
 0.1900     9485 0.2000    12516      0       -1       -1       -1  0 1.23900e+11 1.23900e+11 126.333000 52.384000 29.150000  1 0.1900 149.180000 14.93993 17.82416 22.04650 1.330 2.860 22.460 7.953e+09 -7.095e+09 1.160e+10 0.02454 371853 371853 675077 157 7 371771 371853 52.3845 123930000000 85797000000 66731000000 9533000000 0 31.7957 7.64 0.02513 0.27955 0.08397 37.6445 13.6974 4.87851 0 0 0 0 0 0.0513 119400000000 171600000000
