 1.0000   681062 0.0000       -1      1       -1       -1       -1  0 2.86000e+11 2.86000e+11 134.788000 7.230000 111.880000  1 0.4100 134.660000 57.40765 48.04251 30.11622 224.290 -190.140 -35.020 -3.461e+10 5.896e+10 8.247e+10 0.02221 403217 403217 681062 6577 88 403216 403276 7.22993 285990000000 314590000000 247860000000 219260000000 133460000000 14.2117 0 0.02057 0.5997 0.44707 2.62874 -10.2647 18.6982 0.51904 0.49063 -3.55215 -6.63323 17.5161 0.5363 475500000000 95330000000
 0.9900   672947 1.0000   681062      1       -1       -1       -1  0 2.86000e+11 2.86000e+11 135.356000 7.252000 107.780000  1 0.4100 135.100000 57.38395 48.05893 30.11601 222.170 -188.060 -34.690 -3.394e+10 5.817e+10 8.183e+10 0.02200 403218 403218 681062 6571 87 403216 403276 7.25191 285990000000 295520000000 238320000000 200190000000 104860000000 17.5056 0 0.02041 0.60494 0.47812 2.0799 -5.82099 20.2022 0.69793 0.60469 -0.2601 -6.17951 15.8807 0.5179 500300000000 76260000000
 0.9800   664513 0.9900   672947      1       -1       -1       -1  0 2.82833e+11 2.86000e+11 135.923000 7.311000 104.060000  1 0.4100 135.350000 57.35854 48.07642 30.11954 216.160 -188.690 -34.490 -5.760e+10 9.269e+10 4.591e+10 0.02450 403219 403219 681062 6587 86 403216 403276 7.31149 285990000000 295520000000 238320000000 200190000000 95330000000 15.7874 0 0.02287 0.58042 0.4123 7.69159 -1.28263 21.7581 0.80365 0.51395 5.85749 -0.46784 16.3524 0.5011 489600000000 57200000000
 0.9700   656123 0.9800   664513      1       -1       -1       -1  0 2.79667e+11 2.76500e+11 134.956000 7.290000 103.450000  1 0.4100 134.090000 57.34359 48.10027 30.11886 215.240 -184.820 -36.270 2.342e+10 1.864e+10 3.416e+10 0.01030 403220 403220 681062 5593 85 403216 403276 7.28972 276460000000 285990000000 219260000000 200190000000 123930000000 22.5736 0 0.00931 0.69272 0.41839 0.53751 -3.56042 23.3722 0.87474 0.50248 1.10111 0.47256 18.1552 0.4865 477400000000 85800000000
 0.9600   647782 0.9700   656123      1       -1       -1       -1  0 2.76500e+11 2.76500e+11 135.515000 8.114000 102.510000  1 0.4100 130.770000 57.32090 48.11961 30.12244 213.140 -182.570 -35.820 2.405e+10 1.729e+10 3.389e+10 0.01026 403221 403221 681062 6638 84 403216 403276 8.11357 276460000000 285990000000 209730000000 200190000000 133460000000 22.9534 0 0.00926 0.6175 0.38189 0.86753 4.18285 21.2653 0.65343 0.35108 1.19023 5.54795 18.608 0.4801 407700000000 114400000000
 0.9500   639455 0.9600   647782      1       -1       -1       -1  0 2.76500e+11 2.76500e+11 136.074000 6.987000 100.840000  1 0.4100 136.860000 57.29780 48.13938 30.12622 208.840 -179.720 -33.960 -1.137e+11 7.210e+10 8.770e+10 0.03698 403222 403222 681062 6630 83 403216 403276 6.98656 276460000000 295520000000 209730000000 190660000000 142990000000 16.8081 0 0.03315 0.7437 0.4646 1.01567 2.72779 20.0556 0.66538 0.38428 7.22672 8.84051 13.5091 0.4679 432500000000 95330000000
 0.9400   631140 0.9500   639455      1       -1       -1       -1  0 2.76500e+11 2.76500e+11 136.632000 7.248000 97.790000  1 0.4100 136.050000 57.27571 48.15827 30.12950 206.250 -177.810 -33.830 -1.074e+11 6.591e+10 8.601e+10 0.03561 403223 403223 681062 6633 82 403216 403276 7.24849 276460000000 285990000000 209730000000 171590000000 152530000000 18.0261 0 0.03158 0.66211 0.41724 9.44366 6.40933 16.2568 0.59022 0.36976 10.2967 9.11314 11.4266 0.4468 451200000000 104900000000
 0.9300   622810 0.9400   631140      1       -1       -1       -1  0 2.76500e+11 2.76500e+11 137.188000 8.411000 94.980000  1 0.4100 131.210000 57.24859 48.18177 30.12648 205.570 -180.120 -32.080 5.175e+09 8.772e+10 2.228e+10 0.02042 403224 403224 681062 6657 81 403216 403276 8.41105 276460000000 285990000000 200190000000 171590000000 133460000000 23.4629 0 0.01882 0.78098 0.5098 8.14085 1.968 17.9112 0.74218 0.50379 10.1244 4.14582 12.7506 0.45 394300000000 114400000000
 0.9200   614464 0.9300   622810      1       -1       -1       -1  0 2.70133e+11 2.76500e+11 137.744000 8.090000 93.910000  1 0.4100 133.190000 57.22994 48.20830 30.13910 202.910 -175.990 -29.500 2.435e+10 1.211e+11 3.655e+10 0.03024 403225 403225 681062 6673 80 403216 403276 8.09048 276460000000 285990000000 209730000000 171590000000 123930000000 19.0825 0 0.02685 0.63015 0.35057 8.89891 9.28172 -11.046 0.70613 0.41399 7.55818 8.13828 -8.35226 0.4241 366000000000 114400000000
 0.9100   606094 0.9200   614464      1       -1       -1       -1  0 2.70133e+11 2.38300e+11 131.622000 7.551000 94.210000  1 0.4100 128.010000 57.19572 48.21741 30.13113 195.070 -172.510 -31.930 -8.269e+09 2.475e+10 3.913e+09 0.00769 403226 403226 681062 6693 79 403216 403276 7.55149 238320000000 285990000000 190660000000 162060000000 114400000000 14.8616 0 0.00706 0.41983 0.22927 -2.10822 -1.18974 20.577 0.44326 0.06129 0.25501 2.21244 15.7637 0.4627 379000000000 76260000000
 0.9000   597717 0.9100   606094      1       -1       -1       -1  0 2.70133e+11 2.76500e+11 138.850000 10.117000 86.960000  1 0.4100 126.760000 57.17694 48.23592 30.14289 198.140 -172.130 -29.040 2.970e+10 1.187e+11 3.537e+10 0.02937 403227 403227 681062 6688 78 403216 403276 10.1171 276460000000 295520000000 190660000000 162060000000 114400000000 21.1793 0 0.02673 0.44142 0.33452 -4.00512 -0.68182 14.9195 0.47033 0.22278 -4.59092 0.76719 14.1884 0.3979 355200000000 133500000000
 0.8900   589304 0.9000   597717      1       -1       -1       -1  0 2.70133e+11 2.76500e+11 139.401000 16.351000 81.090000  1 0.4100 114.020000 57.12981 48.27578 30.16569 192.180 -170.250 -33.170 2.126e+09 2.898e+10 -2.154e+09 0.00620 403228 403228 681062 6740 77 403216 403276 16.3513 276460000000 314590000000 200190000000 162060000000 0 18.958 0 0.00614 0.79122 0.47247 20.733 -18.5678 -10.7794 0.62955 0.07819 22.4743 -9.02284 -16.9849 0.4036 277400000000 152500000000
 0.8800   580917 0.8900   589304      1       -1       -1       -1  0 2.63767e+11 2.57400e+11 136.657000 9.275000 82.640000  1 0.4100 126.960000 57.12268 48.27786 30.16608 191.310 -166.250 -33.130 6.325e+10 1.248e+11 3.546e+09 0.03854 403229 403229 681062 6707 76 403216 403276 9.2752 257390000000 305060000000 200190000000 162060000000 76264000000 13.5359 3.29 0.03332 0.5949 0.26098 6.75853 -5.81906 23.3808 0.70608 0.20351 3.67797 -8.13969 19.0469 0.348 367800000000 85800000000
 0.8700   572443 0.8800   580917      1       -1       -1       -1  0 2.63733e+11 2.57400e+11 137.192000 9.966000 83.140000  1 0.4100 125.240000 57.10199 48.29982 30.17594 191.420 -166.110 -33.210 -4.907e+10 6.230e+10 -1.487e+10 0.02218 403230 403230 681062 5779 75 403216 403276 9.96557 257390000000 305060000000 209730000000 162060000000 66731000000 6.73379 0 0.01928 0.53443 0.20579 14.0988 -4.96344 28.0137 0.72795 0.18773 14.5897 -1.24831 19.7035 0.3488 349300000000 95330000000
 0.8600   563984 0.8700   572443      1       -1       -1       -1  0 2.63733e+11 2.47900e+11 136.003000 9.806000 84.290000  1 0.4100 124.390000 57.08146 48.32324 30.17919 192.020 -162.390 -32.370 1.500e+10 3.322e+09 -4.163e+10 0.01328 403231 403231 681062 6839 74 403216 403276 9.80595 247860000000 266920000000 209730000000 171590000000 47665000000 4.1027 0 0.01134 0.76353 0.34565 17.3928 4.51518 19.2451 0.82016 0.07833 16.1629 7.47418 15.5061 0.3504 340400000000 104900000000
 0.8500   555544 0.8600   563984      1       -1       -1       -1  0 2.63733e+11 2.47900e+11 136.527000 9.634000 86.580000  1 0.4100 125.570000 57.05305 48.34533 30.18730 190.270 -161.050 -31.920 1.463e+10 5.124e+09 -4.537e+10 0.01472 403232 403232 681062 6785 73 403216 403276 9.63372 247860000000 266920000000 219260000000 190660000000 104860000000 3.68784 0 0.0123 0.64426 0.43693 12.0922 13.5289 9.9766 0.58189 0.1438 10.4697 13.3095 5.47651 0.3511 325800000000 104900000000
 0.8400   547044 0.8500   555544      1       -1       -1       -1  0 2.63733e+11 2.47900e+11 137.049000 7.940000 91.720000  1 0.4100 132.800000 57.02123 48.36853 30.19195 188.530 -159.830 -31.440 1.460e+10 6.681e+09 -4.963e+10 0.01660 403233 403233 681062 6849 72 403216 403276 7.94047 247860000000 266920000000 228790000000 190660000000 114400000000 5.42245 0 0.01343 0.63707 0.42246 8.60516 11.9914 10.8192 0.77314 0.35955 8.91953 10.7665 6.20501 0.3617 354300000000 95330000000
 0.8300   538524 0.8400   547044      1       -1       -1       -1  0 2.63733e+11 2.57400e+11 139.311000 5.756000 98.440000  1 0.4100 148.680000 56.99702 48.39821 30.19329 184.340 -160.520 -32.410 -4.303e+10 6.714e+10 -3.078e+10 0.02633 403234 403234 681062 6833 71 403216 403276 5.75566 257390000000 266920000000 228790000000 190660000000 142990000000 3.01917 0 0.02075 0.78292 0.59851 3.76779 3.6102 14.0445 0.85085 0.51655 5.24315 9.54207 7.33248 0.3766 456400000000 104900000000
 0.8200   529931 0.8300   538524      1       -1       -1       -1  0 2.63733e+11 2.57400e+11 139.836000 5.144000 105.340000  1 0.4100 154.600000 56.97087 48.41309 30.21022 184.950 -157.630 -30.250 5.838e+10 4.342e+10 -1.142e+11 0.04102 403235 403235 681062 5844 70 403216 403276 5.1442 257390000000 266920000000 219260000000 190660000000 142990000000 18.4464 3.33 0.03301 0.56604 0.41339 3.88848 -5.53272 10.7817 0.54576 0.43628 2.96413 -5.88471 9.20084 0.4185 487500000000 114400000000
 0.8100   521282 0.8200   529931      1       -1       -1       -1  0 2.63733e+11 2.66900e+11 142.069000 5.947000 101.740000  1 0.4100 151.180000 56.94181 48.44287 30.21554 183.440 -153.890 -27.450 -1.629e+10 1.020e+11 -7.534e+10 0.03580 403236 403236 681062 6895 69 403216 403276 5.94709 266920000000 276460000000 219260000000 190660000000 152530000000 19.5292 3.37 0.02947 0.6693 0.47593 -3.64605 -10.1614 17.1294 0.7897 0.55906 9.7729 7.37126 -10.0243 0.4077 460500000000 95330000000
 0.8000   512599 0.8100   521282      1       -1       -1       -1  0 2.57400e+11 2.66900e+11 142.595000 6.990000 92.020000  1 0.4100 145.040000 56.91124 48.46663 30.21953 178.610 -155.290 -32.070 -4.362e+10 9.425e+10 -3.113e+10 0.03006 403237 403237 681062 5919 68 403216 403276 6.98984 266920000000 276460000000 209730000000 200190000000 142990000000 14.2332 0 0.0251 0.64166 0.37546 8.81464 14.9686 -11.4959 0.60944 0.24813 10.6655 13.5808 -4.64407 0.365 418600000000 47660000000
 0.7900   503957 0.8000   512599      1       -1       -1       -1  0 2.57400e+11 2.38300e+11 137.812000 8.235000 83.970000  1 0.4100 132.800000 56.88400 48.49588 30.22569 176.160 -147.960 -35.470 3.446e+10 -4.704e+10 -8.287e+10 0.03667 403238 403238 681062 6909 67 403216 403276 8.23505 238320000000 285990000000 209730000000 200190000000 85797000000 2.88454 0 0.02846 0.52298 0.40841 14.3552 13.1753 -5.65085 0.50383 0.16325 15.9816 11.4805 -2.09531 0.3021 361300000000 85800000000
 0.7800   495321 0.7900   503957      1       -1       -1       -1  0 2.57400e+11 2.38300e+11 138.313000 9.638000 82.250000  1 0.4100 128.110000 56.85599 48.52362 30.23061 174.320 -147.080 -34.320 3.272e+10 -4.666e+10 -7.857e+10 0.03527 403239 403239 681062 5885 66 403216 403276 9.63779 238320000000 266920000000 228790000000 200190000000 114400000000 4.88647 0 0.02739 0.66453 0.31268 15.2512 16.9028 -12.393 0.56345 0.28473 16.549 18.8621 -5.91282 0.2921 318700000000 104900000000
 0.7700   486639 0.7800   495321      1       -1       -1       -1  0 2.57400e+11 2.57400e+11 142.418000 9.475000 80.990000  1 0.4100 133.650000 56.82578 48.54908 30.24292 168.030 -145.030 -35.190 9.018e+09 3.270e+10 -1.833e+10 0.01200 403240 403240 681062 6936 65 403216 403276 9.47518 257390000000 257390000000 219260000000 209730000000 123930000000 15.4427 0 0.00961 0.70028 0.37933 8.37566 13.5036 -16.2172 0.68957 0.35874 9.85924 13.5859 -11.9323 0.2856 326100000000 104900000000
 0.7600   477937 0.7700   486639      1       -1       -1       -1  0 2.57400e+11 2.57400e+11 142.926000 11.604000 81.940000  1 0.4100 127.710000 56.78865 48.57761 30.24780 166.090 -143.360 -34.390 8.539e+09 3.098e+10 -1.841e+10 0.01146 403241 403241 681062 6976 64 403216 403276 11.6035 257390000000 257390000000 228790000000 209730000000 95330000000 12.3768 0 0.00928 0.73673 0.43436 8.46619 -7.35535 17.6736 0.68841 0.24792 6.74429 -9.83727 19.0309 0.293 341300000000 123900000000
 0.7500   469217 0.7600   477937      1       -1       -1       -1  0 2.57400e+11 2.57400e+11 143.430000 9.878000 85.640000  1 0.4100 133.730000 56.75568 48.60495 30.26044 163.640 -139.760 -29.190 1.324e+10 -5.719e+10 -2.513e+10 0.02006 403242 403242 681062 7007 63 403216 403276 9.87782 257390000000 257390000000 228790000000 200190000000 95330000000 10.393 0 0.01607 0.85514 0.23975 11.004 -7.81699 13.2786 0.80118 0.12114 13.7457 9.44639 7.51534 0.3055 354900000000 95330000000
 0.7400   460417 0.7500   469217      1       -1       -1       -1  0 2.57400e+11 2.57400e+11 143.931000 8.257000 87.180000  1 0.4100 141.080000 56.72369 48.63434 30.26844 161.910 -140.020 -33.030 -7.462e+10 -6.163e+10 2.205e+10 0.03253 403243 403243 681062 7050 62 403216 403276 8.25719 257390000000 257390000000 257390000000 190660000000 114400000000 11.7654 0 0.02511 0.72445 0.52408 -6.24995 11.484 -8.93618 0.9484 0.62907 5.65829 11.72 -1.74379 0.2957 389300000000 104900000000
 0.7300   451595 0.7400   460417      1       -1       -1       -1  0 2.54233e+11 2.57400e+11 144.428000 6.482000 92.340000  1 0.4100 151.960000 56.69721 48.65692 30.28252 160.060 -137.970 -31.550 -7.247e+10 -6.210e+10 1.996e+10 0.03314 403244 403244 681062 6004 61 403216 403276 6.48248 257390000000 257390000000 219260000000 181130000000 152530000000 21.5889 0 0.02479 0.71535 0.43244 -11.2439 13.5696 -9.69577 0.83141 0.46291 14.2679 -7.76955 3.83568 0.3058 419300000000 95330000000
 0.7200   442751 0.7300   451595      1       -1       -1       -1  0 2.47867e+11 2.47900e+11 143.110000 3.956000 96.720000  1 0.4100 175.000000 56.66015 48.68528 30.29034 153.580 -132.670 -29.610 -4.317e+10 2.903e+10 -2.628e+10 0.02322 403245 403245 681062 7114 60 403216 403276 3.95585 247860000000 257390000000 228790000000 181130000000 142990000000 18.733 0 0.01586 0.77397 0.69534 -3.67796 -8.01297 8.1182 0.75198 0.58409 8.17676 4.06665 -5.74274 0.29 462600000000 104900000000
 0.7100   433848 0.7200   442751      1       -1       -1       -1  0 2.41500e+11 2.38300e+11 141.729000 8.228000 89.230000  1 0.4100 139.210000 56.62302 48.73004 30.29241 153.430 -132.660 -29.190 -7.587e+10 -2.164e+10 -2.021e+08 0.03045 403246 403246 681062 6078 59 403216 403276 8.22787 238320000000 257390000000 228790000000 181130000000 133460000000 3.57097 0 0.02305 0.62366 0.46235 7.67484 13.7798 -6.84174 0.55254 0.23838 5.13256 13.2196 -2.88916 0.3044 346500000000 95330000000
 0.7000   424879 0.7100   433848      1       -1       -1       -1  0 2.38300e+11 2.38300e+11 142.203000 10.987000 79.340000  1 0.4100 129.940000 56.58460 48.76302 30.29127 151.370 -130.560 -27.350 -7.508e+10 -2.174e+10 -1.980e+08 0.02858 403247 403247 681062 7176 58 403216 403276 10.987 238320000000 247860000000 228790000000 190660000000 95330000000 8.72058 0 0.02296 0.39578 0.30779 5.24642 16.4168 -11.1909 0.48192 0.10155 3.93462 11.4063 -7.61114 0.281 317500000000 104900000000
 0.6900   415881 0.7000   424879      1       -1       -1       -1  0 2.35133e+11 2.38300e+11 142.672000 9.892000 69.600000  1 0.4100 134.290000 56.55405 48.79469 30.29838 149.240 -128.390 -25.560 -7.436e+10 -2.168e+10 -2.763e+08 0.02835 403248 403248 681062 7185 57 403216 403276 9.89207 238320000000 247860000000 228790000000 200190000000 19066000000 5.95995 0 0.02288 0.48814 0.27044 -0.0154 13.9344 -10.4398 0.234 0.05309 -1.4732 14.9444 -10.7738 0.2328 328900000000 57200000000
 0.6800   406878 0.6900   415881      1       -1       -1       -1  0 2.28800e+11 2.28800e+11 141.203000 12.667000 66.030000  1 0.4100 125.060000 56.51217 48.81966 30.31232 145.670 -127.770 -25.920 -7.654e+10 -3.945e+10 1.494e+10 0.03464 403249 403249 681062 7218 56 403216 403276 12.6667 228790000000 238320000000 219260000000 190660000000 66731000000 12.5292 0 0.02779 0.36359 0.13974 -1.34682 24.8263 -14.2406 0.08391 0.0366 -0.02929 24.4256 -9.48657 0.2128 291100000000 85800000000
 0.6700   397875 0.6800   406878      1       -1       -1       -1  0 2.22467e+11 2.19300e+11 139.662000 12.564000 65.160000  1 0.4100 123.940000 56.48281 48.85805 30.30805 145.840 -127.010 -22.940 -4.985e+10 8.075e+08 2.510e+10 0.02436 403250 403250 681062 7186 55 403216 403276 12.5636 219260000000 257390000000 209730000000 190660000000 85797000000 7.31869 0 0.01916 0.69293 0.67551 -1.3376 27.5944 -11.9001 0.44262 0.12432 9.46678 24.9715 -19.4538 0.2035 281700000000 114400000000
 0.6600   388956 0.6700   397875      1       -1       -1       -1  0 2.19300e+11 2.19300e+11 140.105000 12.765000 66.920000  1 0.4100 124.300000 56.44603 48.89341 30.31120 143.930 -124.550 -21.330 -4.914e+10 1.444e+09 2.485e+10 0.02431 403251 403251 681062 7228 54 403216 403276 12.7649 219260000000 228790000000 209730000000 181130000000 85797000000 9.42326 0 0.01902 0.82273 0.69825 7.74236 18.9593 -10.587 0.78854 0.13406 -4.66653 -12.3099 17.5911 0.2082 266400000000 114400000000
 0.6500   379931 0.6600   388956      1       -1       -1       -1  0 2.16100e+11 2.19300e+11 140.544000 10.976000 71.080000  1 0.4100 129.760000 56.40587 48.92779 30.31502 137.140 -121.680 -17.090 3.535e+10 -1.367e+09 1.510e+10 0.01711 403252 403252 681062 6146 53 403216 403276 10.9761 219260000000 228790000000 209730000000 181130000000 76264000000 2.39113 0 0.01336 0.97005 0.63071 0.91914 0.3295 20.3331 0.61762 0.36324 4.17601 0.82098 19.8839 0.2234 259500000000 95330000000
 0.6400   370865 0.6500   379931      1       -1       -1       -1  0 2.16100e+11 2.09700e+11 138.905000 11.799000 67.190000  1 0.4100 126.050000 56.36512 48.96422 30.31054 134.040 -120.430 -12.350 2.245e+08 -2.602e+10 -5.083e+09 0.01287 403253 403253 681062 6165 52 403216 403276 11.7988 209730000000 238320000000 200190000000 190660000000 76264000000 7.26171 0 0.00998 0.7906 0.63527 14.4158 -6.99088 19.8935 0.45159 0.12698 12.7285 -1.29923 26.3218 0.2027 263700000000 85800000000
 0.6300   361762 0.6400   370865      1       -1       -1       -1  0 2.16100e+11 2.09700e+11 139.328000 9.739000 67.450000  1 0.4100 133.130000 56.33622 49.00225 30.31826 131.740 -117.040 -11.350 8.765e+08 -2.616e+10 -4.769e+09 0.01358 403254 403254 681062 7259 51 403216 403276 9.73859 209730000000 209730000000 209730000000 171590000000 95330000000 6.53163 0 0.01008 0.71619 0.54504 24.6319 1.2112 -6.30785 0.79721 0.51673 18.1102 11.2847 -5.96987 0.1881 277600000000 95330000000
 0.6200   352665 0.6300   361762      1       -1       -1       -1  0 2.16100e+11 2.09700e+11 139.746000 6.638000 73.400000  1 0.4100 148.850000 56.29215 49.04031 30.32868 126.260 -109.720 -15.480 6.673e+10 -1.369e+10 -3.132e+10 0.04035 403255 403255 681062 7258 50 403216 403276 6.63837 209730000000 219260000000 209730000000 171590000000 123930000000 8.27657 0 0.02859 0.42197 0.27775 15.6231 18.2928 0.52549 0.33759 0.25492 16.2115 18.7499 1.01767 0.1964 325800000000 76260000000
 0.6100   343533 0.6200   352665      1       -1       -1       -1  0 2.16100e+11 2.19300e+11 142.251000 6.113000 75.420000  1 0.4100 156.580000 56.25348 49.07478 30.32816 126.010 -108.750 -12.670 2.840e+10 -3.911e+10 -1.888e+10 0.02606 403256 403256 681062 7258 49 403216 403276 6.11253 219260000000 219260000000 209730000000 171590000000 133460000000 10.2802 0 0.0185 0.60479 0.48577 16.6526 9.62581 0.23082 0.5487 0.1624 13.8979 13.6325 0.76409 0.2019 363500000000 47660000000
 0.6000   334401 0.6100   343533      1       -1       -1       -1  0 2.16100e+11 2.19300e+11 142.664000 7.946000 73.500000  1 0.4100 146.430000 56.21329 49.11074 30.33505 121.870 -104.480 -15.030 7.753e+10 -3.277e+10 -1.279e+10 0.04307 403257 403257 681062 7328 48 403216 403276 7.94588 219260000000 219260000000 200190000000 190660000000 133460000000 15.9634 0 0.03056 0.80445 0.36741 -3.58467 -5.90481 11.511 0.77697 0.25174 -0.66812 -4.31501 11.3661 0.1911 314700000000 66730000000
 0.5900   325238 0.6000   334401      1       -1       -1       -1  0 2.12900e+11 2.09700e+11 140.967000 7.873000 71.650000  1 0.4100 145.170000 56.16822 49.13474 30.33724 119.070 -99.450 -11.830 6.421e+10 -1.346e+10 -3.096e+10 0.03875 403258 403258 681062 7340 47 403216 403276 7.873 209730000000 219260000000 209730000000 181130000000 85797000000 5.79148 0 0.02824 0.73816 0.32158 2.81764 14.435 -13.1175 0.70645 0.15855 -1.72528 13.6409 -13.6777 0.1962 314800000000 47660000000
 0.5800   315994 0.5900   325238      1       -1       -1       -1  0 2.12900e+11 2.09700e+11 141.363000 9.248000 68.890000  1 0.4100 140.130000 56.12859 49.16912 30.33850 117.910 -100.580 -10.280 4.835e+10 -5.829e+10 -1.570e+10 0.04107 403259 403259 681062 7341 46 403216 403276 9.24778 209730000000 209730000000 209730000000 200190000000 76264000000 3.37309 0 0.03032 0.67175 0.30127 21.1695 21.1103 -10.3434 0.7034 0.29703 21.2703 19.6939 -9.5594 0.1845 283300000000 76260000000
 0.5700   306763 0.5800   315994      1       -1       -1       -1  0 2.12900e+11 2.09700e+11 141.752000 9.521000 68.040000  1 0.4100 140.190000 56.08245 49.20161 30.34042 114.680 -97.360 -9.440 4.790e+10 -5.784e+10 -1.556e+10 0.03995 403260 403260 681062 7371 45 403216 403276 9.52133 209730000000 209730000000 200190000000 200190000000 57198000000 5.17613 0 0.03029 0.65527 0.38417 21.5992 10.5382 -5.88715 0.2221 0.09332 18.7133 6.69812 -5.64059 0.1878 306700000000 57200000000
 0.5600   297523 0.5700   306763      1       -1       -1       -1  0 2.12900e+11 2.09700e+11 142.135000 9.976000 65.750000  1 0.4100 139.660000 56.04942 49.23613 30.34056 111.340 -94.180 -8.630 4.751e+10 -5.757e+10 -1.498e+10 0.03878 403261 403261 681062 7488 44 403216 403276 9.9756 209730000000 209730000000 209730000000 190660000000 28599000000 7.86662 0 0.03029 0.57178 0.33265 34.0881 10.5688 -10.6186 0.40309 0.08151 31.1632 13.2673 2.89395 0.1858 295200000000 57200000000
 0.5500   288277 0.5600   297523      1       -1       -1       -1  0 2.12900e+11 2.09700e+11 142.512000 13.262000 65.550000  1 0.4100 131.400000 56.00483 49.27101 30.34274 108.340 -89.350 -4.980 2.781e+10 -3.466e+10 -1.214e+10 0.02347 403262 403262 681062 7413 43 403216 403276 13.2622 209730000000 209730000000 209730000000 190660000000 66731000000 2.16245 4.84 0.01847 0.12811 0.05363 45.2662 7.42755 -3.32986 0.03085 0 48.0879 6.68178 -3.53068 0.1827 255900000000 95330000000
 0.5400   279060 0.5500   288277      1       -1       -1       -1  0 2.12900e+11 2.09700e+11 142.883000 11.964000 63.600000  1 0.4100 135.770000 55.96196 49.30454 30.34345 110.860 -86.070 -9.970 2.826e+10 -3.547e+10 -1.123e+10 0.02412 403263 403263 681062 7355 42 403216 403276 11.9637 209730000000 209730000000 200190000000 171590000000 28599000000 3.71375 3.17 0.01888 0.7075 0.17476 33.9091 7.19326 -18.5266 0.13104 0.01832 -21.263 -25.4386 40.757 0.1711 258100000000 85800000000
 0.5300   269816 0.5400   279060      1       -1       -1       -1  0 2.12900e+11 2.09700e+11 143.246000 9.278000 62.150000  1 0.4100 146.010000 55.92117 49.33212 30.35641 104.760 -83.870 -9.430 2.789e+10 -3.218e+10 -9.640e+09 0.02326 403264 403264 681062 7471 41 403216 403276 9.27783 209730000000 209730000000 200190000000 171590000000 104860000000 10.0636 0 0.01779 0.38983 0.10973 30.3783 -7.65493 -9.79362 0.21752 0.01447 34.4818 -12.7384 -5.97481 0.1574 253400000000 76260000000
 0.5200   260579 0.5300   269816      1       -1       -1       -1  0 2.12900e+11 2.19300e+11 145.746000 11.695000 61.600000  1 0.4100 141.520000 55.87852 49.36850 30.36025 102.190 -82.540 -5.420 -1.280e+10 -9.313e+10 5.713e+09 0.04663 403265 403265 681062 6225 40 403216 403276 11.6952 219260000000 219260000000 219260000000 162060000000 95330000000 13.2301 0 0.03593 0.93639 0.44445 25.7342 -2.70433 -7.40674 0.7814 0.42377 -13.9411 -6.64267 17.857 0.1486 253100000000 104900000000
 0.5100   251296 0.5200   260579      1       -1       -1       -1  0 2.09733e+11 2.09700e+11 143.951000 9.456000 64.390000  1 0.4100 147.930000 55.84981 49.39666 30.37436 99.120 -78.320 -5.780 -4.257e+09 -9.952e+10 -7.292e+09 0.05656 403266 403266 681062 6185 39 403216 403276 9.45649 209730000000 209730000000 200190000000 152530000000 104860000000 5.86752 1.44 0.04138 0.77556 0.53509 11.8828 -4.92521 -2.09443 0.59919 0.49518 -3.2622 4.27771 10.7379 0.1478 234100000000 85800000000
 0.5000   242124 0.5100   251296      1       -1       -1       -1  0 2.03367e+11 2.00200e+11 142.073000 12.106000 64.360000  1 0.4100 137.670000 55.79836 49.43828 30.36292 98.510 -74.450 -6.140 -3.918e+09 -8.626e+10 6.030e+09 0.05126 403267 403267 681062 6341 38 403216 403276 12.1062 200190000000 200190000000 200190000000 152530000000 85797000000 10.2119 0 0.03909 0.58539 0.33128 22.5878 -13.6905 4.02288 0.6547 0.22128 19.2729 -11.2535 3.07264 0.1617 212800000000 85800000000
 0.4900   232919 0.5000   242124      1       -1       -1       -1  0 1.97033e+11 2.00200e+11 142.402000 14.913000 58.840000  1 0.4100 132.520000 55.75023 49.46993 30.35529 93.310 -74.480 -4.540 5.099e+09 -1.078e+11 3.110e+09 0.05966 403268 403268 681062 7391 37 403216 403276 14.9128 200190000000 200190000000 181130000000 171590000000 9533000000 20.5386 0 0.04921 0.73954 0.23367 30.4625 -11.9353 0.70275 0.25844 0.02846 35.9002 -17.7141 -4.72422 0.1582 224900000000 95330000000
 0.4800   223764 0.4900   232919      1       -1       -1       -1  0 1.93867e+11 1.90700e+11 140.420000 19.963000 54.850000  1 0.4100 123.760000 55.75388 49.50692 30.36259 89.430 -71.420 -2.220 2.554e+09 -1.042e+11 4.660e+07 0.06176 403269 403269 681062 7425 36 403216 403276 19.963 190660000000 190660000000 190660000000 123930000000 57198000000 31.3842 0 0.05202 0.53879 0.4194 31.8919 0.59804 -10.4604 0.9149 0.46232 11.1111 4.62152 14.6286 0.1479 181800000000 114400000000
 0.4700   214626 0.4800   223764      1       -1       -1       -1  0 1.77967e+11 1.90700e+11 140.728000 22.214000 52.550000  1 0.4100 122.650000 55.66050 49.53346 30.36166 87.140 -68.490 -4.810 4.947e+09 -9.129e+10 1.487e+10 0.05296 403270 403270 681062 7406 35 403216 403276 22.2142 190660000000 190660000000 190660000000 142990000000 0 17.1514 0 0.04664 0.54527 0.11185 49.8942 0.67305 -21.0612 0.50876 0 44.7655 8.38587 0.9131 0.1513 189500000000 143000000000
 0.4600   205502 0.4700   214626      1       -1       -1       -1  0 1.77967e+11 1.52500e+11 130.919000 14.848000 49.650000  1 0.4100 122.410000 55.65678 49.55976 30.36145 79.350 -57.920 4.090 -7.803e+09 -5.206e+10 -2.498e+10 0.05306 403271 403271 681062 6206 34 403216 403276 14.8483 152530000000 152530000000 142990000000 123930000000 57198000000 8.2689 5.56 0.04298 0.64855 0.41505 17.5348 7.9208 1.84822 0.58008 0.12171 14.5109 9.60212 4.71129 0.1259 157500000000 85800000000
 0.4500   196442 0.4600   205502      1       -1       -1       -1  0 1.68433e+11 1.90700e+11 141.321000 40.256000 50.370000  1 0.4100 115.940000 55.57263 49.60816 30.37328 82.140 -63.540 -3.140 1.093e+10 -8.181e+10 6.975e+08 0.04494 403272 403272 681062 6122 33 403216 403276 40.2561 190660000000 190660000000 171590000000 95330000000 0 17.8975 0 0.04239 0.07588 0.03239 52.4369 11.9924 -12.0593 0.30173 0.0864 41.4841 9.3199 -14.2348 0.1532 165600000000 190700000000
 0.4400   187374 0.4500   196442      1       -1       -1       -1  0 1.62100e+11 1.62100e+11 134.138000 30.418000 51.770000  1 0.4100 113.570000 55.52698 49.64392 30.37463 77.080 -58.230 -1.230 7.102e+09 -6.654e+10 2.043e+09 0.04820 403273 403273 681062 7216 32 403216 403276 30.418 162060000000 152530000000 123930000000 95330000000 0 32.3613 2.18 0.04554 0.14921 0.02072 -23.7283 6.43578 33.4397 0.17497 0.01772 -27.42 5.69084 32.9893 0.1645 144500000000 133500000000
 0.4300   178351 0.4400   187374      1       -1       -1       -1  0 1.43033e+11 1.33500e+11 125.976000 7.853000 51.490000  1 0.4100 139.300000 55.53233 49.66058 30.34097 79.590 -55.110 5.940 5.209e+09 -1.821e+10 -1.194e+10 0.02942 403274 403274 681062 6093 31 403216 403276 7.85288 133460000000 133460000000 123930000000 114400000000 76264000000 8.66871 0 0.02127 0.69596 0.48167 14.9162 7.16591 -6.66023 0.66133 0.31777 16.4277 7.63984 -4.01573 0.1101 172800000000 38130000000
 0.4200   169355 0.4300   178351      1       -1       -1       -1  0 1.33500e+11 1.33500e+11 126.213000 15.379000 43.300000  1 0.4100 120.260000 55.45883 49.71167 30.37705 74.500 -51.820 1.150 6.890e+09 -3.159e+10 -1.328e+10 0.03799 403275 403275 681062 6107 30 403216 403276 15.379 133460000000 133460000000 123930000000 104860000000 0 31.8354 0 0.03357 0.64542 0.07647 -11.141 10.3046 27.2084 0.63821 0 20.0849 2.95992 -9.05171 0.1195 132000000000 66730000000
 0.4100   160476 0.4200   169355      0       -1       -1       -1  0 1.33500e+11 1.33500e+11 126.442000 16.096000 42.810000  1 0.4100 120.560000 55.41473 49.74726 30.37781 75.260 -50.210 4.730 3.465e+09 -2.098e+10 -9.831e+09 0.02553 403276 403276 681062 6054 29 403216 403276 16.0965 133460000000 133460000000 123930000000 76264000000 28599000000 45.8309 2.47 0.02275 0.66703 0.09291 -0.90262 15.5026 7.2128 0.26324 0.01618 -6.56343 10.2396 -0.85403 0.1134 123900000000 57200000000
