 1.0000   675326 0.0000       -1      1       -1       -1       -1  0 2.38300e+11 2.38300e+11 126.841000 10.003000 96.300000  1 0.4700 114.540000 9.14313 7.71344 5.44830 -76.170 80.520 -125.400 6.761e+10 6.507e+10 1.644e+10 0.02283 436828 436828 675326 841 88 436827 436881 10.0027 238320000000 238320000000 209730000000 171590000000 9533000000 4.63145 0 0.02479 0.40274 0.32133 -5.73025 24.3454 -22.8288 0.29487 0.06211 4.13081 -19.5795 22.8285 0.5667 340200000000 66730000000
 0.9900   667155 1.0000   675326      1       -1       -1       -1  0 2.38300e+11 2.38300e+11 127.375000 10.200000 94.660000  1 0.4700 114.440000 9.15636 7.70572 5.46213 -75.510 80.270 -124.120 6.624e+10 6.392e+10 1.611e+10 0.02341 436829 436829 675326 837 87 436827 436881 10.1997 238320000000 247860000000 209730000000 171590000000 0 4.70096 0 0.02439 0.47244 0.24353 -8.10429 21.6239 -20.3901 0.14725 0.01135 -11.3171 24.4654 -6.78872 0.5367 336200000000 85800000000
 0.9800   658816 0.9900   667155      1       -1       -1       -1  0 2.35133e+11 2.38300e+11 127.909000 11.675000 93.000000  1 0.4700 111.260000 9.16486 7.69575 5.47783 -74.860 80.000 -122.830 6.510e+10 6.284e+10 1.577e+10 0.02394 436830 436830 675326 839 86 436827 436881 11.6746 238320000000 247860000000 200190000000 171590000000 0 7.5103 0 0.02404 0.5197 0.24187 12.4119 -18.757 21.1001 0.55753 0.25687 -13.3421 16.973 -12.0556 0.5086 319900000000 123900000000
 0.9700   650503 0.9800   658816      1       -1       -1       -1  0 2.28800e+11 2.28800e+11 126.706000 9.632000 91.520000  1 0.4700 115.040000 9.17801 7.68572 5.49258 -76.630 80.740 -124.130 6.271e+10 5.258e+10 1.318e+10 0.02420 436831 436831 675326 1857 85 436827 436881 9.63221 228790000000 247860000000 209730000000 181130000000 76264000000 7.96711 0 0.02329 0.42335 0.11857 5.09712 -6.99787 16.8767 0.25349 0.02653 4.5737 -5.2419 21.2783 0.4823 319300000000 85800000000
 0.9600   642205 0.9700   650503      1       -1       -1       -1  0 2.28800e+11 2.19300e+11 125.439000 8.565000 92.020000  1 0.4700 116.920000 9.18258 7.67722 5.50630 -74.300 82.430 -124.850 7.174e+10 1.775e+10 -1.092e+10 0.02408 436832 436832 675326 2794 84 436827 436881 8.56486 219260000000 247860000000 219260000000 171590000000 57198000000 2.68905 0 0.02261 0.76994 0.48846 -2.61006 3.76676 20.5273 0.64577 0.28585 1.60979 2.19016 19.7962 0.4764 326400000000 76260000000
 0.9500   633916 0.9600   642205      1       -1       -1       -1  0 2.28800e+11 2.28800e+11 127.756000 8.043000 92.350000  1 0.4700 121.530000 9.18570 7.67460 5.52000 -73.380 81.690 -122.950 5.848e+10 4.746e+10 1.122e+10 0.02240 436833 436833 675326 845 83 436827 436881 8.04268 228790000000 238320000000 200190000000 171590000000 38132000000 5.11236 2.95 0.02153 0.66813 0.56598 -4.58942 7.84799 18.3812 0.68914 0.46039 -4.07598 9.0899 16.8935 0.4842 349000000000 47660000000
 0.9400   625632 0.9500   633916      1       -1       -1       -1  0 2.28800e+11 2.28800e+11 128.279000 10.799000 94.100000  1 0.4700 113.290000 9.19235 7.65271 5.51565 -72.990 75.800 -121.460 -4.065e+10 1.566e+09 -2.644e+10 0.01301 436834 436834 675326 1802 82 436827 436881 10.7989 228790000000 247860000000 190660000000 181130000000 28599000000 15.0257 0 0.01376 0.68768 0.52034 2.84047 11.0563 24.1995 0.71602 0.0555 -3.07492 -1.33046 21.7453 0.5387 324700000000 85800000000
 0.9300   617322 0.9400   625632      1       -1       -1       -1  0 2.28800e+11 2.28800e+11 128.802000 11.952000 91.990000  1 0.4700 111.090000 9.20019 7.64354 5.52925 -69.820 75.610 -120.150 -1.318e+10 -7.459e+09 -5.171e+10 0.01478 436835 436835 675326 854 81 436827 436881 11.9523 228790000000 247860000000 209730000000 181130000000 0 19.7635 0 0.01534 0.67095 0.58497 -4.78611 9.33856 29.6136 0.58682 0.30307 3.37078 0.29505 29.4479 0.5159 308900000000 104900000000
 0.9200   608992 0.9300   617322      1       -1       -1       -1  0 2.28800e+11 2.28800e+11 129.323000 13.760000 90.820000  1 0.4700 108.120000 9.20816 7.63421 5.54309 -68.870 74.820 -118.600 -1.326e+10 -7.288e+09 -5.091e+10 0.01467 436836 436836 675326 1875 80 436827 436881 13.7597 228790000000 238320000000 219260000000 171590000000 0 20.6047 0 0.01517 0.76542 0.58122 -3.78295 8.52116 29.7291 0 0 6.6061 19.1746 41.3394 0.507 284300000000 133500000000
 0.9100   600646 0.9200   608992      1       -1       -1       -1  0 2.28800e+11 2.28800e+11 129.843000 15.458000 89.620000  1 0.4700 105.970000 9.21626 7.62470 5.55717 -67.940 74.030 -117.060 -1.335e+10 -7.192e+09 -5.026e+10 0.01449 436837 436837 675326 1887 79 436827 436881 15.4584 228790000000 238320000000 219260000000 162060000000 9533000000 21.4118 0 0.01505 0.85263 0.68104 -6.60525 4.84593 21.8069 0.74984 0.08799 1.87276 9.4468 19.1415 0.5015 276100000000 133500000000
 0.9000   592299 0.9100   600646      1       -1       -1       -1  0 2.28800e+11 2.28800e+11 130.362000 12.800000 89.080000  1 0.4700 110.820000 9.22916 7.63302 5.60204 -67.030 73.210 -115.500 -1.350e+10 -7.194e+09 -4.977e+10 0.01538 436838 436838 675326 858 78 436827 436881 12.7997 228790000000 228790000000 209730000000 171590000000 57198000000 17.4968 0 0.01498 0.96598 0.51146 0.27094 -7.02477 15.7615 0.15665 0.08093 7.81659 -13.2391 18.0938 0.4653 286600000000 104900000000
 0.8900   583904 0.9000   592299      1       -1       -1       -1  0 2.28800e+11 2.28800e+11 130.880000 13.909000 88.810000  1 0.4700 109.300000 9.24831 7.60770 5.60771 -66.190 69.960 -113.810 -1.205e+10 -7.373e+09 -5.144e+10 0.01528 436839 436839 675326 872 77 436827 436881 13.9091 228790000000 228790000000 219260000000 152530000000 28599000000 7.74383 2.42 0.0154 0.77108 0.26691 -19.1327 19.4523 6.53609 0.1563 0.00265 14.5633 -13.145 -8.82621 0.4802 300500000000 123900000000
 0.8800   575529 0.8900   583904      1       -1       -1       -1  0 2.28800e+11 2.28800e+11 131.395000 14.612000 88.040000  1 0.4700 108.640000 9.25575 7.59536 5.62069 -65.650 69.200 -111.920 -1.316e+10 -7.517e+09 -5.081e+10 0.01511 436840 436840 675326 1912 76 436827 436881 14.6119 228790000000 228790000000 219260000000 162060000000 0 8.65529 2.38 0.01536 0.7926 0.24583 -13.377 31.6886 -10.5343 0.50302 0.01711 27.5738 -17.7289 -8.07512 0.4794 294900000000 123900000000
 0.8700   567076 0.8800   575529      1       -1       -1       -1  0 2.28800e+11 2.28800e+11 131.910000 15.147000 88.060000  1 0.4700 108.320000 9.25441 7.58262 5.62022 -64.440 70.680 -110.630 -1.174e+10 -6.952e+09 -4.835e+10 0.01352 436841 436841 675326 886 75 436827 436881 15.1466 228790000000 228790000000 219260000000 162060000000 0 20.1167 0 0.01461 0.62107 0.22979 -4.71665 34.8343 -20.7489 0.54212 0 -12.873 27.06 -5.04032 0.5091 262800000000 123900000000
 0.8600   558613 0.8700   567076      1       -1       -1       -1  0 2.28800e+11 2.28800e+11 132.422000 17.328000 87.910000  1 0.4700 105.930000 9.26325 7.57219 5.63572 -63.650 69.850 -108.950 -1.005e+10 -6.361e+09 -4.737e+10 0.01299 436842 436842 675326 890 74 436827 436881 17.3282 228790000000 228790000000 200190000000 152530000000 0 20.6253 0 0.01426 0.31456 0.11738 -5.1711 35.9728 -14.9142 0.29462 0.08096 -1.72423 26.5895 -16.0135 0.5153 250400000000 152500000000
 0.8500   550179 0.8600   558613      1       -1       -1       -1  0 2.28800e+11 2.28800e+11 132.933000 19.612000 83.990000  1 0.4700 104.010000 9.27222 7.56157 5.65148 -62.890 69.010 -107.280 -8.550e+09 -5.721e+09 -4.629e+10 0.01290 436843 436843 675326 1929 73 436827 436881 19.6118 228790000000 228790000000 200190000000 133460000000 0 21.11 0 0.0139 0.09512 0.0444 -5.71148 23.5505 -14.2146 0.0788 0.03354 -4.38765 21.3889 -13.4632 0.4838 243500000000 143000000000
 0.8400   541661 0.8500   550179      1       -1       -1       -1  0 2.25633e+11 2.28800e+11 133.441000 16.738000 77.960000  1 0.4700 107.660000 9.28349 7.56910 5.68782 -62.530 68.050 -105.590 -3.941e+10 5.879e+08 -2.855e+10 0.01437 436844 436844 675326 855 72 436827 436881 16.7381 228790000000 228790000000 200190000000 152530000000 19066000000 10.5553 0 0.01432 0.32803 0.16596 5.75592 -13.3067 18.5329 0.34417 0.10104 3.24925 -9.86649 12.6245 0.4067 247400000000 143000000000
 0.8300   533134 0.8400   541661      1       -1       -1       -1  0 2.25633e+11 2.19300e+11 132.061000 16.982000 75.140000  1 0.4700 106.060000 9.29567 7.55711 5.69051 -62.170 68.370 -102.370 -8.390e+10 -9.933e+09 -3.317e+10 0.02968 436845 436845 675326 2932 71 436827 436881 16.9818 219260000000 228790000000 209730000000 142990000000 0 6.85549 0 0.02879 0.57174 0.35987 -1.10225 -16.6044 23.4155 0.53184 0.38561 5.05901 -16.2483 21.1018 0.3813 239100000000 143000000000
 0.8200   524555 0.8300   533134      1       -1       -1       -1  0 2.22467e+11 2.28800e+11 134.452000 24.816000 70.080000  1 0.4700 101.500000 9.31666 7.53730 5.72614 -64.440 66.990 -99.520 -4.596e+10 -1.509e+10 -3.690e+10 0.01722 436846 436846 675326 867 70 436827 436881 24.8161 228790000000 228790000000 209730000000 76264000000 19066000000 20.6491 4.82 0.01805 0.59116 0.20874 11.2586 -16.7186 32.4402 0.34436 0.11723 21.7291 -18.3993 7.76868 0.38 242300000000 181100000000
 0.8100   515917 0.8200   524555      1       -1       -1       -1  0 2.22467e+11 2.19300e+11 133.053000 31.785000 66.820000  1 0.4700 97.170000 9.30495 7.51970 5.71231 -64.010 67.440 -96.780 -9.458e+10 3.039e+09 -4.549e+10 0.03292 436847 436847 675326 1932 69 436827 436881 31.7846 219260000000 228790000000 171590000000 104860000000 0 27.7032 4.76 0.03359 0.74353 0.33083 8.15642 32.6713 -9.94101 0.83574 0.10303 4.05944 25.5671 2.95676 0.3509 204700000000 209700000000
 0.8000   507248 0.8100   515917      1       -1       -1       -1  0 2.19300e+11 2.19300e+11 133.545000 24.407000 61.980000  1 0.4700 101.090000 9.33286 7.52377 5.75515 -62.500 65.500 -97.310 6.557e+09 1.376e+10 1.409e+10 0.00673 436848 436848 675326 882 68 436827 436881 24.4074 219260000000 228790000000 200190000000 47665000000 9533000000 12.273 0 0.00667 0.48692 0.20765 -1.7638 -9.05847 29.8533 0.93155 0.24942 -9.84018 8.70608 12.1567 0.3001 224900000000 171600000000
 0.7900   498617 0.8000   507248      1       -1       -1       -1  0 2.19300e+11 2.19300e+11 134.035000 32.801000 62.220000  1 0.4700 97.770000 9.34767 7.50322 5.77945 -61.580 64.840 -96.150 5.893e+09 1.280e+10 1.309e+10 0.00602 436849 436849 675326 870 67 436827 436881 32.8015 219260000000 228790000000 171590000000 57198000000 0 21.8928 0 0.00621 0.11394 0.00183 0.07129 -22.9432 35.609 0.59226 0.13663 2.41886 -13.0278 17.3076 0.3161 213700000000 219300000000
 0.7800   489978 0.7900   498617      1       -1       -1       -1  0 2.16100e+11 2.19300e+11 134.522000 32.893000 61.310000  1 0.4700 98.230000 9.36015 7.49209 5.79782 -64.360 63.960 -100.210 2.464e+10 1.856e+10 1.301e+10 0.01063 436850 436850 675326 871 66 436827 436881 32.8927 219260000000 219260000000 181130000000 28599000000 0 13.8789 4.66 0.01085 0.06792 0.04612 -0.02966 -27.596 40.5948 0.57146 0 -10.1519 17.3763 -10.5527 0.3025 208600000000 219300000000
 0.7700   481288 0.7800   489978      1       -1       -1       -1  0 2.16100e+11 1.81100e+11 126.676000 15.210000 63.370000  1 0.4700 103.590000 9.36858 7.50334 5.77541 -64.660 64.050 -93.740 -3.233e+10 2.026e+10 2.303e+10 0.02140 436851 436851 675326 898 65 436827 436881 15.2095 181130000000 200190000000 152530000000 85797000000 38132000000 13.0172 0 0.01996 0.73951 0.68773 -4.30997 -11.5334 11.3542 0.66933 0.19704 7.95308 18.1807 1.83765 0.2964 178000000000 85800000000
 0.7600   472587 0.7700   481288      1       -1       -1       -1  0 2.16100e+11 1.71600e+11 124.857000 15.961000 65.790000  1 0.4700 100.960000 9.38204 7.49065 5.79168 -62.820 62.940 -94.590 -3.203e+10 1.382e+10 2.364e+10 0.02210 436852 436852 675326 918 64 436827 436881 15.9608 171590000000 200190000000 162060000000 85797000000 38132000000 15.7642 0 0.02075 0.36463 0.12569 5.58359 17.2068 -12.949 0.41623 0.17256 -4.7811 -9.94292 10.4525 0.3187 173100000000 85800000000
 0.7500   463851 0.7600   472587      1       -1       -1       -1  0 2.16100e+11 1.81100e+11 127.576000 18.413000 65.590000  1 0.4700 100.960000 9.39677 7.47847 5.81847 -62.070 62.800 -93.200 -3.006e+10 1.282e+10 2.235e+10 0.01913 436853 436853 675326 925 63 436827 436881 18.4134 181130000000 200190000000 152530000000 114400000000 47665000000 15.4137 0 0.0179 0.35889 0.07927 11.1772 18.7209 -14.4644 0.54916 0.01296 -5.36673 -12.8544 14.037 0.307 180400000000 114400000000
 0.7400   455061 0.7500   463851      1       -1       -1       -1  0 2.16100e+11 1.90700e+11 130.230000 10.211000 64.970000  1 0.4700 117.700000 9.40031 7.44486 5.84591 -60.550 64.110 -93.530 -7.129e+09 2.019e+10 3.811e+10 0.02001 436854 436854 675326 2019 62 436827 436881 10.2105 190660000000 219260000000 152530000000 123930000000 19066000000 20.6403 2.91 0.01824 0.29972 0.20653 2.20587 20.508 -17.3705 0.34536 0.11214 2.03693 23.2511 -9.03102 0.2802 191700000000 47660000000
 0.7300   446238 0.7400   455061      1       -1       -1       -1  0 2.16100e+11 1.90700e+11 130.680000 19.561000 68.340000  1 0.4700 103.070000 9.41165 7.43248 5.86541 -56.610 57.570 -95.310 3.191e+10 3.975e+10 4.495e+10 0.03087 436855 436855 675326 927 61 436827 436881 19.5612 190660000000 209730000000 162060000000 114400000000 28599000000 15.7828 0 0.0285 0.5179 0.41268 8.6999 16.9637 -13.1538 0.56603 0.23814 0.46506 17.1416 -11.9824 0.3005 197100000000 123900000000
 0.7200   437365 0.7300   446238      1       -1       -1       -1  0 2.16100e+11 2.00200e+11 133.276000 17.860000 68.650000  1 0.4700 107.460000 9.42957 7.42922 5.89179 -54.790 58.330 -92.510 1.418e+10 3.659e+10 6.072e+10 0.03098 436856 436856 675326 941 60 436827 436881 17.8602 200190000000 209730000000 190660000000 114400000000 28599000000 14.8788 0 0.02809 0.57628 0.39832 10.9348 19.8719 -12.098 0.64177 0.29849 0.94928 19.5858 -4.73945 0.2875 205200000000 114400000000
 0.7100   428430 0.7200   437365      1       -1       -1       -1  0 2.16100e+11 2.00200e+11 133.727000 17.749000 70.590000  1 0.4700 108.230000 9.44177 7.41508 5.92072 -53.710 58.060 -91.090 1.436e+10 3.834e+10 6.275e+10 0.03283 436857 436857 675326 950 59 436827 436881 17.749 200190000000 200190000000 200190000000 123930000000 47665000000 8.61152 0 0.02927 0.63129 0.37091 -11.4815 -15.2209 22.6087 0.67713 0.2273 -1.27741 -10.6724 20.0516 0.2912 225000000000 123900000000
 0.7000   419459 0.7100   428430      1       -1       -1       -1  0 2.16100e+11 2.00200e+11 134.174000 14.930000 73.520000  1 0.4700 112.750000 9.45916 7.39456 5.95293 -50.110 53.520 -91.080 1.007e+10 1.668e+10 6.057e+10 0.02814 436858 436858 675326 928 58 436827 436881 14.9301 200190000000 200190000000 200190000000 152530000000 28599000000 6.02136 0 0.02499 0.64818 0.152 -4.9964 7.39891 19.604 0.21536 0.05996 -3.91658 11.1028 17.2633 0.3044 233500000000 104900000000
 0.6900   410465 0.7000   419459      1       -1       -1       -1  0 2.16100e+11 2.00200e+11 134.617000 12.595000 74.280000  1 0.4700 117.790000 9.47582 7.37469 5.97383 -48.660 52.540 -88.850 1.075e+10 1.475e+10 5.838e+10 0.02817 436859 436859 675326 969 57 436827 436881 12.5953 200190000000 200190000000 200190000000 171590000000 57198000000 3.79489 0 0.02416 0.73973 0.3343 -1.10386 15.8547 -14.486 0.46316 0.1158 -1.65505 -18.1323 18.7656 0.2938 253000000000 85800000000
 0.6800   401456 0.6900   410465      1       -1       -1       -1  0 2.16100e+11 2.09700e+11 137.166000 14.290000 73.630000  1 0.4700 117.450000 9.48080 7.36740 5.97093 -49.550 53.320 -85.210 3.639e+10 4.525e+10 5.714e+10 0.03317 436860 436860 675326 975 56 436827 436881 14.2895 209730000000 209730000000 190660000000 181130000000 0 19.1697 0 0.02994 0.50708 0.20965 11.3394 -23.3484 31.2026 0.2193 0.06601 12.2023 -9.40566 33.6923 0.3048 252400000000 95330000000
 0.6700   392469 0.6800   401456      1       -1       -1       -1  0 2.16100e+11 2.00200e+11 135.490000 12.154000 75.470000  1 0.4700 120.310000 9.50331 7.35604 6.01194 -48.090 52.320 -82.410 2.944e+10 5.461e+10 6.231e+10 0.04116 436861 436861 675326 3191 55 436827 436881 12.1541 200190000000 209730000000 190660000000 142990000000 28599000000 6.43454 0 0.03513 0.60205 0.34718 1.33232 14.2185 -5.89311 0.57882 0.27685 0.60179 11.8751 -6.09727 0.2969 234800000000 95330000000
 0.6600   383505 0.6700   392469      1       -1       -1       -1  0 2.16100e+11 2.09700e+11 138.045000 17.606000 71.490000  1 0.4700 113.960000 9.50944 7.33262 6.01445 -46.880 51.460 -82.060 3.098e+10 6.479e+10 5.841e+10 0.03805 436862 436862 675326 2055 54 436827 436881 17.6063 209730000000 219260000000 209730000000 162060000000 28599000000 12.6622 0 0.03443 0.64941 0.30136 -1.36924 6.32014 27.3173 0.22735 0.01521 6.93294 4.24634 19.6581 0.2919 226500000000 123900000000
 0.6500   374449 0.6600   383505      1       -1       -1       -1  0 2.16100e+11 2.19300e+11 140.544000 18.597000 67.390000  1 0.4700 115.540000 9.52234 7.31907 6.03686 -46.420 50.520 -80.780 3.587e+10 5.283e+10 5.106e+10 0.03121 436863 436863 675326 956 53 436827 436881 18.5971 219260000000 219260000000 209730000000 162060000000 47665000000 12.8065 0 0.02841 0.09531 0.02995 4.7233 -5.97336 51.338 0.38856 0.1604 0.33931 -2.03889 36.0011 0.2649 225000000000 143000000000
 0.6400   365366 0.6500   374449      1       -1       -1       -1  0 2.16100e+11 2.09700e+11 138.905000 19.076000 65.780000  1 0.4700 113.750000 9.53634 7.30181 6.09538 -45.770 50.550 -76.460 3.589e+10 4.092e+10 5.388e+10 0.03103 436864 436864 675326 961 52 436827 436881 19.0761 209730000000 219260000000 190660000000 85797000000 38132000000 21.9616 0 0.02883 0.18049 0.07288 -7.14562 -1.00667 37.0902 0.54898 0.06131 5.20602 15.9925 10.2429 0.2709 226700000000 95330000000
 0.6300   356245 0.6400   365366      1       -1       -1       -1  0 2.16100e+11 2.09700e+11 139.328000 30.204000 64.120000  1 0.4700 106.530000 9.54112 7.27384 6.13083 -44.560 52.210 -77.650 1.106e+10 3.984e+10 2.761e+10 0.01924 436865 436865 675326 958 51 436827 436881 30.2041 209730000000 219260000000 181130000000 76264000000 57198000000 42.8236 0 0.01884 0.56154 0.15799 -12.69 -9.54433 25.1257 0.87158 0.19831 6.08124 12.6427 -2.62902 0.276 191700000000 181100000000
 0.6200   347139 0.6300   356245      1       -1       -1       -1  0 2.16100e+11 2.19300e+11 141.832000 18.607000 61.930000  1 0.4700 117.960000 9.56192 7.27727 6.10627 -46.140 52.100 -78.360 9.768e+09 4.557e+10 3.009e+10 0.02118 436866 436866 675326 934 50 436827 436881 18.6073 219260000000 219260000000 209730000000 123930000000 0 6.3576 0 0.01965 0.12465 0.07171 -8.48549 -2.83951 36.5149 0.178 0.06183 -12.172 -1.60575 39.7522 0.2334 240000000000 114400000000
 0.6100   338006 0.6200   347139      1       -1       -1       -1  0 2.09767e+11 2.19300e+11 142.251000 23.408000 61.780000  1 0.4700 114.030000 9.57540 7.26296 6.13014 -43.080 46.830 -74.380 2.107e+10 8.130e+10 4.669e+10 0.03712 436867 436867 675326 937 49 436827 436881 23.4085 219260000000 219260000000 219260000000 104860000000 0 9.78755 0 0.03426 0.17017 0.08363 -16.1823 -18.5191 50.4948 0.28666 0.02869 -14.8714 -9.08998 21.349 0.225 224200000000 152500000000
 0.6000   328840 0.6100   338006      1       -1       -1       -1  0 2.06533e+11 1.90700e+11 136.170000 15.112000 65.210000  1 0.4700 118.040000 9.58756 7.23406 6.18204 -40.400 48.240 -80.060 -3.456e+10 9.668e+09 4.709e+09 0.01865 436868 436868 675326 1940 48 436827 436881 15.1116 190660000000 209730000000 181130000000 152530000000 0 4.89529 0 0.0164 0.64733 0.32648 -4.73766 -14.5809 31.8868 0.36321 0.00316 -12.8738 -4.19443 36.9648 0.2348 212400000000 104900000000
 0.5900   319645 0.6000   328840      1       -1       -1       -1  0 2.06533e+11 1.90700e+11 136.559000 11.520000 66.580000  1 0.4700 126.450000 9.59905 7.22061 6.20329 -39.540 46.780 -76.850 -3.259e+10 7.157e+09 4.728e+09 0.01817 436869 436869 675326 955 47 436827 436881 11.5195 190660000000 190660000000 181130000000 142990000000 9533000000 5.88691 0 0.01537 0.74844 0.25105 -6.72102 16.944 -15.0122 0.42069 0 -9.54684 17.2723 2.23635 0.2285 234700000000 76260000000
 0.5800   310392 0.5900   319645      1       -1       -1       -1  0 2.06533e+11 2.09700e+11 141.363000 11.477000 68.310000  1 0.4700 132.690000 9.61668 7.21894 6.20395 -37.330 45.820 -73.870 2.549e+09 5.842e+10 2.430e+10 0.02979 436870 436870 675326 947 46 436827 436881 11.4766 209730000000 209730000000 181130000000 142990000000 47665000000 12.4279 0 0.02483 0.89741 0.51323 -2.791 -9.30099 17.0461 0.53541 0.23864 -3.79509 16.8259 -7.34677 0.2204 195100000000 76260000000
 0.5700   301165 0.5800   310392      1       -1       -1       -1  0 2.06533e+11 2.00200e+11 139.571000 10.440000 70.590000  1 0.4700 134.300000 9.63452 7.18587 6.23340 -35.650 44.450 -73.530 -9.807e+09 4.244e+10 2.066e+10 0.02537 436871 436871 675326 984 45 436827 436881 10.4398 200190000000 200190000000 190660000000 123930000000 66731000000 4.53219 0 0.02057 0.74691 0.32024 -9.0603 -1.41736 19.5589 0.66701 0.46245 0.33323 16.8739 -2.1024 0.2272 203100000000 76260000000
 0.5600   291910 0.5700   301165      1       -1       -1       -1  0 2.03367e+11 2.09700e+11 142.135000 15.219000 65.100000  1 0.4700 126.390000 9.66031 7.17279 6.24374 -35.610 45.270 -72.250 1.302e+10 7.490e+10 2.344e+10 0.03650 436872 436872 675326 995 44 436827 436881 15.2195 209730000000 209730000000 190660000000 142990000000 47665000000 9.56585 0 0.03165 0.30939 0.19183 -7.78495 -5.97015 19.9195 0.24995 0.03694 -6.17208 -5.06669 17.213 0.2201 189400000000 95330000000
 0.5500   282655 0.5600   291910      1       -1       -1       -1  0 1.97000e+11 2.00200e+11 140.320000 16.783000 60.220000  1 0.4700 122.530000 9.66259 7.15242 6.28695 -32.580 41.420 -69.880 1.105e+10 4.680e+10 5.329e+09 0.02359 436873 436873 675326 987 43 436827 436881 16.7832 200190000000 200190000000 171590000000 123930000000 19066000000 6.13129 0 0.02096 0.36706 0.24526 -11.6182 -13.0035 25.4573 0.25515 0.20642 -14.4377 -13.1121 22.1962 0.2053 195800000000 123900000000
 0.5400   273432 0.5500   282655      1       -1       -1       -1  0 1.81133e+11 1.81100e+11 136.068000 25.284000 58.080000  1 0.4700 110.520000 9.67681 7.13548 6.31429 -34.230 39.190 -68.560 1.447e+10 1.282e+10 -6.614e+09 0.01175 436874 436874 675326 980 42 436827 436881 25.2842 181130000000 181130000000 171590000000 114400000000 38132000000 12.8873 0 0.01054 0.53934 0.3414 -4.46781 -8.47835 33.7326 0.4181 0.28833 -3.25329 -1.75927 34.4085 0.2056 168900000000 143000000000
 0.5300   264185 0.5400   273432      1       -1       -1       -1  0 1.71600e+11 1.62100e+11 131.449000 20.910000 54.490000  1 0.4700 110.030000 9.67331 7.14360 6.35361 -30.950 36.660 -66.170 1.945e+09 1.269e+10 -6.627e+09 0.00973 436875 436875 675326 1002 41 436827 436881 20.9099 162060000000 162060000000 162060000000 76264000000 28599000000 10.7863 0 0.00905 0.84764 0.48241 0.54995 27.4503 -23.7766 0.86168 0.3625 -17.8221 20.0849 3.7752 0.2063 163100000000 85800000000
 0.5200   254940 0.5300   264185      1       -1       -1       -1  0 1.65267e+11 1.71600e+11 134.311000 30.156000 52.190000  1 0.4700 107.560000 9.71245 7.10566 6.37090 -30.270 42.680 -71.110 7.893e+09 1.835e+10 -1.954e+10 0.01721 436876 436876 675326 1015 40 436827 436881 30.1565 171590000000 171590000000 142990000000 76264000000 38132000000 12.3328 2.69 0.01604 0.3265 0.08098 -11.0934 -0.08314 25.8493 0.3951 0.0498 -10.5096 0.77016 18.0558 0.1857 155400000000 152500000000
 0.5100   245691 0.5200   254940      1       -1       -1       -1  0 1.58900e+11 1.62100e+11 132.096000 21.533000 55.250000  1 0.4700 111.440000 9.72779 7.08846 6.39996 -29.980 42.880 -68.960 1.572e+10 7.992e+09 -3.004e+10 0.02318 436877 436877 675326 1007 39 436827 436881 21.5331 162060000000 162060000000 114400000000 66731000000 47665000000 20.307 0 0.02218 0.21128 0.10847 -16.4847 -1.75751 27.9613 0.26404 0.00939 -15.27 1.09026 27.951 0.2128 144200000000 85800000000
 0.5000   236508 0.5100   245691      1       -1       -1       -1  0 1.49367e+11 1.43000e+11 126.999000 26.732000 46.670000  1 0.4700 103.810000 9.74320 7.07108 6.42941 -31.720 38.960 -66.380 4.621e+09 9.012e+09 -1.890e+10 0.01773 436878 436878 675326 1005 38 436827 436881 26.7321 142990000000 142990000000 142990000000 47665000000 19066000000 18.95 0 0.01696 0.47317 0.09057 22.4115 30.1023 -21.0157 0.57832 0.10857 17.3263 -12.725 -14.4585 0.1632 136000000000 104900000000
 0.4900   227333 0.5000   236508      1       -1       -1       -1  0 1.39833e+11 1.43000e+11 127.293000 26.978000 47.330000  1 0.4700 104.650000 9.75869 7.05353 6.45923 -32.050 37.490 -65.590 4.702e+09 9.826e+09 -2.005e+10 0.01877 436879 436879 675326 997 37 436827 436881 26.9781 142990000000 142990000000 133460000000 76264000000 0 19.6942 1.64 0.01822 0.06595 0.00546 14.0138 49.7922 -11.1367 0.20677 0 18.6129 42.4633 -9.79821 0.172 130400000000 133500000000
 0.4800   218178 0.4900   227333      1       -1       -1       -1  0 1.33467e+11 1.33500e+11 124.680000 29.052000 48.840000  1 0.4700 102.020000 9.77426 7.03581 6.48944 -32.440 36.850 -59.350 1.115e+10 3.275e+09 -1.992e+10 0.02103 436880 436880 675326 1005 36 436827 436881 29.0524 133460000000 133460000000 123930000000 66731000000 0 23.8766 1.42 0.02084 0.21589 0 24.2616 52.1183 -15.8115 0.16724 0.0672 48.6382 15.1772 -12.1073 0.1889 118900000000 123900000000
 0.4700   209041 0.4800   218178      0       -1       -1       -1  0 1.23900e+11 1.23900e+11 121.904000 19.691000 51.230000  1 0.4700 105.830000 9.78991 7.01794 6.52002 -30.170 43.130 -62.030 -7.116e+09 7.524e+09 -2.176e+10 0.02489 436881 436881 675326 994 35 436827 436881 19.6906 123930000000 123930000000 104860000000 76264000000 0 32.8476 3.24 0.02488 0.24479 0.00229 29.5287 33.7664 -7.40922 0.29696 0.09531 17.9504 33.9607 -7.08833 0.2063 114400000000 95330000000
