 1.0000   679898 0.0000       -1      1       -1       -1       -1  0 2.28800e+11 2.28800e+11 125.126000 16.491000 92.490000  1 0.7600 100.920000 34.30166 29.75258 44.98566 -157.520 110.740 107.520 -5.648e+10 3.339e+11 1.309e+11 0.07904 451678 451678 679898 5413 88 451677 451702 16.4911 228790000000 266920000000 181130000000 123930000000 28599000000 13.366 10.3 0.10113 0.67779 0.30383 3.47296 8.55289 21.8768 0.28525 0.01728 14.9067 5.0495 27.797 0.6281 269200000000 133500000000
 0.9900   671770 1.0000   679898      1       -1       -1       -1  0 2.27200e+11 2.00200e+11 120.183000 11.109000 88.990000  1 0.7600 104.360000 34.32177 29.73660 44.97263 -152.540 102.790 102.260 -1.834e+11 2.466e+10 9.783e+10 0.06609 451679 451679 679898 5300 87 451677 451702 11.109 200190000000 266920000000 190660000000 152530000000 19066000000 6.9721 0 0.07305 0.65821 0.36565 3.2526 11.8524 22.2394 0.33838 0.09439 9.72533 1.40692 13.1839 0.5537 274000000000 66730000000
 0.9800   663356 0.9900   671770      1       -1       -1       -1  0 2.27200e+11 2.00200e+11 120.687000 9.213000 91.460000  1 0.7600 109.590000 34.33743 29.73051 44.96703 -150.280 99.390 100.920 -1.836e+11 2.326e+10 9.828e+10 0.06765 451680 451680 679898 5318 86 451677 451702 9.2127 200190000000 266920000000 190660000000 162060000000 28599000000 6.65877 0 0.07334 0.5885 0.38156 -2.22844 18.1222 23.2607 0.09494 0.0287 -0.22927 30.5467 35.3625 0.5574 292700000000 47660000000
 0.9700   654981 0.9800   663356      1       -1       -1       -1  0 2.27200e+11 2.19300e+11 124.921000 11.060000 95.240000  1 0.7600 109.320000 34.35315 29.71911 44.96079 -148.250 97.650 102.540 -6.985e+10 1.296e+11 8.220e+10 0.04428 451681 451681 679898 4368 85 451677 451702 11.0605 219260000000 276460000000 190660000000 162060000000 19066000000 10.8749 6.53 0.05087 0.51447 0.22307 -10.1999 15.4703 30.0118 0.27975 0.02324 -5.82225 20.298 29.0901 0.5923 300600000000 76260000000
 0.9600   646645 0.9700   654981      1       -1       -1       -1  0 2.27200e+11 2.38300e+11 128.974000 13.632000 98.680000  1 0.7600 108.330000 34.35934 29.70428 44.93632 -152.440 99.440 107.340 -1.383e+11 2.236e+11 5.722e+10 0.05829 451682 451682 679898 5373 84 451677 451702 13.6318 238320000000 276460000000 190660000000 171590000000 19066000000 13.0255 0 0.07088 0.68753 0.41114 -4.27005 8.51268 13.788 0.87281 0.19453 -6.14317 7.81662 8.03112 0.6222 297800000000 133500000000
 0.9500   638321 0.9600   646645      1       -1       -1       -1  1 2.25633e+11 2.24000e+11 126.831000 10.733000 99.420000  1 0.7600 113.630000 34.37571 29.69361 44.92480 -152.440 99.440 107.340 -1.671e+11 1.256e+11 7.249e+10 0.06169 451683 451683 679898 8223 83 451677 451702 11.4647 224025000000 276460000000 195425000000 171590000000 14299500000 13.2311 0 0.070945 0.74285 0.427795 -6.26306 2.00465 19.3328 0.75589 0.110625 -1.20975 -2.98172 13.2929 0.60895 311550000000 81050000000
 0.9400   630008 0.9500   638321      1       -1       -1       -1  0 2.25633e+11 2.09700e+11 124.612000 7.833000 100.150000  1 0.7600 118.480000 34.40500 29.68139 44.93027 -141.570 88.670 100.540 -1.960e+11 2.763e+10 8.776e+10 0.06508 451684 451684 679898 5511 82 451677 451702 7.83339 209730000000 276460000000 200190000000 171590000000 9533000000 13.4368 0 0.07101 0.79817 0.44445 -8.25607 -4.50338 24.8777 0.63897 0.02672 3.72366 -13.7801 18.5547 0.5957 325300000000 28600000000
 0.9300   621682 0.9400   630008      1       -1       -1       -1  0 2.25633e+11 2.38300e+11 130.566000 9.717000 104.060000  1 0.7600 118.760000 34.41645 29.67422 44.89635 -146.410 90.990 104.100 -1.462e+11 2.079e+11 5.508e+10 0.06200 451685 451685 679898 5571 81 451677 451702 9.7172 238320000000 285990000000 209730000000 181130000000 85797000000 8.78715 0 0.06917 0.7348 0.68617 3.79052 3.24691 18.267 0.90102 0.47348 7.83513 9.54531 2.71301 0.607 304100000000 85800000000
 0.9200   613335 0.9300   621682      1       -1       -1       -1  0 2.25633e+11 2.19300e+11 127.501000 9.145000 101.620000  1 0.7600 116.980000 34.43739 29.67176 44.90300 -140.090 87.850 98.220 -1.677e+11 6.301e+09 4.193e+10 0.05207 451686 451686 679898 5375 80 451677 451702 9.1451 219260000000 285990000000 209730000000 171590000000 57198000000 7.88504 3.03 0.05305 0.77983 0.61031 -7.43756 7.08131 9.92337 0.79774 0.28508 8.26995 -7.10556 -4.78032 0.5618 326500000000 76260000000
 0.9100   604960 0.9200   613335      1       -1       -1       -1  1 2.22467e+11 2.19300e+11 128.016000 10.179000 101.610000  1 0.7600 114.670000 34.45341 29.66171 44.89177 -140.090 87.850 98.220 -1.547e+11 -2.082e+10 1.309e+10 0.04757 451687 451687 679898 8220 79 451677 451702 10.2831 219260000000 285990000000 214495000000 171590000000 57198000000 5.70291 5.095 0.04974 0.703155 0.56193 -3.19818 9.19977 16.6636 0.74261 0.38563 2.84886 -0.28973 8.11707 0.5747 313200000000 90580000000
 0.9000   596585 0.9100   604960      1       -1       -1       -1  0 2.22467e+11 2.19300e+11 128.526000 11.213000 101.600000  1 0.7600 112.270000 34.46766 29.64977 44.87041 -134.350 82.680 97.130 -1.416e+11 -4.794e+10 -1.574e+10 0.04307 451688 451688 679898 5413 78 451677 451702 11.2131 219260000000 285990000000 219260000000 171590000000 57198000000 3.52079 7.16 0.04643 0.62648 0.51355 1.0412 11.3182 23.4037 0.68748 0.48618 -2.57222 6.5261 21.0145 0.5876 299900000000 104900000000
 0.8900   588174 0.9000   596585      1       -1       -1       -1  0 2.22467e+11 2.19300e+11 129.036000 14.152000 99.670000  1 0.7600 107.030000 34.49688 29.64543 44.86561 -131.180 80.340 96.730 -1.298e+11 -4.662e+10 -3.277e+10 0.03808 451689 451689 679898 5590 77 451677 451702 14.1517 219260000000 247860000000 209730000000 152530000000 47665000000 16.9054 7.61 0.04393 0.52589 0.42294 3.28195 19.6892 20.6755 0.47588 0.03587 -6.79778 15.6884 12.2651 0.6116 282300000000 123900000000
 0.8800   579794 0.8900   588174      1       -1       -1       -1  0 2.22467e+11 2.19300e+11 129.544000 17.560000 97.750000  1 0.7600 102.960000 34.51568 29.63847 44.86281 -132.910 83.670 93.340 -1.461e+11 -4.792e+10 -1.538e+10 0.03773 451690 451690 679898 5601 76 451677 451702 17.5598 219260000000 247860000000 219260000000 123930000000 0 26.464 0 0.04807 0.18371 0.03945 10.6037 22.1372 40.0424 0.25077 0.06982 -7.85616 13.0744 21.9873 0.6483 263600000000 143000000000
 0.8700   571319 0.8800   579794      1       -1       -1       -1  0 2.22467e+11 2.19300e+11 130.051000 17.068000 94.070000  1 0.7600 103.980000 34.51980 29.61894 44.84681 -128.350 80.650 95.750 -1.430e+11 -4.199e+10 -6.174e+10 0.04135 451691 451691 679898 4632 75 451677 451702 17.0678 219260000000 247860000000 219260000000 133460000000 9533000000 16.3552 0 0.05038 0.58385 0.36749 -4.55503 16.6136 23.1465 0.25175 0.01677 -10.1847 13.3367 8.8312 0.6102 263600000000 133500000000
 0.8600   562855 0.8700   571319      1       -1       -1       -1  0 2.11333e+11 2.28800e+11 132.422000 32.194000 85.900000  1 0.7600 96.370000 34.53851 29.62084 44.86124 -126.280 83.280 94.520 -1.420e+11 -4.076e+10 -1.516e+10 0.03074 451692 451692 679898 5667 74 451677 451702 32.1941 228790000000 238320000000 152530000000 85797000000 0 37.2542 0 0.04336 0.35019 0.23169 -13.9396 19.5836 45.6687 0.62729 0.03425 -2.23471 34.8724 9.3892 0.6329 232400000000 228800000000
 0.8500   554417 0.8600   562855      1       -1       -1       -1  1 1.97000e+11 1.85900e+11 123.934000 36.843000 83.970000  1 0.7600 89.150000 34.55443 29.61034 44.84932 -126.280 83.280 94.520 -2.563e+10 8.112e+10 -4.398e+10 0.03393 451693 451693 679898 8239 73 451677 451702 37.421 204960000000 281220000000 81031500000 42898500000 0 36.0431 3.89 0.097015 0.5367 0.402115 5.21399 10.8067 55.3793 0.313645 0.017125 -1.11736 17.4362 4.6946 0.8484 262250000000 262150000000
 0.8400   545917 0.8500   554417      1       -1       -1       -1  0 1.97000e+11 1.43000e+11 114.091000 41.493000 81.940000  1 0.7600 80.530000 34.54699 29.57900 44.68316 -136.100 68.030 112.840 9.074e+10 2.030e+11 -7.281e+10 0.03712 451694 451694 679898 5751 72 451677 451702 41.4926 181130000000 324120000000 9533000000 0 0 34.8321 7.78 0.15067 0.72321 0.57254 24.3676 2.02986 65.09 0 0 0 0 0 1.0639 292100000000 295500000000
 0.8300   537399 0.8400   545917      1       -1       -1       -1  0 1.97000e+11 2.09700e+11 130.118000 28.670000 71.100000  1 0.7600 95.840000 34.57207 29.57957 44.78613 -110.910 69.380 95.390 -9.123e+10 2.497e+10 -4.626e+10 0.02957 451695 451695 679898 5744 71 451677 451702 28.6696 209730000000 228790000000 181130000000 66731000000 0 22.0831 8.46 0.03597 0.32803 0.12813 -17.9887 33.641 26.889 0.31437 0.04386 -17.481 24.4251 21.0575 0.4864 231900000000 190700000000
 0.8200   528806 0.8300   537399      1       -1       -1       -1  0 1.97000e+11 1.81100e+11 124.379000 27.092000 64.390000  1 0.7600 91.790000 34.58919 29.56819 44.77291 -105.250 68.550 96.940 -7.318e+10 -3.839e+08 -3.453e+10 0.02986 451696 451696 679898 4735 70 451677 451702 27.0921 181130000000 238320000000 95330000000 38132000000 0 15.5825 7.35 0.03544 0.17127 0.0256 -12.0765 33.9283 32.7824 0.48309 0.3878 -11.7995 14.9925 24.6692 0.4438 230700000000 162100000000
 0.8100   520165 0.8200   528806      1       -1       -1       -1  0 1.90700e+11 2.00200e+11 129.079000 31.813000 69.710000  1 0.7600 93.950000 34.61203 29.54729 44.74608 -104.060 68.270 98.010 -5.380e+10 -7.953e+09 -2.411e+10 0.01748 451697 451697 679898 5792 69 451677 451702 31.8128 200190000000 238320000000 133460000000 19066000000 0 12.9866 9.41 0.02215 0.75538 0.63691 -0.55694 -24.5923 55.6855 0 0 0 0 0 0.4928 237100000000 200200000000
 0.8000   511487 0.8100   520165      1       -1       -1       -1  0 1.90700e+11 1.23900e+11 110.416000 10.482000 50.350000  1 0.7600 94.720000 34.62571 29.53893 44.75550 -110.360 79.850 86.200 -6.260e+10 7.062e+10 -6.158e+10 0.09460 451698 451698 679898 4785 68 451677 451702 10.4815 123930000000 219260000000 95330000000 95330000000 0 16.1467 6.18 0.0937 0.78828 0.10886 1.58458 14.6897 29.1785 0.11285 0.03572 -7.24055 32.9583 30.7587 0.2744 221900000000 19070000000
 0.7900   502846 0.8000   511487      1       -1       -1       -1  0 1.90700e+11 1.52500e+11 118.763000 28.664000 62.980000  1 0.7600 86.760000 34.66850 29.51612 44.73536 -105.050 75.070 88.820 -9.695e+09 4.489e+10 -2.139e+10 0.02618 451699 451699 679898 5594 67 451677 451702 28.6639 152530000000 209730000000 114400000000 38132000000 0 15.9762 9.08 0.02994 0.57342 0.05553 -20.3938 19.9276 33.6177 0.52438 0 21.2252 -12.2859 19.0362 0.4072 260700000000 152500000000
 0.7800   494215 0.7900   502846      1       -1       -1       -1  0 1.90700e+11 1.43000e+11 116.658000 24.375000 56.200000  1 0.7600 86.800000 34.69496 29.50717 44.73526 -108.080 77.620 89.110 -6.004e+10 5.246e+10 -2.483e+10 0.05276 451700 451700 679898 4564 66 451677 451702 24.3747 142990000000 181130000000 114400000000 76264000000 9533000000 10.7309 0 0.0552 0.29602 0.08731 35.1743 -8.23215 -16.9198 0.35968 0.20584 21.2107 -4.6385 -13.6676 0.3144 211200000000 114400000000
 0.7700   485534 0.7800   494215      1       -1       -1       -1  0 1.90700e+11 1.62100e+11 122.066000 27.126000 78.750000  1 0.7600 90.220000 34.73990 29.47857 44.62693 -118.540 95.200 75.490 1.579e+11 2.120e+11 -6.773e+09 0.08592 451701 451701 679898 5613 65 451677 451702 27.1258 171590000000 295520000000 152530000000 0 0 27.6742 0 0.14254 0.30672 0 45.6653 10.5442 13.4685 0 0 0 0 0 0.6795 259000000000 152500000000
 0.7600   476832 0.7700   485534      0       -1       -1       -1  0 1.90700e+11 1.90700e+11 129.320000 27.886000 83.260000  1 0.7600 96.050000 34.76244 29.44950 44.59842 -124.030 97.030 72.640 1.599e+11 3.140e+11 -4.667e+10 0.08811 451702 451702 679898 5639 64 451677 451702 27.8865 190660000000 295520000000 104860000000 0 0 25.3964 0 0.14682 0.21079 0.06075 42.2808 -4.17791 56.262 0 0 0 0 0 0.6877 270500000000 162100000000
