 1.0000   675149 0.0000       -1      1       -1       -1       -1  0 3.33700e+11 3.33700e+11 141.895000 13.840000 107.790000  1 0.3800 121.870000 24.28602 26.40380 34.71948 -177.400 289.580 210.270 -1.288e+09 -4.025e+10 -1.882e+11 0.02875 366763 366763 675149 664 88 366762 366825 13.8402 333650000000 333650000000 324120000000 257390000000 57198000000 6.06853 2.68 0.02858 0.70048 0.67431 -9.6747 26.4974 -1.62953 0.82697 0.73883 -13.4773 16.1379 4.99624 0.5239 457400000000 181100000000
 0.9900   666978 1.0000   675149      1       -1       -1       -1  0 3.33700e+11 3.33700e+11 142.493000 13.773000 108.660000  1 0.3800 122.480000 24.30383 26.37464 34.69831 -175.890 288.880 206.490 -4.585e+09 -3.703e+10 -1.847e+11 0.02833 366764 366764 675149 660 87 366762 366825 13.7734 333650000000 333650000000 324120000000 247860000000 19066000000 6.14986 0 0.02807 0.63469 0.48075 -13.903 22.524 -2.65303 0.18413 0.03045 -12.716 13.5991 3.69666 0.5251 463200000000 162100000000
 0.9800   658640 0.9900   666978      1       -1       -1       -1  0 3.33700e+11 3.33700e+11 143.090000 13.060000 110.670000  1 0.3800 124.470000 24.32199 26.34498 34.67680 -175.040 286.220 204.450 -4.838e+09 -3.671e+10 -1.831e+11 0.02824 366765 366765 675149 670 86 366762 366825 13.0604 333650000000 333650000000 324120000000 238320000000 95330000000 6.22465 0 0.02791 0.60386 0.41564 -15.4796 21.6513 -6.64791 0.54039 0.21577 15.5151 -14.9622 -0.8137 0.5321 450700000000 162100000000
 0.9700   650327 0.9800   658640      1       -1       -1       -1  0 3.33700e+11 3.33700e+11 143.686000 11.834000 114.770000  1 0.3800 127.920000 24.33937 26.31756 34.64537 -174.160 283.520 202.410 -5.216e+09 -3.658e+10 -1.814e+11 0.02826 366766 366766 675149 1685 85 366762 366825 11.8338 333650000000 333650000000 314590000000 247860000000 85797000000 11.7091 0 0.02774 0.49336 0.42609 -11.1318 13.9435 -8.86093 0.63706 0.43458 -10.3679 11.9135 -4.10842 0.546 443600000000 162100000000
 0.9600   642031 0.9700   650327      1       -1       -1       -1  0 3.30500e+11 3.33700e+11 144.282000 8.709000 121.060000  1 0.3800 138.930000 24.35603 26.28103 34.62408 -173.230 280.750 200.350 -5.811e+09 -3.660e+10 -1.796e+11 0.02891 366767 366767 675149 2621 84 366762 366825 8.70914 333650000000 333650000000 305060000000 257390000000 152530000000 8.05587 0 0.02756 0.61965 0.59513 10.3612 -8.20028 4.42543 0.67889 0.42584 9.96516 -6.21802 0.26675 0.5574 470900000000 133500000000
 0.9500   633743 0.9600   642031      1       -1       -1       -1  0 3.24133e+11 3.24100e+11 143.484000 7.336000 126.150000  1 0.3800 144.480000 24.38413 26.24674 34.60748 -171.830 284.570 201.880 8.043e+10 -8.795e+10 -2.127e+11 0.04127 366768 366768 675149 666 83 366762 366825 7.33617 324120000000 333650000000 305060000000 276460000000 162060000000 7.4064 0 0.03858 0.44807 0.35618 18.844 -6.85329 9.50699 0.50813 0.2969 16.4566 -2.21044 2.84659 0.5692 508600000000 133500000000
 0.9400   625459 0.9500   633743      1       -1       -1       -1  0 3.17767e+11 3.14600e+11 142.645000 5.670000 127.700000  1 0.3800 154.410000 24.39419 26.21496 34.58248 -172.890 280.870 198.690 6.575e+10 5.572e+09 -2.312e+11 0.04488 366769 366769 675149 1627 82 366762 366825 5.6699 314590000000 343190000000 295520000000 257390000000 171590000000 9.15287 0 0.04012 0.58546 0.3616 13.0587 -5.77312 11.3425 0.50628 0.35511 11.6176 -6.38258 10.3335 0.5581 584200000000 123900000000
 0.9300   617150 0.9400   625459      1       -1       -1       -1  0 3.14600e+11 3.14600e+11 143.226000 7.271000 120.590000  1 0.3800 144.280000 24.41476 26.18325 34.56139 -171.770 277.730 196.620 6.459e+10 5.266e+09 -2.286e+11 0.04407 366770 366770 675149 676 81 366762 366825 7.27092 314590000000 343190000000 285990000000 257390000000 181130000000 9.68569 0 0.03978 0.73806 0.53159 14.9094 -12.7665 9.99555 0.81871 0.48362 -10.9629 14.5326 -8.60208 0.5347 521000000000 114400000000
 0.9200   608822 0.9300   617150      1       -1       -1       -1  0 3.14600e+11 3.14600e+11 143.806000 7.445000 114.480000  1 0.3800 143.980000 24.43529 26.14131 34.53384 -170.620 274.600 194.550 6.362e+10 4.914e+09 -2.259e+11 0.04355 366771 366771 675149 1691 80 366762 366825 7.44483 314590000000 324120000000 285990000000 257390000000 181130000000 6.77643 0 0.03944 0.75384 0.48537 -13.0475 20.5106 -5.04092 0.80022 0.45035 -8.49304 20.038 -7.07119 0.5104 554800000000 57200000000
 0.9100   600478 0.9200   608822      1       -1       -1       -1  0 3.14600e+11 3.14600e+11 144.384000 8.518000 110.640000  1 0.3800 139.360000 24.45647 26.10584 34.51021 -168.140 270.990 192.430 9.359e+10 -1.123e+11 -1.938e+11 0.04439 366772 366772 675149 1704 79 366762 366825 8.51842 314590000000 324120000000 285990000000 257390000000 57198000000 10.268 0 0.04092 0.711 0.47067 -7.98081 20.0245 -9.49943 0.66431 0.39296 -5.3933 19.4638 -10.5261 0.5009 501000000000 66730000000
 0.9000   592132 0.9100   600478      1       -1       -1       -1  0 3.14600e+11 3.14600e+11 144.961000 10.255000 105.530000  1 0.3800 133.330000 24.47612 26.06565 34.48605 -164.450 267.590 188.270 1.024e+11 -2.631e+10 -2.180e+11 0.04376 366773 366773 675149 683 78 366762 366825 10.2553 314590000000 324120000000 276460000000 238320000000 66731000000 9.22039 0 0.04098 0.63734 0.5029 -10.586 17.3882 -11.037 0.35118 0.16299 11.1059 -13.7817 16.8438 0.4849 471800000000 104900000000
 0.8900   583739 0.9000   592132      1       -1       -1       -1  0 3.14600e+11 3.14600e+11 145.537000 12.160000 100.730000  1 0.3800 128.400000 24.49848 26.02942 34.46182 -163.330 264.460 186.010 1.009e+11 -2.585e+10 -2.160e+11 0.04303 366774 366774 675149 690 77 366762 366825 12.1598 314590000000 324120000000 276460000000 238320000000 47665000000 9.83923 0 0.04071 0.74689 0.54431 -13.4126 17.3974 -3.75791 0.67071 0.36657 14.5063 -13.3434 6.52193 0.4668 426900000000 143000000000
 0.8800   575365 0.8900   583739      1       -1       -1       -1  0 3.11433e+11 3.14600e+11 146.110000 14.699000 97.170000  1 0.3800 123.460000 24.52483 25.98934 34.43439 -162.500 262.960 182.010 1.017e+11 -1.152e+11 -1.860e+11 0.04251 366775 366775 675149 1697 76 366762 366825 14.6994 314590000000 324120000000 257390000000 228790000000 76264000000 15.3184 3.75 0.04111 0.54786 0.36378 22.2351 -14.4603 -0.7611 0.18976 0.02385 19.3119 -17.7433 -5.10069 0.4606 377300000000 171600000000
 0.8700   566914 0.8800   575365      1       -1       -1       -1  0 3.05067e+11 3.05100e+11 145.185000 14.526000 94.610000  1 0.3800 122.810000 24.54326 25.95574 34.40642 -163.820 261.020 180.180 7.469e+10 -3.061e+10 -9.238e+10 0.02340 366776 366776 675149 677 75 366762 366825 14.5262 305060000000 324120000000 257390000000 200190000000 76264000000 15.6927 0 0.02209 0.5026 0.24952 15.8816 -12.2165 2.04334 0.20556 0.05122 14.2887 -13.4073 1.75172 0.4366 340300000000 162100000000
 0.8600   558453 0.8700   566914      1       -1       -1       -1  0 2.92367e+11 2.95500e+11 144.215000 13.888000 90.660000  1 0.3800 123.040000 24.56806 25.91698 34.38010 -163.900 260.310 178.150 1.015e+11 -2.497e+10 -7.256e+10 0.02602 366777 366777 675149 672 74 366762 366825 13.8884 295520000000 324120000000 257390000000 171590000000 85797000000 13.8676 0 0.02425 0.43236 0.36037 24.2351 -16.1705 6.88775 0.22013 0.17589 26.2082 -13.0068 6.79589 0.4128 318300000000 152500000000
 0.8500   550022 0.8600   558453      1       -1       -1       -1  0 2.79633e+11 2.76500e+11 141.588000 12.706000 87.400000  1 0.3800 122.780000 24.59345 25.87991 34.35683 -159.410 257.510 177.730 7.850e+10 5.671e+10 -9.501e+09 0.02311 366778 366778 675149 1724 73 366762 366825 12.7059 276460000000 324120000000 238320000000 181130000000 57198000000 7.47552 3.56 0.02081 0.52797 0.45444 21.2898 -12.2611 13.0493 0.61288 0.30728 20.0193 -3.3973 11.9123 0.3859 332300000000 143000000000
 0.8400   541504 0.8500   550022      1       -1       -1       -1  0 2.73300e+11 2.66900e+11 140.477000 11.526000 86.850000  1 0.3800 124.460000 24.61583 25.84094 34.32911 -158.630 254.400 174.960 9.996e+10 8.291e+10 1.251e+09 0.03361 366779 366779 675149 645 72 366762 366825 11.5263 266920000000 314590000000 228790000000 162060000000 85797000000 10.1578 0 0.02956 0.54927 0.49369 16.8932 -9.33003 15.5015 0.77779 0.64876 14.4488 -1.59038 7.90627 0.3732 337400000000 123900000000
 0.8300   532977 0.8400   541504      1       -1       -1       -1  0 2.60567e+11 2.76500e+11 142.669000 24.190000 88.200000  1 0.3800 109.080000 24.64099 25.85259 34.30895 -155.950 245.070 173.190 2.045e+11 5.411e+10 -1.115e+11 0.04292 366780 366780 675149 2661 71 366762 366825 24.19 276460000000 295520000000 238320000000 0 0 30.8363 0 0.05154 0.12336 0.02417 -5.89401 50.7891 -0.33578 0 0 0 0 0 0.5275 298700000000 219300000000
 0.8200   524400 0.8300   532977      1       -1       -1       -1  0 2.51067e+11 2.38300e+11 136.294000 12.450000 87.620000  1 0.3800 117.810000 24.65862 25.76965 34.26426 -160.020 252.150 170.140 9.827e+10 5.040e+10 8.813e+10 0.04283 366781 366781 675149 646 70 366762 366825 12.4502 238320000000 266920000000 228790000000 152530000000 57198000000 13.0898 0 0.03917 0.47566 0.21432 12.9946 -18.7836 20.95 0.34416 0.02634 -5.63624 18.2977 -9.99589 0.4043 286300000000 123900000000
 0.8100   515762 0.8200   524400      1       -1       -1       -1  0 2.51067e+11 2.38300e+11 136.803000 12.000000 85.100000  1 0.3800 119.440000 24.69284 25.72437 34.23883 -158.670 248.530 167.830 9.621e+10 5.056e+10 8.639e+10 0.04276 366782 366782 675149 1726 69 366762 366825 12.0001 238320000000 247860000000 219260000000 181130000000 28599000000 5.53094 0 0.03865 0.50861 0.19518 16.733 -20.3725 21.8114 0.14024 0 -9.72084 23.4448 -6.2632 0.3834 299700000000 114400000000
 0.8000   507095 0.8100   515762      1       -1       -1       -1  0 2.51067e+11 2.38300e+11 137.309000 12.463000 81.600000  1 0.3800 119.010000 24.72032 25.68879 34.20924 -157.220 244.980 165.590 9.471e+10 5.048e+10 8.480e+10 0.04132 366783 366783 675149 675 68 366762 366825 12.4628 238320000000 238320000000 219260000000 181130000000 0 11.0586 0 0.03824 0.32656 0.21589 25.8954 -27.8726 35.4922 0.47779 0.02564 -11.4627 24.8969 -14.2257 0.3739 305600000000 85800000000
 0.7900   498466 0.8000   507095      1       -1       -1       -1  0 2.51067e+11 2.38300e+11 137.812000 11.856000 77.430000  1 0.3800 121.060000 24.74758 25.64471 34.17483 -155.670 241.480 163.410 9.352e+10 5.023e+10 8.350e+10 0.04090 366784 366784 675149 664 67 366762 366825 11.8555 238320000000 247860000000 228790000000 190660000000 0 13.9023 0 0.03793 0.3503 0.21472 19.1951 -19.8797 37.9403 0.37815 0.21362 9.73317 -17.7625 30.8768 0.3494 316900000000 47660000000
 0.7800   489831 0.7900   498466      1       -1       -1       -1  0 2.51067e+11 2.47900e+11 140.133000 15.543000 71.620000  1 0.3800 116.370000 24.77308 25.58665 34.14351 -153.900 238.200 161.800 8.981e+10 4.835e+10 8.367e+10 0.03845 366785 366785 675149 831 66 366762 366825 15.5435 247860000000 257390000000 219260000000 190660000000 0 9.97137 0 0.03487 0.62986 0.43802 17.6036 -19.2255 33.1245 0.63859 0.08286 -12.3378 26.7306 -14.0644 0.2993 284800000000 123900000000
 0.7700   481144 0.7800   489831      1       -1       -1       -1  0 2.51067e+11 2.47900e+11 140.638000 12.795000 71.050000  1 0.3800 122.170000 24.80217 25.55120 34.12954 -152.300 234.710 159.350 1.443e+11 1.894e+10 5.989e+10 0.04724 366786 366786 675149 817 65 366762 366825 12.7954 247860000000 257390000000 219260000000 181130000000 0 7.09787 4.21 0.04179 0.78385 0.38162 16.9178 -15.8933 28.1506 0.16207 0 -14.7117 -24.9367 29.9177 0.2809 303700000000 85800000000
 0.7600   472444 0.7700   481144      1       -1       -1       -1  0 2.51067e+11 2.28800e+11 137.423000 13.453000 70.850000  1 0.3800 117.540000 24.84382 25.49512 34.11999 -148.380 229.590 158.760 9.659e+10 5.604e+10 8.233e+10 0.04722 366787 366787 675149 830 64 366762 366825 13.4526 228790000000 247860000000 190660000000 162060000000 0 22.9798 1.71 0.0423 0.30262 0.11709 -8.53689 -7.43674 35.4363 0.80293 0.50564 -22.1014 -6.53977 28.6888 0.2961 261100000000 95330000000
 0.7500   463709 0.7600   472444      1       -1       -1       -1  0 2.51067e+11 2.57400e+11 143.430000 17.133000 72.420000  1 0.3800 117.710000 24.85770 25.46452 34.06675 -150.070 229.800 152.560 1.246e+11 4.239e+10 6.492e+10 0.04124 366788 366788 675149 834 63 366762 366825 17.1328 257390000000 257390000000 228790000000 181130000000 0 8.57265 0 0.03694 0.8818 0.42368 5.24651 -10.8031 32.4709 0.07681 0 -12.264 8.47124 17.6388 0.2826 275000000000 123900000000
 0.7400   454921 0.7500   463709      1       -1       -1       -1  0 2.51067e+11 2.47900e+11 142.132000 13.212000 73.540000  1 0.3800 123.350000 24.88146 25.42084 34.03827 -146.570 225.630 150.440 1.135e+11 1.761e+10 7.445e+10 0.04177 366789 366789 675149 1908 62 366762 366825 13.2118 247860000000 257390000000 238320000000 200190000000 0 8.58053 0 0.03689 0.78615 0.3052 -3.81358 -9.11565 37.2543 0.51884 0.18106 -20.8105 -4.93312 25.8805 0.2841 313300000000 104900000000
 0.7300   446100 0.7400   454921      1       -1       -1       -1  0 2.44700e+11 2.47900e+11 142.623000 15.157000 74.060000  1 0.3800 120.330000 24.92692 25.35439 33.99060 -144.560 222.490 150.720 9.934e+10 8.040e+10 5.726e+10 0.04325 366790 366790 675149 821 61 366762 366825 15.1569 247860000000 257390000000 238320000000 209730000000 19066000000 14.325 0 0.03792 0.60865 0.57548 17.6871 -8.2086 29.8813 0.75448 0.07157 16.0558 8.64363 17.6539 0.2795 298700000000 123900000000
 0.7200   437228 0.7300   446100      1       -1       -1       -1  0 2.41500e+11 2.38300e+11 141.252000 9.593000 76.040000  1 0.3800 132.820000 24.94633 25.32330 33.96518 -145.080 215.630 148.190 1.151e+11 6.702e+10 -1.098e+10 0.04740 366791 366791 675149 826 60 366762 366825 9.5935 238320000000 257390000000 238320000000 209730000000 0 6.03439 0 0.03882 0.63821 0.27636 14.2251 -10.2887 34.7686 0.53641 0.03387 29.3473 -18.8695 3.71639 0.2646 359000000000 38130000000
 0.7100   428295 0.7200   437228      1       -1       -1       -1  0 2.41500e+11 2.38300e+11 141.729000 8.839000 80.300000  1 0.3800 136.560000 24.97665 25.27356 33.93165 -143.670 212.470 145.460 1.130e+11 6.661e+10 -1.041e+10 0.04795 366792 366792 675149 837 59 366762 366825 8.83869 238320000000 238320000000 228790000000 219260000000 38132000000 4.08243 0 0.03844 0.62766 0.43451 17.4123 -4.96852 28.9249 0.70742 0.23129 17.2295 -7.26729 26.4746 0.2767 377800000000 38130000000
 0.7000   419326 0.7100   428295      1       -1       -1       -1  0 2.38333e+11 2.47900e+11 144.074000 10.790000 85.010000  1 0.3800 132.680000 25.02584 25.20804 33.88797 -142.200 209.280 142.770 9.096e+10 8.151e+10 4.364e+10 0.04164 366793 366793 675149 837 58 366762 366825 10.79 247860000000 247860000000 228790000000 228790000000 38132000000 19.6254 3.53 0.03568 0.88596 0.35825 7.3724 6.89622 19.3204 0.86443 0.12016 21.9726 -5.69752 1.61287 0.325 358500000000 47660000000
 0.6900   410336 0.7000   419326      1       -1       -1       -1  0 2.35167e+11 2.28800e+11 140.744000 6.861000 87.570000  1 0.3800 145.770000 25.04378 25.18318 33.86480 -139.030 206.500 144.290 7.342e+10 9.311e+10 1.487e+09 0.04911 366794 366794 675149 842 57 366762 366825 6.86083 228790000000 228790000000 228790000000 219260000000 76264000000 9.65335 0 0.03749 0.55013 0.31373 16.0379 -2.77833 29.8114 0.17025 0.03467 15.3362 -2.3668 42.1854 0.2946 414300000000 28600000000
 0.6800   401329 0.6900   410336      1       -1       -1       -1  0 2.28800e+11 2.28800e+11 141.203000 7.577000 93.060000  1 0.3800 142.690000 25.08853 25.11189 33.83288 -137.310 203.580 141.110 7.149e+10 9.330e+10 2.440e+09 0.04635 366795 366795 675149 852 56 366762 366825 7.57655 228790000000 238320000000 228790000000 219260000000 0 20.798 0 0.03738 0.47642 0.24996 20.7026 -20.8715 28.0057 0.61585 0.42696 23.0532 -18.6435 26.2829 0.345 391400000000 19070000000
 0.6700   392343 0.6800   401329      1       -1       -1       -1  0 2.28800e+11 2.28800e+11 141.657000 8.086000 91.850000  1 0.3800 141.090000 25.12330 25.06079 33.79895 -135.650 200.510 138.050 7.006e+10 9.268e+10 3.064e+09 0.04562 366796 366796 675149 3071 55 366762 366825 8.08643 228790000000 228790000000 228790000000 219260000000 28599000000 21.7344 0 0.03717 0.48298 0.35533 14.6019 -18.1029 20.4936 0.19242 0.03502 -25.5855 26.1766 -21.5394 0.3438 376900000000 38130000000
 0.6600   383382 0.6700   392343      1       -1       -1       -1  0 2.28800e+11 2.28800e+11 142.107000 9.573000 86.290000  1 0.3800 135.810000 25.15922 25.00706 33.75894 -132.550 196.250 137.410 6.449e+10 8.902e+10 4.851e+09 0.04277 366797 366797 675149 1936 54 366762 366825 9.57258 228790000000 228790000000 219260000000 219260000000 57198000000 21.7697 2.92 0.0354 0.7071 0.43615 8.60176 -16.161 23.936 0.36816 0.16412 -4.59536 -8.9816 24.4844 0.3235 327600000000 66730000000
 0.6500   374327 0.6600   383382      1       -1       -1       -1  0 2.28800e+11 2.19300e+11 140.544000 10.202000 79.350000  1 0.3800 132.150000 25.19563 24.97312 33.73156 -131.220 193.360 134.380 5.402e+10 8.080e+10 6.940e+09 0.04082 366798 366798 675149 867 53 366762 366825 10.202 219260000000 219260000000 219260000000 190660000000 9533000000 24.3586 0 0.03386 0.59876 0.47617 8.69169 -0.62535 33.1457 0.62612 0.11573 5.5209 -3.67636 33.782 0.2938 310800000000 66730000000
 0.6400   365245 0.6500   374327      1       -1       -1       -1  0 2.28800e+11 2.19300e+11 140.979000 12.097000 73.330000  1 0.3800 127.620000 25.21767 24.92324 33.68649 -129.780 190.410 131.500 5.262e+10 7.945e+10 6.496e+09 0.04092 366799 366799 675149 865 52 366762 366825 12.0969 219260000000 219260000000 209730000000 200190000000 0 10.4578 0 0.0334 0.36398 0.18093 14.9915 2.05479 44.0393 0.56543 0.50052 11.1988 4.24482 43.6641 0.2566 286600000000 104900000000
 0.6300   356129 0.6400   365245      1       -1       -1       -1  0 2.28800e+11 2.09700e+11 139.328000 12.472000 67.690000  1 0.3800 125.290000 25.25327 24.86973 33.64437 -128.130 185.120 128.100 3.395e+10 7.720e+10 7.273e+09 0.03746 366800 366800 675149 856 51 366762 366825 12.4719 209730000000 228790000000 209730000000 181130000000 0 1.89175 0 0.03207 0.29041 0.03349 21.7888 5.97308 51.6679 0.2179 0.01909 20.1395 4.58736 47.4775 0.2496 266200000000 57200000000
 0.6200   347024 0.6300   356129      1       -1       -1       -1  0 2.28800e+11 2.19300e+11 141.832000 16.605000 60.230000  1 0.3800 120.660000 25.28958 24.81296 33.60881 -126.630 184.440 126.290 4.853e+10 7.752e+10 6.469e+09 0.03630 366801 366801 675149 845 50 366762 366825 16.6048 219260000000 219260000000 209730000000 171590000000 0 7.60539 0 0.03247 0.41778 0.07924 6.40555 9.32051 35.732 0.24273 0.05055 6.62932 8.42612 36.5 0.2211 238600000000 104900000000
 0.6100   337894 0.6200   347024      1       -1       -1       -1  0 2.28800e+11 2.09700e+11 140.158000 21.204000 61.190000  1 0.3800 113.970000 25.34488 24.74250 33.56224 -125.210 178.150 122.260 4.793e+10 4.631e+10 1.312e+10 0.02736 366802 366802 675149 882 49 366762 366825 21.2039 209730000000 209730000000 209730000000 76264000000 0 22.5447 2.86 0.02608 0.13555 0.01831 1.36005 11.9469 44.4515 0.10434 0 0.90626 36.0783 28.1513 0.2476 220500000000 123900000000
 0.6000   328730 0.6100   337894      1       -1       -1       -1  0 2.28800e+11 2.09700e+11 140.566000 28.580000 55.320000  1 0.3800 109.590000 25.37102 24.69300 33.53698 -119.740 175.150 116.560 4.413e+10 3.693e+10 1.985e+10 0.02506 366803 366803 675149 1887 48 366762 366825 28.5796 209730000000 209730000000 181130000000 104860000000 9533000000 18.2119 0 0.02353 0.08008 0.031 45.0713 8.93484 79.5181 0.34943 0.05145 -5.59606 5.90206 25.8675 0.2046 193900000000 181100000000
 0.5900   319537 0.6000   328730      1       -1       -1       -1  0 2.28800e+11 1.81100e+11 134.244000 24.164000 52.090000  1 0.3800 106.960000 25.41032 24.63549 33.49871 -116.660 167.840 109.720 2.741e+09 2.909e+10 3.910e+10 0.02615 366804 366804 675149 895 47 366762 366825 24.1635 181130000000 200190000000 181130000000 114400000000 9533000000 14.5358 0 0.02426 0.72351 0.16684 -3.34355 20.2675 25.6743 0.35973 0 -1.79789 -11.8444 21.7522 0.1884 178400000000 143000000000
 0.5800   310286 0.5900   319537      1       -1       -1       -1  0 2.28800e+11 1.90700e+11 136.942000 25.084000 49.480000  1 0.3800 109.290000 25.46210 24.57201 33.44900 -116.260 165.180 109.120 4.479e+09 2.253e+10 3.764e+10 0.02108 366805 366805 675149 893 46 366762 366825 25.0838 190660000000 190660000000 181130000000 19066000000 0 25.0924 0 0.02026 0.18784 0.06387 23.9744 -15.6462 72.0927 0 0 0 0 0 0.1803 181300000000 152500000000
 0.5700   301061 0.5800   310286      1       -1       -1       -1  0 2.28800e+11 1.90700e+11 137.319000 33.999000 47.610000  1 0.3800 105.910000 25.50247 24.51371 33.41056 -114.690 162.400 106.530 6.668e+09 2.159e+10 3.678e+10 0.02075 366806 366806 675149 862 45 366762 366825 33.9987 190660000000 190660000000 171590000000 19066000000 0 25.9189 0 0.01998 0.40533 0.23713 20.9197 -7.49653 55.4295 0 0 0 0 0 0.1676 175000000000 190700000000
 0.5600   291812 0.5700   301061      1       -1       -1       -1  0 2.28800e+11 1.90700e+11 137.691000 32.563000 48.400000  1 0.3800 107.250000 25.54348 24.45468 33.37177 -112.940 159.100 102.530 5.925e+09 3.052e+10 3.552e+10 0.02285 366807 366807 675149 891 44 366762 366825 32.5633 190660000000 190660000000 162060000000 76264000000 0 26.7873 0 0.02201 0.02877 0 32.92 -13.3914 48.8619 0.61511 0.37361 12.6466 -1.81527 46.2639 0.1676 169600000000 171600000000
 0.5500   282561 0.5600   291812      1       -1       -1       -1  0 2.28800e+11 1.81100e+11 135.716000 35.510000 47.030000  1 0.3800 105.120000 25.58307 24.40343 33.36365 -109.960 155.840 100.910 1.046e+10 3.239e+10 3.469e+10 0.02612 366808 366808 675149 868 43 366762 366825 35.5096 181130000000 181130000000 162060000000 57198000000 0 27.7486 2.24 0.02488 0.50802 0.02417 -4.59176 -7.02081 25.3851 0.53373 0.04018 23.7366 12.4994 -8.94818 0.1592 165000000000 181100000000
 0.5400   273341 0.5500   282561      1       -1       -1       -1  0 2.28800e+11 1.71600e+11 133.638000 47.762000 41.560000  1 0.3800 101.740000 25.63336 24.35573 33.36575 -107.500 152.120 98.970 -4.552e+09 8.709e+09 4.050e+10 0.02448 366809 366809 675149 857 42 366762 366825 47.7617 171590000000 171590000000 142990000000 47665000000 0 19.5568 2.94 0.02353 0.89654 0.51667 2.80424 15.4095 33.9843 0.50758 0 -13.5137 17.3338 18.5504 0.1248 147700000000 209700000000
 0.5300   264099 0.5400   273341      1       -1       -1       -1  0 2.28800e+11 1.90700e+11 138.767000 22.811000 47.640000  1 0.3800 115.530000 25.66272 24.29718 33.25920 -109.410 150.210 94.080 4.573e+09 4.843e+10 3.888e+10 0.03253 366810 366810 675149 867 41 366762 366825 22.8107 190660000000 190660000000 162060000000 114400000000 0 17.2424 2.88 0.02974 0.39583 0.01575 -19.4521 -8.88019 38.3664 0.07669 0.01232 -14.8716 -4.25468 46.9887 0.138 165700000000 114400000000
 0.5200   254857 0.5300   264099      1       -1       -1       -1  0 2.28800e+11 1.81100e+11 136.753000 19.474000 51.650000  1 0.3800 117.400000 25.71596 24.22320 33.22238 -102.930 144.600 93.880 3.105e+10 6.898e+10 1.194e+10 0.04613 366811 366811 675149 893 40 366762 366825 19.4744 181130000000 209730000000 162060000000 114400000000 9533000000 18.2778 0.68 0.04017 0.31688 0.17718 -18.0049 1.39972 32.6098 0.26193 0.03116 -8.90714 -0.96425 24.8263 0.1442 180600000000 114400000000
 0.5100   245611 0.5200   254857      1       -1       -1       -1  0 2.28800e+11 2.00200e+11 141.736000 21.296000 55.670000  1 0.3800 121.250000 25.75856 24.16184 33.18300 -97.880 137.870 92.510 1.873e+10 1.968e+10 1.807e+10 0.01739 366812 366812 675149 895 39 366762 366825 21.2959 200190000000 200190000000 171590000000 142990000000 47665000000 11.6068 0 0.01461 0.11379 0.02546 -9.73477 10.2218 19.3076 0.94922 0.7918 -18.1446 26.246 -15.33 0.1424 180300000000 133500000000
 0.5000   236431 0.5100   245611      1       -1       -1       -1  0 2.28800e+11 2.09700e+11 144.293000 14.127000 59.080000  1 0.3800 135.390000 25.79110 24.08848 33.14836 -96.320 134.980 92.260 7.187e+08 9.943e+09 2.050e+10 0.01204 366813 366813 675149 890 38 366762 366825 14.127 209730000000 209730000000 190660000000 142990000000 66731000000 11.6525 0 0.00953 0.64692 0.4127 -5.32273 10.0887 26.648 0.78835 0.50514 -8.99246 16.818 11.8626 0.138 222800000000 104900000000
 0.4900   227259 0.5000   236431      1       -1       -1       -1  0 2.28800e+11 2.28800e+11 148.883000 15.873000 63.230000  1 0.3800 138.010000 25.84552 24.03689 33.10325 -93.980 132.000 87.530 1.159e+09 2.660e+09 5.551e+09 0.00280 366814 366814 675149 879 37 366762 366825 15.8731 228790000000 228790000000 228790000000 152530000000 95330000000 5.21858 0 0.00228 0.36314 0.10769 3.95094 0.82432 35.011 0.58753 0.05276 5.30201 1.64368 24.3576 0.1543 216000000000 123900000000
 0.4800   218106 0.4900   227259      1       -1       -1       -1  0 2.28800e+11 2.28800e+11 149.219000 18.926000 61.830000  1 0.3800 134.390000 25.89000 23.95875 33.07376 -87.420 128.840 85.910 3.895e+09 -5.483e+10 1.627e+10 0.02588 366815 366815 675149 871 36 366762 366825 18.9264 228790000000 228790000000 228790000000 171590000000 76264000000 20.0269 0 0.0211 0.40746 0.25852 -4.5994 13.3311 45.5333 0.51569 0.1457 -9.67803 7.01461 35.688 0.1485 225500000000 143000000000
 0.4700   208972 0.4800   218106      1       -1       -1       -1  0 2.28800e+11 2.28800e+11 149.546000 14.835000 61.910000  1 0.3800 142.850000 25.93157 23.90673 33.01316 -89.570 126.990 82.340 3.048e+10 5.568e+09 1.400e+10 0.01559 366816 366816 675149 917 35 366762 366825 14.8346 228790000000 228790000000 228790000000 219260000000 9533000000 4.63507 0 0.01263 0.54182 0.27359 -4.86753 7.20948 49.077 0.24609 0.06751 23.1025 -17.7101 -19.0848 0.1462 275100000000 66730000000
 0.4600   199870 0.4700   208972      1       -1       -1       -1  0 2.28800e+11 2.28800e+11 149.865000 14.853000 61.100000  1 0.3800 144.270000 25.97657 23.84217 32.97158 -86.690 122.930 80.480 2.898e+10 4.236e+09 1.395e+10 0.01520 366817 366817 675149 906 34 366762 366825 14.8533 228790000000 228790000000 228790000000 209730000000 9533000000 4.73763 0 0.01217 0.47374 0.10481 -5.66196 7.11797 29.7266 0.17698 0.05895 -8.39415 11.4115 10.8667 0.1407 262600000000 85800000000
 0.4500   190832 0.4600   199870      1       -1       -1       -1  0 2.28800e+11 2.28800e+11 150.176000 13.887000 60.340000  1 0.3800 148.020000 26.02213 23.77695 32.92977 -83.680 117.450 77.240 2.600e+10 -2.835e+10 1.296e+10 0.01924 366818 366818 675149 2015 33 366762 366825 13.8868 228790000000 228790000000 228790000000 190660000000 19066000000 5.49844 0 0.01538 0.69835 0.34252 1.45794 3.78279 38.9491 0.70147 0.06122 3.26309 -0.37517 31.2279 0.1366 269900000000 85800000000
 0.4400   181804 0.4500   190832      1       -1       -1       -1  0 2.22433e+11 2.28800e+11 150.477000 17.880000 58.980000  1 0.3800 141.610000 26.06827 23.71109 32.88774 -79.800 115.140 71.470 4.275e+09 -3.795e+10 7.573e+09 0.01797 366819 366819 675149 2014 32 366762 366825 17.8796 228790000000 228790000000 209730000000 171590000000 9533000000 6.35135 0 0.01491 0.42658 0.20032 -5.09583 8.91979 17.2302 0.16153 0.0193 -7.81823 9.18491 12.7648 0.1408 228800000000 123900000000
 0.4300   172796 0.4400   181804      1       -1       -1       -1  0 2.09733e+11 2.09700e+11 146.460000 24.585000 58.720000  1 0.3800 130.490000 26.11498 23.64459 32.84549 -78.770 110.030 66.340 3.688e+10 -4.664e+10 3.115e+09 0.03088 366820 366820 675149 870 31 366762 366825 24.5848 209730000000 209730000000 209730000000 133460000000 0 6.57284 0 0.02663 0.10347 0.02063 -13.4605 21.5682 50.0456 0.10984 0.02803 -6.71559 15.6912 39.14 0.1558 201700000000 162100000000
 0.4200   163856 0.4300   172796      1       -1       -1       -1  0 1.84300e+11 1.90700e+11 142.147000 26.267000 53.170000  1 0.3800 125.890000 26.16225 23.57745 32.80304 -73.700 106.700 64.930 2.546e+10 -3.266e+10 6.835e+09 0.02511 366821 366821 675149 866 30 366762 366825 26.2667 190660000000 190660000000 190660000000 104860000000 9533000000 9.84068 0 0.02225 0.3748 0.2762 -13.0777 27.2185 38.6682 0.54368 0.05112 19.2535 14.6297 11.8493 0.1465 173700000000 143000000000
 0.4100   154988 0.4200   163856      1       -1       -1       -1  0 1.52533e+11 1.52500e+11 132.197000 15.163000 50.670000  1 0.3800 128.730000 26.21008 23.50969 32.76040 -67.970 103.970 58.390 -1.205e+10 -2.524e+10 -2.828e+09 0.02473 366822 366822 675149 846 29 366762 366825 15.1628 152530000000 142990000000 123930000000 114400000000 0 15.7547 3.58 0.02185 0.86257 0.46645 -14.1217 4.44731 27.6482 0.27409 0.12938 -2.70835 20.6314 -20.1487 0.1446 156900000000 66730000000
 0.4000   146245 0.4100   154988      1       -1       -1       -1  0 1.30267e+11 1.14400e+11 120.319000 13.256000 43.980000  1 0.3800 119.310000 26.25848 23.44132 32.71758 -63.240 99.350 61.100 1.113e+10 -4.779e+09 8.673e+09 0.02139 366823 366823 675149 817 28 366762 366825 13.2555 114400000000 114400000000 114400000000 104860000000 0 10.8038 0 0.01893 0.88322 0.5473 -19.2451 0.75641 29.6305 0.27859 0 44.1005 -6.51024 -6.9155 0.1288 135700000000 38130000000
 0.3900   137579 0.4000   146245      1       -1       -1       -1  0 1.17567e+11 1.23900e+11 123.781000 23.244000 40.290000  1 0.3800 112.610000 26.30743 23.37234 32.67458 -59.670 98.510 56.660 5.494e+09 -4.333e+09 2.575e+09 0.00871 366824 366824 675149 797 27 366762 366825 23.2435 123930000000 123930000000 123930000000 57198000000 0 17.4557 0 0.00839 0.50909 0.06393 -21.7518 10.3171 21.4454 0.62154 0.00075 -17.7679 8.8941 19.5473 0.128 123000000000 85800000000
 0.3800   129120 0.3900   137579      0       -1       -1       -1  0 1.14400e+11 1.14400e+11 120.717000 29.536000 37.700000  1 0.3800 107.300000 26.35694 23.30276 32.63142 -60.710 94.960 60.890 2.194e+10 -1.966e+10 1.279e+10 0.04052 366825 366825 675149 1776 26 366762 366825 29.5359 114400000000 114400000000 104860000000 47665000000 0 27.6841 5.66 0.04178 0.47585 0.03959 -14.5033 -3.85722 57.3996 0.54448 0.36783 21.5161 -13.3234 28.0296 0.131 114600000000 114400000000
