 1.0000   676722 0.0000       -1      1       -1       -1       -1  0 7.14967e+11 5.43400e+11 166.944000 11.508000 141.190000  1 0.2600 155.940000 14.47025 58.98063 31.03975 14.510 -94.920 -247.300 -8.579e+11 5.184e+10 6.433e+10 0.05820 282907 282907 676722 2237 88 282906 282981 11.5076 638710000000 810300000000 571980000000 505250000000 85797000000 14.0925 0.84 0.05678 0.95029 0.84125 17.1759 -6.09902 8.77872 0.84994 0.67518 19.6247 -3.62833 6.93449 0.5704 874600000000 181100000000
 0.9900   668561 1.0000   676722      1       -1       -1       -1  0 7.14967e+11 5.24300e+11 165.663000 10.367000 139.600000  1 0.2600 158.510000 14.47502 58.99413 31.06912 7.720 -97.200 -234.410 -6.912e+11 1.132e+10 9.017e+10 0.05178 282908 282908 676722 2214 87 282906 282981 10.3671 619640000000 800770000000 571980000000 486180000000 219260000000 8.41973 1.02 0.04889 0.87493 0.72825 18.2364 -10.7728 -0.64502 0.79278 0.5689 18.7336 -8.84189 0.74103 0.5538 871400000000 200200000000
 0.9800   660194 0.9900   668561      1       -1       -1       -1  0 7.14967e+11 5.43400e+11 168.349000 8.933000 149.950000  1 0.2600 168.280000 14.47990 59.00312 31.08861 -1.930 -110.120 -238.010 -8.402e+11 5.670e+10 7.320e+10 0.05995 282909 282909 676722 2218 86 282906 282981 8.93292 638710000000 848440000000 543380000000 448050000000 228790000000 7.73473 3.04 0.05602 0.90535 0.79964 16.1663 -13.0028 -4.98112 0.80068 0.71527 16.5255 -12.1616 -2.41893 0.5773 975500000000 162100000000
 0.9700   651868 0.9800   660194      1       -1       -1       -1  0 7.14967e+11 5.43400e+11 169.051000 9.060000 152.710000  1 0.2600 168.330000 14.48176 59.01654 31.11114 -8.840 -116.880 -232.080 -8.314e+11 5.901e+10 7.765e+10 0.06132 282910 282910 676722 2244 85 282906 282981 9.0598 676840000000 857970000000 524310000000 457580000000 266920000000 10.1701 2.85 0.05564 0.84643 0.77224 -4.4553 2.74485 15.0111 0.8548 0.83684 -6.73129 3.46589 12.0525 0.5713 966600000000 181100000000
 0.9600   643554 0.9700   651868      1       -1       -1       -1  0 7.14967e+11 5.52900e+11 170.739000 9.598000 152.240000  1 0.2600 167.610000 14.48216 59.02439 31.14948 -21.320 -126.000 -226.660 -5.885e+11 6.367e+09 6.884e+09 0.04073 282911 282911 676722 1213 84 282906 282981 9.59766 686380000000 829370000000 524310000000 448050000000 276460000000 2.34568 3.9 0.03813 0.89245 0.82763 -10.59 -0.95953 17.4579 0.87873 0.83399 14.736 1.50955 -12.0357 0.581 945500000000 200200000000
 0.9500   635257 0.9600   643554      1       -1       -1       -1  0 7.14967e+11 5.33800e+11 169.449000 8.308000 151.850000  1 0.2600 172.660000 14.49093 59.04297 31.16382 -26.270 -132.540 -219.250 -6.507e+11 3.642e+10 2.529e+10 0.05010 282912 282912 676722 2239 83 282906 282981 8.3084 676840000000 819840000000 505250000000 419450000000 305060000000 9.37111 4.03 0.04493 0.85315 0.62828 16.3329 -2.66401 -3.79875 0.76456 0.49208 16.7307 0.85219 -0.00895 0.5646 960300000000 171600000000
 0.9400   626971 0.9500   635257      1       -1       -1       -1  0 7.14967e+11 5.14800e+11 168.093000 11.516000 140.850000  1 0.2600 156.260000 14.51646 59.06638 31.19144 -34.960 -135.840 -217.300 -5.826e+11 1.366e+11 -1.858e+09 0.04600 282913 282913 676722 188 82 282906 282981 11.5156 638710000000 829370000000 524310000000 400390000000 247860000000 28.5608 4.13 0.04394 0.76257 0.5537 18.9125 1.86803 -3.98816 0.62844 0.50261 18.6355 2.35693 -0.30135 0.5643 722300000000 238300000000
 0.9300   618662 0.9400   626971      1       -1       -1       -1  0 7.14967e+11 5.24300e+11 169.813000 10.997000 134.020000  1 0.2600 160.080000 14.50077 59.07987 31.22309 -43.730 -144.830 -209.220 -5.803e+11 1.393e+11 -8.075e+09 0.04795 282914 282914 676722 3242 81 282906 282981 10.9965 638710000000 838900000000 524310000000 409920000000 238320000000 11.6839 3.97 0.04265 0.80178 0.57117 17.4462 -6.12485 -10.9427 0.64468 0.44751 17.3603 -7.131 -8.824 0.4997 754200000000 238300000000
 0.9200   610328 0.9300   618662      1       -1       -1       -1  0 7.14967e+11 5.24300e+11 170.501000 13.671000 126.440000  1 0.2600 152.140000 14.51681 59.08558 31.24721 -49.440 -153.300 -199.010 -5.203e+11 1.564e+11 -5.517e+10 0.04297 282915 282915 676722 2253 80 282906 282981 13.671 648240000000 838900000000 543380000000 381320000000 171590000000 17.373 3.96 0.03915 0.90691 0.82392 16.0412 -9.66726 -5.0647 0.8041 0.68051 16.0119 -6.88292 -2.09477 0.4816 652700000000 266900000000
 0.9100   601979 0.9200   610328      1       -1       -1       -1  0 7.14967e+11 5.33800e+11 172.218000 16.669000 116.530000  1 0.2600 146.940000 14.52338 59.10173 31.27073 -55.280 -160.700 -191.100 -5.291e+11 1.611e+11 -6.808e+10 0.04250 282916 282916 676722 2267 79 282906 282981 16.669 705440000000 800770000000 543380000000 362250000000 95330000000 19.9472 3.77 0.03891 0.91517 0.81648 24.6863 -12.5722 -5.04938 0.83985 0.6077 24.8852 -5.56527 -4.64241 0.4404 620900000000 286000000000
 0.9000   593628 0.9100   601979      1       -1       -1       -1  0 7.14967e+11 5.33800e+11 172.906000 18.958000 109.570000  1 0.2600 143.480000 14.52869 59.11701 31.28729 -60.890 -169.140 -182.360 -5.308e+11 1.765e+11 -7.302e+10 0.04314 282917 282917 676722 2295 78 282906 282981 18.958 762640000000 848440000000 533850000000 352720000000 142990000000 24.2189 3.58 0.03953 0.91437 0.73404 23.6062 -15.1013 -13.1242 0.62027 0.24936 29.3806 0.20762 -9.02713 0.4097 599400000000 314600000000
 0.8900   585228 0.9000   593628      1       -1       -1       -1  0 7.14967e+11 5.52900e+11 175.635000 23.635000 105.670000  1 0.2600 139.810000 14.53049 59.14252 31.31121 -61.600 -175.200 -175.010 -4.940e+11 1.877e+11 -7.616e+10 0.03914 282918 282918 676722 2267 77 282906 282981 23.6346 781710000000 886570000000 514780000000 362250000000 47665000000 19.1126 0.71 0.03542 0.91423 0.77429 7.45025 11.9397 20.4499 0.79755 0.52831 21.3708 3.3873 -4.21458 0.3778 588000000000 371800000000
 0.8800   576843 0.8900   585228      1       -1       -1       -1  0 7.14967e+11 5.43400e+11 175.308000 26.548000 103.230000  1 0.2600 136.550000 14.52132 59.17871 31.34699 -67.110 -186.400 -162.590 -6.019e+11 1.953e+11 -1.901e+11 0.04928 282919 282919 676722 3310 76 282906 282981 26.5478 800770000000 857970000000 552910000000 352720000000 133460000000 8.85945 3.94 0.04528 0.95825 0.87717 20.4533 -1.80929 -20.5927 0.86603 0.59249 17.9123 -6.91231 -14.2203 0.3738 568600000000 371800000000
 0.8700   568385 0.8800   576843      1       -1       -1       -1  0 7.14967e+11 5.43400e+11 175.994000 21.734000 104.220000  1 0.2600 142.400000 14.55078 59.19529 31.35275 -69.220 -194.180 -152.800 -5.429e+11 1.709e+11 -1.991e+11 0.04564 282920 282920 676722 2298 75 282906 282981 21.7344 734040000000 867500000000 552910000000 343190000000 190660000000 21.2793 0 0.04148 0.88018 0.79097 20.4129 8.11459 -4.15158 0.75909 0.45909 -8.6206 -8.15046 17.4325 0.3699 552100000000 295500000000
 0.8600   559926 0.8700   568385      1       -1       -1       -1  0 7.14967e+11 5.52900e+11 177.705000 20.320000 109.380000  1 0.2600 146.050000 14.55648 59.22659 31.37820 -80.440 -208.200 -140.800 -3.538e+11 1.405e+11 -1.646e+11 0.03125 282921 282921 676722 2313 74 282906 282981 20.3202 753110000000 838900000000 533850000000 390850000000 181130000000 16.2775 0 0.02782 0.75033 0.51416 22.8535 13.7831 -1.86786 0.6955 0.43161 18.7318 10.8598 -3.72885 0.3757 572500000000 276500000000
 0.8500   551500 0.8600   559926      1       -1       -1       -1  0 7.14967e+11 5.81500e+11 181.414000 18.898000 116.820000  1 0.2600 152.110000 14.56849 59.26970 31.40558 -83.430 -223.840 -126.370 -4.767e+11 3.451e+10 -1.990e+11 0.03501 282922 282922 676722 2292 73 282906 282981 18.8976 772170000000 848440000000 571980000000 400390000000 209730000000 10.8642 6.22 0.03205 0.83413 0.41107 9.98666 18.9701 7.69368 0.85682 0.3843 14.0381 11.8788 3.41209 0.4094 590700000000 276500000000
 0.8400   542984 0.8500   551500      1       -1       -1       -1  0 7.14967e+11 5.52900e+11 179.072000 20.684000 116.520000  1 0.2600 146.910000 14.55613 59.29202 31.42853 -87.900 -239.590 -117.590 -2.621e+11 2.076e+11 -6.823e+10 0.02468 282923 282923 676722 2324 72 282906 282981 20.6839 772170000000 838900000000 629180000000 343190000000 200190000000 18.922 4.64 0.02307 0.63014 0.33867 29.478 7.49595 -7.79561 0.54117 0.22613 25.8785 2.92519 -7.70474 0.4243 580000000000 305100000000
 0.8300   534472 0.8400   542984      1       -1       -1       -1  0 7.14967e+11 5.33800e+11 177.662000 19.451000 107.210000  1 0.2600 147.440000 14.59028 59.34481 31.45318 -92.240 -244.130 -105.330 -1.811e+11 1.770e+11 4.787e+10 0.02040 282924 282924 676722 208 71 282906 282981 19.4506 838900000000 934230000000 638710000000 371790000000 28599000000 14.1536 0 0.01855 0.81943 0.3912 -6.79411 24.2102 21.104 0.78163 0.38868 -13.5398 13.8657 17.6937 0.3742 571700000000 305100000000
 0.8200   525889 0.8300   534472      1       -1       -1       -1  0 7.14967e+11 5.72000e+11 182.479000 18.614000 115.390000  1 0.2600 153.850000 14.59026 59.36887 31.46299 -93.310 -258.360 -86.390 -1.182e+11 8.313e+10 -9.402e+10 0.01223 282925 282925 676722 2318 70 282906 282981 18.6141 791240000000 915170000000 667310000000 371790000000 114400000000 14.7119 0 0.01111 0.87581 0.66977 15.9526 -2.47365 -16.2707 0.63498 0.36002 -8.2205 2.03829 17.9344 0.3947 616200000000 305100000000
 0.8100   517245 0.8200   525889      1       -1       -1       -1  0 7.14967e+11 5.91000e+11 185.173000 24.745000 119.370000  1 0.2600 147.760000 14.60142 59.41030 31.47259 -87.030 -272.140 -71.190 -2.163e+11 1.479e+11 6.776e+10 0.01809 282926 282926 676722 2318 69 282906 282981 24.7452 762640000000 943770000000 657780000000 428980000000 162060000000 13.3448 8.27 0.01658 0.91771 0.69742 -13.3807 -4.02806 21.2557 0.74782 0.39649 -6.02421 1.60782 20.2106 0.408 618800000000 362300000000
 0.8000   508567 0.8100   517245      1       -1       -1       -1  0 7.14967e+11 5.81500e+11 184.854000 23.199000 120.400000  1 0.2600 149.420000 14.61177 59.45630 31.49756 -89.280 -277.750 -59.230 -1.841e+11 2.935e+11 -9.928e+10 0.02520 282927 282927 676722 2344 68 282906 282981 23.1989 743570000000 924700000000 619640000000 428980000000 181130000000 18.4208 1.17 0.02279 0.79174 0.61304 -9.66853 -9.40689 16.8632 0.54677 0.49689 -5.76612 -5.73472 14.4381 0.4066 651700000000 352700000000
 0.7900   499929 0.8000   508567      1       -1       -1       -1  0 7.14967e+11 6.19600e+11 189.501000 21.529000 129.660000  1 0.2600 156.430000 14.63265 59.50156 31.50402 -83.430 -288.400 -38.660 -6.626e+08 5.140e+11 1.969e+11 0.03444 282928 282928 676722 2343 67 282906 282981 21.5285 867500000000 953300000000 657780000000 409920000000 219260000000 12.3615 2.62 0.03145 0.7498 0.51813 -6.57665 -13.3578 17.2371 0.66527 0.37409 -2.06365 -11.3804 13.3379 0.4337 674600000000 324100000000
 0.7800   491289 0.7900   499929      1       -1       -1       -1  0 7.14967e+11 7.05400e+11 198.591000 25.846000 139.820000  1 0.2600 159.660000 14.65110 59.56072 31.50630 -71.160 -304.080 -21.120 4.613e+11 8.006e+11 -8.952e+10 0.04488 282929 282929 676722 2354 66 282906 282981 25.8463 857970000000 1096300000000 714970000000 495720000000 219260000000 8.63995 4.26 0.04292 0.70102 0.3521 -13.2681 -15.2553 20.7315 0.556 0.22739 -10.9805 -13.564 20.2536 0.4678 680600000000 419500000000
 0.7700   482602 0.7800   491289      1       -1       -1       -1  0 7.14967e+11 7.24500e+11 201.086000 21.546000 141.200000  1 0.2600 168.400000 14.65896 59.61103 31.51485 -67.440 -309.840 -4.480 4.433e+11 6.288e+11 -1.455e+11 0.03659 282930 282930 676722 2386 65 282906 282981 21.546 943770000000 1163000000000 800770000000 476650000000 228790000000 14.7625 0 0.03479 0.92463 0.77542 20.524 -5.33416 4.31971 0.86668 0.78395 -8.47123 -3.36041 14.867 0.4651 737300000000 390900000000
 0.7600   473904 0.7700   482602      1   473905   473905       -1  0 7.49933e+11 7.15000e+11 200.914000 20.578000 142.910000  1 0.2600 170.120000 14.67487 59.67039 31.51592 -67.290 -320.450 16.190 5.744e+11 6.722e+11 -2.068e+11 0.04334 282931 282931 676722 2383 64 282906 282981 20.578 1058200000000 1153500000000 810300000000 524310000000 305060000000 15.2794 1.35 0.04144 0.89337 0.73011 22.0301 -10.945 5.60379 0.7917 0.7463 -13.3045 -3.72424 15.1402 0.474 740900000000 390900000000
 0.7500   465180 0.7600   473904      1   465181   465181   473905  0 7.69000e+11 8.10300e+11 210.213000 22.351000 151.990000  1 0.2600 176.780000 14.68175 59.75067 31.49690 -59.550 -322.280 39.150 5.255e+11 6.309e+11 -1.121e+11 0.03102 282932 282932 676722 2373 63 282906 282981 22.3511 1410900000000 1410900000000 1001000000000 591050000000 247860000000 4.66241 3.09 0.03085 0.66964 0.54179 27.4176 -16.5138 16.7241 0.76803 0.53122 -17.7082 18.8441 -14.5909 0.5002 859100000000 467100000000
 0.7400   456384 0.7500   465180      1   456385   456385   465181  0 7.91233e+11 7.81700e+11 208.435000 17.639000 157.950000  1 0.2600 184.920000 14.70644 59.80831 31.50069 -46.960 -322.450 58.530 4.437e+11 6.473e+11 -2.126e+11 0.03556 282933 282933 676722 2375 62 282906 282981 17.6385 1439500000000 1439500000000 1020000000000 695910000000 381320000000 14.4851 2.5 0.0323 0.81154 0.73129 17.476 13.7203 4.06693 0.77949 0.44851 8.5336 16.4145 -5.41154 0.4788 931000000000 400400000000
 0.7300   447552 0.7400   456384      1   447553   447553   456385  0 7.62633e+11 7.81700e+11 209.156000 18.158000 157.210000  1 0.2600 184.730000 14.71840 59.87111 31.47331 -34.810 -318.980 79.470 4.974e+11 3.941e+11 -1.789e+11 0.03004 282934 282934 676722 2398 61 282906 282981 18.1581 1544300000000 1544300000000 1115400000000 724510000000 295520000000 17.0531 0 0.02632 0.78502 0.6722 19.6688 10.7679 -5.95717 0.66066 0.53367 16.1504 10.7081 -8.75219 0.4593 937800000000 390900000000
 0.7200   438688 0.7300   447552      1   438689   438689   447553  0 7.43567e+11 7.24500e+11 204.622000 19.920000 140.590000  1 0.2600 176.320000 14.72100 59.93320 31.46328 -4.920 -326.480 109.740 3.911e+11 4.427e+11 -6.006e+11 0.04401 282935 282935 676722 2397 60 282906 282981 19.9202 1420400000000 1420400000000 1258400000000 686380000000 314590000000 18.7132 0.71 0.03837 0.93344 0.83812 23.2569 1.93886 -7.39442 0.85947 0.6809 -3.67385 5.23161 21.4796 0.4162 793000000000 371800000000
 0.7100   429764 0.7200   438688      1   429765   429765   438689  0 7.21333e+11 7.24500e+11 205.313000 24.394000 130.580000  1 0.2600 169.840000 14.72627 60.01292 31.43748 15.280 -314.750 131.060 3.922e+11 4.630e+11 -6.027e+11 0.04408 282936 282936 676722 2437 59 282906 282981 24.3941 1449000000000 1449000000000 1153500000000 648240000000 276460000000 20.0569 0 0.03916 0.92105 0.7658 24.6841 -0.71605 12.9063 0.86369 0.61822 7.73832 3.16555 22.303 0.3899 734200000000 448100000000
 0.7000   420792 0.7100   429764      1   420793   420793   429765  0 7.27700e+11 7.15000e+11 205.092000 31.156000 120.350000  1 0.2600 162.280000 14.70653 60.07979 31.40322 33.330 -296.970 143.520 1.379e+11 5.537e+11 -3.788e+11 0.03626 282937 282937 676722 2449 58 282906 282981 31.1559 1468100000000 1468100000000 1163000000000 600580000000 209730000000 7.98799 0 0.03223 0.83922 0.65329 24.208 -3.20784 13.3491 0.88405 0.56093 18.7004 7.02886 7.9378 0.3533 708100000000 514800000000
 0.6900   411796 0.7000   420792      1   411797   411797   420793  0 7.37233e+11 7.43600e+11 208.476000 33.935000 123.490000  1 0.2600 163.400000 14.71430 60.13797 31.38017 35.880 -269.690 146.980 1.786e+10 5.026e+11 -3.080e+11 0.02868 282938 282938 676722 2443 57 282906 282981 33.9349 1163000000000 1220200000000 924700000000 562450000000 114400000000 11.3251 0 0.02615 0.74041 0.58705 24.1087 -9.68809 19.6073 0.84493 0.54417 11.861 4.21098 22.5262 0.3716 739300000000 543400000000
 0.6800   402780 0.6900   411796      1   402781   402781   411797  0 7.08633e+11 7.53100e+11 210.046000 38.781000 119.920000  1 0.2600 161.780000 14.69147 60.22522 31.33086 58.560 -248.240 156.670 -7.480e+10 2.508e+11 -6.775e+11 0.03428 282939 282939 676722 2433 56 282906 282981 38.7807 1058200000000 1096300000000 762640000000 514780000000 171590000000 11.9718 2.04 0.0317 0.47387 0.31157 8.31483 -10.8251 31.7063 0.4189 0.13853 6.24731 -8.62522 27.1121 0.3608 708700000000 581500000000
 0.6700   393793 0.6800   402780      1   393794   393794   402781  0 6.64133e+11 6.29200e+11 198.464000 25.092000 112.020000  1 0.2600 163.670000 14.66886 60.28575 31.28658 75.210 -239.760 159.560 -3.895e+11 3.326e+11 -1.832e+11 0.03752 282940 282940 676722 3545 55 282906 282981 25.0918 877040000000 972370000000 686380000000 495720000000 209730000000 12.5039 5.59 0.03223 0.61046 0.38595 0.43112 -7.34457 41.6935 0.56506 0.30453 2.13024 -6.65798 37.6546 0.3157 646100000000 400400000000
 0.6600   384848 0.6700   393793      1   384849   384849   393794  0 6.06933e+11 6.10100e+11 197.063000 19.331000 106.620000  1 0.2600 171.920000 14.64537 60.33932 31.25320 85.870 -220.400 158.320 -2.646e+11 5.086e+11 -2.569e+11 0.04767 282941 282941 676722 2452 54 282906 282981 19.3307 743570000000 877040000000 667310000000 428980000000 219260000000 7.48764 0 0.03941 0.74115 0.4034 -4.82396 -5.29757 35.9826 0.57723 0.3449 -3.1036 -5.29547 33.5235 0.2796 631000000000 333700000000
 0.6500   375802 0.6600   384848      1       -1       -1   384849  0 6.32333e+11 5.81500e+11 194.542000 21.461000 107.980000  1 0.2600 165.910000 14.60454 60.39614 31.21449 97.010 -201.450 156.880 -3.849e+11 3.076e+11 -2.610e+10 0.04043 282942 282942 676722 2493 53 282906 282981 21.461 743570000000 819840000000 600580000000 428980000000 181130000000 11.0118 3.13 0.03373 0.61466 0.29389 -13.986 -7.50761 30.9909 0.6959 0.28652 -5.89652 -2.35745 28.7073 0.2928 571200000000 324100000000
 0.6400   366719 0.6500   375802      1       -1       -1       -1  0 6.32333e+11 5.72000e+11 194.071000 22.432000 100.010000  1 0.2600 164.410000 14.58304 60.44357 31.16413 102.190 -182.870 152.680 -2.962e+11 4.661e+11 -1.572e+11 0.04902 282943 282943 676722 2463 52 282906 282981 22.4324 762640000000 829370000000 581510000000 381320000000 152530000000 13.3156 0 0.04061 0.74458 0.35085 -4.83003 -1.12608 27.5193 0.52615 0.14184 3.75374 0.58529 24.5781 0.2613 579600000000 352700000000
 0.6300   357607 0.6400   366719      1       -1       -1       -1  0 6.32333e+11 5.62500e+11 193.575000 25.344000 93.400000  1 0.2600 160.490000 14.57119 60.49883 31.11467 103.190 -165.830 147.480 -2.844e+11 4.224e+11 -2.731e+11 0.05184 282944 282944 676722 1333 51 282906 282981 25.3444 638710000000 657780000000 514780000000 362250000000 152530000000 14.0002 1.55 0.04229 0.88262 0.71394 -23.3765 -5.05329 20.8888 0.84056 0.55661 -10.7396 4.07341 25.6492 0.231 537500000000 362300000000
 0.6200   348515 0.6300   357607      1       -1       -1       -1  0 6.32333e+11 5.52900e+11 193.052000 30.424000 90.950000  1 0.2600 155.300000 14.53709 60.56639 31.08183 103.560 -152.430 139.590 -3.255e+11 3.703e+11 -2.484e+11 0.04972 282945 282945 676722 2446 50 282906 282981 30.4236 571980000000 610110000000 486180000000 352720000000 123930000000 15.194 0 0.04184 0.62028 0.50293 19.5364 15.6227 21.8519 0.46851 0.26994 10.8373 10.2047 24.9399 0.2324 522100000000 381300000000
 0.6100   339385 0.6200   348515      1       -1       -1       -1  0 6.32333e+11 5.14800e+11 189.064000 27.649000 86.460000  1 0.2600 154.670000 14.50400 60.60767 31.03936 100.830 -141.740 132.720 -3.523e+11 2.200e+11 -2.857e+11 0.05157 282946 282946 676722 2427 49 282906 282981 27.6494 514780000000 591050000000 457580000000 324120000000 28599000000 12.2749 0 0.04333 0.73211 0.38996 12.0667 13.7925 34.6778 0.45907 0.08287 4.02974 -0.54808 39.7315 0.2181 522000000000 333700000000
 0.6000   330238 0.6100   339385      1       -1       -1       -1  0 6.32333e+11 5.05200e+11 188.436000 30.179000 80.330000  1 0.2600 152.340000 14.47313 60.62793 30.99818 96.120 -131.260 124.890 -4.098e+11 2.017e+11 -3.180e+11 0.05934 282947 282947 676722 3450 48 282906 282981 30.1787 505250000000 524310000000 457580000000 343190000000 19066000000 7.88495 0 0.04969 0.63692 0.28799 12.4501 4.63196 42.3277 0.23486 0.06422 -3.387 -2.92747 49.0985 0.1924 512300000000 371800000000
 0.5900   321052 0.6000   330238      1       -1       -1       -1  0 6.32333e+11 5.24300e+11 191.322000 32.274000 77.340000  1 0.2600 153.990000 14.44458 60.67896 30.96050 93.880 -122.370 118.790 -4.034e+11 1.743e+11 -2.412e+11 0.04980 282948 282948 676722 1324 47 282906 282981 32.2742 524310000000 562450000000 428980000000 352720000000 0 6.61395 1.2 0.04237 0.73792 0.38318 25.1035 9.94784 38.6481 0.61451 0.06453 -0.36979 -12.2452 36.125 0.1789 509100000000 381300000000
 0.5800   311805 0.5900   321052      1       -1       -1       -1  0 6.32333e+11 5.52900e+11 195.285000 57.698000 79.140000  1 0.2600 147.510000 14.43166 60.71170 30.90351 93.910 -118.640 115.270 -4.710e+11 2.513e+11 -6.668e+10 0.04840 282949 282949 676722 2493 46 282906 282981 57.6979 552910000000 571980000000 495720000000 276460000000 28599000000 17.6328 0.74 0.04192 0.65129 0.55841 26.0404 7.75126 31.3815 0.8006 0.09082 13.5466 -8.86222 24.5671 0.1783 510800000000 619600000000
 0.5700   302582 0.5800   311805      1       -1       -1       -1  0 6.32333e+11 5.81500e+11 199.143000 50.476000 80.400000  1 0.2600 153.220000 14.37517 60.75962 30.88075 90.900 -113.410 111.190 -3.941e+11 3.234e+11 -2.144e+10 0.04233 282950 282950 676722 2778 45 282906 282981 50.4758 581510000000 581510000000 495720000000 343190000000 0 16.5034 1.42 0.03682 0.63486 0.45287 13.7012 -1.14599 50.9807 0.07543 0.00214 -11.4182 -16.1346 55.7501 0.1781 500500000000 581500000000
 0.5600   293325 0.5700   302582      1       -1       -1       -1  0 6.32333e+11 5.62500e+11 197.475000 45.729000 83.670000  1 0.2600 154.190000 14.33459 60.81742 30.80684 87.780 -110.150 106.140 -3.669e+11 3.564e+11 4.904e+07 0.04493 282951 282951 676722 2786 44 282906 282981 45.7285 562450000000 591050000000 448050000000 333650000000 76264000000 36.6863 3.15 0.03932 0.81116 0.60684 -0.99825 -9.73003 36.3377 0.98269 0.57237 27.7085 4.3394 2.48413 0.1927 515100000000 495700000000
 0.5500   284073 0.5600   293325      1       -1       -1       -1  0 6.32333e+11 5.91000e+11 201.299000 39.563000 83.480000  1 0.2600 161.330000 14.31483 60.83657 30.78874 85.490 -104.170 102.290 -4.550e+11 3.110e+11 5.882e+10 0.04683 282952 282952 676722 2745 43 282906 282981 39.5633 591050000000 591050000000 543380000000 333650000000 66731000000 17.2662 0 0.03952 0.63778 0.23014 14.1821 -12.1693 48.017 0.67078 0.2822 14.4245 2.52388 29.054 0.1747 525200000000 495700000000
 0.5400   274850 0.5500   284073      1       -1       -1       -1  0 6.32333e+11 5.91000e+11 201.822000 39.825000 88.140000  1 0.2600 162.510000 14.28682 60.87276 30.75381 84.050 -99.470 99.110 -4.507e+11 2.577e+11 8.529e+10 0.04519 282953 282953 676722 2744 42 282906 282981 39.8249 591050000000 591050000000 562450000000 371790000000 85797000000 9.53371 0 0.03781 0.3914 0.25931 20.9615 -17.6936 47.8409 0.27512 0.10206 24.6774 -23.2285 42.6029 0.1866 559900000000 514800000000
 0.5300   265606 0.5400   274850      1       -1       -1       -1  0 6.32333e+11 6.00600e+11 203.417000 35.249000 92.770000  1 0.2600 167.920000 14.24610 60.92701 30.69760 82.120 -96.830 95.280 -3.769e+11 3.459e+11 8.957e+10 0.04460 282954 282954 676722 2760 41 282906 282981 35.249 600580000000 610110000000 543380000000 324120000000 152530000000 22.0493 1.91 0.03664 0.62368 0.37645 9.7788 -12.5608 27.5418 0.9174 0.53068 8.36613 0.99777 19.1763 0.1936 538600000000 429000000000
 0.5200   256373 0.5300   265606      1       -1       -1       -1  0 6.32333e+11 6.10100e+11 204.997000 41.630000 89.240000  1 0.2600 166.290000 14.21358 60.96200 30.65334 79.520 -93.620 89.810 -4.540e+11 2.377e+11 4.950e+10 0.04282 282955 282955 676722 8147 40 282906 282981 41.6301 610110000000 648240000000 543380000000 314590000000 171590000000 24.2541 0 0.03567 0.53042 0.28039 22.0876 -11.6011 33.0151 0.73555 0.50836 18.5015 2.40335 17.4711 0.1842 546700000000 505200000000
 0.5100   247108 0.5200   256373      1       -1       -1       -1  0 6.32333e+11 6.48200e+11 209.690000 70.278000 86.380000  1 0.2600 162.980000 14.16377 60.99855 30.59930 73.550 -88.610 87.460 -2.070e+11 3.862e+11 1.602e+11 0.03268 282956 282956 676722 1590 39 282906 282981 70.2775 657780000000 676840000000 552910000000 266920000000 66731000000 38.0504 0 0.02947 0.33777 0.23519 43.194 3.61316 25.0219 0.45572 0.15587 19.552 7.95465 12.9128 0.1919 560300000000 753100000000
 0.5000   237936 0.5100   247108      1       -1       -1       -1  0 6.22800e+11 6.38700e+11 209.152000 55.927000 85.830000  1 0.2600 166.420000 14.16919 61.04737 30.57356 74.540 -88.110 82.840 -2.683e+11 2.557e+11 1.708e+11 0.03156 282957 282957 676722 8081 38 282906 282981 55.9274 648240000000 648240000000 543380000000 324120000000 133460000000 28.2731 0 0.02666 0.58244 0.38385 25.3848 -6.51469 20.2828 0.46776 0.29269 18.9854 1.47087 12.9041 0.1675 556100000000 676800000000
 0.4900   228755 0.5000   237936      1       -1       -1       -1  0 6.06933e+11 5.81500e+11 203.182000 30.237000 85.480000  1 0.2600 176.380000 14.16908 61.07578 30.55526 70.280 -86.480 79.400 -2.973e+11 1.661e+11 1.348e+11 0.03516 282958 282958 676722 1557 37 282906 282981 30.2372 581510000000 581510000000 552910000000 409920000000 123930000000 23.478 0 0.02822 0.79043 0.39174 14.8462 -18.3244 26.462 0.86089 0.18712 17.6717 -13.3107 21.7004 0.1569 523300000000 409900000000
 0.4800   219608 0.4900   228755      1       -1       -1       -1  0 6.03733e+11 6.00600e+11 205.842000 39.534000 86.700000  1 0.2600 172.710000 14.10574 61.09817 30.51656 69.850 -82.080 75.880 -2.139e+11 1.233e+11 1.984e+11 0.02843 282959 282959 676722 2680 36 282906 282981 39.5337 600580000000 600580000000 543380000000 324120000000 114400000000 23.5852 0 0.02334 0.89945 0.45201 28.1109 14.0845 -7.18598 0.4654 0.27054 20.5038 21.2196 -16.2696 0.1641 538200000000 505200000000
 0.4700   210466 0.4800   219608      1       -1       -1       -1  0 6.03733e+11 6.19600e+11 208.454000 46.667000 81.860000  1 0.2600 172.630000 14.05913 61.15200 30.47278 66.860 -79.010 72.840 -3.052e+11 1.003e+11 1.563e+11 0.02961 282960 282960 676722 1543 35 282906 282981 46.6674 619640000000 619640000000 571980000000 343190000000 0 19.8665 0.47 0.02523 0.67316 0.33655 56.0457 -4.87403 14.5381 0.02143 0 -30.9873 -37.1325 39.7837 0.154 520100000000 562400000000
 0.4600   201360 0.4700   210466      1       -1       -1       -1  0 5.94200e+11 5.91000e+11 205.634000 46.379000 78.110000  1 0.2600 171.430000 14.02536 61.19014 30.43495 63.190 -75.270 71.210 -3.151e+11 1.428e+11 1.045e+11 0.03202 282961 282961 676722 2668 34 282906 282981 46.3786 591050000000 591050000000 552910000000 371790000000 0 24.3783 0 0.02788 0.48986 0.16222 59.5056 -9.98916 18.5552 0.3915 0.16863 56.1558 1.04119 32.4575 0.1508 524500000000 552900000000
 0.4500   192328 0.4600   201360      1       -1       -1       -1  0 5.65600e+11 5.72000e+11 203.820000 46.809000 73.470000  1 0.2600 170.900000 14.02332 61.24021 30.42431 61.360 -69.910 67.680 -2.180e+11 1.221e+11 1.148e+11 0.02607 282962 282962 676722 2648 33 282906 282981 46.8087 571980000000 571980000000 514780000000 324120000000 0 13.9562 0 0.02263 0.39709 0.3681 60.1136 0.62546 27.4122 0.54574 0.52244 39.1653 -0.79927 29.1542 0.1381 494700000000 514800000000
 0.4400   183288 0.4500   192328      1       -1       -1       -1  0 5.17967e+11 5.33800e+11 199.586000 67.960000 72.980000  1 0.2600 163.070000 13.95312 61.26030 30.36540 59.890 -62.530 64.490 -3.777e+11 6.589e+10 -4.661e+10 0.04122 282963 282963 676722 2632 32 282906 282981 67.9602 533850000000 505250000000 476650000000 209730000000 66731000000 22.8089 1.45 0.03602 0.31131 0.17997 23.6634 -5.46202 17.0295 0.43247 0.25259 13.7656 -8.61087 7.67437 0.1402 487100000000 667300000000
 0.4300   174276 0.4400   183288      1       -1       -1       -1  0 4.44867e+11 4.48100e+11 188.630000 30.535000 78.210000  1 0.2600 169.060000 13.95974 61.32054 30.36078 57.500 -56.790 57.710 -1.987e+11 1.104e+11 8.551e+10 0.03718 282964 282964 676722 2636 31 282906 282981 30.5353 448050000000 448050000000 390850000000 295520000000 114400000000 12.1608 0 0.03066 0.35509 0.22159 33.0687 -6.88324 34.4589 0.34128 0.18861 29.5283 -1.50022 30.7039 0.1515 433100000000 305100000000
 0.4200   165327 0.4300   174276      1       -1       -1       -1  0 3.94033e+11 3.52700e+11 174.500000 19.123000 73.580000  1 0.2600 169.960000 13.93865 61.32157 30.36904 51.680 -50.700 50.120 -9.890e+10 5.592e+10 1.370e+11 0.04272 282965 282965 676722 2639 30 282906 282981 19.1234 352720000000 343190000000 314590000000 276460000000 95330000000 15.8675 1.38 0.03384 0.60396 0.29835 27.3351 -22.5095 26.4126 0.78783 0.3293 26.182 -10.8392 15.7045 0.1428 357000000000 190700000000
 0.4100   156466 0.4200   165327      1       -1       -1       -1  0 3.46367e+11 3.81300e+11 179.419000 31.632000 69.570000  1 0.2600 161.540000 13.87096 61.36521 30.31751 56.290 -48.550 49.230 -1.096e+11 7.395e+10 1.107e+11 0.03444 282966 282966 676722 2580 29 282906 282981 31.6324 381320000000 362250000000 333650000000 200190000000 28599000000 26.2776 2.32 0.02911 0.84221 0.27472 11.0397 32.7175 2.96509 0.74506 0.1293 18.6432 25.5002 3.11676 0.1398 354100000000 266900000000
 0.4000   147703 0.4100   156466      1       -1       -1       -1  0 3.17767e+11 3.05100e+11 166.849000 32.258000 63.530000  1 0.2600 149.620000 13.84618 61.40951 30.22702 56.560 -47.960 53.560 -1.338e+11 4.435e+09 1.506e+10 0.03861 282967 282967 676722 2568 28 282906 282981 32.2582 305060000000 285990000000 266920000000 190660000000 0 30.6746 1.93 0.03336 0.45035 0.32252 -11.5304 18.4177 37.3194 0.86273 0.23605 30.1855 43.7877 -6.66404 0.1364 346400000000 266900000000
 0.3900   139037 0.4000   147703      1       -1       -1       -1  0 2.73300e+11 2.66900e+11 159.855000 14.480000 64.630000  1 0.2600 167.260000 13.76526 61.47412 30.20490 59.510 -46.450 54.570 -1.132e+11 -9.149e+09 5.322e+10 0.05040 282968 282968 676722 2510 27 282906 282981 14.4796 266920000000 266920000000 257390000000 181130000000 104860000000 26.0701 0 0.03926 0.26353 0.1567 1.40442 30.7668 -1.96595 0.14569 0.0166 2.23081 26.0656 -3.1198 0.1233 317900000000 104900000000
 0.3800   130573 0.3900   139037      1       -1       -1       -1  0 2.44700e+11 2.47900e+11 156.207000 22.545000 58.630000  1 0.2600 149.950000 13.68482 61.45668 30.15422 55.230 -46.670 59.270 -6.011e+10 -4.335e+08 -4.504e+10 0.03105 282969 282969 676722 392 26 282906 282981 22.5454 247860000000 247860000000 247860000000 85797000000 0 22.4081 0 0.02694 0.12381 0.02676 35.2619 46.8822 -14.8837 0.25285 0.00103 11.364 27.0714 -9.34095 0.1219 290100000000 133500000000
 0.3700   122085 0.3800   130573      1       -1       -1       -1  0 2.28833e+11 2.19300e+11 150.185000 24.954000 53.640000  1 0.2600 142.280000 13.64840 61.54685 30.08567 60.040 -44.330 58.650 -2.869e+10 -6.178e+09 -7.279e+10 0.04186 282970 282970 676722 2481 25 282906 282981 24.9536 219260000000 200190000000 200190000000 133460000000 47665000000 37.6491 6.45 0.03496 0.32566 0.11477 -5.55249 29.6438 8.7704 0.10693 0.00995 -5.53818 30.4742 1.63142 0.1054 242300000000 143000000000
 0.3600   113667 0.3700   122085      1       -1       -1       -1  0 2.24067e+11 2.19300e+11 150.408000 21.004000 54.360000  1 0.2600 148.560000 13.59436 61.56367 30.05814 48.920 -46.600 57.210 -1.450e+10 1.060e+10 -6.863e+10 0.03838 282971 282971 676722 2413 24 282906 282981 21.004 219260000000 219260000000 219260000000 114400000000 66731000000 20.4325 0 0.03202 0.78863 0.2961 9.27047 36.3899 -6.71701 0.63669 0.25448 -8.45734 -0.67853 32.8266 0.106 239600000000 114400000000
 0.3500   105395 0.3600   113667      1       -1       -1       -1  0 2.24067e+11 1.90700e+11 143.766000 26.085000 45.610000  1 0.2600 137.510000 13.53739 61.60199 30.00027 48.540 -49.920 53.150 5.676e+09 6.465e+09 -4.432e+10 0.03123 282972 282972 676722 2345 23 282906 282981 26.0852 190660000000 190660000000 190660000000 95330000000 57198000000 18.0129 0 0.02607 0.43698 0.24215 10.6115 43.5629 1.75772 0.84747 0.50738 3.33429 24.9705 0.86863 0.0783 229100000000 152500000000
 0.3400    97307 0.3500   105395      1       -1       -1       -1  0 2.24067e+11 2.19300e+11 150.827000 40.372000 48.980000  1 0.2600 139.230000 13.49398 61.65572 29.94444 49.810 -39.220 53.310 1.688e+10 -3.165e+09 -4.854e+10 0.02809 282973 282973 676722 2311 22 282906 282981 40.3719 219260000000 190660000000 181130000000 133460000000 38132000000 26.738 4.97 0.02388 0.41954 0.17744 3.67802 25.3657 -1.06303 0.48918 0.03589 3.15495 13.9979 -5.27025 0.0832 202900000000 228800000000
 0.3300    89467 0.3400    97307      1       -1       -1       -1  0 2.24067e+11 2.28800e+11 153.179000 19.274000 50.720000  1 0.2600 160.220000 13.43959 61.69698 29.89443 47.400 -36.560 53.390 -7.120e+09 2.405e+10 4.022e+09 0.01368 282974 282974 676722 2262 21 282906 282981 19.2742 228790000000 200190000000 190660000000 162060000000 19066000000 21.4195 5.05 0.01113 0.47085 0.28694 -0.84518 37.1504 -4.64995 0.12272 0.04777 -4.08532 32.6038 -9.57755 0.072 215300000000 133500000000
 0.3200    81755 0.3300    89467      1       -1       -1       -1  1 2.24067e+11 2.24100e+11 152.286000 14.236000 56.220000  1 0.2600 178.200000 13.42488 61.70833 29.87786 47.400 -36.560 53.390 -7.854e+09 2.310e+10 4.407e+09 0.01520 282975 282975 676722 7046 20 282906 282981 15.8332 224025000000 209725000000 204960000000 176360000000 71498000000 15.8319 2.525 0.01144 0.52094 0.28235 3.81705 35.9562 -1.43507 0.38752 0.13701 -3.4615 31.0489 -9.18003 0.077 244750000000 100115000000
 0.3100    74295 0.3200    81755      1       -1       -1       -1  0 2.20900e+11 2.19300e+11 151.382000 9.198000 60.810000  1 0.2600 193.140000 13.35207 61.76047 29.80326 43.420 -35.120 48.930 -8.588e+09 2.216e+10 4.792e+09 0.01672 282976 282976 676722 2258 19 282906 282981 9.19842 219260000000 219260000000 219260000000 190660000000 123930000000 10.2443 0 0.01175 0.57103 0.27776 8.47928 34.7619 1.77981 0.65232 0.22625 -2.83767 29.4939 -8.78251 0.082 274200000000 66730000000
 0.3000    67066 0.3100    74295      1       -1       -1       -1  0 2.16100e+11 2.19300e+11 151.549000 19.512000 50.670000  1 0.2600 164.640000 13.31485 61.79322 29.74824 38.590 -32.700 44.520 3.923e+09 3.966e+10 3.906e+09 0.02530 282977 282977 676722 2284 18 282906 282981 19.512 219260000000 219260000000 219260000000 181130000000 38132000000 12.0373 0 0.01972 0.49803 0.3223 -14.385 35.4487 -8.84475 0.35978 0.29978 -19.6675 27.1077 -8.907 0.0744 218900000000 143000000000
 0.2900    60089 0.3000    67066      1       -1       -1       -1  0 1.97033e+11 2.09700e+11 149.474000 26.608000 44.160000  1 0.2600 155.830000 13.27356 61.82966 29.70256 36.100 -33.920 42.160 -1.122e+10 3.621e+10 -3.919e+09 0.02355 282978 282978 676722 2172 17 282906 282981 26.6081 209730000000 209730000000 200190000000 133460000000 9533000000 5.66677 0 0.02055 0.4044 0.04233 -4.61032 17.0864 -5.22929 0.36112 0.03893 -2.06557 16.7587 -5.2236 0.0783 178900000000 133500000000
 0.2800    53434 0.2900    60089      1       -1       -1       -1  0 1.33467e+11 1.62100e+11 137.298000 39.128000 40.170000  1 0.2600 137.480000 13.25875 61.86305 29.68536 31.860 -39.010 32.350 -4.674e+09 1.428e+10 2.488e+09 0.01260 282979 282979 676722 1994 16 282906 282981 39.128 162060000000 162060000000 152530000000 9533000000 0 49.9902 0 0.01284 0.25883 0.00356 61.1541 1.57977 30.2067 0 0 0 0 0 0.0959 144600000000 171600000000
 0.2700    47101 0.2800    53434      1       -1       -1       -1  0 8.26333e+10 2.86000e+10 77.082000 5.482000 6.210000  1 0.2600 100.520000 13.21706 61.89958 29.63575 29.560 -27.970 32.040 -5.960e+08 -6.500e+08 3.225e+09 0.02340 282980 282980 676722 515 15 282906 282981 5.48207 28599000000 28599000000 28599000000 9533000000 9533000000 39.7664 18.43 0.05166 0 0 0 0 0 0 0 0 0 0 0.1853 122700000000 9533000000
 0.2600    41112 0.2700    47101      0       -1       -1       -1  0 5.72000e+10 5.72000e+10 97.200000 30.536000 29.820000  1 0.2600 99.990000 13.15705 61.93219 29.57781 37.300 -36.680 30.400 -6.602e+09 -1.202e+10 1.273e+10 0.07385 282981 282981 676722 1235 14 282906 282981 30.5364 57198000000 47665000000 38132000000 0 0 53.1475 19.03 0.09276 0.54255 0.04799 3.56918 49.4596 45.2238 0 0 0 0 0 0.1385 113800000000 66730000000
