 1.0000   680832 0.0000       -1      1       -1       -1       -1  0 4.67100e+11 4.67100e+11 158.737000 10.617000 130.040000  1 0.4000 149.440000 47.12477 36.57540 16.38350 185.190 -78.180 178.990 4.688e+10 1.387e+10 -3.709e+11 0.02878 308312 308312 680832 6347 88 308311 308372 10.6165 467120000000 486180000000 362250000000 295520000000 200190000000 18.8675 0 0.03171 0.92474 0.55143 -4.4504 18.8496 4.22569 0.94631 0.41456 -2.86477 16.9907 3.57305 0.6175 621400000000 209700000000
 0.9900   672716 1.0000   680832      1       -1       -1       -1  0 4.60767e+11 4.57600e+11 158.313000 12.601000 127.370000  1 0.4000 142.450000 47.09819 36.58747 16.36395 182.230 -78.770 174.080 -1.069e+11 1.186e+11 -3.269e+11 0.02967 308313 308313 680832 6336 87 308311 308372 12.6013 457580000000 495720000000 371790000000 285990000000 181130000000 13.8354 0 0.03201 0.94427 0.63397 11.9807 12.0636 8.68975 0.84851 0.56616 -6.97694 13.4888 -4.43964 0.6006 571600000000 219300000000
 0.9800   664284 0.9900   672716      1       -1       -1       -1  0 4.54433e+11 4.57600e+11 158.977000 13.376000 124.160000  1 0.4000 140.970000 47.07549 36.59494 16.34461 179.940 -79.640 176.710 1.124e+11 1.088e+10 -3.298e+11 0.02878 308314 308314 680832 6346 86 308311 308372 13.376 457580000000 495720000000 362250000000 276460000000 181130000000 15.0577 0 0.03076 0.90601 0.59368 18.9215 -1.02403 3.56634 0.86174 0.56782 -9.92959 11.1242 -4.21404 0.5822 571400000000 219300000000
 0.9700   655897 0.9800   664284      1       -1       -1       -1  0 4.44900e+11 4.48100e+11 158.523000 13.817000 122.230000  1 0.4000 139.230000 47.06356 36.58533 16.32442 173.250 -79.150 175.150 -7.550e+10 6.253e+10 -3.784e+11 0.03254 308315 308315 680832 5359 85 308311 308372 13.8171 448050000000 486180000000 343190000000 276460000000 133460000000 25.7695 2.32 0.03584 0.82406 0.48887 -0.37746 15.7283 8.67841 0.64573 0.45177 -1.36705 12.4271 6.19073 0.5917 514800000000 200200000000
 0.9600   647557 0.9700   655897      1       -1       -1       -1  0 4.32167e+11 4.29000e+11 156.889000 12.445000 122.250000  1 0.4000 140.810000 47.04367 36.61103 16.29940 173.110 -78.450 176.060 1.915e+10 -5.538e+08 -4.262e+11 0.04031 308316 308316 680832 6512 84 308311 308372 12.445 428980000000 486180000000 371790000000 247860000000 142990000000 16.9804 0 0.04219 0.93949 0.79443 -12.4778 12.7424 1.50486 0.54645 0.37221 -2.51122 15.7505 -3.88003 0.5716 553800000000 209700000000
 0.9500   639229 0.9600   647557      1       -1       -1       -1  0 4.25800e+11 4.19400e+11 156.360000 20.523000 119.450000  1 0.4000 125.520000 47.05037 36.64043 16.29662 171.890 -76.400 170.810 1.520e+11 8.607e+10 -4.755e+11 0.04366 308317 308317 680832 6492 83 308311 308372 20.5231 419450000000 476650000000 352720000000 276460000000 19066000000 21.0454 0 0.05216 0.52464 0.46184 22.2062 23.2165 9.43323 0.51742 0.22485 20.2851 20.6272 11.6877 0.6256 469000000000 276500000000
 0.9400   630915 0.9500   639229      1       -1       -1       -1  0 4.22600e+11 4.29000e+11 158.182000 16.459000 115.010000  1 0.4000 133.070000 47.00819 36.62309 16.26499 170.070 -74.100 170.960 -6.591e+10 1.137e+11 -5.570e+11 0.05551 308318 308318 680832 6508 82 308311 308372 16.4594 428980000000 476650000000 352720000000 247860000000 142990000000 16.6426 1.46 0.05695 0.77286 0.64682 13.4545 17.6246 5.29076 0.88576 0.22562 8.98226 9.82781 13.4236 0.529 457800000000 228800000000
 0.9300   622588 0.9400   630915      1       -1       -1       -1  0 4.19433e+11 4.19400e+11 157.641000 14.301000 111.300000  1 0.4000 136.680000 46.98857 36.63446 16.24577 168.300 -72.880 168.740 -9.223e+10 1.436e+11 -5.371e+11 0.05753 308319 308319 680832 6539 81 308311 308372 14.3007 419450000000 467120000000 343190000000 257390000000 152530000000 12.0445 0 0.05842 0.54281 0.37554 4.17222 20.4402 -18.6683 0.57595 0.36748 -0.52123 17.996 -17.4139 0.5102 459200000000 181100000000
 0.9200   614242 0.9300   622588      1       -1       -1       -1  0 4.09900e+11 4.09900e+11 157.071000 18.755000 107.520000  1 0.4000 128.180000 46.97025 36.64691 16.22825 166.830 -71.920 163.500 2.693e+10 8.669e+10 -5.506e+11 0.06073 308320 308320 680832 6541 80 308311 308372 18.7553 409920000000 467120000000 333650000000 266920000000 114400000000 11.122 0 0.0603 0.85827 0.63531 3.85491 19.305 -18.0146 0.8665 0.45023 5.19193 22.0243 -1.08988 0.4839 438000000000 238300000000
 0.9100   605873 0.9200   614242      1       -1       -1       -1  0 4.00367e+11 4.00400e+11 156.470000 21.882000 107.010000  1 0.4000 123.760000 46.95496 36.67237 16.22168 167.940 -71.890 159.410 1.150e+11 1.132e+11 -4.453e+11 0.05140 308321 308321 680832 6556 79 308311 308372 21.8822 400390000000 467120000000 333650000000 238320000000 76264000000 10.3776 0 0.05342 0.83371 0.48397 5.76748 17.0409 22.1671 0.30415 0.15176 3.55026 26.7918 14.1115 0.5073 445400000000 266900000000
 0.9000   597498 0.9100   605873      1       -1       -1       -1  0 3.90833e+11 3.90800e+11 155.839000 15.820000 108.500000  1 0.4000 131.500000 46.92331 36.67051 16.19876 165.660 -72.640 156.850 -5.262e+10 8.416e+10 -5.058e+11 0.06116 308322 308322 680832 6547 78 308311 308372 15.8203 390850000000 457580000000 333650000000 228790000000 66731000000 7.16531 3.21 0.06073 0.86107 0.40037 5.43643 -2.41178 19.2613 0.74479 0.27323 4.81356 -7.08321 14.9636 0.4905 418800000000 209700000000
 0.8900   589086 0.9000   597498      1       -1       -1       -1  0 3.84467e+11 3.81300e+11 155.175000 14.796000 108.140000  1 0.4000 132.740000 46.90442 36.67759 16.17835 161.470 -75.300 157.220 -1.955e+10 1.482e+11 -4.727e+11 0.06184 308323 308323 680832 6598 77 308311 308372 14.7956 381320000000 448050000000 324120000000 228790000000 114400000000 8.21459 0 0.06109 0.63694 0.32955 11.9931 -10.2702 24.1138 0.69736 0.22638 13.0826 -10.0065 18.8138 0.4883 422000000000 200200000000
 0.8800   580701 0.8900   589086      1       -1       -1       -1  0 3.84467e+11 3.81300e+11 155.786000 18.935000 103.960000  1 0.4000 126.470000 46.87259 36.69229 16.15613 159.600 -75.360 154.930 -1.776e+10 1.459e+11 -4.681e+11 0.06255 308324 308324 680832 6580 76 308311 308372 18.935 381320000000 428980000000 352720000000 247860000000 104860000000 3.43711 0 0.06067 0.75264 0.55593 -9.66305 22.9572 -7.9057 0.74411 0.42161 -12.4397 17.3986 -6.25198 0.4593 420500000000 247900000000
 0.8700   572228 0.8800   580701      1       -1       -1       -1  0 3.74933e+11 3.90800e+11 157.689000 19.183000 100.130000  1 0.4000 127.970000 46.85012 36.71408 16.12667 156.040 -76.090 153.350 1.073e+11 5.697e+10 -4.907e+11 0.06150 308325 308325 680832 5651 75 308311 308372 19.1835 390850000000 419450000000 295520000000 257390000000 104860000000 14.0081 4.74 0.06023 0.616 0.37648 -8.37428 28.7944 -10.4159 0.83941 0.30442 -8.9448 22.437 -4.80143 0.4424 426000000000 238300000000
 0.8600   563771 0.8700   572228      1       -1       -1       -1  0 3.65400e+11 3.52700e+11 152.976000 18.626000 97.180000  1 0.4000 124.120000 46.82650 36.72660 16.10523 155.610 -76.730 152.470 5.663e+10 1.294e+11 -5.347e+11 0.08243 308326 308326 680832 6706 74 308311 308372 18.6263 352720000000 438520000000 324120000000 257390000000 104860000000 14.2295 0 0.07848 0.72637 0.36606 -5.72133 26.9384 -15.2949 0.61333 0.09973 -1.46048 25.244 -16.8528 0.4242 400900000000 219300000000
 0.8500   555336 0.8600   563771      1       -1       -1       -1  0 3.59100e+11 3.52700e+11 153.566000 16.998000 96.090000  1 0.4000 127.090000 46.80973 36.73383 16.08865 157.090 -77.380 152.770 6.025e+10 1.542e+11 -5.299e+11 0.08260 308327 308327 680832 6658 73 308311 308372 16.9976 352720000000 428980000000 324120000000 209730000000 19066000000 5.99556 0 0.07908 0.94431 0.4497 -1.40006 26.198 -13.2247 0.94304 0.34517 -8.26665 18.9167 -13.6089 0.4181 379600000000 200200000000
 0.8400   546837 0.8500   555336      1       -1       -1       -1  0 3.59100e+11 3.62300e+11 155.530000 19.880000 95.410000  1 0.4000 125.020000 46.78815 36.74816 16.06612 157.610 -75.780 150.770 5.629e+10 1.814e+11 -5.945e+11 0.08901 308328 308328 680832 6759 72 308311 308372 19.88 362250000000 428980000000 324120000000 219260000000 47665000000 5.30553 0 0.08538 0.84451 0.42492 28.5177 11.8955 -1.39701 0.90449 0.28358 24.2654 3.78219 4.18491 0.4086 384300000000 209700000000
 0.8300   538318 0.8400   546837      1       -1       -1       -1  0 3.59100e+11 3.62300e+11 156.120000 19.598000 93.980000  1 0.4000 125.980000 46.76412 36.76262 16.04405 154.560 -77.740 146.220 2.018e+11 1.771e+11 -6.769e+11 0.10648 308329 308329 680832 6724 71 308311 308372 19.5975 362250000000 400390000000 333650000000 219260000000 28599000000 7.12915 1.18 0.10004 0.82485 0.54106 25.4634 11.1221 -2.80581 0.93998 0.55755 -1.62983 18.6466 -10.6338 0.3895 375100000000 209700000000
 0.8200   529725 0.8300   538318      1       -1       -1       -1  0 3.52733e+11 3.52700e+11 155.321000 15.412000 97.240000  1 0.4000 131.750000 46.73592 36.76498 16.01962 152.020 -78.520 142.530 1.579e+11 1.732e+11 -6.579e+11 0.10568 308330 308330 680832 5759 70 308311 308372 15.4124 352720000000 390850000000 305060000000 228790000000 19066000000 5.45788 0 0.10072 0.7583 0.5409 -3.90613 27.8085 -8.77107 0.42481 0.23703 -6.29741 23.4271 -8.52396 0.4155 402300000000 190700000000
 0.8100   521077 0.8200   529725      1       -1       -1       -1  0 3.52733e+11 3.43200e+11 154.483000 14.155000 99.810000  1 0.4000 133.510000 46.70698 36.77986 15.99577 152.330 -75.720 143.250 1.685e+11 1.132e+11 -6.128e+11 0.10558 308331 308331 680832 6816 69 308311 308372 14.1548 343190000000 390850000000 285990000000 238320000000 95330000000 4.74509 0 0.09787 0.66572 0.34057 5.02288 26.1977 -5.95032 0.18036 0.08141 0.93667 27.8309 -9.22872 0.4164 401700000000 162100000000
 0.8000   512396 0.8100   521077      1       -1       -1       -1  0 3.49567e+11 3.62300e+11 157.875000 12.643000 99.630000  1 0.4000 140.980000 46.68571 36.79855 15.97666 149.620 -77.880 138.320 2.203e+11 1.930e+10 -6.415e+11 0.10332 308332 308332 680832 5833 68 308311 308372 12.6428 362250000000 381320000000 276460000000 247860000000 57198000000 4.31397 1.59 0.09441 0.82054 0.32758 3.94448 20.546 -5.22381 0.78801 0.30178 3.86761 20.9297 -3.71459 0.3976 427900000000 181100000000
 0.7900   503755 0.8000   512396      1       -1       -1       -1  0 3.40033e+11 3.43200e+11 155.624000 11.467000 99.510000  1 0.4000 141.980000 46.64993 36.82922 15.95547 150.580 -76.310 136.600 1.645e+11 -1.177e+11 -5.077e+11 0.09576 308333 308333 680832 6828 67 308311 308372 11.4671 343190000000 371790000000 266920000000 247860000000 142990000000 10.1707 0 0.08359 0.68562 0.31569 -3.54566 24.1162 -11.8483 0.52906 0.13459 -1.02179 21.0686 -16.1073 0.3803 437700000000 143000000000
 0.7800   495120 0.7900   503755      1       -1       -1       -1  0 3.33667e+11 3.14600e+11 151.724000 12.587000 101.570000  1 0.4000 134.560000 46.61901 36.82931 15.94717 149.410 -76.180 134.030 1.503e+11 -1.473e+11 -4.477e+11 0.09941 308334 308334 680832 5805 66 308311 308372 12.5866 314590000000 362250000000 266920000000 238320000000 114400000000 11.4311 0 0.08787 0.58734 0.37053 10.035 -15.1122 16.4109 0.21122 0.104 14.8265 -15.1053 20.3422 0.408 393000000000 133500000000
 0.7700   486440 0.7800   495120      1       -1       -1       -1  0 3.27300e+11 3.43200e+11 156.751000 12.673000 98.950000  1 0.4000 140.040000 46.60275 36.84248 15.91121 147.370 -76.370 133.180 1.657e+11 -2.002e+11 -5.465e+11 0.10615 308335 308335 680832 6843 65 308311 308372 12.6734 343190000000 352720000000 266920000000 238320000000 142990000000 8.74155 0 0.09341 0.55609 0.47452 19.045 -14.9903 4.91381 0.59273 0.3702 18.1778 -13.6786 4.52153 0.3797 391600000000 162100000000
 0.7600   477738 0.7700   486440      1       -1       -1       -1  0 3.27300e+11 3.14600e+11 152.813000 10.755000 97.060000  1 0.4000 141.500000 46.56479 36.86588 15.89210 146.830 -70.590 129.370 1.725e+11 -1.269e+11 -3.646e+11 0.09013 308336 308336 680832 6884 64 308311 308372 10.7554 314590000000 362250000000 276460000000 209730000000 142990000000 7.05106 0 0.07581 0.77622 0.46863 21.7297 -1.12945 0.97043 0.9051 0.45088 6.71348 14.9246 0.45386 0.3602 378500000000 143000000000
 0.7500   469018 0.7600   477738      1       -1       -1       -1  0 3.24133e+11 3.24100e+11 154.886000 12.451000 91.920000  1 0.4000 138.920000 46.53237 36.88381 15.85362 144.430 -68.760 127.040 2.116e+11 -9.628e+10 -3.974e+11 0.09317 308337 308337 680832 6902 63 308311 308372 12.4515 324120000000 352720000000 285990000000 200190000000 142990000000 8.27276 1.92 0.07893 0.77742 0.36883 21.0813 0.68209 -6.7167 0.8294 0.4547 -6.08586 -8.5958 13.3488 0.3324 360000000000 143000000000
 0.7400   460218 0.7500   469018      1       -1       -1       -1  0 3.24133e+11 3.33700e+11 156.936000 17.970000 87.410000  1 0.4000 130.120000 46.49852 36.89858 15.82577 142.900 -66.580 125.250 2.396e+11 -1.237e+11 -3.702e+11 0.08523 308338 308338 680832 6924 62 308311 308372 17.9697 333650000000 333650000000 285990000000 209730000000 104860000000 14.2966 2.78 0.07519 0.26916 0.05513 -13.1382 -12.4939 19.1143 0.09199 0.00598 -12.3655 -14.4665 21.1572 0.3222 343000000000 200200000000
 0.7300   451395 0.7400   460218      1       -1       -1       -1  0 3.17800e+11 3.14600e+11 154.420000 25.395000 85.830000  1 0.4000 119.850000 46.46540 36.88931 15.77927 142.960 -63.910 124.340 2.148e+11 -1.531e+11 -3.038e+11 0.07591 308339 308339 680832 5883 61 308311 308372 25.3954 314590000000 324120000000 266920000000 190660000000 0 29.1888 0 0.07322 0.73084 0.28491 -2.22014 13.8869 32.5187 0.35199 0.08038 14.8291 15.9366 13.2222 0.3616 301800000000 228800000000
 0.7200   442552 0.7300   451395      1       -1       -1       -1  0 3.11433e+11 3.05100e+11 153.366000 20.037000 83.720000  1 0.4000 124.260000 46.43275 36.90835 15.76156 144.250 -56.210 122.120 2.383e+11 -1.513e+11 -2.135e+11 0.07591 308340 308340 680832 6990 60 308311 308372 20.0375 305060000000 314590000000 295520000000 190660000000 47665000000 19.2041 0 0.06816 0.80658 0.32603 -11.5685 -6.03689 30.2179 0.64513 0.14522 -12.8291 -3.36666 27.0215 0.3173 311700000000 190700000000
 0.7100   433650 0.7200   442552      1       -1       -1       -1  0 3.11433e+11 3.05100e+11 153.885000 19.630000 82.550000  1 0.4000 125.500000 46.38825 36.90773 15.73667 141.000 -55.910 118.450 2.376e+11 -1.556e+11 -2.070e+11 0.07203 308341 308341 680832 5954 59 308311 308372 19.63 305060000000 305060000000 276460000000 190660000000 0 34.7536 1.3 0.06804 0.75412 0.32893 24.3375 29.4959 -0.3564 0.69615 0.14631 22.6098 19.4868 -9.23604 0.3329 300900000000 181100000000
 0.7000   424682 0.7100   433650      1       -1       -1       -1  0 3.11433e+11 2.95500e+11 152.774000 18.311000 81.390000  1 0.4000 126.420000 46.36687 36.94798 15.74135 138.240 -56.420 114.290 2.475e+11 -2.070e+11 -1.791e+11 0.08759 308342 308342 680832 7051 58 308311 308372 18.3105 295520000000 295520000000 276460000000 219260000000 28599000000 16.7388 1.7 0.07574 0.5681 0.44265 -4.25381 -0.3105 33.3009 0.62777 0.22025 3.46362 -9.32084 26.79 0.2888 338500000000 162100000000
 0.6900   415685 0.7000   424682      1       -1       -1       -1  0 3.11433e+11 2.95500e+11 153.278000 14.960000 84.730000  1 0.4000 132.830000 46.34440 36.96001 15.69670 135.580 -55.240 111.690 2.475e+11 -2.095e+11 -1.742e+11 0.09159 308343 308343 680832 7056 57 308311 308372 14.9604 295520000000 295520000000 266920000000 228790000000 95330000000 11.0818 1.89 0.07597 0.58674 0.19864 10.3334 -5.44638 25.0241 0.54655 0.04473 8.76711 -0.46831 21.5729 0.2868 332300000000 152500000000
 0.6800   406684 0.6900   415685      1       -1       -1       -1  0 3.11433e+11 2.66900e+11 148.648000 12.719000 91.140000  1 0.4000 133.130000 46.29926 36.97910 15.65366 131.650 -53.520 110.950 2.200e+11 -1.787e+11 -1.827e+11 0.09768 308344 308344 680832 7058 56 308311 308372 12.7194 266920000000 295520000000 266920000000 200190000000 95330000000 20.6032 0 0.08291 0.31351 0.30417 9.30846 -11.5466 25.4275 0.22803 0.10533 7.46868 -12.1726 22.2925 0.3411 324300000000 123900000000
 0.6700   397682 0.6800   406684      1       -1       -1       -1  0 3.11433e+11 2.95500e+11 154.273000 27.154000 84.590000  1 0.4000 120.000000 46.32505 36.99714 15.67288 128.330 -58.520 106.640 2.474e+11 -1.975e+11 -2.421e+11 0.08219 308345 308345 680832 7028 55 308311 308372 27.1544 295520000000 305060000000 276460000000 142990000000 0 39.8124 2.01 0.08319 0.46171 0.14057 41.9072 3.98097 33.4519 0.15771 0.05885 54.8491 1.70346 -2.91458 0.3725 295500000000 219300000000
 0.6600   388763 0.6700   397682      1       -1       -1       -1  0 3.11433e+11 2.86000e+11 153.080000 32.081000 79.620000  1 0.4000 116.460000 46.29364 37.01279 15.64414 122.250 -57.640 103.680 2.297e+11 -1.641e+11 -2.304e+11 0.08024 308346 308346 680832 7071 54 308311 308372 32.081 285990000000 305060000000 257390000000 114400000000 0 37.2897 0 0.08082 0.36474 0.10614 39.622 4.04078 40.2368 0.50856 0.25253 34.2513 7.65854 -0.84545 0.3465 273800000000 257400000000
 0.6500   379738 0.6600   388763      1       -1       -1       -1  0 3.11433e+11 2.66900e+11 150.069000 15.260000 76.570000  1 0.4000 130.260000 46.21932 37.01677 15.58501 125.620 -52.790 99.390 2.510e+11 -1.120e+11 -1.456e+11 0.09104 308347 308347 680832 5998 53 308311 308372 15.2598 266920000000 266920000000 257390000000 152530000000 104860000000 13.7317 0 0.07787 0.4352 0.21552 7.98128 6.47966 32.5671 0.31844 0.0026 4.32264 1.76076 32.252 0.2694 284900000000 143000000000
 0.6400   370672 0.6500   379738      1       -1       -1       -1  0 3.11433e+11 3.05100e+11 157.384000 37.715000 70.420000  1 0.4000 118.520000 46.20327 37.03328 15.57986 117.700 -56.220 101.790 2.006e+11 -2.016e+11 -2.299e+11 0.07900 308348 308348 680832 6002 52 308311 308372 37.7151 305060000000 314590000000 228790000000 171590000000 19066000000 12.9811 3.97 0.07374 0.42668 0.25135 8.02192 8.80094 21.5434 0.49709 0.19755 1.84855 3.4431 12.2316 0.2563 271000000000 276500000000
 0.6300   361570 0.6400   370672      1       -1       -1       -1  0 3.11433e+11 2.76500e+11 152.767000 26.718000 67.730000  1 0.4000 120.400000 46.16764 37.04638 15.55932 108.280 -56.310 103.650 1.452e+11 -4.601e+10 -9.169e+10 0.04654 308349 308349 680832 7138 51 308311 308372 26.7176 276460000000 314590000000 228790000000 162060000000 0 21.5273 0 0.0425 0.45194 0.13522 6.43064 22.2093 33.632 0.08698 0.07542 5.44433 9.94319 37.1921 0.2304 268000000000 200200000000
 0.6200   352475 0.6300   361570      1       -1       -1       -1  0 3.11433e+11 2.86000e+11 154.967000 38.853000 63.820000  1 0.4000 116.920000 46.15606 37.05403 15.52662 103.910 -58.170 100.260 1.338e+11 -4.408e+10 -1.201e+11 0.04498 308350 308350 680832 7131 50 308311 308372 38.8535 285990000000 295520000000 228790000000 133460000000 9533000000 33.3359 1.24 0.0421 0.71549 0.31224 19.9737 -8.03739 20.5945 0.171 0.03693 17.4033 4.08589 28.0615 0.2129 251500000000 286000000000
 0.6100   343344 0.6200   352475      1       -1       -1       -1  0 3.11433e+11 2.66900e+11 151.891000 17.984000 65.420000  1 0.4000 129.400000 46.08704 37.09571 15.48484 101.550 -56.180 98.820 1.799e+11 -2.621e+10 -9.424e+10 0.06175 308351 308351 680832 7147 49 308311 308372 17.9843 266920000000 285990000000 238320000000 209730000000 0 5.72159 1.72 0.05259 0.73648 0.40676 34.2092 -3.4006 21.3334 0.19122 0 45.0324 19.9588 43.3245 0.1956 284200000000 152500000000
 0.6000   334213 0.6100   343344      1       -1       -1       -1  0 3.11433e+11 2.47900e+11 148.615000 14.936000 70.110000  1 0.4000 131.620000 46.05859 37.10570 15.45306 98.750 -55.700 95.910 1.593e+11 -2.595e+09 -6.250e+10 0.06014 308352 308352 680832 7182 48 308311 308372 14.9357 247860000000 276460000000 238320000000 228790000000 0 5.81413 0 0.05007 0.58455 0.40482 35.3929 -11.4521 25.1405 0.16206 0 45.075 -9.10514 27.0793 0.2134 302400000000 114400000000
 0.5900   325052 0.6000   334213      1       -1       -1       -1  0 3.11433e+11 2.76500e+11 154.564000 17.390000 76.050000  1 0.4000 134.150000 46.02931 37.13055 15.43305 98.680 -57.150 96.150 2.098e+11 -4.057e+09 -1.210e+11 0.06916 308353 308353 680832 7281 47 308311 308372 17.39 276460000000 285990000000 257390000000 219260000000 0 9.48543 0 0.05949 0.56513 0.07703 40.7415 0.98231 26.1293 0.14679 0.0461 35.3762 0.87857 21.4793 0.2398 296400000000 162100000000
 0.5800   315809 0.5900   325052      1       -1       -1       -1  0 3.11433e+11 2.95500e+11 158.482000 21.603000 74.090000  1 0.4000 132.970000 45.99931 37.14420 15.41118 93.220 -54.220 95.490 1.385e+11 -8.078e+10 -1.223e+11 0.05102 308354 308354 680832 7315 46 308311 308372 21.6027 295520000000 295520000000 266920000000 228790000000 0 12.3409 3.83 0.04465 0.58401 0.08294 42.0115 12.9624 23.1319 0.09644 0.01445 61.2737 5.35353 31.8622 0.2281 299400000000 181100000000
 0.5700   306581 0.5800   315809      1       -1       -1       -1  0 3.11433e+11 2.86000e+11 157.192000 23.110000 71.910000  1 0.4000 130.670000 45.95864 37.17374 15.37441 92.640 -54.060 93.150 1.724e+11 -2.885e+10 -1.210e+11 0.05751 308355 308355 680832 7327 45 308311 308372 23.1102 285990000000 295520000000 276460000000 200190000000 0 14.8691 0 0.05008 0.3952 0.05831 39.1054 2.9622 37.3636 0.21883 0.00659 38.9851 15.4821 14.034 0.2205 279100000000 200200000000
 0.5600   297342 0.5700   306581      1       -1       -1       -1  0 3.11433e+11 2.86000e+11 157.617000 22.274000 70.130000  1 0.4000 132.600000 45.92662 37.18659 15.34267 96.000 -56.650 90.700 9.821e+10 -1.039e+11 -1.280e+11 0.05277 308356 308356 680832 7288 44 308311 308372 22.2745 285990000000 285990000000 276460000000 162060000000 0 14.7242 3.73 0.04554 0.4649 0.2003 33.6412 0.16762 28.3344 0.09972 0.00402 45.8889 8.70694 2.51311 0.2069 276600000000 162100000000
 0.5500   288100 0.5600   297342      1       -1       -1       -1  0 3.11433e+11 2.76500e+11 156.259000 20.970000 66.260000  1 0.4000 133.400000 45.90086 37.20727 15.31399 90.720 -56.540 89.490 9.129e+10 -1.197e+11 -1.289e+11 0.05988 308357 308357 680832 7326 43 308311 308372 20.9697 276460000000 276460000000 266920000000 162060000000 38132000000 4.36144 2.49 0.05014 0.50161 0.16846 16.4461 7.06707 32.4789 0.62699 0.05937 20.567 -3.78877 20.1391 0.1795 299700000000 162100000000
 0.5400   278884 0.5500   288100      1       -1       -1       -1  0 3.11433e+11 2.76500e+11 156.665000 22.587000 64.860000  1 0.4000 132.680000 45.86876 37.23022 15.28563 90.100 -55.300 87.580 8.736e+10 -1.175e+11 -1.270e+11 0.05910 308358 308358 680832 7303 42 308311 308372 22.5874 276460000000 285990000000 276460000000 142990000000 76264000000 6.87343 0 0.04944 0.39633 0.22142 22.0975 23.4951 27.5508 0.52858 0.20201 17.8436 15.692 18.9512 0.1722 288600000000 162100000000
 0.5300   269642 0.5400   278884      1       -1       -1       -1  0 3.11433e+11 3.14600e+11 163.976000 30.006000 65.700000  1 0.4000 134.230000 45.84989 37.25898 15.22712 89.960 -50.590 84.170 8.260e+10 -1.383e+11 -1.198e+11 0.04635 308359 308359 680832 7310 41 308311 308372 30.0062 314590000000 314590000000 314590000000 152530000000 9533000000 15.8966 0 0.0416 0.75391 0.24959 3.66556 11.892 28.9145 0.15731 0.01033 -5.34097 -6.42986 24.9894 0.1804 308900000000 238300000000
 0.5200   260408 0.5300   269642      1       -1       -1       -1  0 3.11433e+11 3.14600e+11 164.384000 25.856000 65.210000  1 0.4000 138.670000 45.81479 37.27937 15.19234 86.900 -49.700 80.340 6.598e+10 -9.858e+10 -9.656e+10 0.03560 308360 308360 680832 6155 40 308311 308372 25.8562 314590000000 314590000000 314590000000 152530000000 0 15.1637 0 0.03197 0.91371 0.83103 -11.8718 -3.55614 40.0203 0.6925 0.56772 -9.46091 -18.0277 26.6219 0.1767 323400000000 181100000000
 0.5100   251127 0.5200   260408      1       -1       -1       -1  0 3.08267e+11 3.05100e+11 163.102000 31.110000 62.530000  1 0.4000 134.280000 45.76242 37.30908 15.18680 81.130 -47.850 76.070 9.459e+10 -3.605e+10 -1.401e+11 0.04351 308361 308361 680832 6117 39 308311 308372 31.1102 305060000000 305060000000 295520000000 162060000000 0 12.4401 0 0.03835 0.68478 0.13467 -4.92993 45.4939 -6.18672 0.21689 0.06855 -3.51083 39.1744 -2.16955 0.1598 288200000000 238300000000
 0.5000   241956 0.5100   251127      1       -1       -1       -1  0 3.01900e+11 3.05100e+11 163.489000 32.369000 61.390000  1 0.4000 134.740000 45.73197 37.32713 15.13286 78.810 -46.340 74.420 9.425e+10 -3.590e+10 -1.376e+11 0.04328 308362 308362 680832 6149 38 308311 308372 32.3691 305060000000 305060000000 295520000000 133460000000 0 9.07829 0 0.03819 0.72498 0.409 31.1206 -34.6864 15.8653 0.19546 0.06461 -18.4007 -24.6611 31.6567 0.1546 283600000000 266900000000
 0.4900   232756 0.5000   241956      1       -1       -1       -1  0 2.98700e+11 2.95500e+11 162.142000 30.564000 60.790000  1 0.4000 135.470000 45.69334 37.35226 15.10220 75.140 -46.440 74.200 7.001e+10 -5.654e+10 -1.795e+11 0.05399 308363 308363 680832 7235 37 308311 308372 30.5642 295520000000 295520000000 285990000000 171590000000 0 5.44932 0 0.0478 0.55966 0.12061 34.4262 -26.1023 35.1747 0.12832 0.00536 7.18138 -18.6679 38.4742 0.1549 278600000000 219300000000
 0.4800   223602 0.4900   232756      1       -1       -1       -1  0 2.89167e+11 2.95500e+11 162.508000 38.115000 60.720000  1 0.4000 132.880000 45.65429 37.36469 15.05912 72.760 -44.720 72.340 6.928e+10 -5.497e+10 -1.760e+11 0.05148 308364 308364 680832 7223 36 308311 308372 38.1147 295520000000 295520000000 276460000000 133460000000 0 17.498 0 0.04732 0.32341 0.03158 48.2541 -36.8019 37.7912 0.64435 0.3845 21.8364 -20.9585 21.8206 0.1646 257100000000 286000000000
 0.4700   214466 0.4800   223602      1       -1       -1       -1  0 2.76467e+11 2.76500e+11 159.284000 33.752000 64.890000  1 0.4000 132.820000 45.61629 37.38678 15.02399 68.630 -42.720 68.930 1.023e+11 -3.603e+10 -1.410e+11 0.05053 308365 308365 680832 7203 35 308311 308372 33.7516 276460000000 276460000000 257390000000 47665000000 9533000000 24.235 0 0.04822 0.29798 0.03081 40.4305 -5.8914 56.0354 0 0 -2.64359 -4.67682 17.6763 0.1978 242700000000 247900000000
 0.4600   205343 0.4700   214466      1       -1       -1       -1  0 2.63767e+11 2.57400e+11 155.866000 32.283000 63.250000  1 0.4000 131.350000 45.57728 37.41394 14.98583 67.520 -41.740 66.290 1.006e+11 1.136e+10 -9.980e+10 0.04464 308366 308366 680832 6014 34 308311 308372 32.2827 257390000000 257390000000 238320000000 0 0 24.354 0 0.04384 0.18718 0.10389 47.8153 2.53274 67.1436 0 0 0 0 0 0.207 234000000000 228800000000
 0.4500   196286 0.4600   205343      1       -1       -1       -1  0 2.38333e+11 2.57400e+11 156.189000 38.077000 61.430000  1 0.4000 130.080000 45.53940 37.43169 14.95327 65.170 -41.190 65.570 1.061e+11 -1.189e+10 -1.171e+11 0.04780 308367 308367 680832 5950 33 308311 308372 38.0765 257390000000 257390000000 257390000000 0 0 26.1727 0 0.04934 0.19523 0.06693 63.0827 7.95329 63.8926 0 0 0 0 0 0.2145 230400000000 257400000000
 0.4400   187221 0.4500   196286      1       -1       -1       -1  0 2.16100e+11 2.00200e+11 143.926000 35.827000 56.430000  1 0.4000 120.590000 45.51515 37.44708 14.93177 52.060 -43.630 66.930 1.294e+11 -2.044e+10 -1.248e+11 0.08049 308368 308368 680832 7048 32 308311 308372 35.8265 200190000000 200190000000 181130000000 0 0 43.8182 0 0.08652 0.10921 0.04772 75.2764 34.8163 49.4631 0 0 0 0 0 0.2139 197800000000 200200000000
 0.4300   178204 0.4400   187221      1       -1       -1       -1  0 1.74800e+11 1.90700e+11 141.880000 54.950000 53.640000  1 0.4000 116.270000 45.47702 37.47102 14.88508 49.630 -29.620 61.310 1.375e+11 -2.488e+10 -1.495e+11 0.09472 308369 308369 680832 5948 31 308311 308372 54.9502 190660000000 123930000000 0 0 0 45.7335 11.45 0.1073 0.2586 0 52.1677 30.9197 40.8271 0 0 0 0 0 0.2335 172400000000 257400000000
 0.4200   169211 0.4300   178204      1       -1       -1       -1  0 1.54133e+11 1.33500e+11 126.213000 45.242000 50.490000  1 0.4000 104.670000 45.45392 37.51010 14.83286 58.290 -40.450 63.140 8.397e+10 -1.112e+10 -6.579e+10 0.08524 308370 308370 680832 5941 30 308311 308372 45.2417 133460000000 133460000000 9533000000 0 0 14.3218 10.03 0.10301 0.31183 0.03546 42.0241 29.7145 43.9759 0 0 0 0 0 0.27 147300000000 209700000000
 0.4100   160335 0.4200   169211      1       -1       -1       -1  1 1.43000e+11 1.38200e+11 127.934000 30.045000 47.350000  1 0.4000 117.180000 45.43852 37.52078 14.81618 58.290 -40.450 63.140 4.327e+10 -4.574e+09 -2.496e+10 0.05121 308371 308371 680832 8664 29 308311 308372 36.3266 138225000000 138225000000 76261500000 57200000000 14299500000 8.94497 5.015 0.058595 0.505 0.14218 33.7304 20.421 24.9744 0.197875 0.05822 10.1755 7.91506 6.69056 0.18425 154500000000 138215000000
 0.4000   151550 0.4100   160335      0       -1       -1       -1  0 1.43000e+11 1.43000e+11 129.610000 14.848000 43.730000  1 0.4000 127.470000 45.46102 37.65134 14.81775 53.200 -54.840 61.940 2.571e+09 1.972e+09 1.587e+10 0.01717 308372 308372 680832 6889 28 308311 308372 14.8482 142990000000 142990000000 142990000000 114400000000 28599000000 3.56816 0 0.01418 0.69817 0.2489 25.4366 11.1276 5.97286 0.39575 0.11644 20.3511 15.8301 13.3811 0.0985 161700000000 66730000000
