 1.0000   679177 0.0000       -1      1       -1       -1       -1  0 2.51067e+11 1.62100e+11 111.539000 5.010000 92.940000  1 0.4200 117.200000 40.83226 32.46156 24.49871 135.570 216.940 -294.940 7.920e+10 -1.800e+09 4.053e+10 0.04581 523922 523922 679177 4692 88 523921 523980 5.01048 162060000000 181130000000 162060000000 152530000000 0 11.2786 0 0.04403 0.5147 0.38975 -9.45105 25.2729 3.14987 0.14771 0 -3.72317 26.354 1.89048 0.5431 325700000000 0
 0.9900   671037 1.0000   679177      1       -1       -1       -1  0 2.51067e+11 1.62100e+11 112.009000 4.919000 93.970000  1 0.4200 118.330000 40.82387 32.43280 24.53558 134.610 213.720 -286.160 7.790e+10 -1.655e+09 4.049e+10 0.04918 523923 523923 679177 4699 87 523921 523980 4.91876 162060000000 181130000000 162060000000 152530000000 95330000000 4.98672 0 0.04358 0.7032 0.3936 1.77674 17.0934 6.42142 0.39666 0.08822 8.89646 17.2329 9.75831 0.5073 335600000000 28600000000
 0.9800   662641 0.9900   671037      1       -1       -1       -1  0 2.51067e+11 1.62100e+11 112.479000 5.225000 96.630000  1 0.4200 116.750000 40.80965 32.41092 24.56471 133.580 210.330 -277.690 7.704e+10 -1.240e+09 4.025e+10 0.04976 523924 523924 679177 4719 86 523921 523980 5.22538 162060000000 190660000000 162060000000 152530000000 76264000000 4.85548 0 0.04327 0.77671 0.51686 -2.24282 16.8558 2.59645 0.7808 0.51159 1.71445 16.4773 3.46088 0.5112 327900000000 38130000000
 0.9700   654281 0.9800   662641      1       -1       -1       -1  0 2.51067e+11 1.62100e+11 112.947000 5.013000 100.820000  1 0.4200 118.680000 40.79440 32.38847 24.59605 132.490 206.760 -269.440 7.705e+10 -1.189e+09 4.002e+10 0.04791 523925 523925 679177 7678 85 523921 523980 5.01265 162060000000 190660000000 162060000000 152530000000 95330000000 6.13426 0 0.04335 0.81012 0.42815 -1.71922 16.7578 6.52759 0.81012 0.42815 -1.71922 16.7578 6.52759 0.5518 332100000000 47660000000
 0.9600   645961 0.9700   654281      1       -1       -1       -1  0 2.51067e+11 1.81100e+11 117.699000 5.899000 98.520000  1 0.4200 119.300000 40.78044 32.36639 24.62610 132.600 200.800 -262.130 4.348e+10 2.889e+10 3.691e+10 0.02918 523926 523926 679177 4704 84 523921 523980 5.89942 181130000000 200190000000 162060000000 152530000000 95330000000 9.44617 0 0.0266 0.74195 0.4973 -0.24908 13.8827 8.29649 0.7816 0.56478 -5.78004 13.1735 1.23449 0.5248 335500000000 38130000000
 0.9500   637640 0.9600   645961      1       -1       -1       -1  0 2.51067e+11 1.81100e+11 118.185000 5.132000 97.690000  1 0.4200 124.730000 40.76431 32.33647 24.64461 134.040 200.160 -250.300 3.790e+10 2.828e+10 4.074e+10 0.03109 523927 523927 679177 4733 83 523921 523980 5.13161 181130000000 209730000000 162060000000 142990000000 114400000000 9.54039 5.07 0.02605 0.70868 0.53319 -3.27571 14.312 7.43562 0.68142 0.43127 -7.1073 12.8918 4.20045 0.4788 359300000000 76260000000
 0.9400   629337 0.9500   637640      1       -1       -1       -1  0 2.51067e+11 1.81100e+11 118.669000 5.507000 98.050000  1 0.4200 122.740000 40.75054 32.31444 24.68389 128.010 197.970 -245.680 3.752e+10 2.576e+10 3.377e+10 0.02684 523928 523928 679177 4801 82 523921 523980 5.50657 190660000000 209730000000 162060000000 152530000000 114400000000 12.6929 3.97 0.02373 0.90458 0.88395 0.95124 -2.53927 14.9882 0.76597 0.39897 15.6862 -0.07276 2.85037 0.5071 326300000000 66730000000
 0.9300   621016 0.9400   629337      1       -1       -1       -1  0 2.51067e+11 1.81100e+11 119.152000 5.264000 95.950000  1 0.4200 124.920000 40.73449 32.29215 24.71275 126.870 195.410 -238.190 3.634e+10 2.599e+10 3.340e+10 0.02663 523929 523929 679177 4809 81 523921 523980 5.26383 190660000000 219260000000 162060000000 152530000000 104860000000 12.2578 4.27 0.02344 0.79628 0.58557 1.02796 -1.19738 17.0561 0.79989 0.26387 -2.59401 -6.64436 14.6509 0.494 314800000000 76260000000
 0.9200   612673 0.9300   621016      1       -1       -1       -1  0 2.51067e+11 1.81100e+11 119.635000 5.351000 89.350000  1 0.4200 124.890000 40.72041 32.27216 24.74063 125.660 192.850 -230.960 3.552e+10 2.639e+10 3.543e+10 0.02770 523930 523930 679177 4781 80 523921 523980 5.35128 190660000000 219260000000 181130000000 133460000000 95330000000 10.1591 4.62 0.0239 0.84638 0.54862 -0.54487 9.80815 15.7203 0.69288 0.45556 1.39769 -4.21503 16.0823 0.4487 311800000000 66730000000
 0.9100   604310 0.9200   612673      1       -1       -1       -1  0 2.51067e+11 1.81100e+11 120.116000 6.807000 87.410000  1 0.4200 117.210000 40.70392 32.25227 24.76231 124.370 190.270 -224.000 4.198e+10 8.289e+09 9.575e+10 0.05119 523931 523931 679177 4796 79 523921 523980 6.80697 190660000000 219260000000 181130000000 133460000000 85797000000 6.77942 2.81 0.04437 0.46755 0.39657 -7.08109 15.53 7.01756 0.43524 0.22518 -7.23023 14.5552 5.97037 0.4359 303900000000 66730000000
 0.9000   595938 0.9100   604310      1       -1       -1       -1  0 2.51067e+11 1.81100e+11 120.596000 7.363000 86.860000  1 0.4200 115.280000 40.68650 32.22915 24.78909 122.960 187.630 -217.330 4.040e+10 7.733e+09 9.395e+10 0.04901 523932 523932 679177 4801 78 523921 523980 7.36312 200190000000 219260000000 171590000000 142990000000 57198000000 4.97637 2.56 0.04354 0.43375 0.17262 -4.25094 15.3782 4.50251 0.26741 0.02079 0.17654 13.8945 4.87913 0.444 277400000000 57200000000
 0.8900   587529 0.9000   595938      1       -1       -1       -1  0 2.51067e+11 1.90700e+11 123.162000 8.907000 84.720000  1 0.4200 112.610000 40.67115 32.20201 24.81330 114.190 182.460 -212.460 5.114e+10 3.685e+10 6.428e+10 0.03762 523933 523933 679177 4865 77 523921 523980 8.90719 200190000000 219260000000 171590000000 152530000000 38132000000 7.639 7.81 0.03522 0.55795 0.44732 -5.6597 12.8082 1.76761 0.32581 0.17839 11.7102 -11.1097 2.62228 0.4513 270900000000 76260000000
 0.8800   579147 0.8900   587529      1       -1       -1       -1  0 2.51067e+11 2.00200e+11 125.675000 9.468000 83.060000  1 0.4200 113.700000 40.65238 32.17801 24.84517 114.650 178.570 -209.440 5.692e+10 7.643e+10 5.837e+10 0.04298 523934 523934 679177 801 76 523921 523980 9.46828 209730000000 228790000000 162060000000 142990000000 19066000000 8.68894 7.4 0.04045 0.68776 0.39653 -5.78158 12.4843 2.61494 0.1142 0.03133 21.3025 -11.461 1.22593 0.4331 283000000000 85800000000
 0.8700   570690 0.8800   579147      1       -1       -1       -1  0 2.51067e+11 2.00200e+11 126.167000 9.732000 81.050000  1 0.4200 113.460000 40.63552 32.15355 24.87319 120.120 178.230 -202.420 5.259e+10 7.922e+10 5.830e+10 0.04284 523935 523935 679177 3889 75 523921 523980 9.7324 209730000000 228790000000 162060000000 142990000000 19066000000 8.23856 0 0.04052 0.67001 0.4085 -6.01099 23.4779 7.61707 0.857 0.52358 -6.35073 18.9612 2.59468 0.4209 278600000000 95330000000
 0.8600   562234 0.8700   570690      1       -1       -1       -1  0 2.51067e+11 2.00200e+11 126.657000 10.875000 81.000000  1 0.4200 110.970000 40.62236 32.12712 24.91621 119.350 171.350 -196.600 1.026e+11 8.850e+10 6.747e+10 0.05474 523936 523936 679177 4921 74 523921 523980 10.8747 219260000000 228790000000 190660000000 142990000000 9533000000 12.4658 1.2 0.05519 0.66932 0.54615 -12.3431 21.5818 7.8816 0.53222 0.15695 3.52823 24.0125 -10.0501 0.4486 263400000000 57200000000
 0.8500   553797 0.8600   562234      1       -1       -1       -1  0 2.51067e+11 2.09700e+11 129.132000 12.389000 79.700000  1 0.4200 110.270000 40.59837 32.10807 24.92672 113.860 168.270 -188.390 4.695e+10 1.295e+11 1.207e+11 0.06360 523937 523937 679177 4905 73 523921 523980 12.3894 209730000000 219260000000 162060000000 142990000000 9533000000 4.73827 0 0.06204 0.69633 0.28004 -9.78113 22.4629 11.3227 0.61677 0.1865 -2.22923 22.0065 14.4089 0.4145 257100000000 114400000000
 0.8400   545294 0.8500   553797      1       -1       -1       -1  0 2.51067e+11 2.09700e+11 129.626000 14.511000 79.730000  1 0.4200 107.040000 40.58704 32.08049 24.95796 113.610 160.820 -182.100 9.839e+10 1.371e+11 1.373e+11 0.07449 523938 523938 679177 4940 72 523921 523980 14.5109 209730000000 209730000000 162060000000 152530000000 0 8.59864 0 0.074 0.31916 0.22629 -6.77693 38.829 15.8092 0.91185 0.72238 22.3875 -21.1027 -3.51647 0.4212 237800000000 123900000000
 0.8300   536778 0.8400   545294      1       -1       -1       -1  0 2.51067e+11 2.09700e+11 130.118000 14.552000 77.480000  1 0.4200 107.500000 40.56954 32.05534 24.98678 110.610 155.610 -178.260 1.121e+11 1.515e+11 9.970e+10 0.07378 523939 523939 679177 4929 71 523921 523980 14.5524 209730000000 209730000000 181130000000 142990000000 9533000000 8.97407 0 0.07284 0.51379 0.23172 -9.81018 28.5547 8.26612 0.39617 0.04794 -19.1081 19.8042 2.2156 0.4014 234300000000 114400000000
 0.8200   528183 0.8300   536778      1       -1       -1       -1  0 2.51067e+11 2.09700e+11 130.608000 15.026000 76.780000  1 0.4200 107.320000 40.55119 32.02873 25.01542 108.710 152.380 -172.520 1.049e+11 1.505e+11 9.446e+10 0.07126 523940 523940 679177 3912 70 523921 523980 15.0264 209730000000 209730000000 190660000000 133460000000 28599000000 9.74823 0 0.0708 0.48181 0.04998 -11.5962 26.928 4.65219 0.16679 0.00079 -9.95719 12.7865 2.15592 0.3993 223900000000 123900000000
 0.8100   519543 0.8200   528183      1       -1       -1       -1  0 2.51067e+11 2.00200e+11 129.079000 15.424000 77.030000  1 0.4200 105.290000 40.52525 32.01351 25.05513 108.670 150.290 -166.650 1.015e+11 1.371e+11 1.273e+11 0.08298 523941 523941 679177 5029 69 523921 523980 15.4242 200190000000 209730000000 181130000000 152530000000 38132000000 7.13655 0 0.07923 0.73474 0.71594 -7.48904 20.801 -8.33943 0.81385 0.38353 -6.66759 18.2114 -9.65986 0.3887 229400000000 114400000000
 0.8000   510864 0.8100   519543      1       -1       -1       -1  0 2.51067e+11 1.90700e+11 127.466000 12.859000 77.420000  1 0.4200 107.860000 40.50994 32.00412 25.08589 106.490 144.780 -159.090 7.815e+10 1.445e+11 8.312e+10 0.08112 523942 523942 679177 3998 68 523921 523980 12.8591 190660000000 209730000000 181130000000 133460000000 47665000000 8.98232 2.65 0.07467 0.76432 0.30404 9.01916 -15.9999 15.5047 0.78061 0.04899 15.6528 6.2476 -3.43076 0.3801 210400000000 104900000000
 0.7900   502221 0.8000   510864      1       -1       -1       -1  0 2.51067e+11 2.09700e+11 132.063000 18.611000 75.090000  1 0.4200 104.500000 40.49422 31.95015 25.10028 103.390 142.470 -155.730 8.402e+10 1.422e+11 9.194e+10 0.06447 523943 523943 679177 4980 67 523921 523980 18.6105 209730000000 209730000000 200190000000 114400000000 0 11.7196 0 0.06569 0.5827 0.31864 5.08173 41.8531 7.85972 0.14861 0.01339 26.2446 39.5673 -1.24822 0.3987 240000000000 123900000000
 0.7800   493584 0.7900   502221      1       -1       -1       -1  0 2.51067e+11 2.09700e+11 132.543000 19.096000 72.510000  1 0.4200 104.550000 40.47786 31.91940 25.12645 101.630 139.050 -150.370 7.822e+10 1.389e+11 9.287e+10 0.06180 523944 523944 679177 3967 66 523921 523980 19.0958 209730000000 219260000000 200190000000 104860000000 0 17.3723 0 0.06441 0.41691 0.12291 -2.13714 44.8835 7.80615 0.65431 0.51976 13.8729 32.8917 12.475 0.3928 237200000000 123900000000
 0.7700   484910 0.7800   493584      1       -1       -1       -1  0 2.51067e+11 1.81100e+11 126.676000 12.049000 71.000000  1 0.4200 108.920000 40.45957 31.93619 25.15731 94.640 132.040 -144.440 8.667e+10 1.203e+11 4.339e+10 0.07498 523945 523945 679177 5032 65 523921 523980 12.0488 181130000000 209730000000 152530000000 123930000000 38132000000 11.8123 0 0.06919 0.75014 0.5621 -8.25155 20.3115 10.7674 0.79447 0.34833 16.1568 11.5999 9.88278 0.3428 199700000000 95330000000
 0.7600   476211 0.7700   484910      1       -1       -1       -1  0 2.51067e+11 1.90700e+11 129.320000 15.113000 72.490000  1 0.4200 106.470000 40.44263 31.90729 25.18893 98.310 128.050 -138.190 7.238e+10 8.399e+10 6.076e+10 0.05485 523946 523946 679177 5024 64 523921 523980 15.1126 190660000000 219260000000 152530000000 123930000000 0 14.1665 0 0.05223 0.624 0.26419 -9.79102 28.1917 13.3844 0.89282 0.07798 12.3969 24.4221 14.2626 0.3542 193200000000 104900000000
 0.7500   467474 0.7600   476211      1       -1       -1       -1  0 2.51067e+11 2.00200e+11 131.904000 14.268000 71.190000  1 0.4200 110.520000 40.42350 31.87981 25.21926 98.730 126.560 -132.940 4.768e+10 9.993e+10 7.319e+10 0.05233 523947 523947 679177 5070 63 523921 523980 14.2675 200190000000 228790000000 162060000000 123930000000 0 14.4089 0 0.05079 0.50343 0.34516 -12.9963 27.7892 12.9368 0.1487 0.04643 3.05315 18.8478 19.2689 0.3487 205500000000 104900000000
 0.7400   458676 0.7500   467474      1       -1       -1       -1  0 2.51067e+11 2.09700e+11 134.434000 21.751000 64.610000  1 0.4200 104.450000 40.40813 31.81871 25.23892 101.650 122.290 -131.670 6.366e+10 1.215e+10 2.011e+10 0.02684 523948 523948 679177 5097 62 523921 523980 21.7507 209730000000 209730000000 190660000000 104860000000 57198000000 6.31214 1.07 0.02415 0.63363 0.21863 -8.35633 32.3208 11.4852 0.57926 0.38947 14.5828 -10.0874 -12.2318 0.2589 210500000000 152500000000
 0.7300   449850 0.7400   458676      1       -1       -1       -1  0 2.51067e+11 1.90700e+11 130.680000 11.419000 70.840000  1 0.4200 115.240000 40.38918 31.79696 25.26342 99.460 116.830 -128.720 8.271e+10 -1.413e+09 1.666e+10 0.04096 523949 523949 679177 3890 61 523921 523980 11.4185 190660000000 219260000000 190660000000 133460000000 28599000000 8.07707 0 0.03538 0.74919 0.22425 -14.4405 21.5624 10.0266 0.58237 0.30095 19.0468 -2.40861 -8.49918 0.2877 217500000000 85800000000
 0.7200   441002 0.7300   449850      1       -1       -1       -1  0 2.51067e+11 2.00200e+11 133.276000 11.818000 75.810000  1 0.4200 117.340000 40.37312 31.78478 25.28690 95.260 115.610 -125.940 7.146e+10 4.625e+09 5.795e+10 0.04295 523950 523950 679177 5223 60 523921 523980 11.8179 200190000000 200190000000 181130000000 142990000000 76264000000 7.50051 0 0.0358 0.59352 0.27227 0.62079 22.9448 -3.14965 0.36182 0.1476 3.74631 20.8763 -2.11009 0.2918 226600000000 95330000000
 0.7100   432092 0.7200   441002      1       -1       -1       -1  0 2.51067e+11 2.00200e+11 133.727000 7.748000 80.710000  1 0.4200 131.420000 40.34864 31.74249 25.31469 95.650 112.060 -123.550 -9.774e+09 1.262e+10 5.885e+10 0.02899 523951 523951 679177 3963 59 523921 523980 7.74836 200190000000 209730000000 162060000000 162060000000 76264000000 12.55 0 0.02382 0.58048 0.31385 4.017 11.4604 -4.35178 0.50891 0.08706 4.57187 9.29711 -5.06911 0.3118 242400000000 57200000000
 0.7000   423116 0.7100   432092      1       -1       -1       -1  0 2.51067e+11 2.00200e+11 134.174000 9.331000 79.530000  1 0.4200 125.910000 40.32725 31.72308 25.33916 94.660 107.780 -119.150 -8.029e+09 1.340e+10 5.948e+10 0.03014 523952 523952 679177 5076 58 523921 523980 9.33059 200190000000 209730000000 171590000000 152530000000 76264000000 11.7891 0 0.02415 0.78916 0.62772 6.7968 18.1046 -5.06783 0.87343 0.62901 6.52471 15.2683 -3.24922 0.2952 269700000000 76260000000
 0.6900   414119 0.7000   423116      1       -1       -1       -1  0 2.51067e+11 2.09700e+11 136.720000 10.013000 78.370000  1 0.4200 126.900000 40.29614 31.69430 25.37568 91.920 102.150 -114.920 1.654e+09 3.267e+09 5.373e+10 0.02417 523953 523953 679177 5084 57 523921 523980 10.0126 209730000000 209730000000 190660000000 162060000000 76264000000 4.28059 0 0.01968 0.5752 0.45477 10.4636 22.1194 -13.3272 0.62962 0.43998 4.88856 17.9075 -15.8653 0.2885 279600000000 76260000000
 0.6800   405111 0.6900   414119      1       -1       -1       -1  0 2.51067e+11 2.09700e+11 137.166000 10.852000 78.390000  1 0.4200 125.200000 40.27248 31.67022 25.39996 91.500 97.320 -109.450 2.496e+09 1.340e+09 5.279e+10 0.02353 523954 523954 679177 5073 56 523921 523980 10.8518 209730000000 228790000000 200190000000 162060000000 76264000000 6.6974 1.62 0.01943 0.55971 0.40762 11.644 19.3182 -8.7585 0.65739 0.46362 7.85005 16.4573 -9.88239 0.2942 261500000000 95330000000
 0.6700   396125 0.6800   405111      1       -1       -1       -1  0 2.51067e+11 2.47900e+11 145.488000 17.088000 96.870000  1 0.4200 121.770000 40.24591 31.65557 25.42171 78.610 114.690 -109.470 5.666e+10 2.429e+10 1.170e+11 0.03825 523955 523955 679177 5105 55 523921 523980 17.0879 247860000000 247860000000 228790000000 181130000000 57198000000 9.04714 2.27 0.03701 0.65802 0.51087 0.60007 30.1931 -2.15343 0.57528 0.53462 4.45782 22.3507 4.92212 0.4304 250400000000 143000000000
 0.6600   387192 0.6700   396125      1       -1       -1       -1  0 2.51067e+11 2.57400e+11 147.797000 15.617000 103.700000  1 0.4200 126.840000 40.23653 31.64577 25.42930 75.080 117.410 -102.640 1.919e+11 4.539e+10 9.878e+10 0.05620 523956 523956 679177 5083 54 523921 523980 15.6166 257390000000 266920000000 238320000000 171590000000 57198000000 23.0485 0 0.05831 0.62376 0.53823 2.56382 23.6255 -17.2968 0.77448 0.58934 5.22329 23.1847 -2.29199 0.4949 258100000000 143000000000
 0.6500   378156 0.6600   387192      1       -1       -1       -1  0 2.47867e+11 2.47900e+11 146.407000 15.393000 103.310000  1 0.4200 126.150000 40.19669 31.60283 25.48587 72.280 104.620 -95.830 -2.329e+09 -2.082e+10 6.358e+10 0.01901 523957 523957 679177 4029 53 523921 523980 15.3928 247860000000 247860000000 238320000000 190660000000 28599000000 13.7619 1.56 0.01896 0.76734 0.1651 -16.1086 22.3816 -2.20205 0.71155 0.13063 -17.4053 20.0357 0.35323 0.4808 286300000000 133500000000
 0.6400   369080 0.6500   378156      1       -1       -1       -1  0 2.31967e+11 2.38300e+11 144.952000 21.182000 98.310000  1 0.4200 117.350000 40.20643 31.57214 25.48203 70.280 101.100 -91.200 -4.956e+09 -1.561e+10 5.463e+10 0.01477 523958 523958 679177 4025 52 523921 523980 21.1822 247860000000 257390000000 238320000000 162060000000 0 31.2113 0 0.01735 0.75042 0.32198 -11.364 40.2311 -13.8544 0.65584 0.01017 -5.49015 32.9136 -6.85657 0.5475 252800000000 162100000000
 0.6300   359964 0.6400   369080      1       -1       -1       -1  0 2.19233e+11 2.09700e+11 139.328000 16.025000 67.200000  1 0.4200 118.550000 40.16059 31.58119 25.53561 73.940 71.370 -82.990 -3.287e+10 -4.049e+10 -2.349e+10 0.02394 523959 523959 679177 5114 51 523921 523980 16.025 209730000000 209730000000 209730000000 104860000000 0 18.1956 0 0.02167 0.29026 0.01053 -6.47898 46.4214 -22.1119 0.02666 0 2.63175 50.387 -19.8628 0.2606 211300000000 95330000000
 0.6200   350856 0.6300   359964      1       -1       -1       -1  0 2.09700e+11 2.09700e+11 139.746000 15.600000 65.640000  1 0.4200 120.070000 40.13950 31.54070 25.56495 73.040 71.330 -79.700 -1.119e+10 -2.733e+10 -4.599e+09 0.01283 523960 523960 679177 5087 50 523921 523980 15.6001 209730000000 209730000000 209730000000 123930000000 0 10.8544 0 0.0114 0.44214 0.15133 1.57269 39.6941 -22.0405 0.59109 0.25504 -2.16364 30.9406 -18.5237 0.2455 216500000000 114400000000
 0.6100   341725 0.6200   350856      1       -1       -1       -1  0 2.09700e+11 2.09700e+11 140.158000 19.757000 61.150000  1 0.4200 115.430000 40.11839 31.51185 25.58414 70.550 70.350 -78.360 -2.670e+10 -4.388e+10 -1.060e+10 0.02233 523961 523961 679177 5114 49 523921 523980 19.7569 209730000000 209730000000 171590000000 133460000000 9533000000 4.76615 0 0.02014 0.77533 0.36071 8.28035 24.2499 -16.7766 0.56557 0.07815 13.145 -7.67289 24.6427 0.2242 192700000000 123900000000
 0.6000   332581 0.6100   341725      1       -1       -1       -1  0 1.97000e+11 2.09700e+11 140.566000 23.927000 60.080000  1 0.4200 112.510000 40.09164 31.49871 25.59890 66.720 66.450 -72.630 -3.216e+10 -4.099e+10 -2.591e+10 0.02395 523962 523962 679177 828 48 523921 523980 23.9271 209730000000 209730000000 181130000000 76264000000 38132000000 10.9569 0 0.02249 0.4737 0.24167 -6.48708 26.7499 -16.0633 0.6933 0.29086 -7.11573 18.0668 -5.43573 0.2321 196900000000 162100000000
 0.5900   323413 0.6000   332581      1       -1       -1       -1  0 1.87467e+11 1.71600e+11 131.846000 24.772000 59.520000  1 0.4200 104.370000 40.06001 31.46312 25.60395 67.300 67.540 -71.820 8.813e+07 -8.432e+09 -4.454e+08 0.00462 523963 523963 679177 5310 47 523921 523980 24.772 171590000000 209730000000 142990000000 95330000000 0 36.4109 0 0.00459 0.19878 0.00355 26.6225 4.33923 44.9355 0.30533 0.03879 19.5459 14.0123 35.4691 0.2624 176700000000 143000000000
 0.5800   314174 0.5900   323413      1       -1       -1       -1  0 1.74767e+11 1.81100e+11 134.621000 26.842000 55.200000  1 0.4200 106.130000 40.04232 31.46198 25.63925 65.420 65.480 -68.830 -6.356e+09 -2.413e+10 -3.182e+09 0.01309 523964 523964 679177 5336 46 523921 523980 26.8418 181130000000 181130000000 162060000000 66731000000 0 30.224 1.56 0.01259 0.20017 0.01365 2.28117 50.2743 -28.8828 0.61833 0.51109 -3.09761 21.1461 -15.9863 0.2165 162800000000 152500000000
 0.5700   304938 0.5800   314174      1       -1       -1       -1  0 1.74767e+11 1.71600e+11 132.581000 24.424000 54.720000  1 0.4200 106.200000 40.02064 31.43922 25.66306 62.570 66.590 -65.800 -1.520e+08 -2.139e+10 1.100e+10 0.01372 523965 523965 679177 5320 45 523921 523980 24.4236 171590000000 181130000000 162060000000 57198000000 0 32.8054 0 0.01327 0.63011 0.18921 -23.9619 -43.7155 44.6794 0.32541 0.12472 6.13099 30.9265 -19.9655 0.2167 159900000000 143000000000
 0.5600   295683 0.5700   304938      1       -1       -1       -1  0 1.74767e+11 1.71600e+11 132.939000 24.916000 54.180000  1 0.4200 106.730000 39.99899 31.41633 25.68680 62.670 65.740 -59.490 9.953e+09 -2.613e+10 6.033e+09 0.01641 523966 523966 679177 5325 44 523921 523980 24.9158 171590000000 181130000000 162060000000 114400000000 0 32.9307 4.28 0.0159 0.27355 0.0169 9.49316 34.9004 -14.967 0.72295 0 -12.1709 -11.4105 16.311 0.2151 157900000000 133500000000
 0.5500   286425 0.5600   295683      1       -1       -1       -1  0 1.74767e+11 1.62100e+11 130.776000 18.020000 52.310000  1 0.4200 111.090000 39.96677 31.37049 25.71953 60.550 63.310 -57.210 1.250e+10 -3.283e+10 6.670e+09 0.02576 523967 523967 679177 5334 43 523921 523980 18.0196 162060000000 162060000000 162060000000 95330000000 38132000000 13.7505 0 0.02203 0.45206 0.08426 8.13249 21.604 -9.15466 0.20216 0.06943 9.87662 21.6885 -8.95732 0.1646 164200000000 95330000000
 0.5400   277203 0.5500   286425      1       -1       -1       -1  0 1.74767e+11 1.71600e+11 133.638000 26.899000 51.920000  1 0.4200 107.310000 39.94775 31.37056 25.74737 58.670 57.650 -55.050 2.831e+10 -3.192e+10 2.204e+10 0.02991 523968 523968 679177 5388 42 523921 523980 26.8989 171590000000 171590000000 162060000000 85797000000 38132000000 30.6557 0 0.02711 0.62519 0.31274 2.1627 32.2608 -19.456 0.70956 0.45461 11.2023 -19.6574 30.3556 0.1718 161300000000 133500000000
 0.5300   267962 0.5400   277203      1       -1       -1       -1  0 1.74767e+11 1.62100e+11 131.449000 15.867000 51.100000  1 0.4200 115.820000 39.91212 31.31726 25.78796 57.210 54.040 -53.900 2.790e+10 -1.859e+10 1.129e+10 0.02615 523969 523969 679177 5388 41 523921 523980 15.8669 162060000000 162060000000 162060000000 123930000000 0 11.9215 0 0.02215 0.44543 0.31367 -6.20776 -24.5824 30.7352 0.3249 0.03441 1.40763 31.5437 -16.5544 0.1515 164200000000 85800000000
 0.5200   258730 0.5300   267962      1       -1       -1       -1  0 1.74767e+11 1.71600e+11 134.311000 16.039000 51.100000  1 0.4200 119.290000 39.89765 31.30162 25.80849 50.880 54.140 -51.410 3.607e+10 -1.716e+10 4.106e+10 0.03904 523970 523970 679177 4293 40 523921 523980 16.0388 171590000000 171590000000 152530000000 123930000000 9533000000 13.634 0 0.03288 0.6481 0.3233 -7.28935 -21.8405 22.9875 0.27177 0 9.90943 20.848 -9.00848 0.1402 175500000000 95330000000
 0.5100   249444 0.5200   258730      1       -1       -1       -1  0 1.74767e+11 1.71600e+11 134.637000 16.213000 52.190000  1 0.4200 120.100000 39.88383 31.28943 25.81133 49.420 52.660 -50.760 5.886e+10 -1.002e+10 4.882e+10 0.05339 523971 523971 679177 4248 39 523921 523980 16.213 171590000000 181130000000 171590000000 142990000000 0 2.59163 0 0.04465 0.66769 0.37301 -0.55697 -22.1993 31.9056 0.71261 0.09421 12.2679 25.4313 -0.8899 0.1383 182400000000 104900000000
 0.5000   240272 0.5100   249444      1       -1       -1       -1  0 1.74767e+11 1.62100e+11 132.410000 10.552000 57.830000  1 0.4200 130.390000 39.86161 31.26517 25.83288 46.360 51.060 -49.950 6.096e+10 1.896e+09 3.842e+10 0.05688 523972 523972 679177 4286 38 523921 523980 10.5521 162060000000 171590000000 162060000000 142990000000 0 7.04383 0 0.04629 0.63054 0.47097 -7.66662 -16.6568 31.9985 0.6361 0.44298 -7.23413 -18.0885 26.7005 0.1621 211500000000 47660000000
 0.4900   231089 0.5000   240272      1       -1       -1       -1  0 1.74767e+11 1.62100e+11 132.716000 11.054000 61.380000  1 0.4200 130.170000 39.83266 31.24432 25.85704 44.310 50.350 -47.700 6.001e+10 2.511e+09 3.768e+10 0.05779 523973 523973 679177 5347 37 523921 523980 11.0536 162060000000 162060000000 162060000000 152530000000 0 4.19875 0 0.04595 0.70961 0.48165 22.2831 18.0422 -16.8321 0.50922 0.27182 21.8565 23.4213 0.44874 0.1735 206500000000 66730000000
 0.4800   221937 0.4900   231089      1       -1       -1       -1  0 1.74767e+11 1.62100e+11 133.016000 12.677000 60.360000  1 0.4200 127.290000 39.81060 31.21825 25.87968 44.550 50.440 -46.270 6.743e+10 -1.274e+09 4.474e+10 0.06638 523974 523974 679177 5349 36 523921 523980 12.677 162060000000 162060000000 162060000000 152530000000 38132000000 9.11081 0 0.05293 0.82933 0.55642 20.7671 -2.30574 -15.2704 0.90002 0.46884 19.8743 -9.037 -12.2698 0.1688 196900000000 76260000000
 0.4700   212800 0.4800   221937      1       -1       -1       -1  0 1.74767e+11 1.71600e+11 135.872000 15.525000 54.190000  1 0.4200 125.890000 39.79650 31.19814 25.91512 43.440 49.690 -43.250 5.332e+10 -9.267e+09 4.606e+10 0.05189 523975 523975 679177 5336 35 523921 523980 15.5246 171590000000 171590000000 162060000000 133460000000 47665000000 14.2137 1.82 0.04266 0.68878 0.51308 16.5977 8.11633 -11.343 0.11229 0.02415 16.3779 13.1646 -0.18561 0.1462 181100000000 95330000000
 0.4600   203680 0.4700   212800      1       -1       -1       -1  0 1.74767e+11 1.81100e+11 138.638000 18.898000 49.550000  1 0.4200 124.980000 39.76635 31.16464 25.92442 44.760 49.150 -40.120 5.308e+10 -8.179e+09 3.456e+10 0.04099 523976 523976 679177 4153 34 523921 523980 18.8982 181130000000 181130000000 181130000000 133460000000 0 14.1093 0 0.03537 0.58149 0.50615 -9.81507 -15.6462 33.9816 0.46505 0.30892 -11.688 -17.6388 30.8788 0.1318 174600000000 123900000000
 0.4500   194633 0.4600   203680      1       -1       -1       -1  0 1.74767e+11 1.71600e+11 136.444000 26.370000 49.540000  1 0.4200 117.000000 39.75101 31.14137 25.92490 42.970 48.940 -35.420 2.245e+10 -3.095e+09 1.851e+10 0.02026 523977 523977 679177 4099 33 523921 523980 26.3704 171590000000 171590000000 171590000000 104860000000 0 13.258 0 0.01791 0.66216 0.08634 29.0354 -12.7113 20.0896 0.23876 0.00794 21.3897 -18.2711 27.3807 0.1363 159800000000 143000000000
 0.4400   185570 0.4500   194633      1       -1       -1       -1  0 1.65233e+11 1.71600e+11 136.718000 22.440000 46.160000  1 0.4200 121.210000 39.72550 31.09781 25.96245 41.020 47.990 -33.390 1.985e+10 5.596e+09 2.025e+10 0.01893 523978 523978 679177 5207 32 523921 523980 22.4402 171590000000 171590000000 171590000000 57198000000 9533000000 28.4003 0 0.01787 0.17103 0.0053 8.98077 -8.57481 23.8991 0.33385 0 2.34479 -5.11541 10.7047 0.1347 163300000000 95330000000
 0.4300   176550 0.4400   185570      1       -1       -1       -1  0 1.52533e+11 1.52500e+11 131.710000 23.248000 45.120000  1 0.4200 116.420000 39.69941 31.08042 25.98981 40.650 48.710 -28.810 -6.985e+09 3.088e+09 1.439e+10 0.01306 523979 523979 679177 4101 31 523921 523980 23.2484 152530000000 152530000000 152530000000 47665000000 9533000000 41.9984 0 0.01239 0.25655 0.00951 -0.48592 -22.1823 33.5289 0.43144 0.01122 -1.15102 -15.7424 24.7561 0.1339 145200000000 95330000000
 0.4200   167585 0.4300   176550      0       -1       -1       -1  0 1.33500e+11 1.33500e+11 126.213000 25.148000 46.760000  1 0.4200 110.580000 39.67690 31.05127 26.01108 38.910 51.720 -28.790 -3.729e+09 4.651e+08 3.212e+09 0.00496 523980 523980 679177 4067 30 523921 523980 25.1476 133460000000 133460000000 133460000000 66731000000 0 38.0815 0 0.00475 0.54135 0.22442 -1.76877 -17.8547 42.511 0.44484 0.126 0.72946 -16.3399 37.5889 0.151 135800000000 114400000000
