 1.0000   678601 0.0000       -1      1   678600   678600       -1  0 6.76800e+11 6.76800e+11 179.624000 14.149000 163.420000  1 0.3900 162.240000 44.85346 10.17786 8.19560 22.350 180.390 200.070 1.350e+10 -7.440e+11 -4.679e+10 0.03032 257088 257088 678601 4116 88 257087 257149 14.1487 2669200000000 2669200000000 2335600000000 619640000000 295520000000 26.4849 16.09 0.03406 0.68221 0.45821 12.0859 -0.13986 19.9052 0.67978 0.40315 9.28112 5.61357 15.7926 0.676 923200000000 333700000000
 0.9900   670457 1.0000   678601      1   670456   670456   678600  0 6.19633e+11 6.10100e+11 174.246000 12.849000 149.640000  1 0.3900 159.790000 44.84777 10.16778 8.17682 5.440 184.940 220.340 6.066e+11 -6.582e+11 1.336e+11 0.04793 257089 257089 678601 4101 87 257087 257149 12.8494 2736000000000 2736000000000 2697800000000 810300000000 238320000000 22.717 5.91 0.0493 0.71344 0.52915 15.4643 -1.19581 21.698 0.81921 0.40381 15.854 1.10246 14.6179 0.6081 895200000000 266900000000
 0.9800   662065 0.9900   670457      1   662064   662064   670456  0 5.75167e+11 5.72000e+11 171.253000 12.035000 139.220000  1 0.3900 158.780000 44.85285 10.14254 8.16109 -11.260 211.050 225.630 5.322e+11 -5.792e+11 2.405e+11 0.05066 257090 257090 678601 4123 86 257087 257149 12.0353 2850400000000 2850400000000 2850400000000 1096300000000 142990000000 25.0423 7.42 0.05004 0.72661 0.53002 16.3174 3.22283 17.9217 0.72955 0.32624 14.8965 10.7874 12.348 0.5615 845000000000 181100000000
 0.9700   653710 0.9800   662065      1   653709   653709   662064  0 5.87867e+11 5.43400e+11 169.051000 15.608000 137.260000  1 0.3900 146.500000 44.86516 10.12482 8.14407 -45.520 225.510 233.230 3.528e+11 -6.877e+11 2.343e+11 0.05285 257091 257091 678601 7073 85 257087 257149 15.6081 3002900000000 3002900000000 3002900000000 2116300000000 219260000000 34.3968 5.63 0.05368 0.70631 0.49819 16.2054 0.62107 14.3465 0.7743 0.25875 14.9662 2.90194 7.09444 0.5742 746800000000 247900000000
 0.9600   645385 0.9700   653710      1   645384   645384   653709  0 6.13267e+11 6.48200e+11 180.036000 13.774000 146.070000  1 0.3900 163.040000 44.85155 10.10585 8.10486 -68.140 256.670 199.820 -7.128e+10 -1.245e+12 3.969e+11 0.06497 257092 257092 678601 4143 84 257087 257149 13.7745 3022000000000 3022000000000 3022000000000 1992400000000 305060000000 19.6538 14.51 0.06504 0.59248 0.35365 21.7048 1.81014 16.5407 0.57254 0.22722 21.7566 2.25251 14.485 0.5694 894600000000 266900000000
 0.9500   637073 0.9600   645385      1   637072   637072   645384  0 6.76800e+11 6.48200e+11 180.778000 10.335000 155.390000  1 0.3900 176.480000 44.88125 10.07545 8.09462 -86.250 261.530 184.200 1.869e+11 -3.898e+11 5.993e+11 0.03795 257093 257093 678601 4160 83 257087 257149 10.3349 3231700000000 3231700000000 3231700000000 2316500000000 343190000000 33.9893 9.62 0.03683 0.52237 0.47182 12.2728 0.12864 9.89764 0.58515 0.43997 10.2378 1.51457 6.05925 0.5816 811200000000 219300000000
 0.9400   628772 0.9500   637073      1   628771   628771   637072  0 7.18133e+11 7.34000e+11 189.198000 18.202000 155.650000  1 0.3900 161.970000 44.86798 10.04577 8.05692 -116.760 253.020 146.300 7.004e+11 -8.577e+11 6.419e+11 0.04971 257094 257094 678601 4167 82 257087 257149 18.202 3117300000000 3117300000000 3117300000000 1611100000000 295520000000 19.9668 9.89 0.05203 0.41099 0.33737 27.1897 1.51767 16.4427 0.36966 0.21912 25.1712 3.0439 13.5859 0.5982 902300000000 381300000000
 0.9300   620453 0.9400   628772      1   620452   620452   628771  0 7.53100e+11 7.72200e+11 193.202000 19.332000 150.060000  1 0.3900 163.820000 44.89460 10.01797 8.04034 -123.790 238.900 116.170 4.946e+11 -6.376e+11 7.493e+11 0.04202 257095 257095 678601 4167 81 257087 257149 19.3321 3060100000000 3060100000000 3050600000000 981900000000 247860000000 23.3691 10.4 0.04128 0.56414 0.49673 20.8132 3.06473 13.6007 0.53718 0.3347 16.9123 4.56661 9.78762 0.5425 888400000000 390900000000
 0.9200   612111 0.9300   620453      1   612110   612110   620452  0 7.62633e+11 7.53100e+11 192.375000 17.870000 141.170000  1 0.3900 165.780000 44.89342 9.98962 8.02441 -128.520 232.180 102.340 9.533e+11 -6.966e+10 3.225e+11 0.04224 257096 257096 678601 4168 80 257087 257149 17.87 2831300000000 2831300000000 2831300000000 619640000000 285990000000 23.2282 5.54 0.03956 0.81472 0.67143 19.4892 2.83642 6.1531 0.76635 0.55735 15.4856 5.3716 4.60803 0.4879 872300000000 371800000000
 0.9100   603750 0.9200   612111      1   603748   603748   612110  0 7.59433e+11 7.62600e+11 193.960000 19.916000 140.300000  1 0.3900 163.330000 44.90608 9.95508 8.00094 -132.680 222.120 83.740 1.240e+12 -2.992e+11 2.783e+11 0.05470 257097 257097 678601 4192 79 257087 257149 19.9162 2593000000000 2593000000000 2316500000000 552910000000 257390000000 8.30866 1.62 0.0503 0.93747 0.68014 -8.89517 19.0091 3.87059 0.9307 0.58222 -0.831 17.3894 2.09247 0.4704 853900000000 419500000000
 0.9000   595378 0.9100   603750      1   595375   595375   603748  0 7.59433e+11 7.62600e+11 194.735000 20.997000 135.450000  1 0.3900 162.180000 44.93277 9.92806 7.99370 -135.920 212.050 62.940 7.841e+11 -2.795e+11 3.870e+11 0.03890 257098 257098 678601 4193 78 257087 257149 20.9966 2345100000000 2345100000000 791240000000 543380000000 219260000000 13.1023 3.02 0.0355 0.89275 0.58325 19.161 0.97551 7.56944 0.83985 0.49316 14.1718 1.52565 8.93049 0.4491 850300000000 448100000000
 0.8900   586971 0.9000   595378      1   586968   586968   595375  0 7.62633e+11 7.53100e+11 194.690000 17.870000 134.930000  1 0.3900 168.010000 44.95050 9.90277 7.98857 -137.690 199.930 47.510 4.798e+11 -5.643e+11 4.094e+11 0.03667 257099 257099 678601 4226 77 257087 257149 17.8701 1839900000000 1839900000000 743570000000 524310000000 238320000000 11.0622 0 0.03354 0.70646 0.43457 29.2332 6.08775 13.614 0.71069 0.33333 24.2534 7.70062 12.5895 0.4479 849100000000 371800000000
 0.8800   578591 0.8900   586971      1   578588   578588   586968  0 7.65833e+11 7.72200e+11 197.093000 19.451000 134.590000  1 0.3900 167.250000 44.96125 9.86782 7.98019 -133.740 189.080 37.840 8.824e+10 -5.730e+11 5.530e+11 0.03286 257100 257100 678601 158 76 257087 257149 19.4511 943770000000 1267900000000 686380000000 543380000000 209730000000 8.71395 0 0.03057 0.64241 0.3006 28.7053 2.61079 14.7599 0.36295 0.16222 27.4988 -2.01772 12.6597 0.4495 859000000000 409900000000
 0.8700   570131 0.8800   578591      1       -1       -1   578588  0 7.81700e+11 7.72200e+11 197.864000 22.421000 133.640000  1 0.3900 162.940000 44.98084 9.84133 7.97533 -128.570 180.860 29.880 -5.987e+10 -3.060e+11 4.580e+11 0.02281 257101 257101 678601 3230 75 257087 257149 22.4212 838900000000 981900000000 657780000000 533850000000 238320000000 8.01047 0 0.02122 0.54762 0.25675 34.6717 2.06346 13.1799 0.38555 0.18518 31.3095 -1.0477 9.13961 0.4438 849200000000 438500000000
 0.8600   561676 0.8700   570131      1       -1       -1       -1  0 7.81700e+11 7.81700e+11 199.447000 22.484000 130.710000  1 0.3900 164.410000 45.00133 9.82851 7.97889 -128.050 172.370 21.490 -1.101e+11 -5.117e+11 5.245e+11 0.03020 257102 257102 678601 4279 74 257087 257149 22.4838 829370000000 915170000000 667310000000 476650000000 152530000000 18.0898 0 0.02791 0.59201 0.31369 27.7285 5.52887 11.5547 0.40892 0.15912 22.8762 10.2936 7.02411 0.4273 793900000000 429000000000
 0.8500   553240 0.8600   561676      1       -1       -1       -1  0 7.81700e+11 7.24500e+11 195.209000 27.647000 128.930000  1 0.3900 153.870000 44.98233 9.79827 7.95889 -122.870 163.020 18.220 -2.507e+11 -6.415e+11 2.905e+11 0.03395 257103 257103 678601 4262 73 257087 257149 27.6471 734040000000 848440000000 648240000000 428980000000 152530000000 34.9045 0 0.03208 0.63007 0.28229 19.3197 2.97352 13.5454 0.61352 0.19368 13.2215 7.59442 9.52818 0.4408 767300000000 467100000000
 0.8400   544735 0.8500   553240      1       -1       -1       -1  0 7.81700e+11 7.43600e+11 197.660000 25.131000 125.490000  1 0.3900 159.050000 45.04119 9.77398 7.97578 -122.150 156.620 10.910 -3.405e+11 -4.263e+11 3.697e+11 0.02998 257104 257104 678601 4292 72 257087 257149 25.1308 762640000000 838900000000 695910000000 505250000000 152530000000 12.7533 0 0.0272 0.43535 0.41318 22.7518 -4.87934 13.6751 0.40083 0.24929 20.7383 -8.45759 9.8086 0.4024 841300000000 467100000000
 0.8300   536224 0.8400   544735      1       -1       -1       -1  0 7.81700e+11 7.34000e+11 197.558000 27.099000 122.960000  1 0.3900 156.720000 45.02572 9.75284 7.95034 -119.240 148.890 7.570 -3.737e+11 -5.170e+11 1.529e+11 0.03003 257105 257105 678601 4285 71 257087 257149 27.0994 734040000000 810300000000 657780000000 486180000000 152530000000 36.233 0 0.02777 0.61232 0.41426 28.5051 -5.41511 23.7403 0.7377 0.28846 23.145 6.324 16.6351 0.4022 753700000000 486200000000
 0.8200   527628 0.8300   536224      1       -1       -1       -1  0 7.81700e+11 7.43600e+11 199.157000 23.032000 125.590000  1 0.3900 163.460000 45.06837 9.73593 7.96345 -114.760 141.780 2.040 -3.580e+11 -3.262e+11 3.407e+10 0.02272 257106 257106 678601 3267 70 257087 257149 23.0324 743570000000 791240000000 686380000000 505250000000 228790000000 21.3548 0.95 0.0202 0.73153 0.4736 17.8636 -20.3051 10.9874 0.60523 0.43182 -9.66822 19.6739 -4.36024 0.39 787000000000 457600000000
 0.8100   518986 0.8200   527628      1       -1       -1       -1  0 7.81700e+11 7.15000e+11 197.303000 21.132000 127.290000  1 0.3900 164.680000 45.08669 9.71245 7.96560 -116.580 139.740 -3.850 -2.308e+11 -5.271e+11 -2.293e+10 0.02964 257107 257107 678601 4325 69 257087 257149 21.1318 762640000000 791240000000 619640000000 476650000000 247860000000 18.9657 0 0.02569 0.73263 0.3496 15.7027 -13.9672 11.1396 0.53489 0.213 -0.5687 20.3099 -3.98467 0.388 773400000000 390900000000
 0.8000   510311 0.8100   518986      1       -1       -1       -1  0 7.81700e+11 7.05400e+11 197.149000 20.200000 124.690000  1 0.3900 166.250000 45.11171 9.67597 7.97129 -112.590 134.990 -9.360 -1.034e+11 -4.894e+11 2.088e+11 0.02913 257108 257108 678601 3322 68 257087 257149 20.1999 743570000000 810300000000 629180000000 467120000000 181130000000 3.6674 0 0.02484 0.59315 0.36074 22.3477 -3.73243 14.8153 0.48177 0.26591 18.8699 -0.37235 12.7583 0.37 790800000000 409900000000
 0.7900   501668 0.8000   510311      1       -1       -1       -1  0 7.81700e+11 7.05400e+11 197.872000 18.295000 122.790000  1 0.3900 170.910000 45.11898 9.65195 7.96475 -110.740 130.280 -11.720 -1.514e+11 -4.605e+11 1.689e+11 0.02739 257109 257109 678601 4348 67 257087 257149 18.2945 724510000000 781710000000 648240000000 505250000000 200190000000 12.4414 0 0.02362 0.56593 0.35778 25.2083 11.3849 19.9267 0.32522 0.08635 23.2177 14.2886 19.4308 0.3666 827800000000 362300000000
 0.7800   493029 0.7900   501668      1       -1       -1       -1  0 7.81700e+11 6.86400e+11 196.786000 19.795000 123.150000  1 0.3900 166.910000 45.15281 9.63063 7.98176 -106.690 125.310 -15.240 -2.017e+11 -4.562e+11 3.464e+11 0.03475 257110 257110 678601 3343 66 257087 257149 19.795 695910000000 791240000000 619640000000 514780000000 200190000000 8.82253 0 0.02939 0.6416 0.41276 26.2953 3.40146 17.4459 0.37321 0.22801 21.2687 20.8091 17.0974 0.3614 794300000000 390900000000
 0.7700   484357 0.7800   493029      1       -1       -1       -1  0 7.81700e+11 6.76800e+11 196.576000 16.835000 124.400000  1 0.3900 173.200000 45.17369 9.61084 7.97749 -105.940 121.990 -17.210 -1.151e+11 -4.762e+11 4.438e+11 0.03932 257111 257111 678601 4380 65 257087 257149 16.8347 695910000000 762640000000 610110000000 514780000000 200190000000 10.2992 0 0.0329 0.64788 0.41644 25.1903 -3.62267 16.5947 0.61647 0.32561 16.0073 10.929 17.9721 0.3611 821300000000 305100000000
 0.7600   475661 0.7700   484357      1       -1       -1       -1  0 7.81700e+11 6.67300e+11 196.346000 16.635000 123.100000  1 0.3900 173.650000 45.19687 9.58406 7.99186 -103.640 118.300 -20.200 -9.038e+09 -6.398e+11 3.889e+11 0.04667 257112 257112 678601 4378 64 257087 257149 16.6354 695910000000 762640000000 552910000000 514780000000 228790000000 16.5436 0 0.03834 0.50419 0.41115 21.7069 -9.25642 9.90467 0.44237 0.21726 15.1828 -10.4831 8.42102 0.3475 822400000000 295500000000
 0.7500   466928 0.7600   475661      1       -1       -1       -1  0 7.81700e+11 6.38700e+11 194.183000 13.040000 121.080000  1 0.3900 182.240000 45.20844 9.56681 7.99644 -105.380 119.520 -27.570 2.694e+11 -6.620e+11 3.938e+11 0.05622 257113 257113 678601 4394 63 257087 257149 13.0404 638710000000 724510000000 552910000000 505250000000 228790000000 6.28232 0 0.04517 0.54108 0.39176 21.0451 -11.4473 7.83887 0.51939 0.26823 14.4791 -14.1856 6.58783 0.3324 829500000000 238300000000
 0.7400   458129 0.7500   466928      1       -1       -1       -1  0 7.81700e+11 6.38700e+11 194.861000 15.763000 123.540000  1 0.3900 174.770000 45.23790 9.53358 8.00108 -101.830 116.280 -28.330 -3.048e+09 -4.856e+11 5.746e+11 0.05220 257114 257114 678601 4405 62 257087 257149 15.7628 638710000000 676840000000 581510000000 467120000000 257390000000 6.00023 0 0.04185 0.66056 0.47623 14.5987 -11.4373 10.1438 0.4987 0.25423 -8.17869 12.7932 -10.4275 0.3381 778800000000 295500000000
 0.7300   449303 0.7400   458129      1       -1       -1       -1  0 7.81700e+11 6.10100e+11 192.571000 16.757000 116.340000  1 0.3900 169.990000 45.24632 9.50589 8.00383 -98.250 111.670 -31.340 1.509e+11 -4.399e+11 3.211e+11 0.04303 257115 257115 678601 3374 61 257087 257149 16.7565 619640000000 695910000000 591050000000 486180000000 209730000000 7.90969 4.42 0.0341 0.75969 0.5245 26.8758 -11.7174 10.3999 0.96992 0.6308 -10.7041 19.9786 -9.53583 0.3136 734200000000 314600000000
 0.7200   440459 0.7300   449303      1       -1       -1       -1  0 7.81700e+11 6.29200e+11 195.222000 18.936000 114.550000  1 0.3900 168.360000 45.28300 9.48772 7.99760 -96.220 107.910 -34.440 -4.128e+09 -2.987e+11 5.112e+11 0.04144 257116 257116 678601 4507 60 257087 257149 18.9361 629180000000 676840000000 600580000000 457580000000 200190000000 14.6179 0 0.03412 0.69224 0.59472 24.3192 -9.36128 20.5246 0.72591 0.57333 18.7442 -0.77863 20.432 0.3174 715500000000 314600000000
 0.7100   431545 0.7200   440459      1       -1       -1       -1  0 7.81700e+11 6.48200e+11 197.841000 18.076000 111.190000  1 0.3900 173.300000 45.29331 9.47100 8.01483 -95.690 104.070 -35.630 4.921e+10 -3.638e+11 6.955e+11 0.05177 257117 257117 678601 3433 59 257087 257149 18.0758 648240000000 676840000000 562450000000 438520000000 162060000000 8.51726 1.52 0.04335 0.65661 0.39412 29.5243 -11.7831 19.6561 0.81083 0.39824 23.1628 -4.98755 15.8309 0.3065 703500000000 333700000000
 0.7000   422569 0.7100   431545      1       -1       -1       -1  0 7.81700e+11 6.38700e+11 197.524000 26.482000 103.700000  1 0.3900 159.890000 45.32313 9.43457 8.02538 -96.480 98.870 -40.970 2.285e+11 -4.571e+11 5.634e+11 0.05065 257118 257118 678601 4674 58 257087 257149 26.482 648240000000 705440000000 581510000000 419450000000 114400000000 10.1975 1.64 0.04321 0.6339 0.20482 21.5425 -22.0979 17.1574 0.64293 0.1439 18.5918 -17.3885 12.3891 0.2857 634400000000 390900000000
 0.6900   413574 0.7000   422569      1       -1       -1       -1  0 7.81700e+11 6.29200e+11 197.185000 24.407000 102.590000  1 0.3900 162.480000 45.32747 9.44155 8.02263 -95.540 91.210 -38.730 5.693e+11 -4.762e+11 4.089e+11 0.05776 257119 257119 678601 4687 57 257087 257149 24.4071 629180000000 695910000000 524310000000 381320000000 162060000000 21.3902 0 0.04963 0.52877 0.26537 31.6966 -22.0055 19.9223 0.35158 0.14349 28.1977 -18.7066 22.5059 0.2838 586700000000 352700000000
 0.6800   404572 0.6900   413574      1       -1       -1       -1  0 7.81700e+11 6.29200e+11 197.828000 36.424000 95.650000  1 0.3900 152.440000 45.34686 9.42088 8.02824 -92.230 86.330 -40.460 5.835e+11 -3.640e+11 4.591e+11 0.05689 257120 257120 678601 4673 56 257087 257149 36.4238 629180000000 686380000000 514780000000 333650000000 133460000000 26.228 0 0.04871 0.44264 0.34277 29.8473 -22.6177 11.4637 0.37549 0.09029 27.1185 -19.9371 16.8665 0.2531 605600000000 486200000000
 0.6700   395589 0.6800   404572      1       -1       -1       -1  0 7.81700e+11 5.24300e+11 186.762000 43.523000 100.190000  1 0.3900 139.850000 45.36530 9.47407 8.09637 -98.950 84.340 -34.920 4.911e+11 -3.963e+11 1.215e+11 0.04735 257121 257121 678601 4720 55 257087 257149 43.5225 524310000000 648240000000 467120000000 0 0 58.7463 0 0.05159 0.78938 0.5165 -7.74419 78.8766 34.9459 0 0 0 0 0 0.3958 651400000000 486200000000
 0.6600   386653 0.6700   395589      1       -1       -1       -1  0 7.81700e+11 7.15000e+11 207.762000 60.294000 94.560000  1 0.3900 152.670000 45.40654 9.40270 8.07453 -91.770 81.390 -37.370 7.697e+11 -5.375e+11 4.460e+11 0.05400 257122 257122 678601 4692 54 257087 257149 60.2944 714970000000 762640000000 600580000000 276460000000 0 28.1514 0 0.05006 0.71106 0.2883 15.3051 55.9795 10.5338 0.53969 0.14904 24.6167 12.7974 33.614 0.253 648900000000 791200000000
 0.6500   377623 0.6600   386653      1       -1       -1       -1  0 7.81700e+11 7.53100e+11 212.054000 57.352000 93.390000  1 0.3900 157.240000 45.42451 9.33983 8.08622 -85.180 77.290 -38.000 8.415e+11 -7.107e+11 7.173e+11 0.06476 257123 257123 678601 3649 53 257087 257149 57.352 753110000000 772170000000 648240000000 295520000000 76264000000 16.1069 0 0.0584 0.44512 0.22335 22.2014 -25.3626 27.7787 0.55914 0.03607 17.6463 -19.787 20.3823 0.2291 692500000000 772200000000
 0.6400   368546 0.6500   377623      1       -1       -1       -1  0 7.81700e+11 7.72200e+11 214.489000 60.405000 93.520000  1 0.3900 158.970000 45.43877 9.32233 8.09075 -84.010 73.730 -41.760 7.876e+11 -7.063e+11 8.141e+11 0.06346 257124 257124 678601 3652 52 257087 257149 60.4048 772170000000 810300000000 648240000000 276460000000 38132000000 20.4022 0 0.05725 0.42958 0.23607 37.1953 -27.7356 29.4086 0.37023 0.17075 35.5891 -1.47655 17.9724 0.2231 699900000000 829400000000
 0.6300   359434 0.6400   368546      1       -1       -1       -1  0 7.81700e+11 7.91200e+11 216.899000 61.974000 98.160000  1 0.3900 161.090000 45.47299 9.28615 8.10418 -82.660 74.910 -43.400 7.898e+11 -8.571e+11 7.568e+11 0.06452 257125 257125 678601 4742 51 257087 257149 61.9742 791240000000 810300000000 667310000000 438520000000 57198000000 26.9365 0 0.05759 0.60968 0.32703 30.0054 -25.8091 29.479 0.5475 0.30657 22.5394 -14.0014 26.2573 0.2272 701600000000 829400000000
 0.6200   350335 0.6300   359434      1       -1       -1       -1  0 7.78500e+11 7.81700e+11 216.672000 38.793000 104.150000  1 0.3900 170.750000 45.50566 9.27701 8.11876 -81.990 71.970 -44.170 7.615e+11 -7.066e+11 7.227e+11 0.06239 257126 257126 678601 4739 50 257087 257149 38.793 781710000000 800770000000 743570000000 457580000000 9533000000 14.6989 1.49 0.05386 0.60274 0.35697 -20.9821 33.5699 -32.1357 0.4324 0.18394 6.38352 -27.3812 31.1964 0.2359 768800000000 600600000000
 0.6100   341209 0.6200   350335      1       -1       -1       -1  0 7.72167e+11 7.62600e+11 215.530000 27.890000 113.450000  1 0.3900 180.390000 45.52798 9.24939 8.14816 -78.950 68.020 -44.020 6.870e+11 -3.480e+11 4.918e+11 0.04855 257127 257127 678601 4788 49 257087 257149 27.89 762640000000 810300000000 743570000000 562450000000 47665000000 18.7225 2.51 0.0408 0.51737 0.39006 -20.4411 35.6793 -24.7357 0.51867 0.11951 -9.09403 33.474 -23.4049 0.2586 832900000000 467100000000
 0.6000   332064 0.6100   341209      1       -1       -1       -1  0 7.69000e+11 7.72200e+11 217.053000 23.676000 121.200000  1 0.3900 188.840000 45.55992 9.23535 8.16171 -75.680 64.640 -42.760 7.089e+11 -3.858e+11 5.808e+11 0.05392 257128 257128 678601 360 48 257087 257149 23.6764 772170000000 772170000000 734040000000 648240000000 171590000000 12.6342 0 0.04378 0.52347 0.39165 -15.4753 32.2183 -16.5013 0.40455 0.22993 -8.07929 33.0789 -10.0398 0.2703 856500000000 429000000000
 0.5900   322897 0.6000   332064      1       -1       -1       -1  0 7.59467e+11 7.72200e+11 217.673000 20.070000 125.820000  1 0.3900 197.400000 45.58765 9.21981 8.17763 -74.820 60.460 -44.590 7.049e+11 -3.822e+11 5.652e+11 0.05482 257129 257129 678601 4878 47 257087 257149 20.0697 772170000000 772170000000 734040000000 610110000000 181130000000 12.5182 2.5 0.0435 0.68437 0.31408 -14.543 37.4939 -10.8873 0.41702 0.12028 -24.4193 38.2666 -10.8537 0.2772 917700000000 400400000000
 0.5800   313662 0.5900   322897      1       -1       -1       -1  0 7.49933e+11 7.34000e+11 214.630000 16.514000 124.380000  1 0.3900 204.140000 45.60752 9.19138 8.20450 -74.830 56.490 -47.220 5.802e+11 -4.140e+11 6.251e+11 0.06033 257130 257130 678601 4864 46 257087 257149 16.5143 734040000000 743570000000 724510000000 591050000000 305060000000 19.8845 0 0.04607 0.71967 0.46189 -7.91448 29.3997 -22.9411 0.62426 0.46423 -14.819 23.1954 -19.1903 0.2637 873400000000 324100000000
 0.5700   304434 0.5800   313662      1       -1       -1       -1  0 7.34033e+11 7.43600e+11 216.149000 17.089000 119.830000  1 0.3900 205.140000 45.63990 9.17232 8.21170 -72.680 54.480 -49.720 5.812e+11 -4.844e+11 6.240e+11 0.06127 257131 257131 678601 4814 45 257087 257149 17.0892 743570000000 753110000000 695910000000 571980000000 343190000000 13.9127 2.64 0.04698 0.73136 0.55772 -6.45927 -16.7817 17.2856 0.77698 0.54842 -5.5128 -13.525 15.1301 0.2507 781500000000 352700000000
 0.5600   295180 0.5700   304434      1       -1       -1       -1  0 7.11800e+11 7.24500e+11 214.865000 39.293000 107.610000  1 0.3900 173.140000 45.67818 9.14713 8.24637 -69.940 50.700 -47.940 3.696e+11 -4.709e+11 5.839e+11 0.05011 257132 257132 678601 4864 44 257087 257149 39.2935 724510000000 724510000000 667310000000 448050000000 171590000000 31.4839 0 0.04215 0.51222 0.30451 -17.5414 32.1221 -18.7149 0.49952 0.29312 23.6419 -20.1273 4.99792 0.2487 656000000000 591000000000
 0.5500   285927 0.5600   295180      1       -1       -1       -1  0 6.22833e+11 6.67300e+11 209.609000 49.625000 99.170000  1 0.3900 164.070000 45.71436 9.10435 8.25411 -65.170 49.230 -47.130 2.989e+11 -4.458e+11 3.936e+11 0.04242 257133 257133 678601 4839 43 257087 257149 49.625 667310000000 676840000000 619640000000 333650000000 57198000000 44.9532 0 0.03877 0.31387 0.19768 -38.0898 51.0621 -14.423 0.23089 0.07924 40.3162 -20.781 4.82041 0.2605 608400000000 657800000000
 0.5400   276710 0.5500   285927      1       -1       -1       -1  0 5.46567e+11 4.76700e+11 187.857000 70.584000 87.950000  1 0.3900 142.720000 45.76952 9.04673 8.28616 -72.020 58.540 -49.270 2.859e+11 -1.294e+11 3.025e+11 0.04533 257134 257134 678601 4854 42 257087 257149 70.5836 476650000000 476650000000 362250000000 171590000000 38132000000 58.9229 0 0.04484 0.28396 0.08025 -27.3075 32.1187 -7.99709 0.38258 0.13104 13.059 -4.74169 1.31413 0.2861 487900000000 715000000000
 0.5300   267470 0.5400   276710      1       -1       -1       -1  0 5.21133e+11 4.95700e+11 190.814000 46.433000 83.340000  1 0.3900 150.520000 45.72584 9.21455 8.23968 -61.800 29.180 -29.850 -8.504e+10 -2.998e+11 1.896e+11 0.03902 257135 257135 678601 4865 41 257087 257149 46.4332 495720000000 495720000000 381320000000 295520000000 19066000000 31.2947 0 0.03544 0.58857 0.51381 8.27595 32.687 12.1607 0.45602 0.18891 8.68292 29.4183 12.4904 0.2236 451700000000 476600000000
 0.5200   258244 0.5300   267470      1       -1       -1       -1  0 4.79800e+11 5.91000e+11 202.839000 73.124000 78.240000  1 0.3900 156.120000 45.75899 9.09780 8.29845 -54.390 42.630 -43.410 2.349e+11 -2.943e+11 2.079e+11 0.03173 257136 257136 678601 3734 40 257087 257149 73.1238 591050000000 600580000000 467120000000 9533000000 0 18.2408 0 0.03143 0.03747 0 -58.9384 111.269 -56.0655 0 0 0 0 0 0.216 540300000000 724500000000
 0.5100   248963 0.5200   258244      1       -1       -1       -1  0 4.19433e+11 3.52700e+11 171.189000 35.594000 77.330000  1 0.3900 139.270000 45.78463 9.20837 8.24407 -51.810 23.340 -16.490 -1.471e+11 -2.570e+11 1.563e+11 0.06384 257137 257137 678601 3689 39 257087 257149 35.5941 352720000000 352720000000 314590000000 209730000000 0 18.2827 4.87 0.05833 0.63504 0.22036 5.67067 25.3545 39.7164 0.74786 0.03788 29.5912 8.38368 22.394 0.2287 363100000000 295500000000
 0.5000   239795 0.5100   248963      1       -1       -1       -1  0 3.33667e+11 3.14600e+11 165.174000 35.396000 61.810000  1 0.3900 134.700000 45.86216 8.95070 8.39817 -59.140 53.080 -61.020 1.164e+11 -9.735e+10 9.602e+10 0.04232 257138 257138 678601 3734 38 257087 257149 35.3958 314590000000 314590000000 266920000000 133460000000 0 17.772 0 0.03818 0.08098 0.02316 23.1863 45.2673 -18.4294 0.28322 0.05856 16.1555 27.5636 -16.3948 0.1588 349900000000 266900000000
 0.4900   230615 0.5000   239795      1       -1       -1       -1  0 3.08267e+11 3.33700e+11 168.836000 63.711000 64.670000  1 0.3900 132.200000 45.83156 9.04540 8.35722 -60.500 60.580 -46.700 1.395e+11 -1.191e+11 1.111e+11 0.03815 257139 257139 678601 4828 37 257087 257149 63.7107 333650000000 333650000000 0 0 0 26.1036 3.49 0.0417 0.3349 0.06211 -60.3401 87.7565 -33.6534 0 0 0 0 0 0.2322 428600000000 610100000000
 0.4800   221468 0.4900   230615      1       -1       -1       -1  0 2.95567e+11 2.76500e+11 158.935000 41.640000 62.220000  1 0.3900 128.440000 45.94400 8.94351 8.43786 -48.160 52.910 -54.360 1.341e+11 -6.008e+10 9.210e+10 0.05279 257140 257140 678601 4830 36 257087 257149 41.6404 276460000000 276460000000 228790000000 142990000000 47665000000 43.2215 6.4 0.04657 0.39475 0.03491 21.9232 18.8977 -16.4102 0.35745 0.0077 -4.3211 2.3905 16.2573 0.1521 321200000000 286000000000
 0.4700   212332 0.4800   221468      1       -1       -1       -1  0 2.73300e+11 2.76500e+11 159.284000 21.928000 64.260000  1 0.3900 142.250000 45.94770 8.89709 8.47957 -46.580 43.720 -53.950 1.169e+11 -4.434e+10 7.152e+10 0.04764 257141 257141 678601 4852 35 257087 257149 21.9276 276460000000 276460000000 266920000000 200190000000 0 11.2697 0 0.03904 0.202 0.11535 35.6148 30.3355 -32.2752 0.59462 0.21196 20.1153 29.6948 -10.749 0.1411 283500000000 181100000000
 0.4600   203223 0.4700   212332      1       -1       -1       -1  0 2.73300e+11 2.66900e+11 157.767000 14.103000 66.820000  1 0.3900 155.500000 45.96769 8.87847 8.50320 -41.040 39.140 -50.380 8.663e+10 -6.276e+10 9.185e+10 0.05219 257142 257142 678601 3868 34 257087 257149 14.1031 266920000000 266920000000 266920000000 238320000000 0 10.1199 0 0.04092 0.68066 0.48095 32.3788 14.2964 -16.8717 0.9189 0.14374 17.0897 24.9397 -5.42663 0.142 323600000000 95330000000
 0.4500   194185 0.4600   203223      1       -1       -1       -1  0 2.73300e+11 2.76500e+11 159.954000 12.304000 68.070000  1 0.3900 164.760000 45.98683 8.85261 8.53763 -39.420 37.490 -48.940 8.580e+10 -7.603e+10 6.924e+10 0.04788 257143 257143 678601 3642 33 257087 257149 12.304 276460000000 276460000000 257390000000 238320000000 0 12.3148 0 0.03703 0.68639 0.3728 41.2378 -4.64716 -11.2665 0.6505 0.29679 41.3984 3.3999 -13.2663 0.1402 350400000000 104900000000
 0.4400   185127 0.4500   194185      1       -1       -1       -1  0 2.22467e+11 2.76500e+11 160.275000 19.543000 66.570000  1 0.3900 150.050000 46.01546 8.81390 8.56340 -36.610 34.980 -46.980 8.472e+10 -7.514e+10 6.839e+10 0.04531 257144 257144 678601 4771 32 257087 257149 19.5428 276460000000 276460000000 266920000000 200190000000 38132000000 28.0298 0 0.03695 0.58857 0.26501 28.1095 -25.514 -8.64814 0.56348 0.07216 33.5202 -14.6354 -12.3368 0.1491 263900000000 171600000000
 0.4300   176111 0.4400   185127      1       -1       -1       -1  0 1.77977e+11 1.14400e+11 119.666000 13.217000 45.030000  1 0.3900 115.330000 45.97139 9.22228 8.27354 -45.120 2.980 -27.990 1.665e+10 -1.333e+10 1.087e+10 0.03401 257145 257145 678601 3636 31 257087 257149 13.2173 114400000000 114400000000 104860000000 85797000000 9533000000 16.2903 0 0.0294 0.82844 0.6331 22.8396 6.89765 0.70511 0.24754 0.03268 28.6029 -5.46269 21.0205 0.1281 156500000000 57200000000
 0.4200   167154 0.4300   176111      1       -1       -1       -1  0 1.77977e+11 1.04900e+11 116.464000 7.166000 49.910000  1 0.3900 130.390000 46.00837 9.21818 8.29076 -46.930 3.970 -25.220 1.082e+10 -1.341e+09 2.401e+09 0.02096 257146 257146 678601 3616 30 257087 257149 7.16584 104860000000 104860000000 104860000000 76264000000 66731000000 11.6597 0 0.01602 0.43512 0.24494 10.0309 15.8578 -12.7748 0.29617 0.15228 10.8922 18.6062 -14.1224 0.1267 141400000000 38130000000
 0.4100   158278 0.4200   167154      1       -1       -1       -1  0 1.77977e+11 9.53300e+10 113.027000 27.547000 32.090000  1 0.3900 97.500000 46.07999 8.91894 8.26265 -43.340 52.250 3.120 -1.409e+10 -9.941e+09 -3.008e+09 0.02998 257147 257147 678601 3628 29 257087 257149 27.5467 95330000000 95330000000 85797000000 57198000000 9533000000 4.41725 6.59 0.02979 0.33006 0.06751 26.2791 18.1457 7.2055 0.66613 0.27272 42.1794 17.8812 -1.74552 0.1026 119200000000 85800000000
 0.4000   149499 0.4100   158278      1       -1       -1       -1  0 1.77977e+11 2.76500e+11 161.463000 52.866000 52.730000  1 0.3900 137.140000 46.06416 8.76250 8.68064 -31.070 26.870 -42.760 1.015e+11 -8.144e+10 6.017e+10 0.04237 257148 257148 678601 4797 28 257087 257149 52.8661 276460000000 276460000000 228790000000 19066000000 0 11.4206 0 0.04184 0.09502 0.03702 62.0533 57.0492 -19.9124 0 0 0 0 0 0.1435 233100000000 314600000000
 0.3900   140826 0.4000   149499      0       -1       -1       -1  0 1.62100e+11 1.62100e+11 135.360000 25.531000 46.710000  1 0.3900 123.060000 45.99826 8.69561 8.75032 -19.730 29.310 -51.840 2.508e+10 -7.969e+10 1.695e+10 0.06640 257149 257149 678601 4725 27 257087 257149 25.531 162060000000 162060000000 142990000000 66731000000 19066000000 24.1409 0 0.06131 0.87897 0.47531 -11.2523 -6.37792 21.5237 0.51988 0.00519 -4.04852 15.3065 5.37585 0.1278 174900000000 133500000000
