 1.0000   676775 0.0000       -1      1   676776   676776       -1  0 2.09700e+11 2.09700e+11 121.549000 6.272000 105.540000  1 0.2600 122.760000 5.35290 42.81300 10.68981 -76.490 228.030 234.300 1.473e+11 -1.918e+11 -2.835e+10 0.08229 467559 467559 676775 2290 88 467558 467633 6.27172 486180000000 486180000000 276460000000 219260000000 57198000000 13.4021 3.82 0.0784 0.70862 0.32456 18.7404 7.4588 -7.84917 0.40712 0.03325 14.9985 7.68502 -8.94149 0.5667 412000000000 47660000000
 0.9900   668615 1.0000   676775      1   668616   668616   676776  0 2.12900e+11 2.19300e+11 123.883000 5.689000 103.270000  1 0.2600 129.180000 5.36125 42.79129 10.66711 -87.370 208.090 219.320 1.549e+11 -1.777e+11 -6.548e+09 0.07296 467560 467560 676775 2271 87 467558 467633 5.68874 352720000000 409920000000 276460000000 209730000000 19066000000 9.79515 6.49 0.07071 0.74212 0.34635 17.8252 3.87194 -15.7583 0.87064 0.14404 -11.43 -1.35971 15.686 0.5591 436700000000 28600000000
 0.9800   660249 0.9900   668615      1   660250   660250   668616  0 2.09733e+11 2.09700e+11 122.573000 6.422000 94.290000  1 0.2600 122.960000 5.36960 42.77002 10.64527 -101.030 201.090 200.300 1.497e+11 -1.300e+11 1.745e+10 0.06765 467561 467561 676775 2278 86 467558 467633 6.42183 305060000000 362250000000 219260000000 200190000000 0 10.0597 6.69 0.06448 0.72556 0.29675 -12.0358 0.51638 22.7093 0.20978 0.02398 -9.78637 4.73889 28.594 0.5126 391600000000 28600000000
 0.9700   651922 0.9800   660249      1       -1       -1   660250  0 3.36800e+11 2.00200e+11 121.190000 5.305000 101.110000  1 0.2600 127.850000 5.40278 42.74789 10.61996 -113.580 191.000 200.010 1.499e+11 -1.414e+11 -3.030e+10 0.08759 467562 467562 676775 2299 85 467558 467633 5.30498 276460000000 352720000000 209730000000 200190000000 104860000000 5.18374 0 0.07311 0.76753 0.42613 1.53783 2.50006 20.4245 0.67649 0.30774 7.08768 5.26676 18.6394 0.4831 411200000000 47660000000
 0.9600   643609 0.9700   651922      1       -1       -1       -1  0 3.36800e+11 2.00200e+11 121.692000 5.618000 96.500000  1 0.2600 126.280000 5.41521 42.72862 10.59784 -121.300 180.290 190.220 1.529e+11 -1.438e+11 -2.684e+10 0.08865 467563 467563 676775 1268 84 467558 467633 5.61829 257390000000 343190000000 209730000000 190660000000 104860000000 5.57779 0 0.0745 0.68984 0.33463 1.35792 9.22283 21.342 0.66114 0.19544 1.03236 9.37158 19.78 0.4624 389000000000 19070000000
 0.9500   635313 0.9600   643609      1       -1       -1       -1  0 3.36800e+11 2.19300e+11 125.956000 7.389000 90.900000  1 0.2600 122.100000 5.41875 42.70514 10.57261 -127.660 172.110 178.100 1.592e+11 -2.086e+11 -4.634e+10 0.09072 467564 467564 676775 2303 83 467558 467633 7.38875 285990000000 352720000000 209730000000 190660000000 0 8.36306 0 0.08089 0.61743 0.40197 6.6748 13.4166 23.8949 0.54563 0.11257 2.56681 14.4632 24.9743 0.4465 367300000000 47660000000
 0.9400   627028 0.9500   635313      1       -1       -1       -1  0 3.36800e+11 2.38300e+11 130.037000 9.806000 92.500000  1 0.2600 117.980000 5.43055 42.68444 10.54850 -137.720 153.790 174.950 -1.704e+10 -1.652e+11 -9.630e+10 0.05194 467565 467565 676775 245 82 467558 467633 9.80554 257390000000 324120000000 209730000000 190660000000 0 7.70544 0 0.05089 0.53026 0.42105 12.9197 16.747 23.2767 0.47857 0.27666 10.7188 21.2325 18.0832 0.483 335500000000 95330000000
 0.9300   618719 0.9400   627028      1       -1       -1       -1  0 3.36800e+11 2.28800e+11 128.802000 8.915000 92.130000  1 0.2600 119.330000 5.45018 42.66499 10.53728 -140.650 154.220 165.060 6.305e+10 -1.937e+11 -7.408e+10 0.06584 467566 467566 676775 3293 81 467558 467633 8.9154 247860000000 305060000000 209730000000 181130000000 0 2.37282 6.32 0.06171 0.41047 0.33194 15.2295 22.1547 16.028 0.0049 0 6.17125 23.259 10.9486 0.4673 336300000000 76260000000
 0.9200   610385 0.9300   618719      1       -1       -1       -1  0 3.36800e+11 2.28800e+11 129.323000 12.081000 91.720000  1 0.2600 111.300000 5.46142 42.63779 10.51950 -148.290 140.140 162.210 5.734e+10 -1.963e+11 -7.199e+10 0.06251 467567 467567 676775 2304 80 467558 467633 12.0812 238320000000 266920000000 228790000000 171590000000 19066000000 13.2142 0 0.06193 0.47636 0.19498 21.3171 21.7336 3.12291 0.23183 0.00207 13.8639 19.29 -0.11363 0.4908 301200000000 114400000000
 0.9100   602035 0.9200   610385      1       -1       -1       -1  0 3.36800e+11 2.28800e+11 129.843000 8.945000 91.960000  1 0.2600 120.300000 5.48894 42.62320 10.49044 -155.770 127.500 157.590 -1.436e+10 -1.470e+11 -7.557e+10 0.05148 467568 467568 676775 2298 79 467558 467633 8.94459 247860000000 285990000000 228790000000 162060000000 76264000000 7.72924 1.61 0.04755 0.38111 0.35436 12.1072 12.2669 4.75818 0.24888 0.16644 15.7851 9.95615 6.34557 0.454 291700000000 76260000000
 0.9000   593685 0.9100   602035      1       -1       -1       -1  0 3.36800e+11 2.28800e+11 130.362000 9.562000 89.410000  1 0.2600 118.810000 5.51005 42.60819 10.47083 -161.460 119.150 152.100 -1.332e+10 -1.477e+11 -7.616e+10 0.05354 467569 467569 676775 2317 78 467558 467633 9.56167 266920000000 305060000000 209730000000 190660000000 76264000000 6.82382 1.41 0.04795 0.68213 0.51891 14.2085 13.5788 6.86078 0.57863 0.13503 15.2644 12.5327 2.14821 0.4241 305500000000 95330000000
 0.8900   585284 0.9000   593685      1       -1       -1       -1  0 3.36800e+11 2.38300e+11 132.673000 10.904000 85.910000  1 0.2600 117.520000 5.53247 42.59387 10.45143 -170.190 108.880 139.670 -8.070e+09 -1.616e+11 -9.901e+10 0.05758 467570 467570 676775 2320 77 467558 467633 10.9038 257390000000 324120000000 219260000000 190660000000 76264000000 7.53773 7.68 0.05114 0.9202 0.65935 16.017 11.1825 5.98073 0.67346 0.37155 15.8016 12.9642 -4.35573 0.3955 316200000000 104900000000
 0.8800   576902 0.8900   585284      1       -1       -1       -1  0 3.36800e+11 2.19300e+11 129.544000 9.246000 88.260000  1 0.2600 118.810000 5.55621 42.58036 10.45490 -170.090 115.980 134.690 -7.628e+10 -1.047e+11 -4.791e+10 0.04900 467571 467571 676775 3332 76 467558 467633 9.24622 257390000000 333650000000 228790000000 181130000000 95330000000 16.6397 16.52 0.04297 0.96365 0.53391 -2.99463 -6.44931 16.1356 0.625 0.11051 2.00826 14.9936 2.48289 0.419 286600000000 95330000000
 0.8700   568445 0.8800   576902      1       -1       -1       -1  0 3.36800e+11 2.28800e+11 131.910000 11.955000 88.800000  1 0.2600 114.120000 5.58151 42.56756 10.41349 -181.000 92.940 133.030 -3.502e+10 -1.371e+11 -6.785e+10 0.05107 467572 467572 676775 2319 75 467558 467633 11.9548 257390000000 314590000000 238320000000 200190000000 66731000000 7.86103 0 0.04563 0.48885 0.33504 -3.18852 -0.86551 27.8031 0.39157 0.05483 0.05556 -1.23835 31.4503 0.4142 310200000000 114400000000
 0.8600   559985 0.8700   568445      1       -1       -1       -1  0 3.36800e+11 2.28800e+11 132.422000 11.029000 91.860000  1 0.2600 116.870000 5.60912 42.55670 10.39381 -186.270 83.240 126.290 -3.616e+10 -1.347e+11 -7.097e+10 0.04956 467573 467573 676775 2333 74 467558 467633 11.029 257390000000 285990000000 238320000000 200190000000 76264000000 9.52287 0 0.04569 0.34856 0.23775 -5.38484 -8.43833 29.6236 0.14706 0.03448 -0.69291 -9.2731 23.6962 0.4448 304300000000 95330000000
 0.8500   551558 0.8600   559985      1       -1       -1       -1  0 3.36800e+11 2.19300e+11 131.060000 6.571000 94.210000  1 0.2600 132.180000 5.62611 42.54238 10.40119 -190.900 72.340 115.380 -9.162e+10 -9.190e+10 -8.380e+10 0.06054 467574 467574 676775 2314 73 467558 467633 6.57067 247860000000 266920000000 228790000000 152530000000 123930000000 16.1008 0 0.0486 0.76663 0.2963 6.91297 12.9682 5.66848 0.53809 0.13918 -0.66348 12.7469 9.57235 0.3942 342900000000 76260000000
 0.8400   543044 0.8500   551558      1       -1       -1       -1  0 3.36800e+11 2.28800e+11 133.441000 5.957000 93.090000  1 0.2600 139.170000 5.65566 42.52784 10.37904 -202.380 62.760 103.790 -2.930e+10 -1.459e+11 -7.927e+10 0.06213 467575 467575 676775 2344 72 467558 467633 5.95684 247860000000 266920000000 219260000000 171590000000 133460000000 15.3337 9.1 0.04963 0.89928 0.41836 3.51028 11.2107 -6.33084 0.66315 0.22221 6.69087 9.43459 9.92393 0.3834 359600000000 66730000000
 0.8300   534533 0.8400   543044      1       -1       -1       -1  0 3.36800e+11 2.19300e+11 132.061000 7.245000 87.970000  1 0.2600 129.940000 5.68254 42.51276 10.36928 -204.520 55.600 105.730 -2.700e+10 -5.464e+10 -1.168e+11 0.05120 467576 467576 676775 230 71 467558 467633 7.24533 238320000000 266920000000 209730000000 171590000000 114400000000 13.7796 0 0.04178 0.89101 0.45205 5.06504 11.478 -6.11172 0.86231 0.3448 5.88493 7.99528 8.38564 0.3675 323600000000 76260000000
 0.8200   525951 0.8300   534533      1       -1       -1       -1  0 3.36800e+11 2.19300e+11 132.558000 7.067000 83.250000  1 0.2600 131.520000 5.71895 42.50930 10.34811 -210.490 44.260 100.700 -2.528e+10 -5.500e+10 -1.209e+11 0.05350 467577 467577 676775 2342 70 467558 467633 7.06681 238320000000 266920000000 200190000000 181130000000 123930000000 9.24878 0 0.04306 0.89727 0.69708 -4.47127 0.20355 15.8293 0.78458 0.51389 2.73021 3.14109 15.6456 0.3356 336400000000 66730000000
 0.8100   517309 0.8200   525951      1       -1       -1       -1  0 3.36800e+11 2.00200e+11 129.079000 5.867000 77.270000  1 0.2600 134.090000 5.75179 42.50208 10.33563 -212.630 36.630 96.800 6.981e+10 -1.270e+11 -5.469e+10 0.07590 467578 467578 676775 2348 69 467558 467633 5.867 209730000000 257390000000 200190000000 181130000000 123930000000 11.971 0 0.05766 0.77815 0.40383 -13.7357 -7.03311 16.6699 0.65921 0.21305 17.0767 14.7501 -9.91458 0.2865 345300000000 38130000000
 0.8000   508633 0.8100   517309      1       -1       -1       -1  0 3.36800e+11 2.00200e+11 129.556000 6.760000 78.960000  1 0.2600 129.480000 5.78189 42.49255 10.31871 -223.800 28.310 93.700 7.581e+10 -4.298e+10 -5.837e+10 0.05151 467579 467579 676775 2363 68 467558 467633 6.76023 209730000000 219260000000 209730000000 162060000000 123930000000 8.91654 0 0.03921 0.72883 0.39432 -4.0299 10.7779 15.7872 0.69212 0.23925 -5.27184 11.7382 12.5818 0.293 332000000000 47660000000
 0.7900   499998 0.8000   508633      1       -1       -1       -1  0 3.36800e+11 2.09700e+11 132.063000 12.387000 80.440000  1 0.2600 113.690000 5.84513 42.51404 10.28405 -226.620 11.420 90.530 9.491e+10 -1.489e+11 -5.241e+10 0.06574 467580 467580 676775 2362 67 467558 467633 12.3869 228790000000 247860000000 200190000000 181130000000 0 24.1559 4.48 0.06402 0.46542 0.20102 23.0949 24.0067 -22.3246 0.19926 0.02051 24.0355 20.785 -19.5097 0.4077 270700000000 85800000000
 0.7800   491357 0.7900   499998      1       -1       -1       -1  0 3.36800e+11 2.00200e+11 130.504000 5.052000 87.740000  1 0.2600 142.490000 5.86174 42.48404 10.28347 -234.230 5.970 86.250 7.912e+10 -4.411e+10 -6.256e+10 0.05783 467581 467581 676775 2385 66 467558 467633 5.05202 200190000000 228790000000 200190000000 152530000000 133460000000 5.63236 0 0.04153 0.32677 0.25546 10.8262 17.0291 11.172 0.34732 0.24589 7.60067 14.7638 9.55849 0.3102 385000000000 85800000000
 0.7700   482670 0.7800   491357      1       -1       -1       -1  0 3.36800e+11 2.09700e+11 133.020000 6.458000 86.580000  1 0.2600 136.050000 5.90268 42.48162 10.26349 -235.560 -6.620 83.070 5.446e+10 -8.213e+10 -1.037e+11 0.06748 467582 467582 676775 2372 65 467558 467633 6.45819 228790000000 247860000000 181130000000 152530000000 133460000000 9.16699 0 0.05017 0.53383 0.29606 10.7065 10.2691 9.50738 0.47039 0.2083 10.0266 5.8044 5.9535 0.3132 341800000000 76260000000
 0.7600   473973 0.7700   482670      1       -1       -1       -1  0 3.36800e+11 2.19300e+11 135.487000 7.043000 81.250000  1 0.2600 136.090000 5.94949 42.48044 10.24810 -239.940 -14.020 77.330 8.296e+10 -1.124e+11 -1.384e+11 0.08376 467583 467583 676775 2375 64 467558 467633 7.04304 247860000000 247860000000 190660000000 152530000000 114400000000 10.6615 0 0.06435 0.85382 0.56187 8.73506 15.9144 5.83165 0.85108 0.78278 -1.08496 -9.10976 11.2299 0.2931 315400000000 76260000000
 0.7500   465250 0.7600   473973      1       -1       -1       -1  0 3.36800e+11 2.28800e+11 137.908000 7.919000 77.910000  1 0.2600 134.940000 5.99991 42.48671 10.23601 -243.680 -26.960 72.190 1.007e+11 -1.329e+11 -7.148e+10 0.06907 467584 467584 676775 2395 63 467558 467633 7.9188 247860000000 266920000000 181130000000 152530000000 114400000000 11.704 0 0.05557 0.63911 0.35218 6.6422 15.6271 13.7487 0.5261 0.38791 2.61871 10.8385 14.3919 0.2877 315300000000 76260000000
 0.7400   456453 0.7500   465250      1       -1       -1       -1  0 3.36800e+11 2.28800e+11 138.390000 8.981000 77.180000  1 0.2600 131.240000 6.05014 42.49237 10.21817 -252.420 -31.300 65.600 1.627e+11 -8.112e+10 -2.027e+11 0.10023 467585 467585 676775 2381 62 467558 467633 8.98117 247860000000 257390000000 228790000000 152530000000 123930000000 9.81483 0 0.08382 0.44523 0.11657 6.5199 17.252 14.3757 0.27695 0.04478 8.8363 18.2229 13.2249 0.2988 302200000000 95330000000
 0.7300   447623 0.7400   456453      1       -1       -1       -1  0 3.36800e+11 2.28800e+11 138.868000 10.909000 73.930000  1 0.2600 125.650000 6.09718 42.49198 10.20990 -258.230 -42.800 59.820 1.681e+11 -7.516e+10 -8.891e+10 0.07509 467586 467586 676775 2373 61 467558 467633 10.9087 257390000000 305060000000 219260000000 142990000000 95330000000 14.6763 0 0.06328 0.75807 0.30245 11.8351 11.8398 14.5949 0.58205 0.21469 13.094 12.9638 15.0903 0.2824 273300000000 114400000000
 0.7200   438762 0.7300   447623      1       -1       -1       -1  0 3.36800e+11 2.28800e+11 139.343000 12.699000 70.670000  1 0.2600 121.900000 6.14888 42.49295 10.19291 -264.660 -46.630 61.430 1.439e+11 -6.353e+10 -1.485e+10 0.05679 467587 467587 676775 2399 60 467558 467633 12.6986 257390000000 295520000000 228790000000 152530000000 95330000000 12.8918 10.15 0.04913 0.53435 0.36443 14.5337 13.8925 14.6218 0.24791 0.10711 15.2133 17.5733 14.02 0.2749 232500000000 104900000000
 0.7100   429839 0.7200   438762      1       -1       -1       -1  0 3.36800e+11 2.47900e+11 143.594000 14.328000 67.150000  1 0.2600 123.290000 6.21671 42.50971 10.17640 -270.930 -62.840 50.840 1.401e+11 -1.055e+11 -7.163e+10 0.05962 467588 467588 676775 2438 59 467558 467633 14.3276 276460000000 276460000000 228790000000 133460000000 85797000000 18.8934 0 0.05183 0.79516 0.49984 16.7071 4.75112 12.5984 0.38242 0.18407 18.1188 0.78582 10.9796 0.2405 242100000000 114400000000
 0.7000   420868 0.7100   429839      1       -1       -1       -1  0 3.36800e+11 2.47900e+11 144.074000 14.752000 67.010000  1 0.2600 123.260000 6.27579 42.52701 10.16060 -280.120 -71.670 48.460 1.345e+11 -1.032e+11 -7.167e+10 0.05963 467589 467589 676775 2450 58 467558 467633 14.7524 247860000000 247860000000 190660000000 133460000000 95330000000 13.0809 2.03 0.05063 0.84592 0.47537 -8.32439 1.45894 20.3256 0.52915 0.09555 4.44793 -2.51865 22.1646 0.2292 238200000000 114400000000
 0.6900   411872 0.7000   420868      1       -1       -1       -1  0 3.36800e+11 2.47900e+11 144.549000 11.475000 70.400000  1 0.2600 131.510000 6.34195 42.54992 10.14536 -283.800 -79.480 47.320 1.284e+11 -9.707e+10 -6.345e+10 0.05766 467590 467590 676775 2447 57 467558 467633 11.4749 247860000000 247860000000 190660000000 123930000000 85797000000 6.99044 4.62 0.04787 0.96505 0.48397 -7.53077 -5.65357 14.4523 0.73802 0.3418 -7.31199 10.6654 7.19978 0.2372 240700000000 95330000000
 0.6800   402860 0.6900   411872      1       -1       -1       -1  0 3.36800e+11 2.66900e+11 148.648000 62.432000 76.550000  1 0.2600 106.660000 6.43404 42.59452 10.19855 -296.980 -87.560 46.410 4.831e+10 -1.699e+11 -1.502e+11 0.04668 467591 467591 676775 2439 56 467558 467633 62.4323 266920000000 305060000000 133460000000 0 0 59.3504 4.75 0.05701 0.34797 0.18884 20.7417 22.3266 67.3646 0 0 0 0 0 0.4259 254500000000 371800000000
 0.6700   393873 0.6800   402860      1       -1       -1       -1  0 3.36800e+11 2.28800e+11 141.657000 9.536000 73.330000  1 0.2600 135.030000 6.48635 42.58526 10.10551 -304.800 -94.340 40.910 3.916e+10 -9.795e+10 -3.286e+10 0.04499 467592 467592 676775 3347 55 467558 467633 9.53643 257390000000 266920000000 190660000000 152530000000 114400000000 19.4379 0 0.03533 0.77083 0.49295 8.29941 1.95714 15.8026 0.49351 0.13202 10.8816 2.17098 11.3153 0.2338 274000000000 104900000000
 0.6600   384926 0.6700   393873      1       -1       -1       -1  0 3.36800e+11 2.57400e+11 147.797000 10.916000 74.330000  1 0.2600 137.960000 6.56304 42.61076 10.09458 -320.460 -103.300 36.330 1.027e+11 -9.727e+10 2.251e+10 0.04631 467593 467593 676775 2436 54 467558 467633 10.9159 305060000000 333650000000 238320000000 152530000000 123930000000 23.3879 4.41 0.03787 0.59407 0.50674 -6.62043 -6.44156 22.5221 0.67479 0.57133 -6.38104 -3.0106 18.3169 0.2366 302100000000 123900000000
 0.6500   375881 0.6600   384926      1       -1       -1       -1  0 3.36800e+11 3.43200e+11 163.182000 51.361000 87.420000  1 0.2600 119.540000 6.67735 42.66035 10.17674 -327.130 -103.650 52.430 -1.231e+11 -1.044e+11 -1.419e+11 0.03084 467594 467594 676775 2478 53 467558 467633 51.3613 514780000000 524310000000 381320000000 0 0 38.6771 6.01 0.03538 0.15202 0.12541 19.0249 7.51063 89.0248 0 0 0 0 0 0.4035 313500000000 400400000000
 0.6400   366800 0.6500   375881      1       -1       -1       -1  0 3.36800e+11 3.05100e+11 157.384000 13.596000 92.320000  1 0.2600 142.250000 6.74177 42.69548 10.08204 -338.890 -113.580 36.230 -1.774e+11 -1.519e+11 3.749e+09 0.05361 467595 467595 676775 2447 52 467558 467633 13.5961 438520000000 448050000000 343190000000 200190000000 85797000000 17.9422 9.9 0.04709 0.87816 0.78047 -0.92875 6.46415 15.5684 0.63564 0.41455 7.91974 8.59391 9.01696 0.3224 290600000000 104900000000
 0.6300   357686 0.6400   366800      1       -1       -1       -1  0 3.36800e+11 3.14600e+11 159.491000 11.848000 94.620000  1 0.2600 150.060000 6.83756 42.72153 10.06558 -349.180 -116.030 41.710 -1.094e+11 -1.885e+11 -3.756e+10 0.04938 467596 467596 676775 1311 51 467558 467633 11.848 438520000000 438520000000 362250000000 257390000000 85797000000 25.7366 2.64 0.04263 0.84357 0.54759 -0.05197 2.24853 18.9279 0.67134 0.27802 -8.17854 0.06809 16.2967 0.3225 325800000000 114400000000
 0.6200   348597 0.6300   357686      1       -1       -1       -1  0 3.36800e+11 2.38300e+11 145.829000 13.372000 75.550000  1 0.2600 130.870000 6.93979 42.75533 10.05464 -369.610 -132.900 17.680 4.977e+10 -7.431e+10 -7.646e+09 0.03416 467597 467597 676775 2427 50 467558 467633 13.3716 428980000000 428980000000 390850000000 266920000000 95330000000 19.1776 1.9 0.02766 0.53608 0.34563 -13.2119 -0.189 27.1571 0.44457 0.31777 -16.7678 -0.21239 25.8371 0.241 285800000000 104900000000
 0.6100   339468 0.6200   348597      1       -1       -1       -1  0 3.36800e+11 3.81300e+11 171.067000 23.271000 104.140000  1 0.2600 141.820000 7.04912 42.79885 10.05180 -359.250 -127.330 56.320 -4.178e+11 1.338e+11 -4.038e+10 0.06683 467598 467598 676775 2416 49 467558 467633 23.2713 638710000000 638710000000 552910000000 238320000000 123930000000 28.6729 6.09 0.06245 0.19283 0.15004 -17.0621 -1.92596 40.0858 0.01665 0 -14.64 -0.90267 35.3586 0.3696 350000000000 219300000000
 0.6000   330325 0.6100   339468      1   330326   330326       -1  0 3.87633e+11 3.90800e+11 172.981000 22.437000 105.530000  1 0.2600 145.280000 7.16513 42.84426 10.05977 -368.230 -140.090 39.850 -2.505e+11 1.924e+11 -4.734e+10 0.04923 467599 467599 676775 3442 48 467558 467633 22.4369 657780000000 657780000000 571980000000 390850000000 114400000000 17.1566 2.19 0.04374 0.81362 0.46198 -14.2179 -13.5464 26.1346 0.64078 0.41325 -14.0974 4.47954 20.2393 0.3434 405900000000 219300000000
 0.5900   321147 0.6000   330325      1   321148   321148   330326  0 3.84467e+11 3.90800e+11 173.475000 19.926000 112.670000  1 0.2600 149.910000 7.29144 42.89522 10.06085 -373.890 -163.380 42.970 -3.317e+11 2.121e+11 9.563e+09 0.06184 467600 467600 676775 1312 47 467558 467633 19.9261 1210700000000 1210700000000 1210700000000 371790000000 104860000000 15.102 2.83 0.05432 0.62352 0.51548 6.43535 18.2038 -0.39722 0.57276 0.41539 0.27347 13.5893 7.22485 0.37 420100000000 190700000000
 0.5800   311903 0.5900   321147      1   311904   311904   321148  0 3.68600e+11 3.71800e+11 171.086000 11.216000 110.870000  1 0.2600 169.510000 7.42345 42.96111 10.06688 -377.910 -202.680 46.980 -1.301e+11 8.741e+10 -1.738e+11 0.04113 467601 467601 676775 2485 46 467558 467633 11.216 1897100000000 1897100000000 1897100000000 1897100000000 190660000000 22.1944 4.56 0.03533 0.73121 0.36034 13.9616 14.6737 6.99411 0.61982 0.38572 -3.48366 17.524 -3.47553 0.3612 384800000000 123900000000
 0.5700   302679 0.5800   311903      1   302680   302680   311904  0 3.46367e+11 3.43200e+11 167.041000 15.095000 94.180000  1 0.2600 153.550000 7.55294 43.04122 10.04702 -330.670 -246.400 45.470 -7.395e+10 1.291e+11 -1.671e+11 0.04653 467602 467602 676775 2451 45 467558 467633 15.0946 1687300000000 1687300000000 1687300000000 1668300000000 152530000000 15.5233 15.75 0.03888 0.86276 0.76132 16.89 15.0952 5.20785 0.67306 0.25475 16.8062 -10.5623 1.02786 0.2914 343900000000 152500000000
 0.5600   293423 0.5700   302679      1   293424   293424   302680  0 3.30467e+11 3.24100e+11 164.332000 22.279000 76.360000  1 0.2600 139.320000 7.67271 43.13438 10.03342 -286.590 -237.320 61.300 3.493e+10 -5.196e+09 -3.480e+10 0.01159 467603 467603 676775 2503 44 467558 467633 22.2788 562450000000 562450000000 495720000000 324120000000 66731000000 20.511 1.21 0.00955 0.80607 0.59809 21.3205 8.22946 -12.9973 0.34764 0.19012 18.9279 -14.8897 -14.6799 0.2057 328900000000 209700000000
 0.5500   284172 0.5600   293423      1   284173   284173   293424  0 3.24100e+11 3.24100e+11 164.767000 20.261000 71.310000  1 0.2600 143.080000 7.77000 43.21907 10.00870 -259.340 -218.620 69.050 1.180e+11 -6.984e+09 -7.855e+10 0.03389 467604 467604 676775 2433 43 467558 467633 20.2613 371790000000 381320000000 305060000000 266920000000 76264000000 11.7459 0 0.02754 0.9778 0.72627 -17.4806 -11.1005 16.0129 0.57022 0.16555 16.789 -3.41628 -10.0793 0.1783 344800000000 171600000000
 0.5400   274947 0.5500   284172      1       -1       -1   284173  0 3.87667e+11 3.24100e+11 165.195000 22.625000 71.740000  1 0.2600 141.230000 7.86333 43.30094 9.98013 -237.450 -207.180 66.890 5.219e+10 -6.253e+10 -4.071e+10 0.02249 467605 467605 676775 2474 42 467558 467633 22.6249 333650000000 333650000000 295520000000 228790000000 95330000000 8.94937 2.76 0.01781 0.8114 0.50885 8.2341 13.9981 -10.3762 0.39026 0.20733 10.363 12.7994 -7.46726 0.1712 297800000000 209700000000
 0.5300   265704 0.5400   274947      1       -1       -1       -1  0 3.87667e+11 2.95500e+11 160.594000 17.887000 70.360000  1 0.2600 143.870000 7.96596 43.39450 9.96666 -219.750 -196.850 66.730 1.220e+11 -7.347e+10 -2.899e+10 0.04265 467606 467606 676775 2479 41 467558 467633 17.8869 295520000000 295520000000 285990000000 219260000000 104860000000 17.216 0 0.03343 0.66502 0.48849 4.38201 -0.18053 25.0398 0.58002 0.35265 -7.88125 -1.61622 19.6709 0.168 280600000000 143000000000
 0.5200   256472 0.5300   265704      1       -1       -1       -1  0 3.87667e+11 2.86000e+11 159.243000 17.320000 67.380000  1 0.2600 144.210000 8.04815 43.47388 9.93753 -209.750 -187.110 65.670 1.212e+11 -7.414e+10 -2.587e+10 0.04491 467607 467607 676775 7873 40 467558 467633 17.3201 285990000000 285990000000 257390000000 228790000000 95330000000 17.1808 2.71 0.03537 0.79987 0.58262 -0.8894 -1.16788 27.2189 0.82868 0.34431 -7.59456 -7.71315 18.9715 0.1589 292600000000 171600000000
 0.5100   247204 0.5200   256472      1       -1       -1       -1  0 3.87667e+11 2.57400e+11 154.121000 12.750000 67.680000  1 0.2600 149.450000 8.13714 43.55704 9.90047 -198.260 -178.970 67.320 5.728e+10 -1.966e+10 -5.541e+07 0.02323 467608 467608 676775 1763 39 467558 467633 12.7497 257390000000 257390000000 257390000000 209730000000 114400000000 11.4729 0 0.01783 0.87517 0.59911 2.54794 26.5904 2.01334 0.85252 0.59315 -9.63249 17.6749 9.78648 0.1593 301700000000 114400000000
 0.5000   238033 0.5100   247204      1       -1       -1       -1  0 3.87667e+11 3.24100e+11 166.826000 45.269000 66.400000  1 0.2600 132.560000 8.21973 43.60107 9.83119 -187.160 -174.720 63.750 1.887e+10 -8.500e+10 -8.126e+09 0.01967 467609 467609 676775 8263 38 467558 467633 45.2687 324120000000 324120000000 266920000000 181130000000 0 12.5331 0 0.01769 0.21832 0.05263 11.7426 46.5295 35.0731 0.13245 0.00257 18.0713 43.904 23.2142 0.1744 287100000000 333700000000
 0.4900   228854 0.5000   238033      1       -1       -1       -1  0 3.87667e+11 2.76500e+11 158.577000 26.953000 60.910000  1 0.2600 134.610000 8.30772 43.69595 9.85726 -183.640 -166.070 66.110 7.763e+10 -5.597e+10 2.751e+10 0.03085 467610 467610 676775 1752 37 467558 467633 26.953 276460000000 276460000000 266920000000 171590000000 38132000000 17.4381 0 0.0265 0.2983 0.12157 -0.46035 30.3563 -14.1211 0.17759 0.02467 2.10723 25.5268 -10.0971 0.155 248500000000 209700000000
 0.4800   219706 0.4900   228854      1       -1       -1       -1  0 3.87667e+11 2.95500e+11 162.508000 49.711000 55.300000  1 0.2600 129.610000 8.38895 43.76380 9.82314 -176.620 -162.310 66.200 6.321e+10 -5.880e+10 1.380e+10 0.02345 467611 467611 676775 2886 36 467558 467633 49.7114 295520000000 295520000000 257390000000 123930000000 0 20.5224 1.25 0.02101 0.10757 0.05572 1.94259 72.2987 -16.4699 0.38898 0.01481 -9.19274 25.9484 4.59037 0.1362 249600000000 324100000000
 0.4700   210563 0.4800   219706      1       -1       -1       -1  0 3.87667e+11 3.14600e+11 166.294000 49.647000 54.360000  1 0.2600 133.840000 8.48701 43.84679 9.76982 -167.150 -158.230 60.500 3.047e+10 -1.223e+11 3.988e+10 0.03224 467612 467612 676775 1745 35 467558 467633 49.6466 314590000000 314590000000 285990000000 114400000000 0 18.1243 0 0.02889 0.76091 0.41543 -1.78919 36.1285 -11.5402 0.92374 0.42453 20.9373 -14.7413 -17.0031 0.1246 272300000000 324100000000
 0.4600   201458 0.4700   210563      1       -1       -1       -1  0 3.87667e+11 3.24100e+11 168.315000 53.452000 52.240000  1 0.2600 135.890000 8.56713 43.92474 9.74891 -162.030 -156.640 57.260 4.123e+09 -1.097e+11 3.973e+10 0.02674 467613 467613 676775 2843 34 467558 467633 53.4518 324120000000 324120000000 257390000000 104860000000 28599000000 28.9003 2.11 0.02451 0.76417 0.21095 -3.91424 -16.6156 34.6671 0.14661 0.02067 27.7283 -23.2972 7.07073 0.1175 272000000000 324100000000
 0.4500   192428 0.4600   201458      1       -1       -1       -1  0 3.87667e+11 2.95500e+11 163.550000 61.066000 51.860000  1 0.2600 131.960000 8.65645 44.00472 9.71738 -156.220 -151.370 61.290 -2.134e+10 -1.227e+11 3.640e+10 0.03484 467614 467614 676775 2800 33 467558 467633 61.0659 295520000000 295520000000 257390000000 85797000000 19066000000 25.7989 5.15 0.03211 0.39349 0.29054 5.14189 -18.3278 23.5585 0.5783 0.04097 8.13512 -6.88736 9.75021 0.1177 257700000000 343200000000
 0.4400   183387 0.4500   192428      1       -1       -1       -1  0 3.87667e+11 2.57400e+11 156.503000 32.895000 53.730000  1 0.2600 133.770000 8.74593 44.10482 9.67137 -150.370 -147.500 56.580 -6.551e+10 -7.110e+10 4.249e+10 0.03762 467615 467615 676775 2780 32 467558 467633 32.895 257390000000 257390000000 247860000000 85797000000 19066000000 15.0662 0 0.03323 0.39268 0.15111 5.41399 36.4075 -27.4184 0.59693 0.4987 -0.35915 36.0812 -23.1223 0.1203 231800000000 228800000000
 0.4300   174377 0.4400   183387      1       -1       -1       -1  0 3.87667e+11 2.57400e+11 156.807000 45.280000 51.890000  1 0.2600 130.680000 8.81152 44.16541 9.61512 -141.520 -142.100 53.690 -5.964e+10 -3.811e+10 2.772e+09 0.02493 467616 467616 676775 2728 31 467558 467633 45.2796 257390000000 257390000000 238320000000 133460000000 28599000000 33.016 0 0.02252 0.90979 0.25814 -7.81818 -22.3371 25.0263 0.08311 0.0437 6.35331 11.9556 26.8313 0.1187 241500000000 286000000000
 0.4200   165426 0.4300   174377      1       -1       -1       -1  0 3.87667e+11 2.38300e+11 153.123000 20.354000 49.750000  1 0.2600 143.440000 8.91177 44.27591 9.59977 -137.490 -138.450 55.860 -7.985e+10 -5.396e+09 2.264e+10 0.03565 467617 467617 676775 2733 30 467558 467633 20.3544 238320000000 238320000000 228790000000 190660000000 0 10.6773 3.31 0.03039 0.87152 0.49142 19.5277 23.3138 29.7059 0.58582 0.31049 -12.6715 -19.6664 30.3 0.1004 252300000000 123900000000
 0.4100   156564 0.4200   165426      1       -1       -1       -1  0 3.87667e+11 2.38300e+11 153.401000 21.086000 54.250000  1 0.2600 144.130000 9.00532 44.38416 9.56245 -133.230 -134.650 52.330 -5.967e+10 -5.842e+09 -3.272e+09 0.02606 467618 467618 676775 2665 29 467558 467633 21.0863 238320000000 238320000000 228790000000 152530000000 0 10.1537 0 0.02219 0.5696 0.44149 17.7091 27.3938 47.9996 0.45199 0.12288 -0.01524 48.7268 31.3467 0.1139 255800000000 152500000000
 0.4000   147800 0.4100   156564      1       -1       -1       -1  0 3.87667e+11 2.38300e+11 153.670000 58.955000 51.440000  1 0.2600 129.550000 9.07928 44.46544 9.45603 -131.560 -135.120 50.210 9.288e+09 2.728e+10 -4.214e+09 0.01185 467619 467619 676775 2670 28 467558 467633 58.9552 238320000000 219260000000 209730000000 104860000000 0 30.1692 2.34 0.01089 0.3381 0.01529 39.3906 -26.2601 50.1557 0.4533 0.02898 -10.5695 30.9762 -28.2809 0.1123 253600000000 390900000000
 0.3900   139139 0.4000   147800      1       -1       -1       -1  0 3.87667e+11 3.14600e+11 168.854000 58.204000 55.500000  1 0.2600 144.460000 9.16860 44.54674 9.45668 -119.800 -129.610 48.300 -3.476e+10 7.043e+10 3.010e+10 0.02279 467620 467620 676775 2612 27 467558 467633 58.204 314590000000 266920000000 257390000000 133460000000 28599000000 10.9012 0 0.02003 0.78285 0.69113 15.9986 8.44658 36.4299 0.61052 0.33942 24.1472 -13.2268 -11.603 0.0951 282900000000 409900000000
 0.3800   130674 0.3900   139139      1       -1       -1       -1  0 3.87667e+11 3.62300e+11 177.271000 39.597000 57.710000  1 0.2600 159.230000 9.26157 44.63993 9.46307 -109.950 -123.900 49.910 -7.421e+10 -7.895e+09 3.572e+10 0.01823 467621 467621 676775 501 26 467558 467633 39.5973 362250000000 362250000000 362250000000 142990000000 19066000000 12.7005 2.52 0.01576 0.45033 0.30859 14.5063 -13.2524 53.7946 0.3998 0.15755 -9.06971 26.1908 10.6336 0.09 319600000000 343200000000
 0.3700   122189 0.3800   130674      1       -1       -1       -1  0 3.87667e+11 3.71800e+11 179.090000 32.323000 64.340000  1 0.2600 167.460000 9.34942 44.72927 9.43467 -106.180 -118.260 44.220 -8.629e+10 1.970e+10 5.542e+10 0.02296 467622 467622 676775 2528 25 467558 467633 32.3229 371790000000 371790000000 371790000000 200190000000 9533000000 18.2877 0 0.01929 0.11502 0.06881 25.6504 -21.7453 77.8369 0.38537 0.01514 7.00112 0.79298 34.5688 0.1036 348700000000 295500000000
 0.3600   113768 0.3700   122189      1       -1       -1       -1  0 3.87667e+11 4.00400e+11 183.842000 37.984000 67.350000  1 0.2600 170.570000 9.42776 44.83065 9.37973 -101.210 -112.330 44.920 -8.225e+10 5.593e+10 6.910e+10 0.02439 467623 467623 676775 2439 24 467558 467633 37.9839 400390000000 390850000000 390850000000 266920000000 28599000000 17.7925 1.74 0.02004 0.27742 0.24663 4.52543 -2.41794 40.2 0.22914 0.10197 0.08436 -3.61389 30.122 0.1036 351500000000 362300000000
 0.3500   105495 0.3600   113768      1       -1       -1       -1  0 3.84500e+11 3.90800e+11 182.631000 28.121000 62.780000  1 0.2600 179.390000 9.51356 44.90323 9.34612 -96.200 -107.410 43.370 -5.716e+10 6.090e+10 6.641e+10 0.02245 467624 467624 676775 2434 23 467558 467633 28.1211 390850000000 390850000000 381320000000 305060000000 28599000000 7.72996 0 0.01862 0.70695 0.25055 11.6912 -22.8517 47.2833 0.44037 0.22879 15.1594 12.4456 41.959 0.0955 372600000000 276500000000
 0.3400    97406 0.3500   105495      1       -1       -1       -1  0 3.65433e+11 3.62300e+11 178.305000 32.449000 60.750000  1 0.2600 172.600000 9.59363 45.00275 9.32542 -93.170 -102.760 40.340 -6.521e+10 6.824e+10 2.314e+10 0.02344 467625 467625 676775 2335 22 467558 467633 32.4491 362250000000 352720000000 343190000000 238320000000 9533000000 7.69223 0 0.01952 0.5027 0.04798 -3.35001 -29.5083 30.7871 0.35666 0.01307 7.53492 -4.17052 30.4812 0.0949 327100000000 295500000000
 0.3300    89566 0.3400    97406      1       -1       -1       -1  0 3.30500e+11 3.43200e+11 175.346000 46.877000 59.110000  1 0.2600 164.000000 9.66689 45.05836 9.25101 -88.860 -97.950 41.170 -2.436e+10 6.650e+10 3.933e+10 0.02000 467626 467626 676775 2289 21 467558 467633 46.8767 343190000000 333650000000 324120000000 95330000000 0 25.2173 1.7 0.01806 0.90281 0.3342 24.7574 16.9033 49.1178 0.16592 0.00629 -0.11694 -42.0279 48.6247 0.1094 284300000000 352700000000
 0.3200    81853 0.3300    89566      1       -1       -1       -1  0 2.82833e+11 2.86000e+11 165.210000 48.745000 51.600000  1 0.2600 155.300000 9.76047 45.16681 9.25354 -85.870 -97.560 37.810 -2.616e+10 2.938e+10 2.167e+10 0.01508 467627 467627 676775 2137 20 467558 467633 48.7449 285990000000 285990000000 266920000000 152530000000 0 30.0739 0 0.01377 0.0669 0.01527 33.3657 60.2951 29.1275 0.10009 0.01908 30.3927 51.1298 23.2953 0.0975 241900000000 305100000000
 0.3100    74394 0.3200    81853      1       -1       -1       -1  0 2.19267e+11 2.19300e+11 151.382000 45.325000 46.280000  1 0.2600 144.160000 9.85357 45.24487 9.19931 -78.300 -86.380 35.170 -2.204e+10 2.172e+10 1.120e+10 0.01624 467628 467628 676775 2127 19 467558 467633 45.3245 219260000000 219260000000 209730000000 0 0 28.0698 0 0.01595 0.73454 0.54379 -5.11978 25.8469 63.3869 0 0 0 0 0 0.1067 215300000000 247900000000
 0.3000    67165 0.3100    74394      1       -1       -1       -1  0 1.68400e+11 1.52500e+11 134.281000 44.684000 36.130000  1 0.2600 128.860000 9.94127 45.33977 9.17723 -77.610 -72.380 25.010 -1.327e+09 3.581e+09 -2.626e+09 0.00402 467629 467629 676775 2005 18 467558 467633 44.6835 152530000000 133460000000 95330000000 0 0 33.886 4.18 0.00418 0.27611 0.01668 -42.0713 6.35836 75.2784 0 0 0 0 0 0.0865 164500000000 219300000000
 0.2900    60188 0.3000    67165      1       -1       -1       -1  1 1.33433e+11 1.33400e+11 128.546000 39.671000 37.020000  1 0.2600 125.740000 9.96681 45.36359 9.16900 -77.610 -72.380 25.010 7.122e+09 5.046e+09 -3.324e+09 0.01393 467630 467630 676775 6415 17 467558 467633 40.2942 133465000000 123930000000 90563500000 0 0 37.2162 5.29 0.015155 0.236475 0.06489 -24.4914 5.85257 76.9992 0 0 0 0 0 0.0985 133950000000 176400000000
 0.2800    53528 0.2900    60188      1       -1       -1       -1  0 1.04843e+11 1.14400e+11 122.248000 34.658000 37.860000  1 0.2600 122.460000 10.11806 45.50586 9.14549 -75.330 -66.780 20.750 1.557e+10 6.511e+09 -4.023e+09 0.02385 467631 467631 676775 2066 16 467558 467633 34.6578 114400000000 114400000000 85797000000 0 0 40.5465 6.4 0.02613 0.19684 0.1131 -6.91154 5.34678 78.72 0 0 0 0 0 0.1105 103400000000 133500000000
 0.2700    47190 0.2800    53528      1       -1       -1       -1  0 7.30867e+10 6.67300e+10 102.238000 21.517000 35.350000  1 0.2600 107.560000 10.19824 45.57407 9.13196 -58.070 -65.440 20.220 2.631e+09 -8.610e+09 2.542e+09 0.02999 467632 467632 676775 473 15 467558 467633 21.5174 66731000000 66731000000 66731000000 0 0 48.5021 0 0.03522 0.02395 0 -7.25132 22.7077 51.0957 0 0 0 0 0 0.1287 95360000000 57200000000
 0.2600    41198 0.2700    47190      0       -1       -1       -1  0 3.81300e+10 3.81300e+10 84.912000 19.319000 27.410000  1 0.2600 90.040000 10.29182 45.65808 9.09074 -64.440 -63.000 23.050 3.671e+09 6.285e+08 1.461e+09 0.02223 467633 467633 676775 1198 14 467558 467633 19.3194 38132000000 38132000000 38132000000 0 0 17.1635 17.19 0.03898 0.55826 0.03288 5.51312 15.793 53.5958 0 0 0 0 0 0.2621 84410000000 28600000000
