 1.0000   681321 0.0000       -1      1       -1       -1       -1  0 1.43000e+11 1.43000e+11 106.982000 12.712000 74.220000  1 0.9000 88.080000 45.63736 38.13337 1.79742 195.760 -368.250 -95.400 -8.853e+10 -2.418e+10 -1.401e+11 0.08867 538077 538077 681321 6836 88 538076 538087 12.7115 152530000000 162060000000 123930000000 95330000000 0 18.9533 0 0.10211 0.28066 0.05708 -18.5708 -9.6642 19.8664 0.24915 0 -17.22 -5.99763 18.5797 0.5475 167400000000 85800000000
 0.9900   673206 1.0000   681321      1       -1       -1       -1  0 1.39833e+11 1.43000e+11 107.432000 12.467000 71.370000  1 0.9000 88.760000 45.61703 38.17063 1.80857 193.630 -365.540 -95.050 -8.777e+10 -2.487e+10 -1.392e+11 0.09191 538078 538078 681321 6834 87 538076 538087 12.4672 152530000000 162060000000 114400000000 95330000000 0 18.7055 0 0.10174 0.34181 0.15768 28.6231 29.1505 -15.0361 0.58721 0.01094 -13.545 -12.5231 19.4945 0.5073 174900000000 85800000000
 0.9800   664767 0.9900   673206      1       -1       -1       -1  0 1.33467e+11 1.33500e+11 105.430000 10.504000 70.620000  1 0.9000 89.900000 45.59642 38.20852 1.81987 193.720 -361.280 -96.030 -7.169e+10 -2.266e+10 -1.127e+11 0.08491 538079 538079 681321 6841 86 538076 538087 10.5043 133460000000 162060000000 114400000000 104860000000 0 18.6044 0 0.09321 0.34485 0.18244 28.0146 31.3181 -14.8191 0.63916 0.43838 17.2443 15.3268 -15.0038 0.505 177700000000 76260000000
 0.9700   656373 0.9800   664767      1       -1       -1       -1  0 1.23933e+11 1.23900e+11 103.286000 11.353000 70.340000  1 0.9000 86.110000 45.56343 38.25758 1.84911 189.650 -352.350 -95.380 -5.503e+10 -1.650e+10 -4.915e+10 0.04784 538080 538080 681321 5898 85 538076 538087 11.353 123930000000 171590000000 114400000000 76264000000 0 35.4202 0 0.05903 0.20398 0.13363 15.0498 40.0251 1.65057 0.45292 0.21375 12.578 17.4215 -9.17423 0.5661 166100000000 47660000000
 0.9600   648030 0.9700   656373      1       -1       -1       -1  0 1.17567e+11 1.14400e+11 100.983000 5.352000 72.880000  1 0.9000 100.760000 45.53648 38.26199 1.85646 189.280 -345.580 -99.940 -4.279e+10 5.949e+09 -2.773e+10 0.05170 538081 538081 681321 6918 84 538076 538087 5.35206 114400000000 152530000000 114400000000 114400000000 19066000000 11.6216 0 0.04594 0.70279 0.30075 -3.71113 -2.57207 16.2757 0.81805 0.27922 -6.42993 3.5248 11.8277 0.4278 211800000000 19070000000
 0.9500   639697 0.9600   648030      1       -1       -1       -1  0 1.14400e+11 1.14400e+11 101.400000 9.797000 76.970000  1 0.9000 86.800000 45.51966 38.33649 1.87308 185.390 -342.670 -98.620 -4.228e+10 7.695e+09 -2.727e+10 0.03090 538082 538082 681321 6927 83 538076 538087 9.79694 114400000000 162060000000 114400000000 76264000000 0 37.3043 0 0.04569 0.39575 0.01126 8.03701 38.2161 16.4065 0.59755 0 10.2979 27.2294 16.1645 0.6978 160500000000 28600000000
 0.9400   631380 0.9500   639697      1       -1       -1       -1  0 1.14400e+11 1.14400e+11 101.815000 9.701000 78.880000  1 0.9000 87.350000 45.49732 38.37695 1.88531 181.590 -339.920 -97.110 -4.210e+10 9.087e+09 -2.710e+10 0.02951 538083 538083 681321 6928 82 538076 538087 9.70122 114400000000 162060000000 114400000000 76264000000 0 38.4272 0 0.04583 0.57629 0.3201 3.50824 35.804 20.0561 0.52984 0.05028 10.6588 24.3983 22.9344 0.7275 160900000000 28600000000
 0.9300   623046 0.9400   631380      1       -1       -1       -1  0 1.14400e+11 1.14400e+11 102.230000 9.923000 80.260000  1 0.9000 87.280000 45.47468 38.41807 1.89770 178.060 -337.220 -95.440 -4.193e+10 9.430e+09 -2.695e+10 0.02697 538084 538084 681321 6966 81 538076 538087 9.92262 114400000000 152530000000 114400000000 76264000000 0 39.542 0 0.04584 0.05721 0.00105 -4.77342 40.3067 16.1741 0.22026 0.19822 8.12012 32.3916 17.761 0.7677 158900000000 19070000000
 0.9200   614699 0.9300   623046      1       -1       -1       -1  0 1.14400e+11 1.14400e+11 102.644000 9.177000 80.510000  1 0.9000 89.240000 45.45173 38.45987 1.91025 174.730 -334.490 -93.730 -4.156e+10 9.323e+09 -2.655e+10 0.02522 538085 538085 681321 6973 80 538076 538087 9.17674 114400000000 152530000000 104860000000 66731000000 0 40.663 0 0.04551 0.16964 0.00218 -6.64732 36.8266 19.1537 0.32396 0.02148 -2.41051 30.8777 16.7341 0.7891 164300000000 19070000000
 0.9100   606325 0.9200   614699      1       -1       -1       -1  0 1.14400e+11 1.14400e+11 103.057000 9.449000 78.220000  1 0.9000 89.030000 45.42847 38.50237 1.92296 168.090 -333.080 -80.620 1.281e+09 2.297e+08 -1.436e+10 0.00738 538086 538086 681321 7001 79 538076 538087 9.44909 114400000000 142990000000 104860000000 9533000000 0 41.811 11.94 0.01312 0.12467 0.00775 3.35092 45.4391 26.3519 0 0 0 0 0 0.7773 161800000000 19070000000
 0.9000   597945 0.9100   606325      0       -1       -1       -1  0 1.14400e+11 1.14400e+11 103.468000 10.815000 74.040000  1 0.9000 86.750000 45.40490 38.54556 1.93584 168.320 -328.980 -90.210 -4.030e+10 9.129e+09 -2.524e+10 0.02784 538087 538087 681321 6995 78 538076 538087 10.8153 114400000000 142990000000 104860000000 0 0 42.9915 0 0.04422 0.35859 0.13005 -0.2317 42.8115 23.1675 0 0 0 0 0 0.7104 151900000000 19070000000
